0,148,253,61,1,180,255,142,9,232,246,42,8,29,239,206,0,112,190,0,170,0,221,0,220,0,89,0,38,0,19,0,13,0,11,
0,137,253,79,1,180,255,142,9,232,246,42,8,168,237,206,0,112,190,0,170,0,221,0,220,0,88,0,38,0,18,0,13,0,11,
0,137,253,79,1,180,255,142,9,232,246,42,8,139,237,138,1,13,192,0,170,0,220,0,219,0,89,0,38,0,18,0,13,0,11,
0,169,253,74,1,171,255,142,9,232,246,42,8,68,238,74,1,151,193,0,171,0,220,0,219,0,88,0,37,0,17,0,12,0,10,
0,159,253,97,1,153,255,142,9,232,246,42,8,217,238,204,0,91,190,0,171,0,220,0,219,0,87,0,37,0,17,0,12,0,11,
0,158,253,119,1,125,255,155,9,212,246,66,9,217,238,204,0,219,189,0,172,0,220,0,218,0,88,0,38,0,18,0,13,0,11,
0,158,253,119,1,125,255,155,9,212,246,66,9,90,238,2,1,219,189,0,172,0,220,0,218,0,87,0,37,0,18,0,13,0,11,
0,185,253,111,1,132,255,155,9,212,246,66,9,85,237,132,1,23,192,0,173,0,220,0,218,0,87,0,36,0,17,0,12,0,10,
0,174,253,92,1,147,255,155,9,212,246,66,9,167,238,90,1,36,193,0,174,0,219,0,217,0,88,0,37,0,18,0,13,0,11,
0,187,253,69,1,134,255,155,9,212,246,66,9,167,238,14,1,235,190,0,174,0,219,0,217,0,87,0,36,0,17,0,12,0,11,
0,187,253,69,1,134,255,155,9,212,246,66,9,115,239,14,1,235,190,0,174,0,219,0,217,0,87,0,37,0,18,0,13,0,11,
0,149,253,40,1,141,255,155,9,212,246,66,9,224,237,22,1,197,188,0,175,0,219,0,217,0,87,0,37,0,18,0,13,0,11,
0,115,253,32,1,139,255,155,9,212,246,66,9,255,237,230,1,24,194,0,176,0,219,0,216,0,87,0,37,0,18,0,13,0,12,
0,115,253,32,1,132,255,155,9,212,246,66,9,186,239,152,0,117,189,0,177,0,219,0,217,0,86,0,31,0,16,0,13,0,11,
0,119,253,35,1,132,255,155,9,212,246,66,9,186,239,152,0,237,191,0,177,0,218,0,216,0,87,0,33,0,17,0,13,0,12,
0,104,253,4,1,120,255,52,9,1,247,191,8,172,237,237,1,237,191,0,177,0,219,0,216,0,87,0,34,0,17,0,13,0,11,
0,101,253,36,1,121,255,52,9,1,247,191,8,141,238,178,1,181,192,0,178,0,219,0,216,0,86,0,34,0,16,0,13,0,11,
0,101,253,36,1,121,255,52,9,1,247,191,8,59,239,97,1,106,190,0,179,0,218,0,216,0,87,0,36,0,17,0,13,0,11,
0,110,253,81,1,135,255,52,9,1,247,191,8,98,238,132,1,132,190,0,180,0,219,0,216,0,86,0,35,0,16,0,12,0,11,
0,155,253,73,1,124,255,52,9,1,247,191,8,98,238,132,1,132,190,0,180,0,218,0,216,0,87,0,36,0,18,0,13,0,11,
0,133,253,51,1,111,255,52,9,1,247,191,8,21,239,226,1,51,192,0,181,0,218,0,216,0,86,0,36,0,17,0,13,0,11,
0,133,253,51,1,111,255,52,9,1,247,191,8,81,239,161,1,233,192,0,182,0,218,0,216,0,86,0,36,0,17,0,13,0,11,
0,103,253,59,1,91,255,52,9,1,247,191,8,147,239,92,1,73,191,0,183,0,219,0,216,0,86,0,36,0,16,0,12,0,11,
0,139,253,57,1,59,255,52,9,1,247,191,8,147,239,122,1,108,190,0,183,0,218,0,216,0,87,0,36,0,18,0,13,0,11,
0,148,253,35,1,61,255,52,9,1,247,191,8,195,238,122,1,108,190,0,185,0,219,0,217,0,86,0,36,0,16,0,12,0,10,
0,148,253,35,1,61,255,99,9,217,246,28,9,79,239,194,1,6,192,0,185,0,218,0,216,0,87,0,36,0,18,0,13,0,11,
0,156,253,236,0,83,255,99,9,217,246,28,9,214,238,98,1,191,191,0,187,0,218,0,217,0,86,0,36,0,17,0,13,0,11,
0,184,253,248,0,82,255,99,9,217,246,28,9,232,239,121,1,38,191,0,188,0,219,0,217,0,86,0,36,0,18,0,13,0,11,
0,184,253,248,0,26,255,99,9,217,246,28,9,232,239,121,1,38,190,0,188,0,218,0,216,0,87,0,37,0,18,0,13,0,11,
0,170,253,23,1,26,255,99,9,217,246,28,9,24,239,144,1,44,190,0,190,0,219,0,217,0,86,0,36,0,17,0,12,0,11,
0,159,253,0,1,17,255,99,9,217,246,28,9,207,239,232,1,13,193,0,190,0,218,0,217,0,87,0,37,0,18,0,13,0,11,
0,160,253,243,0,40,255,99,9,217,246,28,9,162,239,123,1,99,191,0,191,0,218,0,217,0,87,0,36,0,17,0,13,0,11,
0,160,253,243,0,40,255,99,9,217,246,28,9,162,239,194,1,211,191,0,191,0,218,0,217,0,87,0,37,0,18,0,13,0,11,
0,165,253,207,0,42,255,99,9,217,246,28,9,173,239,194,1,211,191,0,192,0,218,0,219,0,86,0,36,0,17,0,12,0,11,
0,166,253,175,0,82,255,99,9,217,246,28,9,109,239,111,1,61,190,0,192,0,218,0,219,0,87,0,40,0,17,0,12,0,11,
0,155,253,157,0,74,255,99,9,217,246,28,9,149,239,14,2,73,192,0,192,0,217,0,219,0,88,0,40,0,19,0,13,0,11,
0,155,253,157,0,74,255,148,9,209,246,69,9,75,239,18,2,223,193,0,192,0,218,0,219,0,88,0,40,0,19,0,13,0,11,
0,169,253,159,0,48,255,148,9,209,246,69,9,75,239,18,2,214,192,0,192,0,218,0,219,0,87,0,39,0,19,0,13,0,11,
0,168,253,147,0,66,255,148,9,209,246,69,9,38,240,209,1,214,192,0,192,0,217,0,219,0,88,0,39,0,19,0,13,0,11,
0,195,253,147,0,92,255,148,9,209,246,69,9,173,240,93,1,250,190,0,193,0,218,0,220,0,87,0,38,0,17,0,12,0,11,
0,195,253,150,0,92,255,148,9,209,246,69,9,169,239,34,2,198,190,0,192,0,217,0,220,0,88,0,38,0,19,0,13,0,11,
0,185,253,166,0,93,255,148,9,209,246,69,9,224,238,55,2,179,192,0,193,0,218,0,220,0,88,0,38,0,18,0,13,0,11,
0,182,253,180,0,90,255,148,9,209,246,69,9,224,238,55,2,179,192,0,193,0,217,0,220,0,88,0,38,0,18,0,13,0,11,
0,182,253,180,0,55,255,148,9,209,246,69,9,28,240,45,2,165,194,0,194,0,218,0,221,0,88,0,37,0,18,0,13,0,11,
0,205,253,152,0,55,255,148,9,209,246,69,9,224,240,1,2,229,192,0,194,0,218,0,221,0,87,0,37,0,17,0,12,0,10,
0,210,253,152,0,46,255,148,9,209,246,69,9,243,239,152,1,218,189,0,194,0,217,0,221,0,89,0,38,0,18,0,13,0,11,
0,200,253,141,0,49,255,100,9,35,247,102,8,243,239,152,1,118,192,0,194,0,217,0,221,0,89,0,38,0,19,0,13,0,11,
0,200,253,141,0,49,255,100,9,35,247,102,8,100,239,252,1,118,192,0,194,0,217,0,221,0,89,0,38,0,18,0,13,0,11,
0,145,253,134,0,46,255,100,9,35,247,102,8,41,239,143,2,128,194,0,196,0,218,0,221,0,88,0,37,0,17,0,12,0,11,
0,124,253,145,0,51,255,100,9,35,247,102,8,149,240,249,1,202,193,0,195,0,217,0,221,0,89,0,38,0,19,0,13,0,12,
0,167,253,149,0,49,255,100,9,35,247,102,8,95,240,146,1,48,191,0,195,0,217,0,221,0,89,0,38,0,18,0,13,0,11,
0,167,253,149,0,49,255,100,9,35,247,102,8,95,240,146,1,48,191,0,195,0,217,0,221,0,89,0,38,0,19,0,13,0,12,
0,226,253,151,0,34,255,100,9,35,247,102,8,204,239,14,2,73,190,0,196,0,217,0,221,0,89,0,38,0,18,0,13,0,11,
0,240,253,115,0,22,255,100,9,35,247,102,8,220,238,104,2,55,192,0,196,0,218,0,221,0,88,0,37,0,17,0,12,0,11,
0,215,253,115,0,32,255,100,9,35,247,102,8,244,239,105,2,72,194,0,196,0,218,0,222,0,88,0,37,0,17,0,12,0,11,
0,215,253,114,0,32,255,100,9,35,247,102,8,244,239,85,1,33,191,0,196,0,217,0,221,0,89,0,38,0,19,0,13,0,12,
0,205,253,112,0,39,255,61,9,177,246,214,8,172,240,85,1,33,191,0,196,0,218,0,221,0,89,0,38,0,18,0,13,0,11,
0,239,253,82,0,43,255,61,9,177,246,214,8,188,239,30,2,79,191,0,196,0,218,0,221,0,89,0,38,0,19,0,13,0,11,
0,239,253,82,0,61,255,61,9,177,246,214,8,89,238,192,2,167,192,0,197,0,219,0,221,0,88,0,37,0,17,0,13,0,11,
0,29,254,92,0,61,255,61,9,177,246,214,8,42,240,74,2,51,194,0,197,0,219,0,221,0,88,0,37,0,17,0,12,0,11,
0,46,254,122,0,41,255,61,9,177,246,214,8,42,240,74,2,134,191,0,197,0,218,0,220,0,89,0,37,0,19,0,13,0,11,
0,19,254,107,0,33,255,61,9,177,246,214,8,120,240,230,1,134,191,0,197,0,219,0,220,0,89,0,38,0,18,0,13,0,11,
0,19,254,107,0,33,255,61,9,177,246,214,8,79,239,194,1,19,190,0,198,0,219,0,221,0,88,0,37,0,17,0,12,0,11,
0,2,254,97,0,49,255,61,9,177,246,214,8,67,239,133,2,151,193,0,198,0,219,0,220,0,89,0,37,0,18,0,13,0,11,
0,247,253,84,0,45,255,61,9,177,246,214,8,67,239,72,2,181,193,0,199,0,220,0,221,0,88,0,37,0,17,0,12,0,11,
0,238,253,91,0,47,255,61,9,177,246,214,8,198,239,72,2,181,193,0,199,0,219,0,220,0,88,0,37,0,18,0,13,0,11,
0,238,253,91,0,47,255,61,9,197,246,2,9,101,240,33,2,59,192,0,200,0,219,0,220,0,89,0,37,0,18,0,13,0,11,
0,241,253,101,0,21,255,61,9,197,246,2,9,89,240,30,2,60,191,0,200,0,219,0,220,0,88,0,38,0,18,0,13,0,11,
0,7,254,131,0,253,254,61,9,197,246,2,9,81,239,138,2,3,192,0,201,0,220,0,220,0,88,0,37,0,17,0,12,0,11,
0,36,254,131,0,11,255,61,9,197,246,2,9,81,239,138,2,197,193,0,201,0,220,0,220,0,88,0,37,0,17,0,12,0,11,
0,36,254,117,0,11,255,61,9,197,246,2,9,134,239,241,2,197,193,0,202,0,220,0,219,0,88,0,37,0,18,0,13,0,11,
0,45,254,143,0,249,254,61,9,197,246,2,9,244,240,78,2,50,192,0,202,0,220,0,219,0,88,0,38,0,18,0,13,0,12,
0,42,254,138,0,18,255,61,9,197,246,2,9,226,239,191,2,240,190,0,203,0,220,0,219,0,88,0,38,0,18,0,13,0,12,
0,42,254,138,0,12,255,61,9,197,246,2,9,243,238,239,2,22,191,0,204,0,221,0,219,0,88,0,37,0,17,0,13,0,12,
0,64,254,106,0,12,255,61,9,197,246,2,9,243,238,239,2,22,191,0,205,0,221,0,219,0,87,0,37,0,17,0,13,0,11,
0,34,254,113,0,2,255,61,9,197,246,2,9,148,239,97,3,233,193,0,205,0,221,0,219,0,88,0,38,0,18,0,13,0,12,
0,4,254,106,0,246,254,61,9,197,246,48,9,19,241,87,2,217,189,0,206,0,221,0,219,0,88,0,38,0,19,0,13,0,11,
0,4,254,106,0,246,254,13,9,230,246,48,9,27,239,40,3,144,190,0,207,0,222,0,219,0,87,0,37,0,17,0,12,0,11,
0,244,253,132,0,251,254,13,9,230,246,48,9,27,239,199,3,120,194,0,207,0,222,0,219,0,88,0,37,0,18,0,13,0,11,
0,0,254,158,0,6,255,13,9,230,246,48,9,175,239,199,3,120,194,0,208,0,222,0,219,0,87,0,37,0,17,0,12,0,11,
0,25,254,174,0,19,255,13,9,230,246,48,9,81,241,211,2,167,190,0,207,0,222,0,219,0,88,0,37,0,18,0,13,0,11,
0,25,254,174,0,19,255,13,9,230,246,48,9,180,239,116,3,0,189,0,208,0,223,0,219,0,87,0,36,0,17,0,12,0,11,
0,255,253,188,0,14,255,13,9,230,246,48,9,112,239,25,4,132,192,0,209,0,222,0,219,0,88,0,37,0,18,0,13,0,11,
0,39,254,170,0,247,254,13,9,230,246,48,9,112,239,25,4,132,191,0,209,0,223,0,219,0,87,0,36,0,17,0,12,0,11,
0,39,254,170,0,233,254,13,9,230,246,48,9,11,241,98,3,46,191,0,209,0,223,0,219,0,88,0,37,0,18,0,13,0,11,
0,80,254,173,0,233,254,13,9,230,246,48,9,209,239,211,3,10,190,0,210,0,223,0,219,0,88,0,37,0,18,0,13,0,11,
0,72,254,196,0,232,254,13,9,230,246,48,9,141,240,243,3,85,192,0,210,0,223,0,219,0,87,0,37,0,18,0,13,0,11,
0,97,254,203,0,251,254,150,9,161,246,46,9,141,240,178,3,59,190,0,211,0,224,0,219,0,87,0,36,0,17,0,12,0,10,
0,97,254,203,0,0,255,150,9,161,246,46,9,9,241,178,3,59,190,0,210,0,224,0,219,0,88,0,37,0,18,0,13,0,11,
0,149,254,214,0,0,255,150,9,161,246,46,9,28,239,118,4,85,190,0,211,0,225,0,220,0,87,0,36,0,17,0,12,0,11,
0,159,254,235,0,253,254,150,9,161,246,46,9,149,241,245,3,246,191,0,210,0,225,0,219,0,88,0,37,0,18,0,13,0,11,
0,175,254,233,0,211,254,150,9,161,246,46,9,190,240,114,3,218,187,0,211,0,226,0,220,0,88,0,37,0,18,0,13,0,11,
0,175,254,233,0,211,254,150,9,161,246,46,9,190,240,114,3,212,190,0,210,0,226,0,219,0,88,0,37,0,18,0,13,0,11,
0,174,254,239,0,201,254,150,9,161,246,46,9,96,239,114,4,212,190,0,211,0,227,0,220,0,87,0,37,0,17,0,13,0,11,
0,200,254,227,0,223,254,150,9,161,246,46,9,194,240,75,4,115,192,0,211,0,227,0,220,0,87,0,36,0,17,0,12,0,11,
0,185,254,236,0,205,254,150,9,161,246,46,9,149,241,225,3,115,190,0,210,0,227,0,220,0,88,0,37,0,19,0,13,0,11,
0,185,254,236,0,205,254,150,9,161,246,46,9,178,240,217,3,6,188,0,211,0,228,0,220,0,88,0,37,0,18,0,13,0,11,
0,198,254,245,0,214,254,36,9,235,246,112,8,178,240,217,3,6,188,0,210,0,228,0,220,0,88,0,37,0,18,0,13,0,11,
0,218,254,238,0,238,254,36,9,235,246,112,8,220,239,72,4,172,190,0,211,0,229,0,221,0,88,0,36,0,17,0,12,0,11,
0,218,254,238,0,9,255,36,9,235,246,112,8,222,240,63,4,159,193,0,211,0,230,0,221,0,88,0,37,0,17,0,12,0,11,
0,240,254,244,0,9,255,36,9,235,246,112,8,227,241,109,3,156,190,0,210,0,229,0,221,0,88,0,37,0,19,0,13,0,11,
0,225,254,1,1,252,254,36,9,235,246,112,8,227,241,109,3,98,188,0,210,0,230,0,221,0,88,0,38,0,18,0,13,0,11,
0,190,254,21,1,249,254,36,9,235,246,112,8,170,240,194,3,98,188,0,211,0,231,0,222,0,88,0,31,0,17,0,13,0,12,
0,190,254,21,1,202,254,36,9,235,246,112,8,178,239,46,4,204,190,0,210,0,230,0,221,0,88,0,33,0,17,0,13,0,11,
0,190,254,33,1,202,254,36,9,235,246,112,8,252,240,22,4,52,193,0,211,0,231,0,222,0,88,0,34,0,16,0,12,0,11,
0,214,254,38,1,189,254,36,9,235,246,112,8,150,241,181,3,114,191,0,211,0,231,0,222,0,89,0,35,0,17,0,13,0,11,
0,0,255,31,1,195,254,36,9,235,246,112,8,150,241,181,3,114,191,0,211,0,232,0,222,0,88,0,36,0,17,0,13,0,11,
0,0,255,31,1,195,254,32,9,236,246,77,9,181,241,139,3,202,188,0,211,0,231,0,222,0,89,0,36,0,17,0,13,0,11,
0,65,255,249,0,210,254,32,9,236,246,77,9,113,240,242,3,82,191,0,211,0,232,0,222,0,88,0,36,0,16,0,12,0,11,
0,26,255,221,0,240,254,32,9,236,246,77,9,115,240,240,3,148,191,0,211,0,232,0,222,0,88,0,36,0,17,0,12,0,11,
0,235,254,230,0,229,254,32,9,236,246,77,9,115,240,224,3,83,192,0,211,0,232,0,222,0,89,0,37,0,18,0,13,0,11,
0,235,254,230,0,229,254,32,9,236,246,77,9,47,241,224,3,83,192,0,212,0,232,0,221,0,89,0,37,0,18,0,13,0,11,
0,252,254,19,1,197,254,32,9,236,246,77,9,248,240,169,3,106,191,0,211,0,232,0,221,0,89,0,38,0,18,0,13,0,11,
0,13,255,35,1,202,254,32,9,236,246,77,9,166,240,96,3,40,191,0,212,0,232,0,222,0,88,0,37,0,17,0,13,0,11,
0,13,255,35,1,208,254,32,9,236,246,77,9,132,239,154,3,206,190,0,212,0,232,0,222,0,88,0,37,0,17,0,12,0,11,
0,1,255,4,1,208,254,32,9,236,246,77,9,132,239,154,3,74,192,0,212,0,232,0,221,0,89,0,38,0,19,0,13,0,12,
0,8,255,239,0,190,254,32,9,236,246,77,9,136,240,135,3,74,192,0,212,0,232,0,221,0,89,0,38,0,18,0,13,0,11,
0,62,255,232,0,203,254,70,9,199,246,13,9,222,240,141,3,203,191,0,213,0,232,0,221,0,88,0,37,0,17,0,12,0,11,
0,62,255,232,0,199,254,70,9,199,246,13,9,81,240,106,3,109,190,0,212,0,232,0,221,0,89,0,38,0,19,0,13,0,11,
0,55,255,242,0,199,254,70,9,199,246,13,9,81,240,205,3,82,191,0,213,0,232,0,221,0,88,0,37,0,17,0,12,0,11,
0,53,255,244,0,222,254,70,9,199,246,13,9,31,239,205,3,82,191,0,212,0,231,0,220,0,89,0,38,0,18,0,13,0,11,
0,36,255,241,0,202,254,70,9,199,246,13,9,125,240,178,3,122,193,0,212,0,231,0,220,0,89,0,38,0,18,0,13,0,11,
0,36,255,241,0,202,254,70,9,199,246,13,9,38,240,121,3,21,190,0,212,0,230,0,220,0,89,0,38,0,18,0,13,0,11,
0,44,255,17,1,188,254,70,9,199,246,13,9,42,239,190,3,251,190,0,212,0,232,0,220,0,87,0,37,0,17,0,13,0,11,
0,219,254,22,1,208,254,70,9,199,246,13,9,42,239,190,3,213,192,0,212,0,231,0,220,0,88,0,41,0,18,0,12,0,10,
0,204,254,244,0,243,254,70,9,199,246,13,9,16,239,2,4,213,192,0,211,0,230,0,219,0,88,0,41,0,19,0,13,0,11,
0,204,254,244,0,243,254,70,9,199,246,13,9,136,240,213,3,82,193,0,210,0,231,0,219,0,87,0,39,0,18,0,12,0,10,
0,242,254,234,0,234,254,70,9,199,246,13,9,239,239,83,3,160,189,0,209,0,230,0,219,0,88,0,40,0,19,0,13,0,11,
0,66,255,212,0,237,254,49,9,20,247,89,8,238,238,252,3,234,191,0,209,0,231,0,219,0,87,0,38,0,18,0,12,0,11,
0,66,255,212,0,2,255,49,9,20,247,89,8,238,238,252,3,234,191,0,208,0,231,0,219,0,87,0,38,0,18,0,13,0,11,
0,67,255,208,0,2,255,49,9,20,247,89,8,206,238,6,4,190,193,0,207,0,230,0,219,0,88,0,38,0,19,0,13,0,12,
0,248,254,212,0,255,254,49,9,20,247,89,8,247,239,252,3,206,192,0,206,0,230,0,219,0,88,0,38,0,18,0,13,0,11,
0,6,255,206,0,245,254,49,9,20,247,89,8,212,239,142,3,92,190,0,206,0,230,0,219,0,87,0,37,0,18,0,12,0,11,
0,6,255,206,0,245,254,49,9,20,247,89,8,212,239,181,3,193,190,0,205,0,229,0,219,0,88,0,38,0,19,0,13,0,11,
0,35,255,220,0,247,254,49,9,20,247,89,8,200,238,181,3,193,190,0,205,0,230,0,219,0,87,0,37,0,17,0,13,0,11,
0,36,255,236,0,4,255,49,9,20,247,89,8,154,238,37,4,119,192,0,204,0,229,0,219,0,88,0,38,0,19,0,13,0,12,
0,5,255,253,0,255,254,49,9,20,247,89,8,35,239,86,4,30,193,0,203,0,229,0,219,0,87,0,37,0,17,0,12,0,11,
0,5,255,253,0,255,254,49,9,20,247,89,8,107,239,157,3,5,190,0,203,0,228,0,219,0,88,0,38,0,18,0,13,0,11,
0,14,255,6,1,226,254,10,9,225,246,183,8,107,239,157,3,5,190,0,203,0,228,0,219,0,87,0,37,0,17,0,12,0,11,
0,24,255,24,1,198,254,10,9,225,246,183,8,109,238,235,3,250,190,0,202,0,227,0,219,0,88,0,37,0,18,0,13,0,11,
0,227,254,13,1,208,254,10,9,225,246,183,8,90,238,16,4,180,192,0,201,0,227,0,218,0,88,0,37,0,18,0,13,0,11,
0,227,254,13,1,208,254,10,9,225,246,183,8,89,239,2,4,229,192,0,201,0,227,0,218,0,87,0,37,0,18,0,13,0,11,
0,202,254,255,0,219,254,10,9,225,246,183,8,89,239,139,3,21,190,0,201,0,226,0,218,0,87,0,37,0,18,0,13,0,11,
0,232,254,236,0,196,254,10,9,225,246,183,8,238,238,139,3,21,190,0,201,0,226,0,218,0,87,0,36,0,16,0,12,0,10,
0,232,254,236,0,227,254,10,9,225,246,183,8,234,237,149,3,109,190,0,201,0,226,0,218,0,87,0,36,0,17,0,12,0,10,
0,221,254,251,0,227,254,10,9,225,246,183,8,215,237,210,3,83,192,0,200,0,225,0,217,0,87,0,37,0,18,0,13,0,11,
0,194,254,34,1,235,254,10,9,225,246,183,8,51,239,163,3,123,192,0,200,0,225,0,217,0,87,0,36,0,17,0,13,0,11,
0,210,254,42,1,232,254,10,9,225,246,183,8,51,239,163,3,161,189,0,200,0,224,0,217,0,87,0,37,0,18,0,13,0,11,
0,210,254,42,1,232,254,25,9,196,246,211,8,98,239,31,3,161,189,0,200,0,225,0,217,0,86,0,36,0,17,0,12,0,11,
0,253,254,47,1,217,254,25,9,196,246,211,8,50,238,97,3,55,190,0,199,0,224,0,217,0,87,0,37,0,18,0,13,0,11,
0,192,254,61,1,206,254,25,9,196,246,211,8,232,237,1,4,37,192,0,199,0,224,0,217,0,87,0,37,0,18,0,13,0,12,
0,143,254,75,1,172,254,25,9,196,246,211,8,232,239,153,3,20,191,0,199,0,225,0,217,0,87,0,36,0,18,0,13,0,11,
0,143,254,75,1,172,254,25,9,196,246,211,8,127,239,153,3,20,191,0,199,0,225,0,217,0,87,0,37,0,18,0,13,0,11,
0,196,254,66,1,155,254,25,9,196,246,211,8,205,238,20,3,106,189,0,198,0,224,0,216,0,87,0,37,0,18,0,13,0,11,
0,13,255,59,1,182,254,25,9,196,246,211,8,241,237,67,3,245,188,0,198,0,225,0,217,0,86,0,36,0,17,0,12,0,11,
0,1,255,36,1,152,254,25,9,196,246,211,8,34,238,199,3,16,191,0,198,0,224,0,217,0,87,0,37,0,18,0,13,0,11,
0,1,255,36,1,152,254,25,9,196,246,211,8,34,238,199,3,212,191,0,198,0,224,0,217,0,87,0,37,0,18,0,13,0,11,
0,204,254,38,1,149,254,25,9,196,246,211,8,66,239,108,3,212,191,0,198,0,224,0,217,0,87,0,37,0,18,0,13,0,11,
0,249,254,80,1,187,254,252,8,8,247,148,8,55,239,202,2,242,188,0,198,0,225,0,217,0,87,0,36,0,18,0,13,0,11,
0,249,254,80,1,172,254,252,8,8,247,148,8,162,238,230,2,122,190,0,198,0,225,0,218,0,86,0,36,0,17,0,12,0,11,
0,0,255,96,1,172,254,252,8,8,247,148,8,57,238,82,3,196,190,0,198,0,224,0,218,0,87,0,36,0,18,0,13,0,11,
0,240,254,91,1,158,254,252,8,8,247,148,8,57,238,82,3,196,190,0,198,0,225,0,219,0,87,0,37,0,18,0,13,0,11,
0,244,254,70,1,147,254,252,8,8,247,148,8,99,239,8,3,117,191,0,198,0,225,0,219,0,86,0,36,0,17,0,12,0,11,
0,244,254,70,1,147,254,252,8,8,247,148,8,195,239,136,2,3,190,0,197,0,225,0,219,0,88,0,37,0,18,0,13,0,11,
0,42,255,78,1,121,254,252,8,8,247,148,8,53,239,51,2,105,189,0,198,0,225,0,220,0,87,0,36,0,17,0,12,0,10,
0,85,255,61,1,100,254,252,8,8,247,148,8,53,239,149,2,99,190,0,197,0,225,0,220,0,88,0,37,0,18,0,13,0,11,
0,47,255,74,1,105,254,252,8,8,247,148,8,58,239,149,2,99,190,0,197,0,225,0,221,0,88,0,37,0,18,0,13,0,11,
0,47,255,74,1,105,254,252,8,8,247,148,8,73,239,170,2,92,191,0,197,0,225,0,222,0,87,0,36,0,17,0,12,0,11,
0,57,255,70,1,108,254,252,8,8,247,148,8,153,239,107,2,114,191,0,196,0,225,0,221,0,88,0,37,0,18,0,13,0,11,
0,30,255,42,1,92,254,210,8,21,247,188,7,134,239,91,2,74,191,0,196,0,226,0,223,0,88,0,36,0,17,0,12,0,11,
0,20,255,26,1,86,254,210,8,21,247,188,7,134,239,91,2,195,191,0,196,0,225,0,223,0,89,0,38,0,18,0,13,0,11,
0,20,255,26,1,86,254,210,8,21,247,188,7,163,239,46,2,195,191,0,195,0,225,0,223,0,89,0,38,0,18,0,13,0,11,
0,44,255,255,0,70,254,210,8,21,247,188,7,62,240,247,1,18,191,0,195,0,225,0,224,0,89,0,38,0,16,0,13,0,11,
0,49,255,8,1,75,254,210,8,21,247,188,7,216,239,222,1,14,189,0,196,0,226,0,225,0,89,0,37,0,16,0,12,0,11,
0,49,255,8,1,82,254,210,8,21,247,188,7,216,239,64,2,93,191,0,195,0,225,0,225,0,90,0,38,0,17,0,13,0,12,
0,73,255,13,1,82,254,210,8,21,247,188,7,71,239,64,2,93,191,0,195,0,226,0,226,0,90,0,38,0,17,0,13,0,11,
0,52,255,254,0,87,254,210,8,21,247,188,7,44,240,129,2,254,193,0,195,0,225,0,226,0,90,0,38,0,17,0,13,0,11,
0,25,255,237,0,112,254,210,8,21,247,188,7,56,241,202,1,66,191,0,195,0,225,0,227,0,91,0,38,0,17,0,12,0,11,
0,25,255,237,0,112,254,210,8,21,247,188,7,210,240,242,1,151,189,0,196,0,226,0,228,0,90,0,37,0,16,0,12,0,11,
0,226,254,231,0,104,254,253,8,223,246,200,8,210,240,242,1,97,191,0,195,0,225,0,228,0,91,0,38,0,17,0,13,0,11,
0,245,254,219,0,102,254,253,8,223,246,200,8,27,240,198,1,97,191,0,195,0,225,0,228,0,91,0,38,0,17,0,13,0,11,
0,227,254,195,0,137,254,253,8,223,246,200,8,136,239,12,2,56,192,0,196,0,225,0,228,0,91,0,38,0,17,0,13,0,11,
0,227,254,195,0,137,254,253,8,223,246,200,8,237,240,205,1,97,192,0,196,0,226,0,230,0,91,0,38,0,17,0,12,0,11,
0,228,254,163,0,159,254,253,8,223,246,200,8,248,240,142,1,120,191,0,195,0,225,0,230,0,92,0,39,0,18,0,13,0,11,
0,235,254,140,0,141,254,253,8,223,246,200,8,248,240,142,1,120,191,0,196,0,225,0,231,0,92,0,38,0,16,0,12,0,10,
0,205,254,140,0,105,254,253,8,223,246,200,8,188,240,203,1,240,189,0,195,0,225,0,231,0,93,0,39,0,18,0,13,0,11,
0,205,254,91,0,105,254,253,8,223,246,200,8,82,240,194,1,165,190,0,196,0,225,0,231,0,93,0,39,0,17,0,13,0,11,
0,152,254,53,0,119,254,253,8,223,246,200,8,28,240,240,1,224,191,0,196,0,225,0,232,0,92,0,39,0,18,0,13,0,11,
0,151,254,39,0,131,254,253,8,223,246,200,8,28,240,240,1,228,191,0,195,0,225,0,232,0,93,0,39,0,18,0,13,0,11,
0,151,254,39,0,128,254,198,8,255,246,43,9,40,241,171,1,228,191,0,196,0,225,0,233,0,93,0,39,0,16,0,12,0,11,
0,218,254,24,0,128,254,198,8,255,246,43,9,3,241,158,1,110,191,0,195,0,224,0,233,0,94,0,40,0,18,0,13,0,11,
0,2,255,227,255,107,254,198,8,255,246,43,9,205,240,136,1,34,191,0,196,0,224,0,233,0,94,0,34,0,17,0,13,0,12,
0,199,254,184,255,82,254,198,8,255,246,43,9,109,240,218,1,238,191,0,195,0,224,0,233,0,94,0,35,0,17,0,13,0,12,
0,199,254,184,255,82,254,198,8,255,246,43,9,109,240,218,1,238,191,0,195,0,224,0,234,0,93,0,36,0,16,0,12,0,11,
0,99,254,202,255,53,254,198,8,255,246,43,9,228,240,206,1,85,191,0,195,0,224,0,235,0,94,0,37,0,16,0,12,0,11,
0,123,254,169,255,53,254,198,8,255,246,43,9,159,240,92,2,112,192,0,195,0,223,0,235,0,95,0,39,0,18,0,13,0,12,
0,159,254,126,255,63,254,198,8,255,246,43,9,56,241,230,1,147,192,0,195,0,223,0,235,0,95,0,40,0,18,0,13,0,11,
0,159,254,126,255,63,254,198,8,255,246,43,9,56,241,208,1,64,191,0,195,0,224,0,236,0,95,0,38,0,17,0,12,0,11,
0,161,254,123,255,77,254,198,8,255,246,43,9,168,240,208,1,64,191,0,194,0,224,0,236,0,95,0,40,0,18,0,13,0,11,
0,147,254,93,255,78,254,1,9,19,247,83,8,162,240,39,2,0,192,0,194,0,223,0,237,0,95,0,40,0,17,0,12,0,11,
0,173,254,93,255,50,254,1,9,19,247,83,8,18,240,58,2,157,192,0,194,0,223,0,237,0,96,0,40,0,18,0,13,0,11,
0,173,254,88,255,50,254,1,9,19,247,83,8,155,240,84,2,170,193,0,194,0,223,0,237,0,96,0,40,0,18,0,13,0,11,
0,154,254,70,255,76,254,1,9,19,247,83,8,155,240,84,2,218,191,0,194,0,223,0,237,0,96,0,40,0,18,0,13,0,11,
0,132,254,40,255,78,254,1,9,19,247,83,8,18,241,221,1,218,191,0,195,0,223,0,238,0,95,0,40,0,18,0,13,0,11,
0,132,254,40,255,72,254,1,9,19,247,83,8,64,240,132,1,236,190,0,195,0,223,0,238,0,96,0,40,0,17,0,12,0,10,
0,133,254,31,255,72,254,1,9,19,247,83,8,139,239,2,2,171,191,0,195,0,222,0,238,0,96,0,41,0,19,0,13,0,11,
0,140,254,4,255,75,254,1,9,19,247,83,8,139,239,109,2,62,194,0,195,0,222,0,238,0,96,0,41,0,18,0,13,0,11,
0,163,254,231,254,77,254,1,9,19,247,83,8,107,239,109,2,62,194,0,195,0,222,0,238,0,97,0,41,0,18,0,13,0,11,
0,163,254,231,254,77,254,1,9,19,247,83,8,223,240,210,1,200,193,0,196,0,223,0,238,0,96,0,40,0,18,0,13,0,11,
0,156,254,239,254,82,254,1,9,19,247,83,8,106,240,116,1,226,190,0,196,0,222,0,238,0,96,0,40,0,17,0,12,0,11,
0,143,254,226,254,94,254,204,8,33,247,72,8,247,239,3,2,189,191,0,196,0,221,0,238,0,97,0,41,0,19,0,13,0,12,
0,124,254,237,254,80,254,204,8,33,247,72,8,247,239,3,2,199,192,0,196,0,221,0,238,0,97,0,41,0,19,0,13,0,11,
0,124,254,237,254,80,254,204,8,33,247,72,8,65,238,60,2,199,192,0,197,0,221,0,238,0,97,0,41,0,18,0,13,0,11,
0,105,254,246,254,64,254,204,8,33,247,72,8,146,239,222,1,130,194,0,197,0,222,0,238,0,96,0,45,0,18,0,12,0,11,
0,95,254,225,254,75,254,204,8,33,247,72,8,38,240,136,1,29,192,0,197,0,221,0,237,0,97,0,45,0,20,0,13,0,11,
0,101,254,225,254,102,254,204,8,33,247,72,8,95,239,79,1,38,190,0,198,0,221,0,236,0,97,0,44,0,20,0,13,0,11,
0,101,254,221,254,102,254,204,8,33,247,72,8,95,239,79,1,38,190,0,198,0,221,0,236,0,97,0,43,0,19,0,13,0,11,
0,122,254,216,254,117,254,204,8,33,247,72,8,2,238,250,1,13,192,0,198,0,221,0,236,0,97,0,43,0,19,0,13,0,11,
0,123,254,222,254,109,254,204,8,33,247,72,8,235,238,200,1,47,194,0,199,0,222,0,236,0,96,0,42,0,18,0,12,0,11,
0,123,254,222,254,91,254,204,8,33,247,72,8,55,240,16,1,19,192,0,198,0,221,0,235,0,96,0,42,0,19,0,13,0,11,
0,81,254,208,254,91,254,41,9,173,246,233,8,55,240,128,1,194,191,0,199,0,222,0,235,0,96,0,42,0,19,0,13,0,11,
0,51,254,227,254,42,254,41,9,173,246,233,8,248,238,128,1,194,191,0,199,0,222,0,235,0,96,0,41,0,19,0,13,0,11,
0,24,254,254,254,51,254,41,9,173,246,233,8,131,238,120,1,220,190,0,200,0,222,0,235,0,95,0,41,0,18,0,13,0,11,
0,24,254,254,254,51,254,41,9,173,246,233,8,72,238,208,1,7,193,0,200,0,222,0,234,0,96,0,41,0,19,0,13,0,11,
0,35,254,4,255,102,254,41,9,173,246,233,8,184,238,132,1,100,192,0,200,0,222,0,234,0,95,0,40,0,17,0,12,0,10,
0,18,254,238,254,122,254,41,9,173,246,233,8,184,238,132,1,100,192,0,200,0,222,0,233,0,96,0,41,0,19,0,13,0,11,
0,30,254,220,254,142,254,41,9,173,246,233,8,20,239,48,1,16,191,0,200,0,222,0,233,0,95,0,41,0,19,0,13,0,11,
0,30,254,220,254,142,254,41,9,173,246,233,8,154,238,89,1,206,190,0,201,0,222,0,232,0,94,0,40,0,17,0,12,0,11,
0,48,254,199,254,144,254,41,9,173,246,233,8,89,238,176,1,128,191,0,201,0,222,0,232,0,95,0,40,0,19,0,13,0,11,
0,76,254,191,254,164,254,41,9,173,246,233,8,89,238,109,1,179,192,0,201,0,222,0,232,0,94,0,40,0,17,0,13,0,11,
0,76,254,191,254,165,254,33,9,201,246,101,8,224,238,109,1,179,192,0,201,0,222,0,231,0,94,0,40,0,18,0,13,0,11,
0,58,254,205,254,165,254,33,9,201,246,101,8,139,238,95,1,51,192,0,201,0,222,0,230,0,94,0,40,0,19,0,13,0,11,
0,61,254,228,254,153,254,33,9,201,246,101,8,137,238,76,1,124,191,0,202,0,222,0,230,0,93,0,40,0,18,0,13,0,11,
0,53,254,193,254,160,254,33,9,201,246,101,8,146,238,119,1,107,190,0,202,0,222,0,229,0,94,0,40,0,19,0,13,0,11,
0,53,254,193,254,155,254,33,9,201,246,101,8,146,238,119,1,4,192,0,202,0,223,0,229,0,93,0,40,0,17,0,12,0,11,
0,62,254,199,254,155,254,33,9,201,246,101,8,218,237,244,1,4,192,0,202,0,222,0,228,0,93,0,40,0,18,0,13,0,11,
0,89,254,219,254,136,254,33,9,201,246,101,8,29,239,115,1,55,192,0,202,0,222,0,227,0,93,0,40,0,18,0,13,0,11,
0,101,254,220,254,143,254,33,9,201,246,101,8,151,238,126,1,245,189,0,202,0,223,0,227,0,92,0,40,0,17,0,12,0,11,
0,101,254,220,254,143,254,33,9,201,246,101,8,151,237,36,2,103,192,0,201,0,222,0,226,0,92,0,40,0,18,0,13,0,11,
0,79,254,209,254,147,254,33,9,201,246,101,8,220,237,36,2,103,192,0,202,0,223,0,226,0,91,0,39,0,17,0,12,0,10,
0,59,254,186,254,133,254,245,8,2,247,42,9,241,238,25,2,19,193,0,201,0,223,0,225,0,92,0,40,0,18,0,13,0,11,
0,70,254,209,254,116,254,245,8,2,247,42,9,106,238,228,1,16,191,0,201,0,223,0,225,0,91,0,38,0,17,0,12,0,11,
0,70,254,209,254,116,254,245,8,2,247,42,9,64,238,238,1,53,191,0,200,0,223,0,224,0,92,0,39,0,18,0,13,0,11,
0,74,254,240,254,122,254,245,8,2,247,42,9,64,238,238,1,254,190,0,201,0,223,0,224,0,90,0,38,0,17,0,12,0,11,
0,89,254,229,254,133,254,245,8,2,247,42,9,52,238,209,1,254,190,0,200,0,223,0,223,0,91,0,39,0,20,0,13,0,11,
0,89,254,229,254,138,254,245,8,2,247,42,9,252,237,83,2,227,191,0,200,0,223,0,223,0,91,0,39,0,19,0,13,0,11,
0,78,254,231,254,138,254,245,8,2,247,42,9,103,238,54,2,224,191,0,200,0,224,0,223,0,90,0,38,0,19,0,13,0,11,
0,106,254,246,254,149,254,245,8,2,247,42,9,62,238,123,2,69,191,0,200,0,223,0,222,0,90,0,38,0,18,0,13,0,11,
0,129,254,29,255,124,254,245,8,2,247,42,9,62,238,123,2,69,191,0,200,0,224,0,222,0,89,0,37,0,17,0,13,0,11,
0,129,254,29,255,131,254,245,8,2,247,42,9,168,238,35,2,183,190,0,200,0,224,0,223,0,89,0,37,0,17,0,12,0,11,
0,134,254,38,255,131,254,245,8,181,246,85,8,48,238,48,2,215,190,0,199,0,223,0,222,0,90,0,39,0,19,0,13,0,12,
0,129,254,33,255,142,254,28,9,181,246,85,8,89,238,140,2,233,190,0,200,0,224,0,222,0,89,0,37,0,18,0,13,0,11,
0,171,254,23,255,165,254,28,9,181,246,85,8,89,238,20,3,209,191,0,199,0,223,0,222,0,90,0,38,0,19,0,13,0,11,
0,171,254,23,255,165,254,28,9,181,246,85,8,57,237,20,3,209,191,0,200,0,223,0,222,0,89,0,38,0,18,0,13,0,11,
0,139,254,8,255,183,254,28,9,181,246,85,8,232,237,236,2,117,192,0,199,0,223,0,222,0,90,0,39,0,19,0,13,0,12,
0,116,254,245,254,150,254,28,9,181,246,85,8,199,238,183,2,101,191,0,199,0,223,0,222,0,90,0,39,0,19,0,13,0,11,
0,79,254,9,255,157,254,28,9,181,246,85,8,106,238,184,2,22,189,0,199,0,223,0,223,0,89,0,38,0,17,0,13,0,11,
0,79,254,9,255,157,254,28,9,181,246,85,8,106,238,184,2,70,190,0,199,0,222,0,222,0,89,0,38,0,18,0,13,0,11,
0,104,254,23,255,163,254,28,9,181,246,85,8,222,237,218,2,70,190,0,200,0,222,0,223,0,89,0,38,0,17,0,12,0,11,
0,145,254,30,255,178,254,28,9,181,246,85,8,150,237,139,3,127,191,0,199,0,222,0,222,0,90,0,38,0,19,0,13,0,11,
0,145,254,30,255,185,254,28,9,181,246,85,8,154,238,92,3,126,192,0,199,0,222,0,222,0,89,0,38,0,18,0,13,0,11,
0,150,254,29,255,185,254,234,8,245,246,68,8,154,238,223,2,218,190,0,199,0,222,0,223,0,89,0,38,0,18,0,13,0,11,
0,130,254,59,255,154,254,234,8,245,246,68,8,230,238,223,2,218,190,0,199,0,222,0,223,0,90,0,38,0,18,0,13,0,11,
0,129,254,91,255,170,254,234,8,245,246,68,8,144,238,69,3,82,189,0,200,0,222,0,224,0,89,0,37,0,16,0,12,0,11,
0,129,254,91,255,166,254,234,8,245,246,68,8,82,238,86,3,250,189,0,199,0,222,0,224,0,90,0,38,0,17,0,13,0,11,
0,190,254,84,255,166,254,234,8,245,246,68,8,226,238,99,3,149,190,0,199,0,221,0,224,0,90,0,38,0,17,0,12,0,11,
0,217,254,109,255,172,254,234,8,245,246,68,8,226,238,99,3,91,190,0,200,0,222,0,224,0,89,0,37,0,17,0,12,0,11,
0,197,254,89,255,173,254,234,8,245,246,68,8,198,238,152,3,91,190,0,199,0,221,0,224,0,90,0,38,0,17,0,12,0,11,
0,197,254,89,255,173,254,234,8,245,246,68,8,130,238,150,3,80,191,0,200,0,222,0,225,0,89,0,37,0,16,0,12,0,11,
0,179,254,100,255,158,254,234,8,245,246,68,8,190,238,74,3,33,192,0,200,0,222,0,225,0,90,0,38,0,18,0,13,0,11,
0,172,254,114,255,168,254,234,8,245,246,68,8,137,239,19,3,52,190,0,200,0,222,0,226,0,91,0,38,0,17,0,13,0,11,
0,205,254,137,255,176,254,12,9,188,246,74,9,137,239,19,3,52,190,0,200,0,222,0,226,0,90,0,38,0,18,0,13,0,11,
0,205,254,137,255,176,254,12,9,188,246,74,9,252,238,46,3,204,189,0,200,0,222,0,226,0,91,0,39,0,17,0,13,0,11,
0,22,255,185,255,190,254,12,9,188,246,74,9,34,238,195,3,78,191,0,201,0,222,0,227,0,91,0,38,0,17,0,12,0,11,
0,26,255,188,255,193,254,12,9,188,246,74,9,238,238,198,3,224,191,0,200,0,222,0,227,0,91,0,39,0,18,0,13,0,11,
0,26,255,188,255,199,254,12,9,188,246,74,9,238,238,198,3,135,192,0,201,0,222,0,227,0,91,0,39,0,18,0,13,0,11,
0,43,255,192,255,199,254,12,9,188,246,74,9,187,239,58,3,135,192,0,201,0,223,0,227,0,91,0,39,0,18,0,13,0,11,
0,58,255,217,255,196,254,12,9,188,246,74,9,61,239,228,2,85,189,0,201,0,223,0,228,0,91,0,39,0,17,0,13,0,11,
0,64,255,239,255,190,254,12,9,188,246,74,9,115,238,34,3,183,190,0,201,0,224,0,228,0,91,0,37,0,16,0,12,0,11,
0,64,255,239,255,190,254,12,9,188,246,74,9,141,238,208,3,199,191,0,201,0,223,0,229,0,92,0,40,0,18,0,13,0,11,
0,33,255,254,255,197,254,12,9,188,246,74,9,141,238,208,3,199,191,0,201,0,224,0,229,0,92,0,38,0,17,0,13,0,11,
0,9,255,236,255,185,254,71,9,212,246,141,8,192,239,102,3,230,192,0,201,0,224,0,230,0,92,0,33,0,17,0,13,0,12,
0,252,254,251,255,178,254,71,9,212,246,141,8,9,240,47,3,102,191,0,201,0,224,0,230,0,92,0,35,0,16,0,13,0,11,
0,252,254,251,255,178,254,71,9,212,246,141,8,22,240,79,3,82,189,0,201,0,225,0,231,0,92,0,35,0,16,0,12,0,11,
0,19,255,23,0,201,254,71,9,212,246,141,8,22,240,123,3,49,190,0,201,0,225,0,232,0,92,0,36,0,16,0,12,0,11,
0,38,255,18,0,219,254,71,9,212,246,141,8,71,238,123,3,49,190,0,201,0,225,0,232,0,93,0,38,0,17,0,13,0,11,
0,80,255,36,0,226,254,71,9,212,246,141,8,171,239,98,3,74,194,0,200,0,225,0,232,0,93,0,38,0,17,0,13,0,11,
0,80,255,36,0,226,254,71,9,212,246,141,8,214,240,136,2,124,191,0,200,0,225,0,232,0,93,0,38,0,17,0,13,0,11,
0,75,255,25,0,247,254,71,9,212,246,141,8,18,240,162,2,140,189,0,201,0,226,0,233,0,93,0,38,0,16,0,12,0,11,
0,82,255,19,0,239,254,71,9,212,246,141,8,18,240,162,2,82,191,0,200,0,225,0,233,0,94,0,39,0,18,0,13,0,12,
0,82,255,19,0,221,254,71,9,212,246,141,8,153,238,107,3,82,191,0,200,0,225,0,233,0,94,0,40,0,18,0,13,0,11,
0,82,255,236,255,221,254,234,8,242,246,70,8,172,239,4,3,221,194,0,200,0,225,0,233,0,94,0,40,0,18,0,13,0,12,
0,89,255,225,255,222,254,234,8,242,246,70,8,206,240,238,2,252,191,0,200,0,226,0,233,0,94,0,40,0,18,0,13,0,11,
0,88,255,1,0,213,254,234,8,242,246,70,8,206,240,213,2,252,189,0,201,0,226,0,234,0,94,0,40,0,17,0,12,0,11,
0,88,255,1,0,213,254,234,8,242,246,70,8,109,240,213,2,252,189,0,201,0,226,0,233,0,94,0,40,0,18,0,13,0,12,
0,109,255,17,0,236,254,234,8,242,246,70,8,112,239,243,2,59,191,0,201,0,226,0,233,0,95,0,40,0,18,0,13,0,11,
0,131,255,6,0,222,254,234,8,242,246,70,8,225,239,22,3,243,191,0,201,0,226,0,233,0,95,0,40,0,18,0,13,0,11,
0,134,255,19,0,210,254,234,8,242,246,70,8,16,240,39,3,148,193,0,202,0,226,0,233,0,95,0,40,0,18,0,13,0,11,
0,134,255,19,0,210,254,234,8,242,246,70,8,16,240,39,3,186,191,0,203,0,227,0,233,0,94,0,40,0,17,0,12,0,11,
0,137,255,41,0,246,254,234,8,242,246,70,8,82,240,98,2,186,191,0,203,0,226,0,232,0,95,0,40,0,18,0,13,0,11,
0,132,255,51,0,7,255,234,8,242,246,70,8,38,240,112,2,100,191,0,203,0,226,0,232,0,94,0,40,0,18,0,13,0,11,
0,114,255,16,0,27,255,234,8,242,246,70,8,124,239,188,2,218,191,0,204,0,227,0,232,0,94,0,40,0,18,0,13,0,11,
0,114,255,16,0,27,255,68,9,192,246,119,9,107,239,126,2,252,191,0,204,0,227,0,232,0,94,0,39,0,17,0,12,0,10,
0,93,255,29,0,35,255,68,9,192,246,119,9,107,239,126,2,252,191,0,203,0,227,0,231,0,94,0,44,0,19,0,12,0,11,
0,95,255,68,0,3,255,68,9,192,246,119,9,195,239,119,2,32,192,0,204,0,228,0,231,0,93,0,42,0,18,0,12,0,10,
0,95,255,68,0,7,255,68,9,192,246,119,9,73,239,129,2,21,193,0,204,0,227,0,230,0,94,0,43,0,19,0,13,0,11,
0,101,255,74,0,7,255,68,9,192,246,119,9,41,240,102,2,223,192,0,203,0,228,0,230,0,94,0,42,0,19,0,13,0,11,
0,108,255,58,0,34,255,68,9,192,246,119,9,41,240,102,2,71,191,0,203,0,228,0,229,0,93,0,41,0,18,0,13,0,11,
0,104,255,30,0,38,255,68,9,192,246,119,9,48,240,24,2,71,191,0,203,0,228,0,229,0,92,0,40,0,17,0,12,0,11,
0,104,255,30,0,38,255,68,9,192,246,119,9,184,239,50,2,30,190,0,202,0,228,0,228,0,93,0,41,0,19,0,13,0,11,
0,123,255,46,0,9,255,68,9,192,246,119,9,230,238,109,2,37,191,0,202,0,229,0,228,0,93,0,40,0,19,0,13,0,11,
0,123,255,77,0,28,255,68,9,192,246,119,9,190,239,134,2,171,193,0,201,0,229,0,228,0,93,0,40,0,18,0,13,0,12,
0,110,255,87,0,23,255,4,9,250,246,78,8,190,239,134,2,171,193,0,201,0,229,0,227,0,92,0,40,0,18,0,13,0,11,
0,110,255,87,0,23,255,4,9,250,246,78,8,12,240,58,2,81,192,0,201,0,230,0,228,0,92,0,40,0,17,0,12,0,11,
0,145,255,87,0,29,255,4,9,250,246,78,8,105,240,203,1,154,190,0,200,0,229,0,227,0,92,0,40,0,18,0,13,0,12,
0,137,255,75,0,52,255,4,9,250,246,78,8,163,239,248,1,101,190,0,200,0,229,0,227,0,92,0,40,0,18,0,13,0,11,
0,123,255,76,0,61,255,4,9,250,246,78,8,163,239,66,2,85,191,0,200,0,230,0,226,0,92,0,40,0,18,0,13,0,11,
0,123,255,76,0,61,255,4,9,250,246,78,8,188,238,66,2,85,191,0,199,0,230,0,226,0,91,0,39,0,17,0,12,0,11,
0,126,255,87,0,79,255,4,9,250,246,78,8,103,239,129,2,224,193,0,198,0,230,0,225,0,92,0,40,0,18,0,13,0,11,
0,145,255,84,0,66,255,4,9,250,246,78,8,59,240,216,1,136,191,0,198,0,230,0,225,0,91,0,38,0,17,0,12,0,11,
0,145,255,84,0,65,255,4,9,250,246,78,8,106,239,216,1,219,189,0,197,0,230,0,225,0,91,0,39,0,18,0,13,0,11,
0,160,255,91,0,65,255,4,9,250,246,78,8,106,239,216,1,89,191,0,197,0,230,0,224,0,91,0,39,0,18,0,13,0,11,
0,151,255,100,0,56,255,220,8,23,247,113,9,92,238,149,2,89,191,0,196,0,230,0,223,0,91,0,39,0,20,0,13,0,11,
0,99,255,78,0,31,255,220,8,23,247,113,9,189,239,140,2,198,193,0,197,0,230,0,224,0,90,0,38,0,16,0,12,0,11,
0,99,255,78,0,31,255,220,8,23,247,113,9,77,240,200,1,38,191,0,196,0,229,0,223,0,91,0,39,0,20,0,13,0,11,
0,89,255,96,0,58,255,220,8,23,247,113,9,77,239,40,2,25,189,0,196,0,230,0,222,0,90,0,38,0,19,0,13,0,11,
0,111,255,72,0,75,255,220,8,23,247,113,9,73,239,40,2,25,189,0,196,0,230,0,222,0,90,0,38,0,19,0,13,0,11,
0,93,255,76,0,96,255,220,8,23,247,113,9,142,238,197,2,254,190,0,195,0,230,0,221,0,89,0,38,0,18,0,13,0,11,
0,93,255,76,0,96,255,220,8,23,247,113,9,81,239,106,2,75,192,0,196,0,230,0,221,0,89,0,37,0,18,0,13,0,11,
0,79,255,95,0,101,255,220,8,23,247,113,9,210,239,112,2,237,190,0,196,0,231,0,221,0,89,0,37,0,17,0,12,0,11,
0,86,255,103,0,82,255,220,8,23,247,113,9,210,239,112,2,73,189,0,195,0,230,0,220,0,89,0,38,0,19,0,13,0,11,
0,52,255,103,0,80,255,220,8,23,247,113,9,243,239,74,2,73,189,0,195,0,230,0,220,0,89,0,38,0,19,0,13,0,11,
0,52,255,101,0,80,255,211,8,26,247,49,8,84,239,127,2,69,189,0,195,0,231,0,219,0,88,0,38,0,18,0,13,0,11,
0,61,255,100,0,80,255,211,8,26,247,49,8,141,239,155,2,83,191,0,195,0,231,0,219,0,89,0,38,0,18,0,13,0,12,
0,97,255,82,0,106,255,211,8,26,247,49,8,78,239,184,2,196,190,0,195,0,232,0,219,0,88,0,37,0,17,0,12,0,11,
0,97,255,82,0,124,255,211,8,26,247,49,8,78,239,184,2,196,190,0,194,0,231,0,219,0,89,0,38,0,18,0,13,0,11,
0,89,255,81,0,124,255,211,8,26,247,49,8,14,240,127,2,104,190,0,194,0,231,0,219,0,88,0,37,0,18,0,13,0,11,
0,77,255,84,0,125,255,211,8,26,247,49,8,213,239,29,2,98,190,0,194,0,231,0,219,0,88,0,37,0,18,0,13,0,11,
0,77,255,60,0,126,255,211,8,26,247,49,8,67,239,122,2,89,189,0,194,0,232,0,219,0,87,0,36,0,17,0,12,0,11,
0,77,255,60,0,126,255,211,8,26,247,49,8,67,239,167,2,88,191,0,194,0,231,0,218,0,88,0,37,0,18,0,13,0,11,
0,117,255,20,0,82,255,211,8,26,247,49,8,14,240,167,2,88,191,0,194,0,231,0,218,0,88,0,37,0,18,0,13,0,11,
0,123,255,38,0,66,255,211,8,26,247,49,8,85,240,111,2,180,189,0,194,0,231,0,219,0,88,0,37,0,18,0,13,0,11,
0,117,255,54,0,90,255,211,8,26,247,49,8,10,240,74,2,111,189,0,194,0,231,0,219,0,87,0,37,0,17,0,12,0,11,
0,117,255,54,0,90,255,208,8,30,247,123,8,13,240,146,2,99,191,0,194,0,232,0,219,0,87,0,36,0,17,0,12,0,10,
0,132,255,9,0,88,255,208,8,30,247,123,8,13,240,146,2,99,190,0,194,0,231,0,219,0,88,0,37,0,18,0,13,0,11,
0,123,255,30,0,82,255,208,8,30,247,123,8,78,240,156,2,168,190,0,195,0,231,0,219,0,88,0,37,0,18,0,13,0,11,
0,130,255,30,0,103,255,208,8,30,247,123,8,188,240,88,2,61,190,0,195,0,231,0,219,0,88,0,37,0,18,0,13,0,11,
0,130,255,44,0,103,255,208,8,30,247,123,8,55,240,53,2,124,190,0,195,0,231,0,219,0,88,0,37,0,18,0,12,0,11,
0,125,255,17,0,100,255,208,8,30,247,123,8,55,240,46,2,80,189,0,196,0,232,0,220,0,87,0,36,0,17,0,12,0,11,
0,120,255,228,255,86,255,208,8,30,247,123,8,52,240,46,2,80,189,0,196,0,232,0,220,0,88,0,37,0,18,0,13,0,11,
0,120,255,228,255,80,255,208,8,30,247,123,8,106,240,138,2,153,190,0,196,0,232,0,220,0,88,0,37,0,18,0,13,0,11,
0,150,255,236,255,80,255,208,8,30,247,123,8,122,240,94,2,21,191,0,196,0,232,0,220,0,88,0,37,0,18,0,13,0,11,
0,155,255,248,255,93,255,208,8,30,247,123,8,35,241,32,2,124,190,0,197,0,232,0,221,0,88,0,37,0,18,0,12,0,11,
0,158,255,247,255,80,255,230,8,11,247,132,8,35,241,32,2,101,191,0,198,0,232,0,221,0,88,0,37,0,17,0,12,0,11,
0,158,255,247,255,80,255,230,8,11,247,132,8,179,240,83,2,101,191,0,198,0,232,0,221,0,89,0,38,0,18,0,13,0,11,
0,157,255,243,255,85,255,230,8,11,247,132,8,98,240,71,2,104,191,0,198,0,232,0,221,0,89,0,38,0,18,0,13,0,11,
0,177,255,246,255,84,255,230,8,11,247,132,8,224,240,247,1,196,190,0,198,0,232,0,222,0,89,0,38,0,18,0,13,0,11,
0,193,255,227,255,60,255,230,8,11,247,132,8,164,240,0,2,62,191,0,198,0,232,0,222,0,88,0,37,0,18,0,12,0,11,
0,193,255,227,255,60,255,230,8,11,247,132,8,164,240,0,2,62,191,0,199,0,232,0,223,0,88,0,37,0,17,0,12,0,11,
0,174,255,209,255,80,255,230,8,11,247,132,8,213,240,225,1,22,191,0,199,0,232,0,223,0,89,0,38,0,18,0,13,0,11,
0,176,255,197,255,91,255,230,8,11,247,132,8,141,240,170,1,144,190,0,199,0,232,0,222,0,89,0,37,0,18,0,13,0,11,
0,201,255,197,255,79,255,230,8,11,247,132,8,253,239,213,1,182,191,0,200,0,232,0,223,0,89,0,38,0,18,0,13,0,11,
0,201,255,226,255,79,255,230,8,11,247,132,8,253,239,213,1,174,192,0,200,0,232,0,223,0,89,0,37,0,18,0,12,0,11,
0,197,255,228,255,105,255,176,8,5,247,222,7,80,240,179,1,174,192,0,200,0,232,0,223,0,89,0,37,0,17,0,12,0,11,
0,168,255,220,255,113,255,176,8,5,247,222,7,204,240,108,1,141,193,0,200,0,232,0,223,0,89,0,38,0,18,0,13,0,11,
0,168,255,220,255,115,255,176,8,5,247,222,7,96,241,12,1,133,191,0,200,0,232,0,223,0,89,0,38,0,18,0,13,0,11,
0,147,255,209,255,115,255,176,8,5,247,222,7,100,240,7,1,120,189,0,201,0,233,0,224,0,89,0,37,0,16,0,12,0,10,
0,165,255,197,255,102,255,176,8,5,247,222,7,100,240,7,1,120,189,0,201,0,232,0,224,0,90,0,38,0,17,0,12,0,11,
0,176,255,189,255,92,255,176,8,5,247,222,7,31,239,202,1,226,191,0,202,0,232,0,224,0,89,0,37,0,16,0,12,0,11,
0,176,255,189,255,92,255,176,8,5,247,222,7,62,240,71,1,96,194,0,202,0,232,0,224,0,89,0,37,0,16,0,12,0,11,
0,153,255,171,255,75,255,176,8,5,247,222,7,222,240,186,0,56,192,0,202,0,232,0,223,0,90,0,33,0,19,0,13,0,12,
0,152,255,160,255,77,255,176,8,5,247,222,7,222,240,185,0,142,190,0,202,0,232,0,223,0,90,0,34,0,18,0,13,0,12,
0,150,255,152,255,84,255,176,8,5,247,222,7,74,240,185,0,142,190,0,202,0,232,0,223,0,90,0,35,0,18,0,13,0,11,
0,150,255,152,255,84,255,193,8,40,247,81,8,170,239,218,0,28,191,0,203,0,232,0,224,0,89,0,35,0,16,0,13,0,11,
0,138,255,123,255,59,255,193,8,40,247,81,8,26,240,50,1,163,193,0,203,0,232,0,224,0,89,0,36,0,16,0,12,0,11,
0,121,255,104,255,52,255,193,8,40,247,81,8,83,240,54,1,209,192,0,203,0,232,0,223,0,90,0,37,0,19,0,13,0,12,
0,121,255,104,255,81,255,193,8,40,247,81,8,83,240,54,1,126,192,0,204,0,232,0,223,0,90,0,37,0,18,0,13,0,11,
0,133,255,103,255,81,255,193,8,40,247,81,8,109,240,236,0,126,192,0,204,0,232,0,223,0,90,0,37,0,18,0,13,0,11,
0,146,255,135,255,87,255,193,8,40,247,81,8,231,239,146,0,48,191,0,205,0,232,0,222,0,90,0,38,0,18,0,13,0,11,
0,85,255,144,255,111,255,193,8,40,247,81,8,158,239,255,0,248,191,0,206,0,232,0,223,0,89,0,37,0,17,0,12,0,11,
0,85,255,144,255,100,255,193,8,40,247,81,8,158,239,253,0,230,191,0,206,0,232,0,222,0,90,0,38,0,18,0,13,0,11,
0,38,255,127,255,100,255,193,8,40,247,81,8,153,239,253,0,230,191,0,206,0,232,0,222,0,90,0,38,0,19,0,13,0,11,
0,21,255,115,255,105,255,193,8,40,247,81,8,171,239,69,1,126,193,0,206,0,232,0,222,0,89,0,38,0,18,0,12,0,11,
0,29,255,129,255,105,255,193,8,40,247,81,8,86,240,204,0,69,192,0,207,0,232,0,221,0,89,0,38,0,18,0,13,0,11,
0,29,255,129,255,105,255,44,9,215,246,61,9,203,239,30,1,128,192,0,207,0,232,0,221,0,89,0,37,0,17,0,12,0,10,
0,18,255,119,255,87,255,44,9,215,246,61,9,203,239,30,1,219,190,0,207,0,232,0,220,0,89,0,38,0,18,0,13,0,11,
0,245,254,97,255,110,255,44,9,215,246,61,9,9,239,251,0,219,190,0,208,0,232,0,220,0,88,0,37,0,17,0,12,0,10,
0,233,254,101,255,113,255,44,9,215,246,61,9,55,239,46,1,55,193,0,208,0,231,0,219,0,89,0,37,0,18,0,13,0,11,
0,233,254,101,255,113,255,44,9,215,246,61,9,108,239,12,1,216,191,0,209,0,232,0,219,0,88,0,37,0,17,0,12,0,11,
0,228,254,106,255,134,255,44,9,215,246,61,9,32,239,14,1,107,191,0,208,0,231,0,218,0,89,0,38,0,19,0,13,0,11,
0,13,255,106,255,139,255,44,9,215,246,61,9,32,239,14,1,107,191,0,209,0,231,0,218,0,88,0,38,0,18,0,13,0,11,
0,13,255,106,255,133,255,44,9,215,246,61,9,142,238,81,1,126,191,0,209,0,231,0,217,0,88,0,37,0,18,0,13,0,11,
0,25,255,94,255,133,255,44,9,215,246,61,9,233,238,65,1,77,192,0,210,0,231,0,217,0,87,0,41,0,18,0,12,0,11,
0,9,255,113,255,135,255,44,9,215,246,61,9,115,239,118,1,45,192,0,209,0,230,0,216,0,88,0,41,0,19,0,13,0,11,
0,222,254,120,255,141,255,7,9,223,246,24,8,115,239,120,1,75,192,0,210,0,231,0,216,0,87,0,39,0,18,0,12,0,10,
0,222,254,120,255,126,255,7,9,223,246,24,8,35,239,120,1,75,192,0,209,0,230,0,215,0,87,0,40,0,19,0,13,0,11,
0,207,254,139,255,126,255,7,9,223,246,24,8,219,238,52,1,94,191,0,209,0,230,0,215,0,87,0,39,0,19,0,13,0,11,
0,195,254,171,255,123,255,7,9,223,246,24,8,144,238,186,1,33,191,0,210,0,231,0,215,0,86,0,38,0,18,0,12,0,11,
0,241,254,171,255,115,255,7,9,223,246,24,8,157,238,218,1,67,192,0,209,0,230,0,214,0,87,0,38,0,19,0,13,0,11,
0,241,254,171,255,115,255,7,9,223,246,24,8,157,238,218,1,67,192,0,209,0,230,0,215,0,86,0,37,0,17,0,12,0,11,
0,2,255,146,255,96,255,7,9,223,246,24,8,5,239,168,1,250,191,0,209,0,230,0,214,0,86,0,37,0,18,0,13,0,11,
0,243,254,138,255,95,255,7,9,223,246,24,8,39,239,139,1,223,190,0,209,0,229,0,214,0,86,0,37,0,18,0,13,0,11,
0,255,254,137,255,112,255,7,9,223,246,24,8,74,238,18,2,103,190,0,209,0,230,0,214,0,85,0,36,0,17,0,12,0,10,
0,255,254,137,255,112,255,7,9,223,246,24,8,74,238,251,1,229,191,0,208,0,230,0,213,0,86,0,36,0,18,0,13,0,11,
0,248,254,131,255,136,255,214,8,29,247,103,8,186,238,251,1,229,191,0,208,0,230,0,214,0,85,0,36,0,16,0,12,0,11,
0,235,254,119,255,116,255,214,8,29,247,103,8,202,238,238,1,11,192,0,207,0,229,0,213,0,86,0,36,0,18,0,13,0,11,
0,235,254,119,255,118,255,214,8,29,247,103,8,10,239,222,1,245,189,0,207,0,229,0,213,0,85,0,36,0,17,0,13,0,11,
0,196,254,140,255,118,255,214,8,29,247,103,8,60,238,76,2,103,190,0,207,0,229,0,213,0,85,0,35,0,17,0,12,0,11,
0,227,254,161,255,141,255,214,8,29,247,103,8,60,238,76,2,218,191,0,206,0,228,0,213,0,85,0,36,0,18,0,13,0,11,
0,234,254,168,255,146,255,214,8,29,247,103,8,77,238,105,2,218,191,0,207,0,229,0,213,0,84,0,36,0,17,0,12,0,11,
0,234,254,168,255,146,255,214,8,29,247,103,8,176,239,110,2,217,191,0,206,0,228,0,213,0,85,0,36,0,18,0,13,0,11,
0,239,254,159,255,144,255,214,8,29,247,103,8,154,238,58,2,43,190,0,205,0,228,0,212,0,85,0,36,0,18,0,13,0,11,
0,235,254,175,255,106,255,214,8,29,247,103,8,154,238,202,2,43,191,0,205,0,228,0,213,0,84,0,35,0,16,0,12,0,11,
0,236,254,203,255,92,255,214,8,29,247,103,8,178,238,202,2,43,191,0,205,0,228,0,212,0,85,0,36,0,18,0,13,0,12,
0,236,254,203,255,92,255,248,8,49,247,168,7,251,238,32,3,207,192,0,205,0,228,0,213,0,84,0,35,0,17,0,12,0,11,
0,10,255,218,255,104,255,248,8,49,247,168,7,21,239,242,2,92,192,0,204,0,227,0,212,0,85,0,36,0,18,0,13,0,11,
0,235,254,206,255,97,255,248,8,49,247,168,7,31,239,162,2,64,190,0,204,0,227,0,212,0,85,0,36,0,18,0,13,0,11,
0,244,254,202,255,127,255,248,8,49,247,168,7,31,239,162,2,132,190,0,205,0,227,0,213,0,84,0,35,0,16,0,12,0,11,
0,244,254,202,255,127,255,248,8,49,247,168,7,123,238,47,3,132,190,0,204,0,227,0,213,0,85,0,36,0,18,0,13,0,11,
0,248,254,204,255,103,255,248,8,49,247,168,7,190,238,60,3,3,192,0,206,0,228,0,214,0,84,0,35,0,16,0,12,0,11,
0,8,255,234,255,116,255,248,8,49,247,168,7,128,239,200,2,191,191,0,205,0,227,0,213,0,85,0,36,0,18,0,13,0,11,
0,8,255,234,255,123,255,248,8,49,247,168,7,19,239,165,2,143,189,0,205,0,227,0,214,0,85,0,36,0,18,0,13,0,11,
0,31,255,247,255,123,255,248,8,49,247,168,7,19,239,165,2,143,189,0,205,0,227,0,214,0,85,0,36,0,17,0,13,0,11,
0,44,255,252,255,122,255,248,8,49,247,168,7,133,238,72,3,68,191,0,206,0,227,0,214,0,85,0,36,0,17,0,13,0,11,
0,60,255,14,0,116,255,248,8,64,247,90,8,184,239,53,3,5,192,0,206,0,227,0,215,0,84,0,35,0,16,0,12,0,10,
0,60,255,14,0,116,255,226,8,64,247,90,8,106,239,252,2,124,191,0,206,0,226,0,215,0,85,0,36,0,18,0,13,0,11,
0,57,255,11,0,89,255,226,8,64,247,90,8,106,239,238,2,40,190,0,207,0,226,0,215,0,86,0,36,0,17,0,13,0,11,
0,75,255,18,0,109,255,226,8,64,247,90,8,220,238,238,2,40,190,0,207,0,226,0,216,0,86,0,36,0,17,0,12,0,11,
0,105,255,9,0,99,255,226,8,64,247,90,8,209,238,91,3,41,192,0,208,0,226,0,216,0,85,0,35,0,18,0,13,0,11,
0,105,255,9,0,99,255,226,8,64,247,90,8,133,239,254,2,42,191,0,208,0,226,0,217,0,85,0,35,0,17,0,12,0,11,
0,108,255,17,0,111,255,226,8,64,247,90,8,68,239,239,2,186,189,0,208,0,226,0,216,0,86,0,36,0,18,0,13,0,11,
0,134,255,5,0,91,255,226,8,64,247,90,8,68,239,239,2,107,191,0,208,0,226,0,217,0,87,0,37,0,18,0,13,0,12,
0,151,255,5,0,80,255,226,8,64,247,90,8,155,238,236,2,107,191,0,208,0,226,0,218,0,87,0,36,0,18,0,13,0,11,
0,151,255,5,0,80,255,226,8,64,247,90,8,29,239,238,2,157,192,0,208,0,226,0,218,0,87,0,36,0,18,0,13,0,12,
0,124,255,47,0,68,255,226,8,64,247,90,8,73,239,166,2,73,190,0,209,0,226,0,219,0,86,0,36,0,17,0,12,0,11,
0,100,255,47,0,99,255,2,9,203,246,45,9,73,239,8,3,171,191,0,209,0,226,0,219,0,87,0,37,0,18,0,13,0,11,
0,100,255,47,0,113,255,2,9,203,246,45,9,57,239,8,3,171,191,0,209,0,226,0,220,0,87,0,37,0,18,0,13,0,11,
0,58,255,44,0,113,255,2,9,203,246,45,9,111,238,228,2,9,191,0,209,0,226,0,220,0,87,0,37,0,18,0,12,0,11,
0,70,255,6,0,101,255,2,9,203,246,45,9,51,239,240,2,149,192,0,210,0,227,0,221,0,87,0,36,0,17,0,13,0,11,
0,86,255,236,255,83,255,2,9,203,246,45,9,147,239,84,2,136,190,0,211,0,227,0,222,0,87,0,36,0,17,0,12,0,10,
0,86,255,236,255,83,255,2,9,203,246,45,9,147,239,84,2,73,191,0,210,0,226,0,221,0,88,0,37,0,18,0,13,0,11,
0,69,255,239,255,81,255,2,9,203,246,45,9,206,238,195,2,73,191,0,210,0,227,0,222,0,89,0,37,0,18,0,13,0,11,
0,57,255,9,0,117,255,2,9,203,246,45,9,37,239,151,2,73,192,0,209,0,227,0,222,0,89,0,37,0,18,0,13,0,11,
0,79,255,14,0,108,255,2,9,203,246,45,9,104,239,90,2,215,191,0,209,0,227,0,223,0,89,0,37,0,18,0,13,0,11,
0,79,255,14,0,108,255,2,9,203,246,45,9,173,239,24,2,215,191,0,209,0,227,0,223,0,88,0,36,0,17,0,12,0,10,
0,105,255,27,0,83,255,254,8,226,246,241,8,173,239,24,2,215,191,0,208,0,227,0,223,0,89,0,38,0,18,0,13,0,11,
0,110,255,1,0,77,255,254,8,226,246,241,8,96,239,89,2,129,192,0,208,0,227,0,224,0,89,0,37,0,16,0,13,0,11,
0,99,255,255,255,91,255,254,8,226,246,241,8,33,239,92,2,42,192,0,208,0,227,0,225,0,89,0,37,0,16,0,12,0,10,
0,99,255,255,255,91,255,254,8,226,246,241,8,186,239,2,2,1,193,0,207,0,227,0,224,0,89,0,38,0,17,0,13,0,11,
0,100,255,10,0,104,255,254,8,226,246,241,8,186,239,2,1,220,191,0,207,0,227,0,225,0,89,0,37,0,16,0,12,0,11,
0,114,255,13,0,69,255,254,8,226,246,241,8,211,239,232,1,220,191,0,206,0,227,0,225,0,90,0,38,0,17,0,13,0,11,
0,114,255,13,0,43,255,254,8,226,246,241,8,174,239,196,1,143,191,0,207,0,227,0,226,0,90,0,38,0,17,0,13,0,11,
0,122,255,5,0,43,255,254,8,226,246,241,8,123,239,237,1,49,192,0,205,0,227,0,226,0,91,0,38,0,17,0,12,0,11,
0,94,255,8,0,35,255,254,8,226,246,241,8,85,239,208,1,20,193,0,206,0,227,0,227,0,90,0,38,0,16,0,12,0,11,
0,89,255,19,0,58,255,254,8,226,246,241,8,85,239,208,1,20,193,0,205,0,226,0,226,0,91,0,38,0,18,0,13,0,12,
0,89,255,19,0,58,255,182,8,75,247,232,7,130,240,222,1,55,193,0,204,0,226,0,226,0,91,0,39,0,18,0,13,0,11,
0,57,255,35,0,95,255,182,8,75,247,232,7,44,240,198,1,21,193,0,205,0,226,0,227,0,91,0,39,0,18,0,13,0,11,
0,52,255,35,0,92,255,182,8,75,247,232,7,83,239,176,1,69,192,0,204,0,226,0,227,0,91,0,38,0,17,0,12,0,11,
0,59,255,40,0,97,255,182,8,75,247,232,7,83,239,29,2,212,193,0,204,0,226,0,227,0,91,0,38,0,17,0,12,0,11,
0,59,255,40,0,97,255,182,8,75,247,232,7,94,239,29,2,212,193,0,204,0,226,0,228,0,91,0,38,0,17,0,12,0,10,
0,50,255,51,0,85,255,182,8,75,247,232,7,62,240,245,1,50,193,0,203,0,225,0,227,0,91,0,33,0,17,0,13,0,11,
0,67,255,44,0,86,255,182,8,75,247,232,7,31,240,152,1,112,191,0,203,0,225,0,227,0,91,0,35,0,16,0,13,0,11,
0,44,255,42,0,79,255,182,8,75,247,232,7,163,239,192,1,165,192,0,203,0,225,0,227,0,91,0,36,0,16,0,12,0,11,
0,44,255,42,0,79,255,182,8,75,247,232,7,163,239,192,1,9,194,0,203,0,225,0,227,0,91,0,36,0,16,0,12,0,11,
0,0,255,31,0,74,255,182,8,75,247,232,7,227,239,6,2,9,194,0,203,0,225,0,227,0,91,0,36,0,16,0,12,0,11,
0,10,255,253,255,114,255,15,9,209,246,160,8,0,240,115,1,253,191,0,203,0,224,0,227,0,92,0,38,0,17,0,13,0,11,
0,10,255,253,255,95,255,15,9,209,246,160,8,186,239,208,1,232,192,0,203,0,224,0,227,0,92,0,37,0,17,0,13,0,11,
0,240,254,3,0,95,255,15,9,209,246,160,8,186,239,179,1,3,192,0,202,0,224,0,227,0,91,0,38,0,17,0,12,0,11,
0,219,254,4,0,76,255,15,9,209,246,160,8,40,239,179,1,3,192,0,203,0,224,0,227,0,91,0,37,0,16,0,12,0,11,
0,225,254,253,255,82,255,15,9,209,246,160,8,180,239,52,2,20,193,0,203,0,224,0,227,0,91,0,38,0,16,0,12,0,11,
0,225,254,253,255,82,255,15,9,209,246,160,8,20,240,37,2,38,192,0,202,0,223,0,226,0,92,0,39,0,18,0,13,0,11,
0,13,255,14,0,58,255,15,9,209,246,160,8,167,239,31,2,195,191,0,201,0,223,0,226,0,92,0,39,0,17,0,13,0,11,
0,17,255,18,0,40,255,15,9,209,246,160,8,167,239,31,2,49,191,0,201,0,223,0,226,0,91,0,39,0,18,0,13,0,12,
0,15,255,26,0,39,255,15,9,209,246,160,8,160,239,241,1,49,191,0,201,0,223,0,226,0,91,0,39,0,18,0,13,0,12,
0,15,255,26,0,39,255,15,9,209,246,160,8,178,239,33,2,31,193,0,201,0,223,0,226,0,91,0,38,0,17,0,12,0,11,
0,17,255,4,0,77,255,15,9,209,246,160,8,211,239,42,2,206,191,0,200,0,223,0,225,0,91,0,39,0,18,0,13,0,11,
0,244,254,225,255,48,255,35,9,240,246,222,8,240,239,75,2,121,192,0,200,0,223,0,225,0,91,0,39,0,18,0,13,0,11,
0,224,254,225,255,80,255,35,9,240,246,222,8,240,239,75,2,121,192,0,200,0,223,0,226,0,91,0,38,0,17,0,12,0,11,
0,224,254,202,255,80,255,35,9,240,246,222,8,69,239,125,2,91,191,0,200,0,223,0,225,0,91,0,39,0,18,0,13,0,11,
0,232,254,216,255,77,255,35,9,240,246,222,8,139,239,104,2,151,192,0,200,0,223,0,225,0,90,0,38,0,16,0,12,0,11,
0,236,254,231,255,68,255,35,9,240,246,222,8,39,240,70,2,175,191,0,198,0,222,0,224,0,91,0,39,0,18,0,13,0,11,
0,236,254,231,255,56,255,35,9,240,246,222,8,39,240,66,2,62,191,0,198,0,222,0,224,0,91,0,38,0,17,0,13,0,11,
0,234,254,10,0,56,255,35,9,240,246,222,8,226,239,66,2,62,191,0,198,0,222,0,224,0,91,0,42,0,17,0,12,0,10,
0,247,254,13,0,56,255,35,9,240,246,222,8,168,239,136,2,186,190,0,198,0,223,0,224,0,90,0,41,0,17,0,12,0,10,
0,236,254,1,0,62,255,35,9,240,246,222,8,196,239,174,2,105,192,0,197,0,222,0,223,0,91,0,41,0,20,0,13,0,11,
0,236,254,1,0,62,255,35,9,240,246,222,8,195,239,224,2,213,192,0,197,0,222,0,223,0,90,0,40,0,20,0,13,0,11,
0,219,254,253,255,51,255,177,8,13,247,90,9,195,239,224,2,213,193,0,197,0,222,0,223,0,90,0,40,0,20,0,13,0,11,
0,237,254,244,255,44,255,177,8,13,247,90,9,75,240,136,2,79,193,0,197,0,222,0,222,0,90,0,39,0,18,0,13,0,11,
0,231,254,246,255,49,255,177,8,13,247,90,9,75,240,123,2,225,190,0,197,0,222,0,222,0,89,0,38,0,18,0,13,0,11,
0,231,254,246,255,49,255,177,8,13,247,90,9,64,239,188,2,95,190,0,197,0,222,0,222,0,90,0,39,0,19,0,14,0,12,
0,5,255,246,255,25,255,177,8,13,247,90,9,64,239,34,3,133,192,0,197,0,222,0,222,0,89,0,39,0,19,0,13,0,11,
0,245,254,10,0,23,255,177,8,13,247,90,9,31,239,34,3,133,192,0,197,0,222,0,221,0,89,0,39,0,19,0,13,0,12,
0,214,254,10,0,18,255,177,8,13,247,90,9,143,240,202,2,233,191,0,197,0,222,0,221,0,89,0,38,0,17,0,13,0,11,
0,214,254,1,0,18,255,177,8,13,247,90,9,177,239,155,2,235,189,0,197,0,222,0,221,0,89,0,38,0,17,0,13,0,11,
0,205,254,252,255,15,255,177,8,13,247,90,9,62,239,48,3,234,191,0,198,0,222,0,221,0,89,0,37,0,17,0,13,0,11,
0,235,254,239,255,12,255,177,8,13,247,90,9,62,239,48,3,180,191,0,197,0,221,0,220,0,89,0,38,0,19,0,13,0,11,
0,235,254,239,255,24,255,17,9,12,247,209,8,58,240,23,3,180,191,0,198,0,221,0,219,0,89,0,38,0,19,0,13,0,12,
0,236,254,235,255,24,255,17,9,12,247,209,8,243,239,22,3,120,191,0,198,0,221,0,220,0,88,0,38,0,17,0,13,0,11,
0,185,254,233,255,41,255,17,9,12,247,209,8,39,240,189,2,173,189,0,198,0,221,0,220,0,87,0,37,0,18,0,13,0,12,
0,198,254,197,255,49,255,17,9,12,247,209,8,24,239,32,3,35,191,0,199,0,222,0,220,0,88,0,37,0,17,0,12,0,10,
0,198,254,197,255,49,255,17,9,12,247,209,8,24,239,32,3,35,191,0,198,0,221,0,219,0,89,0,38,0,19,0,13,0,11,
0,221,254,194,255,31,255,17,9,12,247,209,8,57,240,254,2,171,190,0,198,0,221,0,219,0,88,0,38,0,18,0,13,0,11,
0,222,254,205,255,35,255,17,9,12,247,209,8,10,241,223,2,175,189,0,199,0,221,0,220,0,87,0,37,0,17,0,12,0,10,
0,2,255,207,255,25,255,17,9,12,247,209,8,138,239,100,3,107,190,0,199,0,221,0,219,0,88,0,37,0,18,0,13,0,11,
0,2,255,207,255,25,255,17,9,12,247,209,8,138,239,100,3,67,191,0,200,0,221,0,219,0,87,0,37,0,17,0,12,0,11,
0,37,255,211,255,255,254,17,9,12,247,209,8,40,240,20,3,67,191,0,200,0,221,0,219,0,88,0,38,0,18,0,13,0,11,
0,1,255,200,255,245,254,9,9,4,247,210,8,161,240,202,2,177,189,0,200,0,221,0,219,0,88,0,37,0,18,0,13,0,11,
0,217,254,200,255,240,254,9,9,4,247,210,8,14,240,28,3,142,190,0,201,0,221,0,219,0,88,0,37,0,17,0,12,0,11,
0,217,254,193,255,240,254,9,9,4,247,210,8,250,239,6,3,31,190,0,201,0,221,0,219,0,87,0,37,0,17,0,12,0,11,
0,222,254,186,255,234,254,9,9,4,247,210,8,250,239,6,3,31,190,0,201,0,220,0,219,0,88,0,37,0,18,0,13,0,11,
0,23,255,158,255,239,254,9,9,4,247,210,8,85,240,31,3,252,189,0,202,0,220,0,219,0,88,0,37,0,18,0,13,0,11,
0,23,255,158,255,250,254,9,9,4,247,210,8,30,240,58,3,185,190,0,203,0,220,0,219,0,88,0,37,0,18,0,13,0,11,
0,44,255,161,255,250,254,9,9,4,247,210,8,29,240,216,2,99,190,0,204,0,221,0,219,0,87,0,37,0,17,0,12,0,11,
0,61,255,165,255,11,255,9,9,4,247,210,8,29,240,174,2,80,189,0,204,0,220,0,218,0,88,0,38,0,19,0,13,0,12,
0,31,255,148,255,12,255,9,9,4,247,210,8,129,240,174,2,80,189,0,206,0,221,0,219,0,87,0,37,0,17,0,12,0,11,
0,31,255,148,255,12,255,9,9,4,247,210,8,225,239,43,3,117,189,0,206,0,220,0,218,0,88,0,37,0,18,0,13,0,11,
0,247,254,151,255,46,255,9,9,4,247,210,8,171,239,153,3,250,190,0,207,0,220,0,218,0,88,0,37,0,18,0,13,0,11,
0,0,255,153,255,32,255,35,9,208,246,251,8,55,240,82,3,72,192,0,208,0,220,0,218,0,87,0,37,0,17,0,12,0,11,
0,34,255,167,255,20,255,35,9,208,246,251,8,55,240,82,3,252,189,0,208,0,220,0,218,0,87,0,36,0,17,0,12,0,11,
0,34,255,167,255,20,255,35,9,208,246,251,8,238,240,110,2,252,189,0,209,0,220,0,217,0,87,0,37,0,18,0,13,0,11,
0,28,255,150,255,24,255,35,9,208,246,251,8,222,239,180,2,205,187,0,209,0,220,0,217,0,87,0,37,0,18,0,13,0,11,
0,36,255,118,255,252,254,35,9,208,246,251,8,203,238,178,3,159,190,0,210,0,220,0,216,0,87,0,37,0,18,0,13,0,11,
0,36,255,118,255,253,254,35,9,208,246,251,8,203,238,139,3,142,192,0,210,0,220,0,216,0,87,0,37,0,17,0,12,0,11,
0,33,255,116,255,253,254,35,9,208,246,251,8,92,240,139,3,142,192,0,211,0,220,0,217,0,87,0,37,0,18,0,13,0,11,
0,47,255,98,255,12,255,35,9,208,246,251,8,138,240,237,2,8,189,0,212,0,220,0,216,0,86,0,36,0,17,0,12,0,10,
0,59,255,123,255,7,255,35,9,208,246,251,8,173,239,90,3,152,188,0,211,0,220,0,215,0,87,0,37,0,18,0,13,0,11,
0,59,255,123,255,15,255,35,9,208,246,251,8,193,238,211,3,229,190,0,212,0,220,0,215,0,87,0,37,0,18,0,13,0,11,
0,69,255,137,255,15,255,2,9,56,247,87,8,193,238,211,3,109,192,0,212,0,220,0,215,0,87,0,37,0,18,0,13,0,11,
0,87,255,135,255,12,255,2,9,56,247,87,8,179,239,188,3,109,192,0,212,0,220,0,214,0,86,0,37,0,18,0,13,0,11,
0,74,255,142,255,14,255,2,9,56,247,87,8,153,240,104,3,219,190,0,213,0,220,0,215,0,85,0,36,0,17,0,12,0,11,
0,74,255,142,255,14,255,2,9,56,247,87,8,190,239,41,3,222,187,0,213,0,220,0,214,0,86,0,37,0,18,0,13,0,11,
0,39,255,157,255,22,255,2,9,56,247,87,8,199,238,140,3,173,188,0,214,0,220,0,214,0,86,0,36,0,18,0,13,0,11,
0,20,255,157,255,50,255,2,9,56,247,87,8,199,238,140,3,173,188,0,214,0,220,0,214,0,86,0,36,0,17,0,12,0,11,
0,24,255,140,255,50,255,2,9,56,247,87,8,106,239,78,4,141,192,0,214,0,220,0,213,0,86,0,36,0,18,0,13,0,11,
0,24,255,140,255,50,255,2,9,56,247,87,8,138,240,216,3,54,191,0,215,0,220,0,213,0,85,0,36,0,17,0,12,0,11,
0,51,255,169,255,42,255,2,9,56,247,87,8,201,239,164,3,155,187,0,215,0,219,0,211,0,85,0,36,0,18,0,13,0,11,
0,63,255,173,255,51,255,2,9,56,247,87,8,201,239,234,3,85,189,0,215,0,220,0,211,0,85,0,37,0,18,0,13,0,11,
0,63,255,173,255,86,255,161,8,24,247,232,7,240,237,234,3,85,189,0,215,0,220,0,211,0,85,0,36,0,17,0,12,0,11,
0,35,255,150,255,86,255,161,8,24,247,232,7,176,238,80,4,11,192,0,215,0,220,0,211,0,84,0,35,0,17,0,13,0,11,
0,84,255,156,255,93,255,161,8,24,247,232,7,90,239,235,3,224,191,0,215,0,220,0,211,0,84,0,35,0,16,0,12,0,11,
0,105,255,166,255,66,255,161,8,24,247,232,7,57,239,251,3,61,190,0,214,0,220,0,210,0,84,0,36,0,18,0,13,0,11,
0,105,255,166,255,62,255,161,8,24,247,232,7,57,239,251,3,61,189,0,214,0,219,0,210,0,84,0,36,0,17,0,13,0,11,
0,68,255,152,255,62,255,161,8,24,247,232,7,212,238,74,4,228,189,0,213,0,219,0,209,0,84,0,36,0,17,0,12,0,11,
0,53,255,148,255,75,255,161,8,24,247,232,7,197,238,54,4,15,190,0,213,0,219,0,210,0,83,0,35,0,16,0,12,0,10,
0,251,254,177,255,69,255,161,8,24,247,232,7,82,238,69,4,125,190,0,212,0,219,0,209,0,84,0,36,0,18,0,12,0,11,
0,251,254,177,255,69,255,161,8,24,247,232,7,82,238,85,4,238,189,0,211,0,219,0,209,0,83,0,35,0,17,0,13,0,11,
0,206,254,221,255,58,255,161,8,24,247,232,7,237,237,85,4,238,189,0,211,0,219,0,209,0,83,0,35,0,17,0,12,0,11,
0,234,254,233,255,59,255,198,8,54,247,245,7,49,238,128,4,36,191,0,210,0,219,0,209,0,83,0,35,0,16,0,12,0,11,
0,243,254,11,0,45,255,198,8,54,247,245,7,241,237,136,4,188,191,0,209,0,219,0,210,0,82,0,35,0,16,0,12,0,11,
0,243,254,11,0,45,255,198,8,54,247,245,7,202,238,94,4,65,190,0,208,0,218,0,209,0,83,0,30,0,16,0,13,0,12,
0,241,254,38,0,98,255,198,8,54,247,245,7,202,238,94,4,37,189,0,208,0,218,0,209,0,83,0,31,0,16,0,13,0,12,
0,7,255,32,0,99,255,198,8,54,247,245,7,187,237,154,4,37,189,0,207,0,219,0,209,0,83,0,32,0,16,0,13,0,12,
0,7,255,32,0,84,255,198,8,54,247,245,7,58,237,2,5,217,190,0,206,0,219,0,209,0,83,0,33,0,16,0,12,0,11,
0,11,255,53,0,84,255,198,8,54,247,245,7,217,237,3,5,138,191,0,206,0,219,0,210,0,82,0,33,0,16,0,12,0,11,
0,10,255,67,0,82,255,198,8,54,247,245,7,217,238,165,4,194,189,0,205,0,219,0,210,0,83,0,34,0,17,0,13,0,12,
0,253,254,58,0,53,255,198,8,54,247,245,7,149,238,165,4,194,189,0,204,0,219,0,210,0,83,0,35,0,17,0,12,0,11,
0,253,254,58,0,53,255,198,8,54,247,245,7,140,237,167,4,20,188,0,203,0,219,0,211,0,83,0,35,0,17,0,13,0,11,
0,254,254,76,0,71,255,198,8,54,247,245,8,85,237,72,5,78,191,0,202,0,219,0,211,0,83,0,34,0,17,0,12,0,11,
0,244,254,74,0,86,255,239,8,213,246,206,8,176,237,171,4,5,191,0,202,0,220,0,212,0,83,0,34,0,16,0,12,0,11,
0,235,254,72,0,94,255,239,8,213,246,206,8,176,237,171,4,93,189,0,200,0,219,0,212,0,84,0,35,0,17,0,13,0,11,
0,235,254,72,0,94,255,239,8,213,246,206,8,21,238,99,4,93,189,0,200,0,220,0,213,0,84,0,35,0,17,0,12,0,11,
0,227,254,66,0,103,255,239,8,213,246,206,8,51,237,200,4,252,188,0,198,0,220,0,214,0,84,0,35,0,17,0,12,0,11,
0,216,254,113,0,85,255,239,8,213,246,206,8,12,237,184,4,246,189,0,197,0,220,0,215,0,84,0,35,0,16,0,12,0,11,
0,248,254,154,0,69,255,239,8,213,246,206,8,253,237,91,4,146,190,0,196,0,221,0,216,0,84,0,35,0,16,0,12,0,10,
0,248,254,154,0,69,255,239,8,213,246,206,8,253,237,91,4,146,190,0,194,0,221,0,216,0,85,0,36,0,17,0,13,0,11,
0,236,254,165,0,71,255,239,8,213,246,206,8,50,238,255,3,155,188,0,192,0,221,0,218,0,85,0,36,0,17,0,12,0,11,
0,248,254,180,0,82,255,239,8,213,246,206,8,230,237,81,4,100,189,0,191,0,221,0,219,0,86,0,36,0,17,0,12,0,11,
0,248,254,180,0,45,255,239,8,213,246,206,8,196,237,30,4,72,190,0,189,0,222,0,220,0,86,0,36,0,17,0,12,0,11,
0,69,255,189,0,45,255,191,8,214,246,81,9,196,237,12,4,17,191,0,188,0,222,0,221,0,87,0,36,0,18,0,13,0,11,
0,97,255,193,0,5,255,191,8,214,246,81,9,163,238,12,4,17,191,0,186,0,223,0,223,0,87,0,36,0,17,0,12,0,11,
0,101,255,230,0,21,255,191,8,214,246,81,9,179,238,74,3,131,188,0,184,0,222,0,223,0,88,0,36,0,18,0,13,0,11,
0,101,255,230,0,21,254,191,8,214,246,81,9,48,238,2,4,70,190,0,182,0,223,0,224,0,88,0,41,0,17,0,12,0,11,
0,105,255,7,1,244,254,191,8,214,246,81,9,199,238,106,3,213,189,0,181,0,223,0,226,0,89,0,40,0,17,0,12,0,11,
0,126,255,65,1,221,254,191,8,214,246,81,9,199,238,106,3,31,190,0,180,0,223,0,227,0,89,0,39,0,16,0,12,0,11,
0,110,255,81,1,232,254,191,8,214,246,81,9,67,239,103,3,31,190,0,177,0,223,0,228,0,90,0,40,0,18,0,13,0,11,
0,110,255,81,1,232,254,191,8,214,246,81,9,19,239,24,3,83,189,0,175,0,223,0,229,0,91,0,40,0,18,0,13,0,11,
0,90,255,77,1,223,254,191,8,214,246,81,9,206,238,81,3,104,191,0,174,0,224,0,230,0,91,0,39,0,18,0,13,0,11,
0,131,255,88,1,233,254,191,8,214,246,81,9,206,238,173,2,232,189,0,173,0,224,0,232,0,92,0,39,0,17,0,12,0,11,
0,170,255,77,1,236,254,34,9,224,246,101,8,78,240,173,2,232,189,0,172,0,225,0,233,0,91,0,38,0,17,0,12,0,11,
0,170,255,77,1,236,254,34,9,224,246,101,8,144,239,218,2,26,191,0,171,0,225,0,234,0,93,0,40,0,18,0,13,0,11,
0,132,255,107,1,236,254,34,9,224,246,101,8,160,239,136,2,179,189,0,170,0,225,0,235,0,93,0,39,0,18,0,12,0,11,
0,138,255,100,1,211,254,34,9,224,246,101,8,252,239,213,2,80,191,0,169,0,226,0,237,0,94,0,40,0,18,0,13,0,11,
0,138,255,100,1,190,254,34,9,224,246,101,8,252,239,213,2,75,189,0,168,0,226,0,238,0,94,0,40,0,17,0,12,0,11,
0,146,255,95,1,190,254,34,9,224,246,101,8,122,240,55,2,75,189,0,168,0,226,0,239,0,95,0,39,0,17,0,12,0,11,
0,144,255,112,1,194,254,34,9,224,246,101,8,59,240,16,2,112,189,0,167,0,227,0,241,0,95,0,40,0,19,0,12,0,10,
0,152,255,122,1,213,254,34,9,224,246,101,8,39,240,82,2,8,191,0,165,0,226,0,241,0,97,0,40,0,20,0,13,0,11,
0,152,255,122,1,213,254,34,9,224,246,101,8,242,240,62,2,222,191,0,165,0,227,0,242,0,96,0,40,0,19,0,12,0,11,
0,154,255,129,1,230,254,34,9,224,246,101,8,242,240,62,2,222,191,0,164,0,227,0,243,0,97,0,40,0,19,0,13,0,11,
0,187,255,136,1,219,254,175,8,33,247,28,8,75,241,228,1,124,190,0,163,0,228,0,244,0,98,0,41,0,20,0,13,0,12,
0,187,255,123,1,207,254,175,8,33,247,28,8,2,241,163,1,19,191,0,162,0,228,0,244,0,98,0,40,0,19,0,13,0,11,
0,187,255,123,1,207,254,175,8,33,247,28,8,159,240,211,1,63,191,0,161,0,228,0,244,0,99,0,41,0,20,0,14,0,12,
0,161,255,90,1,222,254,175,8,33,247,28,8,159,240,211,1,179,192,0,160,0,228,0,245,0,99,0,42,0,20,0,14,0,12,
0,167,255,78,1,236,254,175,8,33,247,28,8,119,241,204,1,179,192,0,159,0,228,0,246,0,99,0,42,0,20,0,14,0,12,
0,180,255,62,1,10,255,175,8,33,247,28,8,224,241,95,1,126,191,0,159,0,228,0,246,0,100,0,42,0,20,0,14,0,12,
0,180,255,62,1,10,255,175,8,33,247,28,8,216,241,68,1,32,191,0,159,0,229,0,246,0,99,0,41,0,18,0,13,0,11,
0,167,255,47,1,6,255,175,8,33,247,28,8,196,241,115,1,221,191,0,158,0,229,0,246,0,100,0,43,0,20,0,14,0,12,
0,132,255,59,1,242,254,175,8,33,247,28,8,196,241,115,1,221,191,0,158,0,229,0,246,0,100,0,42,0,20,0,13,0,12,
0,132,255,59,1,253,254,175,8,33,247,28,8,29,242,71,1,171,192,0,158,0,229,0,246,0,100,0,42,0,19,0,13,0,11,
0,172,255,27,1,253,254,175,9,228,246,76,8,6,242,33,1,224,191,0,158,0,229,0,246,0,100,0,42,0,19,0,13,0,12,
0,187,255,245,0,7,255,5,9,228,246,76,8,51,242,10,1,79,193,0,158,0,229,0,246,0,100,0,42,0,19,0,13,0,11,
0,110,255,228,0,21,255,5,9,228,246,76,8,51,242,6,1,69,192,0,158,0,229,0,245,0,100,0,43,0,20,0,13,0,11,
0,110,255,228,0,21,255,5,9,228,246,76,8,172,242,6,1,69,192,0,158,0,229,0,245,0,101,0,43,0,20,0,14,0,11,
0,66,255,223,0,27,255,5,9,228,246,76,8,203,241,242,0,55,191,0,159,0,230,0,244,0,100,0,43,0,20,0,13,0,11,
0,71,255,206,0,18,255,5,9,228,246,76,8,185,241,255,0,251,192,0,159,0,229,0,244,0,100,0,43,0,20,0,13,0,11,
0,45,255,169,0,36,255,5,9,228,246,76,8,126,242,36,1,5,194,0,159,0,229,0,244,0,99,0,41,0,19,0,13,0,11,
0,45,255,169,0,36,255,5,9,228,246,76,8,126,242,36,1,205,192,0,160,0,229,0,243,0,100,0,43,0,20,0,13,0,11,
0,20,255,140,0,26,255,5,9,228,246,76,8,134,243,250,0,205,192,0,160,0,229,0,243,0,100,0,43,0,20,0,13,0,11,
0,30,255,120,0,36,255,5,9,228,246,76,8,127,242,168,0,61,191,0,161,0,229,0,243,0,99,0,41,0,19,0,12,0,11,
0,25,255,74,0,27,255,5,9,228,246,76,8,135,241,50,1,157,191,0,162,0,229,0,242,0,100,0,43,0,20,0,14,0,11,
0,25,255,74,0,27,255,161,8,75,247,46,8,135,241,60,1,170,193,0,163,0,230,0,242,0,99,0,42,0,19,0,13,0,11,
0,38,255,11,0,17,255,161,8,75,247,46,8,32,242,60,1,170,193,0,164,0,229,0,241,0,99,0,43,0,20,0,14,0,11,
0,13,255,238,255,40,255,161,8,75,247,46,8,234,242,45,1,89,194,0,165,0,228,0,240,0,99,0,42,0,20,0,14,0,12,
0,13,255,238,255,45,255,161,8,75,247,46,8,161,242,118,0,130,190,0,166,0,228,0,240,0,99,0,42,0,20,0,14,0,12,
0,8,255,207,255,45,255,161,8,75,247,46,8,219,241,14,1,126,191,0,168,0,228,0,239,0,99,0,42,0,18,0,14,0,11,
0,248,254,185,255,34,255,161,8,75,247,46,8,219,241,14,1,188,192,0,169,0,228,0,239,0,98,0,41,0,17,0,13,0,11,
0,229,254,135,255,56,255,161,8,75,247,46,8,216,241,67,1,188,192,0,169,0,228,0,238,0,98,0,42,0,19,0,13,0,11,
0,229,254,135,255,56,255,161,8,75,247,46,8,226,241,246,0,156,194,0,171,0,227,0,237,0,98,0,42,0,19,0,13,0,11,
0,228,254,130,255,46,255,161,8,75,247,46,8,35,243,228,0,151,192,0,172,0,227,0,237,0,97,0,41,0,18,0,13,0,11,
0,247,254,107,255,43,255,161,8,75,247,46,8,253,241,194,0,134,190,0,173,0,227,0,235,0,97,0,42,0,19,0,13,0,11,
0,5,255,62,255,50,255,145,8,91,247,138,8,253,241,194,0,134,190,0,174,0,227,0,235,0,96,0,41,0,17,0,12,0,11,
0,5,255,62,255,50,255,145,8,91,247,138,8,104,241,54,1,197,192,0,175,0,226,0,234,0,97,0,41,0,19,0,13,0,11,
0,243,254,61,255,65,255,145,8,91,247,138,8,187,241,181,1,202,194,0,176,0,226,0,233,0,96,0,41,0,19,0,13,0,11,
0,0,255,55,255,79,255,145,8,91,247,138,8,77,243,236,0,44,193,0,177,0,226,0,233,0,96,0,40,0,18,0,12,0,11,
0,252,254,55,255,87,255,145,8,91,247,138,8,77,243,9,1,182,190,0,178,0,225,0,232,0,95,0,41,0,18,0,13,0,11,
0,252,254,39,255,87,255,145,8,91,247,138,8,121,242,9,1,182,190,0,180,0,226,0,232,0,94,0,40,0,17,0,12,0,11,
0,225,254,21,255,76,255,145,8,91,247,138,8,46,241,22,1,141,191,0,180,0,225,0,231,0,95,0,41,0,18,0,13,0,11,
0,236,254,234,254,70,255,145,8,91,247,138,8,16,241,95,1,142,193,0,181,0,225,0,230,0,94,0,40,0,17,0,12,0,11,
0,236,254,234,254,70,255,145,8,91,247,138,8,141,242,2,1,235,193,0,182,0,225,0,230,0,94,0,40,0,18,0,12,0,11,
0,237,254,234,254,70,255,145,8,91,247,138,8,141,242,2,1,235,190,0,183,0,224,0,229,0,94,0,40,0,19,0,13,0,11,
0,249,254,239,254,72,255,255,8,245,246,223,8,19,242,154,0,88,190,0,185,0,225,0,229,0,93,0,40,0,17,0,12,0,11,
0,253,254,208,254,69,255,255,8,245,246,223,8,171,240,235,0,43,192,0,185,0,224,0,228,0,93,0,40,0,19,0,13,0,11,
0,253,254,208,254,69,255,255,8,245,246,223,8,182,240,80,1,145,192,0,186,0,224,0,227,0,93,0,40,0,18,0,13,0,11,
0,233,254,207,254,92,255,255,8,245,246,223,8,182,240,254,0,198,192,0,188,0,224,0,227,0,93,0,39,0,18,0,13,0,11,
0,194,254,196,254,88,255,255,8,245,246,223,8,37,241,254,0,198,192,0,189,0,224,0,226,0,93,0,40,0,18,0,13,0,12,
0,214,254,191,254,109,255,255,8,245,246,223,8,122,240,45,1,209,192,0,191,0,224,0,226,0,92,0,39,0,17,0,12,0,11,
0,214,254,191,254,109,255,255,8,245,246,223,8,222,240,38,1,102,192,0,191,0,223,0,225,0,92,0,40,0,19,0,13,0,11,
0,219,254,180,254,122,255,255,8,245,246,223,8,169,240,68,1,120,191,0,193,0,223,0,225,0,92,0,40,0,18,0,13,0,11,
0,204,254,168,254,78,255,255,8,245,246,223,8,169,240,68,1,154,191,0,194,0,223,0,225,0,92,0,39,0,17,0,12,0,11,
0,200,254,168,254,66,255,255,8,245,246,223,8,212,239,74,1,154,191,0,195,0,223,0,225,0,91,0,33,0,17,0,13,0,12,
0,200,254,170,254,66,255,145,8,24,247,95,8,44,240,118,1,177,192,0,196,0,223,0,225,0,90,0,34,0,16,0,12,0,11,
0,7,255,151,254,99,255,145,8,24,247,95,8,165,239,142,1,10,193,0,197,0,223,0,224,0,91,0,36,0,16,0,13,0,11,
0,241,254,151,254,103,255,145,8,24,247,95,8,102,240,36,1,31,192,0,199,0,223,0,224,0,90,0,36,0,16,0,12,0,11,
0,241,254,151,254,98,255,145,8,24,247,95,8,102,240,36,1,31,192,0,199,0,223,0,224,0,91,0,36,0,16,0,12,0,11,
0,190,254,152,254,98,255,145,8,24,247,95,8,178,239,61,1,97,190,0,200,0,223,0,224,0,91,0,37,0,17,0,13,0,11,
0,189,254,186,254,90,255,145,8,24,247,95,8,201,239,217,1,72,193,0,201,0,224,0,224,0,90,0,36,0,16,0,12,0,10,
0,187,254,215,254,100,255,145,8,24,247,95,8,94,240,136,1,242,191,0,201,0,223,0,224,0,91,0,38,0,17,0,13,0,11,
0,187,254,215,254,100,255,145,8,24,247,95,8,94,240,136,1,45,191,0,202,0,223,0,224,0,90,0,38,0,17,0,13,0,11,
0,179,254,202,254,121,255,145,8,24,247,95,8,179,239,173,1,45,191,0,203,0,224,0,224,0,90,0,37,0,16,0,12,0,11,
0,212,254,206,254,122,255,145,8,24,247,95,8,71,239,173,1,112,192,0,203,0,223,0,224,0,90,0,38,0,17,0,13,0,11,
0,254,254,239,254,119,255,145,8,24,247,95,8,165,239,149,1,106,192,0,204,0,224,0,225,0,90,0,37,0,16,0,12,0,11,
0,254,254,239,254,119,255,168,8,0,247,178,8,249,239,162,1,67,192,0,205,0,224,0,224,0,90,0,38,0,17,0,13,0,11,
0,241,254,237,254,100,255,168,8,0,247,178,8,249,239,162,1,67,192,0,205,0,224,0,225,0,90,0,38,0,17,0,13,0,11,
0,228,254,248,254,100,255,168,8,0,247,178,8,102,239,163,1,114,191,0,206,0,224,0,225,0,90,0,37,0,17,0,13,0,11,
0,216,254,248,254,110,255,168,8,0,247,178,8,119,239,182,1,76,192,0,207,0,225,0,225,0,91,0,38,0,17,0,13,0,11,
0,216,254,245,254,110,255,168,8,0,247,178,8,117,239,155,1,99,192,0,208,0,225,0,226,0,90,0,38,0,17,0,12,0,11,
0,214,254,17,255,102,255,168,8,0,247,178,8,117,239,38,1,218,191,0,208,0,225,0,226,0,91,0,39,0,18,0,13,0,11,
0,238,254,29,255,94,255,168,8,0,247,178,8,55,240,38,1,218,191,0,208,0,224,0,226,0,91,0,39,0,18,0,13,0,12,
0,238,254,29,255,102,255,168,8,0,247,178,8,149,239,140,1,229,190,0,209,0,225,0,227,0,91,0,38,0,17,0,12,0,11,
0,213,254,69,255,102,255,168,8,0,247,178,8,60,239,152,1,252,191,0,210,0,225,0,228,0,91,0,38,0,17,0,13,0,11,
0,221,254,74,255,99,255,168,8,0,247,178,8,26,240,113,1,27,192,0,210,0,225,0,228,0,91,0,38,0,16,0,12,0,11,
0,248,254,87,255,95,255,3,9,2,247,175,8,26,240,113,1,126,192,0,210,0,224,0,228,0,92,0,43,0,19,0,13,0,11,
0,248,254,87,255,95,255,3,9,2,247,175,8,44,240,124,1,126,192,0,211,0,225,0,228,0,92,0,42,0,18,0,12,0,11,
0,6,255,102,255,93,255,3,9,2,247,175,8,159,239,26,1,152,189,0,211,0,225,0,228,0,92,0,41,0,18,0,12,0,10,
0,12,255,120,255,86,255,3,9,2,247,175,8,110,239,112,1,203,191,0,212,0,225,0,228,0,92,0,41,0,19,0,13,0,11,
0,229,254,118,255,85,255,3,9,2,247,175,8,110,239,70,1,143,192,0,213,0,225,0,229,0,91,0,40,0,18,0,12,0,10,
0,229,254,118,255,85,255,3,9,2,247,175,8,247,239,70,1,143,192,0,213,0,225,0,229,0,92,0,40,0,19,0,13,0,11,
0,207,254,151,255,114,255,3,9,2,247,175,8,125,240,20,1,250,190,0,215,0,225,0,229,0,92,0,40,0,18,0,13,0,11,
0,189,254,184,255,129,255,3,9,2,247,175,8,253,238,112,1,67,190,0,215,0,225,0,229,0,92,0,40,0,17,0,13,0,11,
0,189,254,184,255,156,255,3,9,2,247,175,8,185,240,140,1,199,192,0,217,0,225,0,229,0,92,0,39,0,18,0,13,0,11,
0,163,254,168,255,156,255,3,9,2,247,175,8,185,240,140,1,40,189,0,218,0,225,0,229,0,92,0,39,0,17,0,12,0,11,
0,186,254,178,255,155,255,217,8,6,247,159,9,193,240,188,0,40,189,0,218,0,225,0,228,0,93,0,40,0,18,0,13,0,12,
0,203,254,180,255,159,255,217,8,6,247,159,9,196,239,38,1,41,190,0,219,0,225,0,228,0,93,0,40,0,18,0,13,0,11,
0,203,254,180,255,182,255,217,8,6,247,159,9,151,239,116,1,11,192,0,220,0,225,0,228,0,92,0,39,0,17,0,13,0,11,
0,28,255,191,255,182,255,217,8,6,247,159,9,222,240,64,1,182,191,0,221,0,225,0,228,0,92,0,39,0,17,0,12,0,11,
0,42,255,198,255,168,255,217,8,6,247,159,9,222,240,64,1,182,191,0,221,0,225,0,228,0,93,0,40,0,18,0,13,0,12,
0,33,255,234,255,164,255,217,8,6,247,159,9,234,240,190,0,229,188,0,222,0,225,0,227,0,92,0,40,0,18,0,13,0,11,
0,33,255,234,255,164,255,217,8,6,247,159,9,61,239,113,1,140,188,0,222,0,225,0,227,0,92,0,40,0,18,0,13,0,11,
0,13,255,230,255,179,255,217,8,6,247,159,9,216,240,144,1,74,194,0,222,0,225,0,227,0,92,0,39,0,17,0,13,0,11,
0,43,255,224,255,161,255,217,8,6,247,159,9,216,240,166,0,192,189,0,223,0,226,0,227,0,91,0,39,0,18,0,13,0,11,
0,60,255,217,255,136,255,217,8,6,247,159,9,149,241,166,0,192,189,0,223,0,226,0,227,0,91,0,38,0,17,0,12,0,11,
0,60,255,217,255,136,255,215,8,251,246,11,9,72,240,56,1,42,189,0,222,0,225,0,225,0,92,0,39,0,18,0,13,0,11,
0,30,255,227,255,137,255,215,8,251,246,11,9,16,240,95,1,167,191,0,223,0,226,0,225,0,91,0,39,0,18,0,13,0,11,
0,242,254,211,255,155,255,215,8,251,246,11,9,69,240,40,1,40,192,0,222,0,226,0,225,0,91,0,38,0,17,0,12,0,11,
0,242,254,211,255,159,255,215,8,251,246,11,9,69,240,40,1,40,190,0,221,0,226,0,224,0,91,0,39,0,18,0,13,0,11,
0,232,254,227,255,159,255,215,8,251,246,11,9,132,241,214,0,149,190,0,221,0,226,0,224,0,90,0,38,0,16,0,12,0,11,
0,6,255,229,255,151,255,215,8,251,246,11,9,91,241,234,0,149,189,0,220,0,225,0,223,0,91,0,39,0,20,0,13,0,11,
0,239,254,12,0,161,255,215,8,251,246,11,9,8,240,30,1,29,190,0,220,0,226,0,223,0,90,0,38,0,19,0,13,0,11,
0,239,254,12,0,193,255,215,8,251,246,11,9,8,240,118,1,129,192,0,219,0,225,0,222,0,90,0,38,0,18,0,13,0,11,
0,4,255,17,0,193,255,215,8,251,246,11,9,197,239,118,1,129,192,0,219,0,226,0,222,0,89,0,38,0,19,0,13,0,11,
0,235,254,28,0,189,255,215,8,251,246,11,9,79,241,102,1,103,192,0,219,0,226,0,221,0,89,0,37,0,17,0,12,0,11,
0,203,254,41,0,171,255,215,8,251,246,11,9,35,241,140,0,77,188,0,217,0,225,0,220,0,90,0,38,0,19,0,13,0,11,
0,203,254,41,0,171,255,238,8,225,246,239,8,22,240,36,1,185,190,0,217,0,225,0,220,0,89,0,38,0,19,0,13,0,11,
0,234,254,61,0,198,255,238,8,225,246,239,8,22,240,36,1,163,192,0,216,0,225,0,219,0,89,0,38,0,18,0,13,0,11,
0,241,254,44,0,229,255,238,8,225,246,239,8,192,239,132,1,163,192,0,215,0,225,0,219,0,88,0,38,0,18,0,13,0,11,
0,2,255,48,0,215,255,238,8,225,246,239,8,66,241,27,1,217,191,0,215,0,225,0,219,0,88,0,37,0,17,0,12,0,11,
0,2,255,48,0,215,255,238,8,225,246,239,8,152,240,209,0,164,188,0,213,0,224,0,217,0,88,0,38,0,18,0,13,0,11,
0,6,255,83,0,208,255,238,8,225,246,239,8,152,239,62,1,70,189,0,212,0,225,0,217,0,88,0,38,0,19,0,13,0,11,
0,25,255,74,0,226,255,238,8,225,246,239,8,91,239,62,1,70,189,0,212,0,225,0,217,0,87,0,37,0,17,0,12,0,11,
0,25,255,74,0,212,255,238,8,225,246,239,8,183,239,133,1,41,192,0,210,0,224,0,217,0,88,0,38,0,19,0,13,0,12,
0,49,255,52,0,212,255,238,8,225,246,239,8,234,240,70,1,75,192,0,210,0,225,0,217,0,87,0,36,0,17,0,13,0,11,
0,41,255,49,0,236,255,238,8,225,246,239,8,172,240,193,0,101,188,0,208,0,224,0,216,0,87,0,37,0,18,0,13,0,11,
0,15,255,69,0,222,255,143,8,80,247,165,8,172,240,193,0,99,190,0,208,0,223,0,216,0,87,0,37,0,18,0,13,0,11,
0,15,255,69,0,222,255,143,8,80,247,165,8,220,238,175,1,99,190,0,206,0,223,0,216,0,87,0,37,0,17,0,12,0,11,
0,3,255,93,0,210,255,143,8,80,247,165,8,69,239,82,1,35,192,0,206,0,224,0,216,0,86,0,36,0,17,0,12,0,11,
0,231,254,107,0,223,255,143,8,80,247,165,8,255,239,81,1,192,191,0,204,0,223,0,215,0,87,0,37,0,18,0,13,0,11,
0,225,254,116,0,179,255,143,8,80,247,165,8,139,240,48,1,173,189,0,203,0,223,0,215,0,86,0,37,0,17,0,13,0,11,
0,225,254,116,0,179,255,143,8,80,247,165,8,139,240,48,1,173,189,0,202,0,223,0,215,0,86,0,37,0,18,0,13,0,11,
0,208,254,134,0,176,255,143,8,80,247,165,8,59,239,31,1,58,189,0,201,0,223,0,215,0,86,0,36,0,17,0,12,0,11,
0,197,254,183,0,198,255,143,8,80,247,165,8,19,239,156,1,60,193,0,200,0,222,0,215,0,86,0,36,0,18,0,13,0,11,
0,154,254,199,0,195,255,143,8,80,247,165,8,110,240,134,1,122,191,0,199,0,222,0,215,0,85,0,36,0,17,0,12,0,11,
0,154,254,199,0,195,255,143,8,80,247,165,8,110,240,202,0,99,189,0,197,0,221,0,214,0,86,0,37,0,18,0,13,0,11,
0,182,254,172,0,188,255,109,8,57,247,31,8,38,240,202,0,99,189,0,196,0,221,0,214,0,86,0,37,0,18,0,13,0,11,
0,215,254,150,0,174,255,109,8,57,247,31,8,238,238,54,1,1,190,0,195,0,221,0,214,0,86,0,37,0,18,0,13,0,11,
0,215,254,150,0,201,255,109,8,57,247,31,8,180,238,71,1,210,191,0,194,0,221,0,213,0,86,0,37,0,18,0,13,0,11,
0,199,254,170,0,201,255,109,8,57,247,31,8,136,240,18,1,14,192,0,193,0,222,0,214,0,85,0,36,0,17,0,12,0,11,
0,175,254,182,0,222,255,109,8,57,247,31,8,136,240,18,1,165,187,0,192,0,221,0,213,0,86,0,36,0,18,0,13,0,11,
0,156,254,208,0,204,255,109,8,57,247,31,8,173,239,84,0,165,187,0,191,0,221,0,212,0,85,0,36,0,18,0,13,0,11,
0,156,254,208,0,204,255,109,8,57,247,31,8,179,238,35,1,28,190,0,190,0,220,0,212,0,84,0,36,0,17,0,12,0,11,
0,154,254,227,0,182,255,109,8,57,247,31,8,53,239,128,1,108,192,0,190,0,221,0,212,0,84,0,36,0,18,0,13,0,11,
0,157,254,4,1,141,255,109,8,57,247,31,8,53,239,234,0,101,191,0,189,0,221,0,211,0,84,0,35,0,16,0,12,0,10,
0,169,254,21,1,107,255,109,8,57,247,31,8,140,240,234,0,101,191,0,188,0,220,0,210,0,84,0,36,0,17,0,12,0,11,
0,169,254,21,1,107,255,196,8,39,247,162,8,58,239,180,0,27,189,0,187,0,220,0,209,0,84,0,36,0,18,0,13,0,11,
0,150,254,25,1,81,255,196,8,39,247,162,8,16,239,8,1,53,190,0,186,0,221,0,209,0,83,0,35,0,17,0,12,0,11,
0,135,254,15,1,88,255,196,8,39,247,162,8,73,239,94,1,201,192,0,185,0,220,0,208,0,83,0,35,0,17,0,13,0,11,
0,140,254,15,1,105,255,196,8,39,247,162,8,73,239,94,1,65,192,0,185,0,221,0,209,0,83,0,35,0,16,0,12,0,10,
0,140,254,15,1,105,255,196,8,39,247,162,8,119,240,46,1,65,192,0,184,0,221,0,208,0,83,0,36,0,17,0,12,0,11,
0,144,254,12,1,87,255,196,8,39,247,162,8,12,240,184,0,247,188,0,184,0,221,0,208,0,83,0,35,0,17,0,13,0,11,
0,149,254,21,1,65,255,196,8,39,247,162,8,57,239,250,0,100,189,0,183,0,221,0,207,0,82,0,35,0,15,0,12,0,11,
0,149,254,21,1,86,255,196,8,39,247,162,8,140,239,120,1,86,192,0,183,0,222,0,207,0,81,0,29,0,14,0,12,0,11,
0,148,254,25,1,86,255,196,8,39,247,162,8,140,239,120,1,86,192,0,183,0,222,0,207,0,83,0,31,0,16,0,13,0,12,
0,150,254,51,1,99,255,196,8,39,247,162,8,234,240,51,1,163,191,0,183,0,222,0,207,0,82,0,32,0,15,0,12,0,11,
0,136,254,48,1,97,255,196,8,39,247,119,9,251,240,148,0,173,188,0,182,0,222,0,206,0,82,0,33,0,16,0,12,0,11,
0,136,254,48,1,97,255,183,8,237,246,119,9,34,240,61,1,71,190,0,182,0,222,0,206,0,81,0,33,0,15,0,12,0,11,
0,90,254,52,1,68,255,183,8,237,246,119,9,34,240,61,1,218,191,0,183,0,222,0,206,0,82,0,34,0,16,0,12,0,11,
0,53,254,49,1,55,255,183,8,237,246,119,9,222,239,148,1,218,191,0,183,0,222,0,207,0,81,0,33,0,15,0,12,0,11,
0,67,254,10,1,61,255,183,8,237,246,119,9,24,241,85,1,207,191,0,182,0,222,0,207,0,82,0,34,0,16,0,12,0,11,
0,67,254,10,1,61,255,183,8,237,246,119,9,75,241,74,1,137,189,0,183,0,223,0,207,0,81,0,33,0,15,0,12,0,11,
0,57,254,38,1,63,255,183,8,237,246,119,9,90,240,77,1,36,189,0,182,0,222,0,207,0,81,0,34,0,16,0,12,0,11,
0,78,254,31,1,51,255,183,8,237,246,119,9,90,240,77,1,36,189,0,182,0,223,0,207,0,82,0,35,0,16,0,12,0,11,
0,52,254,24,1,76,255,183,8,237,246,119,9,51,240,234,1,215,190,0,182,0,223,0,208,0,81,0,34,0,17,0,12,0,10,
0,52,254,24,1,76,255,183,8,237,246,119,9,78,241,148,1,191,191,0,182,0,223,0,207,0,82,0,35,0,16,0,12,0,11,
0,71,254,14,1,100,255,183,8,237,246,119,9,233,241,72,1,144,189,0,182,0,223,0,208,0,82,0,35,0,18,0,12,0,11,
0,93,254,7,1,50,255,240,8,206,246,196,8,233,241,217,1,199,190,0,182,0,223,0,208,0,81,0,34,0,17,0,12,0,11,
0,93,254,7,1,51,255,240,8,206,246,196,8,132,241,217,1,199,190,0,182,0,224,0,208,0,82,0,34,0,17,0,13,0,11,
0,104,254,11,1,51,255,240,8,206,246,196,8,109,241,5,2,139,190,0,182,0,224,0,208,0,81,0,33,0,16,0,12,0,10,
0,60,254,227,0,75,255,240,8,206,246,196,8,120,241,233,1,242,189,0,181,0,224,0,208,0,83,0,35,0,17,0,13,0,11,
0,49,254,209,0,86,255,240,8,206,246,196,8,94,241,222,1,152,190,0,181,0,224,0,209,0,82,0,34,0,17,0,12,0,11,
0,49,254,209,0,86,255,240,8,206,246,196,8,94,241,222,1,96,190,0,181,0,225,0,209,0,82,0,35,0,17,0,13,0,11,
0,55,254,210,0,104,255,240,8,206,246,196,8,231,241,52,2,96,190,0,181,0,224,0,209,0,82,0,35,0,17,0,12,0,11,
0,86,254,211,0,109,255,240,8,206,246,196,8,47,242,7,2,181,190,0,182,0,225,0,211,0,82,0,34,0,16,0,12,0,11,
0,70,254,185,0,124,255,240,8,206,246,196,8,63,242,187,1,242,188,0,181,0,225,0,210,0,83,0,39,0,18,0,12,0,11,
0,70,254,185,0,124,255,240,8,206,246,196,8,63,241,7,2,156,189,0,181,0,225,0,211,0,83,0,38,0,18,0,12,0,11,
0,46,254,155,0,137,255,152,8,227,246,64,8,178,241,7,2,156,189,0,181,0,225,0,211,0,83,0,37,0,17,0,12,0,11,
0,57,254,138,0,109,255,152,8,227,246,64,8,137,241,62,2,200,190,0,182,0,225,0,211,0,83,0,36,0,17,0,12,0,11,
0,85,254,156,0,92,255,152,8,227,246,64,8,50,242,60,2,28,192,0,181,0,224,0,212,0,84,0,37,0,18,0,13,0,11,
0,85,254,156,0,92,255,152,8,227,246,64,8,215,242,233,1,29,190,0,181,0,225,0,212,0,84,0,36,0,18,0,13,0,11,
0,67,254,135,0,119,255,152,8,227,246,64,8,215,242,233,1,193,187,0,180,0,225,0,213,0,84,0,36,0,18,0,13,0,11,
0,38,254,96,0,125,255,152,8,227,246,64,8,61,242,193,1,193,187,0,180,0,225,0,213,0,84,0,35,0,17,0,12,0,11,
0,38,254,96,0,132,255,152,8,227,246,64,8,66,241,66,2,193,189,0,180,0,226,0,214,0,84,0,35,0,17,0,12,0,10,
0,20,254,62,0,132,255,152,8,227,246,64,8,124,241,131,2,109,192,0,178,0,225,0,214,0,84,0,36,0,18,0,13,0,11,
0,40,254,27,0,125,255,152,8,227,246,64,8,218,242,49,2,46,191,0,178,0,225,0,214,0,85,0,36,0,17,0,12,0,11,
0,35,254,58,0,131,255,152,8,227,246,64,8,218,242,49,2,46,191,0,177,0,225,0,215,0,85,0,36,0,17,0,13,0,11,
0,35,254,58,0,131,255,156,8,18,247,5,9,85,242,202,1,139,188,0,177,0,225,0,215,0,84,0,35,0,17,0,12,0,11,
0,18,254,69,0,148,255,156,8,18,247,5,9,40,242,40,2,246,189,0,176,0,226,0,216,0,85,0,35,0,18,0,13,0,11,
0,63,254,43,0,129,255,156,8,18,247,5,9,80,241,152,2,227,190,0,175,0,226,0,217,0,85,0,35,0,16,0,12,0,10,
0,84,254,6,0,96,255,156,8,18,247,5,9,80,241,138,2,224,191,0,174,0,226,0,217,0,86,0,36,0,17,0,13,0,11,
0,84,254,6,0,96,255,156,8,18,247,5,9,107,242,138,2,224,191,0,173,0,227,0,217,0,86,0,36,0,18,0,13,0,11,
0,91,254,245,255,79,255,156,8,18,247,5,9,212,242,247,1,238,189,0,172,0,227,0,217,0,86,0,36,0,17,0,12,0,11,
0,59,254,233,255,96,255,156,8,18,247,5,9,46,242,21,2,20,189,0,172,0,227,0,218,0,86,0,35,0,17,0,12,0,11,
0,67,254,233,255,102,255,156,8,18,247,5,9,241,240,65,2,38,190,0,171,0,227,0,218,0,87,0,37,0,18,0,13,0,11,
0,67,254,229,255,102,255,156,8,18,247,5,9,241,240,65,2,38,191,0,171,0,227,0,219,0,87,0,36,0,17,0,13,0,11,
0,64,254,216,255,125,255,156,8,18,247,5,9,118,241,78,2,156,191,0,170,0,227,0,219,0,87,0,36,0,18,0,13,0,11,
0,51,254,177,255,164,255,213,8,36,247,141,7,53,242,55,2,7,191,0,170,0,227,0,219,0,87,0,37,0,18,0,13,0,12,
0,51,254,177,255,148,255,213,8,36,247,141,7,194,241,56,2,142,190,0,169,0,228,0,219,0,87,0,37,0,18,0,13,0,12,
0,62,254,156,255,148,255,213,8,36,247,141,7,194,241,90,2,134,190,0,169,0,228,0,219,0,87,0,36,0,17,0,12,0,11,
0,46,254,167,255,133,255,213,8,36,247,141,7,140,241,90,2,134,190,0,169,0,228,0,218,0,87,0,37,0,18,0,13,0,11,
0,49,254,142,255,138,255,213,8,36,247,141,7,202,241,131,2,221,188,0,168,0,228,0,218,0,87,0,37,0,18,0,13,0,11,
0,49,254,142,255,138,255,213,8,36,247,141,7,104,241,188,2,240,189,0,168,0,228,0,219,0,87,0,36,0,17,0,13,0,11,
0,47,254,111,255,156,255,213,8,36,247,141,7,72,241,248,2,61,190,0,168,0,228,0,219,0,87,0,37,0,18,0,13,0,11,
0,47,254,107,255,172,255,213,8,36,247,141,7,72,241,248,2,237,189,0,168,0,228,0,219,0,87,0,36,0,17,0,12,0,10,
0,8,254,84,255,148,255,213,8,36,247,141,7,157,241,212,2,237,189,0,168,0,228,0,218,0,87,0,37,0,18,0,13,0,11,
0,8,254,84,255,148,255,213,8,36,247,141,7,44,241,180,2,24,189,0,168,0,228,0,218,0,87,0,37,0,18,0,13,0,11,
0,12,254,51,255,148,255,213,8,36,247,141,7,89,241,23,3,111,190,0,168,0,228,0,218,0,87,0,36,0,17,0,12,0,11,
0,11,254,28,255,153,255,134,8,84,247,193,7,242,240,232,2,66,190,0,168,0,228,0,218,0,87,0,36,0,17,0,12,0,10,
0,237,253,28,255,154,255,134,8,84,247,193,7,242,240,232,2,66,190,0,168,0,228,0,217,0,87,0,37,0,18,0,13,0,11,
0,237,253,43,255,154,255,134,8,84,247,193,7,53,241,45,3,251,190,0,168,0,228,0,217,0,87,0,37,0,17,0,13,0,11,
0,233,253,58,255,156,255,134,8,84,247,193,7,8,241,31,3,56,188,0,168,0,228,0,217,0,87,0,36,0,17,0,13,0,11,
0,13,254,57,255,174,255,134,8,84,247,193,7,222,240,134,3,106,189,0,168,0,228,0,217,0,86,0,36,0,17,0,12,0,11,
0,13,254,57,255,189,255,134,8,84,247,193,7,222,240,134,3,98,189,0,167,0,227,0,217,0,87,0,37,0,18,0,13,0,11,
0,34,254,34,255,189,255,134,8,84,247,193,7,222,240,34,3,98,189,0,168,0,228,0,217,0,86,0,36,0,17,0,12,0,11,
0,55,254,17,255,174,255,134,8,84,247,193,7,254,240,106,3,215,190,0,167,0,227,0,216,0,87,0,37,0,18,0,13,0,11,
0,28,254,11,255,139,255,134,8,84,247,193,7,181,241,140,3,37,190,0,167,0,227,0,216,0,87,0,37,0,18,0,13,0,11,
0,28,254,11,255,139,255,134,8,84,247,193,7,132,241,235,2,149,187,0,166,0,227,0,217,0,87,0,36,0,18,0,13,0,11,
0,15,254,2,255,143,255,169,8,14,247,250,7,132,241,235,2,149,187,0,166,0,227,0,217,0,87,0,37,0,18,0,13,0,12,
0,8,254,21,255,162,255,169,8,14,247,250,7,61,240,186,3,112,188,0,166,0,227,0,217,0,86,0,36,0,17,0,12,0,11,
0,4,254,29,255,173,255,169,8,14,247,250,7,36,240,5,4,234,189,0,165,0,227,0,216,0,87,0,37,0,18,0,13,0,11,
0,4,254,29,255,173,255,169,8,14,247,250,7,142,240,169,3,4,191,0,165,0,226,0,216,0,87,0,37,0,18,0,13,0,11,
0,22,254,238,254,190,255,169,8,14,247,250,7,142,240,118,3,130,189,0,165,0,226,0,216,0,86,0,36,0,17,0,12,0,11,
0,67,254,218,254,185,255,169,8,14,247,250,7,155,241,118,3,130,189,0,165,0,225,0,215,0,87,0,37,0,18,0,13,0,12,
0,87,254,218,254,190,255,169,8,14,247,250,7,8,241,104,3,204,186,0,166,0,226,0,216,0,86,0,36,0,16,0,12,0,11,
0,87,254,196,254,190,255,169,8,14,247,250,7,52,239,110,4,97,189,0,165,0,225,0,216,0,87,0,37,0,18,0,13,0,11,
0,51,254,200,254,201,255,169,8,14,247,250,7,140,240,37,4,79,192,0,165,0,225,0,216,0,87,0,36,0,18,0,13,0,11,
0,31,254,201,254,205,255,169,8,14,247,250,7,140,240,37,4,122,188,0,166,0,226,0,217,0,86,0,36,0,18,0,13,0,11,
0,31,254,201,254,196,255,181,8,227,246,114,8,87,241,106,3,122,188,0,165,0,225,0,215,0,86,0,36,0,18,0,13,0,11,
0,75,254,185,254,196,255,181,8,227,246,114,8,106,240,242,3,21,188,0,166,0,226,0,215,0,86,0,36,0,17,0,12,0,10,
0,61,254,185,254,197,255,181,8,227,246,114,8,91,239,147,4,49,189,0,166,0,225,0,215,0,86,0,36,0,18,0,13,0,11,
0,48,254,220,254,186,255,181,8,227,246,114,8,91,239,87,4,110,191,0,166,0,225,0,215,0,86,0,36,0,18,0,12,0,11,
0,48,254,220,254,186,255,181,8,227,246,114,8,151,240,87,4,110,191,0,166,0,225,0,215,0,86,0,36,0,18,0,13,0,11,
0,95,254,225,254,161,255,181,8,227,246,114,8,154,241,242,3,197,189,0,167,0,225,0,216,0,86,0,36,0,18,0,13,0,11,
0,75,254,218,254,139,255,181,8,227,246,114,8,250,240,213,3,54,187,0,168,0,226,0,217,0,86,0,36,0,16,0,12,0,11,
0,101,254,179,254,126,255,181,8,227,246,114,8,237,239,25,4,228,187,0,168,0,225,0,217,0,87,0,36,0,18,0,13,0,11,
0,101,254,179,254,126,255,181,8,227,246,114,8,237,239,25,4,218,189,0,168,0,225,0,216,0,86,0,36,0,18,0,13,0,11,
0,84,254,134,254,149,255,181,8,227,246,114,8,41,240,108,4,218,189,0,168,0,225,0,217,0,86,0,36,0,17,0,12,0,11,
0,98,254,120,254,116,255,140,8,201,246,213,8,244,240,118,4,43,190,0,169,0,225,0,217,0,86,0,36,0,17,0,12,0,11,
0,98,254,120,254,103,255,140,8,201,246,213,8,246,240,36,4,116,189,0,169,0,225,0,216,0,87,0,37,0,18,0,13,0,11,
0,63,254,134,254,103,255,140,8,201,246,213,8,188,240,252,3,222,187,0,169,0,225,0,216,0,87,0,37,0,18,0,13,0,11,
0,94,254,127,254,121,255,140,8,201,246,213,8,188,240,252,3,222,187,0,169,0,224,0,217,0,87,0,37,0,18,0,13,0,11,
0,106,254,119,254,141,255,140,8,201,246,213,8,34,240,139,4,113,189,0,170,0,225,0,218,0,86,0,30,0,16,0,12,0,11,
0,106,254,119,254,163,255,140,8,201,246,213,8,246,239,190,4,235,189,0,170,0,224,0,218,0,87,0,33,0,17,0,13,0,12,
0,98,254,146,254,163,255,140,8,201,246,213,8,211,240,107,4,125,189,0,171,0,225,0,218,0,86,0,33,0,16,0,12,0,11,
0,119,254,157,254,172,255,140,8,201,246,213,8,211,240,107,4,53,187,0,170,0,224,0,218,0,87,0,34,0,17,0,12,0,11,
0,144,254,148,254,173,255,140,8,201,246,213,8,133,240,24,4,53,187,0,170,0,224,0,218,0,87,0,35,0,17,0,13,0,11,
0,144,254,148,254,173,255,140,8,201,246,213,8,197,239,192,4,211,189,0,171,0,224,0,219,0,87,0,35,0,17,0,12,0,11,
0,146,254,143,254,188,255,140,8,201,246,213,8,43,241,136,4,238,190,0,171,0,225,0,219,0,87,0,35,0,16,0,12,0,11,
0,134,254,117,254,145,255,194,8,209,246,47,8,187,240,60,4,198,188,0,171,0,224,0,219,0,87,0,36,0,17,0,13,0,11,
0,128,254,126,254,120,255,194,8,209,246,47,8,187,240,60,4,198,188,0,171,0,224,0,220,0,88,0,36,0,17,0,12,0,11,
0,128,254,126,254,120,255,194,8,209,246,47,8,183,240,56,4,81,188,0,171,0,223,0,220,0,87,0,37,0,18,0,13,0,11,
0,125,254,124,254,118,255,194,8,209,246,47,8,253,239,152,4,74,189,0,172,0,224,0,221,0,87,0,36,0,16,0,12,0,10,
0,145,254,133,254,123,255,194,8,209,246,47,8,20,240,137,4,195,189,0,172,0,223,0,220,0,88,0,37,0,18,0,13,0,11,
0,145,254,133,254,148,255,194,8,209,246,47,8,20,240,68,4,142,189,0,172,0,224,0,221,0,87,0,36,0,17,0,12,0,11,
0,167,254,143,254,148,255,194,8,209,246,47,8,86,240,68,4,142,189,0,172,0,223,0,221,0,88,0,37,0,18,0,13,0,11,
0,182,254,135,254,150,255,194,8,209,246,47,8,59,240,131,4,158,189,0,172,0,223,0,222,0,88,0,37,0,18,0,13,0,11,
0,182,254,156,254,133,255,194,8,209,246,47,8,211,240,107,4,69,188,0,173,0,223,0,223,0,88,0,37,0,17,0,12,0,11,
0,182,254,156,254,111,255,194,8,209,246,47,8,130,239,120,4,51,190,0,173,0,223,0,223,0,89,0,37,0,18,0,13,0,12,
0,203,254,158,254,111,255,126,8,34,247,77,8,130,239,120,4,13,191,0,174,0,224,0,224,0,88,0,36,0,15,0,12,0,11,
0,209,254,150,254,105,255,126,8,34,247,77,8,60,240,58,4,13,191,0,174,0,223,0,224,0,89,0,38,0,17,0,13,0,11,
0,6,255,165,254,148,255,126,8,34,247,77,8,99,240,186,3,59,188,0,174,0,223,0,224,0,90,0,38,0,17,0,13,0,11,
0,6,255,165,254,148,255,126,8,34,247,77,8,226,239,85,4,120,190,0,175,0,223,0,225,0,89,0,37,0,17,0,12,0,11,
0,39,255,156,254,144,255,126,8,34,247,77,8,226,240,37,4,152,190,0,176,0,223,0,225,0,90,0,38,0,17,0,13,0,11,
0,29,255,155,254,143,255,126,8,34,247,77,8,203,240,37,4,152,190,0,176,0,223,0,227,0,90,0,41,0,17,0,12,0,10,
0,18,255,186,254,181,255,126,8,34,247,77,8,70,240,250,3,154,190,0,176,0,222,0,227,0,91,0,41,0,18,0,12,0,11,
0,18,255,186,254,181,255,126,8,34,247,77,8,115,240,186,3,143,190,0,177,0,223,0,227,0,91,0,41,0,18,0,12,0,11,
0,31,255,203,254,161,255,126,8,34,247,77,8,120,240,200,3,81,189,0,177,0,223,0,228,0,91,0,40,0,17,0,12,0,11,
0,52,255,217,254,162,255,126,8,34,247,77,8,120,240,200,3,248,189,0,178,0,223,0,229,0,91,0,40,0,18,0,13,0,11,
0,52,255,217,254,184,255,228,8,168,246,218,8,74,240,232,3,248,189,0,179,0,223,0,230,0,91,0,39,0,17,0,12,0,10,
0,97,255,217,254,184,255,228,8,168,246,218,8,115,240,184,3,172,190,0,178,0,223,0,230,0,92,0,40,0,18,0,13,0,11,
0,27,255,231,254,177,255,228,8,168,246,218,8,111,239,26,4,187,191,0,179,0,223,0,231,0,92,0,40,0,18,0,13,0,11,
0,18,255,221,254,160,255,228,8,168,246,218,8,176,240,192,3,213,192,0,180,0,223,0,232,0,92,0,39,0,17,0,12,0,11,
0,18,255,221,254,160,255,228,8,168,246,218,8,176,240,192,3,213,192,0,180,0,223,0,232,0,93,0,40,0,18,0,13,0,11,
0,39,255,222,254,156,255,228,8,168,246,218,8,34,241,108,3,118,190,0,180,0,223,0,233,0,92,0,39,0,17,0,12,0,11,
0,62,255,5,255,171,255,228,8,168,246,218,8,47,240,164,3,129,189,0,180,0,223,0,233,0,94,0,40,0,18,0,13,0,11,
0,102,255,255,254,164,255,228,8,168,246,218,8,115,239,4,4,112,191,0,180,0,223,0,234,0,94,0,40,0,18,0,13,0,11,
0,102,255,255,254,164,255,228,8,168,246,218,8,115,239,160,3,37,194,0,180,0,223,0,235,0,94,0,40,0,18,0,12,0,11,
0,97,255,227,254,150,255,228,8,168,246,218,8,112,240,160,3,37,194,0,180,0,223,0,235,0,94,0,40,0,18,0,13,0,11,
0,63,255,0,255,155,255,191,8,205,246,46,8,85,241,246,2,185,190,0,180,0,223,0,236,0,94,0,40,0,17,0,13,0,11,
0,89,255,31,255,146,255,191,8,205,246,46,8,1,241,214,2,74,190,0,180,0,223,0,235,0,95,0,40,0,18,0,13,0,11,
0,89,255,31,255,146,255,191,8,205,246,46,8,37,240,49,3,14,191,0,180,0,223,0,236,0,95,0,40,0,18,0,13,0,11,
0,69,255,23,255,165,255,191,8,205,246,46,8,37,240,49,3,14,193,0,180,0,223,0,237,0,95,0,40,0,17,0,12,0,11,
0,82,255,249,254,170,255,191,8,205,246,46,8,122,240,164,3,137,193,0,179,0,223,0,236,0,96,0,40,0,18,0,13,0,11,
0,82,255,249,254,171,255,191,8,205,246,46,8,35,241,12,3,137,192,0,179,0,223,0,238,0,95,0,40,0,17,0,12,0,11,
0,83,255,253,254,171,255,191,8,205,246,46,8,85,241,228,2,224,191,0,179,0,223,0,237,0,96,0,40,0,18,0,12,0,11,
0,97,255,255,254,170,255,191,8,205,246,46,8,85,241,232,2,110,191,0,178,0,223,0,237,0,96,0,41,0,19,0,13,0,11,
0,102,255,47,255,159,255,191,8,205,246,46,8,48,241,232,2,110,191,0,178,0,224,0,238,0,96,0,40,0,17,0,12,0,11,
0,102,255,47,255,159,255,191,8,205,246,46,8,219,240,196,2,226,191,0,178,0,224,0,238,0,96,0,40,0,17,0,12,0,11,
0,109,255,55,255,152,255,191,8,205,246,46,8,13,241,232,2,198,191,0,178,0,223,0,238,0,96,0,41,0,19,0,13,0,11,
0,121,255,41,255,155,255,225,8,227,246,46,8,19,241,146,2,216,191,0,177,0,223,0,237,0,96,0,40,0,18,0,12,0,11,
0,141,255,80,255,183,255,225,8,227,246,46,8,19,241,146,2,151,192,0,178,0,223,0,237,0,96,0,41,0,18,0,13,0,11,
0,141,255,80,255,183,255,225,8,227,246,46,8,62,240,186,2,151,192,0,177,0,224,0,238,0,96,0,40,0,18,0,12,0,11,
0,153,255,70,255,197,255,225,8,227,246,46,8,43,241,250,2,190,193,0,176,0,223,0,237,0,96,0,41,0,19,0,13,0,11,
0,85,255,55,255,214,255,225,8,227,246,46,8,239,241,126,2,129,192,0,177,0,224,0,238,0,96,0,40,0,17,0,12,0,11,
0,66,255,73,255,220,255,225,8,227,246,46,8,230,240,60,2,11,190,0,176,0,223,0,237,0,97,0,41,0,19,0,13,0,11,
0,66,255,73,255,220,255,225,8,227,246,46,8,230,240,60,2,11,190,0,176,0,223,0,236,0,96,0,41,0,19,0,13,0,11,
0,114,255,71,255,222,255,225,8,227,246,46,8,40,240,192,2,65,192,0,175,0,223,0,236,0,96,0,41,0,18,0,13,0,11,
0,119,255,91,255,213,255,225,8,227,246,46,8,235,240,186,2,193,193,0,175,0,223,0,236,0,96,0,41,0,19,0,13,0,11,
0,119,255,91,255,219,255,225,8,227,246,46,8,27,242,50,2,83,192,0,175,0,224,0,236,0,96,0,40,0,17,0,13,0,11,
0,75,255,102,255,219,255,228,8,233,246,175,8,27,242,50,2,134,191,0,175,0,223,0,235,0,96,0,41,0,19,0,13,0,11,
0,52,255,98,255,190,255,228,8,233,246,175,8,47,241,240,1,134,191,0,175,0,223,0,235,0,96,0,41,0,19,0,13,0,12,
0,81,255,72,255,221,255,228,8,233,246,175,8,69,240,157,2,69,192,0,175,0,224,0,235,0,95,0,40,0,17,0,13,0,11,
0,81,255,72,255,221,255,228,8,233,246,175,8,67,241,218,2,110,194,0,174,0,223,0,234,0,96,0,41,0,19,0,13,0,12,
0,120,255,42,255,222,255,228,8,233,246,175,8,183,241,33,2,157,191,0,175,0,224,0,233,0,95,0,40,0,17,0,13,0,11,
0,146,255,34,255,231,255,228,8,233,246,175,8,183,241,33,2,157,191,0,174,0,223,0,233,0,95,0,41,0,18,0,13,0,11,
0,162,255,30,255,222,255,228,8,233,246,175,8,53,241,50,2,249,190,0,174,0,224,0,232,0,95,0,40,0,17,0,12,0,11,
0,162,255,30,255,222,255,228,8,233,246,175,8,111,240,80,2,140,191,0,174,0,223,0,232,0,95,0,40,0,18,0,13,0,11,
0,157,255,15,255,231,255,228,8,233,246,175,8,93,240,183,2,37,193,0,174,0,224,0,231,0,94,0,39,0,17,0,12,0,10,
0,140,255,16,255,230,255,228,8,233,246,175,8,93,240,78,2,55,193,0,173,0,223,0,230,0,94,0,40,0,18,0,13,0,11,
0,121,255,39,255,247,255,192,8,58,247,225,7,12,242,78,2,55,193,0,173,0,223,0,229,0,94,0,40,0,18,0,13,0,11,
0,121,255,39,255,247,255,192,8,58,247,225,7,195,241,229,1,238,190,0,174,0,223,0,229,0,93,0,40,0,17,0,12,0,11,
0,105,255,59,255,249,255,192,8,58,247,225,7,136,240,56,2,205,190,0,173,0,223,0,228,0,93,0,40,0,18,0,12,0,11,
0,95,255,33,255,244,255,192,8,58,247,225,7,139,240,226,2,195,192,0,173,0,223,0,227,0,92,0,39,0,17,0,12,0,11,
0,95,255,33,255,216,255,192,8,58,247,225,7,139,240,226,2,87,193,0,173,0,223,0,227,0,93,0,40,0,19,0,13,0,11,
0,102,255,33,255,216,255,192,8,58,247,225,7,90,241,168,2,87,193,0,173,0,223,0,226,0,93,0,40,0,18,0,13,0,11,
0,114,255,49,255,198,255,192,8,58,247,225,7,220,241,79,2,30,192,0,173,0,223,0,226,0,91,0,39,0,17,0,12,0,11,
0,154,255,54,255,202,255,192,8,58,247,225,7,249,240,34,2,210,189,0,173,0,223,0,225,0,91,0,39,0,18,0,13,0,11,
0,154,255,54,255,202,255,192,8,58,247,225,7,249,240,2,3,254,191,0,174,0,223,0,224,0,91,0,39,0,17,0,12,0,11,
0,156,255,75,255,223,255,192,8,58,247,225,7,235,239,2,3,254,191,0,173,0,223,0,223,0,91,0,40,0,20,0,13,0,11,
0,137,255,55,255,232,255,110,8,50,247,80,8,53,241,162,2,3,194,0,173,0,223,0,223,0,91,0,39,0,19,0,13,0,11,
0,136,255,43,255,196,255,110,8,50,247,80,8,182,241,42,2,21,192,0,174,0,223,0,223,0,90,0,38,0,18,0,13,0,11,
0,136,255,43,255,196,255,110,8,50,247,80,8,98,241,78,2,237,189,0,174,0,223,0,223,0,90,0,38,0,18,0,13,0,11,
0,113,255,51,255,187,255,110,8,50,247,80,8,98,241,78,2,76,190,0,174,0,223,0,222,0,90,0,38,0,18,0,13,0,11,
0,107,255,51,255,187,255,110,8,50,247,80,8,22,240,107,2,76,190,0,174,0,222,0,221,0,90,0,39,0,19,0,13,0,11,
0,83,255,32,255,186,255,110,8,50,247,80,8,172,240,169,2,72,193,0,174,0,222,0,221,0,90,0,38,0,18,0,13,0,11,
0,83,255,32,255,186,255,110,8,50,247,80,8,69,241,117,2,117,192,0,175,0,222,0,221,0,89,0,37,0,18,0,13,0,11,
0,115,255,5,255,181,255,110,8,50,247,80,8,66,241,91,2,114,191,0,175,0,222,0,221,0,89,0,38,0,18,0,13,0,11,
0,140,255,24,255,178,255,110,8,50,247,80,8,66,241,91,2,114,191,0,176,0,222,0,221,0,89,0,38,0,17,0,12,0,11,
0,140,255,24,255,182,255,110,8,50,247,80,8,10,241,112,2,144,191,0,175,0,221,0,220,0,89,0,38,0,19,0,13,0,11,
0,115,255,10,255,182,255,110,8,50,247,111,8,76,241,116,2,147,191,0,176,0,221,0,220,0,89,0,38,0,18,0,13,0,11,
0,111,255,12,255,160,255,164,8,35,247,111,8,172,241,47,2,8,192,0,176,0,221,0,220,0,89,0,38,0,19,0,13,0,11,
0,83,255,244,254,175,255,164,8,35,247,111,8,172,241,47,2,77,190,0,177,0,221,0,220,0,88,0,32,0,17,0,13,0,11,
0,83,255,244,254,175,255,164,8,35,247,111,8,146,240,83,2,77,190,0,177,0,221,0,220,0,89,0,34,0,17,0,13,0,12,
0,98,255,231,254,178,255,164,8,35,247,111,8,52,240,163,2,165,191,0,177,0,221,0,220,0,87,0,34,0,16,0,12,0,11,
0,110,255,227,254,150,255,164,8,35,247,111,8,18,241,195,2,107,193,0,177,0,221,0,219,0,88,0,35,0,17,0,13,0,11,
0,88,255,254,254,176,255,164,8,35,247,111,8,184,241,70,2,5,193,0,177,0,220,0,219,0,88,0,36,0,17,0,13,0,11,
0,88,255,254,254,176,255,164,8,35,247,111,8,184,241,70,2,5,193,0,178,0,221,0,219,0,87,0,36,0,17,0,12,0,11,
0,89,255,3,255,177,255,164,8,35,247,111,8,61,242,247,1,8,191,0,178,0,221,0,219,0,87,0,36,0,16,0,12,0,11,
0,103,255,7,255,157,255,164,8,35,247,111,8,110,240,40,2,237,189,0,177,0,220,0,219,0,88,0,37,0,18,0,13,0,11,
0,104,255,7,254,171,255,164,8,35,247,111,8,140,240,225,2,168,194,0,178,0,220,0,219,0,88,0,37,0,18,0,13,0,11,
0,104,255,228,254,171,255,117,8,31,247,104,8,140,240,82,2,199,193,0,178,0,220,0,219,0,88,0,37,0,18,0,13,0,12,
0,144,255,232,254,173,255,117,8,31,247,104,8,203,241,82,2,199,193,0,178,0,220,0,219,0,87,0,36,0,17,0,12,0,11,
0,154,255,239,254,154,255,117,8,31,247,104,8,139,241,237,1,209,191,0,178,0,220,0,218,0,87,0,37,0,18,0,13,0,11,
0,154,255,239,254,118,255,117,8,31,247,104,8,46,241,10,2,196,190,0,179,0,220,0,219,0,87,0,36,0,17,0,12,0,11,
0,126,255,235,254,118,255,117,8,31,247,104,8,83,240,188,2,70,192,0,178,0,220,0,218,0,87,0,37,0,18,0,13,0,11,
0,150,255,241,254,123,255,117,8,31,247,104,8,83,240,188,2,35,194,0,179,0,220,0,219,0,87,0,36,0,17,0,12,0,11,
0,129,255,209,254,126,255,117,8,31,247,104,8,56,241,91,2,35,194,0,179,0,219,0,218,0,87,0,37,0,17,0,12,0,11,
0,129,255,209,254,126,255,117,8,31,247,104,8,19,242,187,1,184,191,0,179,0,219,0,218,0,87,0,37,0,18,0,13,0,11,
0,118,255,219,254,130,255,117,8,31,247,104,8,12,240,210,1,193,190,0,179,0,219,0,218,0,87,0,36,0,17,0,12,0,10,
0,105,255,250,254,149,255,117,8,31,247,104,8,12,240,107,2,249,194,0,178,0,219,0,217,0,87,0,37,0,18,0,13,0,11,
0,128,255,255,254,166,255,239,8,57,247,244,7,236,240,107,2,249,194,0,179,0,219,0,217,0,87,0,37,0,18,0,13,0,11,
0,128,255,255,254,166,255,239,8,57,247,244,7,169,241,250,1,134,194,0,179,0,219,0,217,0,87,0,37,0,18,0,13,0,11,
0,89,255,239,254,168,255,239,8,57,247,244,7,132,241,136,1,202,191,0,179,0,219,0,217,0,87,0,40,0,18,0,13,0,11,
0,63,255,209,254,162,255,239,8,57,247,244,7,119,240,142,1,93,190,0,179,0,219,0,218,0,87,0,40,0,17,0,12,0,10,
0,81,255,209,254,141,255,239,8,57,247,244,7,119,240,142,1,93,194,0,179,0,218,0,217,0,87,0,40,0,19,0,13,0,11,
0,81,255,216,254,141,255,239,8,57,247,244,7,10,240,59,2,93,194,0,179,0,218,0,217,0,87,0,39,0,19,0,13,0,11,
0,128,255,247,254,178,255,239,8,57,247,244,7,162,241,238,1,110,195,0,179,0,218,0,217,0,87,0,38,0,18,0,12,0,11,
0,123,255,245,254,196,255,239,8,57,247,244,7,38,241,94,1,26,191,0,179,0,218,0,217,0,86,0,37,0,17,0,12,0,11,
0,123,255,245,254,187,255,239,8,57,247,244,7,128,239,26,2,115,192,0,179,0,218,0,217,0,87,0,38,0,19,0,13,0,11,
0,116,255,240,254,187,255,239,8,57,247,244,7,128,239,26,2,115,192,0,179,0,218,0,217,0,87,0,38,0,18,0,13,0,11,
0,42,255,242,254,198,255,239,8,84,247,4,8,145,240,74,2,46,196,0,179,0,218,0,217,0,87,0,38,0,19,0,13,0,11,
0,66,255,0,255,174,255,239,8,84,247,4,8,60,241,254,1,54,194,0,180,0,218,0,217,0,86,0,37,0,17,0,13,0,11,
0,66,255,0,255,174,255,239,8,84,247,4,8,230,240,85,1,170,190,0,180,0,218,0,217,0,86,0,37,0,17,0,12,0,11,
0,54,255,12,255,166,255,239,8,84,247,4,8,230,240,35,2,129,193,0,179,0,217,0,216,0,87,0,37,0,18,0,13,0,11,
0,24,255,251,254,158,255,239,8,84,247,4,8,136,239,35,2,129,193,0,180,0,217,0,215,0,86,0,37,0,18,0,12,0,11,
0,15,255,2,255,171,255,239,8,84,247,4,8,104,240,64,2,22,196,0,180,0,217,0,215,0,86,0,37,0,18,0,13,0,11,
0,15,255,2,255,171,255,239,8,84,247,4,8,102,241,156,1,164,193,0,180,0,217,0,215,0,86,0,36,0,17,0,12,0,11,
0,74,255,32,255,190,255,239,8,84,247,4,8,78,240,242,1,230,190,0,181,0,217,0,215,0,85,0,36,0,17,0,12,0,10,
0,39,255,51,255,190,255,239,8,84,247,4,8,78,240,242,1,230,192,0,180,0,217,0,215,0,86,0,36,0,18,0,13,0,11,
0,255,254,51,255,174,255,239,8,84,247,4,8,61,239,47,2,107,192,0,181,0,217,0,215,0,86,0,36,0,17,0,12,0,11,
0,255,254,61,255,174,255,170,8,28,247,129,9,197,239,112,2,91,194,0,181,0,217,0,214,0,86,0,36,0,18,0,13,0,11,
0,5,255,50,255,142,255,170,8,28,247,129,9,28,240,99,2,52,194,0,182,0,218,0,215,0,85,0,36,0,18,0,13,0,11,
0,34,255,68,255,166,255,170,8,28,247,129,9,28,240,19,2,35,193,0,183,0,217,0,214,0,86,0,36,0,17,0,13,0,11,
0,34,255,68,255,178,255,170,8,28,247,129,9,139,240,19,2,35,193,0,184,0,218,0,215,0,85,0,36,0,17,0,12,0,11,
0,44,255,85,255,178,255,170,8,28,247,129,9,78,240,81,2,9,192,0,184,0,217,0,214,0,86,0,37,0,18,0,13,0,11,
0,39,255,65,255,173,255,170,8,28,247,129,9,209,239,210,2,155,192,0,185,0,218,0,214,0,86,0,36,0,18,0,13,0,11,
0,244,254,46,255,164,255,170,8,28,247,129,9,214,239,192,2,163,193,0,186,0,218,0,215,0,85,0,35,0,17,0,13,0,11,
0,244,254,46,255,164,255,170,8,28,247,129,9,214,239,192,2,193,192,0,186,0,218,0,214,0,86,0,37,0,18,0,13,0,12,
0,232,254,66,255,153,255,170,8,28,247,129,9,237,239,189,2,193,192,0,187,0,219,0,215,0,86,0,36,0,17,0,12,0,11,
0,5,255,96,255,172,255,170,8,28,247,129,9,248,239,251,2,81,193,0,187,0,218,0,215,0,86,0,36,0,18,0,13,0,11,
0,236,254,91,255,170,255,170,8,28,247,129,9,2,240,125,2,66,192,0,188,0,219,0,215,0,86,0,36,0,18,0,13,0,11,
0,236,254,91,255,170,255,165,8,50,247,47,8,35,240,204,2,83,193,0,189,0,219,0,215,0,85,0,36,0,17,0,12,0,11,
0,210,254,121,255,160,255,165,8,50,247,47,8,35,240,204,2,83,193,0,189,0,219,0,214,0,86,0,36,0,18,0,13,0,11,
0,198,254,107,255,177,255,165,8,50,247,47,8,49,239,79,3,215,192,0,190,0,219,0,215,0,85,0,36,0,17,0,12,0,11,
0,198,254,107,255,172,255,165,8,50,247,47,8,191,239,252,2,229,192,0,191,0,219,0,214,0,86,0,36,0,18,0,13,0,11,
0,250,254,113,255,172,255,165,8,50,247,47,8,201,239,176,2,166,191,0,191,0,219,0,214,0,86,0,36,0,17,0,13,0,11,
0,244,254,122,255,201,255,165,8,50,247,47,8,201,239,176,2,83,193,0,192,0,219,0,214,0,85,0,36,0,17,0,12,0,11,
0,248,254,112,255,183,255,165,8,50,247,47,8,62,239,54,3,83,193,0,193,0,219,0,214,0,85,0,35,0,17,0,12,0,10,
0,248,254,112,255,153,255,165,8,50,247,47,8,189,239,62,3,55,192,0,193,0,219,0,214,0,85,0,36,0,18,0,12,0,11,
0,27,255,136,255,153,255,165,8,50,247,47,8,227,238,52,3,99,192,0,194,0,219,0,214,0,85,0,36,0,17,0,12,0,10,
0,46,255,170,255,166,255,165,8,50,247,47,8,55,240,34,3,83,193,0,195,0,219,0,214,0,85,0,36,0,18,0,13,0,11,
0,37,255,176,255,183,255,158,8,29,247,24,8,55,240,34,3,83,193,0,196,0,219,0,214,0,85,0,36,0,17,0,13,0,11,
0,37,255,176,255,183,255,158,8,29,247,24,8,226,239,78,3,40,193,0,197,0,219,0,214,0,85,0,35,0,16,0,12,0,11,
0,25,255,173,255,168,255,158,8,29,247,24,8,197,239,194,2,221,190,0,197,0,219,0,214,0,86,0,36,0,18,0,13,0,11,
0,22,255,203,255,160,255,158,8,29,247,24,8,155,239,246,2,160,190,0,198,0,219,0,214,0,85,0,36,0,18,0,13,0,11,
0,8,255,243,255,164,255,158,8,29,247,24,8,155,239,75,3,228,191,0,198,0,219,0,214,0,85,0,36,0,18,0,13,0,11,
0,8,255,243,255,164,255,158,8,29,247,24,8,235,238,75,3,228,191,0,199,0,219,0,214,0,85,0,36,0,17,0,12,0,11,
0,249,254,246,255,158,255,158,8,29,247,24,8,158,239,123,3,166,193,0,200,0,219,0,214,0,86,0,36,0,18,0,13,0,11,
0,30,255,237,255,159,255,158,8,29,247,24,8,58,240,65,3,28,192,0,200,0,220,0,215,0,85,0,36,0,17,0,12,0,11,
0,30,255,237,255,144,255,158,8,29,247,24,8,54,240,147,2,61,190,0,200,0,219,0,214,0,86,0,36,0,18,0,12,0,11,
0,43,255,243,255,144,255,158,8,29,247,24,8,54,240,147,2,104,190,0,200,0,219,0,215,0,86,0,36,0,18,0,13,0,11,
0,62,255,213,255,163,255,238,8,184,246,232,8,179,239,228,2,104,190,0,200,0,220,0,215,0,85,0,36,0,17,0,13,0,11,
0,35,255,205,255,189,255,238,8,184,246,232,8,101,239,55,3,123,192,0,200,0,219,0,215,0,86,0,36,0,18,0,13,0,11,
0,35,255,205,255,197,255,238,8,184,246,232,8,228,239,235,2,58,191,0,200,0,220,0,215,0,85,0,35,0,16,0,12,0,11,
0,44,255,232,255,197,255,238,8,184,246,232,8,228,239,42,3,236,191,0,200,0,219,0,215,0,86,0,36,0,17,0,12,0,11,
0,65,255,254,255,174,255,238,8,184,246,232,8,80,239,42,3,236,191,0,200,0,219,0,215,0,86,0,36,0,18,0,13,0,11,
0,24,255,239,255,196,255,238,8,184,246,232,8,24,239,44,3,156,192,0,200,0,220,0,216,0,85,0,36,0,17,0,12,0,11,
0,24,255,239,255,196,255,238,8,184,246,232,8,149,240,216,2,37,191,0,200,0,219,0,216,0,86,0,36,0,18,0,13,0,11,
0,20,255,237,255,202,255,238,8,184,246,232,8,155,239,191,2,59,191,0,200,0,220,0,217,0,85,0,35,0,16,0,12,0,10,
0,32,255,252,255,200,255,238,8,184,246,232,8,155,239,191,2,124,191,0,200,0,220,0,217,0,86,0,36,0,17,0,12,0,11,
0,14,255,32,0,197,255,238,8,184,246,232,8,96,239,60,3,124,191,0,199,0,220,0,217,0,86,0,36,0,18,0,13,0,11,
0,14,255,32,0,197,255,232,8,15,247,169,8,107,239,68,3,5,192,0,199,0,220,0,217,0,86,0,36,0,17,0,12,0,11,
0,34,255,77,0,166,255,232,8,15,247,169,8,116,239,21,3,119,193,0,198,0,220,0,218,0,87,0,36,0,18,0,13,0,11,
0,66,255,89,0,172,255,232,8,15,247,169,8,156,240,224,2,146,191,0,198,0,221,0,218,0,86,0,36,0,17,0,12,0,11,
0,66,255,89,0,170,255,232,8,15,247,169,8,156,240,224,2,146,191,0,197,0,220,0,219,0,87,0,37,0,18,0,12,0,11,
0,81,255,72,0,170,255,232,8,15,247,169,8,2,240,188,2,186,190,0,197,0,221,0,219,0,87,0,37,0,18,0,13,0,11,
0,72,255,116,0,169,255,232,8,15,247,169,8,135,239,215,2,102,190,0,197,0,221,0,220,0,87,0,36,0,17,0,12,0,11,
0,64,255,117,0,177,255,232,8,15,247,169,8,83,239,49,3,211,191,0,196,0,221,0,219,0,87,0,37,0,18,0,13,0,11,
0,64,255,117,0,177,255,232,8,15,247,169,8,83,239,49,2,32,193,0,196,0,221,0,220,0,87,0,36,0,17,0,12,0,11,
0,73,255,121,0,171,255,232,8,15,247,169,8,202,239,135,2,32,193,0,195,0,221,0,220,0,88,0,37,0,18,0,12,0,11,
0,77,255,141,0,202,255,232,8,15,247,169,8,58,240,213,2,55,192,0,195,0,221,0,220,0,87,0,32,0,17,0,13,0,12,
0,86,255,114,0,170,255,232,8,15,247,169,8,95,240,173,2,63,190,0,195,0,221,0,221,0,87,0,33,0,16,0,13,0,11,
0,86,255,114,0,170,255,188,8,18,247,217,8,145,239,200,2,227,191,0,195,0,222,0,222,0,87,0,33,0,16,0,12,0,11,
0,76,255,85,0,144,255,188,8,18,247,217,8,145,239,200,2,227,191,0,194,0,221,0,221,0,88,0,35,0,17,0,13,0,11,
0,0,255,126,0,175,255,188,8,18,247,217,8,97,239,202,2,205,192,0,194,0,221,0,222,0,88,0,36,0,17,0,12,0,11,
0,25,255,128,0,204,255,188,8,18,247,217,8,167,240,124,2,176,191,0,193,0,221,0,222,0,89,0,36,0,17,0,13,0,11,
0,25,255,128,0,204,255,188,8,18,247,217,8,127,240,126,2,149,191,0,194,0,222,0,222,0,88,0,36,0,17,0,12,0,11,
0,60,255,124,0,195,255,188,8,18,247,217,8,127,240,166,2,6,191,0,193,0,221,0,222,0,89,0,36,0,18,0,13,0,11,
0,86,255,94,0,188,255,188,8,18,247,217,8,232,239,166,2,6,191,0,193,0,222,0,223,0,88,0,36,0,17,0,12,0,11,
0,86,255,94,0,170,255,188,8,18,247,217,8,178,239,158,2,250,191,0,193,0,221,0,222,0,89,0,37,0,18,0,13,0,11,
0,87,255,85,0,170,255,188,8,18,247,217,8,17,240,192,2,208,191,0,192,0,221,0,222,0,89,0,37,0,18,0,13,0,11,
0,74,255,101,0,199,255,188,8,18,247,217,8,182,240,196,2,75,192,0,192,0,222,0,223,0,89,0,37,0,17,0,12,0,11,
0,33,255,104,0,190,255,15,9,176,246,192,8,182,240,196,2,204,191,0,193,0,222,0,222,0,89,0,37,0,17,0,12,0,11,
0,33,255,104,0,190,255,15,9,176,246,192,8,66,240,181,2,204,191,0,192,0,221,0,222,0,89,0,38,0,19,0,13,0,11,
0,19,255,111,0,202,255,15,9,176,246,192,8,32,240,159,2,106,191,0,192,0,221,0,222,0,89,0,37,0,18,0,13,0,11,
0,56,255,115,0,212,255,15,9,176,246,192,8,64,240,197,2,133,191,0,192,0,221,0,222,0,89,0,38,0,18,0,13,0,11,
0,68,255,118,0,186,255,15,9,176,246,192,8,64,240,22,3,11,192,0,192,0,221,0,222,0,89,0,38,0,18,0,13,0,11,
0,68,255,118,0,186,255,15,9,176,246,192,8,197,239,22,3,11,192,0,192,0,221,0,222,0,89,0,37,0,17,0,12,0,11,
0,61,255,113,0,185,255,15,9,176,246,192,8,54,240,6,3,145,192,0,191,0,221,0,220,0,89,0,38,0,18,0,13,0,12,
0,89,255,109,0,201,255,15,9,176,246,192,8,206,240,188,2,97,191,0,191,0,221,0,220,0,89,0,38,0,18,0,13,0,11,
0,67,255,94,0,212,255,15,9,176,246,192,8,107,240,171,2,47,190,0,191,0,221,0,219,0,89,0,38,0,18,0,13,0,11,
0,67,255,94,0,212,255,15,9,176,246,192,8,107,240,171,2,11,192,0,191,0,221,0,219,0,88,0,37,0,18,0,12,0,11,
0,66,255,94,0,220,255,162,8,32,247,121,8,100,239,253,2,11,192,0,191,0,221,0,219,0,89,0,42,0,19,0,13,0,11,
0,77,255,117,0,181,255,162,8,32,247,121,8,216,239,81,3,225,193,0,191,0,221,0,219,0,88,0,40,0,18,0,12,0,10,
0,77,255,117,0,171,255,162,8,32,247,121,8,5,241,93,2,194,190,0,190,0,220,0,217,0,88,0,40,0,19,0,13,0,11,
0,62,255,125,0,171,255,162,8,32,247,121,8,249,239,181,2,217,189,0,190,0,221,0,217,0,88,0,40,0,19,0,13,0,11,
0,71,255,91,0,152,255,162,8,32,247,121,8,249,239,181,2,217,189,0,190,0,221,0,217,0,87,0,38,0,17,0,12,0,10,
0,52,255,87,0,157,255,162,8,32,247,121,8,12,239,39,3,104,191,0,190,0,220,0,216,0,87,0,38,0,18,0,13,0,11,
0,52,255,87,0,157,255,162,8,32,247,121,8,18,240,44,3,139,193,0,190,0,221,0,216,0,86,0,37,0,17,0,12,0,11,
0,31,255,73,0,189,255,162,8,32,247,121,8,192,240,229,2,82,191,0,190,0,220,0,215,0,87,0,37,0,19,0,13,0,11,
0,16,255,71,0,226,255,162,8,32,247,121,8,192,240,104,2,174,189,0,189,0,221,0,215,0,87,0,37,0,18,0,13,0,11,
0,11,255,86,0,229,255,162,8,32,247,121,8,36,240,104,2,174,189,0,190,0,221,0,215,0,85,0,36,0,17,0,12,0,10,
0,11,255,86,0,229,255,215,8,249,246,175,8,84,239,231,2,49,191,0,189,0,221,0,214,0,86,0,37,0,18,0,13,0,11,
0,17,255,81,0,204,255,215,8,249,246,175,8,112,239,100,3,236,192,0,190,0,221,0,214,0,85,0,36,0,17,0,12,0,11,
0,13,255,71,0,187,255,215,8,249,246,175,8,208,240,85,3,125,193,0,190,0,221,0,213,0,86,0,37,0,18,0,13,0,11,
0,55,255,50,0,169,255,215,8,249,246,175,8,208,240,85,3,125,189,0,190,0,221,0,213,0,86,0,37,0,18,0,13,0,11,
0,55,255,50,0,169,255,215,8,249,246,175,8,141,240,155,2,68,189,0,190,0,221,0,213,0,85,0,36,0,17,0,12,0,11,
0,104,255,21,0,167,255,215,8,249,246,175,8,82,239,92,3,218,191,0,190,0,221,0,213,0,86,0,37,0,18,0,13,0,11,
0,98,255,21,0,193,255,215,8,249,246,175,8,240,238,248,3,143,193,0,191,0,222,0,213,0,85,0,36,0,17,0,12,0,11,
0,98,255,21,0,182,255,215,8,249,246,175,8,240,238,62,3,166,192,0,190,0,221,0,212,0,85,0,36,0,17,0,13,0,11,
0,95,255,2,0,182,255,215,8,249,246,175,8,8,241,62,3,166,192,0,191,0,221,0,212,0,85,0,36,0,17,0,12,0,12,
0,67,255,12,0,215,255,215,8,249,246,175,8,221,239,0,3,152,188,0,191,0,221,0,212,0,85,0,36,0,17,0,12,0,11,
0,81,255,9,0,180,255,215,8,249,246,175,8,18,239,234,3,224,192,0,192,0,221,0,212,0,84,0,35,0,17,0,12,0,11,
0,81,255,9,0,180,255,198,8,225,246,201,8,82,240,197,3,95,192,0,192,0,220,0,212,0,85,0,36,0,18,0,13,0,11,
0,79,255,10,0,124,255,198,8,225,246,201,8,82,240,197,3,131,189,0,193,0,220,0,212,0,85,0,36,0,18,0,12,0,11,
0,94,255,17,0,126,255,198,8,225,246,201,8,16,239,70,3,131,189,0,194,0,221,0,213,0,84,0,35,0,17,0,12,0,11,
0,77,255,14,0,116,255,198,8,225,246,201,8,245,239,160,3,119,191,0,195,0,221,0,213,0,84,0,36,0,17,0,12,0,11,
0,77,255,14,0,116,255,198,8,225,246,201,8,12,240,109,3,197,190,0,196,0,221,0,213,0,84,0,35,0,17,0,12,0,11,
0,84,255,30,0,135,255,198,8,225,246,201,8,176,239,118,3,62,190,0,196,0,220,0,213,0,85,0,36,0,17,0,13,0,11,
0,95,255,20,0,140,255,198,8,225,246,201,8,176,239,118,3,62,190,0,196,0,220,0,213,0,85,0,36,0,17,0,12,0,10,
0,90,255,0,0,172,255,198,8,225,246,201,8,10,240,98,3,4,190,0,198,0,221,0,214,0,84,0,35,0,17,0,12,0,11,
0,90,255,0,0,172,255,198,8,225,246,201,8,184,239,157,3,18,191,0,198,0,220,0,214,0,85,0,35,0,17,0,12,0,11,
0,61,255,3,0,211,255,198,8,225,246,201,8,70,240,70,3,206,190,0,200,0,220,0,214,0,84,0,35,0,16,0,12,0,11,
0,77,255,250,255,183,255,190,8,248,246,227,8,70,240,70,2,222,190,0,200,0,220,0,214,0,86,0,36,0,18,0,13,0,11,
0,77,255,250,255,182,255,190,8,248,246,227,8,4,240,230,2,222,190,0,200,0,220,0,215,0,85,0,36,0,17,0,12,0,11,
0,102,255,23,0,182,255,190,8,248,246,227,8,50,239,51,3,101,190,0,200,0,221,0,216,0,85,0,36,0,16,0,12,0,11,
0,112,255,39,0,198,255,190,8,248,246,227,8,160,240,64,3,235,190,0,201,0,221,0,216,0,86,0,36,0,17,0,12,0,11,
0,115,255,17,0,166,255,190,8,248,246,227,8,136,240,195,2,152,190,0,201,0,221,0,217,0,86,0,36,0,17,0,12,0,11,
0,115,255,17,0,166,255,190,8,248,246,227,8,136,240,195,2,152,190,0,201,0,221,0,216,0,86,0,36,0,18,0,13,0,11,
0,84,255,27,0,164,255,190,8,248,246,227,8,208,239,225,2,55,189,0,202,0,221,0,217,0,86,0,36,0,18,0,13,0,11,
0,61,255,6,0,176,255,190,8,248,246,227,8,120,239,132,3,194,192,0,202,0,221,0,218,0,87,0,37,0,18,0,13,0,12,
0,105,255,40,0,200,255,190,8,248,246,227,8,54,241,69,2,228,190,0,203,0,221,0,219,0,86,0,36,0,17,0,13,0,11,
0,105,255,40,0,200,255,190,8,248,246,227,8,54,241,129,2,179,188,0,202,0,222,0,220,0,87,0,37,0,18,0,13,0,12,
0,107,255,40,0,223,255,234,8,203,246,5,9,219,239,129,2,179,188,0,203,0,223,0,221,0,87,0,36,0,17,0,12,0,11,
0,114,255,22,0,225,255,234,8,203,246,5,9,165,239,192,2,93,191,0,203,0,223,0,221,0,87,0,37,0,18,0,13,0,11,
0,131,255,22,0,217,255,234,8,203,246,5,9,15,240,124,2,25,192,0,203,0,223,0,221,0,88,0,37,0,18,0,13,0,11,
0,131,255,38,0,217,255,234,8,203,246,5,9,212,240,66,2,174,191,0,203,0,223,0,222,0,88,0,37,0,17,0,12,0,11,
0,135,255,65,0,246,255,234,8,203,246,5,9,212,240,66,2,160,190,0,204,0,223,0,222,0,88,0,37,0,18,0,13,0,11,
0,138,255,100,0,15,0,234,8,203,246,5,9,117,240,248,1,160,190,0,204,0,224,0,224,0,88,0,36,0,15,0,12,0,11,
0,138,255,100,0,33,0,234,8,203,246,5,9,54,240,223,1,238,190,0,204,0,224,0,225,0,89,0,37,0,16,0,12,0,10,
0,132,255,115,0,33,0,234,8,203,246,5,9,107,240,196,1,111,191,0,204,0,225,0,225,0,90,0,37,0,17,0,12,0,11,
0,141,255,94,0,33,0,234,8,203,246,5,9,107,240,242,1,151,191,0,205,0,225,0,226,0,89,0,37,0,16,0,12,0,11,
0,135,255,98,0,24,0,234,8,203,246,5,9,118,240,242,1,151,191,0,204,0,225,0,226,0,90,0,38,0,17,0,13,0,11,
0,135,255,98,0,24,0,159,8,27,247,252,7,198,240,189,1,10,192,0,205,0,226,0,227,0,90,0,37,0,16,0,12,0,11,
0,132,255,90,0,33,0,159,8,27,247,252,7,47,240,203,1,97,192,0,205,0,226,0,227,0,91,0,38,0,17,0,12,0,11,
0,103,255,89,0,35,0,159,8,27,247,252,7,34,241,88,1,251,190,0,205,0,226,0,228,0,91,0,38,0,18,0,13,0,11,
0,102,255,58,0,51,0,159,8,27,247,252,7,34,241,88,1,129,190,0,206,0,227,0,229,0,91,0,38,0,17,0,12,0,11,
0,102,255,58,0,51,0,159,8,27,247,252,7,158,240,58,1,129,190,0,206,0,228,0,230,0,91,0,38,0,17,0,12,0,11,
0,97,255,53,0,57,0,159,8,27,247,252,7,13,240,223,1,95,193,0,206,0,228,0,230,0,92,0,39,0,18,0,13,0,12,
0,88,255,56,0,67,0,159,8,27,247,252,7,207,240,114,1,193,192,0,207,0,228,0,230,0,92,0,39,0,17,0,12,0,11,
0,48,255,56,0,68,0,159,8,27,247,252,7,219,240,107,1,15,192,0,207,0,228,0,230,0,92,0,39,0,18,0,13,0,11,
0,48,255,58,0,68,0,159,8,27,247,252,7,219,240,107,1,15,192,0,208,0,229,0,231,0,92,0,39,0,17,0,12,0,11,
0,22,255,69,0,49,0,159,8,27,247,252,7,217,239,80,1,215,190,0,208,0,229,0,232,0,93,0,39,0,18,0,13,0,11,
0,22,255,49,0,45,0,159,8,27,247,37,9,197,239,96,1,158,192,0,208,0,230,0,232,0,93,0,39,0,17,0,12,0,11,
0,22,255,49,0,11,0,116,8,53,247,37,9,127,240,161,1,128,193,0,208,0,230,0,232,0,93,0,40,0,18,0,13,0,11,
0,68,255,15,0,11,0,116,8,53,247,37,9,127,240,12,1,213,191,0,209,0,230,0,232,0,94,0,40,0,18,0,13,0,11,
0,56,255,254,255,17,0,116,8,53,247,37,9,254,240,12,1,213,191,0,209,0,230,0,232,0,93,0,39,0,17,0,12,0,11,
0,61,255,13,0,17,0,116,8,53,247,37,9,218,239,27,1,23,190,0,210,0,231,0,232,0,93,0,39,0,17,0,12,0,10,
0,61,255,13,0,17,0,116,8,53,247,37,9,219,239,94,1,132,193,0,209,0,231,0,232,0,94,0,40,0,18,0,13,0,11,
0,50,255,11,0,254,255,116,8,53,247,37,9,222,240,246,0,246,192,0,210,0,232,0,232,0,94,0,40,0,17,0,12,0,10,
0,96,255,226,255,15,0,116,8,53,247,37,9,222,240,246,0,246,191,0,211,0,231,0,232,0,94,0,34,0,17,0,13,0,12,
0,122,255,229,255,27,0,116,8,53,247,37,9,134,240,234,0,186,191,0,211,0,232,0,232,0,93,0,35,0,16,0,13,0,11,
0,122,255,229,255,27,0,116,8,53,247,37,9,254,239,248,0,224,191,0,212,0,232,0,232,0,94,0,37,0,17,0,13,0,12,
0,87,255,221,255,23,0,116,8,53,247,37,9,240,239,50,1,27,193,0,213,0,232,0,232,0,93,0,37,0,16,0,12,0,11,
0,70,255,240,255,11,0,217,8,9,247,201,8,240,239,251,0,60,193,0,212,0,232,0,232,0,94,0,38,0,17,0,12,0,11,
0,49,255,240,255,18,0,217,8,9,247,201,8,40,240,251,0,60,193,0,213,0,232,0,231,0,94,0,38,0,17,0,13,0,12,
0,49,255,250,255,18,0,217,8,9,247,201,8,68,240,232,0,180,191,0,214,0,232,0,230,0,94,0,39,0,18,0,13,0,12,
0,49,255,233,255,24,0,217,8,9,247,201,8,156,239,201,0,210,190,0,214,0,232,0,230,0,94,0,40,0,18,0,13,0,12,
0,33,255,238,255,14,0,217,8,9,247,201,8,17,239,54,1,93,192,0,215,0,232,0,231,0,93,0,38,0,17,0,12,0,11,
0,33,255,238,255,32,0,217,8,9,247,201,8,17,239,54,1,139,193,0,215,0,232,0,230,0,94,0,40,0,18,0,12,0,11,
0,14,255,6,0,32,0,217,8,9,247,201,8,246,239,156,0,139,193,0,215,0,232,0,229,0,93,0,40,0,18,0,13,0,11,
0,18,255,0,0,22,0,217,8,9,247,201,8,26,240,198,0,220,191,0,216,0,232,0,229,0,93,0,40,0,17,0,12,0,11,
0,254,254,235,255,6,0,217,8,9,247,201,8,73,239,174,0,215,190,0,216,0,232,0,228,0,93,0,40,0,18,0,13,0,11,
0,254,254,235,255,6,0,217,8,9,247,201,8,73,238,2,1,2,192,0,217,0,232,0,228,0,92,0,39,0,17,0,12,0,11,
0,18,255,215,255,21,0,181,8,217,246,173,8,253,238,2,1,2,192,0,217,0,232,0,226,0,93,0,40,0,18,0,13,0,11,
0,11,255,230,255,17,0,181,8,217,246,173,8,250,238,79,1,108,193,0,217,0,232,0,226,0,92,0,39,0,18,0,13,0,11,
0,247,254,223,255,22,0,181,8,217,246,173,8,42,240,196,0,8,191,0,218,0,232,0,225,0,92,0,39,0,17,0,12,0,11,
0,247,254,223,255,22,0,181,8,217,246,173,8,159,238,236,0,125,190,0,218,0,232,0,224,0,92,0,39,0,18,0,13,0,11,
0,9,255,230,255,26,0,181,8,217,246,173,8,159,238,236,0,237,192,0,219,0,232,0,224,0,91,0,38,0,16,0,12,0,10,
0,6,255,13,0,43,0,181,8,217,246,173,8,32,238,136,1,237,192,0,219,0,232,0,223,0,91,0,39,0,19,0,12,0,11,
0,6,255,13,0,73,0,181,8,217,246,173,8,169,239,11,1,157,191,0,219,0,232,0,222,0,91,0,39,0,19,0,13,0,11,
0,1,255,2,0,73,0,181,8,217,246,173,8,46,239,83,1,186,189,0,219,0,232,0,222,0,91,0,43,0,20,0,13,0,11,
0,253,254,248,255,64,0,181,8,217,246,173,8,196,238,153,1,135,191,0,220,0,232,0,221,0,90,0,41,0,19,0,13,0,11,
0,243,254,2,0,27,0,181,8,217,246,173,8,196,238,153,1,135,191,0,221,0,232,0,221,0,89,0,40,0,18,0,12,0,10,
0,243,254,2,0,42,0,181,8,202,246,130,9,198,239,62,1,36,190,0,220,0,232,0,219,0,90,0,40,0,19,0,13,0,11,
0,228,254,253,255,42,0,181,8,202,246,130,9,219,238,154,1,219,190,0,220,0,232,0,219,0,89,0,40,0,19,0,13,0,11,
0,238,254,14,0,37,0,181,8,202,246,130,9,243,237,1,2,66,191,0,220,0,232,0,219,0,88,0,39,0,19,0,13,0,11,
0,234,254,33,0,58,0,181,8,202,246,130,9,243,237,142,1,72,191,0,221,0,232,0,217,0,88,0,39,0,19,0,14,0,11,
0,234,254,33,0,58,0,181,8,202,246,130,9,61,239,142,1,72,191,0,221,0,233,0,217,0,87,0,38,0,18,0,12,0,11,
0,225,254,34,0,60,0,181,8,202,246,130,9,131,239,214,1,46,189,0,220,0,233,0,217,0,88,0,38,0,18,0,12,0,11,
0,188,254,24,0,45,0,181,8,202,246,130,9,236,237,36,2,99,189,0,220,0,232,0,216,0,88,0,38,0,19,0,13,0,11,
0,162,254,31,0,18,0,181,8,202,246,130,9,70,238,38,2,23,192,0,221,0,233,0,216,0,87,0,38,0,18,0,13,0,11,
0,162,254,31,0,18,0,181,8,202,246,130,9,70,238,38,2,52,190,0,220,0,233,0,215,0,87,0,37,0,18,0,13,0,11,
0,160,254,101,0,29,0,181,8,202,246,130,9,114,239,234,1,52,190,0,220,0,233,0,216,0,86,0,36,0,17,0,12,0,11,
0,155,254,96,0,12,0,134,8,246,246,255,8,26,239,196,1,95,188,0,220,0,233,0,215,0,87,0,37,0,18,0,13,0,11,
0,155,254,96,0,243,255,134,8,246,246,255,8,102,238,114,2,53,190,0,219,0,233,0,215,0,87,0,37,0,18,0,13,0,11,
0,165,254,79,0,243,255,134,8,246,246,255,8,102,238,174,2,115,192,0,219,0,234,0,215,0,86,0,36,0,17,0,12,0,11,
0,173,254,84,0,40,0,134,8,246,246,255,8,160,238,174,2,115,192,0,219,0,233,0,215,0,86,0,37,0,18,0,13,0,11,
0,190,254,103,0,22,0,134,8,246,246,255,8,147,239,99,2,37,190,0,219,0,234,0,216,0,86,0,36,0,17,0,12,0,11,
0,190,254,103,0,9,0,134,8,246,246,255,8,2,239,73,2,80,188,0,218,0,233,0,215,0,86,0,37,0,18,0,13,0,11,
0,205,254,137,0,9,0,134,8,246,246,255,8,16,238,192,2,176,189,0,218,0,233,0,215,0,86,0,36,0,18,0,13,0,11,
0,214,254,153,0,248,255,134,8,246,246,255,8,16,238,192,2,75,191,0,217,0,233,0,216,0,86,0,36,0,18,0,13,0,11,
0,196,254,127,0,249,255,134,8,246,246,255,8,234,238,2,3,75,191,0,217,0,233,0,216,0,86,0,36,0,18,0,13,0,11,
0,196,254,127,0,249,255,134,8,246,246,255,8,223,239,43,2,222,190,0,217,0,234,0,217,0,86,0,36,0,16,0,12,0,10,
0,183,254,126,0,42,0,134,8,246,246,255,8,80,239,58,2,187,187,0,216,0,233,0,217,0,87,0,37,0,17,0,12,0,11,
0,189,254,88,0,33,0,167,8,88,247,28,8,232,238,241,2,51,190,0,216,0,233,0,218,0,87,0,37,0,18,0,13,0,11,
0,205,254,118,0,10,0,167,8,88,247,28,8,232,238,241,2,51,190,0,215,0,233,0,219,0,87,0,36,0,17,0,12,0,11,
0,205,254,118,0,10,0,167,8,88,247,28,8,82,239,13,3,198,191,0,215,0,233,0,219,0,87,0,37,0,18,0,13,0,11,
0,224,254,121,0,7,0,167,8,88,247,28,8,209,239,179,2,52,190,0,215,0,233,0,220,0,87,0,36,0,17,0,12,0,11,
0,227,254,121,0,254,255,167,8,88,247,28,8,20,240,129,2,54,188,0,214,0,233,0,220,0,88,0,37,0,17,0,12,0,11,
0,227,254,121,0,5,0,167,8,88,247,28,8,20,240,160,2,6,188,0,214,0,233,0,221,0,88,0,37,0,18,0,13,0,11,
0,253,254,144,0,5,0,167,8,88,247,28,8,19,239,160,2,6,188,0,213,0,233,0,222,0,88,0,37,0,17,0,13,0,11,
0,220,254,140,0,6,0,167,8,88,247,28,8,167,239,244,2,126,192,0,213,0,233,0,223,0,88,0,37,0,17,0,12,0,11,
0,192,254,180,0,16,0,167,8,88,247,28,8,242,240,38,2,71,189,0,212,0,232,0,223,0,89,0,37,0,18,0,13,0,11,
0,192,254,180,0,16,0,167,8,88,247,28,8,92,239,113,2,93,187,0,211,0,233,0,224,0,89,0,37,0,16,0,12,0,10,
0,225,254,192,0,22,0,165,8,232,246,220,8,92,239,113,2,93,187,0,210,0,232,0,224,0,89,0,37,0,17,0,13,0,11,
0,242,254,173,0,255,255,165,8,232,246,220,8,192,238,255,2,33,191,0,209,0,233,0,225,0,89,0,37,0,16,0,12,0,11,
0,8,255,182,0,241,255,165,8,232,246,220,8,186,240,121,2,94,191,0,208,0,233,0,226,0,89,0,37,0,16,0,11,0,10,
0,8,255,182,0,241,255,165,8,232,246,220,8,81,240,233,1,54,188,0,207,0,232,0,227,0,90,0,38,0,17,0,12,0,11,
0,254,254,157,0,252,255,165,8,232,246,220,8,81,240,28,2,54,188,0,206,0,233,0,228,0,91,0,38,0,16,0,12,0,10,
0,189,254,145,0,12,0,165,8,232,246,220,8,242,239,28,2,54,188,0,205,0,232,0,228,0,91,0,38,0,17,0,13,0,11,
0,242,254,172,0,18,0,165,8,232,246,220,8,147,239,189,2,114,191,0,204,0,233,0,229,0,91,0,38,0,17,0,12,0,11,
0,242,254,172,0,18,0,165,8,232,246,220,8,164,240,59,2,172,191,0,204,0,233,0,230,0,91,0,38,0,17,0,12,0,11,
0,36,255,185,0,15,0,165,8,232,246,220,8,190,240,201,1,166,189,0,203,0,233,0,231,0,92,0,39,0,18,0,13,0,11,
0,62,255,213,0,252,255,165,8,232,246,220,8,190,240,201,1,101,189,0,202,0,233,0,231,0,92,0,39,0,17,0,12,0,11,
0,62,255,213,0,240,255,159,8,243,246,90,7,80,240,140,1,101,189,0,201,0,232,0,232,0,93,0,39,0,18,0,13,0,11,
0,90,255,192,0,240,255,159,8,243,246,90,7,38,240,250,1,162,191,0,200,0,233,0,232,0,93,0,39,0,17,0,12,0,11,
0,92,255,194,0,237,255,159,8,243,246,90,7,13,240,163,1,90,191,0,200,0,233,0,233,0,93,0,39,0,17,0,12,0,11,
0,47,255,205,0,11,0,159,8,243,246,90,7,13,240,169,1,124,191,0,199,0,232,0,233,0,94,0,40,0,18,0,13,0,12,
0,47,255,205,0,11,0,159,8,243,246,90,7,104,240,169,1,124,191,0,198,0,233,0,233,0,94,0,40,0,17,0,12,0,11,
0,32,255,213,0,21,0,159,8,243,246,90,7,188,240,160,1,77,191,0,197,0,232,0,234,0,94,0,40,0,18,0,13,0,12,
0,10,255,212,0,21,0,159,8,243,246,90,7,134,240,154,1,103,191,0,197,0,233,0,234,0,94,0,40,0,17,0,12,0,11,
0,35,255,181,0,62,0,159,8,243,246,90,7,187,240,72,1,82,190,0,196,0,233,0,235,0,94,0,40,0,17,0,12,0,11,
0,35,255,181,0,62,0,159,8,243,246,90,7,187,240,72,1,78,191,0,195,0,232,0,234,0,95,0,40,0,19,0,13,0,11,
0,41,255,194,0,42,0,159,8,243,246,90,7,102,240,126,1,78,191,0,195,0,233,0,235,0,95,0,40,0,18,0,12,0,11,
0,43,255,212,0,45,0,167,8,220,246,94,8,152,240,140,1,29,192,0,194,0,232,0,234,0,95,0,40,0,18,0,13,0,11,
0,34,255,211,0,41,0,167,8,220,246,94,8,194,240,128,1,225,192,0,194,0,233,0,234,0,95,0,40,0,17,0,12,0,11,
0,34,255,211,0,41,0,167,8,220,246,94,8,233,240,12,1,122,191,0,194,0,233,0,235,0,94,0,40,0,17,0,12,0,11,
0,44,255,209,0,14,0,167,8,220,246,94,8,233,240,12,1,122,191,0,193,0,232,0,234,0,95,0,40,0,18,0,13,0,11,
0,20,255,181,0,39,0,167,8,220,246,94,8,100,240,233,0,226,190,0,192,0,233,0,234,0,95,0,40,0,18,0,12,0,10,
0,20,255,181,0,53,0,167,8,220,246,94,8,240,239,85,1,182,191,0,192,0,233,0,233,0,95,0,40,0,18,0,13,0,11,
0,241,254,182,0,53,0,167,8,220,246,94,8,195,240,134,1,20,193,0,192,0,233,0,234,0,94,0,40,0,17,0,12,0,11,
0,224,254,187,0,45,0,167,8,220,246,94,8,195,240,64,1,43,192,0,191,0,233,0,233,0,94,0,40,0,17,0,12,0,11,
0,249,254,181,0,43,0,167,8,220,246,94,8,172,241,64,1,43,192,0,191,0,232,0,232,0,95,0,40,0,19,0,13,0,12,
0,249,254,181,0,43,0,167,8,220,246,94,8,226,240,184,0,134,189,0,190,0,233,0,232,0,95,0,40,0,18,0,12,0,11,
0,253,254,185,0,57,0,167,8,220,246,94,8,54,240,49,1,245,190,0,190,0,232,0,232,0,95,0,40,0,18,0,13,0,11,
0,6,255,163,0,43,0,164,8,233,246,175,8,38,240,114,1,113,193,0,189,0,233,0,232,0,94,0,40,0,18,0,13,0,12,
0,26,255,170,0,44,0,164,8,233,246,175,8,38,240,114,1,113,192,0,189,0,232,0,230,0,94,0,40,0,18,0,13,0,12,
0,26,255,170,0,44,0,164,8,233,246,175,8,11,241,43,1,187,192,0,189,0,232,0,230,0,93,0,40,0,17,0,12,0,11,
0,44,255,141,0,67,0,164,8,233,246,175,8,245,241,229,0,118,191,0,188,0,232,0,230,0,93,0,35,0,17,0,13,0,11,
0,53,255,114,0,69,0,164,8,233,246,175,8,134,240,246,0,14,189,0,188,0,232,0,229,0,93,0,36,0,17,0,13,0,12,
0,38,255,101,0,91,0,164,8,233,246,175,8,134,240,160,1,220,191,0,188,0,232,0,228,0,93,0,36,0,16,0,12,0,12,
0,38,255,101,0,91,0,164,8,233,246,175,8,86,239,160,1,220,191,0,187,0,232,0,227,0,93,0,38,0,17,0,13,0,12,
0,21,255,108,0,69,0,164,8,233,246,175,8,192,240,132,1,7,193,0,187,0,232,0,227,0,92,0,37,0,16,0,12,0,11,
0,12,255,95,0,71,0,164,8,233,246,175,8,254,241,184,0,131,189,0,187,0,232,0,226,0,92,0,38,0,17,0,12,0,11,
0,12,255,95,0,68,0,164,8,233,246,175,8,64,240,94,1,5,190,0,187,0,231,0,225,0,92,0,38,0,17,0,13,0,11,
0,17,255,75,0,68,0,124,8,243,246,112,8,64,240,94,1,52,193,0,187,0,232,0,225,0,91,0,38,0,17,0,12,0,11,
0,9,255,86,0,61,0,124,8,243,246,112,8,235,239,2,2,52,193,0,186,0,231,0,224,0,91,0,38,0,17,0,13,0,11,
0,240,254,78,0,60,0,124,8,243,246,112,8,240,241,128,1,232,191,0,187,0,232,0,224,0,91,0,38,0,16,0,12,0,10,
0,240,254,78,0,60,0,124,8,243,246,112,8,241,240,248,0,124,188,0,186,0,230,0,222,0,91,0,38,0,19,0,12,0,11,
0,237,254,62,0,79,0,124,8,243,246,112,8,87,240,33,2,168,191,0,186,0,230,0,221,0,91,0,38,0,19,0,13,0,11,
0,241,254,68,0,70,0,124,8,243,246,112,8,87,240,33,2,168,191,0,186,0,230,0,222,0,89,0,37,0,17,0,12,0,11,
0,244,254,77,0,90,0,124,8,243,246,112,8,236,240,11,2,102,192,0,185,0,230,0,221,0,90,0,38,0,19,0,13,0,11,
0,244,254,77,0,90,0,124,8,243,246,112,8,93,241,146,1,146,189,0,186,0,230,0,221,0,89,0,37,0,17,0,12,0,11,
0,238,254,53,0,76,0,124,8,243,246,112,8,107,240,218,1,119,189,0,185,0,229,0,220,0,90,0,38,0,19,0,13,0,11,
0,235,254,38,0,54,0,124,8,243,246,112,8,107,240,218,2,212,191,0,185,0,229,0,219,0,89,0,38,0,18,0,13,0,11,
0,219,254,1,0,34,0,95,8,224,246,248,8,56,240,101,2,212,191,0,185,0,229,0,219,0,88,0,37,0,18,0,13,0,12,
0,219,254,1,0,34,0,95,8,224,246,248,8,45,241,54,2,139,191,0,185,0,230,0,218,0,88,0,37,0,17,0,12,0,11,
0,176,254,6,0,17,0,95,8,224,246,248,8,9,241,2,2,100,189,0,185,0,228,0,217,0,88,0,38,0,19,0,13,0,11,
0,206,254,21,0,52,0,95,8,224,246,248,8,155,240,57,2,97,189,0,185,0,228,0,218,0,88,0,37,0,18,0,12,0,11,
0,206,254,21,0,58,0,95,8,224,246,248,8,155,240,57,2,97,189,0,184,0,228,0,217,0,88,0,38,0,18,0,13,0,11,
0,188,254,251,255,58,0,95,8,224,246,248,8,245,239,151,2,133,190,0,185,0,228,0,217,0,87,0,41,0,18,0,12,0,11,
0,200,254,218,255,26,0,95,8,224,246,248,8,8,241,84,2,118,190,0,184,0,227,0,217,0,87,0,41,0,19,0,13,0,11,
0,192,254,186,255,5,0,95,8,224,246,248,8,132,240,170,2,32,189,0,184,0,228,0,216,0,87,0,39,0,18,0,12,0,10,
0,192,254,186,255,5,0,95,8,224,246,248,8,132,240,162,2,14,189,0,183,0,227,0,216,0,87,0,39,0,19,0,13,0,11,
0,195,254,180,255,8,0,95,8,224,246,248,8,237,240,162,2,14,189,0,183,0,227,0,216,0,87,0,38,0,19,0,13,0,11,
0,214,254,189,255,19,0,138,8,245,246,157,8,61,240,72,3,119,191,0,183,0,227,0,216,0,87,0,38,0,19,0,13,0,11,
0,224,254,222,255,245,255,138,8,245,246,157,8,222,240,243,2,198,190,0,183,0,226,0,216,0,86,0,38,0,18,0,13,0,11,
0,224,254,222,255,245,255,138,8,245,246,157,8,58,241,195,2,101,189,0,183,0,227,0,217,0,86,0,36,0,17,0,12,0,11,
0,234,254,227,255,240,255,138,8,245,246,157,8,58,241,195,2,59,189,0,182,0,226,0,216,0,86,0,37,0,17,0,12,0,11,
0,242,254,232,255,241,255,138,8,245,246,157,8,48,240,76,3,59,189,0,182,0,226,0,216,0,87,0,37,0,18,0,13,0,11,
0,247,254,232,0,250,255,138,8,245,246,157,8,90,240,49,3,99,190,0,182,0,226,0,216,0,86,0,36,0,17,0,12,0,11,
0,247,254,7,0,250,255,138,8,245,246,157,8,157,240,106,3,74,191,0,181,0,225,0,216,0,87,0,36,0,18,0,13,0,11,
0,242,254,255,255,254,255,138,8,245,246,157,8,157,240,14,3,123,189,0,181,0,225,0,217,0,86,0,36,0,17,0,12,0,11,
0,250,254,253,255,254,255,138,8,245,246,157,8,88,241,14,3,123,189,0,180,0,225,0,217,0,87,0,36,0,17,0,12,0,11,
0,250,254,253,255,10,0,138,8,245,246,157,8,174,240,233,2,33,188,0,180,0,224,0,217,0,87,0,37,0,18,0,13,0,11,
0,21,255,9,0,10,0,138,8,245,246,157,8,179,239,85,3,54,189,0,180,0,224,0,218,0,86,0,36,0,17,0,12,0,11,
0,32,255,3,0,223,255,98,8,34,247,198,7,50,240,195,3,49,192,0,179,0,223,0,217,0,87,0,37,0,18,0,13,0,12,
0,15,255,12,0,214,255,98,8,34,247,198,7,50,240,195,3,105,190,0,179,0,224,0,218,0,86,0,36,0,17,0,12,0,11,
0,15,255,12,0,214,255,98,8,34,247,198,7,226,241,243,2,105,190,0,178,0,223,0,218,0,87,0,37,0,17,0,12,0,11,
0,30,255,246,255,227,255,98,8,34,247,198,7,218,240,186,2,23,188,0,178,0,223,0,218,0,87,0,37,0,18,0,13,0,11,
0,60,255,215,255,210,255,98,8,34,247,198,7,205,239,94,3,102,190,0,178,0,223,0,219,0,87,0,36,0,17,0,12,0,11,
0,80,255,223,255,210,255,98,8,34,247,198,7,206,240,32,3,75,192,0,178,0,223,0,219,0,87,0,36,0,17,0,12,0,11,
0,80,255,223,255,210,255,98,8,34,247,198,7,206,240,32,3,75,192,0,177,0,222,0,219,0,87,0,37,0,19,0,13,0,11,
0,85,255,199,255,199,255,98,8,34,247,198,7,130,241,216,2,179,189,0,177,0,222,0,219,0,87,0,37,0,17,0,12,0,11,
0,87,255,227,255,178,255,98,8,34,247,198,7,163,240,212,2,248,188,0,178,0,222,0,220,0,87,0,37,0,18,0,13,0,11,
0,19,255,227,255,221,255,98,8,34,247,198,7,8,240,21,3,211,190,0,178,0,222,0,220,0,87,0,37,0,18,0,13,0,11,
0,19,255,236,255,221,255,168,8,3,247,180,8,8,240,32,3,31,192,0,178,0,221,0,220,0,88,0,37,0,18,0,13,0,11,
0,21,255,235,255,234,255,168,8,3,247,180,8,184,240,32,3,31,192,0,179,0,221,0,221,0,87,0,36,0,17,0,12,0,11,
0,26,255,235,255,231,255,168,8,3,247,180,8,121,241,141,2,156,189,0,179,0,221,0,220,0,88,0,37,0,17,0,12,0,11,
0,26,255,235,255,200,255,168,8,3,247,180,8,143,240,154,2,227,189,0,180,0,221,0,221,0,87,0,36,0,17,0,13,0,11,
0,59,255,223,255,200,255,168,8,3,247,180,8,47,240,238,2,110,191,0,180,0,221,0,221,0,88,0,37,0,17,0,12,0,11,
0,97,255,208,255,184,255,168,8,3,247,180,8,47,240,238,2,110,192,0,180,0,220,0,221,0,88,0,37,0,18,0,13,0,11,
0,82,255,223,255,204,255,168,8,3,247,180,8,106,241,218,2,131,192,0,180,0,220,0,222,0,88,0,37,0,17,0,12,0,11,
0,82,255,223,255,204,255,168,8,3,247,180,8,145,241,125,2,29,190,0,180,0,220,0,222,0,89,0,38,0,18,0,13,0,11,
0,81,255,6,0,216,255,168,8,3,247,180,8,76,240,96,2,76,189,0,180,0,220,0,222,0,89,0,38,0,18,0,13,0,11,
0,74,255,6,0,225,255,168,8,3,247,180,8,76,240,247,2,141,192,0,181,0,220,0,222,0,89,0,38,0,18,0,13,0,11,
0,88,255,234,255,206,255,95,8,252,246,84,8,107,240,247,2,141,192,0,180,0,220,0,222,0,89,0,38,0,18,0,13,0,11,
0,88,255,234,255,206,255,95,8,252,246,84,8,246,240,207,2,63,192,0,181,0,221,0,222,0,88,0,37,0,17,0,13,0,11,
0,54,255,249,255,199,255,95,8,252,246,84,8,235,241,113,2,229,190,0,181,0,220,0,222,0,89,0,38,0,17,0,13,0,11,
0,30,255,6,0,192,255,95,8,252,246,84,8,23,241,5,2,55,189,0,181,0,220,0,222,0,89,0,38,0,18,0,13,0,11,
0,14,255,6,0,219,255,95,8,252,246,84,8,23,241,5,2,216,191,0,181,0,221,0,222,0,89,0,38,0,18,0,13,0,12,
0,14,255,10,0,219,255,95,8,252,246,84,8,154,240,192,2,216,191,0,181,0,220,0,222,0,89,0,38,0,19,0,13,0,11,
0,39,255,49,0,237,255,95,8,252,246,84,8,154,241,201,2,99,193,0,182,0,221,0,223,0,89,0,37,0,17,0,12,0,11,
0,79,255,42,0,235,255,95,8,252,246,84,8,84,242,91,2,182,190,0,181,0,221,0,223,0,89,0,38,0,17,0,12,0,11,
0,79,255,42,0,211,255,95,8,252,246,84,8,127,241,7,2,107,189,0,181,0,221,0,222,0,89,0,38,0,18,0,13,0,11,
0,67,255,11,0,211,255,95,8,252,246,84,8,127,241,7,2,107,189,0,181,0,220,0,223,0,89,0,38,0,18,0,13,0,11,
0,88,255,254,255,178,255,144,8,21,247,118,7,204,240,50,2,136,190,0,181,0,220,0,222,0,89,0,38,0,18,0,13,0,11,
0,79,255,253,255,192,255,144,8,21,247,118,7,43,241,158,2,64,193,0,182,0,221,0,223,0,89,0,37,0,17,0,12,0,10,
0,79,255,253,255,192,255,144,8,21,247,118,7,230,241,62,2,95,192,0,181,0,221,0,223,0,89,0,38,0,17,0,12,0,10,
0,71,255,22,0,209,255,144,8,21,247,118,7,230,241,62,2,202,190,0,181,0,221,0,223,0,89,0,38,0,18,0,13,0,11,
0,79,255,47,0,215,255,144,8,21,247,118,7,137,242,189,1,202,190,0,181,0,221,0,223,0,89,0,37,0,17,0,12,0,11,
0,66,255,28,0,232,255,144,8,21,247,118,7,163,241,36,2,27,190,0,181,0,221,0,223,0,89,0,38,0,18,0,13,0,11,
0,66,255,28,0,232,255,144,8,21,247,118,7,251,240,112,2,5,192,0,182,0,221,0,223,0,89,0,37,0,17,0,12,0,11,
0,77,255,18,0,245,255,144,8,21,247,118,7,240,240,22,2,93,192,0,181,0,221,0,223,0,89,0,38,0,17,0,13,0,11,
0,44,255,9,0,229,255,144,8,21,247,118,7,240,240,22,2,93,192,0,181,0,220,0,223,0,90,0,38,0,19,0,13,0,11,
0,44,255,9,0,245,255,144,8,21,247,118,7,135,242,208,1,207,192,0,182,0,221,0,223,0,89,0,38,0,18,0,13,0,11,
0,46,255,43,0,245,255,144,8,249,246,17,8,32,242,114,1,65,190,0,181,0,221,0,222,0,89,0,38,0,18,0,13,0,11,
0,80,255,41,0,251,255,161,8,249,246,17,8,14,242,199,1,219,190,0,182,0,221,0,223,0,89,0,37,0,17,0,12,0,11,
0,53,255,36,0,241,255,161,8,249,246,17,8,14,242,17,2,113,191,0,182,0,221,0,223,0,89,0,38,0,17,0,12,0,11,
0,53,255,36,0,231,255,161,8,249,246,17,8,12,241,17,2,113,191,0,181,0,220,0,222,0,90,0,38,0,19,0,13,0,11,
0,49,255,26,0,231,255,161,8,249,246,17,8,226,241,5,2,13,193,0,182,0,221,0,222,0,89,0,37,0,17,0,12,0,11,
0,45,255,39,0,232,255,161,8,249,246,17,8,116,242,112,1,217,190,0,181,0,220,0,222,0,90,0,38,0,18,0,13,0,12,
0,25,255,82,0,24,0,161,8,249,246,17,8,203,240,100,1,147,189,0,182,0,221,0,222,0,89,0,37,0,17,0,12,0,11,
0,25,255,82,0,24,0,161,8,249,246,17,8,203,240,100,1,175,193,0,181,0,220,0,221,0,89,0,37,0,17,0,12,0,11,
0,81,255,40,0,50,0,161,8,249,246,17,8,113,241,8,2,175,193,0,181,0,220,0,221,0,89,0,38,0,18,0,13,0,11,
0,81,255,29,0,40,0,161,8,249,246,17,8,60,242,183,1,151,193,0,181,0,220,0,221,0,89,0,37,0,18,0,12,0,11,
0,83,255,66,0,23,0,161,8,249,246,17,8,26,242,93,1,94,190,0,181,0,221,0,220,0,88,0,37,0,17,0,12,0,11,
0,83,255,66,0,23,0,116,8,209,246,172,8,26,242,196,1,152,191,0,180,0,220,0,220,0,88,0,32,0,17,0,13,0,12,
0,76,255,90,0,24,0,116,8,209,246,172,8,32,241,196,1,152,191,0,180,0,220,0,219,0,88,0,33,0,16,0,12,0,11,
0,98,255,67,0,48,0,116,8,209,246,172,8,182,240,45,2,121,193,0,180,0,220,0,219,0,88,0,34,0,17,0,13,0,12,
0,98,255,67,0,51,0,116,8,209,246,172,8,239,241,106,1,195,192,0,180,0,221,0,219,0,88,0,35,0,16,0,12,0,11,
0,54,255,36,0,51,0,116,8,209,246,172,8,16,242,254,0,175,189,0,179,0,221,0,219,0,87,0,35,0,16,0,12,0,11,
0,40,255,64,0,57,0,116,8,209,246,172,8,16,242,254,0,70,191,0,178,0,220,0,218,0,88,0,36,0,18,0,13,0,11,
0,68,255,68,0,34,0,116,8,209,246,172,8,202,240,160,1,70,191,0,178,0,221,0,218,0,87,0,36,0,17,0,12,0,11,
0,68,255,68,0,11,0,116,8,209,246,172,8,209,240,250,1,78,193,0,177,0,220,0,217,0,87,0,36,0,18,0,13,0,11,
0,31,255,63,0,11,0,116,8,209,246,172,8,191,241,164,1,104,193,0,177,0,221,0,217,0,87,0,36,0,17,0,13,0,11,
0,254,254,78,0,34,0,116,8,209,246,172,8,241,241,17,1,129,189,0,176,0,220,0,217,0,87,0,37,0,18,0,13,0,11,
0,238,254,98,0,26,0,117,8,232,246,254,8,241,241,17,1,129,189,0,175,0,220,0,217,0,87,0,36,0,17,0,12,0,11,
0,238,254,98,0,26,0,117,8,232,246,254,8,43,241,98,1,8,192,0,175,0,221,0,216,0,87,0,36,0,17,0,12,0,11,
0,249,254,97,0,23,0,117,8,232,246,254,8,188,240,234,1,163,193,0,174,0,220,0,216,0,87,0,37,0,18,0,13,0,11,
0,221,254,57,0,11,0,117,8,232,246,254,8,196,241,232,1,193,193,0,174,0,221,0,216,0,87,0,37,0,17,0,12,0,11,
0,205,254,74,0,13,0,117,8,232,246,254,8,196,241,124,1,233,190,0,173,0,221,0,216,0,86,0,36,0,17,0,12,0,11,
0,205,254,74,0,13,0,117,8,232,246,254,8,124,241,124,1,233,190,0,172,0,220,0,216,0,87,0,37,0,18,0,13,0,11,
0,218,254,124,0,1,0,117,8,232,246,254,8,133,240,144,1,47,191,0,172,0,221,0,216,0,86,0,36,0,17,0,12,0,11,
0,240,254,83,0,18,0,117,8,232,246,254,8,236,240,57,2,202,193,0,171,0,221,0,215,0,86,0,37,0,18,0,13,0,11,
0,240,254,83,0,31,0,117,8,232,246,254,8,221,241,2,2,145,193,0,171,0,221,0,215,0,86,0,36,0,17,0,12,0,11,
0,210,254,90,0,31,0,117,8,232,246,254,8,221,241,2,2,145,193,0,171,0,221,0,215,0,86,0,36,0,18,0,13,0,11,
0,157,254,111,0,15,0,110,8,242,246,29,8,6,242,109,1,53,190,0,171,0,221,0,216,0,85,0,36,0,17,0,12,0,11,
0,160,254,97,0,255,255,110,8,242,246,29,8,134,240,32,2,176,191,0,170,0,221,0,216,0,86,0,36,0,17,0,12,0,11,
0,160,254,97,0,255,0,110,8,242,246,29,8,239,240,110,2,124,193,0,170,0,221,0,216,0,86,0,40,0,19,0,13,0,11,
0,214,254,88,0,18,0,110,8,242,246,29,8,239,240,206,1,213,192,0,170,0,221,0,217,0,86,0,40,0,18,0,12,0,11,
0,244,254,68,0,32,0,110,8,242,246,29,8,131,242,206,1,213,192,0,169,0,221,0,217,0,87,0,40,0,19,0,13,0,11,
0,236,254,98,0,18,0,110,8,242,246,29,8,219,241,234,1,221,189,0,169,0,222,0,217,0,86,0,38,0,17,0,12,0,11,
0,236,254,98,0,18,0,110,8,242,246,29,8,239,239,122,2,8,191,0,169,0,221,0,217,0,87,0,38,0,18,0,12,0,11,
0,222,254,104,0,5,0,110,8,242,246,29,8,146,241,69,2,231,194,0,169,0,221,0,217,0,87,0,38,0,19,0,13,0,11,
0,203,254,98,0,18,0,110,8,242,246,29,8,146,241,69,2,53,190,0,169,0,222,0,218,0,86,0,37,0,17,0,12,0,11,
0,193,254,116,0,16,0,110,8,242,246,29,8,19,243,72,1,53,190,0,168,0,221,0,218,0,87,0,38,0,19,0,13,0,11,
0,193,254,116,0,16,0,61,8,251,246,65,8,176,240,84,2,44,190,0,168,0,222,0,219,0,87,0,37,0,17,0,13,0,11,
0,189,254,127,0,243,255,61,8,251,246,65,8,4,241,131,2,21,194,0,168,0,222,0,219,0,87,0,37,0,17,0,12,0,11,
0,190,254,106,0,225,255,61,8,251,246,65,8,4,242,245,1,17,192,0,167,0,222,0,220,0,87,0,37,0,19,0,13,0,11,
0,190,254,106,0,235,255,61,8,251,246,65,8,14,242,245,1,17,192,0,167,0,222,0,220,0,87,0,37,0,18,0,13,0,11,
0,177,254,113,0,235,255,61,8,251,246,65,8,0,242,136,1,44,190,0,167,0,222,0,221,0,87,0,37,0,17,0,12,0,11,
0,193,254,113,0,228,255,61,8,251,246,65,8,69,241,210,1,187,189,0,166,0,222,0,220,0,88,0,38,0,19,0,13,0,11,
0,166,254,115,0,251,255,61,8,251,246,65,8,91,241,96,2,116,193,0,166,0,222,0,221,0,88,0,37,0,17,0,12,0,11,
0,166,254,115,0,251,255,61,8,251,246,65,8,91,241,96,2,173,193,0,166,0,222,0,222,0,88,0,37,0,18,0,13,0,11,
0,165,254,108,0,254,255,61,8,251,246,65,8,239,242,14,2,173,193,0,165,0,223,0,223,0,88,0,36,0,17,0,12,0,11,
0,155,254,106,0,248,255,61,8,251,246,65,8,24,242,109,1,38,190,0,164,0,222,0,223,0,89,0,37,0,18,0,13,0,11,
0,176,254,118,0,11,0,61,8,251,246,65,8,121,241,198,1,238,190,0,165,0,223,0,223,0,88,0,36,0,17,0,12,0,10,
0,176,254,118,0,11,0,157,8,10,247,74,8,106,241,242,1,251,192,0,164,0,222,0,223,0,89,0,38,0,19,0,13,0,11,
0,166,254,111,0,3,0,157,8,10,247,74,8,106,241,242,1,251,192,0,164,0,223,0,223,0,89,0,37,0,18,0,13,0,11,
0,142,254,119,0,10,0,157,8,10,247,74,8,233,241,53,2,71,194,0,164,0,222,0,223,0,89,0,37,0,18,0,13,0,11,
0,154,254,102,0,255,255,157,8,10,247,74,8,92,243,85,1,47,192,0,163,0,222,0,224,0,89,0,38,0,16,0,12,0,11,
0,154,254,102,0,255,255,157,8,10,247,74,8,62,242,177,1,107,190,0,163,0,223,0,225,0,89,0,37,0,16,0,12,0,11,
0,180,254,116,0,248,255,157,8,10,247,74,8,62,242,117,1,45,191,0,163,0,223,0,225,0,90,0,38,0,17,0,13,0,11,
0,182,254,110,0,228,255,157,8,10,247,74,8,163,241,117,1,45,191,0,162,0,223,0,225,0,90,0,38,0,17,0,13,0,11,
0,182,254,110,0,222,255,157,8,10,247,74,8,234,241,214,1,86,192,0,163,0,223,0,225,0,90,0,38,0,17,0,13,0,11,
0,197,254,112,0,222,255,157,8,10,247,74,8,125,242,224,1,198,192,0,162,0,222,0,225,0,91,0,38,0,17,0,13,0,11,
0,185,254,152,0,250,255,157,8,10,247,74,8,201,242,85,1,214,191,0,163,0,223,0,226,0,90,0,38,0,17,0,12,0,11,
0,179,254,144,0,1,0,105,8,201,246,53,8,201,242,85,1,245,191,0,162,0,222,0,226,0,90,0,38,0,17,0,12,0,11,
0,179,254,144,0,1,0,105,8,201,246,53,8,88,242,106,1,245,191,0,162,0,222,0,226,0,91,0,38,0,18,0,13,0,11,
0,175,254,152,0,248,255,105,8,201,246,53,8,101,242,134,1,141,191,0,162,0,222,0,226,0,90,0,38,0,17,0,13,0,11,
0,182,254,113,0,243,255,105,8,201,246,53,8,58,242,179,1,255,193,0,162,0,222,0,226,0,91,0,39,0,18,0,13,0,11,
0,177,254,88,0,8,0,105,8,201,246,53,8,58,242,61,1,161,191,0,163,0,222,0,226,0,90,0,38,0,16,0,12,0,11,
0,177,254,88,0,8,0,105,8,201,246,53,8,173,242,61,1,161,191,0,163,0,222,0,225,0,91,0,38,0,16,0,12,0,10,
0,168,254,88,0,40,0,105,8,201,246,53,8,201,242,241,0,226,191,0,163,0,222,0,225,0,91,0,38,0,18,0,13,0,11,
0,169,254,51,0,33,0,105,8,201,246,53,8,172,241,146,1,200,190,0,163,0,221,0,226,0,91,0,38,0,17,0,13,0,11,
0,143,254,45,0,15,0,105,8,201,246,53,8,109,242,128,1,143,193,0,163,0,221,0,225,0,91,0,38,0,18,0,13,0,11,
0,143,254,45,0,15,0,105,8,201,246,53,8,109,242,128,1,182,191,0,164,0,221,0,225,0,90,0,38,0,16,0,12,0,11,
0,120,254,63,0,4,0,105,8,253,246,87,8,53,243,2,1,182,191,0,164,0,220,0,224,0,91,0,39,0,18,0,13,0,11,
0,118,254,67,0,246,255,105,8,253,246,87,8,135,242,26,1,222,191,0,164,0,220,0,224,0,91,0,39,0,18,0,13,0,11,
0,118,254,67,0,10,0,105,8,253,246,87,8,3,241,167,1,117,193,0,165,0,220,0,224,0,90,0,38,0,17,0,12,0,11,
0,130,254,61,0,10,0,105,8,253,246,87,8,186,242,155,1,76,194,0,165,0,220,0,223,0,91,0,38,0,20,0,13,0,11,
0,175,254,31,0,5,0,105,8,253,246,87,8,186,242,155,1,76,194,0,166,0,220,0,223,0,89,0,38,0,18,0,12,0,11,
0,143,254,35,0,246,255,105,8,253,246,87,8,147,242,255,0,85,189,0,166,0,219,0,222,0,90,0,38,0,19,0,13,0,11,
0,143,254,35,0,246,255,105,8,253,246,87,8,82,240,151,1,254,192,0,166,0,219,0,222,0,90,0,38,0,19,0,13,0,11,
0,122,254,33,0,18,0,105,8,253,246,87,8,48,242,98,1,217,194,0,166,0,219,0,221,0,89,0,38,0,18,0,13,0,11,
0,95,254,44,0,15,0,105,8,253,246,87,8,48,242,98,0,91,191,0,167,0,219,0,221,0,89,0,38,0,19,0,13,0,12,
0,73,254,65,0,22,0,105,8,253,246,87,8,209,242,134,0,91,191,0,168,0,220,0,221,0,88,0,37,0,17,0,12,0,11,
0,73,254,65,0,22,0,113,8,195,246,175,8,34,241,48,1,201,191,0,168,0,219,0,219,0,89,0,38,0,17,0,12,0,11,
0,88,254,46,0,250,255,113,8,195,246,175,8,222,240,142,1,200,194,0,168,0,219,0,219,0,89,0,38,0,19,0,13,0,11,
0,72,254,22,0,236,255,113,8,195,246,175,8,224,241,108,1,48,194,0,168,0,219,0,218,0,89,0,38,0,19,0,13,0,11,
0,101,254,22,0,8,0,113,8,195,246,175,8,224,241,108,1,48,194,0,169,0,219,0,218,0,88,0,38,0,18,0,13,0,11,
0,101,254,9,0,8,0,113,8,195,246,175,8,96,242,221,0,118,191,0,170,0,219,0,218,0,87,0,36,0,17,0,12,0,11,
0,112,254,4,0,248,255,113,8,195,246,175,8,68,240,65,1,197,189,0,170,0,219,0,216,0,87,0,37,0,17,0,12,0,10,
0,71,254,23,0,252,255,113,8,195,246,175,8,51,241,173,1,44,195,0,170,0,219,0,216,0,87,0,37,0,18,0,13,0,11,
0,71,254,23,0,23,0,113,8,195,246,175,8,51,241,238,0,227,191,0,171,0,219,0,215,0,87,0,36,0,17,0,12,0,11,
0,77,254,255,255,23,0,113,8,195,246,175,8,176,241,238,0,227,191,0,172,0,219,0,215,0,86,0,36,0,17,0,12,0,11,
0,95,254,241,255,5,0,113,8,195,246,175,8,83,240,58,1,87,191,0,172,0,218,0,214,0,87,0,37,0,18,0,13,0,11,
0,83,254,5,0,27,0,113,8,195,246,175,8,48,240,171,1,12,193,0,173,0,218,0,214,0,86,0,36,0,17,0,12,0,10,
0,83,254,5,0,27,0,249,7,15,247,3,8,14,241,159,1,43,194,0,174,0,218,0,213,0,86,0,36,0,18,0,13,0,11,
0,40,254,8,0,241,255,249,7,15,247,3,8,14,241,159,1,112,191,0,175,0,218,0,213,0,86,0,36,0,17,0,13,0,11,
0,23,254,34,0,192,255,249,7,15,247,3,8,79,241,138,1,112,191,0,175,0,218,0,213,0,86,0,36,0,18,0,13,0,11,
0,45,254,33,0,192,255,249,7,15,247,3,8,215,239,203,1,250,190,0,176,0,219,0,213,0,85,0,36,0,17,0,13,0,11,
0,45,254,33,0,192,255,249,7,15,247,3,8,161,240,86,2,43,193,0,177,0,218,0,212,0,85,0,36,0,17,0,12,0,11,
0,47,254,25,0,185,255,249,7,15,247,3,8,161,240,200,1,204,190,0,177,0,218,0,212,0,85,0,36,0,18,0,13,0,11,
0,228,253,31,0,190,255,249,7,15,247,3,8,201,240,200,1,204,190,0,178,0,218,0,213,0,85,0,36,0,17,0,13,0,11,
0,233,253,31,0,182,255,249,7,15,247,3,8,107,240,59,2,126,191,0,178,0,219,0,213,0,84,0,36,0,17,0,12,0,12,
0,233,253,1,0,182,255,249,7,15,247,3,8,216,240,177,2,11,194,0,179,0,218,0,212,0,85,0,31,0,17,0,13,0,12,
0,45,254,25,0,189,255,249,7,15,247,3,8,63,241,193,1,61,189,0,179,0,218,0,213,0,84,0,32,0,16,0,12,0,11,
0,127,254,51,0,206,255,49,8,237,246,13,9,63,241,193,1,139,191,0,179,0,219,0,213,0,85,0,33,0,17,0,13,0,12,
0,127,254,51,0,200,255,49,8,237,246,13,9,41,240,193,2,139,191,0,179,0,219,0,213,0,84,0,33,0,16,0,13,0,11,
0,75,254,104,0,200,255,49,8,237,246,13,9,159,240,174,2,56,193,0,179,0,219,0,213,0,84,0,34,0,16,0,12,0,11,
0,31,254,115,0,167,255,49,8,237,246,13,9,125,241,13,2,22,191,0,179,0,219,0,213,0,85,0,35,0,17,0,13,0,11,
0,22,254,93,0,158,255,49,8,237,246,13,9,218,240,58,2,198,188,0,179,0,219,0,213,0,85,0,35,0,16,0,12,0,10,
0,22,254,93,0,158,255,49,8,237,246,13,9,218,240,58,2,198,188,0,179,0,219,0,213,0,85,0,35,0,17,0,13,0,11,
0,61,254,84,0,178,255,49,8,237,246,13,9,64,240,178,2,81,191,0,179,0,220,0,214,0,85,0,35,0,17,0,12,0,11,
0,58,254,126,0,188,255,49,8,237,246,13,9,180,240,182,2,147,192,0,179,0,219,0,214,0,85,0,35,0,17,0,13,0,11,
0,37,254,132,0,196,255,49,8,237,246,13,9,221,241,28,2,1,191,0,179,0,220,0,215,0,84,0,35,0,16,0,12,0,10,
0,37,254,132,0,196,255,49,8,237,246,13,9,221,241,127,2,2,189,0,178,0,220,0,214,0,85,0,36,0,18,0,13,0,11,
0,23,254,135,0,162,255,65,8,230,246,54,8,2,241,127,2,2,189,0,178,0,220,0,215,0,85,0,35,0,17,0,13,0,11,
0,47,254,168,0,156,255,65,8,230,246,54,8,136,240,178,2,69,192,0,177,0,220,0,215,0,85,0,35,0,17,0,12,0,11,
0,115,254,168,0,190,255,65,8,230,246,54,8,32,241,186,2,161,192,0,177,0,221,0,216,0,85,0,35,0,17,0,12,0,11,
0,115,254,178,0,190,255,65,8,230,246,54,8,195,241,149,2,185,191,0,176,0,221,0,216,0,86,0,36,0,17,0,13,0,11,
0,97,254,174,0,184,255,65,8,230,246,54,8,195,241,149,2,16,191,0,176,0,221,0,216,0,86,0,36,0,17,0,12,0,11,
0,86,254,206,0,171,255,65,8,230,246,54,8,84,241,169,2,16,191,0,175,0,222,0,216,0,86,0,36,0,18,0,13,0,11,
0,86,254,206,0,173,255,65,8,230,246,54,8,53,241,141,2,238,190,0,175,0,222,0,217,0,86,0,36,0,17,0,13,0,11,
0,63,254,203,0,173,255,65,8,230,246,54,8,215,240,210,2,236,191,0,175,0,223,0,217,0,86,0,36,0,17,0,12,0,11,
0,69,254,181,0,155,255,65,8,230,246,54,8,215,240,203,2,117,192,0,174,0,222,0,217,0,87,0,36,0,18,0,13,0,11,
0,65,254,168,0,182,255,65,8,230,246,54,8,188,241,203,2,117,192,0,174,0,223,0,218,0,86,0,36,0,17,0,12,0,11,
0,65,254,168,0,182,255,238,7,250,246,209,7,121,242,83,2,165,189,0,173,0,223,0,219,0,87,0,41,0,18,0,12,0,11,
0,33,254,143,0,181,255,238,7,250,246,209,7,163,241,247,2,232,190,0,173,0,223,0,219,0,87,0,40,0,18,0,12,0,11,
0,48,254,188,0,154,255,238,7,250,246,209,7,147,241,32,3,148,193,0,173,0,224,0,220,0,87,0,38,0,18,0,12,0,11,
0,73,254,190,0,149,255,238,7,250,246,209,7,147,241,32,3,81,191,0,171,0,223,0,220,0,88,0,39,0,19,0,13,0,11,
0,73,254,190,0,149,255,238,7,250,246,209,7,31,243,138,2,81,191,0,171,0,224,0,220,0,87,0,37,0,17,0,12,0,10,
0,58,254,198,0,168,255,238,7,250,246,209,7,54,242,167,2,133,189,0,171,0,224,0,221,0,88,0,38,0,19,0,13,0,11,
0,43,254,174,0,158,255,238,7,250,246,209,7,59,241,18,3,217,190,0,171,0,224,0,221,0,88,0,38,0,18,0,13,0,11,
0,43,254,174,0,109,255,238,7,250,246,209,7,18,243,43,3,133,193,0,170,0,224,0,222,0,88,0,37,0,18,0,13,0,11,
0,52,254,149,0,109,255,238,7,250,246,209,7,18,243,43,3,133,193,0,170,0,225,0,223,0,88,0,37,0,17,0,12,0,10,
0,66,254,177,0,124,255,238,7,250,246,209,7,124,243,31,2,113,189,0,170,0,224,0,223,0,89,0,37,0,17,0,12,0,11,
0,80,254,178,0,136,255,238,7,250,246,94,8,217,241,158,2,107,190,0,169,0,224,0,223,0,89,0,37,0,18,0,13,0,11,
0,80,254,178,0,166,255,102,8,168,246,94,8,252,241,8,3,235,192,0,169,0,224,0,224,0,89,0,38,0,16,0,12,0,11,
0,63,254,169,0,166,255,102,8,168,246,94,8,252,241,8,2,99,192,0,168,0,224,0,224,0,89,0,38,0,17,0,13,0,11,
0,46,254,167,0,175,255,102,8,168,246,94,8,227,242,232,2,99,192,0,168,0,225,0,225,0,89,0,37,0,16,0,12,0,11,
0,54,254,162,0,164,255,102,8,168,246,94,8,69,243,156,2,90,192,0,168,0,225,0,225,0,90,0,37,0,16,0,12,0,11,
0,54,254,162,0,164,255,102,8,168,246,94,8,23,243,90,2,217,189,0,167,0,225,0,225,0,90,0,38,0,17,0,13,0,11,
0,64,254,175,0,152,255,102,8,168,246,94,8,245,241,224,2,11,191,0,167,0,225,0,226,0,90,0,38,0,17,0,13,0,11,
0,72,254,179,0,165,255,102,8,168,246,94,8,245,241,224,2,11,191,0,167,0,225,0,227,0,90,0,37,0,16,0,12,0,11,
0,88,254,185,0,171,255,102,8,168,246,94,8,105,242,7,3,201,193,0,166,0,225,0,226,0,91,0,38,0,18,0,13,0,11,
0,88,254,185,0,171,255,102,8,168,246,94,8,9,244,64,2,80,191,0,166,0,225,0,227,0,91,0,38,0,17,0,12,0,11,
0,85,254,183,0,175,255,102,8,168,246,94,8,22,242,104,2,22,190,0,165,0,225,0,227,0,91,0,38,0,18,0,13,0,11,
0,105,254,175,0,159,255,75,8,214,246,83,8,22,242,50,3,124,193,0,165,0,225,0,227,0,91,0,38,0,17,0,12,0,11,
0,105,254,175,0,150,255,75,8,214,246,83,8,105,242,50,3,124,193,0,165,0,225,0,228,0,91,0,38,0,17,0,12,0,11,
0,67,254,140,0,150,255,75,8,214,246,83,8,136,243,182,2,87,193,0,164,0,224,0,227,0,92,0,39,0,18,0,13,0,11,
0,111,254,109,0,149,255,75,8,214,246,83,8,170,243,67,2,114,190,0,165,0,224,0,227,0,91,0,38,0,17,0,12,0,11,
0,141,254,132,0,153,255,75,8,214,246,83,8,31,242,142,2,250,188,0,164,0,224,0,227,0,92,0,39,0,18,0,13,0,11,
0,141,254,132,0,185,255,75,8,214,246,83,8,31,242,142,2,184,193,0,164,0,224,0,228,0,91,0,38,0,17,0,13,0,11,
0,127,254,157,0,185,255,75,8,214,246,83,8,39,242,244,2,184,193,0,164,0,224,0,227,0,92,0,39,0,18,0,13,0,11,
0,98,254,112,0,188,255,75,8,214,246,83,8,139,243,98,2,51,193,0,164,0,224,0,227,0,91,0,38,0,16,0,12,0,10,
0,107,254,161,0,195,255,75,8,214,246,83,8,129,243,234,1,68,189,0,164,0,224,0,227,0,91,0,38,0,17,0,12,0,10,
0,107,254,161,0,195,255,75,8,214,246,83,8,129,241,210,2,5,191,0,164,0,223,0,227,0,92,0,39,0,17,0,13,0,11,
0,91,254,159,0,199,255,16,8,24,247,202,8,191,241,210,2,5,191,0,164,0,223,0,227,0,91,0,39,0,17,0,13,0,11,
0,77,254,154,0,171,255,16,8,24,247,202,8,59,242,190,2,13,194,0,164,0,223,0,226,0,92,0,39,0,18,0,13,0,11,
0,96,254,146,0,191,255,16,8,24,247,202,8,100,243,125,2,49,193,0,165,0,223,0,226,0,91,0,38,0,17,0,12,0,11,
0,96,254,146,0,191,255,16,8,24,247,202,8,66,243,146,1,4,190,0,165,0,223,0,225,0,91,0,38,0,17,0,12,0,11,
0,50,254,150,0,200,255,16,8,24,247,202,8,66,243,146,1,114,190,0,165,0,223,0,225,0,91,0,39,0,18,0,13,0,11,
0,32,254,173,0,203,255,16,8,24,247,202,8,176,241,42,2,114,190,0,166,0,223,0,225,0,91,0,38,0,17,0,13,0,11,
0,32,254,173,0,193,255,16,8,24,247,202,8,162,241,146,2,95,193,0,165,0,222,0,224,0,91,0,40,0,18,0,13,0,11,
0,60,254,182,0,193,255,16,8,24,247,202,8,69,243,1,2,158,193,0,166,0,223,0,224,0,90,0,38,0,17,0,12,0,11,
0,65,254,147,0,196,255,16,8,24,247,202,8,16,243,154,1,190,190,0,166,0,222,0,223,0,91,0,38,0,19,0,13,0,11,
0,67,254,141,0,213,255,16,8,24,247,202,8,16,243,154,1,190,190,0,166,0,222,0,223,0,91,0,39,0,20,0,13,0,12,
0,67,254,141,0,220,255,243,7,250,246,27,8,29,242,220,1,126,189,0,166,0,223,0,223,0,90,0,38,0,19,0,13,0,11,
0,66,254,154,0,220,255,243,7,250,246,27,8,92,241,70,2,132,193,0,167,0,222,0,222,0,90,0,39,0,19,0,13,0,11,
0,80,254,140,0,230,255,243,7,250,246,27,8,68,243,147,1,115,193,0,168,0,223,0,222,0,89,0,38,0,17,0,12,0,11,
0,114,254,150,0,202,255,243,7,250,246,27,8,68,243,65,1,142,189,0,167,0,222,0,221,0,90,0,38,0,18,0,13,0,11,
0,114,254,150,0,202,255,243,7,250,246,27,8,119,242,65,1,142,189,0,168,0,222,0,221,0,89,0,38,0,18,0,13,0,11,
0,65,254,190,0,203,255,243,7,250,246,27,8,27,241,194,1,245,190,0,168,0,222,0,220,0,89,0,38,0,17,0,12,0,11,
0,63,254,179,0,245,255,243,7,250,246,27,8,6,242,50,2,195,194,0,168,0,222,0,220,0,88,0,37,0,17,0,12,0,10,
0,58,254,178,0,225,255,243,7,250,246,27,8,138,243,29,1,171,190,0,168,0,222,0,219,0,89,0,38,0,18,0,13,0,11,
0,58,254,178,0,225,255,243,7,250,246,27,8,138,243,29,1,134,190,0,168,0,222,0,219,0,88,0,37,0,17,0,12,0,10,
0,90,254,204,0,212,255,243,7,250,246,27,8,63,241,178,1,134,190,0,168,0,222,0,218,0,88,0,38,0,18,0,13,0,11,
0,85,254,207,0,206,255,45,8,177,246,63,8,133,241,18,2,53,193,0,169,0,222,0,217,0,87,0,37,0,17,0,12,0,10,
0,85,254,207,0,202,255,45,8,177,246,63,8,81,242,193,1,59,193,0,169,0,222,0,217,0,88,0,38,0,18,0,13,0,11,
0,79,254,214,0,202,255,45,8,177,246,63,8,81,242,75,1,164,190,0,169,0,222,0,217,0,87,0,36,0,17,0,12,0,11,
0,61,254,244,0,219,255,45,8,177,246,63,8,241,241,75,1,164,190,0,169,0,222,0,215,0,87,0,37,0,18,0,13,0,11,
0,64,254,234,0,218,255,45,8,177,246,63,8,238,240,186,1,207,191,0,169,0,222,0,215,0,87,0,37,0,18,0,13,0,11,
0,64,254,234,0,218,255,45,8,177,246,63,8,130,242,146,1,35,192,0,170,0,222,0,215,0,86,0,37,0,17,0,13,0,11,
0,92,254,208,0,222,255,45,8,177,246,63,8,147,241,121,1,29,190,0,170,0,222,0,214,0,87,0,37,0,18,0,13,0,11,
0,76,254,232,0,211,255,45,8,177,246,63,8,147,241,121,1,37,192,0,171,0,223,0,214,0,86,0,36,0,17,0,12,0,11,
0,32,254,242,0,151,255,45,8,177,246,63,8,70,241,237,1,37,192,0,171,0,222,0,213,0,86,0,36,0,17,0,12,0,11,
0,32,254,242,0,151,255,45,8,177,246,63,8,185,242,119,1,104,191,0,171,0,223,0,213,0,86,0,37,0,18,0,13,0,11,
0,40,254,255,0,145,255,45,8,177,246,63,8,178,241,96,1,161,189,0,172,0,223,0,212,0,85,0,36,0,17,0,13,0,11,
0,36,254,17,1,150,255,232,7,166,246,47,8,203,241,184,1,97,192,0,172,0,223,0,212,0,85,0,37,0,18,0,13,0,11,
0,49,254,12,1,164,255,232,7,166,246,47,8,203,241,184,1,97,192,0,172,0,224,0,212,0,85,0,35,0,17,0,12,0,11,
0,49,254,12,1,164,255,232,7,166,246,47,8,196,241,201,1,206,191,0,172,0,223,0,212,0,84,0,36,0,17,0,12,0,11,
0,21,254,5,1,140,255,232,7,166,246,47,8,217,241,176,1,92,191,0,172,0,223,0,211,0,85,0,36,0,18,0,13,0,11,
0,20,254,250,0,111,255,232,7,166,246,47,8,56,242,187,1,160,191,0,173,0,224,0,211,0,84,0,35,0,17,0,13,0,11,
0,20,254,250,0,119,255,232,7,166,246,47,8,56,242,187,1,93,190,0,172,0,224,0,211,0,84,0,30,0,17,0,13,0,11,
0,22,254,3,1,119,255,232,7,166,246,47,8,211,241,199,1,93,190,0,173,0,224,0,211,0,83,0,31,0,16,0,12,0,11,
0,29,254,9,1,151,255,232,7,166,246,47,8,165,241,11,2,226,191,0,172,0,224,0,211,0,84,0,33,0,17,0,13,0,11,
0,53,254,31,1,182,255,232,7,166,246,47,8,8,243,239,1,89,191,0,172,0,224,0,210,0,84,0,33,0,16,0,12,0,11,
0,53,254,31,1,182,255,232,7,166,246,47,8,64,242,137,1,66,189,0,172,0,224,0,211,0,83,0,33,0,17,0,12,0,11,
0,74,254,12,1,197,255,51,8,168,246,204,7,64,242,137,1,66,189,0,171,0,224,0,211,0,84,0,34,0,17,0,12,0,11,
0,22,254,8,1,189,255,51,8,168,246,204,7,112,242,107,2,207,191,0,172,0,225,0,211,0,83,0,34,0,16,0,12,0,10,
0,240,253,34,1,183,255,51,8,168,246,204,7,12,242,131,2,250,191,0,171,0,224,0,211,0,83,0,34,0,16,0,12,0,11,
0,240,253,34,1,183,255,51,8,168,246,204,7,83,243,28,2,198,190,0,171,0,224,0,211,0,84,0,35,0,17,0,13,0,11,
0,247,253,31,1,161,255,51,8,168,246,204,7,83,243,253,1,16,189,0,171,0,224,0,212,0,84,0,35,0,17,0,13,0,12,
0,239,253,36,1,166,255,51,8,168,246,204,7,202,242,253,1,16,189,0,171,0,224,0,212,0,84,0,35,0,16,0,12,0,11,
0,17,254,22,1,140,255,51,8,168,246,204,7,4,242,160,2,110,191,0,170,0,224,0,211,0,84,0,36,0,17,0,13,0,11,
0,17,254,22,1,140,255,51,8,168,246,204,7,83,243,85,2,100,192,0,170,0,224,0,212,0,84,0,35,0,16,0,12,0,11,
0,24,254,32,1,107,255,51,8,168,246,204,7,190,243,198,1,82,189,0,170,0,224,0,212,0,84,0,35,0,17,0,13,0,11,
0,16,254,38,1,90,255,51,8,168,246,204,7,190,243,198,1,206,189,0,170,0,224,0,212,0,84,0,35,0,16,0,12,0,11,
0,16,254,38,1,83,255,255,7,170,246,78,8,155,242,92,2,206,189,0,169,0,223,0,212,0,85,0,36,0,18,0,13,0,11,
0,29,254,49,1,83,255,255,7,170,246,78,8,81,243,138,2,175,192,0,169,0,224,0,213,0,84,0,35,0,17,0,12,0,10,
0,61,254,48,1,101,255,255,7,170,246,78,8,18,243,142,2,148,191,0,169,0,223,0,213,0,84,0,35,0,16,0,12,0,11,
0,67,254,36,1,123,255,255,7,170,246,78,8,18,243,34,2,171,190,0,169,0,223,0,213,0,85,0,36,0,17,0,13,0,11,
0,67,254,36,1,123,255,255,7,170,246,78,8,112,243,34,2,171,190,0,169,0,224,0,214,0,84,0,35,0,17,0,13,0,11,
0,69,254,69,1,105,255,255,7,170,246,78,8,31,243,201,1,179,189,0,169,0,223,0,213,0,85,0,36,0,18,0,13,0,11,
0,25,254,82,1,117,255,255,7,170,246,78,8,163,242,62,2,2,190,0,169,0,223,0,214,0,84,0,35,0,16,0,13,0,11,
0,6,254,94,1,119,255,255,7,170,246,78,8,240,242,121,2,54,191,0,169,0,223,0,214,0,84,0,40,0,17,0,12,0,10,
0,6,254,94,1,119,255,255,7,170,246,78,8,240,242,121,2,141,190,0,168,0,223,0,214,0,85,0,39,0,19,0,12,0,11,
0,18,254,90,1,113,255,255,7,170,246,78,8,120,243,251,1,141,190,0,169,0,223,0,215,0,84,0,37,0,17,0,11,0,10,
0,243,253,72,1,90,255,6,8,213,246,93,8,84,243,232,1,233,188,0,168,0,223,0,215,0,85,0,38,0,19,0,13,0,11,
0,240,253,58,1,86,255,6,8,213,246,93,8,161,242,62,2,235,190,0,168,0,223,0,216,0,85,0,37,0,17,0,13,0,11,
0,240,253,58,1,86,255,6,8,213,246,93,8,102,242,115,2,99,191,0,168,0,223,0,217,0,85,0,36,0,17,0,12,0,11,
0,2,254,47,1,106,255,6,8,213,246,93,8,102,242,115,2,99,191,0,168,0,222,0,217,0,86,0,37,0,18,0,13,0,11,
0,57,254,64,1,85,255,6,8,213,246,93,8,14,244,230,1,170,190,0,168,0,223,0,217,0,86,0,37,0,18,0,13,0,11,
0,57,254,64,1,80,255,6,8,213,246,93,8,4,242,27,2,50,189,0,167,0,222,0,218,0,86,0,37,0,18,0,13,0,11,
0,79,254,38,1,80,255,6,8,213,246,93,8,135,242,248,2,130,192,0,168,0,223,0,219,0,86,0,36,0,17,0,12,0,11,
0,101,254,249,0,75,255,6,8,213,246,93,8,135,242,235,1,197,191,0,167,0,223,0,219,0,86,0,36,0,17,0,12,0,11,
0,79,254,1,1,49,255,6,8,213,246,93,8,43,244,235,1,197,191,0,167,0,222,0,219,0,87,0,37,0,18,0,13,0,12,
0,79,254,1,1,49,255,6,8,213,246,93,8,196,242,43,2,203,188,0,168,0,223,0,220,0,87,0,37,0,18,0,13,0,11,
0,71,254,18,1,53,255,6,8,213,246,93,8,198,241,137,2,121,191,0,168,0,222,0,220,0,87,0,37,0,18,0,13,0,11,
0,90,254,48,1,67,255,220,7,224,246,30,8,221,242,122,2,107,194,0,168,0,223,0,221,0,87,0,36,0,17,0,12,0,11,
0,136,254,68,1,82,255,220,7,224,246,30,8,221,242,122,2,4,192,0,168,0,223,0,220,0,87,0,36,0,17,0,12,0,11,
0,136,254,68,1,82,255,220,7,224,246,30,8,226,243,222,1,4,192,0,168,0,222,0,220,0,88,0,37,0,18,0,13,0,11,
0,131,254,84,1,77,255,220,7,224,246,30,8,178,242,211,1,55,189,0,168,0,223,0,220,0,88,0,37,0,18,0,13,0,11,
0,80,254,94,1,65,255,220,7,224,246,30,8,127,241,100,2,74,191,0,168,0,223,0,220,0,88,0,37,0,18,0,13,0,11,
0,34,254,94,1,71,255,220,7,224,246,30,8,127,241,243,1,132,193,0,169,0,223,0,221,0,87,0,36,0,17,0,12,0,10,
0,34,254,105,1,71,255,220,7,224,246,30,8,175,242,243,1,132,193,0,169,0,223,0,221,0,87,0,36,0,17,0,12,0,11,
0,30,254,126,1,70,255,220,7,224,246,30,8,121,243,178,1,130,192,0,169,0,223,0,220,0,88,0,37,0,18,0,13,0,11,
0,7,254,170,1,64,255,220,7,224,246,30,8,33,243,26,1,235,188,0,171,0,223,0,220,0,88,0,37,0,18,0,13,0,11,
0,7,254,170,1,62,255,220,7,224,246,30,8,96,241,28,2,253,191,0,170,0,223,0,220,0,88,0,37,0,18,0,13,0,11,
0,47,254,142,1,62,255,227,7,220,246,116,8,96,241,28,2,186,193,0,171,0,223,0,221,0,88,0,36,0,17,0,12,0,11,
0,51,254,132,1,72,255,227,7,220,246,116,8,117,242,19,2,186,193,0,171,0,223,0,220,0,87,0,37,0,17,0,12,0,11,
0,254,253,151,1,74,255,227,7,220,246,116,8,167,243,170,1,147,192,0,171,0,222,0,220,0,89,0,38,0,18,0,13,0,12,
0,254,253,151,1,74,255,227,7,220,246,116,8,180,242,250,1,41,189,0,171,0,223,0,220,0,88,0,37,0,18,0,13,0,11,
0,8,254,166,1,87,255,227,7,220,246,116,8,127,241,117,2,132,191,0,170,0,222,0,220,0,88,0,38,0,18,0,13,0,11,
0,95,254,166,1,127,255,227,7,220,246,116,8,127,241,117,2,132,191,0,172,0,223,0,220,0,87,0,37,0,17,0,12,0,11,
0,126,254,151,1,144,255,227,7,220,246,116,8,222,242,188,1,61,193,0,172,0,222,0,220,0,88,0,37,0,17,0,12,0,11,
0,126,254,151,1,144,255,227,7,220,246,116,8,124,243,76,0,64,191,0,173,0,222,0,220,0,89,0,38,0,18,0,13,0,12,
0,148,254,134,1,138,255,227,7,220,246,116,8,2,243,28,0,77,189,0,174,0,222,0,220,0,88,0,37,0,18,0,13,0,11,
0,138,254,134,1,133,255,227,7,220,246,116,8,2,243,28,0,137,190,0,175,0,221,0,220,0,88,0,38,0,18,0,13,0,11,
0,115,254,134,1,96,255,28,8,126,246,119,8,225,241,72,0,137,190,0,176,0,222,0,220,0,88,0,37,0,17,0,12,0,11,
0,115,254,148,1,96,255,28,8,126,246,119,8,144,241,163,0,216,192,0,176,0,221,0,219,0,88,0,37,0,18,0,13,0,11,
0,58,254,208,1,78,255,28,8,126,246,119,8,154,242,206,0,32,193,0,177,0,221,0,219,0,88,0,37,0,18,0,12,0,11,
0,25,254,241,1,75,255,28,8,126,246,119,8,142,242,92,0,237,190,0,178,0,222,0,220,0,87,0,37,0,17,0,12,0,11,
0,25,254,241,1,26,255,28,8,126,246,119,8,142,242,92,0,237,190,0,179,0,221,0,220,0,88,0,37,0,18,0,13,0,11,
0,0,254,13,2,26,255,28,8,126,246,119,8,131,242,165,0,80,191,0,179,0,222,0,220,0,87,0,37,0,17,0,12,0,11,
0,236,253,91,2,34,255,28,8,126,246,119,8,111,242,198,0,14,192,0,180,0,222,0,220,0,88,0,37,0,17,0,12,0,11,
0,230,253,113,2,24,255,28,8,126,246,119,8,61,242,20,1,186,192,0,180,0,221,0,220,0,88,0,37,0,18,0,13,0,11,
0,230,253,113,2,24,255,28,8,126,246,119,8,61,242,110,0,238,191,0,181,0,221,0,220,0,88,0,37,0,18,0,13,0,11,
0,192,253,113,2,10,255,28,8,126,246,119,8,193,243,110,0,238,191,0,181,0,222,0,221,0,88,0,36,0,17,0,12,0,10,
0,175,253,82,2,251,254,242,7,173,246,98,8,142,242,112,0,38,189,0,181,0,221,0,220,0,89,0,38,0,19,0,13,0,11,
0,193,253,48,2,253,254,242,7,173,246,98,8,123,242,253,0,19,193,0,182,0,221,0,220,0,88,0,37,0,17,0,12,0,11,
0,193,253,48,2,253,254,242,7,173,246,98,8,6,243,200,0,65,192,0,182,0,220,0,220,0,88,0,38,0,18,0,13,0,11,
0,173,253,39,2,224,254,242,7,173,246,98,8,6,243,200,0,175,190,0,183,0,221,0,220,0,88,0,37,0,18,0,13,0,11,
0,182,253,47,2,230,254,242,7,173,246,98,8,237,243,117,0,175,190,0,183,0,221,0,221,0,88,0,37,0,17,0,12,0,11,
0,190,253,47,2,228,254,242,7,173,246,98,8,115,242,218,0,229,188,0,183,0,220,0,220,0,89,0,38,0,18,0,13,0,11,
0,190,253,91,2,228,254,242,7,173,246,98,8,107,242,158,1,42,193,0,183,0,220,0,220,0,88,0,37,0,17,0,12,0,11,
0,156,253,111,2,234,254,242,7,173,246,98,8,107,242,206,0,188,191,0,183,0,221,0,220,0,88,0,38,0,19,0,13,0,11,
0,161,253,116,2,208,254,242,7,173,246,98,8,219,244,206,0,188,191,0,183,0,220,0,220,0,88,0,37,0,18,0,13,0,11,
0,161,253,116,2,199,254,242,7,173,246,98,8,207,242,14,1,102,188,0,182,0,220,0,220,0,89,0,38,0,18,0,13,0,11,
0,191,253,130,2,199,254,242,7,173,246,98,8,179,242,54,2,248,192,0,183,0,221,0,220,0,88,0,37,0,17,0,12,0,11,
0,212,253,134,2,183,254,178,7,133,246,64,9,145,244,85,1,133,192,0,182,0,220,0,219,0,88,0,38,0,18,0,13,0,11,
0,193,253,153,2,175,254,178,7,133,246,64,9,145,244,85,1,25,188,0,182,0,220,0,220,0,88,0,37,0,18,0,13,0,11,
0,193,253,153,2,175,254,178,7,133,246,64,9,191,243,33,1,25,188,0,182,0,220,0,220,0,89,0,37,0,18,0,13,0,11,
0,184,253,139,2,196,254,178,7,133,246,64,9,192,242,244,1,134,191,0,182,0,219,0,219,0,88,0,37,0,18,0,13,0,11,
0,189,253,112,2,127,254,178,7,133,246,64,9,232,244,153,1,24,192,0,182,0,219,0,220,0,87,0,36,0,17,0,12,0,11,
0,169,253,122,2,118,254,178,7,133,246,64,9,171,243,190,1,49,190,0,182,0,219,0,219,0,87,0,36,0,17,0,12,0,11,
0,169,253,122,2,118,254,178,7,133,246,64,9,171,243,190,1,49,190,0,182,0,219,0,219,0,87,0,37,0,18,0,13,0,11,
0,163,253,117,2,145,254,178,7,133,246,64,9,241,243,16,2,207,191,0,181,0,218,0,219,0,87,0,37,0,18,0,13,0,11,
0,218,253,134,2,147,254,178,7,133,246,64,9,143,244,178,1,104,191,0,181,0,217,0,219,0,88,0,37,0,18,0,13,0,11,
0,218,253,134,2,141,254,178,7,133,246,64,9,169,243,2,2,33,189,0,181,0,217,0,219,0,87,0,36,0,17,0,12,0,11,
0,221,253,134,2,141,254,177,7,132,246,60,8,169,243,34,2,106,193,0,180,0,217,0,218,0,88,0,37,0,19,0,13,0,11,
0,155,253,150,2,149,254,177,7,132,246,60,8,34,244,34,2,106,193,0,180,0,216,0,218,0,88,0,37,0,18,0,13,0,11,
0,160,253,166,2,137,254,177,7,132,246,60,8,85,245,156,1,85,191,0,180,0,216,0,218,0,87,0,37,0,18,0,13,0,11,
0,160,253,166,2,131,254,177,7,132,246,60,8,121,243,110,1,80,188,0,180,0,215,0,217,0,87,0,32,0,17,0,13,0,12,
0,203,253,164,2,131,254,177,7,132,246,60,8,224,243,115,2,214,193,0,180,0,216,0,217,0,86,0,33,0,16,0,12,0,11,
0,204,253,185,2,147,254,177,7,132,246,60,8,224,243,115,2,194,191,0,180,0,215,0,216,0,87,0,34,0,17,0,13,0,12,
0,177,253,148,2,141,254,177,7,132,246,60,8,145,245,166,1,194,191,0,180,0,215,0,216,0,87,0,35,0,17,0,13,0,12,
0,177,253,148,2,141,254,177,7,132,246,60,8,181,244,138,1,79,188,0,180,0,215,0,216,0,87,0,35,0,17,0,13,0,12,
0,186,253,140,2,95,254,177,7,132,246,60,8,29,243,180,2,254,191,0,180,0,214,0,215,0,87,0,36,0,17,0,13,0,11,
0,187,253,148,2,70,254,177,7,132,246,60,8,29,243,221,1,112,192,0,181,0,214,0,216,0,86,0,35,0,16,0,12,0,11,
0,206,253,158,2,66,254,144,7,171,246,210,7,109,245,221,1,112,192,0,181,0,214,0,216,0,86,0,35,0,16,0,12,0,11,
0,206,253,158,2,66,254,144,7,171,246,210,7,109,244,218,1,241,190,0,182,0,214,0,215,0,86,0,36,0,17,0,13,0,11,
0,252,253,140,2,77,254,144,7,171,246,210,7,105,244,116,2,46,191,0,183,0,214,0,215,0,86,0,36,0,17,0,13,0,11,
0,234,253,131,2,77,254,144,7,171,246,210,7,55,244,168,2,68,192,0,183,0,214,0,215,0,86,0,36,0,18,0,12,0,11,
0,234,253,131,2,65,254,144,7,171,246,210,7,55,244,168,2,131,191,0,185,0,214,0,215,0,86,0,36,0,17,0,12,0,11,
0,209,253,129,2,65,254,144,7,171,246,210,7,24,245,169,2,131,191,0,186,0,214,0,215,0,86,0,36,0,17,0,12,0,11,
0,206,253,105,2,44,254,144,7,171,246,210,7,190,244,103,2,13,190,0,188,0,213,0,215,0,86,0,36,0,17,0,12,0,11,
0,204,253,100,2,42,254,144,7,171,246,210,7,207,243,4,3,136,191,0,190,0,214,0,215,0,85,0,36,0,17,0,12,0,11,
0,204,253,100,2,44,254,144,7,171,246,210,7,249,244,143,2,111,192,0,191,0,214,0,215,0,86,0,36,0,17,0,12,0,11,
0,180,253,115,2,44,254,144,7,171,246,210,7,249,244,143,2,111,192,0,193,0,214,0,215,0,86,0,36,0,17,0,12,0,11,
0,188,253,113,2,43,254,171,7,109,246,7,8,140,245,213,2,202,190,0,196,0,214,0,215,0,86,0,36,0,17,0,13,0,11,
0,173,253,107,2,30,254,171,7,109,246,7,8,159,244,8,3,31,191,0,197,0,214,0,216,0,86,0,36,0,18,0,13,0,11,
0,173,253,107,2,30,254,171,7,109,246,7,8,87,244,107,3,83,192,0,199,0,214,0,216,0,86,0,36,0,17,0,13,0,11,
0,104,253,123,2,252,253,171,7,109,246,7,8,87,244,107,3,23,192,0,201,0,214,0,216,0,86,0,36,0,17,0,13,0,11,
0,119,253,127,2,245,253,171,7,109,246,7,8,100,245,138,3,23,192,0,202,0,214,0,216,0,87,0,37,0,18,0,13,0,12,
0,118,253,123,2,7,254,171,7,109,246,7,8,178,244,58,3,122,190,0,203,0,214,0,216,0,87,0,41,0,19,0,13,0,11,
0,118,253,123,2,7,254,171,7,109,246,7,8,22,244,92,3,181,191,0,205,0,213,0,217,0,87,0,40,0,19,0,13,0,11,
0,92,253,28,2,167,253,43,7,147,246,90,7,89,246,68,4,3,191,0,213,0,223,0,228,0,91,0,38,0,17,0,12,0,11,
0,131,253,249,1,165,253,43,7,147,246,90,7,60,246,68,4,3,191,0,212,0,223,0,228,0,92,0,39,0,18,0,13,0,11,
0,142,253,241,1,183,253,43,7,147,246,90,7,109,245,106,4,174,190,0,211,0,223,0,228,0,92,0,39,0,18,0,13,0,11,
0,142,253,241,1,183,253,43,7,147,246,90,7,74,245,159,4,122,193,0,211,0,223,0,229,0,91,0,38,0,17,0,12,0,11,
0,151,253,220,1,190,253,43,7,147,246,90,7,129,246,46,4,182,192,0,210,0,223,0,229,0,92,0,39,0,18,0,13,0,11,
0,171,253,194,1,171,253,43,7,147,246,90,7,129,246,46,4,48,190,0,210,0,223,0,230,0,92,0,38,0,18,0,13,0,11,
0,159,253,193,1,184,253,43,7,147,246,90,7,172,246,248,3,48,190,0,209,0,223,0,230,0,92,0,39,0,17,0,12,0,11,
0,159,253,193,1,184,253,105,7,64,246,230,8,67,245,165,4,45,191,0,208,0,223,0,230,0,92,0,39,0,18,0,13,0,11,
0,193,253,203,1,182,253,105,7,64,246,230,8,131,245,178,4,42,194,0,208,0,224,0,230,0,92,0,39,0,18,0,13,0,11,
0,177,253,202,1,158,253,105,7,64,246,230,8,249,246,254,3,10,192,0,207,0,224,0,231,0,92,0,38,0,17,0,12,0,11,
0,177,253,202,1,150,253,105,7,64,246,230,8,249,246,254,3,10,192,0,206,0,223,0,230,0,93,0,40,0,18,0,13,0,11,
0,180,253,170,1,150,253,105,7,64,246,230,8,226,245,11,4,5,190,0,205,0,224,0,231,0,92,0,38,0,17,0,12,0,11,
0,174,253,149,1,157,253,105,7,64,246,230,8,85,245,195,4,5,193,0,204,0,224,0,230,0,93,0,39,0,18,0,13,0,11,
0,186,253,155,1,163,253,105,7,64,246,230,8,191,246,92,4,146,193,0,204,0,224,0,231,0,93,0,40,0,18,0,13,0,11,
0,186,253,155,1,163,253,105,7,64,246,230,8,191,246,92,4,66,191,0,203,0,224,0,231,0,93,0,40,0,18,0,13,0,11,
0,180,253,178,1,145,253,105,7,64,246,230,8,61,247,243,3,66,191,0,203,0,223,0,231,0,93,0,40,0,18,0,13,0,11,
0,178,253,166,1,142,253,105,7,64,246,230,8,36,245,48,4,198,190,0,202,0,223,0,231,0,94,0,40,0,18,0,13,0,11,
0,189,253,127,1,143,253,105,7,64,246,230,8,59,245,200,4,141,192,0,202,0,223,0,232,0,94,0,40,0,18,0,13,0,11,
0,189,253,127,1,143,253,41,7,137,246,32,7,35,246,151,4,123,193,0,201,0,223,0,232,0,94,0,40,0,18,0,13,0,11,
0,201,253,122,1,148,253,41,7,137,246,32,7,35,246,151,4,123,193,0,201,0,224,0,232,0,93,0,40,0,18,0,13,0,11,
0,222,253,153,1,140,253,41,7,137,246,32,7,251,246,245,3,173,191,0,201,0,223,0,232,0,94,0,40,0,18,0,13,0,11,
0,250,253,141,1,159,253,41,7,137,246,32,7,209,245,83,4,213,189,0,201,0,223,0,232,0,94,0,40,0,18,0,13,0,11,
0,250,253,141,1,159,253,41,7,137,246,32,7,43,245,242,4,86,192,0,201,0,223,0,232,0,94,0,40,0,18,0,13,0,11,
0,8,254,136,1,163,253,41,7,137,246,32,7,43,245,206,4,87,193,0,201,0,223,0,232,0,94,0,40,0,18,0,13,0,12,
0,30,254,135,1,147,253,41,7,137,246,32,7,230,245,206,4,87,193,0,201,0,223,0,232,0,94,0,40,0,18,0,13,0,11,
0,10,254,136,0,42,253,9,7,147,246,110,7,154,244,182,5,155,192,0,215,0,225,0,228,0,91,0,38,0,17,0,12,0,11,
0,10,254,136,0,42,253,83,7,78,246,40,9,174,245,104,5,62,193,0,214,0,225,0,228,0,92,0,40,0,18,0,13,0,11,
0,25,254,139,0,46,253,83,7,78,246,40,9,174,245,104,5,242,189,0,215,0,225,0,229,0,92,0,39,0,17,0,12,0,11,
0,48,254,131,0,64,253,83,7,78,246,40,9,22,246,240,4,242,189,0,215,0,225,0,229,0,92,0,40,0,18,0,13,0,12,
0,42,254,131,0,24,253,83,7,78,246,40,9,6,244,55,5,147,189,0,215,0,225,0,229,0,92,0,40,0,18,0,13,0,12,
0,42,254,131,0,24,253,83,7,78,246,40,9,77,245,235,5,10,194,0,216,0,226,0,230,0,92,0,40,0,18,0,13,0,12,
0,51,254,135,0,23,253,83,7,78,246,40,9,77,245,66,5,93,191,0,216,0,226,0,230,0,93,0,40,0,18,0,13,0,12,
0,68,254,123,0,8,253,83,7,78,246,40,9,242,245,66,5,93,191,0,216,0,226,0,230,0,93,0,40,0,18,0,13,0,11,
0,107,254,123,0,21,253,83,7,78,246,40,9,83,245,241,4,46,189,0,216,0,227,0,231,0,93,0,40,0,18,0,13,0,11,
0,107,254,142,0,21,253,83,7,78,246,40,9,12,244,116,5,240,190,0,216,0,227,0,232,0,93,0,39,0,18,0,13,0,11,
0,92,254,180,0,30,253,83,7,78,246,40,9,54,245,102,5,137,192,0,216,0,227,0,232,0,93,0,39,0,18,0,13,0,11,
0,78,254,174,0,20,253,252,6,154,246,111,7,54,245,102,5,66,192,0,216,0,227,0,232,0,93,0,40,0,18,0,13,0,11,
0,78,254,174,0,255,252,252,6,154,246,111,7,120,245,238,4,66,192,0,216,0,227,0,233,0,94,0,40,0,18,0,13,0,11,
0,52,254,190,0,255,252,252,6,154,246,111,7,123,245,120,4,165,189,0,216,0,228,0,233,0,94,0,40,0,18,0,13,0,11,
0,90,254,171,0,24,253,252,6,154,246,111,7,88,244,247,4,229,188,0,215,0,228,0,234,0,94,0,40,0,18,0,13,0,11,
0,124,254,151,0,33,253,252,6,154,246,111,7,139,244,129,5,186,192,0,215,0,228,0,235,0,94,0,40,0,18,0,13,0,11,
0,124,254,151,0,33,253,252,6,154,246,111,7,139,244,129,5,186,192,0,214,0,229,0,235,0,95,0,40,0,18,0,13,0,11,
0,124,254,144,0,53,253,252,6,154,246,111,7,8,246,241,4,82,192,0,214,0,229,0,236,0,95,0,40,0,18,0,13,0,11,
0,124,254,149,0,46,253,252,6,154,246,111,7,49,245,122,4,66,188,0,213,0,229,0,236,0,95,0,40,0,18,0,13,0,11,
0,134,254,181,0,43,253,252,6,154,246,111,7,85,244,62,5,65,191,0,212,0,230,0,237,0,95,0,40,0,18,0,13,0,11,
0,134,254,181,0,43,253,252,6,154,246,111,7,85,244,27,5,145,192,0,211,0,230,0,238,0,96,0,40,0,18,0,13,0,11,
0,162,254,194,0,47,253,198,6,160,246,254,6,136,245,27,5,145,192,0,210,0,231,0,238,0,96,0,40,0,18,0,13,0,11,
0,184,254,194,0,69,253,198,6,160,246,254,6,239,245,153,4,252,190,0,209,0,231,0,239,0,96,0,41,0,18,0,13,0,11,
0,184,254,194,0,62,253,198,6,160,246,254,6,177,244,206,4,213,189,0,208,0,232,0,239,0,97,0,41,0,18,0,13,0,11,
0,140,254,234,0,62,253,198,6,160,246,254,6,126,244,230,4,250,190,0,207,0,232,0,239,0,97,0,41,0,19,0,13,0,11,
0,112,255,247,0,236,251,169,6,189,246,138,7,213,246,248,3,18,190,0,187,0,252,0,248,0,101,0,43,0,20,0,13,0,11,
0,100,255,242,0,230,251,169,6,189,246,138,7,110,247,230,3,117,190,0,187,0,252,0,247,0,102,0,44,0,20,0,14,0,12,
0,97,255,212,0,13,252,169,6,189,246,138,7,49,247,38,4,62,190,0,188,0,252,0,247,0,101,0,43,0,19,0,13,0,11,
0,97,255,212,0,13,252,169,6,189,246,138,7,49,247,38,4,73,190,0,188,0,252,0,245,0,102,0,44,0,20,0,14,0,12,
0,93,255,186,0,49,252,169,6,189,246,138,7,4,247,243,3,73,190,0,189,0,252,0,245,0,101,0,43,0,19,0,13,0,11,
0,93,255,185,0,41,252,19,7,99,246,96,8,21,246,253,3,242,190,0,190,0,252,0,244,0,101,0,43,0,21,0,14,0,12,
0,83,255,185,0,38,252,19,7,99,246,96,8,121,246,65,4,221,191,0,191,0,252,0,243,0,101,0,43,0,20,0,14,0,12,
0,83,255,209,0,38,252,19,7,99,246,96,8,88,247,14,4,184,191,0,192,0,253,0,242,0,100,0,43,0,20,0,14,0,12,
0,57,255,165,0,51,252,19,7,99,246,96,8,88,247,14,4,184,191,0,192,0,252,0,241,0,100,0,43,0,20,0,14,0,12,
0,54,255,110,0,63,252,19,7,99,246,96,8,56,247,175,3,193,189,0,193,0,252,0,240,0,100,0,43,0,20,0,14,0,11,
0,54,255,110,0,58,252,19,7,99,246,96,8,159,246,241,3,151,188,0,194,0,253,0,239,0,99,0,42,0,17,0,12,0,11,
0,73,255,93,0,58,252,19,7,99,246,96,8,130,245,45,4,4,191,0,195,0,253,0,238,0,99,0,43,0,19,0,13,0,11,
0,45,255,58,0,49,252,19,7,99,246,96,8,130,245,45,4,75,192,0,196,0,253,0,237,0,98,0,43,0,19,0,13,0,11,
0,34,255,33,0,37,252,19,7,99,246,96,8,29,247,34,4,75,192,0,197,0,253,0,236,0,97,0,41,0,17,0,12,0,10,
0,34,255,33,0,37,252,19,7,99,246,96,8,249,246,221,3,248,188,0,197,0,253,0,235,0,97,0,42,0,19,0,13,0,11,
0,38,255,16,0,33,252,19,7,99,246,96,8,122,246,250,3,27,188,0,198,0,253,0,234,0,96,0,41,0,18,0,12,0,11,
0,48,255,225,255,5,252,195,6,243,246,193,7,30,246,22,4,181,189,0,198,0,252,0,233,0,97,0,42,0,19,0,13,0,11,
0,78,255,176,255,1,252,195,6,243,246,193,7,30,246,22,4,181,189,0,198,0,252,0,232,0,96,0,41,0,19,0,13,0,11,
0,78,255,176,255,1,252,195,6,243,246,193,7,43,246,55,4,198,190,0,199,0,252,0,232,0,95,0,41,0,18,0,13,0,11,
0,60,255,146,255,243,251,195,6,243,246,193,7,16,247,82,4,44,190,0,200,0,252,0,231,0,95,0,41,0,18,0,13,0,11,
0,38,255,160,255,205,251,195,6,243,246,193,7,215,246,243,3,112,188,0,200,0,252,0,231,0,94,0,40,0,17,0,12,0,11,
0,47,255,160,255,221,251,195,6,243,246,193,7,215,246,92,4,215,187,0,200,0,251,0,230,0,95,0,41,0,19,0,13,0,11,
0,47,255,155,255,221,251,195,6,243,246,193,7,228,245,92,4,215,187,0,201,0,251,0,229,0,94,0,41,0,19,0,13,0,11,
0,30,255,62,255,226,251,195,6,243,246,193,7,204,245,142,4,75,189,0,202,0,251,0,228,0,94,0,40,0,18,0,13,0,12,
0,23,255,12,255,0,252,195,6,243,246,193,7,42,246,180,4,243,189,0,202,0,250,0,228,0,93,0,40,0,18,0,13,0,11,
0,29,255,235,255,66,250,206,6,236,246,89,7,203,244,144,0,104,189,0,208,0,244,0,251,0,102,0,43,0,20,0,13,0,11,
0,29,255,235,255,66,250,206,6,236,246,89,7,131,244,200,0,173,189,0,208,0,245,0,252,0,102,0,43,0,19,0,13,0,11,
0,250,254,237,255,46,250,206,6,236,246,89,7,91,244,181,0,70,190,0,208,0,244,0,252,0,103,0,43,0,20,0,14,0,11,
0,187,254,218,255,45,250,206,6,236,246,89,7,91,244,34,0,221,190,0,207,0,244,0,252,0,103,0,43,0,20,0,14,0,12,
0,168,254,189,255,36,250,231,6,207,246,75,8,221,244,34,0,221,190,0,206,0,244,0,253,0,103,0,43,0,20,0,14,0,11,
0,168,254,189,255,36,250,231,6,207,246,75,8,57,245,73,0,18,190,0,206,0,244,0,253,0,104,0,44,0,20,0,14,0,12,
0,157,254,154,255,252,249,231,6,207,246,75,8,196,244,82,0,248,188,0,205,0,244,0,253,0,104,0,44,0,20,0,14,0,11,
0,127,254,137,255,231,249,231,6,207,246,75,8,97,244,171,0,65,190,0,205,0,244,0,253,0,104,0,44,0,20,0,14,0,12,
0,127,254,137,255,199,249,231,6,207,246,75,8,97,244,171,0,178,190,0,204,0,244,0,254,0,104,0,44,0,20,0,14,0,12,
0,99,254,128,255,199,249,231,6,207,246,75,8,67,245,158,0,178,190,0,204,0,244,0,254,0,104,0,44,0,20,0,14,0,12,
0,64,254,132,255,190,249,231,6,207,246,75,8,111,245,198,0,158,189,0,203,0,244,0,255,0,104,0,44,0,20,0,14,0,12,
0,34,254,142,255,154,249,231,6,207,246,75,8,70,245,205,0,214,188,0,203,0,244,0,255,0,105,0,45,0,21,0,14,0,12,
0,34,254,142,255,154,249,231,6,207,246,75,8,70,245,48,1,175,190,0,202,0,244,0,255,0,105,0,44,0,20,0,13,0,12,
0,40,254,145,255,117,249,231,6,207,246,75,8,75,245,48,1,175,190,0,202,0,244,1,0,0,105,0,44,0,19,0,14,0,12,
0,8,254,127,255,102,249,197,6,47,247,10,7,102,246,25,1,149,190,0,202,0,245,1,0,0,105,0,45,0,19,0,14,0,12,
0,241,253,112,255,64,249,197,6,47,247,10,7,27,246,33,1,254,189,0,202,0,244,1,0,0,105,0,45,0,20,0,14,0,12,
0,241,253,112,255,64,249,197,6,47,247,10,7,203,245,82,1,110,189,0,202,0,245,1,0,0,105,0,45,0,20,0,14,0,12,
0,1,254,116,255,59,249,197,6,47,247,10,7,203,245,82,1,179,190,0,202,0,245,1,1,0,106,0,45,0,20,0,13,0,11,
0,26,254,127,255,50,249,197,6,47,247,10,7,158,245,203,1,179,190,0,203,0,244,1,1,0,106,0,45,0,20,0,14,0,11,
0,24,254,118,255,4,249,197,6,47,247,10,7,24,246,142,1,219,190,0,203,0,244,1,1,0,106,0,45,0,20,0,13,0,11,
0,24,254,118,255,4,249,197,6,47,247,10,7,132,246,158,1,70,189,0,204,0,244,1,1,0,106,0,45,0,20,0,13,0,11,
0,247,253,109,255,233,248,197,6,47,247,10,7,161,245,232,1,66,189,0,206,0,244,1,2,0,106,0,45,0,20,0,13,0,11,
0,248,253,92,255,222,248,197,6,47,247,10,7,161,245,232,1,66,189,0,207,0,244,1,2,0,106,0,45,0,20,0,13,0,11,
0,248,253,92,255,215,248,197,6,47,247,10,7,60,246,245,1,92,190,0,208,0,244,1,2,0,107,0,45,0,20,0,13,0,11,
0,226,253,121,255,215,248,197,6,47,247,125,6,96,246,237,1,110,190,0,209,0,243,1,2,0,107,0,46,0,20,0,13,0,11,
0,166,252,38,6,242,248,33,6,177,246,51,7,3,249,220,9,76,195,0,161,0,208,0,204,0,81,0,35,0,16,0,12,0,11,
0,184,252,90,6,32,249,33,6,177,246,51,7,155,249,71,9,185,195,0,162,0,208,0,204,0,80,0,34,0,16,0,12,0,10,
0,189,252,152,6,71,249,172,6,151,246,125,8,103,249,138,9,149,195,0,163,0,207,0,203,0,81,0,34,0,16,0,12,0,11,
0,180,252,204,6,93,249,172,6,151,246,125,8,103,249,138,9,149,195,0,164,0,205,0,203,0,81,0,34,0,16,0,12,0,11,
0,180,252,204,6,93,249,172,6,151,246,125,8,88,249,104,9,92,194,0,165,0,204,0,202,0,80,0,34,0,16,0,12,0,11,
0,208,252,206,6,115,249,172,6,151,246,125,8,201,248,50,9,43,195,0,167,0,203,0,201,0,80,0,34,0,16,0,12,0,11,
0,198,252,233,6,144,249,172,6,151,246,125,8,101,248,77,9,13,196,0,168,0,202,0,200,0,80,0,34,0,16,0,12,0,11,
0,186,252,233,6,169,249,172,6,151,246,125,8,101,248,184,8,193,195,0,170,0,201,0,198,0,79,0,34,0,16,0,11,0,11,
0,186,252,35,7,169,249,172,6,151,246,125,8,61,249,184,8,193,195,0,172,0,200,0,197,0,79,0,34,0,16,0,12,0,11,
0,178,252,74,7,211,249,172,6,151,246,125,8,190,248,187,8,113,194,0,174,0,200,0,195,0,77,0,33,0,15,0,11,0,10,
0,190,252,133,7,231,249,172,6,151,246,125,8,120,247,148,8,211,194,0,176,0,199,0,193,0,78,0,33,0,16,0,12,0,11,
0,190,252,133,7,233,249,172,6,151,246,125,8,23,247,143,8,23,196,0,178,0,198,0,191,0,77,0,33,0,17,0,12,0,11,
0,190,252,188,7,233,249,229,5,197,246,14,7,23,247,143,8,246,195,0,179,0,198,0,190,0,76,0,32,0,17,0,12,0,11,
0,231,252,195,7,246,249,229,5,197,246,14,7,90,246,86,8,246,195,0,181,0,198,0,188,0,75,0,32,0,17,0,12,0,11,
0,240,252,210,7,7,250,229,5,197,246,14,7,153,246,47,8,123,196,0,182,0,199,0,187,0,75,0,32,0,16,0,12,0,11,
0,240,252,210,7,7,250,229,5,197,246,14,7,6,247,143,7,223,193,0,183,0,200,0,185,0,74,0,32,0,16,0,12,0,11,
0,219,252,228,7,8,250,229,5,197,246,14,7,6,247,245,7,198,194,0,184,0,201,0,185,0,73,0,31,0,16,0,12,0,11,
0,203,252,251,7,7,250,229,5,197,246,14,7,231,245,245,7,198,194,0,184,0,202,0,185,0,73,0,31,0,16,0,12,0,11,
0,184,252,16,8,17,250,229,5,197,246,14,7,15,246,231,7,131,197,0,184,0,203,0,184,0,72,0,31,0,16,0,12,0,11,
0,184,252,16,8,17,250,229,5,197,246,14,7,182,246,48,7,113,194,0,184,0,205,0,183,0,72,0,31,0,16,0,12,0,11,
0,158,252,9,8,36,250,229,5,197,246,14,7,213,245,115,7,211,194,0,184,0,206,0,183,0,72,0,31,0,16,0,12,0,11,
0,130,252,41,8,42,250,229,5,197,246,14,7,213,245,115,7,118,196,0,184,0,207,0,183,0,72,0,31,0,16,0,12,0,11,
0,130,252,41,8,41,250,196,5,178,246,76,7,108,247,39,7,118,196,0,183,0,209,0,183,0,71,0,31,0,15,0,11,0,11,
0,114,252,34,8,41,250,196,5,178,246,76,7,34,247,224,6,29,195,0,183,0,209,0,182,0,71,0,30,0,16,0,12,0,11,
0,68,252,24,8,30,250,196,5,178,246,76,7,234,246,179,6,9,194,0,183,0,210,0,182,0,71,0,30,0,16,0,12,0,11,
0,194,253,243,8,223,253,15,3,93,246,193,6,215,254,150,5,139,186,0,185,0,241,0,214,0,86,0,37,0,18,0,13,0,11,
0,207,253,191,8,245,253,15,3,93,246,193,6,67,255,203,5,87,187,0,185,0,241,0,215,0,85,0,36,0,16,0,12,0,11,
0,220,253,149,8,253,253,15,3,93,246,193,6,189,255,184,5,66,185,0,184,0,241,0,215,0,86,0,36,0,18,0,13,0,11,
0,220,253,149,8,253,253,15,3,93,246,193,6,189,255,85,6,125,184,0,184,0,241,0,215,0,86,0,36,0,18,0,12,0,11,
0,233,253,94,8,252,253,3,3,30,246,36,7,114,255,85,6,125,184,0,184,0,240,0,215,0,86,0,36,0,17,0,13,0,11,
0,9,254,46,8,4,254,3,3,30,246,36,7,101,255,77,6,119,185,0,183,0,240,0,216,0,86,0,36,0,17,0,13,0,11,
0,9,254,46,8,11,254,3,3,30,246,36,7,242,0,116,6,167,185,0,183,0,240,0,216,0,86,0,36,0,17,0,13,0,11,
0,58,254,3,8,11,254,3,3,30,246,36,7,29,0,192,6,120,183,0,183,0,240,0,217,0,86,0,36,0,18,0,13,0,11,
0,88,254,238,7,219,253,3,3,30,246,36,7,29,0,192,6,120,184,0,183,0,239,0,218,0,86,0,36,0,18,0,13,0,11,
0,74,254,177,7,202,253,3,3,30,246,36,7,17,255,156,7,185,184,0,183,0,239,0,219,0,87,0,36,0,18,0,13,0,11,
0,74,254,177,7,202,253,3,3,30,246,36,7,15,1,123,7,181,185,0,183,0,239,0,219,0,87,0,36,0,18,0,13,0,11,
0,107,254,121,7,218,253,3,3,30,246,36,7,17,1,35,7,206,182,0,183,0,239,0,221,0,87,0,36,0,18,0,13,0,12,
0,194,254,87,7,226,253,3,3,30,246,36,7,17,1,184,7,2,183,0,183,0,239,0,222,0,87,0,36,0,17,0,13,0,11,
0,192,254,59,7,233,253,3,3,30,246,36,7,71,255,184,7,2,183,0,183,0,239,0,222,0,88,0,37,0,18,0,12,0,11,
0,192,254,59,7,233,253,86,2,75,246,60,6,232,255,45,8,95,187,0,183,0,239,0,223,0,88,0,37,0,18,0,13,0,11,
0,203,254,30,7,218,253,86,2,75,246,60,6,29,1,157,7,114,184,0,184,0,239,0,224,0,89,0,37,0,16,0,13,0,11,
0,223,254,13,7,213,253,86,2,75,246,60,6,235,255,155,7,215,180,0,185,0,238,0,225,0,89,0,38,0,16,0,13,0,11,
0,254,254,236,6,238,253,86,2,75,246,60,6,235,255,155,7,83,184,0,186,0,238,0,226,0,89,0,37,0,17,0,13,0,11,
0,254,254,236,6,238,253,86,2,75,246,60,6,36,254,169,8,83,184,0,187,0,238,0,227,0,90,0,38,0,17,0,13,0,11,
0,62,255,225,6,254,253,86,2,75,246,60,6,20,0,83,8,204,185,0,188,0,238,0,228,0,90,0,38,0,17,0,12,0,11,
0,115,255,223,6,12,254,86,2,75,246,60,6,27,0,110,7,3,181,0,189,0,239,0,229,0,91,0,38,0,17,0,12,0,11,
0,115,255,223,6,50,254,86,2,75,246,60,6,27,253,161,8,38,184,0,190,0,239,0,231,0,91,0,38,0,17,0,13,0,11,
0,152,255,217,6,50,254,86,2,75,246,60,6,213,253,161,8,38,184,0,191,0,239,0,232,0,92,0,38,0,17,0,12,0,11,
0,191,255,216,6,68,254,86,2,75,246,60,6,230,255,233,7,111,185,0,191,0,239,0,233,0,92,0,38,0,17,0,12,0,11,
0,247,255,170,6,55,254,86,2,75,246,60,7,235,254,8,8,26,183,0,193,0,239,0,233,0,92,0,39,0,17,0,12,0,11,
0,100,254,164,255,33,1,172,0,236,246,181,5,231,255,238,2,13,191,0,177,1,2,0,247,0,102,0,43,0,20,0,13,0,11,
0,97,254,141,255,33,1,169,0,207,246,178,5,231,255,238,2,13,191,0,177,1,1,0,247,0,101,0,43,0,20,0,13,0,11,
0,97,254,141,255,33,1,169,0,207,246,178,5,34,1,71,2,236,191,0,177,1,2,0,249,0,101,0,42,0,19,0,13,0,11,
0,97,254,136,255,35,1,169,0,207,246,178,5,30,0,208,1,185,188,0,176,1,1,0,248,0,101,0,38,0,19,0,14,0,12,
0,34,254,138,255,78,1,169,0,207,246,178,5,219,255,104,2,232,190,0,177,1,1,0,249,0,101,0,39,0,19,0,13,0,12,
0,254,253,138,255,110,1,169,0,207,246,178,5,219,255,68,2,56,191,0,176,1,1,0,249,0,102,0,40,0,19,0,13,0,12,
0,254,253,173,255,110,1,169,0,207,246,178,5,212,0,68,2,56,191,0,176,1,1,0,249,0,102,0,41,0,19,0,13,0,12,
0,237,253,200,255,147,1,169,0,207,246,178,5,36,0,107,2,249,188,0,176,1,0,0,249,0,102,0,41,0,20,0,13,0,11,
0,66,254,170,255,164,1,169,0,207,246,178,5,75,255,132,2,77,191,0,176,1,0,0,249,0,102,0,42,0,19,0,13,0,11,
0,66,254,170,255,185,1,169,0,207,246,178,5,217,255,122,2,99,191,0,177,1,0,0,249,0,102,0,42,0,20,0,13,0,11,
0,75,254,186,255,185,1,169,0,207,246,178,5,217,255,122,2,34,190,0,176,0,255,0,249,0,102,0,43,0,20,0,14,0,12,
0,45,254,205,255,206,1,174,0,178,246,77,5,54,0,72,2,34,190,0,176,0,255,0,249,0,102,0,43,0,20,0,14,0,12,
0,1,254,226,255,206,1,174,0,178,246,77,5,75,255,90,2,82,191,0,177,0,255,0,249,0,102,0,43,0,20,0,14,0,12,
0,1,254,226,255,206,1,174,0,178,246,77,5,226,254,104,2,203,191,0,177,0,254,0,249,0,102,0,43,0,20,0,14,0,12,
0,208,253,14,0,231,1,174,0,178,246,77,5,226,254,88,2,154,191,0,177,0,254,0,249,0,102,0,43,0,20,0,14,0,12,
0,220,253,37,0,35,2,174,0,178,246,77,5,59,255,88,2,154,191,0,177,0,254,0,248,0,102,0,43,0,20,0,14,0,12,
0,197,253,36,0,44,2,174,0,178,246,77,5,19,255,36,2,23,191,0,177,0,254,0,248,0,102,0,43,0,20,0,14,0,12,
0,197,253,36,0,44,2,174,0,178,246,77,5,141,254,63,2,112,190,0,177,0,253,0,247,0,102,0,44,0,20,0,14,0,12,
0,154,253,51,0,80,2,174,0,178,246,77,5,147,254,56,2,7,192,0,178,0,252,0,247,0,102,0,43,0,20,0,14,0,12,
0,176,253,94,0,89,2,174,0,178,246,77,5,147,254,56,2,9,192,0,178,0,252,0,247,0,102,0,43,0,20,0,14,0,11,
0,173,253,94,0,90,2,174,0,178,246,77,5,79,255,214,1,9,192,0,177,0,252,0,247,0,102,0,43,0,20,0,14,0,11,
0,173,253,169,0,90,2,118,0,205,246,201,5,199,254,124,1,61,190,0,178,0,252,0,246,0,102,0,43,0,20,0,13,0,11,
0,157,253,205,0,114,2,118,0,205,246,201,5,81,254,34,2,228,192,0,178,0,251,0,246,0,101,0,43,0,20,0,14,0,11,
0,129,253,230,0,140,2,118,0,205,246,201,5,111,254,130,1,205,191,0,178,0,251,0,245,0,101,0,43,0,20,0,13,0,11,
0,129,253,230,0,158,2,118,0,205,246,201,5,111,254,130,1,205,191,0,178,0,251,0,245,0,101,0,43,0,20,0,13,0,11,
0,43,0,165,255,134,0,93,254,6,246,135,5,222,6,10,7,182,190,1,0,0,193,0,189,0,74,0,32,0,16,0,12,0,11,
0,30,0,186,255,130,0,93,254,6,246,135,5,187,5,237,6,121,188,1,0,0,193,0,189,0,74,0,31,0,16,0,12,0,11,
0,30,0,186,255,127,0,93,254,6,246,135,5,222,4,142,7,83,191,1,0,0,193,0,189,0,73,0,31,0,16,0,12,0,11,
0,40,0,230,255,127,0,93,254,6,246,135,5,222,4,142,7,83,192,0,255,0,193,0,189,0,73,0,31,0,16,0,12,0,11,
0,48,0,214,255,123,0,117,254,198,245,139,5,124,6,81,7,105,192,0,255,0,193,0,189,0,74,0,31,0,16,0,12,0,11,
0,88,0,216,255,78,0,117,254,198,245,139,5,83,6,45,7,45,190,0,254,0,193,0,190,0,73,0,31,0,16,0,12,0,11,
0,88,0,216,255,78,0,117,254,198,245,139,5,117,5,29,8,144,191,0,254,0,194,0,190,0,73,0,31,0,16,0,12,0,11,
0,118,0,217,255,56,0,117,254,198,245,139,5,117,5,159,7,150,190,0,253,0,194,0,191,0,74,0,31,0,16,0,12,0,11,
0,103,0,247,255,29,0,117,254,198,245,139,5,211,6,159,7,150,190,0,252,0,194,0,191,0,73,0,31,0,16,0,12,0,11,
0,70,0,29,0,24,0,117,254,198,245,139,5,226,5,177,7,74,188,0,252,0,194,0,192,0,74,0,31,0,14,0,12,0,11,
0,70,0,29,0,24,0,117,254,198,245,139,5,78,6,81,8,241,192,0,251,0,195,0,193,0,74,0,31,0,14,0,11,0,11,
0,86,0,36,0,10,0,117,254,198,245,139,5,31,7,11,7,13,188,0,250,0,195,0,193,0,74,0,31,0,14,0,12,0,11,
0,124,0,29,0,239,255,117,254,198,245,139,5,31,7,11,7,215,189,0,249,0,196,0,194,0,75,0,31,0,15,0,12,0,11,
0,124,0,29,0,247,255,117,254,198,245,139,5,198,4,88,8,215,189,0,247,0,196,0,195,0,75,0,31,0,15,0,12,0,11,
0,113,0,42,0,247,255,121,254,209,245,234,5,79,7,203,7,105,193,0,247,0,197,0,196,0,75,0,31,0,15,0,12,0,11,
0,58,0,40,0,237,255,121,254,209,245,234,5,101,7,145,7,163,189,0,245,0,197,0,197,0,76,0,31,0,15,0,12,0,11,
0,5,0,52,0,238,255,121,254,209,245,234,5,103,6,16,8,78,189,0,244,0,198,0,197,0,76,0,32,0,16,0,12,0,11,
0,5,0,52,0,223,255,121,254,209,245,234,5,103,6,16,8,78,189,0,242,0,199,0,198,0,76,0,32,0,16,0,12,0,11,
0,77,0,57,0,223,255,121,254,209,245,234,5,101,6,66,8,142,192,0,241,0,199,0,199,0,77,0,32,0,16,0,12,0,11,
0,86,0,60,0,214,255,121,254,209,245,234,5,77,7,94,7,131,188,0,239,0,200,0,200,0,77,0,32,0,16,0,12,0,11,
0,76,0,76,0,224,255,121,254,209,245,234,5,82,6,33,8,78,191,0,237,0,200,0,200,0,77,0,32,0,16,0,12,0,11,
0,76,0,76,0,224,255,121,254,209,245,234,5,82,6,33,7,217,189,0,236,0,201,0,201,0,78,0,32,0,16,0,12,0,11,
0,76,0,90,0,206,255,121,254,209,245,234,5,190,8,134,7,217,189,0,234,0,201,0,202,0,78,0,33,0,16,0,12,0,11,
0,96,0,62,0,182,255,121,254,209,245,234,5,167,5,112,8,11,189,0,232,0,202,0,203,0,78,0,33,0,16,0,12,0,11,
0,90,0,44,0,178,255,121,254,209,245,234,5,90,8,40,8,41,193,0,231,0,202,0,203,0,79,0,33,0,16,0,12,0,11,
0,147,0,102,251,209,253,162,255,11,247,156,5,132,8,35,5,66,190,0,200,0,247,1,11,0,111,0,48,0,21,0,14,0,11,
0,170,0,102,251,209,253,162,255,11,247,156,5,75,6,32,5,94,190,0,201,0,247,1,10,0,111,0,47,0,20,0,13,0,11,
0,170,0,118,251,209,253,216,255,202,246,87,5,171,7,160,4,231,194,0,201,0,247,1,9,0,111,0,48,0,21,0,14,0,11,
0,139,0,128,251,194,253,216,255,202,246,87,5,171,7,160,4,231,189,0,202,0,247,1,8,0,111,0,48,0,21,0,14,0,12,
0,153,0,133,251,172,253,216,255,202,246,87,5,140,8,48,3,143,189,0,203,0,248,1,8,0,111,0,47,0,21,0,14,0,11,
0,153,0,133,251,168,253,216,255,202,246,87,5,198,5,88,3,200,190,0,204,0,247,1,7,0,111,0,48,0,21,0,14,0,12,
0,161,0,125,251,168,253,216,255,202,246,87,5,132,6,154,3,12,195,0,205,0,247,1,6,0,110,0,47,0,21,0,14,0,12,
0,167,0,140,251,169,253,216,255,202,246,87,5,132,6,45,2,157,191,0,205,0,247,1,6,0,110,0,47,0,21,0,14,0,12,
0,135,0,120,251,155,253,216,255,202,246,87,5,195,7,45,2,157,191,0,205,0,248,1,5,0,110,0,47,0,21,0,14,0,12,
0,135,0,120,251,155,253,216,255,202,246,87,5,34,6,60,2,68,191,0,206,0,248,1,5,0,110,0,47,0,21,0,14,0,12,
0,90,0,129,251,163,253,216,255,202,246,87,5,188,6,100,2,33,195,0,206,0,248,1,4,0,109,0,47,0,21,0,14,0,12,
0,69,0,146,251,158,253,216,255,202,246,87,5,139,6,166,1,84,191,0,206,0,248,1,3,0,109,0,47,0,21,0,14,0,12,
0,48,0,159,251,152,253,213,255,42,247,172,5,139,6,166,1,190,192,0,207,0,248,1,3,0,108,0,47,0,21,0,14,0,12,
0,48,0,159,251,152,253,213,255,42,247,172,5,96,6,117,1,190,192,0,207,0,248,1,2,0,108,0,47,0,21,0,14,0,12,
0,225,255,164,251,123,253,213,255,42,247,172,5,239,5,92,1,144,193,0,207,0,248,1,2,0,108,0,47,0,20,0,14,0,11,
0,182,255,133,251,81,253,213,255,42,247,172,5,2,6,40,1,150,193,0,207,0,247,1,2,0,108,0,47,0,21,0,14,0,12,
0,182,255,133,251,76,253,213,255,42,247,172,5,137,6,163,0,18,193,0,207,0,248,1,2,0,107,0,47,0,21,0,14,0,11,
0,158,255,134,251,76,253,213,255,42,247,172,5,137,6,163,0,18,193,0,207,0,247,1,1,0,107,0,41,0,20,0,14,0,12,
0,149,255,142,251,88,253,213,255,42,247,172,5,96,5,195,0,184,192,0,206,0,247,1,1,0,107,0,42,0,20,0,14,0,12,
0,173,255,118,251,82,253,213,255,42,247,172,5,25,6,145,0,178,194,0,206,0,247,1,0,0,107,0,43,0,19,0,13,0,11,
0,173,255,118,251,86,253,213,255,42,247,172,5,79,6,255,255,16,192,0,206,0,246,1,0,0,107,0,43,0,19,0,13,0,11,
0,144,255,118,251,86,253,213,255,42,247,172,5,79,6,255,0,20,194,0,206,0,246,0,255,0,106,0,44,0,21,0,14,0,11,
0,93,255,135,251,82,253,18,0,11,247,128,6,174,4,188,0,20,194,0,206,0,245,0,255,0,106,0,44,0,21,0,14,0,11,
0,86,255,153,251,35,253,18,0,11,247,128,6,38,6,32,0,154,195,0,205,0,244,0,254,0,106,0,44,0,21,0,14,0,11,
0,86,255,153,251,35,253,18,0,11,247,128,6,74,6,78,255,64,191,0,205,0,243,0,254,0,105,0,44,0,20,0,14,0,11,
0,179,255,213,3,204,1,155,255,97,247,61,6,183,3,81,5,153,186,0,202,0,231,0,228,0,90,0,37,0,16,0,12,0,11,
0,159,255,211,3,191,1,172,255,79,247,95,6,210,2,20,6,128,192,0,201,0,230,0,229,0,91,0,38,0,17,0,13,0,11,
0,159,255,211,3,191,1,172,255,79,247,95,6,89,4,118,5,245,190,0,201,0,231,0,229,0,92,0,43,0,18,0,12,0,11,
0,134,255,226,3,176,1,172,255,79,247,95,6,246,3,187,4,37,187,0,200,0,231,0,229,0,92,0,42,0,18,0,13,0,11,
0,137,255,251,3,184,1,172,255,79,247,95,6,246,3,187,4,37,187,0,200,0,231,0,230,0,92,0,41,0,18,0,13,0,11,
0,159,255,251,3,184,1,172,255,79,247,95,6,126,2,152,5,186,188,0,200,0,231,0,230,0,92,0,41,0,19,0,13,0,11,
0,159,255,247,3,184,1,172,255,79,247,95,6,182,3,186,5,112,191,0,200,0,231,0,230,0,92,0,40,0,18,0,13,0,11,
0,166,255,238,3,178,1,172,255,79,247,95,6,221,4,152,5,158,190,0,199,0,231,0,230,0,92,0,40,0,18,0,13,0,11,
0,164,255,242,3,181,1,172,255,79,247,95,6,221,4,230,4,101,187,0,198,0,231,0,231,0,93,0,40,0,18,0,13,0,11,
0,164,255,242,3,193,1,172,255,79,247,95,6,131,4,230,4,101,187,0,198,0,231,0,230,0,92,0,40,0,18,0,13,0,11,
0,164,255,19,4,193,1,172,255,79,247,95,6,65,3,37,5,189,188,0,198,0,232,0,231,0,93,0,40,0,18,0,13,0,11,
0,181,255,6,4,223,1,172,255,79,247,95,6,148,3,142,5,242,190,0,197,0,231,0,231,0,93,0,40,0,18,0,13,0,11,
0,189,255,249,3,216,1,82,255,124,247,12,6,127,4,68,5,141,191,0,197,0,232,0,231,0,93,0,40,0,18,0,13,0,11,
0,189,255,249,3,216,1,82,255,124,247,12,6,127,4,68,5,141,191,0,196,0,232,0,231,0,93,0,40,0,18,0,13,0,11,
0,142,255,233,3,217,1,82,255,124,247,12,6,238,4,231,4,40,189,0,196,0,232,0,232,0,93,0,40,0,18,0,13,0,11,
0,124,255,235,3,232,1,82,255,124,247,12,6,43,4,3,5,194,187,0,195,0,232,0,232,0,93,0,40,0,18,0,13,0,11,
0,137,255,252,3,227,1,82,255,124,247,12,6,74,3,240,5,193,190,0,195,0,232,0,232,0,93,0,40,0,18,0,13,0,11,
0,137,255,252,3,227,1,82,255,124,247,12,6,74,3,100,5,3,192,0,194,0,232,0,232,0,93,0,40,0,18,0,13,0,11,
0,155,255,10,4,232,1,82,255,124,247,12,6,57,5,100,5,3,192,0,193,0,232,0,232,0,94,0,40,0,18,0,13,0,11,
0,110,255,4,4,251,1,82,255,124,247,12,6,26,5,92,4,180,188,0,193,0,232,0,232,0,94,0,40,0,18,0,13,0,11,
0,89,255,4,4,240,1,82,255,124,247,12,6,136,3,226,4,98,188,0,192,0,232,0,232,0,94,0,40,0,18,0,13,0,11,
0,89,255,10,4,240,1,82,255,124,247,12,6,8,5,91,5,210,193,0,191,0,232,0,232,0,94,0,40,0,18,0,13,0,12,
0,57,255,250,3,246,1,66,255,89,247,204,5,8,5,91,5,177,189,0,191,0,232,0,232,0,94,0,40,0,18,0,13,0,11,
0,62,255,239,3,217,1,66,255,89,247,204,5,193,5,81,4,177,189,0,191,0,232,0,233,0,94,0,40,0,18,0,13,0,11,
0,62,255,239,3,224,1,66,255,89,247,204,5,130,4,167,4,199,187,0,190,0,232,0,233,0,94,0,40,0,18,0,13,0,12,
0,151,254,111,255,148,254,6,254,162,247,14,6,56,8,146,1,23,189,0,214,0,233,0,212,0,85,0,36,0,18,0,13,0,12,
0,151,254,111,255,148,254,6,254,162,247,14,6,56,8,146,2,49,190,0,214,0,233,0,211,0,85,0,36,0,18,0,13,0,11,
0,168,254,105,255,138,254,6,254,162,247,14,6,228,5,191,2,49,190,0,214,0,234,0,211,0,84,0,36,0,17,0,12,0,11,
0,163,254,83,255,136,254,6,254,162,247,14,6,136,7,173,2,85,193,0,214,0,233,0,211,0,84,0,36,0,17,0,12,0,11,
0,163,254,83,255,149,254,6,254,162,247,14,6,171,6,94,2,229,188,0,214,0,233,0,210,0,85,0,36,0,18,0,13,0,12,
0,126,254,83,255,149,254,6,254,162,247,14,6,233,6,233,2,32,192,0,214,0,233,0,210,0,84,0,36,0,18,0,13,0,11,
0,130,254,80,255,174,254,6,254,162,247,14,6,233,6,233,2,32,192,0,214,0,233,0,209,0,84,0,35,0,17,0,12,0,11,
0,147,254,50,255,179,254,255,253,169,247,93,6,207,7,72,2,97,189,0,214,0,233,0,209,0,84,0,35,0,17,0,12,0,11,
0,147,254,50,255,179,254,255,253,169,247,93,6,38,6,0,3,18,190,0,214,0,233,0,209,0,84,0,36,0,17,0,13,0,11,
0,135,254,6,255,137,254,255,253,169,247,93,6,255,5,79,3,151,192,0,214,0,233,0,208,0,83,0,35,0,17,0,12,0,11,
0,138,254,247,254,140,254,255,253,169,247,93,6,255,5,222,2,237,190,0,215,0,233,0,208,0,83,0,35,0,17,0,12,0,11,
0,173,254,249,254,125,254,255,253,169,247,93,6,41,7,222,2,237,190,0,215,0,233,0,208,0,83,0,35,0,17,0,13,0,11,
0,173,254,249,254,125,254,255,253,169,247,93,6,96,6,246,2,217,187,0,215,0,233,0,208,0,83,0,35,0,17,0,13,0,11,
0,198,254,0,255,131,254,255,253,169,247,93,6,67,5,252,3,12,192,0,215,0,233,0,208,0,83,0,35,0,17,0,12,0,11,
0,166,254,20,255,143,254,255,253,169,247,93,6,48,7,87,3,7,192,0,215,0,233,0,208,0,83,0,35,0,17,0,13,0,11,
0,157,254,7,255,101,254,255,253,169,247,93,6,48,7,87,3,57,188,0,216,0,233,0,208,0,82,0,35,0,17,0,12,0,11,
0,157,254,7,255,101,254,255,253,169,247,93,6,107,6,246,2,57,188,0,216,0,233,0,207,0,82,0,35,0,16,0,12,0,11,
0,140,254,27,255,106,254,3,254,124,247,189,5,45,5,211,3,148,189,0,216,0,232,0,208,0,83,0,35,0,18,0,12,0,11,
0,127,254,27,255,135,254,3,254,124,247,189,5,184,5,20,4,178,191,0,217,0,232,0,207,0,82,0,35,0,16,0,12,0,11,
0,127,254,27,255,153,254,3,254,124,247,189,5,184,6,238,3,138,191,0,217,0,232,0,207,0,82,0,35,0,16,0,12,0,11,
0,141,254,42,255,153,254,3,254,124,247,189,5,232,6,238,3,138,191,0,217,0,232,0,207,0,82,0,35,0,16,0,12,0,11,
0,175,254,26,255,164,254,3,254,124,247,189,5,120,6,46,3,97,187,0,217,0,232,0,207,0,82,0,35,0,16,0,12,0,11,
0,189,254,13,255,131,254,3,254,124,247,189,5,189,4,16,4,226,188,0,217,0,232,0,207,0,82,0,35,0,16,0,12,0,11,
0,189,254,13,255,131,254,3,254,124,247,189,5,134,5,77,4,196,191,0,217,0,232,0,208,0,82,0,35,0,18,0,13,0,11,
0,224,254,17,255,138,254,3,254,124,247,189,5,134,5,77,4,58,189,0,217,0,231,0,208,0,82,0,35,0,18,0,13,0,11,
0,219,255,224,254,240,0,55,254,151,247,186,5,43,5,32,3,204,187,0,186,0,234,0,234,0,94,0,40,0,18,0,13,0,11,
0,216,255,212,254,241,0,86,254,83,247,215,5,167,5,73,3,134,190,0,185,0,234,0,235,0,94,0,40,0,18,0,12,0,11,
0,216,255,212,254,241,0,86,254,83,247,215,5,105,6,187,2,223,188,0,185,0,234,0,235,0,95,0,40,0,18,0,13,0,11,
0,207,255,222,254,5,1,86,254,83,247,215,5,186,5,156,2,129,187,0,185,0,235,0,236,0,94,0,40,0,17,0,12,0,11,
0,195,255,213,254,34,1,86,254,83,247,215,5,186,5,156,2,129,187,0,185,0,235,0,236,0,95,0,40,0,17,0,12,0,11,
0,195,255,213,254,36,1,86,254,83,247,215,5,245,4,162,3,178,191,0,183,0,235,0,236,0,95,0,40,0,18,0,13,0,11,
0,185,255,213,254,36,1,86,254,83,247,215,5,248,6,141,2,27,190,0,183,0,235,0,237,0,96,0,40,0,18,0,13,0,11,
0,215,255,212,254,31,1,86,254,83,247,215,5,18,6,139,2,94,187,0,183,0,236,0,238,0,95,0,40,0,17,0,13,0,11,
0,226,255,192,254,1,1,86,254,83,247,215,5,18,6,24,3,171,188,0,183,0,236,0,238,0,96,0,40,0,18,0,13,0,11,
0,226,255,192,254,1,1,86,254,83,247,215,5,39,5,24,3,171,188,0,183,0,237,0,238,0,96,0,40,0,18,0,13,0,11,
0,240,255,192,254,17,1,86,254,83,247,215,5,122,5,20,3,59,192,0,182,0,236,0,238,0,97,0,41,0,19,0,13,0,12,
0,242,255,229,254,32,1,86,254,83,247,215,5,9,7,103,2,160,190,0,182,0,237,0,239,0,97,0,41,0,18,0,13,0,11,
0,251,255,229,254,11,1,70,254,180,247,251,5,15,6,69,2,111,189,0,182,0,238,0,239,0,96,0,40,0,18,0,13,0,11,
0,251,255,229,254,11,1,70,254,180,247,251,5,15,6,69,2,80,189,0,182,0,238,0,240,0,97,0,41,0,20,0,13,0,11,
0,2,0,212,254,19,1,70,254,180,247,251,5,106,5,106,2,80,189,0,181,0,238,0,239,0,97,0,41,0,19,0,13,0,11,
0,14,0,171,254,52,1,70,254,180,247,251,5,140,5,173,2,131,191,0,182,0,238,0,241,0,97,0,41,0,19,0,13,0,11,
0,26,0,171,254,65,1,70,254,180,247,251,5,21,7,96,2,82,191,0,181,0,238,0,240,0,98,0,41,0,20,0,13,0,12,
0,26,0,161,254,65,1,70,254,180,247,251,5,21,7,251,1,219,188,0,182,0,238,0,240,0,98,0,41,0,20,0,13,0,11,
0,251,255,145,254,65,1,70,254,180,247,251,5,13,7,251,1,219,188,0,182,0,239,0,241,0,97,0,41,0,19,0,13,0,11,
0,240,255,128,254,51,1,70,254,180,247,251,5,166,5,229,1,128,189,0,182,0,239,0,241,0,97,0,40,0,19,0,12,0,11,
0,240,255,128,254,76,1,70,254,180,247,251,5,175,5,102,2,226,191,0,183,0,239,0,241,0,98,0,41,0,19,0,13,0,11,
0,236,255,133,254,76,1,70,254,180,247,251,5,144,7,4,2,80,191,0,183,0,238,0,241,0,98,0,41,0,19,0,13,0,11,
0,210,255,119,254,88,1,63,254,170,247,102,6,144,7,4,2,103,190,0,184,0,239,0,241,0,97,0,41,0,19,0,13,0,11,
0,209,255,92,254,62,1,63,254,170,247,102,6,156,6,146,1,103,190,0,184,0,238,0,241,0,98,0,41,0,19,0,13,0,11,
0,209,255,92,254,62,1,63,254,170,247,102,6,75,6,156,1,131,189,0,185,0,238,0,241,0,97,0,35,0,18,0,13,0,11,
0,242,255,82,254,73,1,63,254,170,247,102,6,191,5,18,2,161,191,0,185,0,238,0,241,0,98,0,38,0,19,0,14,0,12,
0,13,0,86,254,100,1,63,254,170,247,102,6,101,6,46,2,206,191,0,186,0,237,0,241,0,98,0,39,0,18,0,13,0,11,
0,9,0,96,254,59,1,63,254,170,247,102,6,101,6,46,2,206,191,0,186,0,237,0,240,0,98,0,40,0,19,0,13,0,12,
0,9,0,96,254,59,1,63,254,170,247,102,6,184,6,166,1,110,190,0,187,0,237,0,240,0,98,0,40,0,18,0,13,0,11,
0,2,0,109,254,69,1,63,254,170,247,102,6,186,5,154,1,56,189,0,188,0,237,0,240,0,98,0,40,0,19,0,13,0,11,
0,2,0,111,254,89,1,63,254,170,247,102,6,126,5,229,1,246,191,0,188,0,236,0,239,0,98,0,41,0,18,0,13,0,12,
0,237,255,111,254,107,1,63,254,170,247,102,6,126,5,198,1,121,192,0,189,0,235,0,239,0,98,0,41,0,17,0,13,0,11,
0,237,255,130,254,107,1,129,254,171,247,252,5,196,6,198,1,121,192,0,189,0,235,0,238,0,98,0,41,0,19,0,13,0,11,
0,244,255,114,254,96,1,129,254,171,247,252,5,246,5,113,1,186,190,0,190,0,235,0,238,0,97,0,41,0,18,0,13,0,11,
0,190,255,95,254,81,1,129,254,171,247,252,5,50,6,45,1,20,190,0,191,0,235,0,237,0,97,0,41,0,18,0,13,0,11,
0,190,255,95,254,106,1,129,254,171,247,252,5,138,4,222,1,123,191,0,191,0,234,0,236,0,97,0,42,0,19,0,13,0,11,
0,193,255,65,254,106,1,129,254,171,247,252,5,138,4,222,1,123,193,0,191,0,233,0,236,0,97,0,41,0,18,0,13,0,11,
0,203,255,80,254,104,1,129,254,171,247,252,5,171,6,105,1,7,193,0,192,0,233,0,235,0,97,0,41,0,19,0,13,0,11,
0,209,255,95,254,107,1,129,254,171,247,252,5,123,6,28,1,21,189,0,192,0,232,0,235,0,96,0,40,0,18,0,12,0,11,
0,209,255,95,254,107,1,129,254,171,247,252,5,88,4,172,1,212,190,0,193,0,232,0,234,0,95,0,40,0,17,0,12,0,11,
0,197,255,84,254,109,1,129,254,171,247,252,5,88,4,168,1,154,194,0,193,0,232,0,233,0,96,0,41,0,19,0,13,0,11,
0,178,255,99,254,133,1,129,254,171,247,252,5,171,5,168,1,154,194,0,194,0,231,0,232,0,95,0,40,0,18,0,13,0,11,
0,201,255,79,254,133,1,167,254,163,247,96,6,164,6,48,1,144,191,0,194,0,230,0,232,0,95,0,40,0,18,0,13,0,11,
0,201,255,79,254,133,1,167,254,163,247,96,6,126,5,61,1,4,190,0,195,0,230,0,231,0,94,0,40,0,18,0,12,0,11,
0,199,255,63,254,133,1,167,254,163,247,96,6,34,4,141,1,122,191,0,196,0,230,0,230,0,94,0,40,0,18,0,13,0,11,
0,185,255,79,254,150,1,167,254,163,247,96,6,34,4,141,1,239,194,0,196,0,228,0,229,0,94,0,40,0,18,0,13,0,11,
0,177,255,79,254,151,1,167,254,163,247,96,6,58,5,159,1,239,194,0,196,0,228,0,228,0,94,0,44,0,18,0,12,0,11,
0,177,255,72,254,151,1,167,254,163,247,96,6,67,6,248,0,13,191,0,197,0,227,0,227,0,93,0,43,0,19,0,13,0,11,
0,186,255,109,254,151,1,167,254,163,247,96,6,42,5,80,1,109,190,0,197,0,227,0,227,0,93,0,42,0,19,0,13,0,11,
0,162,255,132,254,150,1,167,254,163,247,96,6,71,3,176,1,134,191,0,198,0,227,0,226,0,93,0,42,0,19,0,13,0,11,
0,162,255,132,254,135,1,167,254,163,247,96,6,71,3,176,1,134,191,0,199,0,227,0,226,0,92,0,40,0,18,0,12,0,11,
0,182,255,159,254,135,1,167,254,163,247,96,6,29,5,146,1,89,194,0,199,0,226,0,225,0,92,0,40,0,18,0,13,0,11,
0,187,255,183,254,151,1,167,254,163,247,96,5,155,5,182,0,69,190,0,199,0,225,0,224,0,92,0,40,0,19,0,13,0,11,
0,197,255,202,254,153,1,161,254,130,247,173,5,82,4,62,1,205,190,0,200,0,225,0,223,0,91,0,40,0,20,0,13,0,11,
0,197,255,202,254,153,1,161,254,130,247,173,5,82,4,62,1,215,192,0,200,0,224,0,223,0,91,0,40,0,20,0,14,0,12,
0,162,255,199,254,172,1,161,254,130,247,173,5,240,3,9,2,215,192,0,200,0,224,0,223,0,90,0,39,0,19,0,13,0,11,
0,175,255,199,254,145,1,161,254,130,247,173,5,39,5,138,1,241,192,0,200,0,224,0,222,0,90,0,39,0,19,0,13,0,11,
0,203,255,201,254,115,1,161,254,130,247,173,5,120,5,27,1,54,190,0,200,0,224,0,221,0,90,0,39,0,19,0,13,0,11,
0,203,255,201,254,115,1,161,254,130,247,173,5,130,3,142,1,181,190,0,200,0,224,0,221,0,89,0,38,0,18,0,13,0,11,
0,192,255,212,254,109,1,161,254,130,247,173,5,130,3,142,1,181,190,0,200,0,223,0,221,0,90,0,39,0,18,0,13,0,11,
0,187,255,234,254,116,1,161,254,130,247,173,5,2,4,251,1,83,193,0,200,0,223,0,221,0,89,0,38,0,17,0,12,0,11,
0,187,255,234,254,104,1,161,254,130,247,173,5,49,5,193,1,145,192,0,200,0,223,0,220,0,89,0,38,0,18,0,13,0,11,
0,174,255,13,255,104,1,161,254,130,247,173,5,85,5,29,1,187,189,0,200,0,223,0,220,0,89,0,38,0,19,0,13,0,11,
0,162,255,45,255,112,1,154,254,103,247,20,6,85,5,178,1,99,190,0,200,0,222,0,220,0,89,0,38,0,19,0,13,0,11,
0,187,255,56,255,96,1,154,254,103,247,20,6,122,4,178,1,99,190,0,199,0,222,0,219,0,89,0,38,0,18,0,13,0,11,
0,187,255,56,255,114,1,154,254,103,247,20,6,65,4,104,2,191,192,0,200,0,223,0,220,0,88,0,37,0,17,0,12,0,11,
0,178,255,85,255,114,1,154,254,103,247,20,6,148,5,211,1,14,193,0,199,0,222,0,220,0,88,0,37,0,18,0,13,0,11,
0,188,255,99,255,121,1,154,254,103,247,20,6,168,5,128,1,66,190,0,198,0,222,0,220,0,88,0,38,0,18,0,13,0,11,
0,169,255,108,255,94,1,154,254,103,247,20,6,168,5,128,1,172,189,0,198,0,223,0,221,0,88,0,37,0,17,0,13,0,11,
0,169,255,108,255,94,1,154,254,103,247,20,6,220,4,255,1,172,189,0,198,0,223,0,221,0,88,0,37,0,17,0,12,0,11,
0,158,255,126,255,82,1,154,254,103,247,20,6,35,4,175,2,71,192,0,197,0,222,0,221,0,89,0,38,0,18,0,13,0,12,
0,152,255,145,255,70,1,154,254,103,247,20,6,92,5,48,2,105,193,0,197,0,223,0,222,0,89,0,38,0,18,0,13,0,11,
0,150,255,165,255,55,1,154,254,103,247,20,6,92,5,219,1,141,191,0,196,0,223,0,222,0,89,0,38,0,19,0,13,0,11,
0,150,255,165,255,55,1,98,254,200,247,198,5,95,6,219,1,141,191,0,196,0,223,0,223,0,89,0,37,0,18,0,13,0,11,
0,172,255,190,255,38,1,98,254,200,247,198,5,255,5,38,2,200,190,0,196,0,224,0,223,0,89,0,37,0,17,0,12,0,11,
0,161,255,211,255,34,1,98,254,200,247,198,5,34,5,64,2,61,190,0,195,0,223,0,224,0,89,0,38,0,16,0,13,0,11,
0,161,255,211,255,57,1,98,254,200,247,198,5,4,5,184,2,45,193,0,194,0,224,0,225,0,90,0,37,0,16,0,13,0,11,
0,157,255,200,255,57,1,98,254,200,247,198,5,4,5,184,2,95,192,0,193,0,224,0,225,0,90,0,38,0,17,0,13,0,11,
0,174,255,198,255,69,1,98,254,200,247,198,5,237,6,40,2,95,192,0,193,0,225,0,227,0,90,0,37,0,16,0,12,0,11,
0,195,255,210,255,59,1,98,254,200,247,198,5,146,6,251,1,118,188,0,192,0,225,0,227,0,91,0,38,0,17,0,13,0,11,
0,195,255,210,255,38,1,98,254,200,247,198,5,215,4,212,2,69,191,0,192,0,225,0,228,0,90,0,37,0,16,0,12,0,11,
0,191,255,195,255,38,1,98,254,200,247,198,5,64,6,197,2,173,194,0,191,0,225,0,228,0,91,0,38,0,17,0,12,0,11,
0,190,255,207,255,22,1,98,254,200,247,198,5,64,6,197,2,173,194,0,191,0,225,0,229,0,91,0,38,0,17,0,12,0,11,
0,184,255,249,255,37,1,197,254,130,247,126,6,155,7,200,1,140,190,0,190,0,226,0,230,0,92,0,39,0,17,0,13,0,11,
0,184,255,249,255,37,1,197,254,130,247,126,6,179,6,24,2,70,190,0,189,0,226,0,231,0,92,0,39,0,18,0,13,0,11,
0,210,255,15,0,16,1,197,254,130,247,126,6,14,6,239,2,79,192,0,189,0,227,0,232,0,92,0,38,0,17,0,12,0,11,
0,202,255,255,255,49,1,197,254,130,247,126,6,14,6,98,2,170,193,0,188,0,226,0,232,0,93,0,39,0,17,0,13,0,11,
0,204,255,244,255,29,1,197,254,130,247,126,6,141,7,98,2,170,193,0,187,0,227,0,232,0,93,0,39,0,18,0,13,0,11,
0,204,255,244,255,29,1,197,254,130,247,126,6,34,8,135,1,187,189,0,187,0,227,0,233,0,93,0,39,0,17,0,12,0,12,
0,205,255,245,255,250,0,197,254,130,247,126,6,149,6,7,2,235,190,0,187,0,227,0,234,0,94,0,40,0,18,0,13,0,12,
0,193,255,230,255,254,0,197,254,130,247,126,6,226,6,167,2,88,194,0,186,0,228,0,235,0,94,0,40,0,17,0,13,0,11,
0,193,255,230,255,9,1,197,254,130,247,126,6,226,6,167,2,88,192,0,185,0,227,0,235,0,94,0,40,0,18,0,13,0,11,
0,186,255,247,255,9,1,197,254,130,247,126,6,121,8,252,1,214,192,0,185,0,228,0,235,0,95,0,40,0,18,0,13,0,11,
0,176,255,246,255,26,1,137,254,147,247,91,6,91,7,150,1,131,189,0,185,0,228,0,236,0,94,0,40,0,17,0,12,0,11,
0,201,255,234,255,55,1,137,254,147,247,91,6,211,6,38,2,28,192,0,185,0,228,0,235,0,95,0,40,0,18,0,13,0,11,
0,201,255,234,255,55,1,137,254,147,247,91,6,211,6,63,2,146,193,0,184,0,228,0,236,0,95,0,40,0,18,0,13,0,11,
0,5,0,249,255,37,1,137,254,147,247,91,6,169,7,63,2,146,193,0,184,0,228,0,236,0,95,0,40,0,18,0,13,0,11,
0,230,255,246,255,33,1,137,254,147,247,91,6,228,8,167,1,180,191,0,183,0,228,0,237,0,95,0,40,0,18,0,13,0,11,
0,186,255,16,0,15,1,137,254,147,247,91,6,196,7,183,1,187,190,0,183,0,228,0,237,0,95,0,40,0,18,0,12,0,11,
0,186,255,16,0,15,1,137,254,147,247,91,6,79,7,26,2,249,191,0,183,0,228,0,237,0,96,0,40,0,18,0,13,0,11,
0,187,255,25,0,13,1,137,254,147,247,91,6,79,7,26,2,33,194,0,183,0,229,0,238,0,95,0,40,0,17,0,12,0,11,
0,171,255,224,255,251,0,137,254,147,247,91,6,82,8,22,2,33,194,0,183,0,228,0,237,0,96,0,40,0,18,0,13,0,11,
0,152,255,213,255,1,1,137,254,147,247,91,6,146,8,138,1,255,190,0,183,0,228,0,237,0,96,0,40,0,18,0,13,0,11,
0,152,255,213,255,1,1,137,254,147,247,91,6,199,7,228,1,6,191,0,183,0,228,0,238,0,96,0,40,0,17,0,12,0,11,
0,170,255,197,255,251,0,84,254,221,247,237,5,199,7,102,2,224,192,0,183,0,228,0,238,0,96,0,41,0,18,0,13,0,11,
0,239,255,198,255,27,1,84,254,221,247,237,5,129,7,102,2,224,192,0,183,0,228,0,238,0,96,0,40,0,17,0,12,0,11,
0,239,255,198,255,51,1,84,254,221,247,237,5,20,8,14,2,232,193,0,183,0,227,0,237,0,97,0,41,0,18,0,13,0,11,
0,196,255,204,255,51,1,84,254,221,247,237,5,39,9,170,1,164,191,0,183,0,227,0,237,0,96,0,41,0,19,0,13,0,12,
0,189,255,183,255,50,1,84,254,221,247,237,5,209,7,190,1,123,190,0,184,0,228,0,237,0,96,0,40,0,18,0,12,0,11,
0,191,255,191,255,39,1,84,254,221,247,237,5,209,7,190,1,192,192,0,184,0,227,0,236,0,96,0,41,0,19,0,13,0,12,
0,191,255,191,255,39,1,84,254,221,247,237,5,186,7,80,2,192,192,0,184,0,227,0,237,0,96,0,41,0,18,0,12,0,11,
0,179,255,176,255,33,1,84,254,221,247,237,5,184,8,135,1,22,193,0,184,0,227,0,236,0,96,0,41,0,19,0,13,0,11,
0,123,255,174,255,9,1,84,254,221,247,237,5,143,8,190,1,181,191,0,185,0,226,0,236,0,96,0,41,0,19,0,13,0,11,
0,87,255,173,255,5,1,84,254,221,247,237,5,29,8,238,1,65,191,0,185,0,227,0,236,0,95,0,35,0,17,0,13,0,11,
0,87,255,173,255,5,1,93,254,187,247,151,5,29,8,238,1,65,191,0,185,0,226,0,235,0,96,0,37,0,18,0,13,0,12,
0,184,255,140,255,26,1,93,254,187,247,151,5,198,7,35,2,204,192,0,186,0,226,0,235,0,95,0,37,0,17,0,12,0,11,
0,251,255,169,255,26,1,93,254,187,247,151,5,149,8,10,2,151,193,0,186,0,225,0,234,0,96,0,38,0,17,0,13,0,11,
0,214,255,171,255,58,1,93,254,187,247,151,5,163,8,202,1,36,191,0,187,0,225,0,234,0,95,0,39,0,17,0,13,0,11,
0,214,255,171,255,58,1,93,254,187,247,151,5,163,8,73,2,222,191,0,188,0,225,0,233,0,95,0,39,0,17,0,12,0,11,
0,147,255,154,255,59,1,93,254,187,247,151,5,241,7,73,2,222,191,0,188,0,225,0,233,0,95,0,39,0,17,0,12,0,11,
0,133,255,148,255,71,1,93,254,187,247,151,5,225,7,89,2,41,193,0,189,0,224,0,232,0,95,0,40,0,18,0,13,0,11,
0,133,255,148,255,77,1,93,254,187,247,151,5,209,8,36,2,17,194,0,190,0,224,0,232,0,95,0,40,0,17,0,13,0,11,
0,167,255,151,255,77,1,93,254,187,247,151,5,159,8,20,2,51,191,0,190,0,223,0,230,0,94,0,40,0,18,0,13,0,11,
0,148,255,137,255,90,1,93,254,187,247,151,5,159,8,20,2,53,193,0,191,0,223,0,230,0,93,0,40,0,17,0,12,0,11,
0,126,255,162,255,80,1,138,254,210,247,16,6,245,7,91,2,53,193,0,192,0,223,0,229,0,94,0,40,0,18,0,13,0,11,
0,126,255,162,255,80,1,138,254,210,247,16,6,87,8,34,2,103,193,0,193,0,223,0,229,0,93,0,40,0,17,0,12,0,11,
0,170,255,159,255,86,1,138,254,210,247,16,6,81,8,2,2,179,191,0,193,0,222,0,227,0,93,0,40,0,18,0,13,0,11,
0,174,255,174,255,107,1,138,254,210,247,16,6,81,8,123,2,129,192,0,195,0,222,0,226,0,93,0,40,0,18,0,13,0,11,
0,162,255,166,255,129,1,138,254,210,247,16,6,55,7,123,2,129,192,0,196,0,222,0,226,0,92,0,40,0,17,0,13,0,11,
0,162,255,166,255,129,1,138,254,210,247,16,6,167,8,35,2,126,194,0,196,0,221,0,225,0,92,0,39,0,17,0,13,0,11,
0,163,255,188,255,132,1,138,254,210,247,16,6,242,7,219,1,16,191,0,197,0,220,0,224,0,92,0,40,0,19,0,13,0,12,
0,153,255,172,255,117,1,138,254,210,247,16,6,40,7,103,2,20,192,0,198,0,220,0,223,0,91,0,40,0,20,0,13,0,11,
0,136,255,150,255,128,1,138,254,210,247,16,6,40,7,103,2,3,195,0,200,0,220,0,223,0,91,0,39,0,19,0,13,0,11,
0,136,255,150,255,128,1,138,254,210,247,16,6,123,7,162,2,3,195,0,200,0,220,0,222,0,91,0,39,0,18,0,13,0,11,
0,118,255,170,255,123,1,97,254,132,247,139,6,127,8,11,2,68,193,0,201,0,219,0,221,0,90,0,38,0,18,0,13,0,11,
0,152,255,184,255,82,1,97,254,132,247,139,6,184,7,42,2,188,192,0,201,0,219,0,220,0,90,0,43,0,20,0,13,0,11,
0,152,255,184,255,95,1,97,254,132,247,139,6,178,6,117,2,245,190,0,203,0,219,0,219,0,89,0,41,0,19,0,13,0,11,
0,142,255,196,255,95,1,97,254,132,247,139,6,178,6,117,2,245,190,0,204,0,219,0,219,0,88,0,40,0,18,0,12,0,11,
0,84,255,196,255,113,1,97,254,132,247,139,6,220,7,173,2,60,195,0,205,0,218,0,218,0,88,0,40,0,19,0,12,0,11,
0,59,255,220,255,105,1,97,254,132,247,139,6,68,8,23,2,248,191,0,206,0,218,0,218,0,88,0,39,0,18,0,13,0,11,
0,59,255,220,255,105,1,97,254,132,247,139,6,210,6,94,2,180,190,0,206,0,217,0,216,0,88,0,39,0,19,0,13,0,11,
0,42,255,204,255,112,1,97,254,132,247,139,6,210,6,58,3,44,195,0,207,0,217,0,215,0,87,0,38,0,19,0,13,0,11,
0,76,255,204,255,127,1,97,254,132,247,139,6,129,6,58,3,44,195,0,208,0,217,0,215,0,87,0,38,0,18,0,13,0,11,
0,68,255,226,255,120,1,97,254,132,247,139,6,97,8,195,2,24,193,0,209,0,217,0,214,0,86,0,37,0,17,0,12,0,11,
0,68,255,226,255,120,1,97,254,132,247,139,6,211,7,28,2,213,189,0,209,0,216,0,213,0,87,0,37,0,18,0,13,0,11,
0,60,255,233,255,128,1,149,254,169,247,145,5,185,6,210,2,57,192,0,211,0,216,0,213,0,86,0,36,0,17,0,12,0,11,
0,59,255,223,255,125,1,149,254,169,247,145,5,185,6,210,2,57,195,0,211,0,216,0,211,0,86,0,37,0,18,0,13,0,11,
0,67,255,215,255,145,1,149,254,169,247,145,5,53,7,71,3,14,195,0,212,0,216,0,210,0,85,0,37,0,18,0,13,0,11,
0,67,255,215,255,145,1,149,254,169,247,145,5,182,8,86,2,129,192,0,213,0,216,0,210,0,84,0,36,0,17,0,13,0,11,
0,73,255,214,255,130,1,149,254,169,247,145,5,136,6,214,2,93,190,0,213,0,215,0,209,0,85,0,36,0,18,0,13,0,11,
0,53,255,252,255,92,1,149,254,169,247,145,5,136,6,60,3,47,194,0,214,0,216,0,209,0,84,0,36,0,17,0,13,0,11,
0,53,255,252,255,102,1,149,254,169,247,145,5,223,6,60,3,47,194,0,214,0,215,0,208,0,84,0,36,0,18,0,13,0,12,
0,22,255,8,0,102,1,149,254,169,247,145,5,213,7,187,2,233,192,0,214,0,215,0,207,0,83,0,36,0,16,0,13,0,11,
0,7,255,233,255,95,1,149,254,169,247,145,5,206,6,188,2,35,190,0,215,0,215,0,207,0,83,0,35,0,16,0,12,0,11,
0,37,255,7,0,102,1,149,254,169,247,145,5,202,6,47,3,232,191,0,215,0,215,0,206,0,83,0,36,0,17,0,12,0,12,
0,37,255,7,0,102,1,56,254,254,247,176,5,202,6,47,3,245,192,0,215,0,216,0,206,0,82,0,35,0,16,0,12,0,11,
0,38,255,44,0,117,1,56,254,254,247,176,5,198,6,124,3,245,192,0,216,0,215,0,206,0,83,0,35,0,17,0,12,0,11,
0,30,255,61,0,101,1,56,254,254,247,176,5,159,7,34,3,246,192,0,216,0,215,0,205,0,82,0,35,0,16,0,12,0,11,
0,27,255,63,0,87,1,56,254,254,247,176,5,133,6,231,2,80,190,0,217,0,215,0,205,0,81,0,35,0,16,0,12,0,11,
0,27,255,63,0,87,1,56,254,254,247,176,5,133,7,154,3,153,193,0,217,0,215,0,204,0,81,0,35,0,16,0,12,0,11,
0,27,255,84,0,52,1,56,254,254,247,176,5,8,7,154,3,153,193,0,217,0,216,0,205,0,80,0,34,0,15,0,12,0,10,
0,29,255,111,0,89,1,56,254,254,247,176,5,127,7,89,3,168,191,0,217,0,216,0,204,0,81,0,34,0,16,0,12,0,10,
0,13,255,111,0,116,1,56,254,254,247,176,5,196,6,144,3,87,191,0,217,0,216,0,204,0,81,0,34,0,16,0,12,0,11,
0,13,255,118,0,116,1,56,254,254,247,176,5,254,6,15,4,166,193,0,218,0,216,0,204,0,80,0,34,0,16,0,12,0,11,
0,34,255,117,0,107,1,56,254,254,247,176,5,254,6,15,4,227,189,0,219,0,215,0,204,0,81,0,34,0,16,0,12,0,11,
0,90,255,104,0,106,1,180,254,173,247,75,6,187,7,8,3,227,189,0,219,0,216,0,204,0,80,0,33,0,16,0,12,0,11,
0,90,255,104,0,108,1,180,254,173,247,75,6,79,6,60,3,82,191,0,219,0,215,0,204,0,81,0,34,0,16,0,12,0,11,
0,51,255,146,0,108,1,180,254,173,247,75,6,92,6,6,4,141,192,0,219,0,216,0,204,0,80,0,34,0,16,0,12,0,11,
0,244,254,149,0,120,1,180,254,173,247,75,6,133,7,234,3,225,192,0,219,0,216,0,204,0,80,0,34,0,16,0,12,0,11,
0,24,255,137,0,96,1,180,254,173,247,75,6,133,7,234,3,225,192,0,220,0,216,0,204,0,81,0,34,0,16,0,12,0,11,
0,24,255,137,0,96,1,180,254,173,247,75,6,149,7,67,3,183,189,0,219,0,217,0,204,0,80,0,34,0,16,0,12,0,11,
0,52,255,157,0,71,1,180,254,173,247,75,6,168,6,180,3,175,189,0,219,0,216,0,204,0,81,0,34,0,16,0,12,0,11,
0,18,255,136,0,57,1,180,254,173,247,75,6,147,6,32,4,87,193,0,219,0,216,0,204,0,81,0,34,0,16,0,13,0,11,
0,224,254,144,0,59,1,180,254,173,247,75,6,147,6,94,3,175,191,0,219,0,217,0,205,0,80,0,34,0,16,0,12,0,11,
0,224,254,144,0,59,1,180,254,173,247,75,6,87,8,94,3,175,191,0,219,0,217,0,205,0,81,0,34,0,16,0,12,0,11,
0,234,254,160,0,54,1,95,254,201,247,220,5,70,7,248,2,223,188,0,218,0,217,0,205,0,80,0,34,0,16,0,12,0,11,
0,19,255,141,0,71,1,95,254,201,247,220,5,202,5,12,4,220,191,0,217,0,217,0,205,0,81,0,34,0,16,0,12,0,11,
0,47,255,141,0,55,1,95,254,201,247,220,5,8,8,253,3,195,194,0,217,0,217,0,206,0,81,0,34,0,16,0,12,0,11,
0,47,255,176,0,55,1,95,254,201,247,220,5,8,8,253,3,186,188,0,217,0,217,0,206,0,81,0,34,0,16,0,12,0,11,
0,49,255,171,0,25,1,95,254,201,247,220,5,68,7,24,3,186,188,0,217,0,217,0,207,0,81,0,34,0,16,0,12,0,11,
0,24,255,189,0,26,1,95,254,201,247,220,5,226,5,217,3,118,191,0,216,0,217,0,208,0,81,0,33,0,17,0,12,0,11,
0,24,255,189,0,31,1,95,254,201,247,220,5,195,6,245,3,240,193,0,215,0,217,0,208,0,81,0,34,0,17,0,12,0,11,
0,5,255,195,0,31,1,95,254,201,247,220,5,195,6,102,3,235,190,0,215,0,217,0,208,0,81,0,34,0,17,0,12,0,11,
0,66,255,202,0,1,1,95,254,201,247,220,5,237,7,102,3,235,190,0,215,0,217,0,209,0,82,0,34,0,16,0,12,0,11,
0,81,255,214,0,2,1,95,254,201,247,220,5,169,6,92,3,232,189,0,214,0,217,0,209,0,82,0,35,0,17,0,13,0,11,
0,81,255,214,0,2,1,95,254,201,247,220,5,180,6,213,3,193,192,0,214,0,217,0,211,0,82,0,34,0,16,0,12,0,11,
0,63,255,223,0,247,0,94,254,194,247,36,7,42,7,155,3,247,192,0,213,0,217,0,210,0,83,0,35,0,17,0,13,0,11,
0,11,255,234,0,4,1,94,254,194,247,36,7,42,7,155,3,51,191,0,212,0,217,0,211,0,83,0,35,0,17,0,13,0,11,
0,254,254,224,0,22,1,94,254,194,247,36,7,217,7,59,3,51,191,0,212,0,218,0,212,0,83,0,35,0,17,0,12,0,11,
0,254,254,224,0,22,1,94,254,194,247,36,7,41,7,115,3,70,190,0,211,0,218,0,212,0,83,0,35,0,16,0,12,0,11,
0,254,254,227,0,246,0,94,254,194,247,36,7,100,6,105,3,186,190,0,210,0,217,0,212,0,84,0,36,0,18,0,13,0,11,
0,31,255,22,1,238,0,94,254,194,247,36,7,98,6,225,3,251,192,0,210,0,217,0,213,0,84,0,35,0,17,0,12,0,11,
0,38,255,22,1,226,0,94,254,194,247,36,7,98,6,225,3,251,192,0,209,0,218,0,213,0,84,0,36,0,18,0,13,0,11,
0,38,255,26,1,226,0,94,254,194,247,36,7,168,7,54,3,88,192,0,209,0,218,0,214,0,84,0,35,0,17,0,12,0,11,
0,32,255,29,1,190,0,94,254,194,247,36,7,130,7,189,2,47,189,0,208,0,219,0,214,0,84,0,35,0,17,0,12,0,11,
0,37,255,48,1,175,0,94,254,194,247,36,7,228,5,152,3,120,190,0,207,0,218,0,214,0,84,0,36,0,18,0,13,0,11,
0,37,255,48,1,152,0,76,254,200,247,217,5,228,5,32,4,3,193,0,207,0,218,0,214,0,84,0,36,0,17,0,12,0,11,
0,29,255,45,1,152,0,76,254,200,247,217,5,169,6,32,4,3,193,0,206,0,218,0,214,0,85,0,36,0,18,0,13,0,11,
0,49,255,59,1,151,0,76,254,200,247,217,5,7,8,195,3,218,192,0,206,0,218,0,214,0,84,0,36,0,17,0,12,0,11,
0,53,255,57,1,153,0,76,254,200,247,217,5,64,8,26,3,200,189,0,206,0,219,0,214,0,85,0,35,0,18,0,13,0,11,
0,53,255,57,1,153,0,76,254,200,247,217,5,172,6,190,3,81,189,0,206,0,219,0,214,0,84,0,35,0,16,0,12,0,10,
0,22,255,67,1,139,0,76,254,200,247,217,5,172,6,190,3,81,192,0,204,0,219,0,214,0,85,0,35,0,17,0,12,0,11,
0,236,254,47,1,142,0,76,254,200,247,217,5,124,6,218,3,125,192,0,204,0,219,0,213,0,85,0,31,0,17,0,13,0,12,
0,239,254,43,1,136,0,76,254,200,247,217,5,81,8,238,3,55,193,0,204,0,220,0,214,0,84,0,31,0,16,0,12,0,11,
0,239,254,43,1,136,0,76,254,200,247,217,5,231,7,94,3,159,189,0,203,0,219,0,213,0,85,0,33,0,17,0,13,0,11,
0,39,255,34,1,125,0,76,254,200,247,217,5,231,7,236,3,193,189,0,203,0,220,0,214,0,84,0,33,0,16,0,12,0,11,
0,31,255,12,1,97,0,80,254,190,247,70,5,186,6,236,3,193,189,0,203,0,220,0,213,0,84,0,34,0,17,0,12,0,11,
0,31,255,12,1,71,0,80,254,190,247,70,5,234,6,101,4,234,191,0,203,0,220,0,213,0,85,0,35,0,17,0,13,0,12,
0,41,255,2,1,71,0,80,254,190,247,70,5,18,8,11,4,3,192,0,203,0,221,0,213,0,84,0,35,0,16,0,12,0,11,
0,31,255,5,1,70,0,80,254,190,247,70,5,72,8,78,3,158,188,0,202,0,221,0,212,0,85,0,35,0,17,0,13,0,11,
0,5,255,253,0,86,0,80,254,190,247,70,5,72,8,78,3,255,190,0,202,0,222,0,212,0,84,0,35,0,17,0,12,0,11,
0,5,255,253,0,111,0,80,254,190,247,70,5,80,6,132,4,255,190,0,201,0,222,0,212,0,85,0,36,0,17,0,12,0,11,
0,9,255,219,0,111,0,80,254,190,247,70,5,220,7,96,4,11,192,0,201,0,222,0,212,0,85,0,36,0,18,0,13,0,12,
0,7,255,196,0,92,0,80,254,190,247,70,5,112,8,27,4,180,189,0,201,0,222,0,212,0,85,0,36,0,18,0,13,0,11,
0,42,255,192,0,82,0,80,254,190,247,70,5,112,7,78,4,214,188,0,201,0,222,0,212,0,85,0,36,0,17,0,13,0,11,
0,42,255,192,0,82,0,80,254,190,247,70,5,146,7,78,4,214,188,0,201,0,223,0,212,0,84,0,35,0,16,0,12,0,11,
0,29,255,182,0,95,0,53,254,154,247,88,6,105,7,171,4,40,190,0,200,0,223,0,212,0,84,0,36,0,17,0,12,0,11,
0,21,255,156,0,40,0,53,254,154,247,88,6,212,7,211,4,194,191,0,200,0,222,0,212,0,85,0,36,0,18,0,13,0,11,
0,21,255,137,0,28,0,53,254,154,247,88,6,238,8,104,4,206,189,0,200,0,223,0,212,0,84,0,35,0,17,0,12,0,11,
0,21,255,137,0,28,0,53,254,154,247,88,6,238,8,104,4,160,188,0,200,0,223,0,213,0,84,0,35,0,17,0,12,0,11,
0,14,255,118,0,26,0,53,254,154,247,88,6,205,7,23,4,160,188,0,200,0,223,0,212,0,84,0,36,0,18,0,13,0,11,
0,27,255,106,0,13,0,53,254,154,247,88,6,26,7,224,4,44,191,0,200,0,224,0,213,0,84,0,35,0,17,0,12,0,10,
0,27,255,106,0,44,0,53,254,154,247,88,6,184,8,78,4,111,190,0,199,0,224,0,213,0,85,0,36,0,17,0,13,0,11,
0,34,255,89,0,44,0,53,254,154,247,88,6,200,7,172,4,172,188,0,200,0,224,0,214,0,84,0,35,0,17,0,12,0,11,
0,57,255,73,0,50,0,53,254,154,247,88,6,200,7,172,4,172,188,0,200,0,224,0,214,0,84,0,39,0,17,0,12,0,10,
0,31,255,58,0,8,0,53,254,154,247,88,6,30,8,219,4,237,190,0,200,0,224,0,214,0,85,0,39,0,18,0,12,0,11,
0,31,255,58,0,4,0,53,254,205,247,181,4,147,8,131,4,131,189,0,199,0,224,0,214,0,85,0,38,0,18,0,12,0,11,
0,46,255,49,0,4,0,8,254,205,247,181,4,146,8,152,4,38,190,0,200,0,224,0,215,0,86,0,38,0,18,0,13,0,11,
0,30,255,37,0,235,255,8,254,205,247,181,4,146,8,109,4,17,189,0,200,0,225,0,215,0,85,0,37,0,17,0,12,0,11,
0,52,255,11,0,241,255,8,254,205,247,181,4,53,8,109,4,17,189,0,200,0,225,0,215,0,85,0,37,0,19,0,13,0,12,
0,52,255,11,0,241,255,8,254,205,247,181,4,30,8,149,4,30,189,0,200,0,225,0,216,0,85,0,36,0,17,0,12,0,11,
0,85,255,2,0,223,255,8,254,205,247,181,4,37,8,164,4,214,189,0,200,0,224,0,216,0,86,0,37,0,18,0,13,0,12,
0,125,255,5,0,212,255,8,254,205,247,181,4,134,8,120,4,209,189,0,200,0,224,0,216,0,86,0,37,0,18,0,13,0,11,
0,173,255,218,255,190,255,8,254,205,247,181,4,134,8,120,4,57,188,0,200,0,224,0,217,0,86,0,36,0,17,0,12,0,11,
0,173,255,218,255,190,255,8,254,205,247,181,4,247,7,74,4,57,188,0,200,0,224,0,217,0,86,0,37,0,18,0,13,0,11,
0,199,255,219,255,161,255,8,254,205,247,181,4,155,7,211,4,44,189,0,200,0,224,0,217,0,86,0,36,0,17,0,12,0,11,
0,131,255,229,255,154,255,8,254,205,247,181,4,62,8,166,4,220,189,0,200,0,224,0,217,0,86,0,36,0,18,0,12,0,11,
0,131,255,229,255,147,255,35,254,217,247,215,5,62,8,52,4,169,189,0,200,0,224,0,217,0,86,0,36,0,18,0,13,0,11,
0,91,255,212,255,147,255,35,254,217,247,215,5,252,7,52,4,169,189,0,200,0,223,0,218,0,87,0,37,0,18,0,13,0,11,
0,143,255,185,255,138,255,35,254,217,247,215,5,68,8,255,3,171,188,0,200,0,224,0,218,0,87,0,36,0,18,0,13,0,11,
0,159,255,148,255,132,255,35,254,217,247,215,5,187,7,84,4,62,188,0,200,0,224,0,219,0,86,0,36,0,17,0,12,0,11,
0,159,255,148,255,132,255,35,254,217,247,215,5,243,6,174,4,141,189,0,200,0,223,0,219,0,87,0,37,0,18,0,13,0,11,
0,134,255,123,255,130,255,35,254,217,247,215,5,243,6,174,4,144,191,0,200,0,223,0,219,0,87,0,37,0,17,0,13,0,11,
0,101,255,129,255,128,255,35,254,217,247,215,5,186,7,162,4,144,191,0,200,0,224,0,219,0,87,0,36,0,17,0,12,0,11,
0,94,255,118,255,141,255,35,254,217,247,215,5,132,7,180,3,89,187,0,200,0,223,0,219,0,87,0,37,0,18,0,13,0,11,
0,94,255,118,255,141,255,35,254,217,247,215,5,38,7,149,4,192,189,0,200,0,224,0,220,0,87,0,36,0,17,0,12,0,11,
0,133,255,111,255,138,255,35,254,217,247,215,5,249,7,192,3,23,189,0,200,0,223,0,220,0,87,0,37,0,17,0,12,0,11,
0,123,255,110,255,116,255,86,254,175,247,225,5,249,7,192,3,23,189,0,200,0,223,0,220,0,87,0,37,0,18,0,13,0,11,
0,108,255,104,255,96,255,86,254,175,247,225,5,149,7,37,4,200,189,0,200,0,224,0,220,0,87,0,37,0,17,0,12,0,11,
0,108,255,104,255,96,255,86,254,175,247,225,5,97,7,24,4,115,189,0,200,0,224,0,220,0,87,0,36,0,17,0,12,0,11,
0,112,255,72,255,108,255,86,254,175,247,225,5,52,7,37,4,27,189,0,199,0,223,0,220,0,88,0,38,0,18,0,13,0,12,
0,119,255,71,255,94,255,86,254,175,247,225,5,52,7,11,4,117,189,0,199,0,223,0,220,0,88,0,37,0,18,0,13,0,11,
0,119,255,71,255,79,255,86,254,175,247,225,5,73,7,11,4,117,189,0,199,0,223,0,220,0,88,0,38,0,18,0,13,0,11,
0,139,255,88,255,79,255,86,254,175,247,225,5,169,7,210,3,2,189,0,199,0,223,0,220,0,88,0,37,0,18,0,13,0,11,
0,144,255,50,255,57,255,86,254,175,247,225,5,155,7,22,4,103,188,0,199,0,223,0,220,0,88,0,37,0,17,0,13,0,11,
0,135,255,46,255,44,255,86,254,175,247,225,5,225,6,164,4,36,189,0,198,0,223,0,219,0,88,0,38,0,18,0,13,0,11,
0,135,255,46,255,44,255,86,254,175,247,225,5,225,6,164,4,36,189,0,198,0,223,0,219,0,88,0,37,0,18,0,13,0,11,
0,89,255,49,255,39,255,94,254,175,247,49,6,83,7,68,4,141,189,0,198,0,222,0,219,0,88,0,37,0,18,0,13,0,11,
0,126,255,37,255,0,255,94,254,175,247,49,6,89,7,63,4,91,190,0,198,0,223,0,219,0,88,0,37,0,17,0,12,0,11,
0,169,255,26,255,253,254,94,254,175,247,49,6,28,8,42,4,54,189,0,198,0,222,0,219,0,87,0,36,0,17,0,12,0,11,
0,169,255,26,255,253,254,94,254,175,247,49,6,28,8,8,4,137,187,0,197,0,222,0,218,0,88,0,37,0,18,0,13,0,11,
0,189,255,5,255,242,254,94,254,175,247,49,6,71,7,8,4,137,187,0,197,0,222,0,218,0,87,0,37,0,18,0,13,0,11,
0,175,255,236,254,230,254,94,254,175,247,49,6,173,6,106,4,155,189,0,197,0,222,0,218,0,87,0,37,0,18,0,13,0,11,
0,158,255,230,254,223,254,94,254,175,247,49,6,47,7,159,4,165,190,0,198,0,222,0,218,0,87,0,37,0,17,0,12,0,11,
0,158,255,230,254,223,254,94,254,175,247,49,6,86,8,76,4,45,188,0,198,0,222,0,217,0,87,0,37,0,17,0,12,0,11,
0,185,255,210,254,221,254,94,254,175,247,49,6,86,8,76,4,194,187,0,197,0,222,0,217,0,87,0,37,0,18,0,13,0,11,
0,168,255,203,254,236,254,94,254,175,247,49,6,48,7,83,4,194,187,0,197,0,222,0,217,0,87,0,37,0,17,0,13,0,11,
0,168,255,203,254,228,254,45,254,6,248,39,6,195,6,230,4,188,189,0,198,0,221,0,217,0,87,0,37,0,18,0,13,0,11,
0,187,255,203,254,228,254,45,254,6,248,39,6,226,7,192,4,57,190,0,198,0,221,0,216,0,87,0,37,0,18,0,13,0,11,
0,203,255,184,254,200,254,45,254,6,248,39,6,226,8,68,4,135,187,0,198,0,221,0,216,0,87,0,37,0,18,0,13,0,11,
0,229,255,173,254,178,254,45,254,6,248,39,6,12,8,68,4,135,187,0,198,0,222,0,217,0,86,0,37,0,17,0,12,0,11,
0,229,255,173,254,178,254,45,254,6,248,39,6,115,7,170,4,47,188,0,198,0,221,0,216,0,87,0,37,0,18,0,13,0,11,
0,14,0,166,254,178,254,45,254,6,248,39,6,138,6,242,4,218,188,0,199,0,221,0,216,0,87,0,37,0,18,0,13,0,12,
0,4,0,169,254,192,254,45,254,6,248,39,6,223,7,203,4,49,190,0,200,0,221,0,216,0,86,0,36,0,17,0,12,0,11,
0,230,255,191,254,160,254,45,254,6,248,39,6,223,7,203,4,162,188,0,200,0,220,0,215,0,86,0,37,0,18,0,13,0,11,
0,230,255,191,254,160,254,45,254,6,248,39,6,28,8,206,4,162,188,0,200,0,221,0,215,0,86,0,36,0,17,0,12,0,11,
0,239,255,185,254,107,254,45,254,6,248,39,6,106,7,210,4,141,186,0,200,0,220,0,215,0,86,0,37,0,18,0,12,0,11,
0,232,255,181,254,82,254,45,254,6,248,39,6,31,7,235,4,14,188,0,201,0,220,0,214,0,86,0,37,0,18,0,13,0,11,
0,7,0,154,254,87,254,116,254,196,247,144,6,11,7,104,5,200,189,0,201,0,220,0,214,0,85,0,36,0,17,0,12,0,11,
0,7,0,154,254,87,254,116,254,196,247,144,6,11,7,104,5,200,189,0,202,0,220,0,214,0,86,0,36,0,18,0,13,0,11,
0,11,0,169,254,117,254,116,254,196,247,144,6,243,7,26,5,222,188,0,203,0,220,0,214,0,85,0,36,0,17,0,12,0,10,
0,1,0,136,254,107,254,116,254,196,247,144,6,54,8,248,4,62,187,0,203,0,220,0,213,0,85,0,36,0,17,0,12,0,11,
0,1,0,136,254,88,254,116,254,196,247,144,6,205,7,37,5,184,185,0,203,0,220,0,213,0,85,0,36,0,18,0,13,0,11,
0,50,0,125,254,88,254,116,254,196,247,144,6,205,7,112,5,89,187,0,203,0,220,0,213,0,85,0,36,0,17,0,12,0,11,
0,61,0,116,254,83,254,116,254,196,247,144,6,172,6,112,5,89,187,0,204,0,220,0,212,0,85,0,36,0,18,0,13,0,11,
0,62,0,134,254,88,254,116,254,196,247,144,6,125,7,154,5,153,189,0,205,0,220,0,212,0,84,0,35,0,17,0,12,0,11,
0,62,0,134,254,88,254,116,254,196,247,144,6,213,8,54,5,133,188,0,205,0,220,0,212,0,85,0,36,0,18,0,13,0,11,
0,74,0,127,254,80,254,116,254,196,247,144,6,222,7,214,4,110,185,0,206,0,220,0,211,0,85,0,36,0,18,0,13,0,11,
0,88,0,107,254,75,254,65,254,252,247,144,5,222,7,214,4,110,187,0,206,0,220,0,211,0,84,0,36,0,18,0,13,0,11,
0,67,0,103,254,37,254,65,254,252,247,144,5,66,7,75,5,214,187,0,207,0,220,0,211,0,84,0,36,0,18,0,13,0,12,
0,67,0,103,254,37,254,65,254,252,247,144,5,141,6,8,6,4,189,0,208,0,220,0,211,0,84,0,35,0,17,0,12,0,11,
0,59,0,109,254,30,254,65,254,252,247,144,5,231,7,106,5,38,188,0,208,0,220,0,210,0,84,0,30,0,17,0,13,0,12,
0,129,0,107,254,25,254,65,254,252,247,144,5,231,7,243,4,25,186,0,208,0,220,0,209,0,84,0,32,0,17,0,13,0,12,
0,163,0,72,254,26,254,65,254,252,247,144,5,233,7,243,4,25,186,0,208,0,220,0,209,0,83,0,33,0,17,0,13,0,12,
0,163,0,72,254,26,254,65,254,252,247,144,5,156,6,88,5,89,186,0,209,0,220,0,209,0,83,0,33,0,17,0,13,0,12,
0,145,0,46,254,31,254,65,254,252,247,144,5,136,6,240,5,78,189,0,209,0,220,0,209,0,83,0,33,0,16,0,12,0,11,
0,134,0,255,253,1,254,65,254,252,247,144,5,50,8,64,5,225,188,0,209,0,220,0,209,0,83,0,34,0,16,0,12,0,11,
0,134,0,255,253,234,253,65,254,252,247,144,5,50,8,64,5,65,184,0,209,0,220,0,208,0,83,0,35,0,17,0,13,0,11,
0,133,0,249,253,234,253,61,254,247,247,26,6,139,7,218,4,65,184,0,210,0,220,0,209,0,83,0,34,0,16,0,12,0,11,
0,109,0,254,253,222,253,61,254,247,247,26,6,106,6,128,5,171,187,0,210,0,220,0,209,0,82,0,34,0,16,0,12,0,11,
0,132,0,2,254,230,253,61,254,247,247,26,6,141,6,204,5,126,189,0,209,0,220,0,208,0,83,0,35,0,17,0,13,0,11,
0,132,0,2,254,230,253,61,254,247,247,26,6,114,8,42,5,152,188,0,209,0,220,0,209,0,83,0,34,0,17,0,12,0,11,
0,135,0,241,253,231,253,61,254,247,247,26,6,114,8,42,5,152,188,0,209,0,220,0,208,0,83,0,35,0,17,0,12,0,11,
0,162,0,227,253,192,253,61,254,247,247,26,6,115,7,237,4,121,185,0,209,0,220,0,209,0,82,0,34,0,16,0,12,0,11,
0,189,0,223,253,161,253,61,254,247,247,26,6,1,6,243,5,68,186,0,209,0,220,0,208,0,83,0,35,0,17,0,13,0,11,
0,189,0,223,253,161,253,61,254,247,247,26,6,236,6,152,5,130,190,0,209,0,220,0,209,0,82,0,34,0,16,0,12,0,11,
0,169,0,207,253,175,253,61,254,247,247,26,6,236,6,152,4,21,186,0,208,0,220,0,209,0,83,0,35,0,17,0,12,0,11,
0,171,0,214,253,190,253,61,254,247,247,26,6,230,7,180,4,21,186,0,208,0,220,0,209,0,83,0,35,0,17,0,13,0,11,
0,186,0,214,253,179,253,124,254,192,247,15,6,113,6,49,5,208,185,0,208,0,220,0,209,0,82,0,35,0,17,0,12,0,11,
0,186,0,168,253,179,253,124,254,192,247,15,6,78,6,93,5,21,188,0,208,0,220,0,209,0,83,0,35,0,17,0,13,0,12,
0,170,0,139,253,159,253,124,254,192,247,15,6,167,6,66,5,201,189,0,208,0,220,0,210,0,83,0,35,0,17,0,12,0,11,
0,118,0,160,253,167,253,124,254,192,247,15,6,167,6,66,5,201,189,0,208,0,220,0,210,0,83,0,35,0,17,0,12,0,11,
0,118,0,160,253,144,253,124,254,192,247,15,6,220,7,214,4,217,187,0,208,0,220,0,211,0,83,0,35,0,18,0,13,0,11,
0,153,0,157,253,144,253,124,254,192,247,15,6,230,6,85,5,221,185,0,207,0,220,0,211,0,84,0,40,0,18,0,12,0,11,
0,155,0,158,253,164,253,124,254,192,247,15,6,94,6,132,5,131,186,0,207,0,220,0,211,0,84,0,39,0,18,0,12,0,11,
0,196,0,156,253,147,253,124,254,192,247,15,6,94,6,238,5,155,189,0,207,0,221,0,212,0,83,0,37,0,17,0,12,0,11,
0,196,0,156,253,147,253,124,254,192,247,15,6,69,6,238,5,155,189,0,206,0,221,0,212,0,84,0,37,0,18,0,13,0,11,
0,212,0,147,253,91,253,124,254,192,247,15,6,34,8,20,5,56,188,0,206,0,221,0,213,0,84,0,37,0,18,0,13,0,11,
0,192,0,124,253,73,253,124,254,192,247,15,6,160,6,67,5,40,185,0,206,0,222,0,214,0,84,0,36,0,17,0,12,0,11,
0,193,0,129,253,74,253,117,254,206,247,53,6,28,6,210,5,54,189,0,205,0,221,0,213,0,84,0,36,0,18,0,13,0,11,
0,193,0,129,253,74,253,117,254,206,247,53,6,28,6,210,5,34,190,0,205,0,222,0,214,0,84,0,36,0,17,0,12,0,11,
0,205,0,114,253,70,253,117,254,206,247,53,6,112,7,141,5,34,190,0,204,0,222,0,214,0,85,0,36,0,18,0,13,0,11,
0,192,0,103,253,81,253,117,254,206,247,53,6,138,7,27,5,94,186,0,204,0,222,0,215,0,85,0,36,0,17,0,13,0,11,
0,191,0,103,253,50,253,117,254,206,247,53,6,170,5,116,5,35,186,0,203,0,222,0,215,0,85,0,36,0,18,0,13,0,11,
0,191,0,112,253,50,253,117,254,206,247,53,6,170,5,216,5,245,189,0,203,0,222,0,215,0,85,0,36,0,18,0,13,0,11,
0,186,0,118,253,59,253,117,254,206,247,53,6,193,6,216,5,245,189,0,203,0,222,0,216,0,85,0,36,0,17,0,12,0,11,
0,194,0,99,253,44,253,117,254,206,247,53,6,130,7,87,5,201,188,0,202,0,222,0,216,0,86,0,36,0,18,0,13,0,11,
0,194,0,99,253,26,253,117,254,206,247,53,6,251,7,250,4,189,186,0,202,0,222,0,217,0,86,0,36,0,17,0,13,0,11,
0,219,0,84,253,26,253,117,254,206,247,53,6,245,6,59,5,227,185,0,201,0,222,0,217,0,86,0,36,0,18,0,13,0,11,
0,234,0,55,253,41,253,170,254,236,247,10,6,245,6,59,5,73,189,0,201,0,222,0,217,0,86,0,36,0,18,0,13,0,12,
0,226,0,74,253,26,253,170,254,236,247,10,6,181,6,161,5,73,189,0,201,0,222,0,218,0,86,0,36,0,17,0,12,0,11,
0,226,0,74,253,26,253,170,254,236,247,10,6,222,7,94,5,112,190,0,200,0,222,0,217,0,86,0,36,0,17,0,12,0,11,
0,234,0,76,253,33,253,170,254,236,247,10,6,242,7,98,4,209,184,0,200,0,222,0,218,0,87,0,36,0,18,0,13,0,11,
0,237,0,29,253,39,253,170,254,236,247,10,6,182,6,86,5,102,188,0,200,0,223,0,218,0,86,0,36,0,17,0,12,0,11,
0,236,0,7,253,33,253,170,254,236,247,10,6,182,6,86,5,102,188,0,200,0,222,0,218,0,87,0,37,0,18,0,13,0,11,
0,236,0,7,253,33,253,170,254,236,247,10,6,165,7,37,5,155,189,0,200,0,223,0,218,0,86,0,36,0,17,0,12,0,11,
0,245,0,35,253,38,253,170,254,236,247,10,6,163,7,136,4,2,187,0,199,0,223,0,218,0,87,0,37,0,17,0,12,0,11,
0,16,1,35,253,12,253,170,254,236,247,10,6,87,6,32,5,245,187,0,199,0,222,0,218,0,87,0,37,0,18,0,13,0,11,
0,26,1,35,253,249,252,170,254,236,247,10,6,87,6,8,5,158,188,0,199,0,223,0,219,0,86,0,36,0,17,0,12,0,11,
0,26,1,1,253,249,252,141,254,42,248,91,6,222,7,8,5,158,188,0,199,0,223,0,218,0,87,0,37,0,18,0,13,0,11,
0,14,1,252,252,250,252,141,254,42,248,91,6,19,7,246,4,140,187,0,199,0,223,0,219,0,87,0,36,0,17,0,12,0,11,
0,253,0,250,252,242,252,141,254,42,248,91,6,72,6,100,5,242,188,0,199,0,223,0,219,0,87,0,37,0,17,0,12,0,11,
0,253,0,250,252,4,253,141,254,42,248,91,6,123,7,45,5,97,189,0,198,0,223,0,219,0,87,0,37,0,18,0,13,0,11,
0,7,1,230,252,4,253,141,254,42,248,91,6,123,7,45,5,97,186,0,199,0,223,0,219,0,87,0,36,0,17,0,13,0,11,
0,16,1,233,252,196,252,141,254,42,248,91,6,0,8,169,4,29,186,0,199,0,224,0,220,0,87,0,36,0,17,0,12,0,11,
0,247,0,218,252,196,252,141,254,42,248,91,6,63,6,135,5,99,187,0,198,0,223,0,219,0,87,0,37,0,18,0,13,0,11,
0,247,0,218,252,196,252,141,254,42,248,91,6,201,7,70,5,232,189,0,198,0,224,0,220,0,87,0,37,0,17,0,12,0,11,
0,230,0,199,252,199,252,141,254,42,248,91,6,201,7,98,4,120,186,0,198,0,224,0,220,0,88,0,37,0,18,0,13,0,11,
0,7,1,181,252,205,252,141,254,42,248,91,6,110,8,98,4,120,186,0,198,0,224,0,220,0,88,0,37,0,18,0,13,0,11,
0,10,1,157,252,195,252,213,254,28,248,87,5,240,6,187,4,35,186,0,198,0,224,0,220,0,88,0,37,0,18,0,13,0,11,
0,10,1,157,252,195,252,213,254,28,248,87,5,127,6,59,5,91,189,0,198,0,225,0,221,0,88,0,36,0,17,0,13,0,11,
0,255,0,154,252,171,252,213,254,28,248,87,5,100,8,217,4,68,189,0,197,0,225,0,220,0,88,0,37,0,18,0,13,0,12,
0,2,1,144,252,179,252,213,254,28,248,87,5,100,8,217,4,251,184,0,197,0,225,0,221,0,88,0,37,0,18,0,13,0,12,
0,2,1,144,252,190,252,213,254,28,248,87,5,250,7,55,4,251,184,0,197,0,226,0,221,0,88,0,37,0,18,0,13,0,11,
0,86,1,101,252,190,252,213,254,28,248,87,5,116,6,1,5,124,186,0,197,0,226,0,221,0,88,0,37,0,17,0,12,0,11,
0,44,1,86,252,189,252,213,254,28,248,87,5,197,6,150,5,206,189,0,196,0,226,0,221,0,89,0,38,0,18,0,13,0,12,
0,242,0,75,252,152,252,213,254,28,248,87,5,178,8,238,4,72,188,0,196,0,226,0,221,0,88,0,37,0,17,0,12,0,11,
0,242,0,75,252,104,252,213,254,28,248,87,5,178,8,238,4,72,188,0,195,0,226,0,221,0,89,0,38,0,18,0,13,0,11,
0,32,1,31,252,104,252,213,254,28,248,87,5,171,7,159,4,116,185,0,195,0,227,0,222,0,88,0,37,0,17,0,12,0,11,
0,67,1,36,252,96,252,213,254,28,248,56,6,132,6,236,4,255,185,0,195,0,227,0,222,0,88,0,37,0,17,0,12,0,11,
0,65,1,27,252,84,252,244,254,248,247,56,6,236,6,121,5,153,189,0,194,0,227,0,222,0,89,0,37,0,18,0,13,0,11,
0,65,1,27,252,84,252,244,254,248,247,56,6,236,6,121,5,50,189,0,194,0,227,0,222,0,89,0,37,0,17,0,12,0,11,
0,74,1,22,252,51,252,244,254,248,247,56,6,64,8,18,5,50,189,0,193,0,227,0,222,0,89,0,37,0,18,0,13,0,11,
0,95,1,241,251,45,252,244,254,248,247,56,6,30,8,98,4,112,185,0,193,0,228,0,223,0,89,0,37,0,17,0,12,0,11,
0,107,1,224,251,56,252,244,254,248,247,56,6,58,6,228,4,44,186,0,192,0,228,0,222,0,89,0,37,0,18,0,13,0,11,
0,107,1,224,251,56,252,244,254,248,247,56,6,109,7,26,5,248,189,0,192,0,229,0,223,0,89,0,37,0,17,0,12,0,11,
0,91,1,232,251,46,252,244,254,248,247,56,6,109,7,26,5,248,189,0,192,0,229,0,223,0,89,0,37,0,18,0,12,0,11,
0,110,1,217,251,31,252,244,254,248,247,56,6,175,8,155,4,12,188,0,191,0,229,0,223,0,89,0,38,0,18,0,13,0,11,
0,110,1,217,251,3,252,244,254,248,247,56,6,164,7,74,4,13,185,0,191,0,230,0,225,0,89,0,37,0,16,0,12,0,12,
0,140,1,188,251,3,252,244,254,248,247,56,6,253,5,80,5,231,187,0,191,0,230,0,225,0,90,0,38,0,17,0,13,0,12,
0,145,1,165,251,249,251,152,254,117,248,121,5,253,5,178,4,123,189,0,191,0,230,0,226,0,90,0,38,0,16,0,12,0,11,
0,119,1,124,251,238,251,152,254,117,248,121,5,26,8,178,4,123,189,0,190,0,231,0,226,0,90,0,38,0,17,0,12,0,11,
0,119,1,124,251,229,251,152,254,117,248,121,5,34,8,16,4,103,186,0,190,0,230,0,227,0,91,0,38,0,17,0,13,0,11,
0,147,1,131,251,229,251,152,254,117,248,121,5,146,7,105,4,55,186,0,189,0,231,0,228,0,91,0,38,0,17,0,12,0,12,
0,156,1,139,251,206,251,152,254,117,248,121,5,8,7,246,4,240,188,0,189,0,231,0,228,0,91,0,38,0,17,0,12,0,11,
0,145,1,129,251,212,251,152,254,117,248,121,5,8,7,246,4,160,188,0,188,0,231,0,228,0,92,0,39,0,18,0,13,0,11,
0,145,1,129,251,212,251,152,254,117,248,121,5,162,7,119,4,160,188,0,188,0,231,0,229,0,91,0,38,0,17,0,12,0,11,
0,150,1,104,251,229,251,152,254,117,248,121,5,141,7,251,3,122,186,0,188,0,231,0,229,0,92,0,39,0,17,0,13,0,11,
0,142,1,121,251,191,251,152,254,117,248,121,5,109,6,56,4,153,187,0,188,0,232,0,230,0,92,0,39,0,17,0,13,0,11,
0,126,1,101,251,199,251,152,254,117,248,121,5,109,6,86,4,14,189,0,187,0,231,0,230,0,92,0,39,0,18,0,13,0,11,
0,126,1,101,251,199,251,207,254,96,248,223,5,233,7,86,4,14,189,0,188,0,232,0,231,0,92,0,33,0,16,0,12,0,11,
0,147,1,64,251,209,251,207,254,96,248,223,5,160,7,51,4,70,189,0,187,0,232,0,231,0,92,0,35,0,17,0,13,0,11,
0,167,1,25,251,200,251,207,254,96,248,223,5,77,7,189,3,71,187,0,187,0,232,0,231,0,92,0,36,0,17,0,13,0,11,
0,167,1,25,251,168,251,207,254,96,248,223,5,10,7,253,3,62,189,0,187,0,232,0,232,0,92,0,36,0,16,0,12,0,11,
0,198,1,0,251,168,251,207,254,96,248,223,5,10,7,253,3,166,189,0,186,0,232,0,232,0,92,0,37,0,16,0,12,0,11,
0,207,1,2,251,125,251,207,254,96,248,223,5,241,6,216,3,166,189,0,185,0,231,0,231,0,93,0,38,0,17,0,13,0,11,
0,171,1,250,250,110,251,207,254,96,248,223,5,136,7,108,3,146,188,0,185,0,231,0,231,0,93,0,38,0,17,0,12,0,11,
0,171,1,250,250,110,251,207,254,96,248,223,5,159,6,128,3,72,188,0,184,0,231,0,230,0,93,0,39,0,18,0,13,0,11,
0,176,1,227,250,109,251,207,254,96,248,223,5,56,6,176,3,60,188,0,184,0,231,0,231,0,93,0,39,0,17,0,12,0,11,
0,153,1,211,250,100,251,207,254,96,248,223,5,56,6,176,3,60,188,0,184,0,232,0,231,0,93,0,38,0,17,0,12,0,11,
0,156,1,190,250,91,251,50,255,47,248,71,6,50,6,141,3,99,189,0,183,0,231,0,230,0,94,0,40,0,18,0,13,0,11,
0,156,1,190,250,91,251,50,255,47,248,71,6,235,6,17,3,195,190,0,182,0,231,0,230,0,93,0,39,0,17,0,12,0,11,
0,146,1,193,250,102,251,50,255,47,248,71,6,139,6,148,2,121,187,0,181,0,230,0,230,0,93,0,40,0,18,0,13,0,11,
0,182,1,170,250,101,251,50,255,47,248,71,6,139,6,16,3,8,188,0,181,0,230,0,230,0,93,0,40,0,18,0,13,0,11,
0,183,1,179,250,65,251,50,255,47,248,71,6,59,6,16,3,8,188,0,180,0,230,0,230,0,93,0,40,0,18,0,13,0,11,
0,183,1,179,250,65,251,50,255,47,248,71,6,30,6,69,3,162,190,0,180,0,231,0,231,0,92,0,39,0,17,0,12,0,11,
0,174,1,162,250,74,251,50,255,47,248,71,6,52,6,154,2,158,188,0,179,0,230,0,230,0,93,0,40,0,17,0,12,0,11,
0,183,1,112,250,60,251,50,255,47,248,71,6,187,5,85,2,181,187,0,178,0,231,0,230,0,93,0,40,0,18,0,13,0,11,
0,183,1,112,250,18,251,50,255,47,248,71,6,187,5,85,2,181,190,0,178,0,230,0,231,0,93,0,39,0,17,0,12,0,11,
0,227,1,114,250,18,251,50,255,47,248,71,6,96,5,11,3,115,190,0,177,0,230,0,230,0,93,0,40,0,18,0,13,0,11,
0,253,1,99,250,32,251,4,255,109,248,229,5,7,6,149,2,68,190,0,177,0,230,0,231,0,93,0,39,0,17,0,12,0,11,
0,17,2,79,250,12,251,4,255,109,248,229,5,234,5,202,2,149,190,0,175,0,229,0,230,0,93,0,40,0,18,0,13,0,11,
0,17,2,79,250,12,251,4,255,109,248,229,5,234,5,81,2,6,189,0,175,0,229,0,230,0,93,0,43,0,18,0,12,0,11,
0,254,1,79,250,241,250,4,255,109,248,229,5,250,5,81,2,6,189,0,175,0,230,0,230,0,92,0,42,0,18,0,12,0,11,
0,2,2,50,250,231,250,4,255,109,248,229,5,77,5,178,2,165,188,0,174,0,229,0,230,0,93,0,42,0,19,0,13,0,11,
0,244,1,36,250,213,250,4,255,109,248,229,5,255,4,249,2,134,191,0,173,0,229,0,230,0,93,0,41,0,18,0,12,0,11,
0,244,1,36,250,213,250,4,255,109,248,229,5,182,5,136,2,105,191,0,173,0,229,0,230,0,93,0,41,0,18,0,12,0,11,
0,244,1,35,250,192,250,4,255,109,248,229,5,182,5,136,2,246,188,0,172,0,228,0,229,0,93,0,40,0,19,0,13,0,11,
0,234,1,40,250,178,250,4,255,109,248,229,5,192,5,56,2,246,188,0,172,0,228,0,229,0,93,0,40,0,18,0,13,0,11,
0,215,1,31,250,185,250,4,255,109,248,229,5,25,4,132,2,19,190,0,171,0,227,0,228,0,93,0,40,0,19,0,13,0,11,
0,215,1,31,250,185,250,4,255,109,248,229,5,253,5,94,2,41,192,0,171,0,228,0,228,0,92,0,40,0,17,0,13,0,11,
0,192,1,7,250,174,250,141,255,81,248,34,6,75,5,80,2,29,190,0,171,0,227,0,227,0,93,0,40,0,19,0,13,0,12,
0,216,1,41,250,159,250,141,255,81,248,34,6,75,5,80,2,29,190,0,171,0,227,0,227,0,92,0,40,0,18,0,13,0,11,
0,216,1,41,250,155,250,141,255,81,248,34,6,63,4,246,2,200,191,0,171,0,226,0,226,0,92,0,40,0,18,0,13,0,11,
0,204,1,55,250,155,250,141,255,81,248,34,6,156,5,32,2,112,190,0,170,0,226,0,225,0,92,0,40,0,18,0,13,0,11,
0,207,1,58,250,136,250,141,255,81,248,34,6,89,4,50,2,133,188,0,171,0,226,0,225,0,91,0,39,0,17,0,12,0,11,
0,207,1,41,250,124,250,141,255,81,248,34,6,89,4,50,3,226,191,0,170,0,225,0,224,0,91,0,39,0,17,0,12,0,11,
0,207,1,41,250,124,250,141,255,81,248,34,6,36,4,27,3,226,191,0,171,0,225,0,224,0,91,0,38,0,17,0,13,0,11,
0,176,1,254,249,102,250,141,255,81,248,34,6,243,5,238,2,246,191,0,171,0,225,0,223,0,91,0,38,0,19,0,12,0,11,
0,164,1,4,250,86,250,141,255,81,248,34,6,58,5,150,2,185,187,0,171,0,224,0,223,0,91,0,39,0,20,0,13,0,11,
0,155,1,25,250,86,250,141,255,81,248,34,6,30,4,50,3,250,189,0,171,0,224,0,223,0,90,0,38,0,18,0,13,0,11,
0,155,1,25,250,86,250,107,255,175,248,151,5,30,4,50,3,250,189,0,171,0,224,0,223,0,90,0,38,0,18,0,13,0,11,
0,141,1,12,250,67,250,107,255,175,248,151,5,182,4,86,3,232,191,0,171,0,224,0,223,0,89,0,38,0,19,0,13,0,11,
0,127,1,236,249,47,250,107,255,175,248,151,5,234,5,58,3,55,191,0,171,0,224,0,223,0,89,0,38,0,18,0,13,0,11,
0,139,1,229,249,30,250,107,255,175,248,151,5,110,5,155,2,222,186,0,171,0,223,0,223,0,89,0,38,0,18,0,12,0,11,
0,139,1,229,249,30,250,107,255,175,248,151,5,110,5,196,3,111,190,0,171,0,223,0,223,0,90,0,38,0,19,0,13,0,11,
0,151,1,215,249,14,250,107,255,175,248,151,5,179,3,196,3,111,190,0,172,0,223,0,224,0,90,0,38,0,16,0,12,0,11,
0,158,1,230,249,32,250,107,255,175,248,151,5,132,5,174,3,70,192,0,172,0,223,0,224,0,90,0,39,0,17,0,13,0,11,
0,158,1,230,249,42,250,107,255,175,248,151,5,64,6,142,2,196,187,0,172,0,223,0,225,0,90,0,38,0,17,0,12,0,11,
0,176,1,1,250,42,250,107,255,175,248,151,5,222,3,234,3,11,190,0,173,0,223,0,225,0,90,0,38,0,17,0,12,0,11,
0,160,1,10,250,35,250,107,255,175,248,151,5,222,3,234,3,136,191,0,173,0,223,0,225,0,91,0,39,0,18,0,13,0,11,
0,158,1,251,249,4,250,108,255,231,248,187,5,142,5,155,3,136,191,0,173,0,223,0,226,0,90,0,38,0,17,0,13,0,11,
0,158,1,251,249,4,250,108,255,231,248,187,5,184,5,102,3,225,189,0,174,0,223,0,226,0,91,0,39,0,17,0,13,0,11,
0,154,1,246,249,252,249,108,255,231,248,187,5,63,5,129,3,136,188,0,175,0,223,0,226,0,91,0,38,0,17,0,12,0,11,
0,137,1,225,249,9,250,108,255,231,248,187,5,63,5,200,3,177,190,0,175,0,223,0,226,0,91,0,39,0,18,0,13,0,11,
0,139,1,217,249,231,249,108,255,231,248,187,5,162,5,200,3,177,190,0,175,0,223,0,227,0,90,0,38,0,17,0,12,0,11,
0,139,1,217,249,231,249,108,255,231,248,187,5,96,6,55,3,215,188,0,176,0,223,0,227,0,91,0,39,0,17,0,12,0,11,
0,165,1,245,249,221,249,108,255,231,248,187,5,59,5,144,3,171,189,0,177,0,223,0,227,0,91,0,38,0,18,0,13,0,11,
0,216,1,0,250,219,249,108,255,231,248,187,5,114,5,2,4,73,190,0,177,0,224,0,228,0,91,0,38,0,17,0,12,0,11,
0,222,1,0,249,203,249,108,255,231,248,187,5,114,5,2,4,6,189,0,178,0,223,0,228,0,91,0,39,0,18,0,13,0,11,
0,222,1,243,249,203,249,108,255,231,248,187,5,146,6,110,3,6,189,0,179,0,224,0,228,0,91,0,38,0,17,0,12,0,11,
0,235,1,249,249,196,249,240,255,154,248,49,6,99,5,242,3,17,188,0,180,0,224,0,228,0,91,0,38,0,17,0,12,0,11,
0,243,1,251,249,218,249,240,255,154,248,49,6,15,6,168,3,54,191,0,180,0,224,0,229,0,92,0,39,0,18,0,13,0,11,
0,243,1,251,249,216,249,240,255,154,248,49,6,120,6,180,3,30,191,0,181,0,225,0,229,0,92,0,38,0,17,0,12,0,11,
0,234,1,243,249,216,249,240,255,154,248,49,6,120,6,180,3,30,191,0,181,0,225,0,229,0,92,0,39,0,18,0,13,0,11,
0,197,1,239,249,215,249,240,255,154,248,49,6,220,6,60,3,161,188,0,182,0,226,0,230,0,92,0,38,0,17,0,12,0,11,
0,216,1,253,249,206,249,240,255,154,248,49,6,21,5,213,3,139,189,0,183,0,226,0,230,0,92,0,40,0,18,0,13,0,11,
0,216,1,253,249,206,249,240,255,154,248,49,6,67,6,159,3,210,191,0,183,0,227,0,230,0,92,0,39,0,18,0,13,0,11,
0,248,1,1,250,227,249,240,255,154,248,49,6,67,6,232,2,224,188,0,184,0,227,0,230,0,92,0,39,0,17,0,12,0,11,
0,202,1,2,250,250,249,240,255,154,248,49,6,85,7,232,2,224,188,0,184,0,227,0,230,0,92,0,39,0,17,0,12,0,11,
0,187,1,241,249,7,250,240,255,154,248,49,6,48,6,10,3,51,188,0,184,0,227,0,230,0,93,0,40,0,18,0,13,0,11,
0,187,1,241,249,7,250,240,255,154,248,49,6,94,5,122,3,232,189,0,185,0,228,0,231,0,93,0,39,0,17,0,12,0,11,
0,196,1,216,249,253,249,220,255,9,249,231,5,208,5,46,3,244,191,0,186,0,228,0,231,0,93,0,39,0,17,0,13,0,11,
0,252,1,220,249,253,249,220,255,9,249,231,5,208,5,46,3,244,191,0,186,0,228,0,232,0,93,0,39,0,17,0,13,0,11,
0,19,2,220,249,246,249,220,255,9,249,231,5,194,6,145,2,16,191,0,187,0,228,0,232,0,94,0,40,0,18,0,13,0,11,
0,19,2,242,249,246,249,220,255,9,249,231,5,89,6,127,2,181,188,0,187,0,229,0,232,0,93,0,40,0,17,0,12,0,11,
0,254,1,242,249,249,249,220,255,9,249,231,5,92,5,230,2,110,190,0,187,0,229,0,232,0,94,0,40,0,18,0,13,0,11,
0,247,1,248,249,10,250,220,255,9,249,231,5,92,5,212,2,95,192,0,188,0,229,0,232,0,94,0,40,0,18,0,13,0,11,
0,247,1,248,249,28,250,220,255,9,249,231,5,192,5,212,2,95,192,0,188,0,229,0,233,0,94,0,40,0,18,0,13,0,11,
0,235,1,234,249,28,250,220,255,9,249,231,5,222,6,249,1,5,191,0,189,0,229,0,233,0,94,0,40,0,18,0,13,0,11,
0,230,1,239,249,13,250,220,255,9,249,231,5,165,5,235,1,133,188,0,190,0,230,0,233,0,94,0,40,0,17,0,12,0,11,
0,5,2,5,250,18,250,220,255,9,249,231,5,213,4,157,2,170,191,0,190,0,230,0,233,0,94,0,40,0,18,0,13,0,11,
0,5,2,5,250,18,250,241,255,1,249,170,5,213,4,157,2,97,193,0,190,0,229,0,233,0,94,0,40,0,18,0,13,0,11,
0,242,1,250,249,31,250,241,255,1,249,170,5,74,6,12,2,97,193,0,191,0,230,0,234,0,94,0,40,0,17,0,12,0,11,
0,232,1,244,249,22,250,241,255,1,249,170,5,176,6,43,1,207,188,0,191,0,230,0,233,0,94,0,40,0,18,0,13,0,11,
0,204,1,239,249,5,250,241,255,1,249,170,5,34,4,216,1,17,190,0,191,0,230,0,233,0,94,0,40,0,17,0,12,0,11,
0,204,1,239,249,5,250,241,255,1,249,170,5,85,5,255,1,82,194,0,191,0,230,0,233,0,95,0,40,0,19,0,13,0,12,
0,209,1,222,249,9,250,241,255,1,249,170,5,85,5,255,1,82,194,0,192,0,230,0,233,0,95,0,40,0,19,0,13,0,11,
0,178,1,223,249,7,250,241,255,1,249,170,5,29,6,228,0,94,190,0,192,0,230,0,233,0,94,0,40,0,17,0,13,0,11,
0,169,1,223,249,6,250,241,255,1,249,170,5,22,4,72,1,43,189,0,192,0,230,0,232,0,94,0,35,0,17,0,14,0,12,
0,169,1,214,249,6,250,241,255,1,249,170,5,4,5,116,1,38,193,0,193,0,230,0,232,0,94,0,36,0,16,0,13,0,11,
0,191,1,236,249,4,250,241,255,1,249,170,5,4,5,116,0,157,189,0,193,0,230,0,232,0,94,0,37,0,17,0,13,0,11,
0,200,1,220,249,19,250,38,0,219,248,98,6,96,5,158,0,157,189,0,193,0,230,0,231,0,94,0,38,0,18,0,13,0,12,
0,200,1,220,249,1,250,38,0,219,248,98,6,176,4,228,0,172,191,0,193,0,230,0,231,0,94,0,38,0,17,0,13,0,11,
0,174,1,234,249,1,250,38,0,219,248,98,6,106,4,224,0,147,192,0,193,0,230,0,230,0,93,0,38,0,17,0,13,0,11,
0,166,1,224,249,34,250,38,0,219,248,98,6,192,4,62,0,3,191,0,193,0,229,0,229,0,94,0,39,0,18,0,13,0,12,
0,145,1,203,249,26,250,38,0,219,248,98,6,192,4,62,0,3,191,0,193,0,229,0,228,0,93,0,39,0,17,0,12,0,11,
0,145,1,203,249,26,250,38,0,219,248,98,6,23,4,128,0,172,190,0,193,0,229,0,227,0,93,0,39,0,18,0,13,0,11,
0,149,1,197,249,7,250,38,0,219,248,98,6,144,3,144,0,208,191,0,193,0,229,0,227,0,92,0,38,0,17,0,13,0,11,
0,179,1,184,249,9,250,38,0,219,248,98,6,105,4,33,0,45,192,0,192,0,228,0,226,0,92,0,39,0,18,0,13,0,11,
0,185,1,152,249,252,249,38,0,219,248,98,6,105,4,197,255,71,189,0,193,0,229,0,226,0,91,0,38,0,17,0,12,0,11,
0,185,1,152,249,252,249,38,0,219,248,98,6,48,4,197,255,71,189,0,192,0,228,0,225,0,92,0,38,0,17,0,12,0,11,
0,178,1,137,249,21,250,20,0,9,249,26,6,112,3,132,0,127,192,0,191,0,228,0,224,0,91,0,39,0,18,0,13,0,11,
0,167,1,143,249,45,250,20,0,9,249,26,6,210,3,225,255,61,192,0,191,0,228,0,224,0,91,0,38,0,17,0,12,0,11,
0,167,1,143,249,22,250,20,0,9,249,26,6,143,3,216,255,162,191,0,191,0,228,0,223,0,90,0,38,0,19,0,12,0,11,
0,185,1,165,249,22,250,20,0,9,249,26,6,143,3,216,255,225,190,0,190,0,228,0,222,0,91,0,39,0,19,0,13,0,11,
0,155,1,157,249,7,250,20,0,9,249,26,6,176,3,175,255,225,190,0,190,0,228,0,222,0,90,0,38,0,18,0,13,0,11,
0,143,1,158,249,241,249,20,0,9,249,26,6,238,2,251,255,5,191,0,190,0,228,0,221,0,90,0,38,0,19,0,13,0,12,
0,143,1,158,249,1,250,20,0,9,249,26,6,36,3,23,0,79,193,0,189,0,228,0,221,0,89,0,38,0,18,0,13,0,11,
0,138,1,149,249,1,250,20,0,9,249,26,6,36,3,113,255,183,190,0,189,0,227,0,220,0,89,0,38,0,19,0,13,0,12,
0,134,1,146,249,246,249,20,0,9,249,26,6,154,3,113,255,183,190,0,189,0,228,0,220,0,89,0,38,0,18,0,13,0,11,
0,107,1,135,249,231,249,20,0,9,249,26,6,18,3,158,255,217,190,0,188,0,227,0,219,0,89,0,42,0,18,0,12,0,11,
0,107,1,135,249,231,249,20,0,9,249,26,6,144,2,20,0,160,191,0,188,0,227,0,218,0,89,0,41,0,19,0,13,0,11,
0,89,1,162,249,246,249,141,0,243,248,58,6,176,2,92,255,62,192,0,188,0,227,0,218,0,88,0,40,0,19,0,13,0,11,
0,86,1,164,249,240,249,141,0,243,248,58,6,176,2,92,255,222,191,0,187,0,227,0,217,0,88,0,39,0,18,0,12,0,11,
0,98,1,119,249,248,249,141,0,243,248,58,6,78,2,231,255,222,191,0,187,0,227,0,216,0,88,0,39,0,19,0,13,0,11,
0,98,1,119,249,248,249,141,0,243,248,58,6,174,2,244,255,131,192,0,187,0,227,0,215,0,87,0,38,0,18,0,12,0,11,
0,71,1,98,249,247,249,141,0,243,248,58,6,171,2,200,255,189,190,0,186,0,226,0,214,0,87,0,38,0,18,0,13,0,11,
0,48,1,122,249,221,249,141,0,243,248,58,6,251,1,166,255,53,191,0,186,0,227,0,214,0,86,0,37,0,18,0,13,0,11,
0,48,1,122,249,214,249,141,0,243,248,58,6,251,1,166,255,53,191,0,186,0,227,0,214,0,86,0,37,0,17,0,12,0,11,
0,42,1,154,249,214,249,141,0,243,248,58,6,116,1,15,0,37,192,0,186,0,226,0,212,0,86,0,37,0,18,0,13,0,11,
0,49,1,175,249,235,249,141,0,243,248,58,6,92,2,242,255,232,191,0,186,0,226,0,212,0,85,0,36,0,17,0,12,0,11,
0,49,1,196,249,212,249,141,0,243,248,58,6,64,2,241,255,148,190,0,186,0,226,0,211,0,85,0,37,0,18,0,13,0,11,
0,49,1,196,249,196,249,112,0,23,249,45,6,64,2,254,255,146,191,0,186,0,226,0,210,0,84,0,36,0,17,0,13,0,11,
0,0,1,179,249,196,249,112,0,23,249,45,6,60,2,254,255,146,191,0,186,0,226,0,209,0,84,0,36,0,18,0,13,0,11,
0,191,0,175,249,225,249,112,0,23,249,45,6,82,1,82,0,114,191,0,187,0,226,0,209,0,84,0,35,0,17,0,12,0,11,
0,202,0,181,249,223,249,112,0,23,249,45,6,52,1,185,0,191,192,0,187,0,225,0,209,0,84,0,36,0,17,0,12,0,11,
0,202,0,181,249,223,249,112,0,23,249,45,6,250,1,23,0,121,191,0,187,0,225,0,208,0,84,0,36,0,18,0,13,0,11,
0,219,0,197,249,167,249,112,0,23,249,45,6,250,1,23,0,121,190,0,188,0,225,0,208,0,83,0,35,0,17,0,13,0,11,
0,243,0,202,249,191,249,112,0,23,249,45,6,164,1,16,0,117,190,0,188,0,224,0,207,0,83,0,35,0,16,0,13,0,11,
0,239,0,209,249,188,249,112,0,23,249,45,6,200,0,158,0,101,190,0,188,0,225,0,208,0,83,0,35,0,17,0,12,0,11,
0,239,0,209,249,188,249,112,0,23,249,45,6,68,1,149,0,67,192,0,189,0,225,0,207,0,83,0,35,0,16,0,12,0,11,
0,230,0,234,249,185,249,112,0,23,249,45,6,68,1,30,0,159,191,0,189,0,224,0,207,0,83,0,36,0,16,0,13,0,11,
0,190,0,246,249,188,249,167,0,43,249,140,6,203,1,30,0,159,191,0,190,0,225,0,208,0,82,0,35,0,17,0,12,0,11,
0,190,0,246,249,195,249,167,0,43,249,140,6,203,1,47,0,47,190,0,190,0,224,0,207,0,83,0,35,0,16,0,13,0,11,
0,194,0,240,249,195,249,167,0,43,249,140,6,224,0,161,0,133,190,0,191,0,224,0,208,0,82,0,34,0,17,0,12,0,11,
0,223,0,244,249,231,249,167,0,43,249,140,6,75,1,201,0,225,191,0,191,0,224,0,208,0,83,0,35,0,17,0,12,0,11,
0,224,0,249,249,246,249,167,0,43,249,140,6,75,1,201,0,32,192,0,191,0,224,0,209,0,83,0,35,0,18,0,13,0,11,
0,224,0,249,249,235,249,167,0,43,249,140,6,72,2,118,0,32,192,0,192,0,224,0,209,0,82,0,34,0,17,0,13,0,11,
0,177,0,247,249,235,249,167,0,43,249,140,6,95,2,13,0,83,189,0,192,0,224,0,210,0,83,0,35,0,17,0,13,0,11,
0,170,0,231,249,238,249,167,0,43,249,140,6,251,0,216,0,27,190,0,193,0,225,0,211,0,82,0,34,0,16,0,12,0,11,
0,172,0,250,249,232,249,167,0,43,249,140,6,19,1,75,1,51,192,0,193,0,224,0,211,0,83,0,35,0,17,0,13,0,11,
0,172,0,250,249,232,249,167,0,43,249,140,6,19,1,75,1,51,192,0,193,0,224,0,212,0,83,0,35,0,17,0,12,0,11,
0,214,0,38,250,231,249,227,0,79,249,127,6,71,2,154,0,135,191,0,193,0,225,0,212,0,83,0,35,0,16,0,13,0,11,
0,164,0,36,250,236,249,227,0,79,249,127,6,17,2,149,0,240,190,0,194,0,225,0,213,0,83,0,35,0,17,0,12,0,11,
0,130,0,57,250,240,249,227,0,79,249,127,6,159,1,208,0,155,189,0,194,0,225,0,214,0,84,0,35,0,17,0,13,0,11,
0,130,0,57,250,240,249,227,0,79,249,127,6,159,1,208,1,166,191,0,194,0,225,0,215,0,84,0,35,0,16,0,12,0,11,
0,155,0,77,250,250,249,227,0,79,249,127,6,124,0,32,1,166,191,0,194,0,226,0,215,0,85,0,35,0,17,0,12,0,11,
0,162,0,85,250,227,249,227,0,79,249,127,6,144,2,179,0,164,192,0,195,0,227,0,216,0,84,0,35,0,17,0,12,0,11,
0,162,0,85,250,230,249,227,0,79,249,127,6,94,1,93,0,233,188,0,195,0,226,0,217,0,86,0,36,0,18,0,13,0,11,
0,163,0,109,250,230,249,227,0,79,249,127,6,157,1,30,1,152,192,0,195,0,227,0,218,0,86,0,36,0,17,0,12,0,11,
0,215,0,121,250,0,250,227,0,79,249,127,6,157,1,30,1,152,192,0,195,0,227,0,219,0,86,0,36,0,17,0,13,0,11,
0,232,0,134,250,3,250,227,0,79,249,127,6,107,2,132,0,30,190,0,196,0,228,0,219,0,87,0,36,0,18,0,13,0,12,
0,232,0,134,250,3,250,227,0,82,249,129,5,246,0,40,1,55,191,0,196,0,228,0,220,0,87,0,36,0,17,0,13,0,11,
0,236,0,144,250,8,250,211,0,82,249,129,5,212,1,202,0,65,192,0,195,0,228,0,221,0,87,0,37,0,18,0,13,0,12,
0,248,0,138,250,218,249,211,0,82,249,129,5,212,1,117,0,149,190,0,196,0,229,0,222,0,87,0,36,0,17,0,12,0,11,
0,239,0,153,250,233,249,211,0,82,249,129,5,88,2,117,0,149,190,0,196,0,229,0,223,0,88,0,36,0,17,0,12,0,11,
0,239,0,153,250,233,249,211,0,82,249,129,5,6,2,92,0,40,190,0,195,0,230,0,224,0,89,0,37,0,16,0,13,0,11,
0,255,0,180,250,1,250,211,0,82,249,129,5,90,1,203,0,38,192,0,196,0,230,0,225,0,88,0,37,0,16,0,13,0,11,
0,236,0,210,250,6,250,211,0,82,249,129,5,50,2,226,0,226,192,0,196,0,230,0,225,0,89,0,37,0,17,0,12,0,11,
0,217,0,240,250,244,249,211,0,82,249,129,5,50,2,226,0,243,189,0,196,0,231,0,227,0,89,0,37,0,16,0,12,0,11,
0,217,0,240,250,244,249,211,0,82,249,129,5,157,2,219,255,243,189,0,196,0,232,0,227,0,90,0,37,0,16,0,12,0,11,
0,226,0,244,250,240,249,211,0,82,249,129,5,109,1,45,0,102,189,0,195,0,232,0,228,0,91,0,38,0,17,0,12,0,11,
0,210,0,213,250,18,250,211,0,82,249,129,5,34,2,143,0,216,193,0,196,0,233,0,228,0,91,0,38,0,17,0,12,0,11,
0,210,0,213,250,34,250,17,1,68,249,80,6,34,2,247,255,198,192,0,195,0,232,0,229,0,91,0,38,0,17,0,13,0,11,
0,211,0,239,250,34,250,17,1,68,249,80,6,56,3,247,255,198,192,0,196,0,233,0,230,0,91,0,38,0,17,0,12,0,11,
0,214,0,253,250,24,250,17,1,68,249,80,6,8,2,141,255,68,188,0,195,0,232,0,230,0,92,0,39,0,17,0,13,0,11,
0,213,0,0,251,41,250,17,1,68,249,80,6,14,1,69,0,137,191,0,195,0,233,0,231,0,92,0,39,0,18,0,13,0,11,
0,213,0,0,251,41,250,17,1,68,249,80,6,2,2,245,255,19,194,0,196,0,233,0,232,0,92,0,38,0,17,0,13,0,11,
0,0,1,255,250,45,250,17,1,68,249,80,6,2,2,245,255,188,191,0,196,0,233,0,232,0,92,0,39,0,17,0,12,0,12,
0,1,1,19,251,18,250,17,1,68,249,80,6,199,3,11,255,188,191,0,195,0,233,0,232,0,93,0,40,0,18,0,13,0,11,
0,2,1,239,250,27,250,17,1,68,249,80,6,203,1,136,255,132,189,0,195,0,233,0,232,0,93,0,39,0,17,0,12,0,11,
0,2,1,239,250,27,250,17,1,68,249,80,6,70,1,246,255,107,193,0,194,0,233,0,231,0,93,0,40,0,18,0,13,0,11,
0,6,1,249,250,41,250,17,1,68,249,80,6,69,2,187,255,34,193,0,194,0,233,0,231,0,93,0,39,0,17,0,13,0,11,
0,252,0,5,251,25,250,40,1,125,249,208,5,69,2,187,255,34,193,0,194,0,233,0,232,0,93,0,39,0,17,0,12,0,11,
0,236,0,16,251,35,250,40,1,125,249,208,5,154,2,117,255,51,192,0,193,0,233,0,231,0,94,0,40,0,18,0,13,0,11,
0,236,0,16,251,35,250,40,1,125,249,208,5,160,2,95,255,230,189,0,193,0,233,0,231,0,93,0,40,0,17,0,12,0,11,
0,217,0,30,251,62,250,40,1,125,249,208,5,46,1,165,255,4,191,0,192,0,234,0,230,0,93,0,40,0,18,0,13,0,11,
0,242,0,39,251,68,250,40,1,125,249,208,5,46,1,195,255,126,193,0,192,0,234,0,230,0,93,0,34,0,17,0,13,0,12,
0,242,0,39,251,57,250,40,1,125,249,208,5,166,1,195,255,126,193,0,191,0,234,0,229,0,93,0,35,0,17,0,13,0,12,
0,246,0,22,251,57,250,40,1,125,249,208,5,238,2,169,255,83,192,0,191,0,234,0,229,0,92,0,36,0,16,0,12,0,11,
0,228,0,1,251,38,250,40,1,125,249,208,5,138,2,83,255,58,189,0,190,0,234,0,228,0,92,0,36,0,16,0,12,0,11,
0,221,0,19,251,23,250,40,1,125,249,208,5,213,0,213,255,193,189,0,190,0,234,0,228,0,93,0,38,0,17,0,13,0,11,
0,221,0,19,251,23,250,40,1,125,249,208,5,213,0,213,255,193,195,0,190,0,235,0,228,0,91,0,37,0,16,0,12,0,11,
0,216,0,7,251,14,250,34,1,120,249,54,6,208,1,231,255,25,195,0,189,0,234,0,226,0,92,0,38,0,17,0,12,0,11,
0,215,0,215,250,254,249,34,1,120,249,54,6,8,3,9,255,235,189,0,189,0,234,0,226,0,91,0,38,0,17,0,12,0,11,
0,205,0,215,250,253,249,34,1,120,249,54,6,226,0,161,255,201,189,0,189,0,233,0,225,0,91,0,38,0,17,0,12,0,11,
0,205,0,215,250,253,249,34,1,120,249,54,6,226,0,28,0,189,193,0,189,0,233,0,224,0,92,0,39,0,18,0,13,0,11,
0,182,0,211,250,237,249,34,1,120,249,54,6,91,1,28,0,189,193,0,189,0,233,0,223,0,91,0,38,0,19,0,13,0,11,
0,174,0,184,250,227,249,34,1,120,249,54,6,210,2,141,255,212,189,0,189,0,233,0,223,0,91,0,38,0,19,0,13,0,11,
0,189,0,175,250,228,249,34,1,120,249,54,6,28,1,5,0,166,189,0,189,0,232,0,222,0,91,0,39,0,19,0,13,0,12,
0,189,0,175,250,228,249,34,1,120,249,54,6,248,1,225,255,110,191,0,189,0,232,0,221,0,90,0,38,0,18,0,13,0,11,
0,221,0,167,250,245,249,34,1,120,249,54,6,248,1,225,255,104,188,0,189,0,232,0,220,0,90,0,38,0,19,0,13,0,12,
0,223,0,156,250,232,249,34,1,120,249,54,6,139,1,122,255,104,188,0,190,0,232,0,219,0,89,0,38,0,18,0,13,0,11,
0,223,0,156,250,211,249,92,1,145,249,103,6,40,1,63,0,87,192,0,190,0,232,0,219,0,88,0,38,0,18,0,12,0,11,
0,204,0,136,250,211,249,92,1,145,249,103,6,38,2,189,255,179,190,0,190,0,230,0,217,0,89,0,38,0,19,0,13,0,11,
0,209,0,153,250,186,249,92,1,145,249,103,6,136,1,187,255,78,188,0,190,0,230,0,217,0,88,0,37,0,17,0,12,0,11,
0,215,0,139,250,196,249,92,1,145,249,103,6,136,1,187,255,78,188,0,190,0,230,0,216,0,88,0,37,0,18,0,13,0,11,
0,215,0,139,250,196,249,92,1,145,249,103,6,60,0,96,0,242,189,0,190,0,229,0,215,0,87,0,37,0,18,0,13,0,11,
0,237,0,135,250,221,249,92,1,145,249,103,6,253,1,155,0,24,192,0,189,0,229,0,214,0,87,0,37,0,18,0,13,0,11,
0,184,0,141,250,223,249,92,1,145,249,103,6,195,1,119,255,183,187,0,190,0,229,0,214,0,86,0,40,0,18,0,12,0,10,
0,155,0,143,250,213,249,92,1,145,249,103,6,195,1,119,0,66,188,0,189,0,228,0,213,0,86,0,40,0,18,0,12,0,10,
0,155,0,143,250,213,249,92,1,145,249,103,6,159,255,61,0,66,188,0,190,0,228,0,213,0,86,0,39,0,19,0,13,0,11,
0,182,0,149,250,215,249,92,1,145,249,103,6,22,1,162,0,113,192,0,189,0,228,0,212,0,85,0,38,0,18,0,12,0,11,
0,205,0,130,250,227,249,92,1,145,249,103,6,25,2,198,255,99,188,0,189,0,227,0,212,0,86,0,38,0,18,0,13,0,11,
0,187,0,130,250,199,249,78,1,160,249,57,5,68,0,32,0,124,187,0,189,0,227,0,211,0,84,0,37,0,17,0,13,0,11,
0,187,0,117,250,199,249,78,1,160,249,57,5,68,0,32,0,124,187,0,189,0,227,0,211,0,84,0,36,0,17,0,12,0,11,
0,155,0,118,250,186,249,78,1,160,249,57,5,128,0,150,0,227,190,0,188,0,227,0,210,0,85,0,37,0,18,0,13,0,11,
0,134,0,97,250,155,249,78,1,160,249,57,5,102,1,255,255,72,188,0,189,0,227,0,211,0,85,0,36,0,18,0,13,0,11,
0,134,0,97,250,136,249,78,1,160,249,57,5,153,0,70,0,131,188,0,188,0,226,0,210,0,84,0,36,0,18,0,13,0,12,
0,150,0,80,250,136,249,78,1,160,249,57,5,153,0,178,0,71,190,0,188,0,227,0,211,0,84,0,36,0,17,0,13,0,11,
0,195,0,79,250,147,249,78,1,160,249,57,5,23,1,178,0,71,190,0,188,0,226,0,210,0,84,0,36,0,17,0,13,0,11,
0,182,0,82,250,173,249,78,1,160,249,57,5,65,1,255,255,198,187,0,188,0,226,0,210,0,84,0,36,0,18,0,13,0,11,
0,182,0,82,250,173,249,78,1,160,249,57,5,32,0,112,0,226,188,0,188,0,226,0,211,0,84,0,36,0,17,0,13,0,11,
0,145,0,98,250,175,249,78,1,160,249,57,5,130,1,121,0,227,190,0,187,0,226,0,211,0,84,0,36,0,18,0,13,0,11,
0,140,0,102,250,175,249,78,1,201,249,117,6,130,1,121,0,169,187,0,188,0,226,0,211,0,83,0,35,0,17,0,12,0,11,
0,174,0,121,250,167,249,78,1,201,249,117,6,136,1,16,0,169,187,0,187,0,226,0,212,0,84,0,35,0,17,0,12,0,11,
0,174,0,121,250,167,249,78,1,201,249,117,6,170,255,155,0,29,187,0,187,0,226,0,212,0,84,0,36,0,18,0,13,0,11,
0,168,0,124,250,165,249,78,1,201,249,117,6,155,0,194,0,162,191,0,187,0,227,0,213,0,84,0,35,0,17,0,13,0,11,
0,201,0,114,250,163,249,78,1,201,249,117,6,155,2,31,0,137,189,0,187,0,226,0,213,0,84,0,36,0,17,0,13,0,11,
0,181,0,114,250,149,249,78,1,201,249,117,6,45,2,31,0,137,189,0,188,0,227,0,214,0,84,0,35,0,16,0,12,0,11,
0,181,0,113,250,149,249,78,1,201,249,117,6,107,1,77,0,15,187,0,187,0,227,0,214,0,84,0,35,0,17,0,12,0,11,
0,168,0,129,250,143,249,78,1,201,249,117,6,158,0,116,0,181,187,0,187,0,227,0,215,0,85,0,36,0,18,0,13,0,11,
0,150,0,121,250,142,249,78,1,201,249,117,6,45,0,173,0,47,190,0,188,0,227,0,216,0,85,0,36,0,17,0,13,0,11,
0,150,0,121,250,168,249,78,1,201,249,117,6,45,0,173,0,90,190,0,188,0,227,0,216,0,85,0,36,0,17,0,13,0,11,
0,117,0,120,250,168,249,181,1,204,249,191,5,232,1,100,0,90,190,0,189,0,228,0,217,0,85,0,35,0,17,0,12,0,11,
0,185,0,98,250,147,249,181,1,204,249,191,5,92,1,25,0,14,189,0,189,0,228,0,218,0,86,0,35,0,17,0,12,0,11,
0,215,0,87,250,122,249,181,1,204,249,191,5,63,1,249,255,219,188,0,189,0,228,0,219,0,86,0,36,0,18,0,13,0,11,
0,215,0,87,250,122,249,181,1,204,249,191,5,76,0,98,0,56,189,0,189,0,228,0,220,0,87,0,36,0,17,0,13,0,11,
0,188,0,98,250,94,249,181,1,204,249,191,5,76,0,98,0,56,189,0,190,0,229,0,221,0,87,0,36,0,17,0,12,0,11,
0,173,0,128,250,111,249,181,1,204,249,191,5,46,1,166,0,193,190,0,189,0,228,0,221,0,88,0,37,0,18,0,13,0,11,
0,236,0,135,250,120,249,181,1,204,249,191,5,2,2,189,255,13,189,0,190,0,229,0,222,0,88,0,36,0,17,0,12,0,11,
0,236,0,135,250,120,249,181,1,204,249,191,5,17,0,28,0,72,187,0,189,0,229,0,223,0,88,0,37,0,18,0,13,0,11,
0,245,0,127,250,119,249,181,1,204,249,191,5,17,0,132,0,126,193,0,190,0,230,0,224,0,88,0,36,0,16,0,13,0,11,
0,237,0,108,250,124,249,181,1,204,249,191,5,14,1,132,0,126,193,0,190,0,230,0,225,0,89,0,37,0,16,0,12,0,11,
0,252,0,108,250,128,249,164,1,225,249,62,6,53,2,67,255,239,186,0,190,0,230,0,226,0,90,0,38,0,17,0,13,0,11,
0,252,0,92,250,128,249,164,1,225,249,62,6,98,0,249,255,89,190,0,190,0,230,0,227,0,89,0,37,0,16,0,12,0,11,
0,241,0,112,250,100,249,164,1,225,249,62,6,93,1,42,0,218,191,0,190,0,231,0,227,0,90,0,38,0,17,0,13,0,11,
0,233,0,150,250,125,249,164,1,225,249,62,6,93,1,42,0,100,189,0,190,0,232,0,228,0,90,0,37,0,16,0,12,0,11,
0,233,0,150,250,138,249,164,1,225,249,62,6,221,1,131,255,100,189,0,189,0,232,0,229,0,91,0,38,0,17,0,13,0,11,
0,6,1,162,250,138,249,164,1,225,249,62,6,120,0,145,255,35,188,0,190,0,232,0,230,0,91,0,38,0,16,0,12,0,11,
0,40,1,168,250,135,249,164,1,225,249,62,6,128,0,168,255,197,190,0,189,0,232,0,231,0,91,0,38,0,17,0,12,0,11,
0,45,1,156,250,128,249,164,1,225,249,62,6,128,0,51,255,117,190,0,189,0,232,0,231,0,92,0,38,0,18,0,13,0,11,
0,45,1,156,250,128,249,164,1,225,249,62,6,232,1,51,255,117,190,0,189,0,232,0,232,0,92,0,38,0,17,0,12,0,11,
0,61,1,163,250,109,249,164,1,225,249,62,6,148,0,155,255,61,189,0,189,0,232,0,232,0,93,0,39,0,18,0,13,0,11,
0,65,1,172,250,114,249,164,1,225,249,62,6,116,1,150,255,180,191,0,189,0,233,0,233,0,93,0,39,0,17,0,12,0,11,
0,69,1,171,250,126,249,210,1,206,249,131,6,230,1,213,254,105,189,0,188,0,233,0,232,0,94,0,40,0,18,0,13,0,11,
0,69,1,171,250,126,249,210,1,206,249,131,6,230,1,213,254,161,189,0,188,0,233,0,233,0,94,0,40,0,18,0,13,0,11,
0,60,1,179,250,108,249,210,1,206,249,131,6,136,0,107,255,161,189,0,188,0,233,0,233,0,93,0,39,0,17,0,12,0,11,
0,49,1,157,250,91,249,210,1,206,249,131,6,188,0,86,255,226,191,0,187,0,233,0,233,0,94,0,40,0,18,0,13,0,11,
0,49,1,157,250,88,249,210,1,206,249,131,6,226,1,190,254,243,190,0,187,0,234,0,233,0,94,0,40,0,17,0,13,0,11,
0,39,1,176,250,88,249,210,1,206,249,131,6,30,1,203,254,30,189,0,186,0,233,0,233,0,94,0,40,0,19,0,13,0,12,
0,48,1,191,250,86,249,210,1,206,249,131,6,30,1,203,254,30,189,0,186,0,233,0,232,0,94,0,40,0,18,0,13,0,11,
0,48,1,175,250,68,249,210,1,206,249,131,6,252,255,48,255,177,190,0,186,0,234,0,232,0,94,0,40,0,18,0,13,0,11,
0,48,1,175,250,56,249,210,1,206,249,131,6,169,0,4,255,196,192,0,186,0,234,0,232,0,93,0,40,0,17,0,12,0,11,
0,79,1,176,250,56,249,210,1,206,249,131,6,184,1,122,254,111,191,0,184,0,233,0,231,0,94,0,40,0,18,0,13,0,11,
0,88,1,171,250,87,249,18,2,228,249,97,6,184,1,122,254,76,189,0,184,0,234,0,230,0,94,0,40,0,17,0,12,0,11,
0,114,1,193,250,93,249,18,2,228,249,97,6,22,1,115,254,76,189,0,183,0,234,0,230,0,93,0,40,0,18,0,13,0,11,
0,114,1,193,250,93,249,18,2,228,249,97,6,227,255,206,254,236,190,0,183,0,234,0,229,0,93,0,40,0,17,0,12,0,11,
0,91,1,203,250,93,249,18,2,228,249,97,6,138,0,27,255,253,192,0,182,0,234,0,228,0,92,0,39,0,17,0,12,0,11,
0,77,1,170,250,100,249,18,2,228,249,97,6,72,1,142,254,159,191,0,181,0,233,0,227,0,93,0,40,0,18,0,13,0,11,
0,71,1,161,250,100,249,18,2,228,249,97,6,72,1,142,254,159,191,0,181,0,233,0,226,0,92,0,39,0,17,0,12,0,11,
0,71,1,161,250,100,249,18,2,228,249,97,6,47,1,91,254,115,189,0,180,0,233,0,225,0,92,0,39,0,18,0,13,0,11,
0,60,1,185,250,106,249,18,2,228,249,97,6,145,255,29,255,252,190,0,180,0,233,0,224,0,91,0,38,0,17,0,12,0,11,
0,49,1,155,250,86,249,18,2,228,249,97,6,53,0,71,255,89,193,0,179,0,233,0,223,0,91,0,39,0,20,0,13,0,11,
0,49,1,155,250,63,249,18,2,228,249,97,6,53,0,175,254,1,191,0,179,0,233,0,222,0,90,0,38,0,19,0,13,0,11,
0,57,1,160,250,63,249,233,1,18,250,173,6,65,1,175,254,1,191,0,179,0,233,0,220,0,90,0,38,0,18,0,12,0,11,
0,72,1,165,250,75,249,233,1,18,250,173,6,213,0,161,254,15,190,0,179,0,233,0,219,0,89,0,33,0,18,0,14,0,12,
0,15,1,143,250,85,249,233,1,18,250,173,6,138,255,95,255,203,190,0,180,0,233,0,218,0,89,0,34,0,18,0,14,0,12,
0,15,1,143,250,75,249,233,1,18,250,173,6,217,255,245,254,68,192,0,180,0,232,0,216,0,88,0,35,0,18,0,13,0,11,
0,9,1,112,250,75,249,233,1,18,250,173,6,217,255,245,254,133,191,0,181,0,233,0,216,0,87,0,35,0,17,0,13,0,11,
0,16,1,110,250,39,249,233,1,18,250,173,6,124,0,13,255,133,191,0,182,0,232,0,215,0,87,0,35,0,17,0,13,0,11,
0,25,1,118,250,14,249,233,1,18,250,173,6,95,0,245,254,16,189,0,183,0,232,0,214,0,87,0,36,0,18,0,13,0,12,
0,25,1,118,250,14,249,233,1,18,250,173,6,157,255,48,255,77,189,0,183,0,232,0,214,0,86,0,36,0,18,0,13,0,11,
0,51,1,90,250,236,248,233,1,18,250,173,6,157,255,103,255,175,190,0,184,0,232,0,213,0,86,0,36,0,18,0,13,0,11,
0,71,1,73,250,218,248,233,1,18,250,173,6,105,255,103,255,175,190,0,185,0,232,0,213,0,85,0,36,0,17,0,12,0,11,
0,59,1,32,250,217,248,71,2,211,249,154,6,28,0,73,255,70,191,0,186,0,232,0,213,0,86,0,36,0,17,0,12,0,11,
0,59,1,32,250,217,248,71,2,211,249,154,6,123,0,253,254,12,190,0,186,0,232,0,213,0,86,0,36,0,18,0,13,0,11,
0,86,1,19,250,181,248,71,2,211,249,154,6,203,255,16,255,91,188,0,187,0,232,0,214,0,85,0,36,0,18,0,13,0,11,
0,69,1,18,250,172,248,71,2,211,249,154,6,203,255,16,255,186,190,0,187,0,232,0,214,0,85,0,36,0,16,0,12,0,11,
0,69,1,18,250,189,248,71,2,211,249,154,6,197,255,63,255,186,190,0,187,0,231,0,214,0,86,0,36,0,18,0,13,0,11,
0,88,1,227,249,189,248,71,2,211,249,154,6,148,0,44,255,166,190,0,188,0,231,0,215,0,85,0,35,0,17,0,12,0,11,
0,73,1,218,249,204,248,71,2,211,249,154,6,174,0,245,254,217,186,0,187,0,230,0,215,0,86,0,36,0,18,0,13,0,11,
0,69,1,200,249,200,248,71,2,211,249,154,6,227,254,77,255,146,189,0,188,0,230,0,216,0,86,0,36,0,18,0,13,0,11,
0,69,1,200,249,193,248,71,2,211,249,154,6,227,254,77,255,146,189,0,188,0,230,0,216,0,85,0,36,0,17,0,12,0,11,
0,59,1,167,249,193,248,71,2,211,249,154,6,226,1,161,254,237,190,0,187,0,229,0,217,0,86,0,36,0,18,0,13,0,11,
0,67,1,154,249,191,248,71,2,211,250,114,5,60,0,113,254,15,186,0,187,0,229,0,217,0,86,0,36,0,17,0,12,0,11,
0,74,1,130,249,160,248,45,2,104,250,114,5,120,255,133,255,187,190,0,187,0,229,0,218,0,86,0,36,0,18,0,13,0,11,
0,74,1,130,249,160,248,45,2,104,250,114,5,120,255,226,254,144,190,0,187,0,229,0,219,0,86,0,36,0,17,0,12,0,11,
0,60,1,122,249,158,248,45,2,104,250,114,5,191,1,226,254,144,190,0,186,0,228,0,219,0,87,0,41,0,19,0,13,0,11,
0,57,1,107,249,170,248,45,2,104,250,114,5,58,0,137,254,122,188,0,186,0,228,0,220,0,87,0,40,0,18,0,12,0,11,
0,54,1,115,249,155,248,45,2,104,250,114,5,187,255,67,255,222,189,0,186,0,228,0,220,0,87,0,39,0,18,0,12,0,11,
0,54,1,115,249,155,248,45,2,104,250,114,5,64,1,253,254,252,189,0,185,0,227,0,220,0,88,0,39,0,19,0,13,0,11,
0,32,1,127,249,164,248,45,2,104,250,114,5,64,1,253,254,99,188,0,185,0,228,0,221,0,87,0,38,0,19,0,13,0,11,
0,56,1,94,249,174,248,45,2,104,250,114,5,122,0,189,254,99,188,0,185,0,227,0,222,0,88,0,38,0,18,0,13,0,11,
0,56,1,94,249,176,248,45,2,104,250,114,5,229,255,15,255,57,190,0,185,0,227,0,222,0,88,0,38,0,19,0,13,0,11,
0,52,1,74,249,176,248,45,2,104,250,114,5,200,0,203,254,159,190,0,185,0,227,0,222,0,88,0,37,0,17,0,12,0,11,
0,51,1,79,249,170,248,87,2,97,250,200,6,200,0,115,254,95,188,0,185,0,227,0,223,0,89,0,38,0,18,0,13,0,11,
0,46,1,76,249,174,248,87,2,97,250,200,6,11,0,115,254,95,188,0,185,0,228,0,223,0,89,0,37,0,18,0,13,0,11,
0,46,1,76,249,174,248,87,2,97,250,200,6,27,255,51,255,230,191,0,185,0,228,0,224,0,89,0,37,0,16,0,13,0,11,
0,52,1,84,249,204,248,87,2,97,250,200,6,212,0,176,254,252,190,0,185,0,227,0,224,0,89,0,38,0,16,0,12,0,11,
0,56,1,97,249,211,248,87,2,97,250,200,6,130,0,41,254,181,187,0,185,0,228,0,226,0,89,0,37,0,16,0,12,0,11,
0,41,1,120,249,194,248,87,2,97,250,200,6,130,0,41,254,174,189,0,184,0,228,0,226,0,90,0,38,0,17,0,12,0,11,
0,41,1,120,249,194,248,87,2,97,250,200,6,109,254,247,254,174,189,0,185,0,229,0,227,0,90,0,37,0,17,0,12,0,11,
0,31,1,118,249,198,248,87,2,97,250,200,6,111,0,145,254,75,192,0,184,0,228,0,227,0,91,0,38,0,17,0,13,0,11,
0,247,0,132,249,175,248,87,2,97,250,200,6,85,0,107,253,174,187,0,184,0,229,0,229,0,90,0,38,0,18,0,13,0,11,
0,233,0,110,249,154,248,87,2,97,250,200,6,184,254,8,254,129,190,0,184,0,229,0,230,0,91,0,38,0,16,0,12,0,11,
0,233,0,110,249,154,248,197,2,68,250,152,6,184,254,8,254,129,190,0,184,0,229,0,230,0,92,0,38,0,17,0,13,0,11,
0,225,0,98,249,168,248,197,2,68,250,152,6,58,255,14,254,172,192,0,183,0,229,0,232,0,92,0,39,0,18,0,13,0,12,
0,222,0,108,249,229,248,197,2,68,250,152,6,221,255,223,253,214,191,0,183,0,230,0,232,0,93,0,40,0,18,0,13,0,11,
0,222,0,108,249,229,248,197,2,68,250,152,6,96,0,43,253,5,189,0,183,0,230,0,233,0,92,0,39,0,17,0,12,0,11,
0,224,0,90,249,229,248,197,2,68,250,152,6,96,0,43,253,147,189,0,183,0,231,0,234,0,93,0,39,0,17,0,12,0,11,
0,232,0,99,249,206,248,197,2,68,250,152,6,240,253,241,253,147,189,0,182,0,231,0,234,0,94,0,40,0,19,0,13,0,11,
0,226,0,84,249,202,248,197,2,68,250,152,6,197,255,227,253,105,193,0,182,0,231,0,235,0,94,0,40,0,18,0,13,0,11,
0,226,0,84,249,202,248,197,2,68,250,152,6,39,0,59,253,175,190,0,182,0,231,0,235,0,94,0,40,0,18,0,13,0,11,
0,244,0,68,249,223,248,197,2,68,250,152,6,235,254,119,253,241,190,0,182,0,232,0,236,0,94,0,40,0,17,0,13,0,11,
0,3,1,70,249,229,248,197,2,68,250,152,6,235,254,119,253,241,190,0,181,0,232,0,236,0,94,0,40,0,17,0,12,0,11,
0,220,0,59,249,221,248,195,2,100,250,3,7,133,255,138,253,97,192,0,181,0,232,0,235,0,95,0,40,0,18,0,13,0,11,
0,220,0,59,249,221,248,195,2,100,250,3,7,38,0,44,253,172,192,0,181,0,232,0,235,0,95,0,40,0,18,0,13,0,11,
0,203,0,26,249,226,248,195,2,100,250,3,7,54,255,12,253,250,190,0,180,0,232,0,235,0,95,0,40,0,18,0,13,0,11,
0,201,0,35,249,2,249,195,2,100,250,3,7,54,255,118,253,184,193,0,181,0,233,0,235,0,95,0,40,0,17,0,12,0,11,
0,207,0,54,249,253,248,195,2,100,250,3,7,82,255,118,253,184,193,0,180,0,233,0,235,0,95,0,40,0,17,0,12,0,11,
0,207,0,54,249,253,248,195,2,100,250,3,7,171,255,216,252,236,191,0,180,0,232,0,234,0,95,0,40,0,18,0,13,0,11,
0,183,0,71,249,244,248,195,2,100,250,3,7,163,254,190,252,242,190,0,181,0,233,0,233,0,94,0,40,0,18,0,12,0,11,
0,152,0,57,249,245,248,195,2,100,250,3,7,137,254,41,253,98,192,0,180,0,232,0,232,0,95,0,40,0,18,0,13,0,11,
0,152,0,57,249,254,248,195,2,100,250,3,7,137,254,41,253,182,193,0,180,0,233,0,232,0,94,0,40,0,17,0,12,0,11,
0,149,0,70,249,254,248,195,2,100,250,3,7,201,254,17,253,182,193,0,180,0,232,0,232,0,94,0,40,0,17,0,13,0,11,
0,152,0,57,249,6,249,235,2,115,250,14,7,40,255,113,252,181,189,0,180,0,232,0,230,0,94,0,40,0,18,0,13,0,12,
0,151,0,22,249,0,249,235,2,115,250,14,7,90,253,49,253,35,193,0,180,0,233,0,230,0,94,0,40,0,18,0,13,0,11,
0,151,0,22,249,0,249,235,2,115,250,14,7,90,255,231,252,193,194,0,180,0,233,0,230,0,94,0,40,0,18,0,13,0,12,
0,135,0,6,249,242,248,235,2,115,250,14,7,203,255,231,252,193,194,0,180,0,232,0,228,0,94,0,40,0,18,0,13,0,11,
0,123,0,5,249,243,248,235,2,115,250,14,7,171,254,252,251,99,189,0,180,0,233,0,228,0,93,0,40,0,17,0,12,0,11,
0,168,0,20,249,249,248,235,2,115,250,14,7,243,252,1,253,134,193,0,180,0,232,0,228,0,93,0,40,0,18,0,13,0,11,
0,168,0,20,249,249,248,235,2,115,250,14,7,98,255,85,252,75,193,0,180,0,233,0,228,0,92,0,40,0,18,0,13,0,11,
0,132,0,30,249,241,248,235,2,115,250,14,7,98,255,85,252,101,191,0,180,0,233,0,227,0,92,0,39,0,17,0,13,0,11,
0,105,0,29,249,255,248,235,2,115,250,14,7,57,253,127,252,101,191,0,180,0,233,0,226,0,92,0,40,0,18,0,13,0,11,
0,114,0,3,249,35,249,235,2,115,250,14,7,242,253,170,252,10,193,0,180,0,233,0,226,0,92,0,39,0,17,0,12,0,11,
0,114,0,3,249,35,249,235,2,115,250,14,7,133,254,105,252,167,191,0,180,0,233,0,225,0,92,0,40,0,18,0,13,0,11,
0,102,0,244,248,47,249,33,3,133,250,99,6,201,253,85,252,41,192,0,180,0,232,0,225,0,92,0,40,0,18,0,13,0,11,
0,75,0,241,248,46,249,33,3,133,250,99,6,201,253,85,252,41,192,0,179,0,232,0,224,0,91,0,39,0,18,0,13,0,11,
0,75,0,241,248,68,249,33,3,133,250,99,6,39,253,125,252,99,191,0,180,0,233,0,224,0,90,0,38,0,17,0,13,0,11,
0,79,0,206,248,68,249,33,3,133,250,99,6,139,253,172,252,207,192,0,179,0,233,0,223,0,90,0,38,0,19,0,12,0,11,
0,81,0,199,248,72,249,33,3,133,250,99,6,177,253,15,252,181,189,0,179,0,232,0,222,0,91,0,39,0,20,0,13,0,11,
0,78,0,220,248,82,249,33,3,133,250,99,6,177,253,250,252,21,191,0,179,0,232,0,221,0,90,0,39,0,19,0,13,0,11,
0,78,0,220,248,82,249,33,3,133,250,99,6,115,252,250,252,21,191,0,178,0,232,0,220,0,90,0,38,0,19,0,13,0,11,
0,76,0,246,248,97,249,33,3,133,250,99,6,149,253,203,252,211,192,0,178,0,232,0,219,0,89,0,37,0,18,0,13,0,11,
0,67,0,5,249,58,249,33,3,133,250,99,6,187,253,17,252,139,189,0,178,0,232,0,217,0,88,0,37,0,17,0,12,0,11,
0,53,0,10,249,49,249,33,3,133,250,99,6,150,251,226,252,190,189,0,177,0,232,0,215,0,88,0,38,0,19,0,13,0,12,
0,53,0,10,249,49,249,233,2,202,250,46,6,150,251,226,252,164,192,0,178,0,232,0,214,0,87,0,38,0,18,0,13,0,11,
0,15,0,5,249,71,249,233,2,202,250,46,6,198,251,77,253,164,192,0,177,0,232,0,213,0,87,0,37,0,18,0,13,0,11,
0,245,255,18,249,78,249,233,2,202,250,46,6,110,253,255,252,199,192,0,177,0,232,0,212,0,86,0,36,0,18,0,13,0,11,
0,241,255,18,248,75,249,233,2,202,250,46,6,80,251,226,252,99,187,0,177,0,232,0,210,0,85,0,36,0,17,0,12,0,11,
0,241,255,244,248,75,249,233,2,202,250,46,6,80,251,251,253,28,193,0,177,0,232,0,209,0,86,0,37,0,18,0,13,0,11,
0,229,255,245,248,69,249,233,2,202,250,46,6,115,250,251,253,28,193,0,177,0,232,0,208,0,85,0,36,0,18,0,13,0,11,
0,250,255,37,249,48,249,233,2,202,250,46,6,35,252,31,253,191,191,0,177,0,232,0,206,0,84,0,36,0,16,0,13,0,11,
0,250,255,37,249,41,249,233,2,202,250,46,6,228,250,239,252,225,187,0,178,0,233,0,206,0,83,0,35,0,16,0,12,0,11,
0,33,0,55,249,41,249,233,2,202,250,46,6,50,250,231,253,123,191,0,178,0,233,0,205,0,82,0,30,0,15,0,12,0,11,
0,21,0,46,249,48,249,233,2,202,250,46,6,50,250,231,253,65,190,0,178,0,232,0,203,0,82,0,31,0,16,0,13,0,12,
0,245,255,250,248,41,249,96,3,151,250,110,6,206,251,15,253,65,190,0,179,0,233,0,203,0,81,0,32,0,16,0,12,0,11,
0,245,255,250,248,41,249,96,3,151,250,110,6,97,250,169,253,64,190,0,179,0,232,0,202,0,81,0,33,0,16,0,12,0,11,
0,168,255,236,248,36,249,96,3,151,250,110,6,117,250,205,253,18,191,0,180,0,233,0,202,0,80,0,32,0,15,0,12,0,11,
0,161,255,239,248,57,249,96,3,151,250,110,6,216,250,71,253,181,189,0,180,0,232,0,202,0,80,0,33,0,15,0,12,0,11,
0,183,255,247,248,68,249,96,3,151,250,110,6,216,250,71,253,181,189,0,181,0,232,0,201,0,80,0,33,0,16,0,12,0,11,
0,183,255,247,248,68,249,96,3,151,250,110,6,223,248,203,253,73,188,0,181,0,232,0,201,0,80,0,33,0,15,0,12,0,11,
0,172,255,226,248,89,249,96,3,151,250,110,6,19,250,247,253,5,192,0,182,0,232,0,202,0,79,0,33,0,16,0,12,0,11,
0,177,255,225,248,133,249,96,3,151,250,110,6,176,250,223,252,164,187,0,182,0,232,0,201,0,80,0,33,0,16,0,12,0,11,
0,202,255,225,249,101,249,96,3,151,250,110,6,176,250,207,253,230,188,0,183,0,232,0,202,0,79,0,33,0,15,0,11,0,10,
0,202,255,9,249,101,249,96,3,151,250,110,6,109,248,207,253,230,188,0,182,0,232,0,202,0,80,0,34,0,16,0,12,0,11,
0,164,255,21,249,100,249,59,3,214,250,60,6,10,250,235,253,170,192,0,183,0,232,0,203,0,79,0,33,0,16,0,12,0,11,
0,146,255,17,249,116,249,59,3,214,250,60,6,159,250,243,252,47,189,0,183,0,231,0,203,0,80,0,34,0,16,0,12,0,11,
0,146,255,17,249,109,249,59,3,214,250,60,6,24,249,88,253,144,187,0,184,0,231,0,203,0,80,0,33,0,16,0,12,0,11,
0,108,255,42,249,109,249,59,3,214,250,60,6,24,249,88,253,144,190,0,184,0,231,0,204,0,80,0,33,0,16,0,12,0,11,
0,122,255,61,249,117,249,59,3,214,250,60,6,34,249,238,253,220,190,0,184,0,230,0,204,0,80,0,34,0,16,0,12,0,11,
0,108,255,87,249,118,249,59,3,214,250,60,6,50,250,21,253,43,189,0,184,0,230,0,205,0,80,0,33,0,16,0,12,0,11,
0,108,255,87,249,118,249,59,3,214,250,60,6,117,248,194,253,66,189,0,184,0,230,0,205,0,80,0,34,0,16,0,12,0,11,
0,119,255,100,249,113,249,59,3,214,250,60,6,117,248,146,253,46,191,0,184,0,230,0,206,0,80,0,33,0,15,0,13,0,11,
0,167,255,102,249,126,249,59,3,214,250,60,6,197,249,146,253,46,191,0,184,0,230,0,207,0,80,0,33,0,16,0,12,0,11,
0,158,255,143,249,134,249,59,3,214,250,60,6,49,249,69,253,5,188,0,184,0,229,0,207,0,81,0,34,0,16,0,12,0,11,
0,158,255,143,249,134,249,59,3,214,250,60,6,237,247,175,253,62,190,0,184,0,230,0,208,0,81,0,38,0,17,0,12,0,11,
0,123,255,174,249,146,249,96,3,238,250,232,5,67,249,116,253,146,191,0,183,0,229,0,208,0,82,0,37,0,18,0,12,0,11,
0,152,255,190,249,184,249,96,3,238,250,232,5,67,249,116,253,195,187,0,183,0,230,0,209,0,81,0,36,0,17,0,12,0,10,
0,159,255,190,249,184,249,96,3,238,250,232,5,171,249,189,252,195,187,0,183,0,229,0,209,0,82,0,36,0,18,0,13,0,11,
0,159,255,226,249,184,249,96,3,238,250,232,5,2,247,186,253,30,189,0,182,0,229,0,210,0,82,0,36,0,18,0,13,0,11,
0,124,255,253,249,213,249,96,3,238,250,232,5,119,248,149,253,71,192,0,182,0,229,0,210,0,82,0,35,0,17,0,13,0,11,
0,85,255,8,250,227,249,96,3,238,250,232,5,21,249,7,253,252,188,0,181,0,228,0,211,0,83,0,35,0,17,0,13,0,11,
0,85,255,8,250,246,249,96,3,238,250,232,5,21,249,7,253,252,188,0,181,0,229,0,212,0,83,0,35,0,16,0,12,0,11,
0,73,255,13,250,246,249,96,3,238,250,232,5,180,247,39,253,29,188,0,181,0,229,0,213,0,83,0,35,0,17,0,12,0,11,
0,89,255,18,250,15,250,96,3,238,250,232,5,73,247,214,253,209,192,0,180,0,229,0,213,0,84,0,35,0,17,0,13,0,11,
0,86,255,55,250,51,250,96,3,238,250,232,5,75,249,81,253,54,190,0,180,0,229,0,214,0,84,0,35,0,17,0,13,0,11,
0,86,255,55,250,51,250,130,3,192,250,90,6,75,249,81,253,4,189,0,179,0,229,0,215,0,84,0,35,0,17,0,12,0,11,
0,86,255,87,250,59,250,130,3,192,250,90,6,208,247,94,253,4,189,0,179,0,228,0,215,0,85,0,36,0,18,0,13,0,11,
0,124,255,116,250,60,250,130,3,192,250,90,6,69,247,209,253,174,191,0,178,0,229,0,216,0,85,0,35,0,17,0,12,0,11,
0,134,255,136,250,59,250,130,3,192,250,90,6,206,248,102,253,26,191,0,178,0,228,0,216,0,85,0,36,0,18,0,13,0,11,
0,134,255,136,250,59,250,130,3,192,250,90,6,143,247,122,253,20,189,0,178,0,229,0,217,0,85,0,36,0,17,0,12,0,11,
0,128,255,123,250,71,250,130,3,192,250,90,6,143,247,122,253,20,189,0,177,0,228,0,217,0,85,0,36,0,17,0,12,0,11,
0,122,255,107,250,105,250,130,3,192,250,90,6,17,248,249,253,84,192,0,176,0,228,0,217,0,86,0,36,0,18,0,13,0,11,
0,122,255,107,250,126,250,130,3,192,250,90,6,237,247,96,253,195,187,0,176,0,229,0,218,0,86,0,36,0,17,0,12,0,11,
0,100,255,111,250,126,250,130,3,192,250,90,6,130,246,116,254,247,190,0,176,0,229,0,219,0,86,0,36,0,18,0,13,0,11,
0,103,255,118,250,134,250,130,3,192,250,90,6,130,246,216,253,240,191,0,176,0,229,0,219,0,87,0,37,0,18,0,13,0,11,
0,143,255,140,250,163,250,126,3,225,250,0,7,233,248,216,253,240,191,0,175,0,229,0,220,0,87,0,36,0,17,0,12,0,11,
0,143,255,140,250,156,250,126,3,225,250,0,7,184,247,131,253,85,188,0,175,0,228,0,220,0,87,0,36,0,18,0,13,0,11,
0,144,255,169,250,156,250,126,3,225,250,0,7,112,246,248,253,177,189,0,175,0,229,0,220,0,87,0,36,0,17,0,12,0,11,
0,109,255,167,250,174,250,126,3,225,250,0,7,13,248,50,254,220,192,0,175,0,229,0,221,0,87,0,37,0,18,0,13,0,11,
0,153,255,203,250,170,250,126,3,225,250,0,7,13,248,50,254,67,189,0,174,0,229,0,221,0,87,0,36,0,17,0,12,0,11,
0,153,255,203,250,170,250,126,3,225,250,0,7,159,248,108,253,67,189,0,174,0,230,0,221,0,87,0,36,0,17,0,12,0,11,
0,189,255,244,250,171,250,126,3,225,250,0,7,34,247,57,254,204,188,0,173,0,229,0,221,0,88,0,37,0,18,0,13,0,11,
0,178,255,236,250,169,250,126,3,225,250,0,7,26,247,155,254,210,190,0,173,0,230,0,221,0,87,0,37,0,17,0,12,0,11,
0,139,255,248,250,167,250,126,3,225,250,0,7,26,248,109,254,166,191,0,173,0,230,0,221,0,88,0,37,0,18,0,13,0,11,
0,139,255,248,250,167,250,126,3,225,250,0,7,24,248,109,254,166,191,0,173,0,230,0,221,0,88,0,38,0,18,0,13,0,11,
0,131,255,1,251,200,250,156,3,177,250,220,6,17,249,39,254,251,188,0,172,0,230,0,221,0,88,0,38,0,18,0,13,0,11,
0,209,255,238,250,202,250,156,3,177,250,220,6,22,248,247,253,62,188,0,172,0,231,0,221,0,88,0,37,0,17,0,13,0,11,
0,209,255,238,250,197,250,156,3,177,250,220,6,6,247,3,255,63,191,0,171,0,230,0,220,0,88,0,38,0,19,0,13,0,11,
0,234,255,239,250,197,250,156,3,177,250,220,6,6,247,3,255,192,190,0,171,0,230,0,220,0,88,0,37,0,18,0,13,0,11,
0,5,0,4,251,214,250,156,3,177,250,220,6,224,248,33,254,192,190,0,171,0,230,0,220,0,88,0,37,0,18,0,13,0,11,
0,254,255,18,251,212,250,156,3,177,250,220,6,52,248,245,253,157,188,0,170,0,230,0,219,0,88,0,37,0,18,0,13,0,11,
0,254,255,18,251,217,250,156,3,177,250,220,6,226,247,118,254,30,189,0,170,0,231,0,219,0,87,0,37,0,17,0,12,0,11,
0,16,0,33,251,217,250,156,3,177,250,220,6,121,247,224,254,195,190,0,169,0,231,0,219,0,88,0,37,0,18,0,13,0,12,
0,20,0,51,251,223,250,156,3,177,250,220,6,121,247,224,254,195,190,0,169,0,231,0,218,0,88,0,37,0,18,0,13,0,11,
0,62,0,80,251,234,250,156,3,177,250,220,6,174,248,77,254,29,190,0,169,0,231,0,218,0,88,0,37,0,18,0,13,0,11,
0,62,0,80,251,234,250,156,3,7,251,182,5,213,247,61,254,94,188,0,168,0,231,0,218,0,88,0,37,0,18,0,13,0,11,
0,49,0,62,251,10,251,203,3,7,251,182,5,243,247,155,254,40,190,0,168,0,232,0,219,0,87,0,36,0,17,0,12,0,11,
0,5,0,43,251,242,250,203,3,7,251,182,5,243,247,213,254,72,191,0,168,0,231,0,219,0,87,0,37,0,18,0,13,0,11,
0,32,0,52,251,247,250,203,3,7,251,182,5,216,247,213,254,72,191,0,168,0,232,0,219,0,87,0,37,0,18,0,13,0,11,
0,32,0,52,251,247,250,203,3,7,251,182,5,218,248,123,254,221,189,0,168,0,232,0,219,0,87,0,37,0,18,0,13,0,11,
0,106,0,48,251,13,251,203,3,7,251,182,5,253,247,117,254,205,188,0,167,0,232,0,219,0,87,0,37,0,18,0,12,0,11,
0,98,0,55,251,42,251,203,3,7,251,182,5,248,247,3,255,121,190,0,167,0,232,0,220,0,87,0,36,0,17,0,12,0,11,
0,98,0,55,251,43,251,203,3,7,251,182,5,248,247,3,255,47,189,0,167,0,232,0,220,0,87,0,36,0,17,0,12,0,11,
0,107,0,46,251,43,251,203,3,7,251,182,5,235,248,138,254,47,189,0,166,0,231,0,221,0,88,0,37,0,18,0,13,0,11,
0,99,0,63,251,55,251,203,3,7,251,182,5,253,247,186,254,213,188,0,166,0,231,0,221,0,87,0,36,0,17,0,12,0,11,
0,94,0,49,251,65,251,203,3,7,251,182,5,241,247,219,254,13,190,0,166,0,230,0,221,0,88,0,37,0,18,0,13,0,11,
0,94,0,49,251,65,251,211,3,35,251,84,6,241,247,221,254,208,189,0,167,0,230,0,222,0,88,0,37,0,17,0,12,0,11,
0,115,0,35,251,68,251,211,3,35,251,84,6,146,248,221,254,208,189,0,167,0,230,0,222,0,88,0,37,0,17,0,12,0,11,
0,130,0,240,250,77,251,211,3,35,251,84,6,136,248,134,254,146,189,0,167,0,229,0,222,0,89,0,37,0,18,0,13,0,11,
0,143,0,232,250,71,251,211,3,35,251,84,6,4,248,211,254,195,188,0,167,0,228,0,223,0,88,0,38,0,18,0,13,0,11,
0,143,0,232,250,71,251,211,3,35,251,84,6,212,247,168,254,217,189,0,168,0,228,0,223,0,89,0,37,0,17,0,12,0,11,
0,164,0,249,250,64,251,211,3,35,251,84,6,212,247,168,254,38,190,0,168,0,227,0,223,0,89,0,38,0,18,0,13,0,11,
0,169,0,244,250,67,251,211,3,35,251,84,6,67,248,186,254,38,190,0,168,0,227,0,223,0,89,0,37,0,17,0,12,0,11,
0,142,0,236,250,61,251,211,3,35,251,84,6,75,248,106,254,235,188,0,168,0,227,0,223,0,89,0,38,0,18,0,13,0,11,
0,142,0,236,250,61,251,211,3,35,251,84,6,170,247,53,254,117,188,0,168,0,227,0,224,0,89,0,38,0,16,0,12,0,11,
0,171,0,243,250,28,251,211,3,35,251,84,6,195,247,109,254,78,189,0,169,0,226,0,224,0,89,0,37,0,16,0,12,0,11,
0,200,0,223,250,49,251,55,4,195,250,71,7,195,247,109,254,78,189,0,169,0,225,0,224,0,90,0,38,0,17,0,13,0,11,
0,200,0,223,250,91,251,55,4,195,250,71,7,144,247,153,254,238,189,0,169,0,225,0,224,0,89,0,37,0,16,0,12,0,11,
0,212,0,205,250,91,251,55,4,195,250,71,7,70,248,50,254,8,189,0,169,0,225,0,224,0,90,0,38,0,17,0,12,0,11,
0,230,0,201,250,101,251,55,4,195,250,71,7,159,247,6,254,227,188,0,170,0,225,0,224,0,89,0,37,0,16,0,12,0,11,
0,229,0,190,250,88,251,55,4,195,250,71,7,159,247,6,254,242,188,0,171,0,224,0,225,0,90,0,37,0,16,0,12,0,11,
0,229,0,190,250,88,251,55,4,195,250,71,7,38,247,59,254,242,188,0,171,0,223,0,224,0,90,0,33,0,17,0,13,0,12,
0,228,0,198,250,124,251,55,4,195,250,71,7,116,247,5,254,91,190,0,171,0,224,0,225,0,89,0,33,0,16,0,12,0,11,
0,208,0,194,250,163,251,55,4,195,250,71,7,189,247,224,253,221,189,0,171,0,223,0,224,0,90,0,35,0,16,0,13,0,12,
0,214,0,182,250,180,251,55,4,195,250,71,7,83,247,199,253,24,189,0,172,0,223,0,225,0,89,0,36,0,16,0,13,0,11,
0,214,0,182,250,180,251,55,4,195,250,71,7,83,247,199,253,24,189,0,172,0,222,0,225,0,90,0,37,0,17,0,12,0,11,
0,227,0,218,250,187,251,18,4,35,251,242,6,176,246,219,253,43,189,0,173,0,222,0,225,0,90,0,36,0,16,0,12,0,11,
0,242,0,205,250,177,251,18,4,35,251,242,6,245,246,168,253,163,190,0,173,0,221,0,224,0,90,0,38,0,17,0,13,0,11,
0,238,0,183,250,188,251,18,4,35,251,242,6,176,247,73,253,16,190,0,174,0,220,0,225,0,91,0,38,0,17,0,13,0,11,
0,238,0,183,250,188,251,18,4,35,251,242,6,176,247,115,253,46,189,0,175,0,220,0,225,0,90,0,38,0,17,0,13,0,11,
0,243,0,182,250,194,251,18,4,35,251,242,6,147,246,115,253,46,189,0,175,0,220,0,225,0,91,0,38,0,17,0,12,0,11,
0,254,0,197,250,188,251,18,4,35,251,242,6,142,246,221,253,21,192,0,175,0,220,0,225,0,90,0,37,0,16,0,12,0,11,
0,254,0,197,250,210,251,18,4,35,251,242,6,91,247,195,252,227,188,0,176,0,219,0,225,0,90,0,38,0,16,0,12,0,11,
0,212,0,204,250,210,251,18,4,35,251,242,6,118,246,40,253,149,189,0,176,0,218,0,224,0,91,0,38,0,18,0,13,0,11,
0,220,0,201,250,223,251,18,4,35,251,242,6,118,246,40,253,131,190,0,177,0,218,0,225,0,90,0,38,0,17,0,13,0,11,
0,252,0,216,250,255,251,18,4,35,251,242,6,250,245,138,253,131,190,0,177,0,218,0,224,0,90,0,38,0,17,0,12,0,11,
0,252,0,216,250,255,251,22,4,43,251,51,7,14,247,155,253,159,192,0,178,0,217,0,225,0,90,0,38,0,16,0,12,0,11,
0,15,1,195,250,7,252,22,4,43,251,51,7,72,247,231,252,238,188,0,178,0,217,0,224,0,90,0,37,0,16,0,12,0,11,
0,245,0,197,250,27,252,22,4,43,251,51,7,72,245,128,253,101,189,0,178,0,216,0,224,0,90,0,38,0,17,0,13,0,11,
0,224,0,200,250,39,252,22,4,43,251,51,7,73,245,128,253,101,189,0,179,0,216,0,224,0,90,0,38,0,17,0,13,0,11,
0,224,0,200,250,39,252,22,4,43,251,51,7,52,246,207,253,227,193,0,180,0,216,0,224,0,90,0,38,0,17,0,12,0,11,
0,244,0,183,250,60,252,22,4,43,251,51,7,185,247,39,253,87,191,0,180,0,215,0,223,0,90,0,38,0,20,0,13,0,11,
0,15,1,186,250,60,252,22,4,43,251,51,7,192,245,47,253,49,188,0,181,0,215,0,223,0,89,0,38,0,18,0,12,0,11,
0,18,1,202,250,65,252,22,4,43,251,51,7,192,245,47,253,115,192,0,181,0,214,0,222,0,90,0,42,0,20,0,13,0,11,
0,18,1,202,250,65,252,22,4,43,251,51,7,126,245,2,254,115,192,0,183,0,214,0,223,0,90,0,41,0,20,0,13,0,11,
0,11,1,221,250,69,252,22,4,43,251,51,7,104,247,77,253,95,193,0,183,0,214,0,222,0,90,0,41,0,19,0,13,0,11,
0,24,1,217,250,93,252,22,4,43,251,51,7,246,245,7,253,97,188,0,185,0,214,0,222,0,89,0,40,0,18,0,13,0,11,
0,24,1,217,250,87,252,137,4,26,251,109,7,79,245,218,253,98,191,0,185,0,213,0,222,0,90,0,40,0,19,0,13,0,11,
0,2,1,233,250,87,252,137,4,26,251,109,7,79,245,218,253,98,191,0,187,0,212,0,221,0,89,0,40,0,19,0,13,0,11,
0,41,1,249,250,63,252,137,4,26,251,109,7,230,245,221,253,210,193,0,188,0,212,0,222,0,89,0,38,0,18,0,13,0,11,
0,27,1,253,250,38,252,137,4,26,251,109,7,98,246,94,253,248,189,0,189,0,212,0,221,0,89,0,39,0,19,0,13,0,11,
0,27,1,253,250,38,252,137,4,26,251,109,7,85,245,187,253,129,190,0,190,0,212,0,221,0,89,0,38,0,18,0,13,0,11,
0,25,1,5,251,56,252,137,4,26,251,109,7,85,245,72,254,153,191,0,191,0,211,0,221,0,89,0,38,0,19,0,13,0,11,
0,12,1,31,251,102,252,137,4,26,251,109,7,185,244,72,254,153,191,0,192,0,211,0,221,0,89,0,38,0,18,0,13,0,11,
0,53,1,42,251,152,252,137,4,26,251,109,7,142,245,0,254,81,192,0,193,0,210,0,221,0,89,0,38,0,18,0,13,0,11,
0,53,1,42,251,152,252,137,4,26,251,109,7,69,246,253,253,149,191,0,194,0,210,0,221,0,89,0,38,0,18,0,13,0,11,
0,84,1,72,251,147,252,137,4,26,251,109,7,75,245,251,253,221,189,0,195,0,211,0,222,0,88,0,37,0,17,0,12,0,11,
0,129,1,86,251,139,252,104,4,64,251,248,6,75,245,251,253,185,190,0,196,0,209,0,222,0,89,0,38,0,18,0,13,0,11,
0,152,1,71,251,125,252,104,4,64,251,248,6,44,245,206,253,185,190,0,197,0,209,0,222,0,89,0,38,0,18,0,13,0,11,
0,152,1,71,251,125,252,104,4,64,251,248,6,16,245,198,254,210,193,0,198,0,209,0,222,0,89,0,38,0,18,0,13,0,11,
0,126,1,105,251,135,252,104,4,64,251,248,6,12,246,8,254,232,191,0,198,0,209,0,222,0,89,0,38,0,18,0,13,0,11,
0,156,1,128,251,153,252,104,4,64,251,248,6,12,246,116,253,88,189,0,199,0,209,0,223,0,89,0,37,0,17,0,12,0,11,
0,156,1,128,251,170,252,104,4,64,251,248,6,156,245,116,253,88,189,0,199,0,208,0,222,0,89,0,38,0,19,0,13,0,11,
0,224,1,161,251,170,252,104,4,64,251,248,6,65,244,127,254,176,191,0,200,0,209,0,222,0,89,0,38,0,18,0,13,0,11,
0,220,1,186,251,182,252,104,4,64,251,248,6,188,245,146,254,151,193,0,200,0,209,0,223,0,89,0,37,0,17,0,13,0,11,
0,208,1,197,251,206,252,104,4,64,251,248,6,209,245,24,254,250,190,0,201,0,208,0,223,0,89,0,38,0,18,0,13,0,11,
0,208,1,197,251,206,252,104,4,64,251,248,6,209,245,24,254,148,190,0,201,0,209,0,223,0,89,0,37,0,17,0,13,0,11,
0,212,1,238,251,219,252,125,4,91,251,159,7,139,244,146,254,148,190,0,202,0,209,0,223,0,89,0,38,0,18,0,13,0,11,
0,225,1,252,251,222,252,125,4,91,251,159,7,54,245,111,254,67,192,0,202,0,208,0,223,0,90,0,38,0,18,0,13,0,11,
0,9,2,32,252,223,252,125,4,91,251,159,7,113,245,101,254,117,193,0,202,0,209,0,223,0,90,0,38,0,19,0,13,0,11,
0,9,2,32,252,223,252,125,4,91,251,159,7,229,245,80,254,202,191,0,203,0,208,0,223,0,90,0,38,0,19,0,13,0,11,
0,8,2,66,252,18,253,125,4,91,251,159,7,229,245,80,254,202,191,0,203,0,209,0,223,0,89,0,37,0,17,0,12,0,11,
0,31,2,94,252,39,253,125,4,91,251,159,7,42,245,38,254,249,189,0,204,0,209,0,223,0,89,0,38,0,18,0,13,0,11,
0,37,2,94,252,68,253,125,4,91,251,159,7,82,244,172,254,151,192,0,204,0,209,0,223,0,90,0,38,0,19,0,13,0,12,
0,37,2,105,252,68,253,125,4,91,251,159,7,126,245,88,254,192,193,0,204,0,210,0,224,0,90,0,38,0,17,0,13,0,11,
0,62,2,101,252,68,253,125,4,91,251,159,7,126,245,88,253,82,191,0,204,0,209,0,223,0,90,0,38,0,19,0,13,0,11,
0,77,2,120,252,85,253,125,4,91,251,159,7,127,245,251,253,82,191,0,205,0,210,0,224,0,89,0,37,0,16,0,12,0,11,
0,77,2,120,252,116,253,219,4,103,251,247,6,236,244,41,254,144,190,0,205,0,210,0,224,0,90,0,38,0,17,0,13,0,11,
0,85,2,156,252,116,253,219,4,103,251,247,6,216,244,112,254,238,192,0,206,0,210,0,224,0,90,0,38,0,17,0,12,0,11,
0,80,2,198,252,115,253,219,4,103,251,247,6,3,246,39,254,63,192,0,207,0,211,0,225,0,89,0,37,0,16,0,12,0,11,
0,59,2,238,252,119,253,219,4,103,251,247,6,3,246,39,254,63,192,0,207,0,211,0,225,0,90,0,38,0,17,0,13,0,11,
0,59,2,238,252,119,253,219,4,103,251,247,6,194,245,4,254,12,191,0,207,0,212,0,226,0,90,0,38,0,16,0,12,0,11,
0,60,2,0,253,110,253,219,4,103,251,247,6,54,245,81,254,172,191,0,208,0,211,0,227,0,91,0,38,0,17,0,12,0,11,
0,79,2,7,253,108,253,219,4,103,251,247,6,223,245,253,253,57,192,0,208,0,211,0,226,0,91,0,39,0,18,0,13,0,11,
0,89,2,28,253,118,253,219,4,103,251,247,6,223,245,230,253,16,191,0,209,0,212,0,227,0,91,0,38,0,17,0,13,0,11,
0,89,2,28,253,118,253,219,4,103,251,247,6,218,245,230,253,16,191,0,209,0,212,0,228,0,91,0,38,0,17,0,12,0,11,
0,144,2,60,253,143,253,219,4,103,251,247,6,11,246,238,253,123,191,0,209,0,212,0,228,0,91,0,39,0,18,0,13,0,11,
0,126,2,74,253,169,253,219,4,103,251,247,6,11,246,255,253,140,191,0,210,0,212,0,229,0,91,0,38,0,17,0,12,0,11,
0,127,2,74,253,187,253,131,4,154,251,0,7,146,245,227,253,199,192,0,210,0,212,0,228,0,92,0,39,0,18,0,13,0,11,
0,127,2,99,253,187,253,131,4,154,251,0,7,146,245,227,253,97,193,0,211,0,213,0,229,0,91,0,38,0,17,0,12,0,11,
0,139,2,122,253,191,253,131,4,154,251,0,7,168,246,136,253,97,193,0,211,0,213,0,229,0,92,0,39,0,18,0,13,0,11,
0,136,2,107,253,208,253,131,4,154,251,0,7,30,246,167,253,149,190,0,211,0,213,0,230,0,92,0,38,0,17,0,12,0,11,
0,136,2,107,253,230,253,131,4,154,251,0,7,89,246,145,253,150,192,0,211,0,213,0,229,0,92,0,39,0,18,0,13,0,11,
0,140,2,107,253,230,253,131,4,154,251,0,7,89,247,96,253,113,192,0,212,0,213,0,229,0,92,0,40,0,18,0,13,0,11,
0,110,2,120,253,249,253,131,4,154,251,0,7,36,247,96,253,113,192,0,212,0,213,0,229,0,92,0,39,0,18,0,13,0,11,
0,101,2,149,253,255,253,131,4,154,251,0,7,94,246,17,253,189,189,0,212,0,213,0,229,0,92,0,40,0,18,0,13,0,11,
0,101,2,149,253,255,253,131,4,154,251,0,7,132,246,192,253,133,194,0,213,0,213,0,230,0,92,0,38,0,17,0,12,0,11,
0,121,2,199,253,14,254,131,4,154,251,0,7,16,248,251,252,166,192,0,213,0,213,0,229,0,92,0,39,0,17,0,12,0,11,
0,115,2,179,253,37,254,194,4,74,251,102,7,16,248,251,252,174,190,0,213,0,212,0,229,0,92,0,40,0,18,0,13,0,11,
0,99,2,153,253,53,254,194,4,74,251,102,7,84,247,17,253,174,190,0,214,0,213,0,229,0,92,0,40,0,18,0,13,0,11,
0,99,2,153,253,53,254,194,4,74,251,102,7,191,245,189,253,75,192,0,214,0,212,0,228,0,92,0,40,0,18,0,13,0,11,
0,80,2,159,253,97,254,194,4,74,251,102,7,104,248,13,253,142,194,0,215,0,213,0,228,0,92,0,38,0,17,0,12,0,11,
0,71,2,180,253,99,254,194,4,74,251,102,7,90,247,83,252,105,189,0,214,0,212,0,228,0,92,0,39,0,18,0,13,0,11,
0,81,2,180,253,137,254,194,4,74,251,102,7,90,247,83,252,105,189,0,214,0,212,0,227,0,92,0,39,0,18,0,13,0,11,
0,81,2,201,253,137,254,194,4,74,251,102,7,158,245,65,253,123,193,0,214,0,212,0,227,0,92,0,40,0,18,0,13,0,11,
0,102,2,199,253,146,254,194,4,74,251,102,7,96,247,27,253,169,194,0,215,0,211,0,227,0,92,0,40,0,18,0,13,0,11,
0,99,2,212,253,130,254,194,4,74,251,102,7,148,247,91,252,87,190,0,215,0,212,0,227,0,91,0,39,0,17,0,13,0,11,
0,99,2,212,253,160,254,194,4,74,251,102,7,148,247,69,253,94,193,0,215,0,212,0,227,0,91,0,38,0,17,0,12,0,11,
0,68,2,251,253,160,254,208,4,178,251,104,7,184,246,69,253,94,193,0,215,0,211,0,226,0,92,0,40,0,18,0,13,0,11,
0,61,2,9,254,187,254,208,4,178,251,104,7,151,247,208,252,146,193,0,215,0,211,0,227,0,92,0,39,0,18,0,13,0,11,
0,44,2,11,254,193,254,208,4,178,251,104,7,53,247,134,252,84,191,0,215,0,211,0,226,0,91,0,33,0,17,0,13,0,12,
0,44,2,11,254,193,254,208,4,178,251,104,7,184,246,175,252,19,193,0,216,0,212,0,227,0,91,0,34,0,16,0,12,0,11,
0,56,2,0,254,220,254,208,4,178,251,104,7,184,246,175,252,213,193,0,216,0,212,0,227,0,91,0,36,0,16,0,12,0,11,
0,69,2,19,254,237,254,208,4,178,251,104,7,41,247,164,252,213,193,0,216,0,211,0,227,0,91,0,37,0,17,0,13,0,11,
0,67,2,20,254,30,255,208,4,178,251,104,7,117,247,92,252,157,192,0,216,0,211,0,227,0,91,0,37,0,17,0,13,0,11,
0,67,2,20,254,30,255,208,4,178,251,104,7,244,246,151,252,61,192,0,216,0,211,0,227,0,91,0,37,0,16,0,12,0,11,
0,44,2,17,254,28,255,208,4,178,251,104,7,244,246,73,252,95,192,0,216,0,211,0,227,0,92,0,38,0,17,0,13,0,11,
0,13,2,29,254,15,255,208,4,178,251,104,7,247,246,73,252,95,192,0,217,0,211,0,227,0,91,0,37,0,16,0,12,0,11,
0,13,2,29,254,12,255,210,4,156,251,157,7,39,247,117,252,7,193,0,216,0,211,0,227,0,91,0,38,0,18,0,13,0,11,
0,52,2,7,254,12,255,210,4,156,251,157,7,238,246,124,252,51,193,0,216,0,211,0,227,0,91,0,38,0,17,0,13,0,11,
0,67,2,251,253,253,254,210,4,156,251,157,7,142,247,170,252,208,193,0,216,0,211,0,228,0,91,0,39,0,17,0,12,0,11,
0,28,2,9,254,17,255,210,4,156,251,157,7,142,247,170,252,30,192,0,217,0,211,0,228,0,91,0,38,0,17,0,12,0,11,
0,28,2,9,254,56,255,210,4,156,251,157,7,247,247,56,252,30,192,0,217,0,211,0,228,0,91,0,38,0,17,0,12,0,11,
0,235,1,255,253,56,255,210,4,156,251,157,7,180,246,121,252,116,191,0,216,0,211,0,227,0,92,0,39,0,18,0,13,0,11,
0,24,2,15,254,134,255,210,4,156,251,157,7,201,246,236,252,220,193,0,217,0,211,0,227,0,92,0,39,0,18,0,13,0,11,
0,45,2,29,254,153,255,210,4,156,251,157,7,221,247,29,252,120,193,0,217,0,211,0,227,0,91,0,38,0,18,0,13,0,11,
0,45,2,29,254,153,255,210,4,156,251,157,7,221,247,29,252,120,193,0,216,0,210,0,227,0,92,0,39,0,18,0,13,0,11,
0,18,2,43,254,142,255,210,4,156,251,157,7,251,246,246,251,20,192,0,216,0,210,0,227,0,91,0,38,0,17,0,12,0,11,
0,248,1,77,254,160,255,210,4,156,251,138,7,143,246,165,252,149,193,0,215,0,210,0,227,0,92,0,39,0,18,0,13,0,11,
0,14,2,83,254,149,255,0,5,155,251,138,7,162,246,137,252,172,194,0,216,0,211,0,227,0,91,0,39,0,17,0,13,0,11,
0,14,2,83,254,149,255,0,5,155,251,138,7,162,246,137,252,11,192,0,215,0,211,0,226,0,92,0,40,0,18,0,13,0,11,
0,243,1,95,254,132,255,0,5,155,251,138,7,146,247,40,252,11,192,0,215,0,211,0,227,0,91,0,38,0,17,0,12,0,11,
0,212,1,100,254,141,255,0,5,155,251,138,7,85,246,118,252,115,192,0,215,0,211,0,226,0,92,0,43,0,18,0,13,0,11,
0,212,1,100,254,160,255,0,5,155,251,138,7,68,247,113,252,5,194,0,215,0,211,0,225,0,91,0,42,0,19,0,12,0,11,
0,226,1,125,254,160,255,0,5,155,251,138,7,90,247,239,251,224,191,0,215,0,211,0,225,0,91,0,41,0,19,0,13,0,11,
0,227,1,118,254,174,255,0,5,155,251,138,7,90,247,239,251,224,191,0,214,0,211,0,225,0,90,0,40,0,18,0,12,0,11,
0,222,1,148,254,199,255,0,5,155,251,138,7,176,245,219,252,38,193,0,214,0,211,0,224,0,91,0,40,0,19,0,13,0,11,
0,222,1,148,254,206,255,0,5,155,251,138,7,164,247,126,252,182,194,0,214,0,211,0,224,0,90,0,39,0,17,0,12,0,11,
0,9,2,154,254,206,255,0,5,155,251,138,7,199,247,1,252,117,190,0,213,0,211,0,224,0,91,0,40,0,18,0,13,0,11,
0,45,2,165,254,194,255,185,4,236,251,179,6,199,247,181,252,196,192,0,213,0,212,0,223,0,90,0,40,0,20,0,13,0,11,
0,28,2,195,254,189,255,185,4,236,251,179,6,80,246,181,252,196,192,0,213,0,212,0,224,0,90,0,39,0,17,0,13,0,11,
0,28,2,195,254,189,255,185,4,236,251,179,6,192,246,181,252,135,196,0,213,0,212,0,224,0,90,0,39,0,17,0,13,0,11,
0,244,1,208,254,221,255,185,4,236,251,179,6,80,248,193,251,1,193,0,213,0,213,0,224,0,89,0,38,0,17,0,12,0,11,
0,250,1,211,254,2,0,185,4,236,251,179,6,136,246,21,252,79,190,0,213,0,213,0,224,0,90,0,39,0,18,0,13,0,12,
0,212,1,181,254,0,0,185,4,236,251,179,6,136,246,21,252,5,194,0,213,0,214,0,224,0,90,0,38,0,17,0,13,0,11,
0,212,1,181,254,0,0,185,4,236,251,179,6,101,246,229,252,5,194,0,213,0,214,0,224,0,90,0,39,0,17,0,13,0,11,
0,230,1,203,254,3,0,185,4,236,251,179,6,14,247,115,252,33,195,0,213,0,215,0,224,0,90,0,38,0,17,0,12,0,11,
0,239,1,217,254,7,0,185,4,236,251,179,6,70,248,107,252,155,193,0,213,0,215,0,224,0,90,0,39,0,18,0,13,0,11,
0,239,1,217,254,42,0,185,4,236,251,179,6,70,247,220,251,22,190,0,213,0,215,0,224,0,90,0,39,0,18,0,13,0,11,
0,230,1,221,254,42,0,162,4,193,251,136,7,217,247,220,251,22,190,0,213,0,215,0,224,0,90,0,38,0,17,0,13,0,11,
0,174,1,236,254,41,0,162,4,193,251,136,7,34,246,204,252,189,193,0,214,0,216,0,224,0,90,0,38,0,17,0,13,0,11,
0,193,1,232,254,43,0,162,4,193,251,136,7,43,247,126,252,29,196,0,215,0,217,0,225,0,90,0,38,0,17,0,12,0,11,
0,193,1,232,254,43,0,162,4,193,251,136,7,40,248,243,251,110,193,0,215,0,218,0,225,0,90,0,38,0,17,0,12,0,11,
0,210,1,205,254,45,0,162,4,193,251,136,7,40,248,243,251,152,190,0,215,0,218,0,224,0,91,0,38,0,18,0,13,0,11,
0,222,1,247,254,51,0,162,4,193,251,136,7,19,247,31,252,152,190,0,216,0,218,0,224,0,91,0,38,0,17,0,13,0,11,
0,238,1,34,255,60,0,162,4,193,251,136,7,65,246,201,252,27,194,0,217,0,219,0,224,0,89,0,38,0,17,0,12,0,11,
0,238,1,34,255,60,0,162,4,193,251,136,7,237,247,167,252,70,195,0,217,0,219,0,224,0,90,0,38,0,18,0,13,0,11,
0,246,1,39,255,56,0,162,4,193,251,136,7,136,248,232,251,152,191,0,218,0,219,0,223,0,89,0,38,0,19,0,12,0,11,
0,195,1,56,255,53,0,162,4,193,251,136,7,136,248,232,251,152,191,0,219,0,219,0,223,0,90,0,38,0,19,0,13,0,11,
0,186,1,81,255,80,0,253,4,247,251,193,6,186,246,122,252,134,191,0,219,0,219,0,223,0,90,0,38,0,19,0,13,0,11,
0,186,1,81,255,80,0,253,4,247,251,193,6,3,247,194,252,250,194,0,220,0,220,0,223,0,89,0,37,0,17,0,12,0,11,
0,205,1,85,255,95,0,253,4,247,251,193,6,239,248,4,252,18,193,0,221,0,221,0,223,0,90,0,38,0,19,0,13,0,11,
0,176,1,28,255,123,0,253,4,247,251,193,6,239,248,24,252,101,190,0,222,0,221,0,223,0,89,0,37,0,17,0,12,0,11,
0,176,1,28,255,146,0,253,4,247,251,193,6,102,247,24,252,101,190,0,222,0,221,0,222,0,90,0,38,0,18,0,13,0,12,
0,177,1,8,255,146,0,253,4,247,251,193,6,235,246,191,252,205,192,0,223,0,221,0,222,0,90,0,38,0,19,0,13,0,11,
0,187,1,10,255,149,0,253,4,247,251,193,6,216,247,105,252,202,193,0,224,0,221,0,222,0,90,0,38,0,18,0,13,0,11,
0,166,1,4,255,137,0,253,4,247,251,193,6,75,248,103,252,87,192,0,225,0,222,0,222,0,89,0,38,0,19,0,13,0,11,
0,166,1,4,255,137,0,253,4,247,251,193,6,75,248,103,252,0,191,0,225,0,222,0,222,0,89,0,37,0,17,0,12,0,11,
0,180,1,8,255,154,0,253,4,247,251,193,6,11,248,16,252,0,191,0,225,0,222,0,221,0,89,0,38,0,19,0,13,0,11,
0,203,1,41,255,202,0,181,4,20,252,223,6,251,246,156,252,116,192,0,226,0,223,0,221,0,89,0,38,0,18,0,13,0,11,
0,205,1,63,255,205,0,181,4,20,252,223,6,151,247,181,252,95,194,0,227,0,223,0,221,0,89,0,38,0,18,0,13,0,11,
0,205,1,63,255,205,0,181,4,20,252,223,6,151,247,40,252,107,193,0,227,0,223,0,222,0,89,0,37,0,17,0,13,0,11,
0,209,1,68,255,201,0,181,4,20,252,223,6,157,248,40,252,107,193,0,228,0,224,0,221,0,89,0,37,0,17,0,13,0,11,
0,183,1,75,255,198,0,181,4,20,252,223,6,248,247,164,251,155,189,0,228,0,224,0,221,0,89,0,38,0,18,0,13,0,11,
0,154,1,68,255,215,0,181,4,20,252,223,6,46,247,89,252,168,192,0,229,0,224,0,221,0,89,0,38,0,18,0,13,0,11,
0,154,1,68,255,215,0,181,4,20,252,223,6,132,247,143,252,137,193,0,229,0,224,0,220,0,89,0,38,0,18,0,13,0,11,
0,163,1,64,255,227,0,181,4,20,252,223,6,132,247,143,252,65,193,0,230,0,224,0,220,0,88,0,37,0,17,0,12,0,11,
0,179,1,75,255,227,0,181,4,20,252,223,6,149,248,64,252,65,193,0,230,0,224,0,220,0,89,0,38,0,18,0,13,0,11,
0,179,1,75,255,240,0,181,4,20,252,223,6,42,248,20,252,71,191,0,231,0,224,0,220,0,88,0,37,0,18,0,13,0,11,
0,171,1,92,255,240,0,181,4,20,252,223,6,136,247,141,252,99,190,0,232,0,225,0,220,0,87,0,37,0,17,0,12,0,11,
0,140,1,66,255,5,1,13,5,197,251,208,7,225,246,208,252,151,192,0,232,0,225,0,220,0,88,0,37,0,18,0,13,0,11,
0,142,1,41,255,9,1,13,5,197,251,208,7,225,246,208,252,151,192,0,233,0,225,0,220,0,88,0,37,0,17,0,13,0,11,
0,142,1,41,255,9,1,13,5,197,251,208,7,186,247,219,252,174,195,0,233,0,225,0,220,0,88,0,37,0,17,0,12,0,11,
0,111,1,15,255,21,1,13,5,197,251,208,7,237,248,59,252,223,191,0,233,0,225,0,219,0,89,0,38,0,19,0,13,0,11,
0,97,1,6,255,15,1,13,5,197,251,208,7,131,247,125,252,13,190,0,234,0,225,0,219,0,88,0,37,0,18,0,13,0,11,
0,89,1,26,255,27,1,13,5,197,251,208,7,131,247,125,253,77,192,0,234,0,224,0,219,0,88,0,37,0,18,0,13,0,11,
0,89,1,26,255,27,1,13,5,197,251,208,7,186,246,43,253,77,192,0,235,0,225,0,219,0,87,0,37,0,17,0,13,0,11,
0,88,1,46,255,19,1,13,5,197,251,208,7,122,248,63,253,32,195,0,235,0,225,0,219,0,87,0,37,0,18,0,12,0,11,
0,112,1,86,255,49,1,13,5,197,251,208,7,104,247,131,252,94,188,0,236,0,224,0,219,0,88,0,37,0,18,0,13,0,11,
0,131,1,69,255,101,1,13,5,197,251,208,7,13,247,49,253,209,191,0,236,0,225,0,219,0,87,0,37,0,18,0,13,0,11,
0,131,1,69,255,101,1,175,4,41,252,185,6,13,247,49,253,209,191,0,236,0,224,0,218,0,87,0,37,0,18,0,13,0,11,
0,73,1,51,255,92,1,175,4,41,252,185,6,111,247,61,253,190,193,0,237,0,225,0,218,0,88,0,37,0,18,0,13,0,11,
0,80,1,60,255,90,1,175,4,41,252,185,6,62,248,155,252,226,190,0,237,0,225,0,218,0,87,0,37,0,17,0,12,0,11,
0,80,1,60,255,120,1,175,4,41,252,185,6,144,246,241,252,152,190,0,237,0,224,0,218,0,87,0,37,0,18,0,13,0,11,
0,118,1,79,255,120,1,175,4,41,252,185,6,144,246,244,252,179,192,0,237,0,224,0,218,0,87,0,37,0,18,0,13,0,11,
0,127,1,103,255,131,1,175,4,41,252,185,6,186,247,244,252,179,192,0,237,0,224,0,218,0,87,0,37,0,18,0,13,0,11,
0,106,1,93,255,127,1,175,4,41,252,185,6,23,247,164,252,219,190,0,238,0,224,0,218,0,87,0,36,0,17,0,13,0,11,
0,106,1,93,255,127,1,175,4,41,252,185,6,24,247,7,253,61,191,0,238,0,225,0,219,0,87,0,36,0,17,0,12,0,11,
0,72,1,109,255,121,1,175,4,41,252,185,6,98,247,28,253,135,191,0,237,0,224,0,218,0,87,0,37,0,18,0,13,0,11,
0,67,1,138,255,138,1,175,4,41,252,185,6,98,247,28,253,31,192,0,238,0,224,0,219,0,87,0,31,0,17,0,13,0,12,
0,103,1,132,255,115,1,167,4,90,252,77,7,62,247,241,252,31,192,0,238,0,224,0,219,0,87,0,32,0,17,0,13,0,12,
0,103,1,132,255,115,1,167,4,90,252,77,7,29,247,4,253,94,192,0,237,0,224,0,219,0,87,0,33,0,17,0,13,0,11,
0,60,1,132,255,123,1,167,4,90,252,77,7,83,247,153,252,174,190,0,237,0,224,0,219,0,87,0,34,0,16,0,12,0,11,
0,26,1,166,255,135,1,167,4,90,252,77,7,83,246,98,253,107,191,0,237,0,224,0,219,0,87,0,35,0,17,0,13,0,11,
0,67,1,170,255,121,1,167,4,90,252,77,7,212,246,98,253,107,191,0,237,0,224,0,219,0,87,0,36,0,17,0,13,0,11,
0,67,1,170,255,121,1,167,4,90,252,77,7,146,247,230,252,208,191,0,237,0,225,0,220,0,87,0,35,0,17,0,12,0,11,
0,72,1,190,255,138,1,167,4,90,252,77,7,244,246,211,252,60,191,0,236,0,225,0,220,0,88,0,37,0,18,0,13,0,11,
0,32,1,168,255,137,1,167,4,90,252,77,7,227,246,211,252,218,189,0,237,0,225,0,221,0,87,0,36,0,17,0,12,0,11,
0,32,1,168,255,146,1,167,4,90,252,77,7,227,246,211,252,75,191,0,236,0,225,0,221,0,88,0,37,0,18,0,13,0,12,
0,13,1,173,255,146,1,167,4,90,252,77,7,205,246,253,252,75,191,0,236,0,225,0,221,0,88,0,36,0,18,0,13,0,11,
0,61,1,200,255,183,1,251,4,214,251,60,7,81,247,201,252,8,191,0,236,0,226,0,222,0,88,0,37,0,17,0,12,0,11,
0,100,1,189,255,162,1,251,4,214,251,60,7,158,247,181,252,106,192,0,236,0,225,0,222,0,89,0,37,0,18,0,13,0,11,
0,100,1,189,255,162,1,251,4,214,251,60,7,127,246,147,252,45,190,0,236,0,226,0,223,0,88,0,37,0,17,0,12,0,11,
0,33,1,210,255,171,1,251,4,214,251,60,7,127,246,147,252,45,190,0,236,0,226,0,223,0,89,0,37,0,18,0,13,0,11,
0,44,1,232,255,206,1,251,4,214,251,60,7,45,247,223,252,178,191,0,236,0,226,0,223,0,89,0,37,0,18,0,13,0,11,
0,102,1,17,0,191,1,251,4,214,251,60,7,44,247,89,252,34,191,0,235,0,226,0,224,0,89,0,37,0,16,0,13,0,11,
0,102,1,17,0,191,1,251,4,214,251,60,7,48,247,66,252,129,190,0,236,0,227,0,224,0,89,0,37,0,16,0,12,0,11,
0,97,1,24,0,189,1,251,4,214,251,60,7,48,247,75,252,58,191,0,235,0,226,0,224,0,90,0,38,0,17,0,13,0,11,
0,63,1,59,0,240,1,251,4,214,251,60,7,216,246,75,252,58,191,0,235,0,226,0,225,0,90,0,38,0,17,0,12,0,11,
0,67,1,59,0,8,2,251,4,214,251,60,7,123,247,119,252,244,190,0,235,0,227,0,225,0,90,0,38,0,17,0,13,0,11,
0,67,1,76,0,8,2,251,4,214,251,60,7,75,247,176,252,226,190,0,235,0,227,0,226,0,90,0,38,0,17,0,12,0,11,
0,134,1,54,0,242,1,200,4,75,252,249,6,184,247,22,252,14,192,0,235,0,228,0,227,0,90,0,42,0,17,0,12,0,10,
0,134,1,57,0,249,1,200,4,75,252,249,6,184,247,22,252,14,190,0,235,0,228,0,227,0,90,0,41,0,17,0,12,0,10,
0,134,1,57,0,246,1,200,4,75,252,249,6,179,247,209,251,78,190,0,235,0,227,0,226,0,91,0,41,0,18,0,13,0,11,
0,65,1,72,0,246,1,200,4,75,252,249,6,136,246,50,252,136,190,0,235,0,227,0,227,0,91,0,40,0,19,0,13,0,11,
0,61,1,77,0,230,1,200,4,75,252,249,6,152,247,213,251,56,191,0,235,0,227,0,227,0,91,0,40,0,18,0,12,0,11,
0,110,1,98,0,212,1,200,4,75,252,249,6,152,247,144,251,47,190,0,234,0,227,0,227,0,91,0,40,0,19,0,13,0,11,
0,110,1,98,0,212,1,200,4,75,252,249,6,90,247,144,251,47,190,0,235,0,228,0,228,0,91,0,39,0,17,0,12,0,11,
0,106,1,130,0,230,1,200,4,75,252,249,6,211,246,218,251,70,191,0,234,0,228,0,227,0,91,0,40,0,18,0,13,0,11,
0,74,1,139,0,253,1,200,4,75,252,249,6,125,247,182,251,194,191,0,234,0,228,0,227,0,92,0,39,0,18,0,13,0,11,
0,84,1,150,0,26,2,200,4,75,252,249,6,3,248,136,251,210,190,0,234,0,228,0,228,0,91,0,38,0,17,0,12,0,11,
0,84,1,150,0,26,2,212,4,244,251,135,7,3,248,136,251,107,191,0,233,0,227,0,227,0,92,0,40,0,18,0,13,0,11,
0,89,1,137,0,8,2,212,4,244,251,135,7,194,247,127,251,107,191,0,234,0,228,0,227,0,91,0,39,0,17,0,12,0,11,
0,15,1,164,0,235,1,212,4,244,251,135,7,4,247,105,251,222,190,0,233,0,228,0,227,0,92,0,39,0,18,0,13,0,11,
0,16,1,164,0,236,1,212,4,244,251,135,7,94,247,110,251,173,191,0,233,0,228,0,228,0,91,0,38,0,17,0,12,0,11,
0,16,1,188,0,236,1,212,4,244,251,135,7,177,247,85,251,166,190,0,233,0,228,0,228,0,92,0,39,0,18,0,13,0,11,
0,84,1,205,0,229,1,212,4,244,251,135,7,177,247,85,251,166,190,0,233,0,228,0,228,0,91,0,39,0,17,0,12,0,11,
0,107,1,195,0,225,1,212,4,244,251,135,7,104,247,4,251,21,191,0,233,0,228,0,228,0,91,0,38,0,17,0,12,0,11,
0,107,1,195,0,239,1,212,4,244,251,135,7,241,247,186,250,16,191,0,232,0,228,0,227,0,92,0,39,0,18,0,13,0,11,
0,43,1,202,0,239,1,212,4,244,251,135,7,115,247,155,250,180,189,0,233,0,228,0,227,0,92,0,39,0,18,0,13,0,11,
0,20,1,233,0,223,1,212,4,244,251,135,7,115,247,155,250,104,190,0,233,0,228,0,228,0,91,0,38,0,17,0,12,0,11,
0,71,1,230,0,210,1,0,5,18,252,5,7,240,246,205,250,104,190,0,232,0,228,0,228,0,92,0,39,0,18,0,13,0,11,
0,71,1,230,0,210,1,0,5,18,252,5,7,54,247,48,251,136,192,0,233,0,229,0,228,0,91,0,38,0,17,0,12,0,11,
0,81,1,231,0,189,1,0,5,18,252,5,7,128,248,165,250,116,192,0,232,0,228,0,228,0,92,0,39,0,18,0,13,0,11,
0,95,1,231,0,204,1,0,5,18,252,5,7,11,248,16,250,31,189,0,232,0,229,0,228,0,91,0,38,0,17,0,12,0,11,
0,106,1,225,0,239,1,0,5,18,252,5,7,11,248,16,250,31,189,0,232,0,228,0,227,0,92,0,39,0,18,0,13,0,11,
0,106,1,225,0,239,1,0,5,18,252,5,7,40,247,129,250,99,189,0,232,0,229,0,228,0,92,0,39,0,17,0,12,0,11,
0,36,1,236,0,245,1,0,5,18,252,5,7,232,246,48,251,8,192,0,232,0,229,0,228,0,92,0,38,0,17,0,13,0,11,
0,41,1,243,0,239,1,0,5,18,252,5,7,212,248,90,250,64,191,0,232,0,229,0,227,0,92,0,39,0,18,0,13,0,12,
0,78,1,243,0,214,1,0,5,18,252,5,7,212,248,56,250,58,188,0,232,0,229,0,227,0,91,0,38,0,17,0,12,0,11,
0,78,1,246,0,214,1,0,5,18,252,5,7,204,247,56,250,58,188,0,231,0,229,0,227,0,92,0,39,0,18,0,13,0,11,
0,77,1,0,1,208,1,139,4,56,252,190,6,37,247,52,251,237,190,0,231,0,229,0,227,0,91,0,39,0,17,0,13,0,11,
0,40,1,234,0,195,1,139,4,56,252,190,6,8,248,211,250,161,192,0,231,0,229,0,227,0,91,0,39,0,17,0,12,0,11,
0,40,1,234,0,218,1,139,4,56,252,190,6,191,248,89,250,166,189,0,230,0,229,0,226,0,92,0,39,0,18,0,13,0,11,
0,23,1,235,0,218,1,139,4,56,252,190,6,191,248,89,250,187,189,0,230,0,228,0,225,0,91,0,39,0,18,0,13,0,11,
0,232,0,250,0,182,1,139,4,56,252,190,6,237,247,121,250,187,189,0,230,0,229,0,225,0,91,0,38,0,18,0,13,0,11,
0,237,0,7,1,153,1,139,4,56,252,190,6,190,247,216,250,83,191,0,230,0,229,0,225,0,91,0,38,0,17,0,12,0,11,
0,237,0,7,1,153,1,139,4,56,252,190,6,171,248,93,250,101,191,0,230,0,229,0,224,0,90,0,38,0,17,0,12,0,11,
0,246,0,5,1,159,1,139,4,56,252,190,6,171,248,99,250,168,188,0,229,0,228,0,223,0,91,0,39,0,20,0,13,0,11,
0,225,0,236,0,159,1,139,4,56,252,190,6,96,248,99,250,168,188,0,229,0,228,0,223,0,91,0,39,0,20,0,13,0,11,
0,231,0,190,0,186,1,139,4,56,252,190,6,113,248,17,251,3,191,0,229,0,227,0,222,0,90,0,38,0,19,0,13,0,11,
0,231,0,190,0,186,1,139,4,56,252,190,6,206,248,175,250,126,190,0,229,0,228,0,222,0,90,0,38,0,18,0,13,0,11,
0,249,0,180,0,205,1,246,4,0,252,161,7,112,248,180,250,96,190,0,230,0,228,0,222,0,89,0,38,0,18,0,13,0,11,
0,220,0,169,0,189,1,246,4,0,252,161,7,112,248,180,250,25,190,0,229,0,227,0,222,0,90,0,38,0,19,0,13,0,12,
0,220,0,169,0,207,1,246,4,0,252,161,7,130,247,244,250,25,190,0,229,0,227,0,221,0,90,0,38,0,19,0,13,0,11,
0,173,0,187,0,207,1,246,4,0,252,161,7,234,248,252,250,149,191,0,229,0,227,0,221,0,89,0,38,0,18,0,13,0,11,
0,198,0,190,0,208,1,246,4,0,252,161,7,9,249,219,250,97,188,0,230,0,227,0,221,0,89,0,38,0,18,0,12,0,11,
0,219,0,205,0,173,1,246,4,0,252,161,7,19,248,8,251,237,188,0,230,0,227,0,221,0,89,0,38,0,17,0,13,0,11,
0,219,0,205,0,152,1,246,4,0,252,161,7,19,248,8,251,237,188,0,230,0,226,0,220,0,89,0,38,0,19,0,13,0,11,
0,206,0,207,0,152,1,246,4,0,252,161,7,28,248,58,251,142,190,0,231,0,226,0,220,0,89,0,38,0,18,0,13,0,11,
0,189,0,195,0,109,1,246,4,0,252,161,7,66,249,43,251,81,191,0,231,0,226,0,220,0,89,0,37,0,18,0,13,0,11,
0,202,0,198,0,126,1,246,4,0,252,161,7,225,248,204,250,40,187,0,232,0,226,0,221,0,88,0,37,0,18,0,12,0,11,
0,202,0,198,0,126,1,195,4,70,252,48,7,225,248,58,251,210,189,0,232,0,226,0,222,0,89,0,37,0,17,0,12,0,11,
0,211,0,154,0,153,1,195,4,70,252,48,7,241,247,58,251,210,189,0,232,0,226,0,221,0,89,0,38,0,18,0,13,0,11,
0,195,0,130,0,145,1,195,4,70,252,48,7,107,248,144,251,241,190,0,232,0,226,0,221,0,89,0,38,0,18,0,13,0,11,
0,180,0,113,0,164,1,195,4,70,252,48,7,80,249,96,251,132,189,0,233,0,225,0,222,0,89,0,37,0,18,0,12,0,11,
0,180,0,113,0,164,1,195,4,70,252,48,7,11,249,129,251,164,188,0,234,0,225,0,222,0,88,0,37,0,17,0,12,0,11,
0,221,0,125,0,151,1,195,4,70,252,48,7,11,249,129,251,164,188,0,234,0,225,0,222,0,89,0,38,0,18,0,13,0,11,
0,205,0,161,0,151,1,195,4,70,252,48,7,147,248,69,251,208,188,0,234,0,225,0,223,0,89,0,37,0,18,0,13,0,11,
0,205,0,161,0,133,1,195,4,70,252,48,7,228,248,149,251,3,189,0,234,0,225,0,223,0,89,0,38,0,18,0,13,0,11,
0,183,0,128,0,133,1,195,4,70,252,48,7,147,248,169,251,59,189,0,235,0,225,0,223,0,89,0,37,0,18,0,13,0,11,
0,164,0,104,0,152,1,195,4,70,252,48,7,147,248,100,251,42,189,0,235,0,225,0,224,0,89,0,37,0,16,0,12,0,11,
0,221,0,108,0,139,1,165,4,86,252,74,7,112,249,100,251,42,189,0,235,0,225,0,223,0,90,0,38,0,19,0,13,0,11,
0,221,0,108,0,116,1,165,4,86,252,74,7,207,248,117,251,85,189,0,235,0,225,0,224,0,90,0,38,0,16,0,13,0,11,
0,220,0,130,0,116,1,165,4,86,252,74,7,125,248,157,251,202,188,0,235,0,225,0,224,0,90,0,38,0,17,0,13,0,11,
0,172,0,128,0,130,1,165,4,86,252,74,7,10,249,137,251,230,189,0,235,0,224,0,225,0,90,0,38,0,17,0,12,0,11,
0,218,0,114,0,127,1,165,4,86,252,74,7,10,249,137,251,118,188,0,236,0,225,0,225,0,90,0,38,0,16,0,12,0,11,
0,218,0,114,0,127,1,165,4,86,252,74,7,139,249,124,251,118,188,0,235,0,225,0,225,0,90,0,38,0,17,0,13,0,11,
0,237,0,134,0,113,1,165,4,86,252,74,7,66,249,111,251,210,188,0,235,0,225,0,226,0,90,0,33,0,16,0,13,0,12,
0,167,0,112,0,134,1,165,4,86,252,74,7,218,248,158,251,62,189,0,236,0,226,0,227,0,90,0,34,0,16,0,13,0,12,
0,170,0,105,0,115,1,165,4,86,252,74,7,232,248,124,251,76,189,0,235,0,226,0,227,0,91,0,35,0,16,0,12,0,11,
0,170,0,105,0,115,1,165,4,86,252,74,7,232,248,124,251,76,189,0,236,0,226,0,228,0,90,0,36,0,16,0,12,0,11,
0,221,0,116,0,102,1,223,4,89,252,121,7,82,249,44,251,116,189,0,235,0,226,0,227,0,91,0,37,0,17,0,13,0,11,
0,217,0,115,0,122,1,223,4,89,252,121,7,93,249,73,251,82,190,0,235,0,227,0,228,0,91,0,37,0,17,0,13,0,11,
0,217,0,115,0,143,1,223,4,89,252,121,7,57,249,57,251,85,188,0,235,0,227,0,229,0,91,0,37,0,17,0,13,0,11,
0,179,0,105,0,143,1,223,4,89,252,121,7,57,249,57,251,54,189,0,235,0,227,0,229,0,92,0,38,0,17,0,12,0,11,
0,194,0,138,0,150,1,223,4,89,252,121,7,103,248,186,251,54,189,0,235,0,227,0,230,0,92,0,38,0,17,0,13,0,11,
0,4,1,142,0,132,1,223,4,89,252,121,7,16,249,81,251,181,189,0,236,0,228,0,231,0,92,0,38,0,16,0,12,0,11,
0,4,1,142,0,132,1,223,4,89,252,121,7,93,249,28,251,29,189,0,235,0,228,0,230,0,92,0,39,0,18,0,13,0,11,
0,4,1,140,0,131,1,223,4,89,252,121,7,182,248,216,250,102,188,0,235,0,228,0,231,0,93,0,39,0,18,0,13,0,11,
0,232,0,113,0,146,1,223,4,89,252,121,7,182,248,216,250,102,188,0,236,0,229,0,232,0,92,0,39,0,18,0,13,0,11,
0,217,0,122,0,148,1,223,4,89,252,121,7,56,249,248,250,56,189,0,235,0,229,0,232,0,93,0,39,0,18,0,13,0,11,
0,217,0,122,0,148,1,223,4,101,252,32,7,197,249,233,250,205,189,0,236,0,229,0,233,0,93,0,38,0,17,0,12,0,11,
0,240,0,125,0,128,1,150,4,101,252,32,7,52,249,11,251,80,189,0,235,0,229,0,233,0,93,0,40,0,18,0,13,0,11,
0,190,0,150,0,107,1,150,4,101,252,32,7,52,249,253,250,40,190,0,235,0,229,0,234,0,94,0,40,0,18,0,13,0,11,
0,162,0,175,0,104,1,150,4,101,252,32,7,192,248,253,250,40,190,0,236,0,230,0,235,0,94,0,39,0,17,0,12,0,11,
0,162,0,175,0,104,1,150,4,101,252,32,7,195,249,253,250,252,190,0,235,0,231,0,234,0,95,0,40,0,18,0,13,0,12,
0,198,0,180,0,114,1,150,4,101,252,32,7,26,250,216,250,200,188,0,236,0,230,0,235,0,94,0,40,0,17,0,12,0,11,
0,198,0,159,0,143,1,150,4,101,252,32,7,11,249,133,250,156,188,0,235,0,230,0,235,0,95,0,40,0,18,0,13,0,11,
0,198,0,159,0,136,1,150,4,101,252,32,7,11,249,133,250,95,190,0,235,0,230,0,236,0,95,0,40,0,18,0,13,0,11,
0,186,0,129,0,136,1,150,4,101,252,32,7,21,249,153,250,95,190,0,235,0,231,0,236,0,95,0,44,0,18,0,12,0,11,
0,172,0,104,0,136,1,150,4,101,252,32,7,157,249,137,250,15,191,0,235,0,231,0,237,0,96,0,44,0,19,0,13,0,11,
0,189,0,89,0,140,1,150,4,101,252,32,7,39,250,16,250,25,189,0,235,0,232,0,237,0,95,0,42,0,18,0,12,0,11,
0,189,0,89,0,140,1,177,4,98,252,152,7,39,250,8,250,11,190,0,234,0,231,0,237,0,96,0,42,0,19,0,13,0,11,
0,244,0,80,0,148,1,177,4,98,252,152,7,72,249,8,250,11,190,0,234,0,231,0,237,0,96,0,42,0,19,0,13,0,11,
0,210,0,98,0,126,1,177,4,98,252,152,7,208,248,46,250,117,190,0,234,0,231,0,237,0,96,0,41,0,18,0,12,0,11,
0,172,0,79,0,114,1,177,4,98,252,152,7,235,249,69,250,57,191,0,233,0,231,0,237,0,96,0,42,0,19,0,13,0,11,
0,172,0,79,0,114,1,177,4,98,252,152,7,98,250,209,249,116,188,0,233,0,232,0,237,0,95,0,41,0,18,0,12,0,11,
0,199,0,63,0,85,1,177,4,98,252,152,7,98,250,209,249,122,188,0,232,0,231,0,236,0,96,0,41,0,19,0,13,0,11,
0,226,0,82,0,117,1,177,4,98,252,152,7,180,248,10,250,122,188,0,232,0,231,0,236,0,96,0,41,0,19,0,13,0,11,
0,215,0,80,0,133,1,177,4,98,252,152,7,60,249,25,250,248,190,0,232,0,231,0,236,0,96,0,41,0,18,0,13,0,11,
0,215,0,80,0,133,1,177,4,98,252,152,7,241,249,214,249,151,190,0,232,0,232,0,236,0,95,0,40,0,18,0,13,0,11,
0,163,0,46,0,141,1,177,4,98,252,152,7,231,249,97,249,47,189,0,231,0,231,0,235,0,96,0,41,0,19,0,13,0,11,
0,131,0,44,0,97,1,133,4,128,252,97,6,231,249,97,249,47,189,0,231,0,231,0,235,0,96,0,41,0,19,0,13,0,11,
0,131,0,44,0,116,1,133,4,128,252,97,6,123,249,187,249,239,191,0,230,0,231,0,234,0,96,0,41,0,19,0,13,0,11,
0,84,0,75,0,116,1,133,4,128,252,97,6,56,249,63,249,168,189,0,230,0,231,0,234,0,95,0,40,0,18,0,13,0,11,
0,93,0,57,0,134,1,133,4,128,252,97,6,214,248,132,249,143,189,0,229,0,230,0,233,0,95,0,41,0,19,0,13,0,12,
0,115,0,50,0,124,1,133,4,128,252,97,6,214,248,112,249,46,190,0,230,0,231,0,232,0,95,0,40,0,18,0,13,0,11,
0,115,0,50,0,124,1,133,4,128,252,97,6,119,248,112,249,46,190,0,229,0,230,0,232,0,95,0,41,0,19,0,13,0,11,
0,110,0,56,0,129,1,133,4,128,252,97,6,67,249,86,249,166,191,0,229,0,230,0,231,0,95,0,40,0,19,0,13,0,11,
0,94,0,43,0,141,1,133,4,128,252,97,6,120,249,37,249,141,189,0,229,0,230,0,230,0,94,0,40,0,17,0,12,0,11,
0,91,0,53,0,120,1,133,4,128,252,97,6,149,248,240,248,104,188,0,229,0,229,0,228,0,94,0,40,0,18,0,13,0,11,
0,91,0,53,0,120,1,133,4,128,252,97,6,149,248,240,248,104,188,0,229,0,229,0,228,0,93,0,40,0,17,0,12,0,11,
0,33,0,65,0,120,1,179,4,117,252,54,7,12,248,90,249,164,190,0,228,0,228,0,226,0,93,0,40,0,18,0,13,0,11,
0,12,0,57,0,108,1,179,4,117,252,54,7,238,248,147,249,253,191,0,228,0,228,0,225,0,93,0,40,0,18,0,13,0,11,
0,9,0,70,0,99,1,179,4,117,252,54,7,244,248,75,249,115,190,0,228,0,227,0,224,0,92,0,40,0,18,0,13,0,11,
0,9,0,70,0,99,1,179,4,117,252,54,7,244,248,176,248,64,189,0,229,0,227,0,224,0,91,0,39,0,17,0,12,0,10,
0,33,0,59,0,90,1,179,4,117,252,54,7,188,248,176,248,64,189,0,228,0,227,0,223,0,91,0,39,0,20,0,13,0,11,
0,19,0,30,0,66,1,179,4,117,252,54,7,139,247,73,249,97,189,0,228,0,227,0,222,0,91,0,39,0,19,0,13,0,11,
0,19,0,30,0,56,1,179,4,117,252,54,7,168,247,155,249,110,192,0,228,0,227,0,221,0,90,0,38,0,19,0,13,0,11,
0,3,0,29,0,56,1,179,4,117,252,54,7,193,248,52,249,158,190,0,228,0,227,0,220,0,89,0,38,0,18,0,13,0,11,
0,6,0,7,0,47,1,179,4,117,252,54,7,193,248,52,249,168,187,0,228,0,226,0,218,0,89,0,38,0,19,0,13,0,11,
0,5,0,34,0,24,1,179,4,117,252,54,7,24,248,157,248,168,187,0,228,0,226,0,218,0,88,0,37,0,18,0,13,0,11,
0,5,0,34,0,24,1,205,4,110,252,251,6,75,247,52,249,105,189,0,228,0,225,0,216,0,89,0,38,0,19,0,13,0,11,
0,246,255,16,0,43,1,205,4,110,252,251,6,86,247,179,249,203,190,0,228,0,225,0,216,0,88,0,38,0,19,0,13,0,11,
0,220,255,244,255,21,1,205,4,110,252,251,6,86,247,139,249,36,191,0,227,0,225,0,214,0,87,0,37,0,18,0,13,0,11,
0,189,255,230,255,6,1,205,4,110,252,251,6,162,247,139,249,36,191,0,227,0,225,0,214,0,87,0,37,0,17,0,12,0,11,
0,189,255,230,255,6,1,205,4,110,252,251,6,66,248,130,249,205,189,0,227,0,224,0,213,0,87,0,37,0,18,0,13,0,11,
0,206,255,190,255,236,0,205,4,110,252,251,6,174,247,110,249,142,188,0,227,0,224,0,212,0,86,0,37,0,18,0,13,0,12,
0,204,255,184,255,211,0,205,4,110,252,251,6,138,247,191,249,204,188,0,227,0,224,0,212,0,86,0,37,0,18,0,13,0,11,
0,202,255,170,255,182,0,205,4,110,252,251,6,138,247,191,249,15,189,0,227,0,224,0,211,0,85,0,36,0,17,0,12,0,11,
0,202,255,170,255,182,0,205,4,110,252,251,6,39,247,194,249,15,189,0,226,0,223,0,210,0,85,0,37,0,18,0,13,0,11,
0,195,255,181,255,183,0,205,4,110,252,251,6,142,247,27,250,215,190,0,226,0,224,0,210,0,84,0,36,0,17,0,12,0,11,
0,146,255,192,255,193,0,205,4,110,252,251,6,50,248,175,249,84,189,0,225,0,223,0,209,0,84,0,36,0,18,0,13,0,11,
0,146,255,192,255,188,0,219,4,104,252,37,6,193,247,248,249,240,188,0,225,0,223,0,209,0,84,0,36,0,18,0,13,0,11,
0,121,255,161,255,188,0,219,4,104,252,37,6,193,247,248,249,240,188,0,225,0,223,0,208,0,83,0,36,0,17,0,13,0,11,
0,160,255,177,255,198,0,219,4,104,252,37,6,107,246,27,250,97,188,0,225,0,223,0,208,0,83,0,35,0,17,0,12,0,11,
0,151,255,184,255,173,0,219,4,104,252,37,6,66,247,127,250,203,189,0,224,0,222,0,208,0,83,0,35,0,18,0,13,0,11,
0,151,255,184,255,173,0,219,4,104,252,37,6,107,247,79,250,20,189,0,224,0,222,0,208,0,83,0,35,0,17,0,13,0,11,
0,127,255,189,255,127,0,219,4,104,252,37,6,107,247,69,250,57,188,0,224,0,222,0,208,0,83,0,35,0,17,0,12,0,11,
0,111,255,150,255,117,0,219,4,104,252,37,6,49,247,69,250,57,188,0,224,0,222,0,207,0,82,0,35,0,16,0,12,0,11,
0,122,255,147,255,110,0,219,4,104,252,37,6,6,247,140,250,187,188,0,225,0,222,0,208,0,82,0,35,0,17,0,12,0,11,
0,122,255,147,255,110,0,219,4,104,252,37,6,209,246,143,250,55,189,0,225,0,221,0,208,0,83,0,35,0,17,0,13,0,11,
0,128,255,147,255,103,0,219,4,104,252,37,6,66,247,51,250,71,189,0,225,0,221,0,208,0,82,0,35,0,17,0,13,0,11,
0,103,255,144,255,80,0,161,4,126,252,75,7,66,247,51,250,71,189,0,225,0,221,0,208,0,83,0,35,0,17,0,13,0,11,
0,88,255,144,255,72,0,161,4,126,252,75,7,105,247,104,250,182,189,0,225,0,221,0,209,0,82,0,35,0,17,0,12,0,11,
0,88,255,170,255,72,0,161,4,126,252,75,7,79,247,9,250,163,187,0,225,0,221,0,210,0,82,0,35,0,16,0,12,0,11,
0,97,255,144,255,93,0,161,4,126,252,75,7,176,246,108,250,118,188,0,225,0,221,0,210,0,83,0,35,0,16,0,12,0,11,
0,75,255,136,255,67,0,161,4,126,252,75,7,176,246,107,250,103,189,0,225,0,220,0,210,0,83,0,35,0,17,0,13,0,11,
0,75,255,136,255,37,0,161,4,126,252,75,7,19,247,107,250,103,189,0,225,0,220,0,211,0,83,0,35,0,17,0,13,0,11,
0,56,255,128,255,37,0,161,4,126,252,75,7,139,246,117,250,243,189,0,225,0,221,0,212,0,83,0,35,0,17,0,13,0,11,
0,54,255,119,255,34,0,161,4,126,252,75,7,69,247,63,250,235,189,0,224,0,220,0,212,0,84,0,35,0,17,0,13,0,11,
0,52,255,141,255,51,0,161,4,126,252,75,7,1,248,227,249,62,188,0,225,0,220,0,213,0,84,0,35,0,16,0,12,0,11,
0,52,255,141,255,51,0,161,4,126,252,75,7,1,248,227,249,102,188,0,224,0,220,0,214,0,84,0,36,0,17,0,13,0,11,
0,57,255,137,255,68,0,248,4,68,252,205,6,29,247,148,250,102,188,0,224,0,220,0,214,0,84,0,35,0,17,0,13,0,11,
0,113,255,105,255,75,0,248,4,68,252,205,6,152,246,126,250,15,189,0,224,0,220,0,215,0,84,0,35,0,16,0,12,0,11,
0,120,255,100,255,75,0,248,4,68,252,205,6,152,246,9,251,197,190,0,223,0,219,0,216,0,85,0,36,0,18,0,13,0,11,
0,120,255,100,255,75,0,248,4,68,252,205,6,178,247,152,250,89,190,0,224,0,220,0,217,0,84,0,29,0,16,0,13,0,11,
0,92,255,86,255,78,0,248,4,68,252,205,6,178,247,152,250,89,190,0,223,0,219,0,217,0,85,0,32,0,17,0,13,0,12,
0,75,255,118,255,57,0,248,4,68,252,205,6,228,247,75,250,119,188,0,223,0,220,0,218,0,86,0,33,0,16,0,13,0,11,
0,69,255,118,255,71,0,248,4,68,252,205,6,63,247,81,250,40,188,0,223,0,220,0,219,0,85,0,33,0,16,0,12,0,11,
0,69,255,107,255,71,0,248,4,68,252,205,6,89,246,169,250,74,189,0,222,0,220,0,219,0,87,0,35,0,17,0,13,0,11,
0,100,255,101,255,55,0,248,4,68,252,205,6,89,246,169,250,184,191,0,222,0,220,0,220,0,86,0,35,0,16,0,12,0,11,
0,108,255,79,255,40,0,248,4,68,252,205,6,39,247,133,250,184,191,0,222,0,220,0,221,0,87,0,36,0,17,0,13,0,11,
0,108,255,79,255,26,0,153,4,158,252,192,6,191,247,40,250,190,189,0,221,0,220,0,221,0,87,0,36,0,18,0,13,0,11,
0,133,255,78,255,26,0,153,4,158,252,192,6,35,247,10,250,93,189,0,221,0,220,0,223,0,87,0,36,0,17,0,12,0,11,
0,82,255,107,255,12,0,153,4,158,252,192,6,20,247,24,250,43,190,0,221,0,220,0,223,0,88,0,37,0,18,0,13,0,11,
0,72,255,146,255,18,0,153,4,158,252,192,6,20,247,24,250,43,190,0,221,0,221,0,223,0,88,0,36,0,17,0,12,0,11,
0,72,255,146,255,18,0,153,4,158,252,192,6,10,248,8,250,51,190,0,220,0,220,0,223,0,89,0,37,0,18,0,13,0,11,
0,100,255,154,255,14,0,153,4,158,252,192,6,210,246,176,249,181,188,0,220,0,220,0,224,0,89,0,38,0,16,0,13,0,11,
0,50,255,156,255,42,0,153,4,158,252,192,6,66,246,29,250,106,191,0,220,0,221,0,225,0,89,0,37,0,16,0,12,0,11,
0,39,255,142,255,69,0,153,4,158,252,192,6,66,246,197,249,248,190,0,220,0,220,0,225,0,90,0,38,0,17,0,13,0,11,
0,39,255,142,255,69,0,153,4,158,252,192,6,147,247,197,249,248,190,0,220,0,221,0,226,0,89,0,37,0,16,0,12,0,11,
0,18,255,120,255,54,0,153,4,158,252,192,6,122,247,212,249,222,189,0,219,0,220,0,226,0,90,0,38,0,17,0,13,0,11,
0,57,255,150,255,53,0,153,4,158,252,192,6,206,246,31,250,96,189,0,219,0,221,0,226,0,91,0,38,0,17,0,13,0,11,
0,84,255,150,255,40,0,177,4,80,252,145,6,190,246,222,249,144,190,0,219,0,221,0,227,0,91,0,38,0,17,0,12,0,11,
0,84,255,163,255,40,0,177,4,80,252,145,6,190,246,222,249,240,191,0,219,0,221,0,227,0,90,0,38,0,17,0,12,0,11,
0,56,255,176,255,20,0,177,4,80,252,145,6,138,247,27,250,240,191,0,219,0,221,0,228,0,91,0,38,0,17,0,12,0,11,
0,52,255,172,255,31,0,177,4,80,252,145,6,207,247,135,249,133,190,0,218,0,221,0,228,0,91,0,38,0,18,0,13,0,11,
0,52,255,172,255,17,0,177,4,80,252,145,6,142,247,130,249,131,188,0,217,0,221,0,227,0,91,0,43,0,18,0,12,0,11,
0,63,255,165,255,17,0,177,4,80,252,145,6,142,247,41,250,32,190,0,217,0,222,0,228,0,91,0,41,0,18,0,12,0,11,
0,41,255,182,255,76,0,177,4,80,252,145,6,136,246,41,250,32,190,0,216,0,221,0,227,0,92,0,41,0,18,0,13,0,11,
0,30,255,166,255,79,0,177,4,80,252,145,6,180,247,34,250,194,191,0,216,0,222,0,228,0,91,0,40,0,17,0,12,0,11,
0,30,255,166,255,79,0,177,4,80,252,145,6,42,248,12,250,143,190,0,215,0,221,0,228,0,92,0,40,0,18,0,13,0,11,
0,21,255,161,255,65,0,177,4,80,252,145,6,191,247,140,249,137,188,0,215,0,222,0,227,0,92,0,40,0,18,0,13,0,11,
0,37,255,175,255,60,0,186,4,74,252,196,6,191,247,140,249,180,189,0,215,0,222,0,227,0,91,0,40,0,18,0,12,0,11,
0,42,255,168,255,91,0,186,4,74,252,196,6,125,247,33,250,180,189,0,214,0,222,0,227,0,92,0,40,0,19,0,13,0,11,
0,42,255,168,255,91,0,186,4,74,252,196,6,18,247,167,250,8,191,0,214,0,222,0,227,0,91,0,39,0,17,0,12,0,11,
0,59,255,153,255,117,0,186,4,74,252,196,6,110,248,74,250,205,191,0,213,0,222,0,226,0,92,0,40,0,18,0,13,0,11,
0,31,255,145,255,127,0,186,4,74,252,196,6,169,248,25,250,30,189,0,213,0,222,0,226,0,91,0,40,0,18,0,13,0,11,
0,31,255,145,255,105,0,186,4,74,252,196,6,169,248,25,250,30,189,0,213,0,222,0,226,0,91,0,39,0,17,0,12,0,11,
0,22,255,156,255,105,0,186,4,74,252,196,6,107,246,122,250,185,188,0,212,0,222,0,225,0,92,0,40,0,18,0,13,0,11,
0,20,255,157,255,73,0,186,4,74,252,196,6,50,247,43,251,89,191,0,212,0,222,0,225,0,91,0,38,0,17,0,12,0,11,
0,19,255,156,255,55,0,186,4,74,252,196,6,96,248,143,250,202,191,0,212,0,222,0,224,0,91,0,39,0,18,0,13,0,11,
0,19,255,156,255,81,0,186,4,74,252,196,6,96,248,143,250,231,188,0,211,0,222,0,223,0,91,0,39,0,20,0,13,0,11,
0,245,254,145,255,81,0,125,4,129,252,242,6,130,248,75,250,231,188,0,211,0,222,0,223,0,90,0,38,0,19,0,12,0,11,
0,224,254,153,255,85,0,125,4,129,252,242,6,201,247,13,251,181,189,0,211,0,222,0,223,0,90,0,38,0,18,0,13,0,11,
0,193,254,188,255,69,0,125,4,129,252,242,6,78,247,247,250,49,189,0,211,0,222,0,222,0,90,0,38,0,19,0,13,0,11,
0,193,254,188,255,69,0,125,4,129,252,242,6,158,247,20,251,246,189,0,210,0,222,0,222,0,90,0,39,0,18,0,13,0,11,
0,204,254,176,255,58,0,125,4,129,252,242,6,158,247,20,251,246,189,0,210,0,222,0,221,0,89,0,38,0,19,0,13,0,11,
0,251,254,167,255,21,0,125,4,129,252,242,6,231,247,238,250,177,189,0,209,0,222,0,221,0,89,0,38,0,18,0,12,0,11,
0,243,254,200,255,30,0,125,4,129,252,242,6,153,247,46,251,235,189,0,210,0,222,0,221,0,88,0,37,0,17,0,12,0,11,
0,243,254,200,255,30,0,125,4,129,252,242,6,59,247,176,251,45,190,0,209,0,222,0,220,0,89,0,38,0,18,0,13,0,11,
0,232,254,212,255,44,0,125,4,129,252,242,6,59,247,132,251,150,190,0,209,0,222,0,219,0,89,0,38,0,18,0,13,0,11,
0,223,254,194,255,58,0,125,4,129,252,242,6,246,247,132,251,150,190,0,209,0,223,0,219,0,88,0,38,0,18,0,13,0,11,
0,223,254,194,255,60,0,140,4,142,252,133,6,83,248,90,251,64,189,0,209,0,223,0,219,0,88,0,37,0,18,0,12,0,11,
0,211,254,181,255,60,0,140,4,142,252,133,6,243,247,107,251,205,188,0,209,0,223,0,219,0,88,0,37,0,17,0,12,0,11,
0,254,254,195,255,46,0,140,4,142,252,133,6,219,246,142,251,129,188,0,209,0,223,0,218,0,88,0,37,0,18,0,13,0,11,
0,232,254,208,255,43,0,140,4,142,252,133,6,219,246,142,251,144,190,0,209,0,223,0,218,0,88,0,38,0,18,0,13,0,11,
0,232,254,208,255,31,0,140,4,142,252,133,6,58,247,11,252,144,190,0,209,0,223,0,217,0,87,0,38,0,18,0,13,0,11,
0,198,254,217,255,31,0,140,4,142,252,133,6,125,248,114,251,147,190,0,209,0,223,0,217,0,87,0,37,0,18,0,12,0,11,
0,210,254,204,255,55,0,140,4,142,252,133,6,85,248,37,251,151,187,0,209,0,223,0,217,0,87,0,37,0,17,0,12,0,11,
0,221,254,165,255,76,0,140,4,142,252,133,6,85,248,202,251,232,186,0,209,0,223,0,217,0,87,0,37,0,18,0,13,0,12,
0,221,254,165,255,76,0,140,4,142,252,133,6,15,247,202,251,232,186,0,209,0,223,0,216,0,87,0,37,0,18,0,13,0,11,
0,230,254,153,255,58,0,140,4,142,252,133,6,240,246,88,252,70,191,0,209,0,223,0,216,0,87,0,37,0,18,0,13,0,11,
0,235,254,160,255,52,0,140,4,142,252,133,6,168,248,209,251,49,189,0,210,0,223,0,216,0,86,0,36,0,17,0,12,0,11,
0,250,254,158,255,21,0,149,4,175,252,246,6,221,247,151,251,192,187,0,210,0,223,0,216,0,86,0,36,0,17,0,12,0,11,
0,250,254,158,255,21,0,149,4,175,252,246,6,221,247,151,251,10,187,0,210,0,223,0,216,0,87,0,37,0,18,0,13,0,11,
0,240,254,172,255,41,0,149,4,175,252,246,6,176,246,216,251,10,187,0,210,0,223,0,216,0,87,0,37,0,18,0,13,0,11,
0,148,254,176,255,35,0,149,4,175,252,246,6,255,246,90,252,197,190,0,210,0,223,0,216,0,86,0,37,0,18,0,13,0,11,
0,148,254,176,255,36,0,149,4,175,252,246,6,168,248,183,251,97,189,0,210,0,223,0,216,0,86,0,36,0,17,0,12,0,11,
0,135,254,206,255,36,0,149,4,175,252,246,6,32,248,85,251,153,185,0,211,0,224,0,216,0,86,0,36,0,18,0,13,0,11,
0,184,254,196,255,31,0,149,4,175,252,246,6,32,248,85,251,153,185,0,211,0,224,0,216,0,86,0,36,0,17,0,12,0,11,
0,185,254,166,255,13,0,149,4,175,252,246,6,35,246,29,252,131,188,0,210,0,224,0,216,0,87,0,36,0,18,0,13,0,11,
0,185,254,166,255,13,255,149,4,175,252,246,6,167,247,211,251,229,190,0,210,0,224,0,216,0,87,0,36,0,17,0,13,0,11,
0,188,254,161,255,255,255,149,4,175,252,246,6,105,248,107,251,45,188,0,210,0,224,0,216,0,87,0,36,0,17,0,12,0,11,
0,193,254,163,255,6,0,160,4,106,252,109,7,105,248,99,251,45,187,0,210,0,225,0,217,0,86,0,36,0,17,0,12,0,11,
0,160,254,142,255,4,0,160,4,106,252,109,7,171,247,99,251,45,187,0,210,0,225,0,217,0,87,0,37,0,18,0,13,0,11,
0,160,254,142,255,4,0,160,4,106,252,109,7,102,246,227,251,5,189,0,210,0,225,0,217,0,87,0,37,0,18,0,13,0,11,
0,159,254,169,255,16,0,160,4,106,252,109,7,250,247,207,251,6,191,0,210,0,225,0,218,0,87,0,37,0,18,0,13,0,11,
0,154,254,174,255,254,255,160,4,106,252,109,7,99,248,98,251,119,187,0,210,0,226,0,219,0,87,0,36,0,17,0,12,0,11,
0,177,254,178,255,220,255,160,4,106,252,109,7,99,248,98,251,119,187,0,209,0,225,0,219,0,87,0,37,0,18,0,13,0,11,
0,177,254,178,255,220,255,160,4,106,252,109,7,102,247,199,251,82,187,0,210,0,226,0,220,0,87,0,36,0,17,0,12,0,11,
0,145,254,171,255,208,255,160,4,106,252,109,7,253,246,240,251,226,189,0,209,0,225,0,220,0,88,0,37,0,18,0,13,0,11,
0,144,254,150,255,199,255,160,4,106,252,109,7,83,248,179,251,51,190,0,210,0,225,0,221,0,88,0,37,0,18,0,13,0,11,
0,144,254,150,255,197,255,160,4,106,252,109,7,83,248,80,251,22,187,0,209,0,225,0,221,0,88,0,36,0,17,0,12,0,11,
0,121,254,140,255,197,255,235,4,92,252,97,7,235,247,80,251,22,187,0,209,0,226,0,222,0,88,0,37,0,18,0,13,0,11,
0,122,254,134,255,224,255,235,4,92,252,97,7,10,247,228,251,243,188,0,210,0,226,0,223,0,88,0,36,0,17,0,12,0,11,
0,114,254,135,255,210,255,235,4,92,252,97,7,109,248,163,251,232,189,0,209,0,225,0,223,0,89,0,37,0,18,0,13,0,11,
0,114,254,135,255,210,255,235,4,92,252,97,7,28,248,92,251,126,187,0,210,0,226,0,224,0,89,0,37,0,16,0,12,0,11,
0,110,254,156,255,194,255,235,4,92,252,97,7,28,248,92,251,70,188,0,209,0,225,0,224,0,89,0,37,0,16,0,12,0,11,
0,134,254,179,255,160,255,235,4,92,252,97,7,104,247,153,251,70,188,0,209,0,226,0,225,0,89,0,37,0,16,0,12,0,11,
0,158,254,172,255,160,255,235,4,92,252,97,7,54,248,201,251,241,189,0,209,0,225,0,225,0,90,0,38,0,17,0,13,0,11,
0,158,254,172,255,160,255,235,4,92,252,97,7,9,248,41,251,4,188,0,209,0,225,0,225,0,90,0,38,0,17,0,13,0,11,
0,206,254,166,255,186,255,235,4,92,252,97,7,107,247,135,251,85,188,0,210,0,226,0,227,0,90,0,37,0,16,0,12,0,11,
0,185,254,170,255,233,255,235,4,92,252,97,7,107,247,135,251,85,188,0,209,0,226,0,227,0,90,0,38,0,17,0,12,0,11,
0,202,254,187,255,223,255,157,4,154,252,54,7,119,248,152,251,51,191,0,210,0,225,0,227,0,90,0,32,0,16,0,13,0,11,
0,202,254,187,255,223,255,157,4,154,252,54,7,249,248,11,251,21,187,0,209,0,225,0,227,0,91,0,34,0,17,0,13,0,12,
0,177,254,163,255,194,255,157,4,154,252,54,7,14,246,157,251,149,187,0,209,0,225,0,228,0,91,0,35,0,17,0,13,0,11,
0,112,254,184,255,171,255,157,4,154,252,54,7,14,246,157,251,190,191,0,210,0,226,0,228,0,91,0,36,0,16,0,13,0,11,
0,112,254,184,255,167,255,157,4,154,252,54,7,62,248,125,251,190,191,0,210,0,226,0,229,0,91,0,36,0,16,0,12,0,11,
0,109,254,191,255,167,255,157,4,154,252,54,7,29,249,131,250,221,186,0,209,0,225,0,229,0,92,0,38,0,17,0,13,0,11,
0,125,254,198,255,142,255,157,4,154,252,54,7,122,247,9,251,146,187,0,210,0,226,0,229,0,91,0,37,0,16,0,12,0,11,
0,158,254,194,255,139,255,157,4,154,252,54,7,103,247,247,251,9,191,0,209,0,225,0,229,0,92,0,38,0,17,0,13,0,11,
0,158,254,194,255,139,255,157,4,154,252,54,7,103,247,247,251,9,191,0,209,0,225,0,229,0,92,0,38,0,17,0,13,0,11,
0,144,254,208,255,138,255,157,4,154,252,54,7,79,249,72,251,12,190,0,209,0,226,0,230,0,92,0,38,0,17,0,12,0,11,
0,144,254,215,255,133,255,157,4,90,252,29,7,210,248,223,250,208,186,0,210,0,226,0,230,0,92,0,38,0,17,0,12,0,11,
0,192,254,206,255,115,255,133,4,90,252,29,7,68,247,164,251,87,189,0,209,0,225,0,229,0,93,0,39,0,18,0,13,0,11,
0,192,254,206,255,115,255,133,4,90,252,29,7,68,247,200,251,200,191,0,209,0,225,0,229,0,93,0,39,0,17,0,13,0,11,
0,185,254,241,255,116,255,133,4,90,252,29,7,144,248,200,251,200,191,0,209,0,226,0,228,0,92,0,39,0,18,0,13,0,11,
0,195,254,235,255,135,255,133,4,90,252,29,7,29,249,238,250,235,187,0,209,0,226,0,229,0,92,0,38,0,17,0,12,0,11,
0,184,254,233,255,117,255,133,4,90,252,29,7,206,247,187,251,209,189,0,209,0,225,0,228,0,92,0,39,0,18,0,13,0,11,
0,184,254,233,255,117,255,133,4,90,252,29,7,19,249,48,251,146,189,0,209,0,226,0,228,0,92,0,38,0,17,0,12,0,11,
0,181,254,233,255,117,255,133,4,90,252,29,7,19,249,48,251,144,187,0,209,0,226,0,227,0,92,0,39,0,18,0,13,0,11,
0,220,254,233,255,133,255,133,4,90,252,29,7,253,247,148,251,144,187,0,209,0,225,0,227,0,92,0,39,0,18,0,13,0,11,
0,220,254,233,255,148,255,133,4,90,252,29,7,239,247,160,251,189,191,0,209,0,226,0,227,0,92,0,39,0,17,0,13,0,11,
0,206,254,226,255,148,255,133,4,90,252,29,7,240,249,35,251,221,188,0,210,0,226,0,226,0,91,0,38,0,17,0,12,0,11,
0,179,254,230,255,165,255,189,4,103,252,32,7,240,248,66,251,113,188,0,209,0,226,0,226,0,91,0,39,0,17,0,12,0,11,
0,173,254,227,255,164,255,189,4,103,252,32,7,251,248,66,251,113,188,0,209,0,226,0,225,0,92,0,43,0,19,0,13,0,11,
0,173,254,227,255,164,255,189,4,103,252,32,7,199,247,187,251,190,189,0,209,0,226,0,224,0,91,0,42,0,19,0,13,0,11,
0,155,254,237,255,136,255,189,4,103,252,32,7,251,248,178,251,71,192,0,209,0,226,0,223,0,91,0,41,0,20,0,13,0,11,
0,130,254,0,0,115,255,189,4,103,252,32,7,94,249,166,250,232,187,0,210,0,226,0,223,0,90,0,40,0,19,0,13,0,11,
0,127,254,9,0,98,255,189,4,103,252,32,7,94,249,166,250,187,188,0,209,0,226,0,222,0,91,0,40,0,20,0,13,0,11,
0,127,254,9,0,98,255,189,4,103,252,32,7,19,247,98,251,187,188,0,209,0,226,0,222,0,90,0,40,0,20,0,13,0,11,
0,122,254,224,255,113,255,189,4,103,252,32,7,94,248,227,251,135,192,0,210,0,226,0,222,0,89,0,39,0,19,0,13,0,11,
0,105,254,231,255,112,255,189,4,103,252,32,7,219,249,18,251,205,189,0,209,0,225,0,221,0,90,0,39,0,19,0,13,0,11,
0,99,254,250,255,110,255,189,4,103,252,32,7,67,248,119,251,23,187,0,210,0,225,0,221,0,89,0,38,0,18,0,13,0,11,
0,99,254,250,255,110,255,141,4,160,252,11,7,67,248,119,251,23,187,0,210,0,225,0,220,0,89,0,38,0,18,0,12,0,11,
0,114,254,246,255,108,255,141,4,160,252,11,7,233,247,97,251,179,190,0,210,0,225,0,219,0,89,0,38,0,19,0,13,0,11,
0,137,254,217,255,66,255,141,4,160,252,11,7,159,247,10,252,139,191,0,210,0,225,0,219,0,89,0,38,0,18,0,13,0,11,
0,137,254,217,255,61,255,141,4,160,252,11,7,144,249,102,251,40,191,0,211,0,225,0,219,0,88,0,37,0,18,0,13,0,11,
0,65,254,192,255,61,255,141,4,160,252,11,7,144,249,46,251,66,188,0,211,0,224,0,218,0,88,0,38,0,19,0,13,0,12,
0,74,254,223,255,66,255,141,4,160,252,11,7,48,249,46,251,66,188,0,211,0,224,0,218,0,88,0,37,0,17,0,13,0,11,
0,81,254,0,0,41,255,141,4,160,252,11,7,203,247,141,251,107,189,0,211,0,223,0,217,0,88,0,38,0,19,0,13,0,11,
0,81,254,0,0,41,255,141,4,160,252,11,7,100,247,245,251,202,191,0,211,0,223,0,217,0,88,0,38,0,18,0,13,0,11,
0,73,254,246,255,57,255,141,4,160,252,11,7,198,249,145,251,233,190,0,211,0,223,0,217,0,87,0,37,0,18,0,13,0,11,
0,54,254,225,255,68,255,141,4,160,252,11,7,198,249,145,251,104,188,0,212,0,223,0,217,0,87,0,37,0,17,0,12,0,11,
0,10,254,210,255,70,255,175,4,96,252,25,7,155,248,112,251,104,188,0,211,0,222,0,216,0,87,0,37,0,18,0,13,0,12,
0,10,254,210,255,70,255,175,4,96,252,25,7,197,248,211,251,225,188,0,211,0,222,0,216,0,87,0,37,0,18,0,13,0,11,
0,218,253,165,255,63,255,175,4,96,252,25,7,146,247,44,252,187,190,0,211,0,222,0,216,0,86,0,37,0,19,0,13,0,11,
0,193,253,142,255,60,255,175,4,96,252,25,7,146,247,176,251,65,191,0,210,0,222,0,216,0,87,0,37,0,17,0,13,0,11,
0,200,253,142,255,51,255,175,4,96,252,25,7,224,248,176,251,65,191,0,211,0,222,0,216,0,86,0,36,0,17,0,12,0,11,
0,200,253,171,255,51,255,175,4,96,252,25,7,57,249,73,251,63,189,0,210,0,221,0,216,0,87,0,37,0,18,0,13,0,11,
0,227,253,159,255,39,255,175,4,96,252,25,7,132,248,127,251,232,187,0,209,0,222,0,216,0,87,0,37,0,18,0,13,0,11,
0,248,253,143,255,12,255,175,4,96,252,25,7,215,247,175,251,117,189,0,209,0,221,0,216,0,87,0,37,0,18,0,13,0,11,
0,248,253,143,255,230,254,175,4,96,252,25,7,215,247,175,251,50,190,0,209,0,222,0,217,0,86,0,37,0,17,0,12,0,11,
0,18,254,157,255,230,254,175,4,96,252,25,7,237,247,190,251,50,190,0,209,0,222,0,217,0,86,0,36,0,17,0,12,0,11,
0,234,253,183,255,225,254,150,4,74,252,57,7,226,248,93,251,195,189,0,208,0,222,0,217,0,87,0,37,0,18,0,13,0,11,
0,241,253,162,255,211,254,150,4,74,252,57,7,146,248,160,251,107,189,0,208,0,221,0,217,0,87,0,36,0,18,0,13,0,11,
0,241,253,162,255,211,254,150,4,74,252,57,7,109,248,114,251,147,188,0,208,0,222,0,218,0,87,0,36,0,17,0,13,0,11,
0,234,253,148,255,215,254,150,4,74,252,57,7,109,248,114,251,147,188,0,207,0,222,0,218,0,87,0,36,0,17,0,12,0,11,
0,245,253,128,255,228,254,150,4,74,252,57,7,26,248,174,251,250,189,0,207,0,222,0,219,0,87,0,36,0,17,0,13,0,11,
0,228,253,128,255,239,254,150,4,74,252,57,7,213,248,174,251,131,191,0,207,0,222,0,219,0,87,0,36,0,17,0,12,0,11,
0,228,253,128,255,239,254,150,4,74,252,57,7,223,248,4,251,45,188,0,206,0,222,0,219,0,87,0,36,0,18,0,13,0,11,
0,183,253,116,255,242,254,150,4,74,252,57,7,223,248,4,251,225,188,0,205,0,221,0,220,0,87,0,37,0,18,0,13,0,11,
0,187,253,101,255,203,254,150,4,74,252,57,7,21,248,107,251,225,188,0,205,0,222,0,220,0,87,0,37,0,17,0,12,0,11,
0,179,253,101,255,215,254,150,4,74,252,57,7,211,247,29,251,28,189,0,205,0,222,0,221,0,87,0,36,0,17,0,12,0,11,
0,179,253,113,255,215,254,150,4,74,252,57,7,135,248,8,251,240,189,0,204,0,221,0,221,0,88,0,37,0,18,0,13,0,12,
0,156,253,64,255,242,254,136,4,146,252,54,6,3,248,47,251,135,189,0,200,0,227,0,227,0,89,0,37,0,16,0,13,0,11,
0,177,253,61,255,215,254,136,4,146,252,54,6,3,248,47,251,135,189,0,145,0,239,0,237,0,90,0,37,0,16,0,13,0,11,
0,177,253,61,255,202,254,136,4,146,252,54,6,199,248,222,249,158,190,0,133,1,8,1,13,0,95,0,38,0,16,0,12,0,11,
0,164,253,75,255,202,254,136,4,146,252,54,6,88,7,232,237,252,195,0,199,1,45,1,79,0,106,0,41,0,18,0,14,0,12,
0,50,254,170,255,61,253,136,4,146,252,54,6,31,29,55,21,237,227,1,53,1,63,1,82,0,115,0,44,0,21,0,14,0,13,
0,134,255,78,255,119,250,136,4,146,252,54,6,31,29,58,244,101,218,0,199,1,75,1,80,0,120,0,45,0,21,0,14,0,12,
0,134,255,78,255,119,250,136,4,146,252,54,6,137,39,58,244,101,218,0,137,1,78,1,79,0,125,0,48,0,20,0,13,0,12,
0,151,2,101,252,18,248,136,4,146,252,54,6,155,46,7,15,245,232,0,134,1,70,1,72,0,127,0,49,0,19,0,13,0,11,
0,156,6,124,247,79,247,136,4,146,252,54,6,50,47,166,42,76,250,0,133,1,72,1,36,0,126,0,50,0,20,0,13,0,11,
0,114,10,11,241,87,249,136,4,146,252,54,6,213,35,36,54,150,14,0,134,1,52,0,226,0,119,0,51,0,21,0,13,0,11,
0,114,10,11,241,87,249,253,4,153,252,97,7,213,35,36,54,237,8,0,133,1,2,0,173,0,108,0,49,0,22,0,13,0,11,
0,145,14,211,234,60,252,253,4,153,252,97,7,125,18,59,61,237,8,0,136,0,210,0,149,0,95,0,46,0,21,0,13,0,11,
0,239,18,208,230,154,255,253,4,153,252,97,7,63,2,4,60,247,0,0,136,0,219,0,142,0,87,0,44,0,19,0,13,0,11,
0,82,22,208,230,90,3,253,4,153,252,97,7,169,2,84,48,214,237,0,137,0,242,0,138,0,80,0,42,0,20,0,14,0,11,
0,82,22,48,230,90,3,253,4,153,252,97,7,169,2,137,36,189,225,0,141,0,230,0,135,0,73,0,38,0,18,0,13,0,11,
0,114,23,206,232,156,6,253,4,153,252,97,7,230,0,137,36,189,225,0,145,0,183,0,133,0,67,0,34,0,16,0,12,0,11,
0,33,23,40,239,228,7,253,4,153,252,97,7,128,239,174,32,50,222,0,155,0,139,0,133,0,63,0,32,0,16,0,12,0,11,
0,33,23,40,239,3,7,253,4,153,252,97,7,123,232,146,13,11,204,0,232,0,134,0,133,0,60,0,30,0,15,0,12,0,10,
0,230,20,33,247,3,7,253,4,153,252,97,7,254,224,9,227,169,181,1,96,0,134,0,132,0,56,0,27,0,14,0,11,0,11,
0,188,15,63,254,89,4,253,4,153,252,97,7,254,224,9,227,139,179,1,89,0,134,0,132,0,54,0,25,0,13,0,11,0,11,
0,123,8,106,2,180,1,12,5,242,252,206,7,174,231,208,218,139,179,1,81,0,136,0,132,0,55,0,28,0,16,0,13,0,11,
0,123,8,106,2,180,1,12,5,242,252,206,7,178,240,215,212,10,182,1,79,0,137,0,134,0,53,0,25,0,14,0,12,0,11,
0,185,1,97,4,125,0,12,5,242,252,206,7,84,246,135,209,50,183,1,72,0,141,0,139,0,51,0,23,0,12,0,11,0,12,
0,137,252,182,4,160,0,12,5,242,252,206,7,66,249,166,205,203,177,1,63,0,147,1,83,0,73,0,28,0,16,0,13,0,12,
0,6,249,167,2,201,0,12,5,242,252,206,7,66,249,166,205,203,177,1,54,0,163,1,82,0,88,0,31,0,16,0,12,0,11,
0,6,249,167,2,201,0,12,5,242,252,206,7,80,248,215,206,162,170,1,35,0,191,1,80,0,98,0,34,0,16,0,12,0,12,
0,43,247,33,254,171,0,12,5,242,252,206,7,133,244,11,214,29,174,1,12,0,220,1,63,0,104,0,36,0,16,0,12,0,12,
0,40,247,213,247,86,0,12,5,242,252,206,7,237,243,74,222,96,169,0,242,0,251,1,72,0,112,0,35,0,16,0,13,0,11,
0,40,248,213,247,30,0,12,5,242,252,206,7,237,243,230,230,89,167,0,212,1,20,1,75,0,119,0,40,0,17,0,13,0,11,
0,210,248,94,241,30,0,12,5,242,252,206,7,46,240,230,230,89,167,0,176,1,27,1,72,0,121,0,41,0,16,0,12,0,11,
0,143,251,134,235,250,255,55,5,180,252,182,7,101,234,138,238,56,166,0,151,1,37,1,69,0,124,0,44,0,17,0,12,0,11,
0,46,255,0,231,59,0,55,5,180,252,182,7,253,231,226,238,6,166,0,142,1,47,1,65,0,128,0,51,0,20,0,13,0,11,
0,46,255,0,231,5,1,55,5,180,252,182,7,14,228,186,243,90,170,0,138,1,54,1,51,0,129,0,53,0,23,0,14,0,11,
0,230,2,187,228,5,1,55,5,180,252,182,7,14,228,186,243,69,178,0,138,1,57,1,29,0,126,0,52,0,22,0,14,0,12,
0,135,5,45,229,196,2,55,5,180,252,182,7,178,229,91,244,69,178,0,141,1,62,1,0,0,121,0,51,0,20,0,13,0,11,
0,240,6,120,232,168,4,55,5,180,252,182,7,120,225,182,242,124,183,0,148,1,67,0,213,0,116,0,53,0,25,0,15,0,11,
0,240,6,120,232,168,4,55,5,180,252,182,7,105,219,183,244,156,191,0,159,1,66,0,161,0,104,0,50,0,22,0,14,0,12,
0,48,7,58,237,26,6,55,5,180,252,182,7,105,219,139,244,1,200,0,182,1,64,0,137,0,91,0,45,0,19,0,13,0,11,
0,202,6,166,242,116,6,55,5,180,252,182,7,201,221,139,244,1,200,0,210,1,63,0,133,0,83,0,44,0,21,0,14,0,11,
0,44,6,45,248,110,5,55,5,180,252,182,7,50,221,104,245,76,201,0,229,1,62,0,133,0,77,0,42,0,21,0,14,0,11,
0,44,6,45,248,110,5,55,5,180,252,182,7,134,221,224,248,176,206,0,244,1,59,0,133,0,71,0,38,0,19,0,14,0,11,
0,97,5,218,252,61,3,187,5,227,252,140,6,99,229,105,250,143,209,1,5,1,54,0,132,0,65,0,34,0,17,0,13,0,12,
0,213,4,186,0,48,1,187,5,227,252,140,6,99,229,105,250,49,205,1,22,1,46,0,132,0,62,0,33,0,17,0,13,0,11,
0,213,4,186,0,82,0,187,5,227,252,140,6,169,236,178,249,49,205,1,35,1,37,0,134,0,60,0,32,0,17,0,13,0,11,
0,95,4,254,3,82,0,187,5,227,252,140,6,17,238,218,247,91,204,1,49,1,26,0,140,0,56,0,28,0,14,0,11,0,11,
0,8,4,124,6,139,0,187,5,227,252,140,6,82,239,45,245,254,206,1,61,1,15,0,219,0,64,0,28,0,16,0,12,0,11,
0,153,3,132,7,104,1,187,5,227,252,140,6,33,240,27,242,173,203,1,67,1,2,1,46,0,79,0,31,0,16,0,13,0,12,
0,153,3,132,7,86,2,187,5,227,252,140,6,33,240,27,242,173,203,1,70,0,247,1,75,0,92,0,33,0,16,0,12,0,11,
0,249,2,237,6,86,2,187,5,227,252,140,6,205,238,8,240,163,198,1,72,0,234,1,73,0,100,0,35,0,15,0,12,0,12,
0,147,2,43,5,30,3,187,5,227,252,140,6,104,237,122,238,78,198,1,71,0,223,1,72,0,108,0,42,0,16,0,11,0,11,
0,26,2,198,2,206,3,187,5,227,252,140,6,142,237,172,236,187,195,1,70,0,209,1,68,0,116,0,46,0,19,0,13,0,11,
0,26,2,198,2,206,3,128,5,35,253,63,7,142,237,172,236,197,193,1,70,0,198,1,66,0,119,0,47,0,20,0,13,0,11,
0,69,1,13,0,52,4,128,5,35,253,63,7,186,236,210,236,197,193,1,71,0,190,1,63,0,122,0,47,0,21,0,12,0,11,
0,45,0,151,253,72,4,128,5,35,253,63,7,251,236,96,237,243,189,1,70,0,184,1,63,0,125,0,49,0,22,0,13,0,11,
0,65,255,184,251,42,4,128,5,35,253,63,7,128,237,114,240,154,189,1,69,0,179,1,62,0,128,0,55,0,24,0,15,0,11,
0,65,255,184,251,42,4,128,5,35,253,63,7,249,237,242,242,243,188,1,68,0,175,1,62,0,129,0,54,0,23,0,14,0,11,
0,147,254,243,250,176,3,128,5,35,253,63,7,249,237,242,242,243,188,1,68,0,174,1,63,0,130,0,55,0,23,0,14,0,12,
0,166,253,4,251,249,2,128,5,35,253,63,7,242,238,117,244,168,186,1,65,0,173,1,63,0,132,0,55,0,24,0,14,0,11,
0,166,253,4,251,61,2,128,5,35,253,63,7,35,239,157,246,76,188,1,63,0,170,1,63,0,134,0,57,0,25,0,16,0,12,
0,202,252,219,251,61,2,128,5,35,253,63,7,222,241,205,248,155,187,1,63,0,168,1,63,0,133,0,56,0,23,0,14,0,11,
0,53,252,78,255,242,0,206,5,171,252,124,7,105,246,93,252,206,183,1,59,0,158,1,63,0,136,0,59,0,25,0,15,0,12,
0,11,252,96,1,128,0,206,5,171,252,124,7,201,247,140,252,173,185,1,58,0,156,1,62,0,135,0,58,0,25,0,15,0,12,
0,48,252,25,3,51,0,206,5,171,252,124,7,10,250,77,252,245,184,1,57,0,155,1,62,0,135,0,58,0,25,0,15,0,12,
0,138,252,65,4,75,0,206,5,171,252,124,7,10,250,77,252,116,180,1,55,0,154,1,61,0,136,0,59,0,27,0,16,0,12,
0,138,252,65,4,75,0,206,5,171,252,124,7,207,249,189,251,116,180,1,54,0,154,1,60,0,136,0,59,0,26,0,16,0,12,
0,244,252,196,4,83,0,206,5,171,252,124,7,245,247,57,252,75,181,1,55,0,155,1,58,0,134,0,57,0,24,0,15,0,12,
0,124,253,214,4,91,0,206,5,171,252,124,7,113,249,141,251,77,183,1,55,0,155,1,54,0,135,0,59,0,27,0,16,0,12,
0,25,254,202,4,117,0,206,5,171,252,124,7,113,247,187,250,97,178,1,55,0,156,1,51,0,134,0,59,0,26,0,16,0,12,
0,25,254,202,4,117,0,206,5,171,252,124,7,90,247,187,250,97,178,1,54,0,156,1,45,0,132,0,58,0,24,0,15,0,12,
0,112,254,154,4,139,0,151,5,225,252,68,7,117,244,153,250,135,183,1,54,0,157,1,39,0,130,0,57,0,23,0,14,0,12,
0,173,254,45,4,115,0,151,5,225,252,68,7,166,245,95,248,26,186,1,53,0,158,1,30,0,129,0,58,0,27,0,16,0,12,
0,173,254,45,4,95,0,151,5,225,252,68,7,182,245,152,246,145,182,1,53,0,158,1,20,0,126,0,56,0,26,0,16,0,12,
0,183,254,174,3,95,0,151,5,225,252,68,7,182,245,152,246,186,183,1,53,0,157,1,8,0,122,0,55,0,23,0,16,0,12,
0,168,254,37,3,47,0,151,5,225,252,68,7,39,244,136,244,186,183,1,53,0,156,0,252,0,119,0,54,0,25,0,16,0,12,
0,116,254,133,2,237,255,151,5,225,252,68,7,226,242,66,242,217,187,1,52,0,155,0,240,0,115,0,54,0,25,0,16,0,12,
0,116,254,133,2,237,255,151,5,225,252,68,7,50,244,246,239,57,189,1,52,0,155,0,229,0,110,0,51,0,22,0,14,0,11,
0,19,254,222,1,160,255,151,5,225,252,68,7,41,245,138,238,205,186,1,52,0,153,0,219,0,105,0,49,0,24,0,15,0,12,
0,181,253,59,1,50,255,151,5,225,252,68,7,41,245,138,238,205,186,1,52,0,152,0,211,0,101,0,48,0,23,0,14,0,11,
0,43,253,172,0,231,254,151,5,225,252,68,7,201,244,94,238,223,185,1,51,0,151,0,203,0,97,0,47,0,21,0,14,0,11,
0,43,253,172,0,231,254,151,5,233,252,122,6,242,244,96,238,190,186,1,50,0,150,0,196,0,93,0,45,0,20,0,14,0,11,
0,184,252,65,0,137,254,126,5,233,252,122,6,176,244,228,237,204,187,1,51,0,150,0,192,0,88,0,42,0,19,0,13,0,11,
0,82,252,24,0,25,254,126,5,233,252,122,6,176,244,166,237,52,184,1,48,0,150,0,190,0,86,0,41,0,21,0,14,0,11,
0,255,251,239,255,173,253,126,5,233,252,122,6,209,244,166,237,52,184,1,46,0,151,0,189,0,83,0,40,0,20,0,13,0,11,
0,255,251,239,255,173,253,126,5,233,252,122,6,64,243,76,238,7,183,1,43,0,152,0,187,0,81,0,38,0,19,0,13,0,11,
0,162,251,3,0,75,253,126,5,233,252,122,6,82,242,157,238,133,185,1,41,0,153,0,186,0,79,0,36,0,18,0,13,0,11,
0,39,251,166,0,253,252,126,5,233,252,122,6,130,242,143,238,133,184,1,38,0,156,0,185,0,78,0,36,0,18,0,13,0,11,
0,39,251,166,0,200,252,126,5,233,252,122,6,130,242,143,238,175,182,1,35,0,158,0,183,0,76,0,35,0,18,0,13,0,11,
0,168,250,106,1,200,252,126,5,233,252,122,6,82,242,107,239,175,182,1,33,0,161,0,183,0,74,0,33,0,16,0,12,0,11,
0,126,250,55,2,138,252,126,5,233,252,122,6,59,243,50,241,56,187,1,30,0,164,0,181,0,74,0,33,0,17,0,12,0,11,
0,101,250,200,2,92,252,126,5,233,252,122,6,253,243,97,242,75,186,1,28,0,166,0,178,0,73,0,33,0,17,0,13,0,11,
0,101,250,200,2,92,252,73,5,231,252,0,7,253,243,254,244,59,185,1,26,0,169,0,175,0,71,0,31,0,14,0,12,0,11,
0,84,250,46,3,97,252,73,5,231,252,0,7,63,242,254,244,59,185,1,25,0,171,0,173,0,69,0,30,0,14,0,11,0,11,
0,89,250,128,3,153,252,73,5,231,252,0,7,66,241,132,247,151,187,1,23,0,174,0,170,0,69,0,31,0,15,0,12,0,11,
0,203,250,195,3,1,253,73,5,231,252,0,7,138,241,125,248,111,187,1,19,0,176,0,167,0,68,0,31,0,16,0,12,0,11,
0,203,250,195,3,1,253,73,5,231,252,0,7,225,234,159,242,109,185,1,13,0,178,0,164,0,65,0,29,0,13,0,11,0,11,
0,114,251,254,3,93,253,73,5,231,252,0,7,225,234,159,242,30,189,1,8,0,181,0,161,0,65,0,28,0,14,0,11,0,11,
0,216,251,35,4,141,254,73,5,231,252,0,7,187,231,102,250,30,189,1,4,0,184,0,160,0,63,0,28,0,14,0,11,0,10,
0,97,252,148,4,249,255,73,5,231,252,0,7,140,233,21,253,237,187,1,2,0,187,0,159,0,63,0,29,0,16,0,12,0,11,
0,97,252,148,4,249,255,73,5,231,252,0,7,160,230,115,255,145,186,1,4,0,189,0,159,0,62,0,27,0,16,0,12,0,11,
0,24,253,169,5,176,0,73,5,231,252,0,7,159,228,105,3,21,192,1,6,0,189,0,158,0,61,0,27,0,14,0,11,0,11,
0,205,253,5,7,188,0,122,5,147,252,96,7,159,228,105,3,21,192,1,5,0,189,0,155,0,60,0,27,0,15,0,11,0,11,
0,205,253,5,7,130,0,122,5,147,252,96,7,153,230,101,4,122,190,1,5,0,188,0,153,0,59,0,26,0,15,0,12,0,11,
0,147,254,140,8,130,0,122,5,147,252,96,7,45,230,198,4,129,186,1,5,0,187,0,152,0,58,0,25,0,13,0,11,0,10,
0,10,255,20,10,79,0,122,5,147,252,96,7,240,230,108,6,192,188,1,6,0,186,0,152,0,58,0,26,0,15,0,12,0,11,
0,126,255,97,11,11,0,122,5,147,252,96,7,240,230,234,6,70,189,1,6,0,185,0,154,0,58,0,26,0,15,0,12,0,11,
0,126,255,97,11,11,0,122,5,147,252,96,7,84,233,234,6,70,189,1,5,0,184,0,155,0,58,0,25,0,14,0,11,0,11,
0,200,255,180,12,216,255,122,5,147,252,96,7,83,233,176,6,7,186,1,4,0,182,0,158,0,57,0,25,0,14,0,11,0,11,
0,66,0,150,13,140,255,122,5,147,252,96,7,213,233,139,6,217,187,1,1,0,180,0,161,0,57,0,25,0,11,0,11,0,10,
0,172,0,120,14,14,255,122,5,147,252,96,7,53,236,88,5,214,186,0,254,0,178,0,166,0,59,0,26,0,13,0,11,0,11,
0,172,0,120,14,14,255,122,5,147,252,96,7,53,236,88,5,214,185,0,250,0,175,0,172,0,60,0,25,0,12,0,11,0,11,
0,215,0,69,15,191,254,241,4,139,252,187,7,235,235,106,4,103,185,0,246,0,173,0,179,0,62,0,25,0,14,0,11,0,11,
0,5,1,253,15,113,254,241,4,139,252,187,7,113,236,199,2,153,187,0,241,0,172,0,187,0,63,0,26,0,14,0,11,0,10,
0,32,1,253,16,31,254,241,4,139,252,187,7,21,238,36,1,164,188,0,236,0,170,0,194,0,67,0,27,0,13,0,11,0,11,
0,32,1,176,16,31,254,241,4,139,252,187,7,21,238,57,255,216,184,0,230,0,171,0,203,0,69,0,27,0,13,0,11,0,11,
0,21,1,96,17,213,253,241,4,139,252,187,7,90,239,57,255,216,184,0,223,0,171,0,212,0,72,0,23,0,15,0,12,0,12,
0,214,0,6,18,121,253,241,4,139,252,187,7,199,239,98,255,193,187,0,216,0,171,0,222,0,75,0,26,0,15,0,12,0,11,
0,214,0,6,18,91,253,241,4,139,252,187,7,104,244,34,254,31,189,0,209,0,171,0,232,0,79,0,28,0,12,0,11,0,11,
0,188,0,139,18,91,253,241,4,139,252,187,7,147,245,59,253,250,184,0,201,0,171,0,242,0,83,0,30,0,16,0,12,0,11,
0,176,0,200,18,84,253,241,4,139,252,187,7,147,245,59,253,139,189,0,193,0,171,0,252,0,87,0,32,0,16,0,12,0,11,
0,164,0,154,18,101,253,241,4,139,252,187,7,43,246,179,253,139,189,0,185,0,171,1,7,0,92,0,34,0,15,0,12,0,11,
0,164,0,154,18,101,253,151,4,163,252,196,6,241,249,98,252,69,190,0,177,0,171,1,16,0,96,0,35,0,16,0,12,0,11,
0,151,0,249,17,112,253,151,4,163,252,196,6,228,250,153,251,39,187,0,170,0,171,1,26,0,100,0,37,0,17,0,12,0,11,
0,87,0,128,17,94,253,151,4,163,252,196,6,134,250,144,251,45,189,0,163,0,172,1,33,0,105,0,40,0,16,0,13,0,11,
0,75,0,6,17,93,253,151,4,163,252,196,6,134,250,144,251,45,189,0,157,0,173,1,41,0,109,0,41,0,17,0,12,0,11,
0,75,0,6,17,93,253,151,4,163,252,196,6,19,253,77,250,161,187,0,152,0,174,1,47,0,113,0,43,0,18,0,13,0,11,
0,40,0,163,16,134,253,151,4,163,252,196,6,172,251,211,249,184,186,0,149,0,176,1,51,0,116,0,44,0,20,0,13,0,11,
0,74,0,44,16,152,253,151,4,163,252,196,6,239,253,231,249,63,190,0,146,0,179,1,54,0,119,0,46,0,20,0,13,0,11,
0,104,0,44,16,129,253,151,4,163,252,196,6,239,253,231,248,38,186,0,143,0,182,1,54,0,122,0,48,0,22,0,14,0,12,
0,104,0,12,16,129,253,151,4,163,252,196,6,152,255,178,248,38,186,0,142,0,186,1,55,0,124,0,49,0,22,0,14,0,12,
0,102,0,0,16,128,253,151,4,163,252,196,6,207,254,5,250,28,189,0,141,0,190,1,55,0,125,0,50,0,21,0,13,0,11,
0,70,0,217,15,135,253,151,4,163,252,196,6,178,2,131,249,59,191,0,140,0,194,1,53,0,127,0,51,0,23,0,14,0,12,
0,70,0,217,15,155,253,202,3,237,252,38,7,111,4,44,249,247,187,0,139,0,198,1,52,0,128,0,55,0,23,0,14,0,12,
0,88,0,187,15,155,253,202,3,237,252,38,7,111,4,44,249,247,187,0,139,0,203,1,51,0,128,0,57,0,23,0,14,0,11,
0,95,0,149,15,176,253,202,3,237,252,38,7,192,3,181,249,42,188,0,138,0,205,1,49,0,129,0,57,0,25,0,15,0,12,
0,107,0,50,15,186,253,202,3,237,252,38,7,149,6,14,250,11,192,0,138,0,208,1,47,0,129,0,58,0,23,0,15,0,12,
0,107,0,50,15,186,253,202,3,237,252,38,7,88,7,73,249,103,187,0,138,0,211,1,45,0,129,0,57,0,24,0,15,0,12,
0,135,0,151,14,205,253,202,3,237,252,38,7,88,7,18,250,248,190,0,138,0,214,1,42,0,128,0,63,0,25,0,15,0,12,
0,174,0,222,13,0,254,202,3,237,252,38,7,37,7,18,250,248,190,0,139,0,215,1,40,0,127,0,62,0,25,0,14,0,11,
0,195,0,5,13,21,254,202,3,237,252,38,7,19,9,3,249,145,189,0,139,0,216,1,37,0,127,0,61,0,26,0,16,0,12,
0,195,0,5,13,21,254,202,3,237,252,38,7,138,7,32,249,158,188,0,139,0,218,1,35,0,126,0,59,0,25,0,15,0,12,
0,198,0,44,12,72,254,202,3,237,252,38,7,130,9,103,249,45,193,0,139,0,219,1,32,0,125,0,58,0,26,0,16,0,12,
0,227,0,66,11,108,254,193,3,202,252,223,6,130,9,103,249,205,188,0,140,0,220,1,29,0,124,0,57,0,28,0,16,0,12,
0,8,1,66,11,121,254,193,3,202,252,223,6,13,11,138,248,205,188,0,141,0,221,1,27,0,123,0,56,0,26,0,15,0,11,
0,8,1,106,10,121,254,193,3,202,252,223,6,245,8,90,249,43,189,0,141,0,221,1,25,0,122,0,55,0,26,0,16,0,12,
0,28,1,101,9,166,254,193,3,202,252,223,6,227,10,12,249,203,192,0,141,0,220,1,22,0,121,0,54,0,25,0,16,0,12,
0,66,1,103,8,210,254,193,3,202,252,223,6,227,10,231,247,72,190,0,142,0,220,1,20,0,120,0,54,0,25,0,15,0,12,
0,66,1,103,8,254,254,193,3,202,252,223,6,105,12,231,247,72,190,0,143,0,219,1,18,0,118,0,53,0,24,0,16,0,12,
0,55,1,118,7,254,254,193,3,202,252,223,6,184,10,58,248,59,188,0,144,0,218,1,17,0,117,0,52,0,23,0,14,0,11,
0,26,1,78,6,20,255,193,3,202,252,223,6,130,11,50,248,208,191,0,144,0,216,1,14,0,117,0,52,0,22,0,14,0,12,
0,241,0,63,5,50,255,193,3,202,252,223,6,110,12,230,246,5,188,0,145,0,214,1,13,0,116,0,52,0,22,0,15,0,12,
0,241,0,63,5,50,255,193,3,202,252,223,6,110,12,230,246,6,191,0,146,0,213,1,12,0,114,0,50,0,22,0,14,0,11,
0,173,0,82,4,101,255,208,3,217,252,200,7,100,11,59,247,6,191,0,147,0,210,1,10,0,114,0,51,0,22,0,15,0,12,
0,121,0,74,3,97,255,208,3,217,252,200,7,34,13,91,246,172,189,0,148,0,210,1,9,0,113,0,50,0,22,0,14,0,11,
0,90,0,106,2,115,255,208,3,217,252,200,7,102,12,62,246,208,186,0,148,0,208,1,8,0,113,0,50,0,22,0,14,0,12,
0,90,0,106,2,115,255,208,3,217,252,200,7,33,12,21,247,84,190,0,149,0,206,1,6,0,112,0,49,0,22,0,14,0,12,
0,12,0,122,1,119,255,208,3,217,252,200,7,33,12,21,247,84,190,0,150,0,204,1,5,0,111,0,48,0,21,0,14,0,11,
0,179,255,163,0,122,255,208,3,217,252,200,7,106,14,163,246,153,189,0,151,0,203,1,4,0,110,0,48,0,21,0,14,0,11,
0,179,255,163,0,223,255,208,3,217,252,200,7,154,11,253,246,253,184,0,152,0,201,1,2,0,110,0,48,0,22,0,14,0,12,
0,111,255,166,255,223,255,208,3,217,252,200,7,206,11,16,248,107,191,0,153,0,200,1,0,0,109,0,48,0,21,0,14,0,11,
0,17,255,176,254,3,0,208,3,217,252,200,7,206,11,85,247,219,185,0,154,0,198,0,254,0,108,0,47,0,23,0,14,0,12,
0,214,254,235,253,19,0,208,3,217,252,200,7,82,12,85,247,219,185,0,155,0,197,0,252,0,107,0,47,0,22,0,14,0,11,
0,214,254,235,253,50,0,200,3,191,252,8,7,48,10,114,248,181,186,0,156,0,195,0,249,0,106,0,47,0,22,0,14,0,12,
0,162,254,63,253,50,0,200,3,191,252,8,7,4,10,71,248,63,188,0,157,0,194,0,247,0,105,0,46,0,21,0,14,0,11,
0,124,254,171,252,79,0,200,3,191,252,8,7,44,9,254,247,213,185,0,158,0,192,0,244,0,104,0,46,0,22,0,14,0,11,
0,88,254,18,252,128,0,200,3,191,252,8,7,44,9,254,247,58,188,0,159,0,191,0,242,0,103,0,45,0,20,0,13,0,11,
0,88,254,18,252,128,0,200,3,191,252,8,7,142,7,243,248,58,188,0,159,0,190,0,239,0,102,0,44,0,19,0,13,0,11,
0,15,254,129,251,128,0,200,3,191,252,8,7,12,9,184,248,122,188,0,161,0,189,0,237,0,100,0,44,0,20,0,14,0,11,
0,10,254,235,250,151,0,200,3,191,252,8,7,205,7,169,248,110,184,0,163,0,188,0,235,0,99,0,43,0,19,0,13,0,11,
0,253,253,63,250,163,0,200,3,191,252,8,7,205,7,174,249,28,188,0,164,0,187,0,232,0,99,0,43,0,20,0,13,0,11,
0,253,253,63,250,163,0,200,3,191,252,8,7,79,5,174,249,28,188,0,166,0,187,0,230,0,97,0,43,0,19,0,13,0,11,
0,238,253,149,249,178,0,200,3,191,252,8,7,72,7,64,249,26,188,0,168,0,186,0,228,0,96,0,42,0,18,0,13,0,11,
0,221,253,246,248,213,0,200,3,191,252,8,7,231,4,9,249,95,183,0,169,0,185,0,226,0,95,0,42,0,19,0,13,0,11,
0,221,253,246,248,19,1,199,3,230,252,143,6,74,2,231,249,117,186,0,172,0,185,0,225,0,94,0,41,0,18,0,12,0,11,
0,215,253,60,248,19,1,199,3,230,252,143,6,74,2,231,249,96,187,0,174,0,185,0,223,0,93,0,41,0,21,0,14,0,11,
0,199,253,198,247,6,1,199,3,230,252,143,6,62,3,56,249,96,187,0,176,0,184,0,221,0,92,0,40,0,20,0,14,0,12,
0,198,253,109,247,255,0,199,3,230,252,143,6,20,0,95,249,112,184,0,178,0,184,0,220,0,91,0,40,0,19,0,13,0,11,
0,198,253,109,247,234,0,199,3,230,252,143,6,6,0,49,249,134,187,0,181,0,185,0,219,0,91,0,40,0,19,0,13,0,11,
0,170,253,51,247,234,0,199,3,230,252,143,6,24,255,176,248,161,183,0,183,0,184,0,217,0,90,0,40,0,19,0,14,0,11,
0,123,253,5,247,217,0,199,3,230,252,143,6,24,255,176,248,161,183,0,186,0,184,0,216,0,89,0,39,0,19,0,13,0,11,
0,59,253,200,246,171,0,199,3,230,252,143,6,11,254,165,249,240,186,0,189,0,184,0,215,0,88,0,39,0,19,0,13,0,11,
0,59,253,200,246,171,0,199,3,230,252,143,6,204,255,139,249,216,186,0,192,0,185,0,214,0,88,0,38,0,18,0,13,0,11,
0,20,253,135,246,142,0,199,3,230,252,143,6,119,254,8,249,37,182,0,195,0,184,0,213,0,87,0,38,0,19,0,13,0,11,
0,6,253,83,246,152,0,218,3,179,252,160,6,119,254,29,250,105,186,0,198,0,184,0,213,0,86,0,37,0,17,0,12,0,11,
0,27,253,3,246,149,0,218,3,179,252,160,6,62,252,29,250,105,186,0,200,0,183,0,212,0,86,0,37,0,19,0,13,0,11,
0,27,253,3,246,149,0,218,3,179,252,160,6,102,253,249,249,74,187,0,203,0,182,0,211,0,86,0,37,0,18,0,13,0,11,
0,248,252,207,245,157,0,218,3,179,252,160,6,17,253,117,249,77,183,0,206,0,182,0,211,0,85,0,36,0,17,0,12,0,11,
0,226,252,156,245,116,0,218,3,179,252,160,6,102,249,147,250,83,184,0,208,0,181,0,210,0,84,0,36,0,19,0,13,0,11,
0,226,252,156,245,95,0,218,3,179,252,160,6,102,249,147,250,83,186,0,211,0,181,0,210,0,84,0,36,0,17,0,12,0,11,
0,180,252,118,245,95,0,218,3,179,252,160,6,243,249,182,250,211,186,0,213,0,180,0,209,0,84,0,36,0,18,0,13,0,11,
0,189,252,101,245,77,0,218,3,179,252,160,6,2,250,24,250,155,183,0,215,0,180,0,209,0,84,0,36,0,17,0,12,0,11,
0,173,252,157,245,50,0,218,3,179,252,160,6,209,247,243,250,208,183,0,218,0,181,0,209,0,84,0,35,0,17,0,12,0,11,
0,173,252,157,245,24,0,218,3,179,252,160,6,209,247,232,250,61,185,0,220,0,180,0,208,0,84,0,36,0,17,0,13,0,11,
0,132,252,241,245,24,0,21,4,203,252,176,6,171,248,232,250,61,185,0,222,0,181,0,208,0,83,0,35,0,16,0,12,0,11,
0,134,252,48,246,250,255,21,4,203,252,176,6,69,248,230,250,101,184,0,223,0,182,0,206,0,83,0,36,0,16,0,12,0,11,
0,76,252,65,246,230,255,21,4,203,252,176,6,120,246,205,251,181,184,0,226,0,182,0,206,0,82,0,35,0,16,0,12,0,11,
0,76,252,65,246,230,255,21,4,203,252,176,6,146,248,89,251,99,185,0,227,0,183,0,204,0,82,0,35,0,16,0,12,0,11,
0,66,252,136,246,219,255,21,4,203,252,176,6,146,248,89,251,54,181,0,229,0,183,0,203,0,81,0,35,0,16,0,13,0,11,
0,99,252,142,246,191,255,21,4,203,252,176,6,167,246,120,251,54,181,0,230,0,184,0,202,0,81,0,34,0,16,0,12,0,11,
0,53,252,141,246,180,255,21,4,203,252,176,6,30,246,156,252,75,186,0,231,0,184,0,200,0,81,0,35,0,16,0,12,0,11,
0,53,252,141,246,180,255,21,4,203,252,176,6,117,247,181,251,247,184,0,232,0,184,0,199,0,80,0,35,0,16,0,12,0,11,
0,65,252,160,246,180,255,21,4,203,252,176,6,241,244,165,251,248,180,0,234,0,185,0,198,0,79,0,34,0,16,0,12,0,11,
0,80,252,235,246,142,255,21,4,203,252,176,6,241,244,165,251,248,180,0,234,0,186,0,196,0,79,0,34,0,16,0,12,0,11,
0,80,252,235,246,106,255,88,4,172,252,117,6,178,243,129,252,7,185,0,235,0,187,0,194,0,78,0,33,0,15,0,12,0,11,
0,52,252,42,247,106,255,88,4,172,252,117,6,103,244,100,252,124,186,0,235,0,188,0,193,0,78,0,28,0,16,0,13,0,12,
0,48,252,118,247,81,255,88,4,172,252,117,6,133,244,235,251,186,182,0,236,0,188,0,191,0,77,0,30,0,16,0,13,0,11,
0,51,252,229,247,65,255,88,4,172,252,117,6,133,244,235,252,199,183,0,236,0,190,0,191,0,76,0,30,0,16,0,12,0,11,
0,51,252,229,247,65,255,88,4,172,252,117,6,177,242,159,252,199,183,0,237,0,191,0,190,0,75,0,30,0,16,0,12,0,11,
0,38,252,94,248,50,255,88,4,172,252,117,6,122,243,31,253,243,185,0,237,0,191,0,189,0,75,0,31,0,16,0,12,0,11,
0,59,252,203,248,67,255,88,4,172,252,117,6,191,243,218,252,109,183,0,237,0,191,0,188,0,75,0,31,0,16,0,12,0,11,
0,115,252,16,249,71,255,88,4,172,252,117,6,200,242,226,252,105,183,0,237,0,192,0,188,0,74,0,31,0,16,0,12,0,11,
0,115,252,16,249,71,255,88,4,172,252,117,6,200,242,226,252,105,183,0,238,0,193,0,188,0,73,0,30,0,15,0,12,0,11,
0,111,252,116,249,36,255,88,4,172,252,117,6,16,243,91,253,59,185,0,237,0,193,0,188,0,74,0,31,0,16,0,12,0,11,
0,117,252,202,249,16,255,88,4,156,252,186,6,46,243,217,252,43,184,0,237,0,194,0,188,0,73,0,31,0,15,0,12,0,11,
0,110,252,247,249,245,254,128,4,156,252,186,6,26,242,235,252,114,184,0,236,0,194,0,189,0,74,0,31,0,16,0,12,0,11,
0,110,252,247,249,245,254,128,4,156,252,186,6,26,242,235,252,141,185,0,235,0,195,0,190,0,73,0,31,0,16,0,12,0,11,
0,118,252,82,250,223,254,128,4,156,252,186,6,8,241,235,252,141,185,0,235,0,196,0,191,0,73,0,31,0,16,0,12,0,11,
0,103,252,188,250,244,254,128,4,156,252,186,6,213,242,79,252,123,184,0,234,0,196,0,192,0,74,0,31,0,14,0,12,0,11,
0,103,252,188,250,0,255,128,4,156,252,186,6,132,241,149,252,87,182,0,233,0,198,0,194,0,74,0,31,0,13,0,11,0,11,
0,130,252,48,251,0,255,128,4,156,252,186,6,46,241,28,253,131,187,0,232,0,198,0,195,0,75,0,32,0,15,0,12,0,11,
0,116,252,163,251,253,254,128,4,156,252,186,6,46,241,28,253,141,185,0,230,0,199,0,196,0,75,0,31,0,15,0,12,0,11,
0,129,252,254,251,232,254,128,4,156,252,186,6,123,243,97,252,141,185,0,229,0,200,0,198,0,75,0,31,0,14,0,11,0,11,
0,129,252,254,251,232,254,128,4,156,252,186,6,53,241,201,252,255,182,0,228,0,201,0,200,0,76,0,32,0,15,0,12,0,11,
0,140,252,94,252,236,254,128,4,156,252,186,6,226,241,129,253,65,188,0,226,0,200,0,201,0,76,0,31,0,14,0,11,0,11,
0,148,252,209,252,233,254,175,4,141,252,102,7,226,241,89,252,206,185,0,224,0,200,0,202,0,77,0,32,0,16,0,12,0,11,
0,157,252,80,253,203,254,175,4,141,252,102,7,143,242,89,252,206,185,0,187,0,216,0,216,0,78,0,32,0,16,0,12,0,11,
0,157,252,80,253,203,254,175,4,141,252,102,7,17,240,12,248,110,182,0,133,0,239,0,238,0,82,0,36,0,15,0,11,0,11,
0,141,252,179,253,225,254,175,4,141,252,102,7,178,241,213,215,109,192,0,154,1,27,1,66,0,95,0,39,0,17,0,12,0,11,
0,77,253,21,254,77,254,175,4,141,252,102,7,68,12,12,244,128,210,1,89,1,78,1,86,0,106,0,40,0,20,0,13,0,11,
0,42,255,111,254,46,252,175,4,141,252,102,7,68,12,12,244,254,227,1,8,1,81,1,85,0,114,0,43,0,20,0,13,0,11,
0,42,255,111,254,46,252,175,4,141,252,102,7,219,24,128,237,254,227,0,132,1,77,1,83,0,120,0,46,0,21,0,14,0,11,
0,139,2,185,253,238,249,175,4,141,252,102,7,194,18,129,242,205,232,0,134,1,76,1,65,0,123,0,47,0,18,0,13,0,11,
0,35,8,230,250,31,249,175,4,141,252,102,7,74,14,180,27,148,3,0,135,1,62,1,1,0,118,0,48,0,19,0,13,0,12,
0,35,8,230,250,199,250,175,4,141,252,102,7,144,19,210,64,40,17,0,136,1,13,0,160,0,105,0,47,0,20,0,13,0,11,
0,203,15,195,245,199,250,233,4,192,252,25,7,144,19,210,64,40,17,0,136,0,190,0,136,0,95,0,46,0,21,0,14,0,12,
0,247,22,21,242,64,255,233,4,192,252,25,7,206,248,239,73,80,24,0,137,0,144,0,134,0,84,0,42,0,19,0,13,0,12,
0,251,26,215,241,43,7,233,4,192,252,25,7,35,255,8,44,166,7,0,138,0,139,0,134,0,77,0,40,0,18,0,13,0,12,
0,251,26,215,241,43,7,233,4,192,252,25,7,168,0,25,28,144,19,0,139,0,147,0,136,0,73,0,40,0,20,0,14,0,12,
0,141,28,45,244,245,14,233,4,192,252,25,7,168,0,10,28,160,19,0,141,0,176,0,137,0,68,0,36,0,19,0,14,0,12,
0,27,29,14,247,152,17,233,4,192,252,25,7,106,248,10,28,160,19,0,142,0,182,0,134,0,63,0,32,0,16,0,12,0,12,
0,103,29,26,251,144,14,233,4,192,252,25,7,200,232,183,28,78,1,0,145,0,157,0,132,0,59,0,30,0,15,0,12,0,12,
0,103,29,26,251,144,14,233,4,192,252,25,7,156,228,248,27,190,229,0,154,0,138,0,132,0,57,0,29,0,15,0,12,0,11,
0,36,28,134,0,102,8,233,4,192,252,25,7,213,201,220,245,87,200,0,180,0,134,0,132,0,53,0,25,0,12,0,11,0,11,
0,47,23,250,5,23,2,233,4,192,252,25,7,213,201,220,245,227,196,0,187,0,134,0,132,0,50,0,22,0,10,0,9,0,10,
0,62,15,87,8,12,255,217,4,35,253,234,7,201,201,211,243,227,196,0,191,0,133,0,133,0,52,0,25,0,14,0,12,0,10,
0,62,15,87,8,12,255,217,4,35,253,234,7,217,208,112,235,185,196,0,200,0,134,0,247,0,63,0,26,0,16,0,12,0,10,
0,178,6,164,9,85,255,217,4,35,253,234,7,9,213,202,227,5,183,0,199,0,135,1,84,0,78,0,26,0,13,0,11,0,11,
0,52,254,23,10,205,0,217,4,35,253,234,7,9,213,175,219,233,171,0,191,0,137,1,81,0,91,0,30,0,15,0,12,0,11,
0,52,254,23,10,122,1,217,4,35,253,234,7,165,215,175,219,233,171,0,187,0,144,1,86,0,104,0,36,0,17,0,12,0,10,
0,152,247,120,9,122,1,217,4,35,253,234,7,28,220,243,223,145,164,0,180,0,168,1,80,0,111,0,39,0,17,0,12,0,11,
0,163,243,11,8,246,0,217,4,35,253,234,7,104,224,165,240,97,161,0,172,0,206,1,79,0,116,0,40,0,15,0,12,0,12,
0,222,242,207,5,190,255,217,4,35,253,234,7,45,227,39,254,153,157,0,165,0,251,1,78,0,121,0,43,0,17,0,12,0,11,
0,222,242,207,5,190,255,217,4,35,253,234,7,45,227,39,254,85,155,0,159,1,44,1,73,0,127,0,48,0,21,0,14,0,11,
0,220,244,0,2,67,255,217,4,35,253,234,7,4,234,193,7,85,155,0,154,1,72,1,63,0,129,0,49,0,22,0,14,0,12,
0,242,248,74,253,37,0,231,4,215,252,79,7,221,241,18,9,105,152,0,151,1,71,1,42,0,127,0,49,0,19,0,13,0,12,
0,9,254,145,249,64,2,231,4,215,252,79,7,111,242,104,6,55,153,0,150,1,71,1,4,0,123,0,50,0,21,0,13,0,11,
0,9,254,145,249,64,2,231,4,215,252,79,7,128,235,70,8,109,152,0,151,1,70,0,204,0,115,0,52,0,23,0,14,0,11,
0,92,3,199,247,144,4,231,4,215,252,79,7,128,235,70,8,109,152,0,151,1,70,0,150,0,102,0,49,0,23,0,14,0,12,
0,41,8,24,248,15,6,231,4,215,252,79,7,53,229,237,1,248,165,0,154,1,67,0,134,0,89,0,44,0,18,0,13,0,11,
0,217,11,24,250,249,5,231,4,215,252,79,7,50,226,162,1,199,181,0,156,1,63,0,133,0,83,0,44,0,21,0,14,0,11,
0,217,11,33,250,249,5,231,4,215,252,79,7,205,223,68,0,198,186,0,161,1,63,0,133,0,77,0,42,0,21,0,15,0,11,
0,217,13,130,253,70,5,231,4,215,252,79,7,205,223,68,248,245,199,0,168,1,65,0,133,0,69,0,36,0,17,0,12,0,11,
0,93,14,243,1,171,4,231,4,215,252,79,7,146,220,54,248,245,199,0,176,1,62,0,134,0,63,0,33,0,16,0,12,0,10,
0,93,14,243,1,27,4,231,4,215,252,79,7,218,221,93,244,97,205,0,183,1,55,0,134,0,63,0,34,0,18,0,14,0,11,
0,228,13,119,6,27,4,231,4,215,252,79,7,191,222,6,242,21,206,0,191,1,48,0,134,0,60,0,31,0,17,0,13,0,11,
0,228,12,245,10,73,3,157,4,99,253,160,6,3,226,247,240,181,208,0,197,1,41,0,136,0,56,0,27,0,14,0,11,0,11,
0,136,11,68,15,123,2,157,4,99,253,160,6,3,226,247,240,181,208,0,201,1,36,0,139,0,54,0,26,0,13,0,12,0,11,
0,136,11,68,15,123,2,157,4,99,253,160,6,35,232,184,238,222,204,0,204,1,31,0,145,0,56,0,28,0,17,0,13,0,11,
0,249,9,186,18,32,2,157,4,99,253,160,6,88,237,252,232,151,196,0,208,1,26,0,159,0,55,0,25,0,14,0,11,0,10,
0,231,7,136,20,31,2,157,4,99,253,160,6,123,243,190,229,73,196,0,214,1,20,0,179,0,57,0,24,0,14,0,11,0,11,
0,4,6,55,20,30,2,157,4,99,253,160,6,123,243,20,229,33,194,0,221,1,18,0,201,0,62,0,26,0,13,0,12,0,11,
0,4,6,55,20,30,2,157,4,99,253,160,6,170,251,20,229,33,194,0,228,1,14,0,218,0,69,0,27,0,16,0,12,0,11,
0,125,4,69,18,229,1,157,4,99,253,160,6,232,0,156,229,97,189,0,237,1,11,0,230,0,72,0,27,0,13,0,11,0,11,
0,112,3,29,15,160,1,157,4,99,253,160,6,251,1,6,233,12,193,0,247,1,5,0,237,0,77,0,28,0,12,0,11,0,11,
0,181,2,29,11,110,1,157,4,99,253,160,6,238,6,137,233,229,193,1,3,0,255,0,243,0,83,0,32,0,17,0,13,0,11,
0,181,2,73,11,110,1,105,4,102,253,239,6,238,6,137,233,165,189,1,18,0,251,0,248,0,87,0,34,0,18,0,13,0,11,
0,84,2,157,7,51,1,105,4,102,253,239,6,14,6,2,235,165,189,1,37,0,246,1,0,0,91,0,35,0,16,0,12,0,12,
0,14,2,191,4,218,0,105,4,102,253,239,6,100,4,134,236,27,192,1,61,0,240,1,7,0,95,0,36,0,16,0,12,0,11,
0,14,2,191,4,105,0,105,4,102,253,239,6,123,4,192,237,129,195,1,72,0,236,1,19,0,99,0,38,0,18,0,12,0,10,
0,255,1,54,3,105,0,105,4,102,253,239,6,123,5,228,238,102,193,1,75,0,228,1,30,0,104,0,40,0,20,0,13,0,11,
0,253,1,13,3,230,255,105,4,102,253,239,6,3,5,228,238,102,193,1,67,0,224,1,40,0,107,0,41,0,17,0,13,0,12,
0,16,2,9,4,148,255,105,4,102,253,239,6,240,3,91,239,67,196,1,63,0,218,1,52,0,112,0,43,0,19,0,13,0,11,
0,16,2,9,4,148,255,105,4,102,253,239,6,236,6,58,239,97,199,1,63,0,212,1,62,0,118,0,46,0,21,0,14,0,11,
0,254,1,103,5,85,255,105,4,102,253,239,6,84,9,212,237,203,196,1,99,0,204,1,65,0,122,0,47,0,19,0,13,0,11,
0,136,1,218,6,75,255,105,4,102,253,239,6,84,9,212,237,231,197,1,87,0,195,1,66,0,124,0,48,0,19,0,13,0,11,
0,216,0,248,7,74,255,119,4,106,253,38,7,169,10,48,237,231,197,1,96,0,187,1,66,0,127,0,51,0,21,0,13,0,11,
0,216,0,248,7,74,255,119,4,106,253,38,7,36,13,229,236,185,197,1,73,0,181,1,66,0,130,0,53,0,22,0,14,0,11,
0,88,0,164,8,112,255,119,4,106,253,38,7,134,14,122,235,24,196,1,72,0,177,1,65,0,131,0,53,0,22,0,14,0,11,
0,201,255,152,8,139,255,119,4,106,253,38,7,103,16,142,233,126,195,1,72,0,175,1,65,0,131,0,52,0,21,0,13,0,11,
0,74,255,152,8,213,255,119,4,106,253,38,7,103,16,142,233,126,195,1,70,0,172,1,63,0,134,0,55,0,25,0,15,0,12,
0,74,255,177,7,213,255,119,4,106,253,38,7,171,16,253,232,27,192,1,69,0,171,1,62,0,134,0,56,0,26,0,15,0,12,
0,210,254,53,6,18,0,119,4,106,253,38,7,172,16,3,232,109,191,1,69,0,170,1,60,0,133,0,55,0,24,0,14,0,11,
0,127,254,45,4,80,0,119,4,106,253,38,7,20,16,87,231,104,190,1,68,0,169,1,56,0,134,0,56,0,25,0,15,0,12,
0,127,254,45,4,142,0,119,4,106,253,38,7,20,16,62,231,49,188,1,68,0,168,1,52,0,133,0,52,0,24,0,16,0,12,
0,89,254,38,2,142,0,119,4,106,253,38,7,94,14,62,231,49,188,1,67,0,165,1,45,0,132,0,53,0,23,0,16,0,12,
0,27,254,72,0,9,1,23,4,147,253,213,6,52,12,73,231,7,190,1,67,0,162,1,37,0,130,0,53,0,23,0,15,0,13,
0,252,253,165,254,82,1,23,4,147,253,213,6,146,9,103,230,57,190,1,66,0,159,1,28,0,128,0,57,0,25,0,15,0,12,
0,252,253,165,254,82,1,23,4,147,253,213,6,209,7,80,230,229,192,1,65,0,157,1,16,0,126,0,57,0,25,0,16,0,12,
0,247,253,83,253,88,1,23,4,147,253,213,6,209,7,80,230,214,191,1,64,0,153,1,2,0,122,0,56,0,23,0,16,0,12,
0,201,253,48,252,64,1,23,4,147,253,213,6,143,7,231,229,214,191,1,64,0,150,0,241,0,116,0,54,0,25,0,15,0,12,
0,76,253,8,251,4,1,23,4,147,253,213,6,165,6,102,229,128,190,1,63,0,147,0,223,0,111,0,53,0,25,0,15,0,12,
0,76,253,8,251,4,1,23,4,147,253,213,6,183,5,107,229,228,191,1,63,0,145,0,204,0,105,0,51,0,23,0,15,0,12,
0,198,252,23,250,194,0,23,4,147,253,213,6,183,5,71,229,41,191,1,63,0,142,0,184,0,98,0,47,0,23,0,15,0,12,
0,86,252,4,249,109,0,23,4,147,253,213,6,61,5,71,229,41,191,1,65,0,141,0,166,0,90,0,44,0,19,0,13,0,11,
0,86,251,4,249,27,0,23,4,147,253,213,6,202,4,100,229,222,189,1,63,0,139,0,151,0,84,0,43,0,22,0,14,0,11,
0,153,251,46,248,27,0,23,4,147,253,213,6,226,2,208,230,213,187,1,64,0,139,0,142,0,77,0,40,0,19,0,14,0,11,
0,172,250,84,247,206,255,111,4,53,253,6,8,45,1,251,231,134,186,1,65,0,138,0,138,0,70,0,36,0,17,0,12,0,11,
0,30,250,134,246,146,255,111,4,53,253,6,8,45,1,251,231,134,185,1,65,0,138,0,136,0,66,0,34,0,17,0,13,0,11,
0,30,250,134,246,104,255,111,4,53,253,6,8,51,255,131,233,134,185,1,66,0,138,0,135,0,62,0,32,0,16,0,12,0,10,
0,223,249,240,245,104,255,111,4,53,253,6,8,83,254,85,234,58,183,1,66,0,138,0,134,0,60,0,30,0,16,0,13,0,11,
0,111,249,109,245,44,255,111,4,53,253,6,8,99,251,148,235,227,180,1,66,0,138,0,134,0,57,0,28,0,14,0,12,0,11,
0,247,248,73,245,249,254,111,4,53,253,6,8,199,249,25,237,133,181,1,67,0,139,0,135,0,55,0,27,0,14,0,12,0,11,
0,247,248,73,245,249,254,111,4,53,253,6,8,199,249,25,237,133,181,1,67,0,139,0,134,0,54,0,26,0,14,0,11,0,11,
0,214,248,90,245,210,254,111,4,53,253,6,8,206,248,235,237,142,179,1,67,0,139,0,134,0,52,0,25,0,14,0,12,0,11,
0,161,248,148,245,146,254,111,4,53,253,6,8,3,246,41,239,58,179,1,67,0,140,0,134,0,51,0,24,0,12,0,11,0,11,
0,71,248,241,245,112,254,111,4,53,253,6,8,165,245,16,241,104,183,1,66,0,140,0,134,0,51,0,28,0,14,0,11,0,11,
0,71,248,241,245,112,254,146,4,60,253,197,6,165,245,16,242,175,181,1,66,0,141,0,134,0,50,0,26,0,13,0,11,0,10,
0,251,247,55,246,28,254,146,4,60,253,197,6,162,246,31,242,175,181,1,65,0,141,0,134,0,50,0,25,0,13,0,11,0,11,
0,143,247,86,246,237,253,146,4,60,253,197,6,47,246,216,243,130,179,1,65,0,142,0,134,0,48,0,23,0,12,0,11,0,10,
0,143,247,86,246,230,253,146,4,60,253,197,6,67,244,176,245,17,179,1,65,0,142,0,134,0,49,0,24,0,13,0,11,0,11,
0,73,247,112,246,230,253,146,4,60,253,197,6,206,242,135,247,227,179,1,64,0,143,0,134,0,49,0,23,0,13,0,11,0,11,
0,21,247,121,246,212,253,146,4,60,253,197,6,206,242,135,247,227,179,1,64,0,144,0,134,0,48,0,23,0,11,0,11,0,11,
0,35,247,153,246,205,253,146,4,60,253,197,6,205,241,238,248,143,179,1,63,0,144,0,133,0,47,0,22,0,12,0,11,0,10,
0,35,247,153,246,161,253,146,4,60,253,197,6,104,240,138,249,218,176,1,62,0,144,0,134,0,48,0,23,0,13,0,11,0,11,
0,43,247,247,246,161,253,146,4,60,253,197,6,148,237,147,250,123,176,1,60,0,146,0,134,0,48,0,22,0,12,0,11,0,11,
0,22,247,173,247,112,253,146,4,60,253,197,6,148,237,216,251,121,179,1,60,0,147,0,135,0,47,0,22,0,12,0,11,0,11,
0,253,246,154,248,50,253,122,4,32,253,68,7,11,237,216,251,121,179,1,59,0,149,0,136,0,47,0,22,0,12,0,11,0,10,
0,253,246,154,248,50,253,122,4,32,253,68,7,120,237,199,252,21,179,1,57,0,151,0,136,0,48,0,22,0,12,0,11,0,10,
0,64,247,159,249,15,253,122,4,32,253,68,7,214,237,205,252,180,176,1,55,0,155,0,137,0,47,0,21,0,11,0,10,0,10,
0,115,247,223,250,237,252,122,4,32,253,68,7,110,236,21,254,161,177,1,52,0,158,0,138,0,48,0,22,0,12,0,11,0,11,
0,195,247,249,251,191,252,122,4,32,253,68,7,110,236,21,254,45,181,1,50,0,162,0,139,0,49,0,22,0,12,0,11,0,11,
0,195,247,249,251,191,252,122,4,32,253,68,7,102,237,159,254,45,181,1,47,0,166,0,141,0,49,0,22,0,12,0,11,0,11,
0,8,248,13,253,194,252,122,4,32,253,68,7,99,238,139,254,188,180,1,44,0,170,0,145,0,50,0,22,0,14,0,11,0,11,
0,96,248,8,254,213,252,122,4,32,253,68,7,220,237,197,254,22,179,1,41,0,175,0,152,0,51,0,22,0,12,0,11,0,10,
0,96,248,8,254,235,252,122,4,32,253,68,7,220,236,167,255,5,182,1,37,0,179,0,171,0,54,0,23,0,12,0,11,0,11,
0,178,248,246,254,235,252,122,4,32,253,68,7,133,236,167,255,5,182,1,31,0,183,0,203,0,60,0,24,0,12,0,11,0,11,
0,220,248,225,255,246,252,196,4,24,253,232,6,166,237,41,255,254,183,1,27,0,188,0,242,0,67,0,25,0,14,0,11,0,11,
0,51,249,160,0,249,252,196,4,24,253,232,6,127,237,136,254,210,183,1,20,0,191,1,25,0,78,0,29,0,16,0,12,0,11,
0,51,249,160,0,249,252,196,4,24,253,232,6,191,235,140,254,26,183,1,12,0,195,1,59,0,89,0,31,0,16,0,12,0,11,
0,121,249,150,1,228,252,196,4,24,253,232,6,191,235,140,254,16,188,1,5,0,198,1,70,0,100,0,34,0,14,0,12,0,11,
0,152,249,120,2,8,253,196,4,24,253,232,6,167,234,40,0,16,188,1,0,0,201,1,69,0,107,0,37,0,16,0,12,0,11,
0,196,249,116,3,53,253,196,4,24,253,232,6,154,236,174,0,82,189,0,251,0,204,1,68,0,113,0,40,0,16,0,12,0,11,
0,196,249,116,3,53,253,196,4,24,253,232,6,127,236,85,1,99,186,0,246,0,206,1,67,0,118,0,43,0,17,0,12,0,11,
0,244,249,110,4,98,253,196,4,24,253,232,6,105,234,19,4,214,188,0,240,0,206,1,66,0,122,0,46,0,19,0,13,0,12,
0,99,250,7,5,195,253,196,4,24,253,232,6,105,234,19,4,214,188,0,233,0,207,1,65,0,125,0,47,0,19,0,13,0,11,
0,200,250,112,5,52,254,196,4,24,253,232,6,155,234,150,6,25,193,0,227,0,207,1,64,0,128,0,52,0,21,0,13,0,12,
0,200,250,112,5,52,254,196,4,243,252,106,6,110,233,243,8,85,190,0,223,0,208,1,65,0,129,0,53,0,21,0,13,0,11,
0,127,251,166,5,207,254,128,4,243,252,106,6,218,231,81,10,215,188,0,220,0,208,1,65,0,131,0,54,0,22,0,13,0,11,
0,78,252,238,5,147,255,128,4,243,252,106,6,218,231,145,9,15,193,0,216,0,208,1,64,0,132,0,55,0,23,0,14,0,12,
0,78,252,238,5,25,0,128,4,243,252,106,6,29,231,145,9,15,193,0,215,0,206,1,63,0,133,0,55,0,25,0,15,0,11,
0,34,253,125,6,25,0,128,4,243,252,106,6,52,232,60,8,17,190,0,214,0,203,1,63,0,134,0,56,0,25,0,15,0,12,
0,222,253,61,7,15,0,128,4,243,252,106,6,173,230,87,8,229,190,0,213,0,200,1,62,0,134,0,55,0,24,0,14,0,12,
0,159,254,233,7,242,255,128,4,243,252,106,6,47,233,159,5,209,189,0,210,0,196,1,61,0,135,0,57,0,25,0,16,0,12,
0,159,254,233,7,242,255,128,4,243,252,106,6,47,233,159,5,244,188,0,208,0,194,1,61,0,134,0,57,0,25,0,15,0,11,
0,97,255,150,8,223,255,128,4,243,252,106,6,188,232,168,3,244,188,0,204,0,191,1,60,0,135,0,58,0,25,0,16,0,12,
0,177,255,52,9,181,255,128,4,243,252,106,6,133,233,73,2,203,190,0,201,0,189,1,60,0,135,0,58,0,25,0,16,0,12,
0,12,0,200,9,103,255,128,4,243,252,106,6,129,235,186,0,13,191,0,198,0,188,1,61,0,136,0,58,0,26,0,16,0,12,
0,12,0,200,9,103,255,88,4,215,252,40,7,129,235,174,254,213,188,0,193,0,185,1,60,0,136,0,59,0,26,0,16,0,13,
0,102,0,73,10,27,255,88,4,215,252,40,7,102,236,174,254,213,188,0,189,0,184,1,61,0,135,0,58,0,25,0,15,0,12,
0,142,0,158,10,195,254,88,4,215,252,40,7,171,236,139,252,167,187,0,183,0,182,1,60,0,136,0,58,0,26,0,16,0,12,
0,56,0,230,10,129,254,88,4,215,252,40,7,188,237,151,250,229,190,0,177,0,180,1,59,0,136,0,59,0,26,0,16,0,12,
0,56,0,230,10,129,254,88,4,215,252,40,7,149,240,225,248,54,190,0,171,0,179,1,59,0,135,0,58,0,25,0,15,0,11,
0,229,255,17,11,8,254,88,4,215,252,40,7,149,240,225,248,25,187,0,164,0,178,1,58,0,135,0,59,0,26,0,16,0,12,
0,163,255,50,11,161,253,88,4,215,252,40,7,19,242,234,246,25,187,0,159,0,178,1,58,0,134,0,58,0,25,0,15,0,12,
0,163,255,50,11,61,253,88,4,215,252,40,7,148,242,217,245,11,187,0,153,0,178,1,58,0,135,0,59,0,26,0,16,0,12,
0,38,255,53,11,61,253,88,4,215,252,40,7,61,244,205,245,207,188,0,148,0,178,1,58,0,134,0,58,0,26,0,16,0,12,
0,150,254,254,10,243,252,88,4,215,252,40,7,114,246,36,245,63,188,0,145,0,179,1,58,0,134,0,58,0,25,0,15,0,12,
0,88,254,173,10,230,252,56,4,37,253,196,6,114,246,36,245,63,188,0,142,0,180,1,58,0,134,0,58,0,25,0,15,0,11,
0,88,254,173,10,230,252,56,4,37,253,196,6,163,247,211,244,109,187,0,140,0,181,1,58,0,134,0,59,0,27,0,16,0,12,
0,51,254,82,10,193,252,56,4,37,253,196,6,93,249,65,245,64,187,0,138,0,183,1,58,0,134,0,58,0,26,0,16,0,12,
0,208,253,210,9,175,252,56,4,37,253,196,6,221,249,59,245,75,186,0,137,0,185,1,57,0,134,0,58,0,26,0,16,0,12,
0,149,253,86,9,178,252,56,4,37,253,196,6,221,249,59,245,91,188,0,137,0,189,1,57,0,134,0,58,0,25,0,16,0,12,
0,149,253,86,9,178,252,56,4,37,253,196,6,155,250,233,245,91,188,0,137,0,192,1,56,0,134,0,57,0,25,0,15,0,12,
0,136,253,219,8,196,252,56,4,37,253,196,6,82,252,228,245,59,187,0,136,0,195,1,55,0,134,0,58,0,26,0,16,0,12,
0,139,253,78,8,200,252,56,4,37,253,196,6,21,252,210,245,80,185,0,136,0,200,1,54,0,134,0,58,0,26,0,16,0,12,
0,90,253,237,7,209,252,56,4,37,253,196,6,163,252,218,246,59,189,0,136,0,203,1,52,0,133,0,58,0,26,0,16,0,12,
0,90,253,237,7,209,252,56,4,37,253,196,6,163,252,218,246,59,189,0,136,0,208,1,52,0,132,0,58,0,25,0,15,0,12,
0,74,253,190,7,211,252,247,3,225,252,169,6,15,255,68,247,135,189,0,136,0,211,1,49,0,132,0,58,0,26,0,16,0,12,
0,90,253,131,7,202,252,247,3,225,252,169,6,123,255,83,247,85,188,0,136,0,216,1,48,0,131,0,57,0,25,0,15,0,12,
0,90,253,131,7,237,252,247,3,225,252,169,6,219,255,18,248,29,188,0,136,0,220,1,46,0,131,0,58,0,24,0,15,0,12,
0,120,253,66,7,237,252,247,3,225,252,169,6,219,255,85,249,52,190,0,136,0,224,1,45,0,130,0,57,0,24,0,15,0,12,
0,102,253,210,6,252,252,247,3,225,252,169,6,68,0,85,249,52,190,0,137,0,228,1,44,0,129,0,56,0,23,0,15,0,12,
0,93,253,103,6,13,253,247,3,225,252,169,6,6,2,165,249,66,191,0,137,0,231,1,43,0,129,0,52,0,24,0,16,0,13,
0,93,253,103,6,13,253,247,3,225,252,169,6,202,2,234,249,23,187,0,137,0,235,1,42,0,128,0,54,0,23,0,15,0,12,
0,186,253,31,6,65,253,247,3,225,252,169,6,109,0,122,251,113,189,0,137,0,237,1,40,0,128,0,57,0,24,0,15,0,12,
0,18,254,173,5,114,253,247,3,225,252,169,6,109,0,122,251,157,193,0,138,0,239,1,39,0,127,0,57,0,25,0,16,0,13,
0,58,254,75,5,126,253,247,3,225,252,169,6,62,2,235,251,157,193,0,138,0,241,1,38,0,126,0,56,0,23,0,15,0,12,
0,58,254,75,5,126,253,217,3,189,252,110,6,153,2,11,251,227,188,0,138,0,242,1,35,0,126,0,56,0,25,0,16,0,12,
0,128,254,210,4,159,253,217,3,189,252,110,6,30,2,82,251,175,188,0,139,0,243,1,34,0,125,0,55,0,23,0,15,0,12,
0,222,254,67,4,1,254,217,3,189,252,110,6,30,0,5,252,187,190,0,139,0,243,1,31,0,124,0,55,0,26,0,16,0,12,
0,255,254,228,3,69,254,217,3,189,252,110,6,214,0,5,252,187,190,0,139,0,242,1,30,0,124,0,55,0,26,0,16,0,12,
0,255,254,228,3,69,254,217,3,189,252,110,6,203,2,167,251,118,192,0,140,0,243,1,29,0,123,0,54,0,25,0,15,0,12,
0,48,255,108,3,94,254,217,3,189,252,110,6,71,4,240,250,173,189,0,141,0,241,1,28,0,122,0,54,0,25,0,16,0,12,
0,37,255,229,2,113,254,217,3,189,252,110,6,164,3,194,250,232,187,0,141,0,241,1,28,0,121,0,53,0,23,0,15,0,12,
0,37,255,229,2,155,254,217,3,189,252,110,6,164,3,194,250,248,190,0,142,0,239,1,27,0,121,0,53,0,25,0,16,0,12,
0,36,255,49,2,155,254,217,3,189,252,110,6,58,2,106,251,248,190,0,143,0,237,1,27,0,121,0,53,0,24,0,15,0,12,
0,248,254,138,1,191,254,217,3,189,252,110,6,132,4,117,250,9,192,0,144,0,236,1,27,0,120,0,52,0,24,0,15,0,12,
0,1,255,186,0,2,255,217,3,189,252,110,6,138,3,114,249,158,187,0,144,0,233,1,26,0,120,0,53,0,24,0,15,0,12,
0,1,255,186,0,2,255,159,3,244,252,184,6,247,1,145,249,103,189,0,145,0,232,1,27,0,119,0,52,0,23,0,14,0,11,
0,201,254,4,0,68,255,159,3,244,252,184,6,247,1,145,249,103,189,0,145,0,229,1,27,0,119,0,52,0,23,0,15,0,12,
0,144,254,117,255,94,255,159,3,244,252,184,6,14,3,67,249,117,191,0,146,0,227,1,27,0,119,0,52,0,23,0,15,0,12,
0,96,254,235,254,83,255,159,3,244,252,184,6,43,3,30,248,86,188,0,147,0,225,1,27,0,119,0,52,0,23,0,14,0,11,
0,96,254,235,254,83,255,159,3,244,252,184,6,135,1,165,247,216,187,0,147,0,223,1,27,0,119,0,52,0,23,0,15,0,12,
0,33,254,124,254,82,255,159,3,244,252,184,6,135,1,173,247,143,189,0,147,0,222,1,27,0,119,0,52,0,23,0,14,0,11,
0,185,253,35,254,106,255,159,3,244,252,184,6,61,2,173,247,143,189,0,148,0,220,1,27,0,119,0,56,0,24,0,14,0,11,
0,116,253,35,253,115,255,159,3,244,252,184,6,202,2,95,247,139,188,0,148,0,218,1,27,0,119,0,55,0,24,0,14,0,11,
0,116,253,160,253,115,255,159,3,244,252,184,6,139,2,100,247,251,187,0,148,0,217,1,27,0,119,0,54,0,23,0,14,0,11,
0,25,253,63,253,129,255,159,3,244,252,184,6,242,1,110,247,163,187,0,148,0,215,1,27,0,119,0,54,0,24,0,15,0,12,
0,181,252,188,252,143,255,172,3,23,253,240,6,242,1,110,247,197,188,0,148,0,215,1,27,0,119,0,53,0,23,0,14,0,11,
0,181,252,188,252,176,255,172,3,23,253,240,6,118,1,160,247,197,188,0,148,0,214,1,27,0,119,0,53,0,24,0,15,0,12,
0,96,252,92,252,176,255,172,3,23,253,240,6,242,1,50,248,126,190,0,148,0,212,1,26,0,119,0,53,0,24,0,15,0,12,
0,78,252,247,251,236,255,172,3,23,253,240,6,150,1,21,248,115,188,0,149,0,212,1,26,0,118,0,52,0,23,0,14,0,11,
0,85,252,141,251,35,0,172,3,23,253,240,6,150,1,12,248,67,187,0,149,0,211,1,25,0,119,0,52,0,24,0,15,0,12,
0,85,252,141,251,35,0,172,3,23,253,240,6,144,0,12,248,67,187,0,150,0,211,1,25,0,118,0,52,0,23,0,14,0,11,
0,84,252,42,251,57,0,172,3,23,253,240,6,191,254,141,248,188,187,0,150,0,211,1,23,0,118,0,52,0,23,0,15,0,12,
0,59,252,213,250,61,0,172,3,23,253,240,6,244,253,86,249,135,190,0,150,0,211,1,22,0,118,0,52,0,23,0,15,0,12,
0,30,252,150,250,94,0,172,3,23,253,240,6,90,255,153,248,197,188,0,151,0,211,1,22,0,118,0,52,0,23,0,14,0,12,
0,30,252,150,250,94,0,172,3,23,253,240,6,90,255,153,248,158,186,0,152,0,212,1,20,0,117,0,51,0,22,0,14,0,11,
0,3,252,92,250,147,0,39,4,188,252,0,8,158,253,19,249,158,186,0,153,0,213,1,19,0,117,0,51,0,23,0,15,0,12,
0,248,251,45,250,143,0,39,4,188,252,0,8,237,252,189,249,237,188,0,155,0,214,1,17,0,117,0,51,0,23,0,14,0,12,
0,220,251,45,249,144,0,39,4,188,252,0,8,132,253,56,250,63,190,0,156,0,215,1,16,0,116,0,51,0,23,0,15,0,12,
0,220,251,239,249,144,0,39,4,188,252,0,8,182,253,2,250,92,188,0,159,0,216,1,14,0,115,0,50,0,21,0,14,0,11,
0,210,251,173,249,158,0,39,4,188,252,0,8,182,253,2,250,92,188,0,161,0,216,1,11,0,114,0,50,0,21,0,14,0,12,
0,215,251,107,249,158,0,39,4,188,252,0,8,226,251,41,250,85,187,0,164,0,217,1,10,0,113,0,49,0,21,0,14,0,11,
0,215,251,107,249,237,0,39,4,188,252,0,8,211,250,165,250,87,189,0,168,0,217,1,8,0,113,0,49,0,22,0,14,0,12,
0,228,251,11,249,237,0,39,4,188,252,0,8,241,251,43,250,126,189,0,171,0,217,1,5,0,112,0,49,0,22,0,14,0,12,
0,6,252,162,248,255,0,39,4,188,252,0,8,241,251,43,250,196,187,0,175,0,219,1,3,0,111,0,48,0,21,0,14,0,11,
0,244,251,85,248,243,0,39,4,188,252,0,8,114,250,50,250,196,187,0,179,0,219,1,1,0,110,0,48,0,22,0,14,0,12,
0,244,251,85,248,243,0,66,4,181,252,176,6,231,249,137,250,101,188,0,185,0,219,0,255,0,109,0,47,0,23,0,14,0,11,
0,239,251,59,248,239,0,66,4,181,252,176,6,221,248,95,250,221,188,0,190,0,220,0,253,0,108,0,47,0,23,0,14,0,12,
0,205,251,41,248,253,0,66,4,181,252,176,6,217,248,159,250,139,189,0,195,0,220,0,252,0,107,0,47,0,22,0,14,0,12,
0,214,251,22,248,251,0,66,4,181,252,176,6,217,248,159,250,139,189,0,201,0,221,0,251,0,106,0,46,0,22,0,14,0,11,
0,214,251,22,248,251,0,66,4,181,252,176,6,138,249,157,250,46,187,0,208,0,221,0,249,0,106,0,47,0,22,0,14,0,12,
0,205,251,246,247,250,0,66,4,181,252,176,6,26,248,241,250,25,187,0,214,0,222,0,249,0,104,0,46,0,21,0,14,0,11,
0,159,251,232,247,224,0,66,4,181,252,176,6,156,247,161,251,223,187,0,220,0,222,0,247,0,104,0,46,0,22,0,14,0,12,
0,138,251,232,247,194,0,66,4,181,252,176,6,156,247,243,251,32,189,0,226,0,222,0,247,0,104,0,46,0,21,0,14,0,11,
0,138,251,203,247,194,0,66,4,181,252,176,6,226,247,243,251,32,189,0,233,0,222,0,247,0,103,0,44,0,20,0,13,0,11,
0,125,251,188,247,206,0,66,4,181,252,176,6,24,248,192,251,193,186,0,238,0,222,0,246,0,103,0,45,0,21,0,14,0,12,
0,73,251,211,247,199,0,66,4,181,252,176,6,82,247,100,251,46,185,0,244,0,223,0,246,0,102,0,44,0,20,0,13,0,11,
0,73,251,211,247,206,0,34,4,212,252,253,7,80,246,240,251,25,186,0,249,0,222,0,245,0,102,0,44,0,21,0,14,0,11,
0,49,251,231,247,206,0,34,4,212,252,253,7,80,246,240,251,109,188,0,254,0,223,0,245,0,102,0,44,0,21,0,14,0,11,
0,60,251,13,248,223,0,34,4,212,252,253,7,198,245,199,252,109,188,1,3,0,223,0,246,0,101,0,43,0,20,0,14,0,11,
0,104,251,43,248,225,0,34,4,212,252,253,7,3,247,127,252,167,187,1,8,0,224,0,246,0,101,0,43,0,20,0,14,0,11,
0,104,251,43,248,225,0,34,4,212,252,253,7,171,245,84,252,33,184,1,10,0,224,0,245,0,102,0,44,0,21,0,14,0,12,
0,124,251,116,248,239,0,34,4,212,252,253,7,171,244,108,253,57,188,1,14,0,225,0,246,0,101,0,43,0,20,0,14,0,11,
0,152,251,187,248,0,1,34,4,212,252,253,7,205,244,108,253,57,188,1,17,0,226,0,246,0,101,0,43,0,20,0,14,0,12,
0,180,251,235,248,240,0,34,4,212,252,253,7,118,246,211,252,171,186,1,20,0,227,0,246,0,101,0,43,0,20,0,13,0,11,
0,180,251,235,248,240,0,34,4,212,252,253,7,226,244,164,253,221,186,1,22,0,227,0,246,0,101,0,43,0,20,0,14,0,12,
0,205,251,40,249,223,0,34,4,212,252,253,7,130,245,234,253,208,188,1,24,0,228,0,246,0,100,0,42,0,19,0,13,0,11,
0,233,251,121,249,193,0,114,4,156,252,20,7,130,245,234,253,21,188,1,26,0,228,0,245,0,101,0,43,0,20,0,14,0,11,
0,233,251,121,249,225,0,114,4,156,252,20,7,166,244,195,253,21,188,1,27,0,229,0,245,0,101,0,43,0,20,0,14,0,11,
0,242,251,199,249,225,0,114,4,156,252,20,7,179,244,88,253,55,186,1,29,0,230,0,245,0,100,0,42,0,20,0,13,0,11,
0,17,252,7,250,246,0,114,4,156,252,20,7,154,243,247,253,113,188,1,30,0,230,0,245,0,100,0,43,0,20,0,14,0,11,
0,56,252,61,250,230,0,114,4,156,252,20,7,151,244,122,253,161,189,1,31,0,231,0,245,0,100,0,42,0,19,0,13,0,11,
0,56,252,61,250,219,0,114,4,156,252,20,7,151,244,122,253,161,189,1,32,0,232,0,245,0,101,0,43,0,20,0,14,0,11,
0,96,252,147,250,219,0,114,4,156,252,20,7,137,243,77,253,7,186,1,33,0,232,0,246,0,101,0,43,0,20,0,14,0,12,
0,96,252,189,250,243,0,114,4,156,252,20,7,127,242,238,253,55,188,1,33,0,233,0,247,0,100,0,43,0,20,0,13,0,11,
0,98,252,34,251,17,1,114,4,156,252,20,7,46,243,200,253,80,189,1,33,0,234,0,248,0,101,0,43,0,20,0,14,0,12,
0,98,252,34,251,17,1,114,4,156,252,20,7,46,243,123,253,91,189,1,34,0,235,0,249,0,101,0,42,0,19,0,13,0,11,
0,134,252,132,251,11,1,143,4,149,252,219,6,0,244,123,253,91,189,1,34,0,236,0,250,0,101,0,43,0,20,0,13,0,11,
0,204,252,200,251,1,1,143,4,149,252,219,6,27,243,212,253,39,188,1,33,0,237,0,252,0,102,0,43,0,20,0,14,0,12,
0,209,252,32,252,31,1,143,4,149,252,219,6,250,241,177,253,30,186,1,33,0,238,0,254,0,103,0,43,0,20,0,14,0,11,
0,209,252,32,252,31,1,143,4,149,252,219,6,189,241,78,253,20,190,1,33,0,239,0,255,0,104,0,44,0,20,0,14,0,11,
0,249,252,114,252,41,1,143,4,149,252,219,6,189,241,78,253,94,188,1,33,0,240,1,1,0,104,0,44,0,17,0,13,0,11,
0,253,252,183,252,39,1,143,4,149,252,219,6,188,242,169,252,94,188,1,33,0,241,1,3,0,104,0,44,0,19,0,13,0,11,
0,253,253,183,252,78,1,143,4,149,252,219,6,216,241,157,252,16,187,1,33,0,243,1,5,0,105,0,44,0,19,0,13,0,11,
0,12,253,7,253,78,1,143,4,149,252,219,6,182,240,226,252,49,188,1,32,0,243,1,6,0,106,0,44,0,19,0,13,0,11,
0,38,253,80,253,66,1,143,4,149,252,219,6,182,240,139,252,210,190,1,31,0,244,1,8,0,107,0,45,0,20,0,13,0,11,
0,41,253,194,253,57,1,143,4,149,252,219,6,142,241,139,252,210,190,1,31,0,246,1,9,0,107,0,45,0,19,0,13,0,11,
0,41,253,194,253,67,1,189,4,91,252,77,8,47,243,26,252,227,187,1,30,0,246,1,10,0,108,0,46,0,20,0,13,0,11,
0,63,253,249,253,67,1,189,4,91,252,77,8,142,242,95,252,238,187,1,29,0,247,1,11,0,109,0,46,0,20,0,13,0,11,
0,73,253,59,254,87,1,189,4,91,252,77,8,41,241,242,252,124,189,1,29,0,248,1,13,0,108,0,40,0,18,0,13,0,11,
0,81,253,125,254,88,1,189,4,91,252,77,8,41,241,242,252,66,191,1,28,0,249,1,14,0,110,0,43,0,20,0,14,0,12,
0,81,253,125,254,88,1,189,4,91,252,77,8,149,243,133,252,66,191,1,27,0,250,1,15,0,110,0,43,0,19,0,13,0,11,
0,114,253,192,254,109,1,189,4,91,252,77,8,93,242,194,251,242,185,1,26,0,249,1,16,0,111,0,44,0,21,0,14,0,11,
0,133,253,9,255,86,1,189,4,91,252,77,8,132,241,218,252,228,190,1,25,0,250,1,16,0,112,0,46,0,21,0,14,0,12,
0,128,253,62,255,81,1,189,4,91,252,77,8,254,242,26,252,229,189,1,24,0,251,1,17,0,112,0,46,0,20,0,13,0,11,
0,128,253,62,255,81,1,189,4,91,252,77,8,254,242,26,252,229,189,1,23,0,250,1,16,0,113,0,47,0,22,0,14,0,12,
0,150,253,147,255,81,1,189,4,91,252,77,8,11,242,18,252,144,187,1,22,0,251,1,17,0,113,0,47,0,21,0,14,0,11,
0,182,253,217,255,89,1,189,4,91,252,143,7,15,242,15,252,65,189,1,21,0,251,1,17,0,113,0,47,0,22,0,14,0,12,
0,182,253,217,255,78,1,162,4,81,252,143,7,9,242,237,251,242,189,1,19,0,251,1,17,0,113,0,48,0,22,0,14,0,12,
0,207,253,63,0,78,1,162,4,81,252,143,7,9,242,237,251,165,189,1,18,0,251,1,18,0,114,0,48,0,22,0,14,0,12,
0,213,253,157,0,86,1,162,4,81,252,143,7,234,243,119,251,165,189,1,17,0,251,1,18,0,114,0,48,0,22,0,14,0,12,
0,239,253,222,0,93,1,162,4,81,252,143,7,12,243,106,251,77,187,1,16,0,252,1,19,0,113,0,48,0,21,0,13,0,11,
0,239,253,222,0,93,1,162,4,81,252,143,7,152,243,16,252,111,190,1,14,0,252,1,19,0,114,0,49,0,22,0,14,0,11,
0,232,253,23,1,48,1,162,4,81,252,143,7,127,244,117,251,200,188,1,13,0,252,1,19,0,114,0,49,0,22,0,14,0,12,
0,3,254,83,1,42,1,162,4,81,252,143,7,127,244,117,251,200,188,1,12,0,252,1,20,0,114,0,48,0,21,0,14,0,11,
0,51,254,82,1,52,1,162,4,81,252,143,7,121,243,225,251,182,187,1,10,0,252,1,20,0,115,0,49,0,22,0,14,0,12,
0,51,254,82,1,52,1,162,4,81,252,143,7,206,244,79,252,46,191,1,9,0,253,1,20,0,115,0,49,0,21,0,14,0,11,
0,53,254,123,1,88,1,162,4,81,252,143,7,78,245,4,251,63,187,1,8,0,252,1,20,0,115,0,49,0,22,0,14,0,11,
0,26,254,160,1,70,1,129,4,112,252,18,7,78,245,234,251,88,188,1,6,0,252,1,21,0,115,0,49,0,22,0,14,0,12,
0,60,254,198,1,57,1,129,4,112,252,18,7,202,243,234,251,88,188,1,5,0,253,1,21,0,115,0,49,0,21,0,14,0,11,
0,60,254,198,1,57,1,129,4,112,252,18,7,180,245,187,251,153,192,1,4,0,253,1,22,0,115,0,49,0,22,0,14,0,11,
0,72,254,250,1,50,1,129,4,112,252,18,7,49,245,213,250,99,185,1,2,0,253,1,21,0,116,0,54,0,23,0,14,0,12,
0,95,254,44,2,57,1,129,4,112,252,18,7,16,245,199,251,11,191,1,0,0,253,1,22,0,116,0,53,0,23,0,14,0,11,
0,95,254,44,2,76,1,129,4,112,252,18,7,16,245,199,251,44,191,0,255,0,253,1,22,0,116,0,52,0,23,0,14,0,12,
0,106,254,79,2,76,1,129,4,112,252,18,7,236,246,49,251,44,191,0,254,0,253,1,23,0,116,0,52,0,23,0,14,0,11,
0,100,254,91,2,74,1,129,4,112,252,18,7,176,246,93,251,118,188,0,253,0,253,1,23,0,116,0,51,0,23,0,14,0,11,
0,121,254,127,2,66,1,129,4,112,252,18,7,21,247,193,251,48,191,0,251,0,252,1,23,0,117,0,52,0,23,0,15,0,12,
0,121,254,127,2,66,1,129,4,112,252,18,7,21,248,112,251,54,190,0,250,0,252,1,23,0,117,0,51,0,23,0,14,0,11,
0,121,254,138,2,74,1,181,4,51,252,93,7,21,248,112,251,54,190,0,249,0,251,1,24,0,117,0,51,0,23,0,15,0,12,
0,128,254,145,2,79,1,181,4,51,252,93,7,229,247,147,251,156,190,0,248,0,251,1,24,0,117,0,51,0,23,0,15,0,12,
0,152,254,163,2,110,1,181,4,51,252,93,7,125,247,184,251,34,191,0,247,0,251,1,25,0,117,0,51,0,23,0,15,0,12,
0,152,254,163,2,110,1,181,4,51,252,93,7,72,248,229,251,186,191,0,247,0,251,1,26,0,117,0,50,0,22,0,14,0,11,
0,169,254,161,2,92,1,181,4,51,252,93,7,72,248,229,251,240,189,0,246,0,250,1,26,0,118,0,51,0,23,0,15,0,12,
0,177,254,185,2,91,1,181,4,51,252,93,7,98,249,232,250,240,189,0,246,0,250,1,27,0,118,0,51,0,23,0,15,0,12,
0,189,254,252,2,103,1,181,4,51,252,93,7,114,248,175,251,3,189,0,245,0,250,1,27,0,118,0,51,0,23,0,14,0,12,
0,189,254,252,2,103,1,181,4,51,252,93,7,17,249,242,251,2,193,0,244,0,250,1,28,0,119,0,51,0,23,0,14,0,12,
0,166,254,238,2,96,1,181,4,51,252,93,7,218,250,8,251,120,190,0,245,0,250,1,29,0,118,0,51,0,22,0,14,0,11,
0,168,254,235,2,81,1,181,4,51,252,93,7,218,250,8,251,120,190,0,244,0,250,1,30,0,119,0,51,0,23,0,15,0,12,
0,168,254,235,2,78,1,48,4,152,252,122,6,47,249,169,251,105,189,0,244,0,249,1,30,0,119,0,51,0,23,0,15,0,12,
0,182,254,208,2,78,1,48,4,152,252,122,6,56,250,15,252,183,192,0,244,0,249,1,30,0,119,0,51,0,23,0,14,0,12,
0,150,254,160,2,70,1,48,4,152,252,122,6,73,251,144,251,183,192,0,243,0,249,1,30,0,119,0,52,0,23,0,15,0,12,
0,130,254,174,2,87,1,48,4,152,252,122,6,73,251,253,250,135,187,0,243,0,248,1,30,0,119,0,51,0,23,0,14,0,11,
0,130,254,174,2,87,1,48,4,152,252,122,6,111,251,253,250,135,187,0,243,0,247,1,30,0,120,0,52,0,23,0,14,0,11,
0,180,254,172,2,103,1,48,4,152,252,122,6,12,250,147,251,222,191,0,243,0,247,1,30,0,120,0,52,0,23,0,15,0,12,
0,169,254,125,2,125,1,48,4,152,252,122,6,178,251,205,251,126,194,0,242,0,247,1,31,0,120,0,52,0,23,0,14,0,11,
0,143,254,64,2,157,1,48,4,152,252,122,6,171,251,183,250,9,190,0,242,0,247,1,30,0,120,0,52,0,23,0,15,0,12,
0,143,254,64,2,157,1,48,4,152,252,122,6,171,251,183,250,24,191,0,242,0,247,1,30,0,120,0,52,0,23,0,14,0,11,
0,133,254,52,2,142,1,48,4,152,252,122,6,139,250,124,251,24,191,0,242,0,245,1,29,0,120,0,52,0,23,0,14,0,12,
0,147,254,63,2,137,1,112,4,84,252,94,6,232,252,231,250,149,191,0,242,0,245,1,29,0,120,0,52,0,24,0,15,0,12,
0,149,254,17,2,151,1,112,4,84,252,94,6,235,251,56,251,185,191,0,242,0,245,1,29,0,120,0,52,0,23,0,15,0,12,
0,149,254,17,2,151,1,112,4,84,252,94,6,235,251,57,251,21,193,0,242,0,244,1,28,0,120,0,52,0,24,0,15,0,12,
0,164,254,1,2,150,1,112,4,84,252,94,6,4,252,57,251,21,193,0,243,0,244,1,28,0,119,0,52,0,23,0,14,0,11,
0,143,254,210,1,157,1,112,4,84,252,94,6,75,253,29,251,197,191,0,244,0,244,1,28,0,120,0,52,0,23,0,14,0,11,
0,143,254,210,1,184,1,112,4,84,252,94,6,171,251,235,250,203,189,0,244,0,243,1,27,0,120,0,52,0,24,0,15,0,12,
0,133,254,162,1,184,1,112,4,84,252,94,6,57,252,177,251,29,193,0,246,0,243,1,27,0,119,0,52,0,23,0,15,0,12,
0,138,254,119,1,237,1,112,4,84,252,94,6,57,252,177,251,251,192,0,247,0,242,1,26,0,119,0,52,0,23,0,15,0,12,
0,134,254,69,1,254,1,112,4,84,252,94,6,194,253,38,251,251,192,0,248,0,242,1,26,0,119,0,51,0,23,0,14,0,11,
0,134,254,69,1,254,1,112,4,84,252,94,6,136,252,111,250,161,188,0,249,0,241,1,26,0,119,0,51,0,23,0,14,0,11,
0,145,254,60,1,254,1,112,4,84,252,94,6,194,251,139,251,202,194,0,250,0,241,1,25,0,119,0,52,0,23,0,15,0,12,
0,139,254,51,1,9,2,128,4,37,252,55,7,1,254,153,250,87,193,0,252,0,241,1,25,0,119,0,51,0,23,0,14,0,11,
0,96,254,18,1,250,1,128,4,37,252,55,7,1,254,153,250,87,193,0,253,0,240,1,24,0,119,0,52,0,23,0,15,0,12,
0,96,254,18,1,250,1,128,4,37,252,55,7,33,253,118,250,122,190,0,255,0,241,1,23,0,118,0,51,0,23,0,14,0,11,
0,50,254,229,0,6,2,128,4,37,252,55,7,178,252,240,250,25,193,0,255,0,240,1,23,0,118,0,51,0,23,0,15,0,11,
0,55,254,169,0,35,2,128,4,37,252,55,7,171,253,165,250,217,194,1,1,0,240,1,22,0,118,0,51,0,23,0,15,0,12,
0,42,254,131,0,25,2,128,4,37,252,55,7,171,253,168,250,187,190,1,2,0,240,1,21,0,117,0,51,0,23,0,14,0,11,
0,42,254,131,0,25,2,128,4,37,252,55,7,45,253,168,250,187,190,1,3,0,239,1,20,0,117,0,51,0,23,0,15,0,12,
0,23,254,102,0,63,2,128,4,37,252,55,7,45,253,19,251,245,193,1,5,0,240,1,20,0,117,0,51,0,22,0,14,0,11,
0,68,254,20,0,86,2,128,4,37,252,55,7,25,254,101,250,67,192,1,5,0,239,1,19,0,117,0,51,0,23,0,14,0,11,
0,68,254,20,0,86,2,128,4,37,252,55,7,81,252,121,250,242,190,1,7,0,239,1,17,0,116,0,51,0,23,0,14,0,12,
0,42,254,250,255,86,2,128,4,27,252,5,7,81,252,121,250,242,195,1,8,0,239,1,17,0,116,0,50,0,22,0,14,0,11,
0,232,253,211,255,91,2,128,4,27,252,5,7,149,252,153,250,36,195,1,9,0,238,1,16,0,115,0,50,0,23,0,15,0,12,
0,209,253,181,255,114,2,128,4,27,252,5,7,87,254,12,250,69,192,1,10,0,238,1,15,0,115,0,49,0,20,0,14,0,11,
0,209,253,181,255,114,2,128,4,27,252,5,7,77,252,9,250,229,189,1,11,0,238,1,14,0,114,0,50,0,21,0,14,0,11,
0,211,253,125,255,121,2,128,4,27,252,5,7,77,252,206,250,27,195,1,13,0,238,1,13,0,114,0,49,0,21,0,14,0,12,
0,215,253,111,255,100,2,128,4,27,252,5,7,39,252,206,250,27,195,1,14,0,238,1,12,0,113,0,49,0,21,0,14,0,11,
0,202,253,92,255,101,2,128,4,27,252,5,7,48,254,213,249,92,193,1,15,0,237,1,11,0,113,0,49,0,22,0,14,0,12,
0,202,253,92,255,101,2,128,4,27,252,5,7,63,253,186,249,102,190,1,16,0,238,1,11,0,112,0,48,0,21,0,14,0,11,
0,206,253,61,255,141,2,128,4,27,252,5,7,90,251,178,250,44,194,1,16,0,237,1,10,0,112,0,49,0,21,0,14,0,11,
0,203,253,255,254,156,2,128,4,27,252,5,7,90,251,178,250,36,194,1,17,0,238,1,9,0,111,0,47,0,21,0,13,0,12,
0,231,253,255,254,186,2,79,4,44,252,143,6,131,253,242,249,36,194,1,17,0,237,1,8,0,111,0,48,0,21,0,14,0,11,
0,231,253,216,254,186,2,79,4,44,252,143,6,19,253,107,249,19,192,1,18,0,237,1,7,0,111,0,47,0,21,0,13,0,11,
0,243,253,224,254,196,2,79,4,44,252,143,6,255,250,244,249,178,192,1,18,0,237,1,5,0,111,0,48,0,22,0,14,0,12,
0,226,253,223,254,202,2,79,4,44,252,143,6,241,251,16,250,246,194,1,19,0,237,1,5,0,110,0,47,0,21,0,14,0,11,
0,226,253,223,254,178,2,79,4,44,252,143,6,241,251,16,250,246,194,1,19,0,237,1,4,0,110,0,47,0,21,0,14,0,12,
0,201,253,206,254,178,2,79,4,44,252,143,6,28,252,71,249,53,192,1,20,0,237,1,3,0,109,0,47,0,20,0,13,0,11,
0,181,253,216,254,179,2,79,4,44,252,143,6,222,250,239,249,132,193,1,19,0,237,1,1,0,109,0,47,0,21,0,14,0,12,
0,167,253,215,254,199,2,79,4,44,252,143,6,193,251,218,249,80,194,1,20,0,237,1,1,0,108,0,47,0,20,0,13,0,11,
0,167,253,215,254,199,2,79,4,44,252,143,6,193,251,218,249,223,191,1,20,0,237,0,255,0,108,0,47,0,23,0,14,0,12,
0,186,253,224,254,205,2,79,4,44,252,143,6,68,251,88,249,223,191,1,20,0,236,0,255,0,107,0,41,0,21,0,15,0,12,
0,145,253,253,254,237,2,130,4,24,252,38,7,31,250,6,250,227,192,1,21,0,237,0,254,0,106,0,42,0,20,0,14,0,12,
0,140,253,245,254,249,2,130,4,24,252,38,7,167,251,53,250,201,194,1,21,0,237,0,254,0,105,0,43,0,20,0,14,0,11,
0,140,253,245,254,249,2,130,4,24,252,38,7,138,251,111,249,11,191,1,21,0,236,0,252,0,106,0,43,0,21,0,14,0,12,
0,163,253,245,254,244,2,130,4,24,252,38,7,138,251,111,249,11,191,1,21,0,236,0,251,0,105,0,43,0,20,0,14,0,11,
0,175,253,209,254,222,2,130,4,24,252,38,7,0,249,112,250,120,191,1,21,0,236,0,251,0,105,0,44,0,21,0,14,0,12,
0,159,253,209,254,208,2,130,4,24,252,38,7,184,249,100,250,38,196,1,22,0,236,0,251,0,104,0,43,0,20,0,14,0,12,
0,159,253,221,254,208,2,130,4,24,252,38,7,233,250,119,249,1,192,1,21,0,236,0,250,0,104,0,44,0,20,0,14,0,12,
0,157,253,223,254,217,2,130,4,24,252,38,7,233,250,53,250,122,191,1,22,0,236,0,250,0,104,0,44,0,20,0,13,0,11,
0,144,253,211,254,249,2,130,4,24,252,38,7,75,248,53,250,122,191,1,22,0,236,0,249,0,104,0,44,0,21,0,14,0,12,
0,144,253,211,254,246,2,130,4,24,252,38,7,117,249,155,250,85,195,1,22,0,236,0,248,0,103,0,44,0,20,0,14,0,11,
0,126,253,252,254,246,2,130,4,24,252,38,7,113,250,219,249,63,192,1,22,0,236,0,248,0,103,0,43,0,20,0,13,0,11,
0,89,253,17,255,248,2,61,4,80,252,209,6,45,249,21,250,140,192,1,22,0,237,0,247,0,102,0,43,0,19,0,13,0,11,
0,68,253,25,255,228,2,61,4,80,252,209,6,45,249,21,250,211,194,1,22,0,236,0,247,0,103,0,44,0,21,0,14,0,12,
0,68,253,25,255,228,2,61,4,80,252,209,6,147,248,174,250,211,194,1,22,0,237,0,247,0,102,0,43,0,20,0,14,0,11,
0,57,253,51,255,233,2,61,4,80,252,209,6,157,249,89,250,217,193,1,22,0,237,0,246,0,102,0,43,0,20,0,14,0,12,
0,69,253,41,255,240,2,61,4,80,252,209,6,93,248,165,250,127,191,1,22,0,237,0,246,0,101,0,43,0,20,0,13,0,11,
0,114,253,39,255,243,2,61,4,80,252,209,6,93,249,252,250,227,194,1,22,0,237,0,245,0,102,0,43,0,20,0,14,0,12,
0,114,253,39,255,243,2,61,4,80,252,209,6,88,249,252,250,227,194,1,22,0,238,0,245,0,101,0,43,0,20,0,13,0,11,
0,99,253,30,255,226,2,61,4,80,252,209,6,253,248,42,250,14,191,1,22,0,238,0,245,0,101,0,43,0,20,0,13,0,11,
0,46,253,40,255,212,2,61,4,80,252,209,6,75,247,79,251,195,193,1,22,0,238,0,244,0,101,0,43,0,20,0,14,0,12,
0,44,253,40,255,183,2,61,4,80,252,209,6,183,249,189,250,228,195,1,22,0,238,0,244,0,100,0,43,0,20,0,14,0,12,
0,44,253,109,255,183,2,196,4,8,252,32,7,183,249,189,250,130,191,1,21,0,239,0,243,0,100,0,47,0,21,0,13,0,11,
0,117,253,141,255,164,2,196,4,8,252,32,7,146,248,65,250,130,191,1,21,0,239,0,243,0,100,0,46,0,20,0,13,0,11,
0,133,253,174,255,164,2,196,4,8,252,32,7,107,247,14,251,211,192,1,21,0,239,0,242,0,100,0,46,0,21,0,13,0,11,
0,133,253,174,255,178,2,196,4,8,252,32,7,42,248,43,251,61,195,1,21,0,239,0,241,0,100,0,45,0,21,0,14,0,11,
0,123,253,188,255,178,2,196,4,8,252,32,7,139,249,171,250,217,193,1,21,0,239,0,240,0,99,0,44,0,21,0,14,0,11,
0,88,253,206,255,191,2,196,4,8,252,32,7,139,249,171,250,217,193,1,21,0,239,0,240,0,99,0,44,0,21,0,14,0,11,
0,57,253,248,255,191,2,196,4,8,252,32,7,70,248,167,250,147,190,1,21,0,239,0,240,0,98,0,42,0,20,0,13,0,11,
0,57,253,248,255,191,2,196,4,8,252,32,7,35,247,121,251,175,193,1,21,0,239,0,239,0,98,0,42,0,18,0,13,0,11,
0,93,253,233,255,184,2,196,4,8,252,32,7,175,248,146,251,151,195,1,21,0,238,0,239,0,98,0,42,0,19,0,13,0,11,
0,97,253,29,0,181,2,196,4,8,252,32,7,175,248,203,250,101,191,1,22,0,239,0,239,0,98,0,42,0,18,0,13,0,11,
0,120,253,74,0,197,2,62,4,67,252,240,6,54,249,203,250,101,191,1,22,0,239,0,239,0,97,0,41,0,18,0,13,0,11,
0,120,253,74,0,197,2,62,4,67,252,240,6,83,248,49,251,184,191,1,22,0,238,0,238,0,98,0,42,0,19,0,13,0,11,
0,106,253,102,0,200,2,62,4,67,252,240,6,75,247,191,251,50,194,1,22,0,238,0,238,0,97,0,42,0,19,0,13,0,11,
0,71,253,121,0,212,2,62,4,67,252,240,6,43,249,60,251,210,193,1,22,0,238,0,238,0,98,0,42,0,19,0,13,0,11,
0,71,253,121,0,197,2,62,4,67,252,240,6,43,249,60,251,206,190,1,23,0,239,0,239,0,97,0,41,0,18,0,13,0,11,
0,66,253,160,0,197,2,62,4,67,252,240,6,139,247,122,251,206,190,1,23,0,238,0,239,0,98,0,42,0,19,0,13,0,11,
0,77,253,197,0,171,2,62,4,67,252,240,6,121,248,208,251,221,193,1,23,0,239,0,239,0,97,0,41,0,18,0,13,0,11,
0,78,253,227,0,152,2,62,4,67,252,240,6,36,249,52,251,88,191,1,23,0,239,0,239,0,98,0,42,0,19,0,13,0,11,
0,78,253,227,0,143,2,62,4,67,252,240,6,36,249,233,251,162,191,1,23,0,239,0,240,0,98,0,41,0,21,0,13,0,11,
0,62,253,209,0,143,2,62,4,67,252,240,6,211,247,233,251,162,191,1,23,0,239,0,241,0,97,0,41,0,20,0,13,0,11,
0,52,253,215,0,164,2,87,4,14,252,249,7,36,249,229,251,211,193,1,23,0,239,0,241,0,98,0,41,0,20,0,14,0,12,
0,88,253,251,0,162,2,87,4,14,252,249,7,39,249,118,251,224,190,1,23,0,239,0,241,0,97,0,41,0,19,0,13,0,11,
0,88,253,251,0,162,2,87,4,14,252,249,7,24,248,205,251,86,190,1,22,0,239,0,241,0,98,0,41,0,19,0,13,0,11,
0,67,253,30,1,116,2,87,4,14,252,249,7,24,248,205,251,51,193,1,22,0,239,0,242,0,98,0,41,0,20,0,14,0,11,
0,63,253,7,1,56,2,87,4,14,252,249,7,9,248,85,252,51,193,1,21,0,239,0,242,0,98,0,41,0,19,0,13,0,11,
0,88,253,55,1,45,2,87,4,14,252,249,7,233,249,122,251,135,192,1,20,0,239,0,242,0,99,0,42,0,20,0,13,0,11,
0,88,253,55,1,45,2,87,4,14,252,249,7,219,248,63,251,31,188,1,20,0,240,0,243,0,98,0,41,0,19,0,13,0,11,
0,83,253,88,1,84,2,87,4,14,252,249,7,110,248,91,252,135,194,1,19,0,240,0,243,0,99,0,42,0,19,0,13,0,11,
0,54,253,113,1,58,2,87,4,14,252,249,7,110,248,91,252,135,194,1,18,0,240,0,243,0,99,0,42,0,20,0,13,0,11,
0,54,253,113,1,31,2,87,4,14,252,249,7,102,250,18,251,162,190,1,17,0,240,0,244,0,99,0,42,0,19,0,13,0,11,
0,55,253,108,1,31,2,87,4,14,252,31,7,170,248,149,251,11,190,1,16,0,241,0,244,0,98,0,41,0,19,0,13,0,11,
0,74,253,95,1,13,2,171,4,238,251,31,7,81,249,149,251,87,192,1,15,0,240,0,244,0,99,0,42,0,20,0,14,0,11,
0,105,253,117,1,28,2,171,4,238,251,31,7,81,249,77,251,215,190,1,14,0,241,0,244,0,99,0,42,0,20,0,13,0,11,
0,105,253,117,1,18,2,171,4,238,251,31,7,237,249,77,251,215,190,1,13,0,240,0,244,0,99,0,42,0,20,0,14,0,11,
0,112,253,139,1,18,2,171,4,238,251,31,7,8,249,200,251,250,190,1,12,0,241,0,245,0,99,0,42,0,19,0,13,0,11,
0,108,253,151,1,10,2,171,4,238,251,31,7,247,249,197,251,1,194,1,11,0,241,0,245,0,99,0,42,0,19,0,13,0,11,
0,138,253,180,1,14,2,171,4,238,251,31,7,239,249,162,250,189,188,1,10,0,241,0,245,0,100,0,42,0,20,0,13,0,12,
0,138,253,180,1,14,2,171,4,238,251,31,7,239,249,162,250,189,192,1,9,0,241,0,246,0,100,0,43,0,20,0,13,0,11,
0,129,253,187,1,8,2,171,4,238,251,31,7,79,248,241,251,3,192,1,8,0,241,0,246,0,100,0,43,0,20,0,14,0,12,
0,109,253,176,1,250,1,171,4,238,251,31,7,87,251,246,250,67,193,1,7,0,241,0,247,0,100,0,43,0,20,0,13,0,11,
0,129,253,200,1,230,1,171,4,238,251,31,7,236,248,228,250,186,188,1,6,0,242,0,247,0,100,0,42,0,19,0,13,0,11,
0,129,253,200,1,230,1,155,4,193,251,14,7,236,248,125,251,212,193,1,4,0,241,0,247,0,101,0,43,0,20,0,14,0,12,
0,132,253,195,1,217,1,155,4,193,251,14,7,13,249,125,251,212,193,1,3,0,241,0,247,0,101,0,43,0,20,0,13,0,11,
0,137,253,224,1,209,1,155,4,193,251,14,7,219,250,222,250,184,191,1,1,0,241,0,248,0,101,0,43,0,20,0,14,0,11,
0,137,253,224,1,196,1,155,4,193,251,14,7,154,249,8,251,118,190,1,1,0,242,0,249,0,101,0,43,0,20,0,13,0,11,
0,138,253,231,1,196,1,155,4,193,251,14,7,198,250,22,251,125,193,1,0,0,242,0,249,0,101,0,42,0,19,0,13,0,11,
0,141,253,216,1,192,1,155,4,193,251,14,7,198,250,22,251,171,189,0,254,0,241,0,249,0,102,0,43,0,20,0,14,0,11,
0,123,253,213,1,207,1,155,4,193,251,14,7,53,249,197,250,171,189,0,253,0,241,0,249,0,102,0,43,0,19,0,13,0,11,
0,123,253,213,1,207,1,155,4,193,251,14,7,88,249,112,251,96,193,0,252,0,241,0,250,0,102,0,43,0,20,0,14,0,12,
0,107,253,212,1,205,1,155,4,193,251,14,7,222,250,90,251,200,193,0,251,0,241,0,250,0,102,0,43,0,19,0,13,0,11,
0,111,253,204,1,195,1,155,4,193,251,14,7,171,250,183,250,21,189,0,250,0,241,0,251,0,102,0,43,0,20,0,13,0,11,
0,131,253,170,1,186,1,97,4,178,251,30,7,171,250,183,250,21,189,0,249,0,240,0,250,0,103,0,44,0,20,0,14,0,12,
0,131,253,170,1,186,1,97,4,178,251,30,7,234,248,139,251,89,192,0,247,0,240,0,251,0,103,0,44,0,20,0,13,0,11,
0,130,253,164,1,153,1,97,4,178,251,30,7,137,250,150,251,65,195,0,247,0,239,0,251,0,103,0,44,0,20,0,14,0,12,
0,108,253,209,1,159,1,97,4,178,251,30,7,89,251,210,250,98,190,0,246,0,240,0,251,0,103,0,43,0,20,0,13,0,11,
0,117,253,228,1,129,1,97,4,178,251,30,7,89,251,210,251,245,191,0,245,0,239,0,251,0,103,0,44,0,20,0,14,0,12,
0,117,253,228,1,129,1,97,4,178,251,30,7,237,248,227,251,245,191,0,245,0,239,0,252,0,103,0,43,0,20,0,13,0,11,
0,108,253,207,1,121,1,97,4,178,251,30,7,211,250,184,251,2,194,0,244,0,239,0,252,0,104,0,44,0,20,0,13,0,11,
0,86,253,181,1,160,1,97,4,178,251,30,7,27,250,15,251,63,190,0,244,0,239,0,251,0,104,0,44,0,21,0,14,0,12,
0,86,253,181,1,148,1,97,4,178,251,30,7,252,249,43,252,56,193,0,243,0,239,0,252,0,104,0,44,0,20,0,13,0,11,
0,69,253,181,1,148,1,97,4,178,251,30,7,252,249,43,252,56,193,0,243,0,239,0,252,0,103,0,43,0,20,0,13,0,11,
0,135,253,165,1,132,1,63,4,160,251,217,6,144,251,108,251,169,191,0,242,0,238,0,251,0,104,0,44,0,21,0,14,0,12,
0,159,253,144,1,130,1,63,4,160,251,217,6,201,249,219,251,45,191,0,242,0,238,0,251,0,104,0,44,0,20,0,13,0,11,
0,159,253,144,1,130,1,63,4,160,251,217,6,85,250,130,252,19,195,0,241,0,237,0,251,0,104,0,44,0,21,0,14,0,11,
0,119,253,143,1,141,1,63,4,160,251,217,6,85,250,97,251,223,188,0,241,0,238,0,251,0,103,0,44,0,20,0,13,0,11,
0,112,253,182,1,136,1,63,4,160,251,217,6,99,251,97,251,223,188,0,241,0,238,0,251,0,103,0,43,0,20,0,13,0,11,
0,108,253,171,1,127,1,63,4,160,251,217,6,149,248,111,252,14,191,0,241,0,237,0,251,0,104,0,44,0,20,0,14,0,11,
0,108,253,171,1,127,1,63,4,160,251,217,6,117,251,14,252,224,193,0,240,0,237,0,251,0,103,0,39,0,19,0,14,0,11,
0,130,253,127,1,112,1,63,4,160,251,217,6,202,250,219,251,29,190,0,239,0,236,0,250,0,104,0,40,0,20,0,14,0,12,
0,134,253,96,1,76,1,63,4,160,251,217,6,202,250,219,251,218,192,0,240,0,237,0,250,0,103,0,41,0,19,0,13,0,11,
0,106,253,132,1,47,1,63,4,160,251,217,6,226,249,17,253,218,192,0,239,0,236,0,250,0,102,0,41,0,19,0,13,0,11,
0,106,253,132,1,47,1,108,4,227,251,114,6,85,251,47,252,112,191,0,239,0,235,0,249,0,103,0,42,0,20,0,14,0,12,
0,103,253,126,1,19,1,108,4,227,251,114,6,197,250,115,252,45,191,0,239,0,236,0,249,0,103,0,42,0,19,0,13,0,11,
0,82,253,98,1,19,1,108,4,227,251,114,6,197,250,193,252,157,191,0,239,0,235,0,249,0,103,0,43,0,20,0,14,0,12,
0,82,253,98,1,46,1,108,4,227,251,114,6,59,250,193,252,157,191,0,239,0,235,0,249,0,102,0,43,0,20,0,14,0,12,
0,92,253,81,1,46,1,108,4,227,251,114,6,159,251,38,252,36,191,0,238,0,235,0,248,0,103,0,43,0,20,0,14,0,12,
0,117,253,66,1,66,1,108,4,227,251,114,6,100,249,220,252,18,190,0,238,0,235,0,249,0,102,0,43,0,20,0,13,0,11,
0,133,253,37,1,70,1,108,4,227,251,114,6,234,249,29,253,5,194,0,238,0,235,0,248,0,102,0,43,0,20,0,13,0,11,
0,133,253,37,1,70,1,108,4,227,251,114,6,234,249,29,253,171,190,0,238,0,235,0,247,0,103,0,44,0,20,0,14,0,12,
0,138,253,25,1,53,1,108,4,227,251,114,6,41,252,19,252,171,190,0,239,0,235,0,248,0,102,0,43,0,21,0,14,0,12,
0,162,253,32,1,59,1,108,4,227,251,114,6,201,249,216,252,133,189,0,239,0,235,0,247,0,102,0,44,0,20,0,14,0,12,
0,111,253,19,1,50,1,108,4,227,251,114,6,5,250,122,253,253,192,0,239,0,235,0,247,0,102,0,43,0,20,0,13,0,11,
0,111,253,19,1,50,1,70,4,130,251,3,7,104,251,207,252,138,193,0,239,0,235,0,247,0,102,0,43,0,20,0,13,0,11,
0,93,253,235,0,19,1,70,4,130,251,3,7,104,251,207,252,138,193,0,239,0,235,0,247,0,102,0,43,0,20,0,14,0,12,
0,85,253,214,0,9,1,70,4,130,251,3,7,18,251,146,252,100,188,0,241,0,235,0,247,0,101,0,43,0,21,0,13,0,12,
0,122,253,186,0,21,1,70,4,130,251,3,7,14,250,136,253,114,192,0,241,0,234,0,246,0,102,0,43,0,20,0,14,0,11,
0,122,253,186,0,21,1,70,4,130,251,3,7,189,250,33,253,178,192,0,242,0,234,0,247,0,101,0,43,0,19,0,13,0,11,
0,132,253,183,0,23,1,70,4,130,251,3,7,189,250,207,252,83,190,0,242,0,234,0,246,0,101,0,43,0,20,0,13,0,11,
0,162,253,186,0,5,1,70,4,130,251,3,7,252,250,207,252,83,190,0,243,0,233,0,246,0,101,0,43,0,20,0,14,0,11,
0,162,253,186,0,13,1,70,4,130,251,3,7,16,250,107,253,55,192,0,244,0,233,0,246,0,101,0,47,0,21,0,13,0,11,
0,172,253,169,0,13,1,70,4,130,251,3,7,3,251,246,252,70,191,0,244,0,233,0,245,0,101,0,47,0,21,0,13,0,11,
0,192,253,163,0,0,1,70,4,130,251,3,7,12,250,7,253,25,189,0,245,0,233,0,245,0,100,0,45,0,20,0,13,0,11,
0,165,253,140,0,249,0,64,4,144,251,197,6,12,250,7,253,40,192,0,246,0,233,0,245,0,101,0,45,0,20,0,13,0,11,
0,165,253,140,0,249,0,64,4,144,251,197,6,221,249,62,253,40,192,0,246,0,233,0,244,0,101,0,45,0,21,0,14,0,12,
0,174,253,123,0,235,0,64,4,144,251,197,6,21,251,19,253,169,192,0,247,0,233,0,245,0,100,0,44,0,21,0,14,0,12,
0,173,253,137,0,244,0,64,4,144,251,197,6,163,250,197,252,71,189,0,247,0,233,0,244,0,101,0,44,0,21,0,14,0,12,
0,177,253,104,0,254,0,64,4,144,251,197,6,163,250,120,253,30,190,0,248,0,233,0,245,0,100,0,43,0,20,0,13,0,11,
0,177,253,104,0,254,0,64,4,144,251,197,6,10,249,120,253,30,190,0,248,0,233,0,244,0,100,0,43,0,20,0,14,0,11,
0,160,253,99,0,3,1,64,4,144,251,197,6,62,250,81,253,216,192,0,248,0,233,0,245,0,101,0,44,0,21,0,14,0,12,
0,184,253,62,0,254,0,64,4,144,251,197,6,2,251,137,252,58,189,0,249,0,234,0,245,0,100,0,43,0,20,0,13,0,11,
0,164,253,42,0,216,0,64,4,144,251,197,6,207,248,3,253,250,188,0,249,0,234,0,245,0,100,0,43,0,20,0,13,0,11,
0,164,253,42,0,216,0,64,4,144,251,197,6,207,248,3,253,183,193,0,249,0,234,0,245,0,100,0,43,0,20,0,14,0,12,
0,139,253,21,0,167,0,12,4,196,251,16,7,235,249,159,253,183,193,0,248,0,234,0,246,0,100,0,43,0,20,0,13,0,11,
0,137,253,21,0,139,0,12,4,196,251,16,7,235,250,137,252,211,190,0,248,0,235,0,246,0,100,0,43,0,20,0,14,0,11,
0,137,253,21,0,181,0,12,4,196,251,16,7,199,249,233,252,154,188,0,249,0,235,0,246,0,100,0,43,0,20,0,13,0,12,
0,165,253,43,0,181,0,12,4,196,251,16,7,174,249,90,253,190,192,0,249,0,235,0,247,0,100,0,42,0,19,0,13,0,11,
0,195,253,48,0,188,0,12,4,196,251,16,7,174,249,90,253,190,192,0,248,0,235,0,247,0,101,0,43,0,20,0,14,0,11,
0,187,253,39,0,158,0,12,4,196,251,16,7,196,250,108,252,93,189,0,248,0,236,0,247,0,101,0,43,0,20,0,13,0,11,
0,187,253,39,0,158,0,12,4,196,251,16,7,246,248,171,253,176,191,0,248,0,236,0,247,0,101,0,43,0,20,0,14,0,12,
0,185,253,23,0,204,0,12,4,196,251,16,7,4,251,205,252,175,190,0,248,0,237,0,248,0,101,0,43,0,20,0,13,0,12,
0,219,253,26,0,199,0,12,4,196,251,16,7,4,251,199,252,175,189,0,248,0,237,0,249,0,101,0,43,0,20,0,13,0,11,
0,235,253,246,255,185,0,12,4,196,251,16,7,81,249,199,252,175,189,0,247,0,237,0,249,0,102,0,43,0,20,0,14,0,12,
0,235,253,246,255,185,0,41,4,137,251,91,6,134,249,133,253,41,192,0,247,0,238,0,249,0,102,0,43,0,20,0,13,0,11,
0,241,253,205,255,159,0,41,4,137,251,91,6,15,251,20,253,30,192,0,247,0,238,0,250,0,102,0,43,0,20,0,14,0,12,
0,209,253,216,255,128,0,41,4,137,251,91,6,168,250,137,252,17,188,0,248,0,238,0,250,0,102,0,43,0,20,0,14,0,12,
0,224,253,216,255,144,0,41,4,137,251,91,6,168,250,137,252,17,191,0,247,0,237,0,250,0,102,0,43,0,21,0,14,0,12,
0,224,253,221,255,144,0,41,4,137,251,91,6,35,248,133,253,19,191,0,248,0,238,0,251,0,102,0,43,0,20,0,13,0,11,
0,238,253,209,255,154,0,41,4,137,251,91,6,130,250,73,253,217,192,0,248,0,238,0,251,0,103,0,44,0,20,0,14,0,12,
0,235,253,210,255,119,0,41,4,137,251,91,6,203,250,176,252,7,190,0,248,0,238,0,251,0,103,0,44,0,20,0,14,0,12,
0,235,253,210,255,99,0,41,4,137,251,91,6,203,250,61,253,252,188,0,249,0,238,0,252,0,103,0,43,0,20,0,13,0,12,
0,4,254,229,255,99,0,41,4,137,251,91,6,120,249,61,253,252,188,0,249,0,238,0,252,0,103,0,43,0,20,0,13,0,11,
0,29,254,213,255,117,0,41,4,137,251,91,6,240,248,244,253,220,191,0,249,0,238,0,252,0,104,0,44,0,20,0,14,0,12,
0,0,254,203,255,144,0,41,4,137,251,91,6,141,250,174,253,77,192,0,250,0,238,0,252,0,104,0,44,0,20,0,13,0,11,
0,0,254,203,255,144,0,16,4,139,251,234,6,117,250,95,253,55,190,0,251,0,239,0,253,0,103,0,43,0,20,0,14,0,11,
0,3,254,169,255,143,0,16,4,139,251,234,6,117,250,95,253,242,188,0,251,0,239,0,253,0,104,0,44,0,20,0,13,0,11,
0,18,254,159,255,132,0,16,4,139,251,234,6,67,249,151,253,242,188,0,251,0,239,0,254,0,104,0,43,0,20,0,13,0,11,
0,43,254,149,255,119,0,16,4,139,251,234,6,195,248,79,254,146,191,0,251,0,238,0,253,0,104,0,44,0,21,0,14,0,12,
0,43,254,149,255,119,0,16,4,139,251,234,6,39,250,28,254,61,193,0,252,0,239,0,254,0,104,0,44,0,20,0,13,0,11,
0,69,254,140,255,92,0,16,4,139,251,234,6,39,250,94,253,208,188,0,252,0,239,0,254,0,104,0,44,0,21,0,14,0,12,
0,92,254,170,255,117,0,16,4,139,251,234,6,1,250,94,253,208,188,0,253,0,239,0,255,0,104,0,44,0,20,0,13,0,11,
0,103,254,170,255,127,0,16,4,139,251,234,6,184,248,39,254,190,189,0,253,0,239,0,254,0,105,0,45,0,21,0,14,0,11,
0,103,254,169,255,127,0,16,4,139,251,234,6,154,248,143,254,129,193,0,254,0,239,0,255,0,104,0,44,0,20,0,13,0,11,
0,98,254,202,255,133,0,16,4,139,251,234,6,134,250,212,253,235,190,0,254,0,239,0,254,0,105,0,45,0,21,0,14,0,12,
0,88,254,201,255,112,0,33,4,145,251,244,6,134,250,212,253,235,189,0,254,0,239,0,255,0,105,0,45,0,21,0,14,0,12,
0,88,254,201,255,61,0,33,4,145,251,244,6,159,249,46,254,235,189,0,255,0,239,0,255,0,105,0,44,0,20,0,13,0,11,
0,109,254,205,255,61,0,33,4,145,251,244,6,154,248,222,254,21,192,0,255,0,239,0,255,0,105,0,45,0,21,0,14,0,12,
0,102,254,194,255,43,0,33,4,145,251,244,6,227,249,119,254,106,192,1,0,0,240,0,255,0,105,0,45,0,20,0,13,0,11,
0,125,254,199,255,76,0,33,4,145,251,244,6,162,249,40,254,165,189,1,0,0,239,0,255,0,105,0,45,0,21,0,14,0,12,
0,125,254,199,255,76,0,33,4,145,251,244,6,162,249,40,254,165,189,1,0,0,239,0,255,0,105,0,45,0,21,0,14,0,12,
0,126,254,223,255,106,0,33,4,145,251,244,6,6,249,245,254,19,191,1,1,0,240,0,255,0,105,0,45,0,20,0,13,0,11,
0,152,254,232,255,102,0,33,4,145,251,244,6,142,249,196,254,151,191,1,1,0,239,0,255,0,105,0,45,0,21,0,14,0,12,
0,128,254,223,255,93,0,33,4,145,251,244,6,163,249,76,254,177,189,1,2,0,240,0,255,0,105,0,45,0,20,0,13,0,11,
0,128,254,223,255,93,0,33,4,145,251,244,6,163,249,44,255,11,192,1,2,0,240,0,255,0,105,0,45,0,21,0,14,0,11,
0,159,254,229,255,79,0,70,4,134,251,13,7,206,248,44,255,11,192,1,3,0,239,0,255,0,105,0,45,0,21,0,14,0,11,
0,160,254,224,255,62,0,70,4,134,251,13,7,165,249,251,254,242,191,1,3,0,240,0,255,0,105,0,45,0,20,0,13,0,11,
0,161,254,224,255,50,0,70,4,134,251,13,7,41,250,121,254,213,189,1,3,0,240,0,255,0,105,0,45,0,21,0,14,0,11,
0,161,254,202,255,50,0,70,4,134,251,13,7,157,248,253,254,120,189,1,4,0,240,1,0,0,105,0,44,0,18,0,13,0,11,
0,176,254,194,255,59,0,70,4,134,251,13,7,157,248,253,254,134,192,1,4,0,240,0,255,0,105,0,45,0,21,0,14,0,12,
0,201,254,173,255,63,0,70,4,134,251,13,7,48,249,13,255,134,192,1,5,0,240,0,255,0,105,0,45,0,21,0,14,0,11,
0,201,254,173,255,54,0,70,4,134,251,13,7,51,250,174,254,97,191,1,6,0,240,0,255,0,105,0,44,0,20,0,13,0,11,
0,179,254,203,255,54,0,70,4,134,251,13,7,46,250,161,254,109,189,1,5,0,240,0,255,0,105,0,45,0,21,0,14,0,12,
0,148,254,234,255,66,0,70,4,134,251,13,7,46,250,52,255,59,190,1,6,0,240,0,255,0,105,0,44,0,20,0,13,0,11,
0,143,254,0,0,62,0,70,4,134,251,13,7,142,248,52,255,59,190,1,6,0,240,0,255,0,105,0,45,0,21,0,14,0,12,
0,143,254,0,0,62,0,17,4,159,251,93,6,199,249,35,255,213,192,1,7,0,239,0,254,0,105,0,45,0,21,0,14,0,12,
0,151,254,246,255,62,0,17,4,159,251,93,6,20,251,103,254,238,189,1,8,0,240,0,255,0,105,0,45,0,20,0,13,0,11,
0,159,254,3,0,53,0,17,4,159,251,93,6,90,248,151,254,20,188,1,8,0,239,0,254,0,105,0,45,0,21,0,14,0,12,
0,141,254,253,255,65,0,17,4,159,251,93,6,90,248,151,254,30,193,1,8,0,240,0,254,0,104,0,39,0,20,0,14,0,12,
0,141,254,253,255,65,0,17,4,159,251,93,6,125,249,4,255,30,193,1,8,0,239,0,253,0,105,0,41,0,20,0,14,0,12,
0,165,254,253,255,71,0,17,4,159,251,93,6,209,250,247,253,165,189,1,9,0,239,0,253,0,105,0,41,0,20,0,14,0,12,
0,190,254,245,255,40,0,17,4,159,251,93,6,93,248,207,254,87,189,1,9,0,239,0,253,0,104,0,42,0,19,0,13,0,11,
0,190,254,245,255,74,0,17,4,159,251,93,6,94,249,168,254,124,191,1,9,0,239,0,252,0,105,0,43,0,20,0,14,0,12,
0,215,254,3,0,74,0,17,4,159,251,93,6,94,249,168,254,124,191,1,10,0,239,0,252,0,104,0,43,0,19,0,13,0,11,
0,223,254,22,0,66,0,17,4,159,251,93,6,137,250,56,254,154,189,1,9,0,239,0,252,0,104,0,43,0,19,0,13,0,11,
0,233,254,15,0,67,0,17,4,159,251,158,7,251,248,118,254,1,190,1,10,0,239,0,252,0,104,0,44,0,20,0,14,0,11,
0,233,254,15,0,77,0,53,4,99,251,158,7,200,249,148,254,218,190,1,10,0,239,0,252,0,104,0,44,0,20,0,13,0,11,
0,230,254,5,0,77,0,53,4,99,251,158,7,200,249,235,253,135,189,1,11,0,239,0,251,0,104,0,43,0,20,0,13,0,11,
0,228,254,248,255,75,0,53,4,99,251,158,7,234,249,235,253,135,189,1,10,0,239,0,250,0,104,0,44,0,21,0,14,0,12,
0,218,254,3,0,129,0,53,4,99,251,158,7,144,249,90,254,216,188,1,11,0,239,0,250,0,104,0,44,0,19,0,13,0,11,
0,218,254,3,0,129,0,53,4,99,251,158,7,39,249,146,254,122,190,1,11,0,239,0,250,0,104,0,44,0,20,0,14,0,11,
0,192,254,235,255,126,0,53,4,99,251,158,7,16,250,64,254,187,189,1,11,0,239,0,250,0,103,0,43,0,20,0,13,0,11,
0,176,254,231,255,93,0,53,4,99,251,158,7,16,250,64,254,187,188,1,11,0,239,0,249,0,103,0,44,0,21,0,14,0,12,
0,193,254,233,255,84,0,53,4,99,251,158,7,220,249,8,254,67,188,1,11,0,239,0,249,0,102,0,43,0,20,0,13,0,11,
0,193,254,233,255,84,0,53,4,99,251,158,7,185,248,201,254,44,190,1,11,0,239,0,249,0,103,0,44,0,20,0,13,0,11,
0,190,254,242,255,100,0,53,4,99,251,158,7,93,250,119,254,237,190,1,12,0,239,0,249,0,102,0,43,0,20,0,14,0,12,
0,208,254,250,255,95,0,146,4,50,251,89,7,93,250,204,253,19,188,1,11,0,239,0,248,0,102,0,43,0,20,0,13,0,11,
0,208,254,250,255,78,0,146,4,50,251,89,7,8,250,204,253,19,188,1,11,0,238,0,247,0,102,0,44,0,21,0,14,0,12,
0,221,254,250,255,78,0,146,4,50,251,89,7,83,248,160,254,238,187,1,11,0,239,0,248,0,102,0,43,0,20,0,13,0,11,
0,222,254,217,255,122,0,146,4,50,251,89,7,181,249,160,254,15,193,1,11,0,238,0,247,0,102,0,44,0,21,0,14,0,12,
0,231,254,230,255,114,0,146,4,50,251,89,7,152,250,183,253,243,187,1,11,0,238,0,247,0,102,0,48,0,21,0,14,0,12,
0,231,254,230,255,96,0,146,4,50,251,89,7,152,250,183,253,190,188,1,11,0,238,0,247,0,102,0,47,0,21,0,13,0,11,
0,9,255,221,255,96,0,146,4,50,251,89,7,4,248,108,254,190,188,1,11,0,238,0,247,0,102,0,46,0,21,0,13,0,11,
0,2,255,209,255,77,0,146,4,50,251,89,7,180,249,163,254,89,192,1,11,0,239,0,247,0,101,0,45,0,20,0,13,0,11,
0,245,254,225,255,60,0,146,4,50,251,89,7,237,249,226,253,152,187,1,10,0,238,0,247,0,102,0,44,0,20,0,13,0,11,
0,245,254,225,255,60,0,146,4,50,251,89,7,204,248,16,254,141,189,1,10,0,239,0,247,0,101,0,44,0,20,0,14,0,11,
0,14,255,236,255,67,0,21,4,141,251,3,7,204,248,16,254,141,189,1,10,0,238,0,247,0,101,0,44,0,20,0,13,0,11,
0,69,255,216,255,71,0,21,4,141,251,3,7,232,248,43,254,67,190,1,10,0,239,0,248,0,101,0,43,0,20,0,13,0,12,
0,84,255,214,255,101,0,21,4,141,251,3,7,143,249,14,254,52,190,1,9,0,238,0,248,0,102,0,44,0,21,0,14,0,11,
0,84,255,214,255,101,0,21,4,141,251,3,7,251,249,229,253,89,188,1,9,0,239,0,248,0,102,0,43,0,20,0,13,0,11,
0,27,255,221,255,113,0,21,4,141,251,3,7,251,249,229,254,157,189,1,8,0,239,0,249,0,102,0,43,0,20,0,14,0,11,
0,28,255,246,255,84,0,21,4,141,251,3,7,106,249,114,254,157,189,1,8,0,239,0,249,0,102,0,43,0,20,0,13,0,11,
0,28,255,246,255,87,0,21,4,141,251,3,7,168,249,43,254,93,190,1,8,0,239,0,250,0,102,0,43,0,20,0,13,0,11,
0,40,255,255,255,87,0,21,4,141,251,3,7,144,249,192,253,111,188,1,7,0,239,0,250,0,102,0,44,0,20,0,14,0,12,
0,12,255,255,255,77,0,21,4,141,251,3,7,125,248,34,254,168,189,1,6,0,239,0,251,0,102,0,43,0,20,0,13,0,11,
0,254,254,12,0,75,0,21,4,141,251,3,7,125,248,34,254,168,189,1,5,0,239,0,251,0,103,0,44,0,20,0,14,0,12,
0,254,254,12,0,75,0,19,4,160,251,45,6,59,250,219,253,164,190,1,5,0,239,0,252,0,103,0,43,0,20,0,13,0,12,
0,53,255,242,255,53,0,19,4,160,251,45,6,191,249,203,253,155,189,1,4,0,239,0,252,0,104,0,44,0,20,0,14,0,12,
0,100,255,237,255,31,0,19,4,160,251,45,6,114,249,218,253,55,188,1,4,0,240,0,254,0,103,0,44,0,20,0,13,0,11,
0,71,255,252,255,30,0,19,4,160,251,45,6,114,249,96,254,194,190,1,3,0,240,0,254,0,104,0,44,0,20,0,13,0,11,
0,71,255,252,255,30,0,19,4,160,251,45,6,128,249,96,254,194,190,1,2,0,240,0,255,0,104,0,44,0,21,0,14,0,12,
0,15,255,11,0,45,0,19,4,160,251,45,6,109,250,223,253,59,190,1,1,0,241,0,255,0,104,0,44,0,20,0,13,0,12,
0,28,255,28,0,44,0,19,4,160,251,45,6,146,250,118,253,12,188,1,1,0,241,1,0,0,104,0,44,0,18,0,13,0,11,
0,35,255,61,0,32,0,19,4,160,251,45,6,8,249,252,253,11,189,1,0,0,241,1,0,0,105,0,45,0,20,0,14,0,11,
0,35,255,61,0,32,0,19,4,160,251,45,6,8,249,252,253,248,191,0,255,0,241,1,1,0,105,0,44,0,19,0,13,0,11,
0,45,255,76,0,85,0,19,4,160,251,45,6,98,250,252,253,248,191,0,255,0,241,1,1,0,105,0,45,0,20,0,13,0,11,
0,82,255,86,0,75,0,76,4,117,251,255,6,34,251,103,253,190,188,0,254,0,242,1,2,0,105,0,44,0,19,0,13,0,11,
0,82,255,86,0,55,0,76,4,117,251,255,6,135,250,185,253,168,187,0,253,0,242,1,3,0,106,0,45,0,20,0,13,0,11,
0,63,255,91,0,55,0,76,4,117,251,255,6,135,250,11,254,4,190,0,253,0,243,1,4,0,106,0,45,0,19,0,13,0,11,
0,14,255,80,0,90,0,76,4,117,251,255,6,121,249,11,254,4,190,0,252,0,242,1,4,0,107,0,45,0,20,0,13,0,11,
0,47,255,96,0,86,0,76,4,117,251,255,6,98,251,205,253,172,191,0,252,0,242,1,4,0,107,0,45,0,20,0,13,0,11,
0,47,255,96,0,86,0,76,4,117,251,255,6,111,250,15,253,158,186,0,251,0,243,1,5,0,107,0,45,0,20,0,13,0,11,
0,77,255,99,0,41,0,76,4,117,251,255,6,159,249,218,253,238,190,0,251,0,243,1,6,0,107,0,45,0,20,0,13,0,11,
0,114,255,78,0,1,0,76,4,117,251,255,6,159,249,218,253,171,192,0,250,0,243,1,6,0,108,0,46,0,20,0,14,0,11,
0,118,255,59,0,21,0,76,4,117,251,255,6,121,250,220,253,171,192,0,250,0,243,1,7,0,108,0,46,0,20,0,13,0,11,
0,118,255,59,0,21,0,76,4,117,251,255,6,72,251,216,252,14,189,0,249,0,244,1,7,0,108,0,46,0,20,0,14,0,11,
0,170,255,56,0,50,0,76,4,117,251,255,6,222,249,122,253,152,188,0,249,0,244,1,8,0,108,0,46,0,20,0,13,0,11,
0,174,255,66,0,67,0,48,4,67,251,4,7,40,250,178,253,19,192,0,248,0,244,1,8,0,109,0,47,0,21,0,14,0,12,
0,177,255,96,0,72,0,48,4,67,251,4,7,40,250,178,253,19,192,0,248,0,245,1,8,0,109,0,46,0,20,0,14,0,11,
0,177,255,96,0,72,0,48,4,67,251,4,7,197,251,10,253,23,191,0,247,0,244,1,8,0,110,0,47,0,21,0,14,0,12,
0,194,255,107,0,51,0,48,4,67,251,4,7,105,250,20,253,41,189,0,247,0,245,1,8,0,110,0,47,0,21,0,14,0,12,
0,170,255,88,0,65,0,48,4,67,251,4,7,242,250,92,253,147,192,0,247,0,245,1,8,0,109,0,47,0,20,0,14,0,12,
0,170,255,88,0,68,0,48,4,67,251,4,7,242,250,242,252,5,190,0,247,0,245,1,8,0,109,0,46,0,20,0,14,0,11,
0,141,255,93,0,68,0,48,4,67,251,4,7,98,251,242,252,5,190,0,246,0,245,1,8,0,110,0,47,0,21,0,14,0,12,
0,109,255,101,0,68,0,48,4,67,251,4,7,10,251,68,253,137,190,0,246,0,246,1,8,0,110,0,47,0,20,0,13,0,11,
0,137,255,93,0,58,0,48,4,67,251,4,7,182,250,85,253,72,191,0,245,0,245,1,8,0,110,0,47,0,21,0,14,0,11,
0,137,255,93,0,58,0,48,4,67,251,4,7,58,251,29,253,160,191,0,246,0,246,1,8,0,109,0,47,0,20,0,14,0,11,
0,142,255,73,0,66,0,254,3,188,251,114,6,58,251,29,253,160,191,0,245,0,246,1,7,0,110,0,47,0,21,0,14,0,11,
0,145,255,33,0,54,0,254,3,188,251,114,6,142,251,25,253,92,191,0,245,0,246,1,7,0,109,0,46,0,20,0,13,0,11,
0,141,255,25,0,61,0,254,3,188,251,114,6,42,251,221,252,147,189,0,244,0,246,1,6,0,110,0,47,0,20,0,13,0,11,
0,141,255,25,0,61,0,254,3,188,251,114,6,147,250,13,253,226,191,0,244,0,246,1,6,0,110,0,47,0,21,0,14,0,12,
0,133,255,25,0,41,0,254,3,188,251,114,6,147,250,221,252,218,191,0,244,0,246,1,6,0,109,0,47,0,20,0,14,0,11,
0,134,255,35,0,42,0,254,3,188,251,114,6,251,251,221,252,218,191,0,243,0,246,1,5,0,109,0,47,0,21,0,14,0,11,
0,146,255,21,0,59,0,254,3,188,251,114,6,42,250,155,252,195,188,0,243,0,246,1,5,0,108,0,47,0,20,0,13,0,11,
0,146,255,21,0,59,0,254,3,188,251,114,6,252,249,44,253,19,193,0,242,0,246,1,5,0,109,0,47,0,20,0,13,0,11,
0,122,255,9,0,62,0,254,3,188,251,114,6,157,252,26,252,211,189,0,242,0,246,1,4,0,109,0,47,0,21,0,14,0,12,
0,115,255,12,0,40,0,254,3,188,251,114,6,157,252,26,252,40,190,0,242,0,246,1,4,0,108,0,46,0,20,0,14,0,12,
0,115,255,12,0,19,0,241,3,166,251,48,6,171,249,18,253,40,190,0,241,0,246,1,4,0,108,0,47,0,21,0,14,0,12,
0,93,255,249,255,19,0,241,3,166,251,48,6,73,250,63,253,240,193,0,241,0,246,1,3,0,108,0,46,0,20,0,13,0,12,
0,85,255,230,255,14,0,241,3,166,251,48,6,235,251,223,251,213,189,0,240,0,246,1,3,0,108,0,47,0,20,0,13,0,11,
0,31,255,253,255,13,0,241,3,166,251,48,6,229,249,191,252,170,190,0,239,0,246,1,3,0,108,0,47,0,21,0,14,0,12,
0,31,255,253,255,13,0,241,3,166,251,48,6,229,249,191,252,170,190,0,239,0,246,1,2,0,108,0,47,0,21,0,14,0,12,
0,18,255,229,255,242,255,241,3,166,251,48,6,67,251,71,252,122,191,0,239,0,246,1,2,0,108,0,47,0,21,0,14,0,12,
0,48,255,12,0,14,0,241,3,166,251,48,6,82,250,86,252,4,189,0,239,0,246,1,2,0,107,0,46,0,20,0,13,0,11,
0,51,255,6,0,51,0,241,3,166,251,48,6,98,250,184,252,90,193,0,238,0,246,1,1,0,107,0,46,0,21,0,14,0,12,
0,51,255,6,0,51,0,241,3,166,251,48,6,98,250,184,252,8,191,0,238,0,245,1,0,0,107,0,46,0,21,0,14,0,11,
0,71,255,232,255,36,0,241,3,166,251,48,6,127,251,26,252,8,191,0,238,0,246,1,1,0,106,0,45,0,19,0,13,0,11,
0,57,255,228,255,39,0,26,4,107,251,243,6,252,250,0,252,65,188,0,237,0,245,1,0,0,106,0,40,0,20,0,14,0,12,
0,18,255,221,255,13,0,26,4,107,251,243,6,233,249,174,252,56,191,0,238,0,246,1,0,0,106,0,41,0,18,0,13,0,12,
0,18,255,221,255,13,0,26,4,107,251,243,6,130,250,168,252,180,192,0,237,0,245,0,255,0,106,0,42,0,20,0,13,0,11,
0,227,254,232,255,252,255,26,4,107,251,243,6,130,250,168,252,180,192,0,237,0,245,0,254,0,106,0,43,0,21,0,14,0,12,
0,13,255,244,255,250,255,26,4,107,251,243,6,83,251,251,251,64,189,0,237,0,245,0,255,0,105,0,43,0,20,0,14,0,12,
0,13,255,244,255,2,0,26,4,107,251,243,6,253,249,29,252,109,188,0,237,0,245,0,254,0,105,0,43,0,20,0,13,0,11,
0,55,255,19,0,2,0,26,4,107,251,243,6,160,249,223,252,157,192,0,236,0,244,0,254,0,106,0,44,0,21,0,14,0,12,
0,8,255,8,0,44,0,26,4,107,251,243,6,160,249,52,252,169,191,0,236,0,244,0,253,0,105,0,44,0,20,0,13,0,11,
0,16,255,2,0,76,0,26,4,107,251,243,6,168,251,52,252,169,191,0,235,0,244,0,253,0,105,0,45,0,21,0,14,0,12,
0,16,255,2,0,76,0,26,4,107,251,243,6,156,250,212,251,135,187,0,235,0,244,0,253,0,105,0,44,0,20,0,13,0,11,
0,39,255,20,0,63,0,26,4,107,251,243,6,251,248,97,252,53,190,0,235,0,244,0,253,0,104,0,44,0,20,0,13,0,12,
0,244,254,254,255,26,0,41,4,70,251,44,7,88,250,99,252,89,192,0,235,0,244,0,252,0,105,0,45,0,21,0,14,0,12,
0,212,254,241,255,8,0,41,4,70,251,44,7,88,250,99,252,79,190,0,234,0,244,0,252,0,104,0,45,0,20,0,13,0,11,
0,212,254,241,255,8,0,41,4,70,251,44,7,83,251,193,251,79,190,0,234,0,243,0,252,0,104,0,45,0,21,0,14,0,12,
0,246,254,14,0,0,0,41,4,70,251,44,7,101,249,18,252,4,188,0,233,0,243,0,252,0,104,0,44,0,20,0,14,0,12,
0,5,255,43,0,17,0,41,4,70,251,44,7,112,249,56,252,131,191,0,233,0,243,0,252,0,104,0,44,0,21,0,14,0,12,
0,35,255,43,0,11,0,41,4,70,251,44,7,112,250,218,251,52,190,0,233,0,243,0,252,0,104,0,44,0,20,0,13,0,11,
0,35,255,33,0,11,0,41,4,70,251,44,7,211,250,218,251,52,190,0,232,0,243,0,252,0,104,0,44,0,20,0,13,0,11,
0,71,255,24,0,32,0,41,4,70,251,44,7,239,249,209,251,88,189,0,232,0,242,0,252,0,104,0,45,0,21,0,14,0,12,
0,80,255,12,0,9,0,41,4,70,251,44,7,81,250,75,252,110,191,0,232,0,242,0,252,0,104,0,44,0,20,0,14,0,12,
0,80,255,12,0,252,255,41,4,70,251,44,7,147,250,21,252,116,190,0,232,0,242,0,252,0,104,0,44,0,20,0,13,0,11,
0,60,255,251,255,252,255,47,4,131,251,14,7,147,250,21,252,88,190,0,230,0,242,0,252,0,104,0,45,0,21,0,14,0,12,
0,55,255,253,255,255,255,47,4,131,251,14,7,85,250,25,252,88,190,0,230,0,242,0,252,0,104,0,48,0,20,0,13,0,11,
0,40,255,3,0,244,255,47,4,131,251,14,7,78,249,91,252,36,190,0,230,0,241,0,252,0,104,0,47,0,22,0,13,0,11,
0,40,255,3,0,244,255,47,4,131,251,14,7,56,250,8,252,66,191,0,230,0,242,0,253,0,104,0,47,0,21,0,14,0,11,
0,40,255,250,255,233,255,47,4,131,251,14,7,77,250,200,251,138,187,0,230,0,242,0,253,0,104,0,46,0,21,0,13,0,11,
0,26,255,230,255,239,255,47,4,131,251,14,7,77,250,200,251,138,187,0,229,0,241,0,253,0,104,0,46,0,22,0,14,0,11,
0,57,255,223,255,0,0,47,4,131,251,14,7,101,249,211,252,141,193,0,229,0,241,0,254,0,104,0,45,0,20,0,13,0,11,
0,57,255,223,255,0,0,47,4,131,251,14,7,113,251,107,251,24,189,0,229,0,241,0,254,0,104,0,46,0,22,0,14,0,12,
0,76,255,249,255,245,255,47,4,131,251,14,7,236,248,41,252,223,188,0,229,0,241,0,254,0,104,0,45,0,20,0,13,0,11,
0,34,255,22,0,244,255,47,4,131,251,14,7,236,248,123,252,201,192,0,228,0,241,0,254,0,104,0,46,0,21,0,14,0,12,
0,242,254,22,0,250,255,245,3,122,251,235,6,66,250,123,252,201,192,0,229,0,241,0,255,0,104,0,45,0,20,0,14,0,11,
0,242,254,37,0,250,255,245,3,122,251,235,6,56,251,251,251,39,191,0,228,0,241,0,255,0,104,0,45,0,21,0,14,0,11,
0,252,254,30,0,252,255,245,3,122,251,235,6,58,250,115,251,38,188,0,228,0,240,0,255,0,105,0,45,0,21,0,14,0,12,
0,52,255,21,0,245,255,245,3,122,251,235,6,80,249,50,252,96,190,0,229,0,241,1,0,0,105,0,45,0,18,0,14,0,12,
0,52,255,21,0,4,0,245,3,122,251,235,6,80,249,50,252,229,192,0,229,0,241,1,0,0,105,0,45,0,19,0,13,0,11,
0,75,255,25,0,4,0,245,3,122,251,235,6,115,250,50,252,229,192,0,229,0,240,1,0,0,105,0,45,0,20,0,14,0,12,
0,66,255,22,0,6,0,245,3,122,251,235,6,6,251,156,251,9,190,0,229,0,240,1,0,0,105,0,45,0,19,0,13,0,11,
0,84,255,16,0,19,0,245,3,122,251,235,6,222,249,19,252,85,190,0,229,0,240,1,0,0,106,0,45,0,20,0,13,0,11,
0,84,255,16,0,19,0,245,3,122,251,235,6,222,249,242,251,137,191,0,229,0,240,1,1,0,106,0,46,0,20,0,13,0,11,
0,97,255,11,0,250,255,245,3,122,251,235,6,19,251,242,251,137,191,0,229,0,240,1,0,0,106,0,45,0,20,0,13,0,11,
0,92,255,3,0,239,255,192,3,165,251,103,6,65,250,134,251,20,188,0,229,0,240,1,1,0,106,0,45,0,19,0,13,0,11,
0,48,255,249,255,252,255,192,3,165,251,103,6,56,250,27,252,189,192,0,229,0,239,1,1,0,106,0,45,0,20,0,14,0,11,
0,48,255,249,255,252,255,192,3,165,251,103,6,242,251,115,251,214,189,0,229,0,239,1,0,0,106,0,45,0,20,0,13,0,11,
0,51,255,3,0,224,255,192,3,165,251,103,6,242,251,115,251,250,187,0,229,0,239,1,1,0,106,0,45,0,19,0,13,0,11,
0,52,255,17,0,218,255,192,3,165,251,103,6,58,249,167,251,250,187,0,230,0,239,1,0,0,106,0,45,0,19,0,14,0,11,
0,83,255,17,0,186,255,192,3,165,251,103,6,166,250,84,252,49,194,0,230,0,239,1,0,0,106,0,45,0,21,0,14,0,12,
0,83,255,253,255,186,255,192,3,165,251,103,6,225,250,34,251,131,188,0,230,0,239,1,0,0,106,0,45,0,19,0,13,0,11,
0,97,255,2,0,189,255,192,3,165,251,103,6,1,250,126,251,177,189,0,230,0,239,1,0,0,106,0,45,0,20,0,14,0,12,
0,74,255,243,255,183,255,192,3,165,251,103,6,1,250,126,251,177,189,0,231,0,239,0,255,0,106,0,45,0,21,0,14,0,12,
0,74,255,243,255,218,255,192,3,165,251,103,6,94,250,223,251,130,192,0,230,0,239,0,255,0,106,0,46,0,22,0,14,0,12,
0,56,255,234,255,218,255,192,3,165,251,213,7,110,251,23,251,169,189,0,231,0,239,0,255,0,105,0,45,0,21,0,14,0,11,
0,72,255,242,255,246,255,205,3,102,251,213,7,99,250,84,251,41,190,0,231,0,239,0,255,0,105,0,45,0,21,0,14,0,11,
0,32,255,229,255,227,255,205,3,102,251,213,7,99,250,223,251,216,190,0,231,0,238,0,254,0,106,0,45,0,21,0,14,0,12,
0,32,255,229,255,227,255,205,3,102,251,213,7,245,249,223,251,216,190,0,232,0,239,0,254,0,105,0,45,0,21,0,14,0,12,
0,34,255,214,255,232,255,205,3,102,251,213,7,127,250,130,251,198,191,0,232,0,238,0,254,0,105,0,45,0,21,0,14,0,12,
0,47,255,200,255,208,255,205,3,102,251,213,7,232,251,50,251,117,190,0,232,0,238,0,254,0,105,0,45,0,20,0,14,0,11,
0,35,255,213,255,221,255,205,3,102,251,213,7,103,250,49,251,155,189,0,232,0,238,0,253,0,105,0,45,0,20,0,13,0,11,
0,35,255,213,255,221,255,205,3,102,251,213,7,103,250,49,251,155,191,0,232,0,238,0,252,0,105,0,45,0,21,0,14,0,11,
0,7,255,183,255,216,255,205,3,102,251,213,7,80,250,160,251,172,191,0,233,0,238,0,252,0,104,0,44,0,20,0,13,0,11,
0,37,255,188,255,191,255,205,3,102,251,213,7,91,251,251,250,115,189,0,233,0,237,0,251,0,104,0,45,0,21,0,14,0,12,
0,37,255,188,255,207,255,205,3,102,251,213,7,254,249,119,251,109,189,0,234,0,238,0,252,0,104,0,44,0,20,0,14,0,11,
0,50,255,203,255,207,255,59,4,114,251,175,6,254,249,99,251,1,192,0,234,0,237,0,251,0,104,0,44,0,20,0,13,0,11,
0,76,255,189,255,217,255,59,4,114,251,175,6,154,250,99,251,1,192,0,234,0,236,0,251,0,104,0,44,0,21,0,14,0,11,
0,82,255,183,255,180,255,59,4,114,251,175,6,190,251,192,250,132,189,0,234,0,237,0,251,0,104,0,44,0,20,0,14,0,11,
0,82,255,183,255,180,255,59,4,114,251,175,6,136,249,48,251,248,188,0,234,0,236,0,250,0,104,0,44,0,20,0,13,0,11,
0,46,255,178,255,180,255,59,4,114,251,175,6,103,250,168,251,104,192,0,234,0,236,0,249,0,104,0,44,0,21,0,14,0,11,
0,11,255,161,255,178,255,59,4,114,251,175,6,103,250,168,251,214,191,0,234,0,236,0,249,0,103,0,44,0,20,0,13,0,11,
0,34,255,173,255,183,255,59,4,114,251,175,6,128,251,48,251,214,191,0,233,0,236,0,248,0,103,0,44,0,21,0,14,0,12,
0,34,255,173,255,183,255,59,4,114,251,175,6,207,250,222,250,160,187,0,233,0,236,0,249,0,103,0,43,0,20,0,14,0,12,
0,34,255,158,255,175,255,59,4,114,251,175,6,248,248,182,251,203,190,0,233,0,235,0,247,0,103,0,44,0,21,0,14,0,12,
0,3,255,160,255,165,255,59,4,114,251,175,6,180,250,111,251,203,192,0,233,0,236,0,247,0,102,0,43,0,20,0,13,0,11,
0,3,255,180,255,164,255,41,4,123,251,226,6,180,250,111,251,203,192,0,233,0,235,0,247,0,102,0,44,0,21,0,14,0,12,
0,3,255,180,255,164,255,41,4,123,251,226,6,61,251,230,250,227,190,0,233,0,235,0,247,0,102,0,44,0,20,0,14,0,12,
0,13,255,187,255,149,255,41,4,123,251,226,6,130,249,211,250,89,187,0,233,0,236,0,247,0,102,0,43,0,20,0,14,0,11,
0,224,254,149,255,152,255,41,4,123,251,226,6,57,249,195,251,42,192,0,233,0,235,0,246,0,102,0,44,0,21,0,14,0,12,
0,224,254,149,255,157,255,41,4,123,251,226,6,57,249,195,251,6,191,0,233,0,236,0,247,0,101,0,43,0,20,0,13,0,11,
0,238,254,114,255,157,255,41,4,123,251,226,6,232,250,73,251,6,191,0,233,0,235,0,246,0,101,0,43,0,20,0,13,0,11,
0,209,254,130,255,160,255,41,4,123,251,226,6,3,250,48,251,161,187,0,233,0,235,0,246,0,101,0,43,0,20,0,13,0,11,
0,208,254,137,255,169,255,41,4,123,251,226,6,21,249,192,251,254,190,0,233,0,236,0,246,0,101,0,43,0,20,0,13,0,12,
0,208,254,137,255,149,255,41,4,123,251,226,6,197,249,212,251,29,192,0,233,0,235,0,245,0,101,0,43,0,20,0,14,0,11,
0,232,254,130,255,149,255,41,4,123,251,226,6,197,249,212,251,29,192,0,234,0,236,0,246,0,100,0,42,0,19,0,13,0,11,
0,2,255,148,255,142,255,245,3,132,251,225,7,137,250,67,251,31,190,0,234,0,235,0,245,0,100,0,43,0,20,0,13,0,11,
0,14,255,134,255,152,255,245,3,132,251,225,7,105,249,100,251,149,190,0,234,0,235,0,245,0,101,0,43,0,20,0,14,0,11,
0,14,255,134,255,152,255,245,3,132,251,225,7,214,248,220,251,29,191,0,234,0,235,0,245,0,100,0,43,0,20,0,13,0,12,
0,8,255,170,255,148,255,245,3,132,251,225,7,214,248,211,251,120,192,0,234,0,235,0,244,0,101,0,43,0,20,0,13,0,11,
0,255,254,167,255,145,255,245,3,132,251,225,7,163,249,211,251,120,192,0,235,0,235,0,244,0,100,0,42,0,20,0,13,0,11,
0,230,254,119,255,131,255,245,3,132,251,225,7,35,250,114,251,193,190,0,235,0,235,0,244,0,100,0,43,0,20,0,13,0,11,
0,230,254,119,255,131,255,245,3,132,251,225,7,209,248,146,251,41,190,0,235,0,234,0,244,0,100,0,43,0,20,0,14,0,12,
0,237,254,98,255,128,255,245,3,132,251,225,7,192,248,27,252,123,192,0,235,0,235,0,244,0,99,0,37,0,18,0,14,0,12,
0,11,255,71,255,115,255,245,3,132,251,225,7,192,248,27,252,171,190,0,235,0,234,0,243,0,100,0,39,0,19,0,14,0,12,
0,11,255,71,255,119,255,245,3,132,251,225,7,169,249,92,251,171,190,0,235,0,234,0,243,0,99,0,39,0,18,0,13,0,11,
0,25,255,73,255,119,255,43,4,110,251,39,7,111,249,88,251,231,189,0,235,0,234,0,243,0,99,0,40,0,18,0,13,0,11,
0,2,255,95,255,114,255,43,4,110,251,39,7,63,249,229,251,14,191,0,235,0,233,0,243,0,100,0,41,0,20,0,14,0,12,
0,240,254,123,255,92,255,43,4,110,251,39,7,63,249,5,252,61,191,0,236,0,234,0,243,0,99,0,41,0,19,0,13,0,12,
0,240,254,123,255,92,255,43,4,110,251,39,7,108,248,5,252,61,191,0,236,0,234,0,243,0,99,0,41,0,19,0,13,0,11,
0,17,255,122,255,74,255,43,4,110,251,39,7,248,248,237,251,225,192,0,235,0,233,0,242,0,100,0,42,0,20,0,14,0,12,
0,53,255,135,255,65,255,43,4,110,251,39,7,211,249,193,251,146,190,0,235,0,233,0,243,0,99,0,41,0,19,0,13,0,11,
0,51,255,154,255,84,255,43,4,110,251,39,7,84,248,127,251,22,189,0,235,0,233,0,242,0,99,0,42,0,20,0,13,0,12,
0,51,255,154,255,84,255,43,4,110,251,39,7,84,248,127,251,202,191,0,236,0,233,0,243,0,99,0,41,0,19,0,13,0,11,
0,42,255,138,255,92,255,43,4,110,251,39,7,5,248,6,252,202,191,0,236,0,233,0,242,0,99,0,41,0,19,0,13,0,11,
0,45,255,126,255,96,255,43,4,110,251,39,7,190,248,31,252,95,192,0,235,0,233,0,242,0,99,0,42,0,20,0,13,0,11,
0,78,255,139,255,86,255,43,4,110,251,39,7,218,248,238,251,54,190,0,235,0,233,0,242,0,99,0,41,0,19,0,13,0,11,
0,78,255,139,255,86,255,220,3,162,251,220,6,133,248,171,251,129,190,0,235,0,233,0,242,0,99,0,42,0,20,0,13,0,11,
0,54,255,175,255,75,255,220,3,162,251,220,6,133,248,171,251,129,190,0,235,0,233,0,242,0,99,0,42,0,19,0,13,0,11,
0,33,255,163,255,74,255,220,3,162,251,220,6,108,247,81,252,146,190,0,234,0,233,0,242,0,99,0,42,0,20,0,13,0,12,
0,33,255,163,255,107,255,220,3,162,251,220,6,252,247,143,252,200,192,0,234,0,233,0,242,0,98,0,41,0,19,0,13,0,11,
0,35,255,145,255,107,255,220,3,162,251,220,6,37,249,28,252,89,190,0,233,0,233,0,242,0,99,0,41,0,19,0,13,0,11,
0,59,255,160,255,108,255,220,3,162,251,220,6,37,249,206,251,64,188,0,233,0,233,0,242,0,99,0,42,0,20,0,14,0,12,
0,55,255,184,255,109,255,220,3,162,251,220,6,56,248,206,251,64,188,0,233,0,234,0,242,0,99,0,42,0,19,0,13,0,11,
0,55,255,184,255,109,255,220,3,162,251,220,6,109,247,163,252,87,191,0,233,0,233,0,241,0,99,0,42,0,20,0,14,0,11,
0,48,255,172,255,112,255,220,3,162,251,220,6,10,249,27,252,112,191,0,233,0,234,0,242,0,99,0,46,0,19,0,13,0,11,
0,32,255,168,255,104,255,220,3,162,251,220,6,103,248,63,252,129,189,0,233,0,233,0,242,0,99,0,45,0,20,0,13,0,11,
0,6,255,139,255,61,255,57,4,129,251,245,6,103,248,63,252,129,190,0,233,0,234,0,241,0,99,0,45,0,21,0,13,0,11,
0,6,255,139,255,61,255,57,4,129,251,245,6,86,248,75,252,112,190,0,232,0,234,0,242,0,99,0,44,0,20,0,13,0,11,
0,55,255,149,255,42,255,57,4,129,251,245,6,200,247,194,252,174,190,0,232,0,234,0,241,0,99,0,44,0,20,0,13,0,11,
0,50,255,133,255,59,255,57,4,129,251,245,6,184,248,10,253,242,191,0,232,0,234,0,242,0,98,0,43,0,20,0,14,0,12,
0,42,255,105,255,73,255,57,4,129,251,245,6,184,248,151,252,94,190,0,232,0,234,0,242,0,99,0,43,0,20,0,13,0,11,
0,42,255,105,255,73,255,57,4,129,251,245,6,26,249,151,252,94,190,0,232,0,235,0,241,0,99,0,43,0,20,0,14,0,11,
0,45,255,113,255,64,255,57,4,129,251,245,6,195,248,34,252,232,188,0,232,0,234,0,241,0,99,0,43,0,20,0,14,0,11,
0,68,255,145,255,55,255,57,4,129,251,245,6,68,248,178,252,70,189,0,232,0,234,0,241,0,99,0,43,0,20,0,14,0,11,
0,68,255,145,255,42,255,57,4,129,251,245,6,243,247,75,253,124,190,0,232,0,235,0,242,0,98,0,41,0,19,0,13,0,11,
0,78,255,158,255,42,255,57,4,129,251,245,6,243,247,75,253,81,191,0,233,0,235,0,242,0,99,0,41,0,19,0,13,0,11,
0,84,255,189,255,43,255,37,4,141,251,252,5,255,248,221,252,81,191,0,232,0,234,0,242,0,99,0,42,0,20,0,13,0,11,
0,82,255,161,255,29,255,37,4,141,251,252,5,120,249,235,252,151,190,0,233,0,235,0,242,0,98,0,41,0,19,0,13,0,11,
0,82,255,161,255,29,255,37,4,141,251,252,5,48,249,248,252,45,188,0,233,0,235,0,242,0,99,0,42,0,20,0,13,0,11,
0,43,255,162,255,6,255,37,4,141,251,252,5,48,248,65,253,8,189,0,233,0,235,0,243,0,98,0,42,0,19,0,13,0,11,
0,72,255,124,255,27,255,37,4,141,251,252,5,55,248,65,253,8,189,0,233,0,234,0,242,0,99,0,42,0,20,0,14,0,12,
0,121,255,120,255,20,255,37,4,141,251,252,5,113,248,95,253,99,191,0,233,0,234,0,243,0,99,0,42,0,20,0,14,0,12,
0,121,255,120,255,20,255,37,4,141,251,252,5,147,249,99,253,227,190,0,234,0,235,0,243,0,99,0,42,0,20,0,14,0,12,
0,127,255,134,255,34,255,37,4,141,251,252,5,206,249,13,253,204,188,0,235,0,234,0,243,0,99,0,42,0,20,0,13,0,11,
0,110,255,123,255,44,255,37,4,141,251,252,5,206,249,13,253,160,189,0,235,0,235,0,244,0,99,0,42,0,19,0,13,0,11,
0,101,255,111,255,53,255,37,4,141,251,252,5,19,249,75,253,160,189,0,236,0,234,0,244,0,99,0,42,0,19,0,13,0,11,
0,101,255,111,255,53,255,32,4,141,251,71,7,165,248,139,253,50,189,0,236,0,234,0,244,0,99,0,42,0,20,0,14,0,12,
0,122,255,78,255,60,255,32,4,141,251,71,7,228,248,25,253,4,190,0,237,0,234,0,245,0,99,0,42,0,19,0,13,0,11,
0,128,255,93,255,34,255,32,4,141,251,71,7,54,249,105,253,227,189,0,237,0,234,0,245,0,100,0,42,0,20,0,14,0,11,
0,128,255,93,255,25,255,32,4,141,251,71,7,54,249,105,253,227,189,0,238,0,234,0,246,0,100,0,42,0,19,0,13,0,11,
0,123,255,109,255,25,255,32,4,141,251,71,7,163,248,212,253,241,189,0,239,0,234,0,246,0,100,0,42,0,19,0,13,0,11,
0,127,255,80,255,54,255,32,4,141,251,71,7,19,249,84,253,18,190,0,239,0,233,0,246,0,100,0,43,0,20,0,13,0,11,
0,128,255,95,255,73,255,32,4,141,251,71,7,114,249,63,253,230,188,0,240,0,234,0,247,0,100,0,42,0,19,0,13,0,11,
0,128,255,95,255,73,255,32,4,141,251,71,7,114,249,107,253,217,188,0,240,0,233,0,246,0,101,0,43,0,20,0,14,0,11,
0,95,255,87,255,71,255,32,4,141,251,71,7,197,248,107,253,217,188,0,241,0,234,0,247,0,100,0,42,0,19,0,13,0,11,
0,90,255,83,255,56,255,32,4,141,251,71,7,203,248,180,253,160,190,0,241,0,233,0,247,0,100,0,42,0,19,0,13,0,11,
0,114,255,63,255,73,255,32,4,141,251,71,7,147,249,128,253,87,190,0,242,0,233,0,247,0,101,0,43,0,20,0,14,0,11,
0,114,255,63,255,73,255,59,4,146,251,49,6,84,249,17,253,80,188,0,243,0,233,0,247,0,101,0,43,0,20,0,13,0,11,
0,105,255,57,255,63,255,59,4,146,251,49,6,84,249,17,253,163,189,0,243,0,233,0,248,0,102,0,43,0,20,0,14,0,11,
0,82,255,74,255,72,255,59,4,146,251,49,6,109,248,188,253,163,189,0,244,0,233,0,248,0,101,0,42,0,19,0,13,0,11,
0,114,255,70,255,84,255,59,4,146,251,49,6,193,248,216,253,17,191,0,244,0,233,0,248,0,101,0,43,0,20,0,13,0,11,
0,114,255,70,255,84,255,59,4,146,251,49,6,229,249,100,253,238,188,0,244,0,233,0,248,0,102,0,43,0,20,0,14,0,11,
0,154,255,72,255,80,255,59,4,146,251,49,6,229,249,104,253,250,188,0,245,0,233,0,248,0,102,0,43,0,20,0,14,0,12,
0,150,255,78,255,83,255,59,4,146,251,49,6,186,248,104,253,250,188,0,245,0,233,0,249,0,102,0,44,0,20,0,14,0,12,
0,150,255,78,255,87,255,59,4,146,251,49,6,138,248,169,253,118,190,0,246,0,234,0,250,0,102,0,43,0,20,0,13,0,11,
0,133,255,71,255,87,255,59,4,146,251,49,6,191,249,124,253,202,189,0,247,0,233,0,249,0,102,0,44,0,20,0,14,0,12,
0,137,255,71,255,105,255,59,4,146,251,49,6,23,249,34,253,197,188,0,247,0,234,0,250,0,102,0,44,0,20,0,14,0,12,
0,154,255,73,255,106,255,223,3,164,251,61,6,23,249,34,253,13,190,0,247,0,234,0,250,0,102,0,43,0,20,0,14,0,12,
0,154,255,73,255,106,255,223,3,164,251,61,6,47,249,242,252,13,190,0,248,0,234,0,251,0,103,0,44,0,20,0,14,0,11,
0,152,255,62,255,121,255,223,3,164,251,61,6,63,249,47,253,208,190,0,249,0,234,0,251,0,102,0,43,0,20,0,13,0,11,
0,134,255,77,255,139,255,223,3,164,251,61,6,189,248,21,253,11,190,0,250,0,235,0,252,0,103,0,43,0,19,0,13,0,11,
0,153,255,95,255,133,255,223,3,164,251,61,6,34,249,169,252,203,189,0,251,0,234,0,252,0,104,0,44,0,20,0,14,0,12,
0,153,255,95,255,133,255,223,3,164,251,61,6,34,249,169,252,203,189,0,252,0,234,0,253,0,104,0,44,0,20,0,14,0,11,
0,169,255,96,255,139,255,223,3,164,251,61,6,94,249,118,252,56,189,0,253,0,234,0,253,0,104,0,44,0,21,0,14,0,11,
0,136,255,88,255,116,255,223,3,164,251,61,6,125,248,209,252,55,189,0,254,0,235,0,254,0,104,0,43,0,19,0,13,0,11,
0,149,255,88,255,117,255,223,3,164,251,61,6,58,248,22,253,153,190,0,255,0,235,0,255,0,104,0,43,0,20,0,13,0,11,
0,149,255,106,255,117,255,223,3,164,251,61,6,58,248,22,252,146,191,1,0,0,235,0,255,0,104,0,44,0,21,0,14,0,11,
0,153,255,101,255,142,255,20,4,134,251,117,7,100,249,146,252,146,191,1,1,0,235,1,0,0,104,0,44,0,19,0,13,0,11,
0,138,255,65,255,153,255,20,4,134,251,117,7,97,249,153,252,104,190,1,1,0,235,1,0,0,105,0,44,0,19,0,13,0,11,
0,138,255,65,255,160,255,20,4,134,251,117,7,103,249,224,251,50,187,1,3,0,235,1,1,0,105,0,44,0,19,0,13,0,11,
0,103,255,91,255,160,255,20,4,134,251,117,7,58,248,74,252,53,189,1,2,0,235,1,1,0,105,0,45,0,20,0,14,0,11,
0,91,255,97,255,146,255,20,4,134,251,117,7,58,248,74,252,53,189,1,3,0,236,1,2,0,106,0,45,0,20,0,13,0,11,
0,74,255,88,255,130,255,20,4,134,251,117,7,110,248,221,252,97,192,1,4,0,236,1,2,0,106,0,45,0,20,0,13,0,11,
0,74,255,88,255,130,255,20,4,134,251,117,7,199,249,131,252,77,192,1,4,0,236,1,3,0,107,0,45,0,20,0,14,0,11,
0,124,255,108,255,148,255,20,4,134,251,117,7,183,249,155,251,250,187,1,4,0,236,1,3,0,106,0,45,0,19,0,13,0,11,
0,144,255,117,255,169,255,20,4,134,251,117,7,183,249,98,252,169,189,1,4,0,237,1,3,0,106,0,45,0,19,0,13,0,11,
0,136,255,131,255,165,255,20,4,134,251,117,7,107,248,98,252,169,189,1,4,0,237,1,3,0,107,0,46,0,20,0,14,0,11,
0,136,255,131,255,165,255,35,4,150,251,0,7,4,249,129,252,197,192,1,4,0,238,1,3,0,107,0,45,0,20,0,14,0,12,
0,129,255,124,255,140,255,35,4,150,251,0,7,111,249,11,252,142,191,1,4,0,238,1,4,0,107,0,45,0,20,0,14,0,12,
0,130,255,156,255,108,255,35,4,150,251,0,7,248,249,212,251,164,190,1,4,0,238,1,3,0,108,0,46,0,20,0,14,0,12,
0,127,255,156,255,140,255,35,4,150,251,0,7,248,249,212,251,84,189,1,4,0,238,1,3,0,107,0,45,0,20,0,13,0,11,
0,127,255,154,255,140,255,35,4,150,251,0,7,156,249,231,251,84,189,1,4,0,239,1,3,0,107,0,40,0,19,0,14,0,12,
0,142,255,125,255,167,255,35,4,150,251,0,7,72,248,88,252,141,190,1,4,0,239,1,3,0,107,0,41,0,19,0,14,0,12,
0,150,255,162,255,164,255,35,4,150,251,0,7,113,250,111,252,161,193,1,4,0,239,1,3,0,107,0,42,0,19,0,13,0,11,
0,150,255,162,255,172,255,35,4,150,251,0,7,113,250,88,251,142,188,1,3,0,239,1,2,0,107,0,43,0,19,0,13,0,11,
0,122,255,186,255,172,255,35,4,150,251,0,7,107,250,88,251,142,188,1,3,0,239,1,2,0,107,0,43,0,19,0,13,0,11,
0,128,255,211,255,164,255,35,4,150,251,0,7,148,248,251,251,30,190,1,3,0,239,1,1,0,107,0,44,0,20,0,13,0,11,
0,170,255,191,255,141,255,35,4,150,251,0,7,219,248,113,252,204,193,1,3,0,240,1,2,0,107,0,44,0,19,0,13,0,11,
0,170,255,191,255,141,255,24,4,115,251,94,7,221,249,205,251,143,192,1,2,0,240,1,1,0,107,0,46,0,20,0,14,0,11,
0,137,255,225,255,175,255,24,4,115,251,94,7,221,249,205,251,140,188,1,3,0,241,1,1,0,106,0,45,0,19,0,13,0,11,
0,111,255,8,0,207,255,24,4,115,251,94,7,55,249,65,251,140,188,1,3,0,241,1,1,0,106,0,45,0,19,0,13,0,11,
0,156,255,14,0,208,255,24,4,115,251,94,7,54,248,180,251,157,190,1,1,0,241,1,0,0,107,0,46,0,20,0,14,0,12,
0,156,255,14,0,208,255,24,4,115,251,94,7,90,248,16,252,13,192,1,1,0,241,1,0,0,106,0,45,0,20,0,13,0,12,
0,166,255,236,255,202,255,24,4,115,251,94,7,117,249,21,252,39,192,1,1,0,242,1,0,0,106,0,45,0,20,0,13,0,11,
0,185,255,249,255,169,255,24,4,115,251,94,7,117,249,21,252,39,192,1,0,0,241,0,255,0,107,0,46,0,23,0,14,0,12,
0,185,255,249,255,167,255,24,4,115,251,94,7,10,250,143,251,81,190,1,0,0,242,0,255,0,106,0,45,0,21,0,14,0,11,
0,166,255,255,255,167,255,24,4,115,251,94,7,39,249,118,251,1,189,1,0,0,242,0,255,0,106,0,46,0,22,0,14,0,12,
0,111,255,14,0,186,255,24,4,115,251,94,7,227,247,95,252,153,191,0,255,0,243,0,255,0,105,0,45,0,22,0,14,0,12,
0,71,255,250,255,174,255,12,4,116,251,137,6,227,247,235,251,175,192,0,255,0,243,0,255,0,105,0,45,0,20,0,13,0,11,
0,71,255,250,255,142,255,12,4,116,251,137,6,165,249,235,251,175,192,0,254,0,243,0,255,0,106,0,46,0,22,0,14,0,12,
0,61,255,7,0,142,255,12,4,116,251,137,6,37,250,23,251,114,188,0,254,0,243,0,255,0,105,0,45,0,20,0,13,0,11,
0,63,255,14,0,131,255,12,4,116,251,137,6,100,248,60,252,136,190,0,253,0,243,0,255,0,106,0,45,0,21,0,14,0,12,
0,59,255,4,0,157,255,12,4,116,251,137,6,236,248,103,252,214,191,0,253,0,244,0,255,0,105,0,45,0,21,0,14,0,12,
0,59,255,4,0,157,255,12,4,116,251,137,6,236,248,103,252,214,192,0,253,0,244,0,255,0,105,0,49,0,21,0,14,0,11,
0,52,255,247,255,174,255,12,4,116,251,137,6,43,250,133,252,95,192,0,252,0,244,0,255,0,105,0,49,0,22,0,13,0,11,
0,43,255,11,0,180,255,12,4,116,251,137,6,144,250,139,251,195,188,0,251,0,244,0,255,0,105,0,47,0,21,0,13,0,11,
0,36,255,39,0,169,255,12,4,116,251,137,6,85,248,58,252,82,189,0,251,0,243,0,254,0,105,0,47,0,22,0,14,0,11,
0,36,255,39,0,169,255,12,4,116,251,137,6,85,248,206,252,56,193,0,251,0,244,0,254,0,105,0,46,0,22,0,14,0,11,
0,38,255,9,0,178,255,243,3,170,251,152,6,123,249,206,252,56,193,0,250,0,244,0,254,0,105,0,46,0,22,0,14,0,11,
0,29,255,255,255,156,255,243,3,170,251,152,6,109,250,85,252,193,191,0,250,0,244,0,254,0,105,0,45,0,21,0,14,0,12,
0,29,255,255,255,198,255,243,3,170,251,152,6,234,249,16,252,17,188,0,249,0,244,0,253,0,104,0,45,0,20,0,13,0,11,
0,4,255,28,0,198,255,243,3,170,251,152,6,189,248,140,252,88,189,0,248,0,244,0,253,0,105,0,46,0,21,0,14,0,12,
0,56,255,36,0,201,255,243,3,170,251,152,6,189,248,140,252,87,192,0,248,0,244,0,253,0,104,0,45,0,21,0,14,0,12,
0,42,255,14,0,157,255,243,3,170,251,152,6,238,248,5,253,87,192,0,247,0,244,0,252,0,105,0,45,0,21,0,14,0,12,
0,42,255,14,0,143,255,243,3,170,251,152,6,243,250,119,252,175,190,0,247,0,244,0,252,0,104,0,44,0,21,0,14,0,12,
0,60,255,19,0,143,255,243,3,170,251,152,6,149,249,50,252,23,187,0,246,0,244,0,252,0,104,0,45,0,20,0,13,0,11,
0,31,255,14,0,166,255,243,3,170,251,152,6,118,248,11,253,191,189,0,246,0,244,0,251,0,104,0,45,0,21,0,14,0,12,
0,42,255,254,255,174,255,243,3,170,251,152,6,118,248,11,253,191,189,0,246,0,244,0,251,0,104,0,44,0,21,0,14,0,12,
0,42,255,254,255,174,255,247,3,190,251,190,7,10,250,17,253,110,192,0,245,0,244,0,251,0,104,0,44,0,20,0,13,0,11,
0,73,255,237,255,187,255,247,3,190,251,190,7,64,250,165,252,177,188,0,244,0,244,0,251,0,104,0,45,0,21,0,14,0,12,
0,251,254,18,0,183,255,247,3,190,251,190,7,61,249,210,252,82,189,0,244,0,244,0,251,0,104,0,44,0,20,0,13,0,11,
0,3,255,48,0,190,255,247,3,190,251,190,7,61,249,210,253,205,190,0,243,0,243,0,251,0,104,0,45,0,21,0,14,0,12,
0,3,255,48,0,190,255,247,3,190,251,190,7,137,249,63,253,205,190,0,243,0,244,0,252,0,104,0,44,0,20,0,14,0,12,
0,48,255,48,0,201,255,247,3,190,251,190,7,111,250,198,252,121,189,0,242,0,244,0,251,0,104,0,44,0,21,0,14,0,11,
0,67,255,21,0,192,255,247,3,190,251,190,7,181,249,4,253,177,188,0,242,0,244,0,252,0,104,0,44,0,20,0,13,0,11,
0,67,255,21,0,189,255,247,3,190,251,190,7,202,249,83,253,243,188,0,241,0,244,0,252,0,104,0,45,0,21,0,14,0,11,
0,39,255,22,0,189,255,247,3,190,251,190,7,202,249,83,253,243,188,0,240,0,244,0,252,0,104,0,44,0,20,0,14,0,11,
0,28,255,33,0,233,255,247,3,190,251,190,7,114,249,114,253,237,189,0,240,0,244,0,252,0,104,0,44,0,20,0,14,0,11,
0,35,255,32,0,244,255,247,3,173,251,162,5,239,249,101,253,178,190,0,239,0,244,0,253,0,104,0,44,0,21,0,14,0,11,
0,35,255,32,0,255,255,199,3,173,251,162,5,148,250,100,253,201,190,0,239,0,244,0,254,0,104,0,44,0,20,0,14,0,11,
0,35,255,47,0,255,255,199,3,173,251,162,5,148,250,194,252,98,188,0,239,0,244,0,254,0,104,0,44,0,20,0,13,0,11,
0,40,255,68,0,239,255,199,3,173,251,162,5,157,250,194,252,98,188,0,238,0,244,0,254,0,104,0,44,0,21,0,14,0,12,
0,13,255,26,0,235,255,199,3,173,251,162,5,156,249,233,252,185,187,0,238,0,244,0,255,0,104,0,44,0,21,0,14,0,12,
0,13,255,26,0,235,255,199,3,173,251,162,5,159,249,142,253,225,189,0,237,0,244,0,255,0,105,0,45,0,21,0,14,0,12,
0,17,255,18,0,238,255,199,3,173,251,162,5,142,250,97,253,87,191,0,237,0,244,0,255,0,104,0,44,0,20,0,14,0,12,
0,26,255,32,0,255,255,199,3,173,251,162,5,142,250,97,253,120,189,0,237,0,244,1,0,0,105,0,44,0,18,0,13,0,11,
0,53,255,15,0,254,255,199,3,173,251,162,5,212,250,194,252,120,189,0,236,0,244,1,0,0,106,0,45,0,20,0,14,0,12,
0,53,255,15,0,254,255,199,3,173,251,162,5,140,250,70,253,162,188,0,236,0,243,1,0,0,105,0,44,0,19,0,13,0,12,
0,4,255,28,0,2,0,199,3,173,251,162,5,16,250,231,252,125,189,0,235,0,243,1,0,0,106,0,45,0,20,0,14,0,11,
0,252,254,19,0,7,0,255,3,167,251,127,6,16,250,21,253,54,191,0,235,0,243,1,1,0,105,0,45,0,20,0,13,0,11,
0,252,254,19,0,22,0,255,3,167,251,127,6,168,250,21,253,54,191,0,235,0,243,1,1,0,106,0,45,0,19,0,13,0,11,
0,226,254,23,0,22,0,255,3,167,251,127,6,91,250,165,252,80,188,0,234,0,243,1,1,0,106,0,45,0,20,0,14,0,12,
0,239,254,52,0,60,0,255,3,167,251,127,6,196,249,62,253,240,189,0,234,0,243,1,1,0,106,0,45,0,20,0,13,0,11,
0,22,255,48,0,58,0,255,3,167,251,127,6,161,250,2,253,150,191,0,234,0,243,1,1,0,106,0,45,0,20,0,13,0,11,
0,22,255,48,0,58,0,255,3,167,251,127,6,161,250,2,253,215,189,0,233,0,242,1,1,0,107,0,46,0,20,0,14,0,11,
0,40,255,39,0,86,0,255,3,167,251,127,6,220,250,117,252,215,189,0,234,0,242,1,1,0,106,0,45,0,19,0,13,0,11,
0,27,255,32,0,103,0,255,3,167,251,127,6,3,250,179,252,242,188,0,233,0,242,1,1,0,107,0,45,0,20,0,14,0,11,
0,226,254,41,0,89,0,255,3,167,251,127,6,213,249,243,252,66,191,0,234,0,242,1,1,0,106,0,45,0,20,0,13,0,11,
0,226,254,41,0,89,0,255,3,167,251,127,6,56,251,81,252,164,191,0,234,0,242,1,1,0,106,0,45,0,19,0,13,0,11,
0,247,254,77,0,102,0,14,4,119,251,100,7,56,251,81,252,164,191,0,234,0,241,1,1,0,107,0,46,0,20,0,14,0,11,
0,14,255,68,0,119,0,14,4,119,251,100,7,149,250,146,252,238,190,0,234,0,241,1,1,0,106,0,45,0,20,0,13,0,11,
0,35,255,34,0,139,0,14,4,119,251,100,7,225,249,113,252,170,188,0,234,0,241,1,0,0,107,0,46,0,20,0,14,0,12,
0,35,255,34,0,139,0,14,4,119,251,100,7,203,249,232,252,169,191,0,234,0,241,1,1,0,106,0,45,0,20,0,14,0,12,
0,34,255,33,0,112,0,14,4,119,251,100,7,203,249,96,252,61,190,0,234,0,240,1,0,0,107,0,46,0,21,0,14,0,12,
0,252,254,17,0,89,0,14,4,119,251,100,7,137,250,96,252,61,190,0,235,0,241,1,1,0,106,0,45,0,20,0,13,0,11,
0,252,254,17,0,80,0,14,4,119,251,100,7,157,249,215,252,46,190,0,234,0,240,1,0,0,107,0,46,0,21,0,14,0,12,
0,237,254,254,255,80,0,14,4,119,251,100,7,18,250,187,252,101,190,0,234,0,240,1,0,0,107,0,46,0,20,0,14,0,12,
0,3,255,24,0,72,0,14,4,119,251,100,7,169,249,255,252,106,190,0,234,0,240,1,0,0,106,0,45,0,20,0,13,0,12,
0,19,255,37,0,87,0,14,4,119,251,100,7,169,249,255,252,106,191,0,234,0,240,1,0,0,106,0,45,0,20,0,13,0,11,
0,19,255,37,0,87,0,21,4,144,251,22,7,44,250,155,252,119,191,0,234,0,239,1,0,0,107,0,46,0,20,0,14,0,12,
0,25,255,2,0,84,0,21,4,144,251,22,7,209,250,128,252,142,191,0,234,0,239,1,0,0,106,0,45,0,20,0,13,0,11,
0,11,255,254,255,83,0,21,4,144,251,22,7,63,250,84,252,6,189,0,234,0,239,0,255,0,106,0,46,0,22,0,14,0,11,
0,36,255,6,0,110,0,21,4,144,251,22,7,63,250,168,252,70,190,0,234,0,239,1,0,0,106,0,46,0,20,0,14,0,12,
0,36,255,6,0,110,0,21,4,144,251,22,7,89,249,168,252,70,190,0,234,0,239,1,0,0,106,0,45,0,20,0,13,0,11,
0,48,255,33,0,135,0,21,4,144,251,22,7,130,249,233,252,134,192,0,233,0,239,0,255,0,106,0,45,0,22,0,14,0,11,
0,23,255,22,0,121,0,21,4,144,251,22,7,139,250,90,252,195,191,0,233,0,239,0,255,0,105,0,45,0,21,0,13,0,11,
0,255,254,4,0,99,0,21,4,144,251,22,7,139,250,24,252,157,189,0,233,0,239,0,255,0,106,0,45,0,21,0,14,0,11,
0,255,254,4,0,99,0,21,4,144,251,22,7,139,250,24,252,31,190,0,233,0,239,0,255,0,105,0,45,0,21,0,14,0,11,
0,15,255,12,0,98,0,21,4,144,251,22,7,133,249,152,252,31,190,0,233,0,238,0,255,0,106,0,45,0,21,0,13,0,11,
0,28,255,28,0,116,0,221,3,188,251,254,6,125,249,24,253,93,192,0,234,0,239,0,255,0,105,0,44,0,21,0,14,0,12,
0,28,255,28,0,105,0,221,3,188,251,254,6,225,250,219,252,62,193,0,233,0,239,0,255,0,105,0,39,0,19,0,14,0,12,
0,38,255,49,0,105,0,221,3,188,251,254,6,225,250,29,252,173,189,0,233,0,238,0,254,0,105,0,41,0,20,0,14,0,12,
0,71,255,56,0,105,0,221,3,188,251,254,6,183,250,29,252,173,189,0,234,0,239,0,254,0,105,0,41,0,19,0,14,0,12,
0,50,255,56,0,118,0,221,3,188,251,254,6,250,249,181,252,58,189,0,233,0,238,0,254,0,105,0,43,0,20,0,14,0,12,
0,50,255,56,0,118,0,221,3,188,251,254,6,103,249,67,253,70,191,0,234,0,239,0,254,0,104,0,43,0,20,0,13,0,11,
0,41,255,49,0,142,0,221,3,188,251,254,6,15,250,255,252,15,193,0,233,0,238,0,253,0,105,0,44,0,20,0,14,0,12,
0,47,255,55,0,140,0,221,3,188,251,254,6,15,250,255,252,74,191,0,234,0,238,0,253,0,105,0,44,0,20,0,14,0,12,
0,57,255,92,0,102,0,221,3,188,251,254,6,8,251,137,252,74,191,0,234,0,238,0,252,0,105,0,44,0,20,0,14,0,12,
0,57,255,92,0,102,0,221,3,188,251,254,6,167,250,112,252,180,188,0,234,0,238,0,252,0,104,0,44,0,20,0,14,0,11,
0,17,255,95,0,110,0,221,3,188,251,254,6,21,249,4,253,89,190,0,235,0,239,0,252,0,104,0,44,0,20,0,13,0,11,
0,27,255,69,0,97,0,25,4,122,251,177,6,251,249,75,253,186,192,0,235,0,239,0,252,0,104,0,44,0,20,0,13,0,11,
0,4,255,56,0,60,0,25,4,122,251,177,6,251,249,75,253,186,192,0,234,0,238,0,251,0,104,0,44,0,21,0,14,0,12,
0,4,255,56,0,60,0,25,4,122,251,177,6,182,250,241,252,205,191,0,235,0,239,0,252,0,104,0,44,0,20,0,14,0,11,
0,226,254,84,0,78,0,25,4,122,251,177,6,234,250,65,252,181,188,0,235,0,238,0,251,0,104,0,44,0,20,0,14,0,11,
0,229,254,103,0,66,0,25,4,122,251,177,6,80,249,85,253,83,189,0,235,0,239,0,251,0,104,0,44,0,20,0,13,0,11,
0,229,254,103,0,74,0,25,4,122,251,177,6,80,249,39,253,69,193,0,236,0,239,0,252,0,104,0,43,0,20,0,13,0,11,
0,253,254,113,0,74,0,25,4,122,251,177,6,27,250,39,253,69,193,0,236,0,239,0,251,0,104,0,44,0,21,0,14,0,12,
0,31,255,140,0,75,0,25,4,122,251,177,6,30,251,216,252,203,190,0,236,0,239,0,252,0,103,0,43,0,20,0,13,0,12,
0,55,255,142,0,83,0,25,4,122,251,177,6,182,250,146,252,221,188,0,236,0,239,0,251,0,104,0,45,0,20,0,13,0,11,
0,55,255,142,0,83,0,25,4,122,251,177,6,237,249,219,252,253,188,0,237,0,239,0,252,0,104,0,44,0,20,0,13,0,11,
0,25,255,152,0,94,0,240,3,124,251,0,7,237,249,219,252,21,192,0,237,0,239,0,251,0,104,0,44,0,21,0,14,0,12,
0,253,254,119,0,98,0,240,3,124,251,0,7,144,250,63,253,21,192,0,237,0,239,0,252,0,104,0,44,0,21,0,14,0,12,
0,4,255,101,0,110,0,240,3,124,251,0,7,60,251,81,253,242,191,0,238,0,240,0,252,0,104,0,49,0,21,0,14,0,12,
0,4,255,101,0,110,0,240,3,124,251,0,7,34,251,157,252,97,189,0,238,0,241,0,252,0,104,0,48,0,21,0,13,0,11,
0,15,255,107,0,122,0,240,3,124,251,0,7,34,251,176,252,200,188,0,239,0,241,0,253,0,104,0,47,0,21,0,13,0,11,
0,56,255,107,0,107,0,240,3,124,251,0,7,53,250,176,252,200,188,0,239,0,241,0,254,0,104,0,46,0,21,0,13,0,11,
0,57,255,107,0,96,0,240,3,124,251,0,7,52,250,40,253,152,191,0,239,0,241,0,253,0,104,0,46,0,22,0,14,0,12,
0,57,255,86,0,96,0,240,3,124,251,0,7,64,251,251,252,253,190,0,239,0,241,0,254,0,104,0,46,0,22,0,14,0,12,
0,64,255,107,0,73,0,240,3,124,251,0,7,234,251,99,252,148,188,0,239,0,241,0,254,0,104,0,45,0,21,0,14,0,11,
0,63,255,145,0,74,0,240,3,124,251,0,7,234,251,99,252,16,188,0,240,0,242,0,255,0,104,0,45,0,21,0,14,0,12,
0,63,255,145,0,59,0,248,3,151,251,193,6,217,250,213,252,16,188,0,240,0,242,0,255,0,104,0,45,0,20,0,13,0,11,
0,53,255,161,0,59,0,248,3,151,251,193,6,48,251,78,253,9,192,0,240,0,242,0,255,0,105,0,45,0,21,0,14,0,12,
0,58,255,178,0,58,0,248,3,151,251,193,6,146,252,187,252,47,191,0,241,0,242,0,255,0,105,0,45,0,21,0,14,0,11,
0,49,255,174,0,48,0,248,3,151,251,193,6,102,252,40,252,7,188,0,241,0,243,1,0,0,105,0,45,0,19,0,13,0,11,
0,49,255,174,0,48,0,248,3,151,251,193,6,102,252,40,252,7,188,0,242,0,243,1,0,0,105,0,45,0,19,0,13,0,11,
0,52,255,166,0,48,0,248,3,151,251,193,6,77,250,218,252,16,189,0,242,0,244,1,1,0,105,0,44,0,19,0,13,0,11,
0,42,255,135,0,70,0,248,3,151,251,193,6,2,252,191,252,9,193,0,242,0,244,1,1,0,106,0,45,0,20,0,13,0,11,
0,47,255,102,0,92,0,248,3,151,251,193,6,241,252,32,252,229,188,0,243,0,244,1,1,0,106,0,45,0,20,0,13,0,11,
0,47,255,102,0,92,0,248,3,151,251,193,6,241,252,32,252,221,188,0,243,0,244,1,1,0,106,0,45,0,20,0,13,0,11,
0,72,255,93,0,81,0,248,3,151,251,193,6,29,251,165,252,221,188,0,244,0,245,1,2,0,105,0,45,0,19,0,13,0,11,
0,81,255,114,0,85,0,206,3,146,251,230,6,112,251,249,252,250,191,0,243,0,245,1,2,0,107,0,46,0,20,0,14,0,11,
0,90,255,114,0,92,0,206,3,146,251,230,6,205,252,109,252,171,192,0,244,0,245,1,2,0,107,0,46,0,20,0,14,0,12,
0,90,255,109,0,92,0,206,3,146,251,230,6,210,252,161,251,110,188,0,244,0,245,1,3,0,107,0,46,0,20,0,14,0,12,
0,85,255,116,0,109,0,206,3,146,251,230,6,210,252,161,251,110,188,0,244,0,245,1,3,0,107,0,46,0,20,0,14,0,12,
0,82,255,110,0,89,0,206,3,146,251,230,6,230,251,50,252,38,189,0,245,0,246,1,4,0,107,0,45,0,20,0,14,0,12,
0,82,255,110,0,81,0,206,3,146,251,230,6,36,251,133,252,77,192,0,246,0,247,1,4,0,107,0,45,0,20,0,13,0,11,
0,109,255,87,0,81,0,206,3,146,251,230,6,215,252,241,251,31,192,0,246,0,247,1,4,0,107,0,46,0,20,0,14,0,12,
0,88,255,97,0,94,0,206,3,146,251,230,6,215,252,123,251,204,188,0,246,0,247,1,4,0,107,0,46,0,20,0,14,0,12,
0,86,255,107,0,80,0,206,3,146,251,230,6,73,252,123,251,204,188,0,246,0,247,1,4,0,108,0,46,0,20,0,13,0,11,
0,86,255,107,0,80,0,206,3,146,251,230,6,207,251,0,252,13,190,0,247,0,247,1,5,0,107,0,46,0,20,0,13,0,11,
0,80,255,91,0,48,0,206,3,146,251,230,6,135,251,0,252,190,190,0,246,0,247,1,4,0,108,0,46,0,21,0,14,0,12,
0,66,255,66,0,72,0,16,4,136,251,238,6,217,251,0,252,111,192,0,247,0,247,1,4,0,108,0,46,0,20,0,14,0,12,
0,54,255,52,0,87,0,16,4,136,251,238,6,217,251,0,252,117,191,0,247,0,247,1,5,0,108,0,46,0,20,0,14,0,11,
0,54,255,52,0,87,0,16,4,136,251,238,6,65,253,176,251,117,191,0,247,0,248,1,5,0,107,0,46,0,19,0,13,0,11,
0,43,255,47,0,67,0,16,4,136,251,238,6,153,252,69,251,108,188,0,247,0,247,1,4,0,108,0,46,0,21,0,14,0,11,
0,85,255,1,0,90,0,16,4,136,251,238,6,63,251,104,251,127,189,0,248,0,247,1,5,0,108,0,46,0,20,0,13,0,11,
0,69,255,1,0,89,0,16,4,136,251,238,6,63,251,8,252,27,193,0,247,0,247,1,4,0,108,0,46,0,20,0,14,0,12,
0,69,255,219,255,89,0,16,4,136,251,238,6,171,251,8,252,27,193,0,248,0,247,1,5,0,108,0,46,0,20,0,14,0,11,
0,56,255,227,255,84,0,16,4,136,251,238,6,195,252,132,251,212,191,0,247,0,247,1,4,0,108,0,46,0,20,0,13,0,11,
0,37,255,237,255,105,0,16,4,136,251,238,6,129,252,246,250,225,188,0,248,0,248,1,4,0,107,0,45,0,20,0,13,0,11,
0,37,255,237,255,87,0,16,4,136,251,238,6,239,250,149,251,161,189,0,248,0,248,1,4,0,108,0,46,0,20,0,13,0,11,
0,36,255,238,255,87,0,231,3,116,251,15,7,239,250,149,251,60,193,0,248,0,247,1,3,0,108,0,47,0,21,0,14,0,12,
0,17,255,238,255,70,0,231,3,116,251,15,7,98,251,4,252,60,193,0,248,0,247,1,2,0,108,0,47,0,20,0,14,0,12,
0,9,255,229,255,61,0,231,3,116,251,15,7,139,252,132,251,92,192,0,248,0,247,1,2,0,108,0,47,0,21,0,14,0,12,
0,9,255,229,255,61,0,231,3,116,251,15,7,207,251,27,251,72,189,0,249,0,247,1,2,0,107,0,46,0,20,0,13,0,12,
0,36,255,193,255,67,0,231,3,116,251,15,7,115,250,161,251,70,190,0,249,0,247,1,1,0,107,0,46,0,20,0,13,0,11,
0,28,255,175,255,76,0,231,3,116,251,15,7,115,250,161,251,70,190,0,248,0,246,1,0,0,107,0,47,0,21,0,14,0,12,
0,29,255,190,255,84,0,231,3,116,251,15,7,174,250,213,251,231,192,0,248,0,246,0,255,0,107,0,46,0,23,0,14,0,12,
0,29,255,190,255,84,0,231,3,116,251,15,7,79,251,168,251,143,193,0,249,0,245,0,255,0,107,0,46,0,22,0,14,0,12,
0,34,255,230,255,64,0,231,3,116,251,15,7,38,251,19,251,107,189,0,249,0,246,0,254,0,106,0,45,0,21,0,14,0,12,
0,29,255,19,0,99,0,231,3,116,251,15,7,38,251,106,251,141,190,0,249,0,245,0,254,0,105,0,45,0,21,0,14,0,11,
0,29,255,19,0,116,0,7,4,115,251,243,5,91,250,106,251,141,190,0,249,0,244,0,253,0,105,0,46,0,22,0,14,0,12,
0,43,255,244,255,116,0,7,4,115,251,243,5,29,250,215,251,129,192,0,249,0,244,0,252,0,105,0,46,0,21,0,14,0,11,
0,249,254,231,255,91,0,7,4,115,251,243,5,221,250,157,251,5,192,0,249,0,244,0,251,0,105,0,45,0,21,0,14,0,11,
0,233,254,240,255,65,0,7,4,115,251,243,5,148,250,147,251,28,191,0,250,0,244,0,251,0,104,0,44,0,20,0,13,0,11,
0,233,254,240,255,51,0,7,4,115,251,243,5,148,250,147,251,28,190,0,250,0,243,0,251,0,104,0,44,0,20,0,13,0,11,
0,10,255,253,255,51,0,7,4,115,251,243,5,116,250,173,251,134,190,0,249,0,243,0,249,0,104,0,45,0,21,0,14,0,12,
0,16,255,254,255,47,0,7,4,115,251,243,5,21,250,235,251,162,190,0,250,0,242,0,249,0,104,0,44,0,20,0,14,0,11,
0,15,255,228,255,39,0,7,4,115,251,243,5,205,249,59,252,154,191,0,249,0,242,0,248,0,104,0,45,0,21,0,14,0,11,
0,15,255,228,255,39,0,7,4,115,251,243,5,205,249,187,251,213,191,0,250,0,242,0,247,0,102,0,44,0,20,0,13,0,11,
0,8,255,231,255,38,0,7,4,115,251,243,5,31,251,187,251,213,191,0,250,0,241,0,247,0,102,0,43,0,20,0,13,0,11,
0,243,254,252,255,27,0,197,3,157,251,244,6,249,249,223,251,6,190,0,249,0,240,0,246,0,102,0,44,0,21,0,14,0,12,
0,253,254,251,255,46,0,197,3,157,251,244,6,221,249,53,252,219,191,0,250,0,240,0,246,0,102,0,44,0,21,0,14,0,12,
0,253,254,251,255,46,0,197,3,157,251,244,6,193,249,66,252,54,191,0,250,0,240,0,245,0,101,0,43,0,20,0,14,0,11,
0,229,254,17,0,36,0,197,3,157,251,244,6,193,249,66,252,134,191,0,249,0,240,0,244,0,102,0,44,0,20,0,14,0,12,
0,241,254,18,0,19,0,197,3,157,251,244,6,175,249,31,252,134,191,0,250,0,240,0,244,0,101,0,43,0,20,0,13,0,11,
0,241,255,18,0,27,0,197,3,157,251,244,6,53,250,61,252,93,190,0,250,0,239,0,242,0,101,0,43,0,20,0,14,0,12,
0,17,255,32,0,27,0,197,3,157,251,244,6,32,249,184,252,229,189,0,251,0,239,0,242,0,100,0,43,0,20,0,14,0,11,
0,38,255,52,0,29,0,197,3,157,251,244,6,219,249,205,252,192,191,0,251,0,239,0,242,0,100,0,42,0,20,0,13,0,11,
0,34,255,91,0,34,0,197,3,157,251,244,6,219,249,205,252,192,191,0,251,0,239,0,241,0,100,0,38,0,20,0,14,0,12,
0,34,255,91,0,46,0,197,3,157,251,244,6,106,250,54,252,63,189,0,251,0,239,0,241,0,99,0,38,0,18,0,13,0,11,
0,41,255,100,0,46,0,197,3,157,251,244,7,232,248,192,252,28,189,0,252,0,239,0,241,0,99,0,40,0,19,0,14,0,12,
0,21,255,96,0,52,0,251,3,71,251,88,7,138,249,73,253,60,192,0,252,0,239,0,240,0,99,0,40,0,19,0,13,0,12,
0,31,255,89,0,72,0,251,3,71,251,88,7,138,249,73,252,149,190,0,252,0,239,0,240,0,99,0,40,0,19,0,13,0,11,
0,31,255,89,0,72,0,251,3,71,251,88,7,73,251,117,252,149,190,0,253,0,239,0,240,0,98,0,40,0,18,0,13,0,11,
0,47,255,93,0,54,0,251,3,71,251,88,7,161,249,2,253,198,187,0,254,0,239,0,240,0,98,0,40,0,19,0,13,0,11,
0,20,255,98,0,33,0,251,3,71,251,88,7,239,248,120,253,165,191,0,254,0,239,0,240,0,99,0,41,0,19,0,13,0,11,
0,67,255,115,0,42,0,251,3,71,251,88,7,217,250,59,253,226,191,0,254,0,239,0,240,0,98,0,41,0,20,0,13,0,11,
0,67,255,115,0,42,0,251,3,71,251,88,7,217,250,59,253,226,191,0,254,0,239,0,241,0,98,0,41,0,19,0,13,0,11,
0,105,255,116,0,51,0,251,3,71,251,88,7,31,251,177,252,67,188,0,254,0,239,0,241,0,98,0,41,0,19,0,13,0,11,
0,125,255,113,0,6,0,251,3,71,251,88,7,39,249,142,253,234,188,0,254,0,239,0,241,0,99,0,42,0,20,0,13,0,12,
0,125,255,113,0,249,255,251,3,71,251,88,7,51,250,193,253,146,190,0,255,0,239,0,241,0,98,0,41,0,19,0,13,0,11,
0,62,255,134,0,249,255,143,3,180,251,95,6,51,250,190,253,139,191,0,255,0,240,0,242,0,98,0,41,0,19,0,13,0,11,
0,38,255,128,0,230,255,143,3,180,251,95,6,182,250,190,253,139,191,0,255,0,239,0,242,0,99,0,42,0,20,0,14,0,12,
0,49,255,137,0,230,255,143,3,180,251,95,6,249,251,172,252,134,188,0,255,0,240,0,243,0,98,0,41,0,19,0,13,0,11,
0,49,255,137,0,220,255,143,3,180,251,95,6,83,249,170,253,165,188,0,255,0,240,0,243,0,99,0,42,0,20,0,14,0,12,
0,83,255,124,0,220,255,143,3,180,251,95,6,102,250,204,253,110,190,0,255,0,240,0,243,0,99,0,42,0,20,0,14,0,12,
0,59,255,108,0,209,255,143,3,180,251,95,6,102,250,204,253,70,191,1,0,0,241,0,244,0,99,0,42,0,19,0,13,0,11,
0,79,255,111,0,220,255,143,3,180,251,95,6,132,251,70,253,70,191,0,255,0,240,0,244,0,100,0,42,0,20,0,13,0,11,
0,79,255,111,0,220,255,143,3,180,251,95,6,115,251,86,253,175,189,1,0,0,241,0,245,0,99,0,42,0,19,0,13,0,11,
0,131,255,101,0,202,255,143,3,180,251,95,6,41,251,67,253,43,188,0,255,0,241,0,245,0,100,0,43,0,20,0,14,0,12,
0,126,255,117,0,198,255,143,3,180,251,95,6,41,251,92,253,112,188,0,255,0,241,0,246,0,100,0,46,0,20,0,13,0,11,
0,70,255,109,0,197,255,203,3,121,251,86,7,170,250,92,253,112,188,0,255,0,242,0,247,0,100,0,45,0,20,0,12,0,10,
0,70,255,109,0,197,255,203,3,121,251,86,7,31,251,201,253,107,191,0,255,0,241,0,247,0,101,0,45,0,21,0,13,0,11,
0,101,255,88,0,189,255,203,3,121,251,86,7,122,252,95,253,210,190,0,255,0,242,0,248,0,100,0,44,0,20,0,13,0,11,
0,125,255,105,0,202,255,203,3,121,251,86,7,235,251,184,252,219,186,0,255,0,242,0,249,0,101,0,44,0,21,0,14,0,12,
0,125,255,105,0,191,255,203,3,121,251,86,7,235,251,184,252,239,188,0,255,0,242,0,249,0,101,0,44,0,20,0,13,0,11,
0,144,255,99,0,191,255,203,3,121,251,86,7,219,250,162,253,239,188,0,255,0,242,0,250,0,102,0,44,0,21,0,14,0,12,
0,179,255,101,0,193,255,203,3,121,251,86,7,163,251,47,253,45,192,0,255,0,242,0,251,0,102,0,44,0,20,0,13,0,11,
0,170,255,86,0,184,255,203,3,121,251,86,7,203,252,163,252,73,190,1,0,0,242,0,252,0,102,0,43,0,20,0,13,0,11,
0,170,255,86,0,184,255,203,3,121,251,86,7,24,252,207,252,87,187,1,0,0,243,0,253,0,102,0,43,0,20,0,13,0,11,
0,193,255,43,0,166,255,203,3,121,251,86,7,24,252,207,252,87,187,0,255,0,242,0,253,0,103,0,44,0,20,0,14,0,12,
0,189,255,49,0,187,255,0,4,124,251,102,7,154,250,80,253,225,188,1,0,0,243,0,255,0,104,0,44,0,20,0,14,0,12,
0,211,255,21,0,182,255,0,4,124,251,102,7,181,251,237,252,200,191,1,0,0,242,0,255,0,104,0,44,0,21,0,14,0,11,
0,211,255,21,0,182,255,0,4,124,251,102,7,67,253,133,252,107,190,1,0,0,243,0,255,0,104,0,44,0,20,0,13,0,11,
0,219,255,46,0,190,255,0,4,124,251,102,7,67,253,87,252,18,187,1,0,0,243,1,0,0,104,0,44,0,18,0,13,0,11,
0,233,255,71,0,183,255,0,4,124,251,102,7,51,252,87,252,18,187,1,0,0,242,1,0,0,105,0,45,0,19,0,14,0,12,
0,195,255,60,0,148,255,0,4,124,251,102,7,202,250,243,252,123,190,1,1,0,242,1,1,0,105,0,44,0,19,0,13,0,11,
0,195,255,60,0,148,255,0,4,124,251,102,7,28,252,160,252,182,192,1,1,0,242,1,1,0,105,0,45,0,19,0,13,0,11,
0,191,255,37,0,163,255,0,4,124,251,102,7,35,253,3,252,6,189,1,0,0,242,1,0,0,106,0,45,0,20,0,14,0,12,
0,193,255,12,0,182,255,0,4,124,251,102,7,35,253,3,252,6,187,1,1,0,242,1,1,0,105,0,44,0,19,0,13,0,11,
0,193,255,12,0,180,255,0,4,124,251,102,7,202,251,37,252,162,187,1,0,0,241,1,1,0,106,0,45,0,20,0,13,0,11,
0,209,255,21,0,180,255,201,3,131,251,55,7,55,251,248,252,194,190,1,1,0,242,1,1,0,106,0,45,0,20,0,13,0,11,
0,230,255,249,255,178,255,201,3,131,251,55,7,149,251,98,252,254,191,1,0,0,241,1,0,0,106,0,45,0,20,0,13,0,11,
0,228,255,237,255,119,255,201,3,131,251,55,7,149,251,123,251,158,189,1,0,0,241,1,1,0,106,0,45,0,19,0,13,0,11,
0,228,255,237,255,119,255,201,3,131,251,55,7,35,253,123,251,158,189,1,0,0,241,1,0,0,106,0,45,0,20,0,14,0,11,
0,248,255,238,255,115,255,201,3,131,251,55,7,253,251,179,251,100,188,1,0,0,241,1,0,0,106,0,45,0,20,0,13,0,11,
0,254,255,226,255,148,255,201,3,131,251,55,7,189,250,133,252,34,190,1,0,0,240,0,255,0,106,0,45,0,22,0,14,0,11,
0,223,255,214,255,171,255,201,3,131,251,55,7,16,252,246,251,254,191,1,0,0,240,0,255,0,106,0,45,0,21,0,14,0,11,
0,223,255,214,255,171,255,201,3,131,251,55,7,16,252,246,251,137,189,1,0,0,240,0,255,0,105,0,45,0,20,0,13,0,11,
0,209,255,212,255,197,255,201,3,131,251,55,7,106,252,142,251,137,189,0,255,0,239,0,254,0,105,0,45,0,21,0,14,0,12,
0,202,255,180,255,175,255,201,3,131,251,55,7,100,251,150,251,8,188,1,0,0,239,0,253,0,105,0,45,0,21,0,14,0,12,
0,214,255,165,255,161,255,201,3,131,251,55,7,142,250,17,252,19,190,1,0,0,239,0,253,0,105,0,45,0,20,0,14,0,12,
0,214,255,165,255,161,255,233,3,164,251,125,7,142,251,183,251,186,191,1,0,0,239,0,252,0,104,0,44,0,20,0,13,0,11,
0,233,255,116,255,161,255,233,3,164,251,125,7,48,251,183,251,186,191,0,255,0,239,0,251,0,104,0,45,0,21,0,14,0,12,
0,219,255,137,255,181,255,233,3,164,251,125,7,79,252,146,251,198,190,1,0,0,239,0,251,0,104,0,44,0,20,0,13,0,11,
0,219,255,137,255,200,255,233,3,164,251,125,7,231,251,30,251,1,188,1,0,0,238,0,250,0,104,0,45,0,21,0,14,0,12,
0,188,255,158,255,200,255,233,3,164,251,125,7,34,250,255,251,214,188,1,0,0,238,0,249,0,104,0,45,0,21,0,14,0,11,
0,203,255,147,255,165,255,233,3,164,251,125,7,34,250,255,251,53,192,1,0,0,238,0,249,0,103,0,44,0,21,0,14,0,12,
0,206,255,92,255,161,255,233,3,164,251,125,7,6,251,45,252,53,192,1,0,0,237,0,248,0,104,0,44,0,21,0,14,0,12,
0,206,255,92,255,161,255,233,3,164,251,125,7,113,251,184,251,248,190,1,1,0,237,0,247,0,102,0,44,0,20,0,13,0,11,
0,229,255,101,255,182,255,233,3,164,251,125,7,146,251,85,251,185,188,1,1,0,236,0,246,0,102,0,44,0,21,0,14,0,12,
0,229,255,144,255,188,255,233,3,164,251,125,7,56,250,227,251,14,189,1,1,0,236,0,245,0,102,0,44,0,20,0,14,0,12,
0,206,255,124,255,180,255,209,3,154,251,175,6,56,250,227,251,14,189,1,0,0,235,0,245,0,101,0,44,0,20,0,13,0,11,
0,206,255,124,255,180,255,209,3,154,251,175,6,167,250,26,252,213,191,1,1,0,235,0,245,0,101,0,43,0,19,0,13,0,11,
0,207,255,87,255,172,255,209,3,154,251,175,6,48,251,169,251,81,191,1,1,0,235,0,244,0,100,0,43,0,19,0,13,0,11,
0,178,255,58,255,169,255,209,3,154,251,175,6,116,251,2,251,215,188,1,1,0,234,0,242,0,100,0,43,0,20,0,13,0,11,
0,162,255,88,255,171,255,209,3,154,251,175,6,116,251,219,251,150,188,1,2,0,234,0,242,0,100,0,43,0,20,0,13,0,11,
0,162,255,88,255,171,255,209,3,154,251,175,6,146,249,219,251,150,188,1,2,0,233,0,241,0,100,0,43,0,20,0,14,0,11,
0,157,255,115,255,184,255,209,3,154,251,175,6,43,250,223,251,252,192,1,2,0,232,0,240,0,100,0,43,0,20,0,13,0,11,
0,183,255,95,255,187,255,209,3,154,251,175,6,109,251,103,251,235,190,1,2,0,233,0,240,0,99,0,42,0,19,0,13,0,11,
0,183,255,95,255,163,255,209,3,154,251,175,6,5,250,43,251,6,188,1,2,0,232,0,239,0,99,0,42,0,18,0,13,0,11,
0,132,255,66,255,163,255,209,3,154,251,175,6,5,250,43,251,117,190,1,3,0,232,0,238,0,98,0,42,0,18,0,13,0,11,
0,132,255,68,255,176,255,184,3,211,251,143,6,252,248,3,252,117,190,1,3,0,232,0,238,0,98,0,42,0,19,0,13,0,12,
0,152,255,70,255,181,255,184,3,211,251,143,6,249,249,177,251,235,192,1,2,0,232,0,237,0,98,0,42,0,19,0,13,0,11,
0,152,255,70,255,181,255,184,3,211,251,143,6,232,250,46,251,180,190,1,3,0,232,0,237,0,97,0,41,0,18,0,13,0,11,
0,125,255,72,255,197,255,184,3,211,251,143,6,232,250,124,251,29,188,1,3,0,231,0,236,0,97,0,42,0,19,0,13,0,11,
0,95,255,75,255,188,255,184,3,211,251,143,6,131,249,124,251,29,188,1,3,0,232,0,236,0,96,0,41,0,18,0,13,0,11,
0,28,255,63,255,160,255,184,3,211,251,143,6,190,248,54,252,188,190,1,3,0,230,0,235,0,97,0,42,0,19,0,13,0,11,
0,28,255,63,255,160,255,184,3,211,251,143,6,196,250,12,252,138,192,1,3,0,231,0,235,0,96,0,41,0,18,0,13,0,11,
0,67,255,70,255,157,255,184,3,211,251,143,6,255,249,107,251,152,187,1,3,0,230,0,234,0,96,0,41,0,18,0,12,0,11,
0,95,255,76,255,141,255,184,3,211,251,143,6,255,249,107,251,136,190,1,3,0,230,0,233,0,96,0,41,0,19,0,13,0,12,
0,66,255,76,255,159,255,184,3,211,251,143,6,167,248,118,252,136,190,1,3,0,230,0,233,0,95,0,41,0,19,0,13,0,11,
0,66,255,99,255,159,255,223,3,140,251,210,6,106,250,75,252,186,191,1,4,0,230,0,233,0,95,0,40,0,18,0,12,0,11,
0,95,255,127,255,158,255,223,3,140,251,210,6,113,250,23,252,77,190,1,3,0,229,0,232,0,95,0,40,0,19,0,13,0,11,
0,90,255,129,255,160,255,223,3,140,251,210,6,179,249,10,252,9,188,1,4,0,229,0,233,0,94,0,40,0,18,0,12,0,11,
0,90,255,129,255,135,255,223,3,140,251,210,6,179,249,10,252,9,188,1,3,0,229,0,232,0,95,0,40,0,18,0,13,0,11,
0,106,255,129,255,135,255,223,3,140,251,210,6,241,248,130,252,151,189,1,4,0,229,0,232,0,94,0,40,0,18,0,13,0,11,
0,136,255,112,255,106,255,223,3,140,251,210,6,213,249,207,252,61,192,1,3,0,228,0,232,0,95,0,40,0,18,0,13,0,12,
0,163,255,109,255,125,255,223,3,140,251,210,6,48,250,30,252,124,188,1,4,0,229,0,232,0,94,0,34,0,17,0,13,0,11,
0,163,255,109,255,125,255,223,3,140,251,210,6,48,250,174,252,8,189,1,3,0,228,0,232,0,94,0,36,0,17,0,13,0,12,
0,129,255,132,255,127,255,223,3,140,251,210,6,245,248,174,252,8,189,1,3,0,228,0,232,0,94,0,37,0,17,0,13,0,11,
0,118,255,158,255,108,255,223,3,140,251,210,6,12,249,29,253,46,191,1,3,0,228,0,232,0,94,0,38,0,17,0,13,0,12,
0,111,255,170,255,117,255,223,3,140,251,210,6,226,249,34,252,168,188,1,3,0,228,0,232,0,94,0,39,0,17,0,13,0,11,
0,111,255,170,255,117,255,145,3,222,251,211,6,193,249,139,252,181,189,1,3,0,229,0,233,0,94,0,38,0,17,0,12,0,11,
0,130,255,166,255,128,255,145,3,222,251,211,6,193,249,139,252,181,190,1,3,0,228,0,233,0,94,0,39,0,17,0,12,0,11,
0,154,255,168,255,126,255,145,3,222,251,211,6,96,249,212,252,143,190,1,3,0,228,0,233,0,95,0,40,0,18,0,13,0,12,
0,188,255,168,255,103,255,145,3,222,251,211,6,35,250,136,252,78,189,1,3,0,229,0,234,0,94,0,40,0,18,0,13,0,12,
0,188,255,172,255,103,255,145,3,222,251,211,6,111,249,125,252,124,188,1,2,0,228,0,234,0,95,0,40,0,18,0,13,0,11,
0,204,255,185,255,84,255,145,3,222,251,211,6,111,249,8,253,19,190,1,2,0,229,0,235,0,94,0,40,0,17,0,13,0,11,
0,188,255,205,255,86,255,145,3,222,251,211,6,197,248,8,253,19,190,1,2,0,230,0,235,0,94,0,40,0,17,0,12,0,11,
0,188,255,205,255,91,255,145,3,222,251,211,6,167,249,179,252,215,189,1,2,0,230,0,235,0,95,0,40,0,18,0,13,0,11,
0,156,255,203,255,91,255,145,3,222,251,211,6,224,249,213,252,253,188,1,2,0,230,0,236,0,95,0,40,0,18,0,13,0,11,
0,124,255,219,255,93,255,145,3,222,251,211,6,159,249,174,252,153,187,1,2,0,230,0,236,0,95,0,40,0,18,0,13,0,11,
0,133,255,220,255,104,255,190,3,175,251,58,7,159,249,174,252,206,189,1,2,0,231,0,237,0,95,0,40,0,18,0,13,0,11,
0,133,255,220,255,104,255,190,3,175,251,58,7,68,249,229,252,206,189,1,2,0,232,0,238,0,95,0,40,0,17,0,12,0,11,
0,143,255,226,255,98,255,190,3,175,251,58,7,147,250,253,252,52,191,1,1,0,231,0,238,0,96,0,40,0,18,0,13,0,11,
0,141,255,227,255,76,255,190,3,175,251,58,7,186,249,57,252,60,187,1,2,0,232,0,238,0,96,0,40,0,18,0,13,0,11,
0,155,255,226,255,75,255,190,3,175,251,58,7,186,248,21,253,155,189,1,2,0,232,0,239,0,96,0,40,0,18,0,12,0,11,
0,155,255,226,255,75,255,190,3,175,251,58,7,166,248,21,253,155,189,1,1,0,232,0,240,0,96,0,40,0,19,0,13,0,11,
0,146,255,197,255,84,255,190,3,175,251,58,7,15,250,215,252,246,190,1,1,0,232,0,240,0,97,0,45,0,21,0,13,0,11,
0,129,255,202,255,79,255,190,3,175,251,58,7,238,250,95,252,228,188,1,1,0,232,0,241,0,97,0,44,0,20,0,13,0,11,
0,151,255,202,255,61,255,190,3,175,251,58,7,217,249,53,252,167,187,1,1,0,233,0,241,0,97,0,43,0,19,0,13,0,11,
0,151,255,209,255,61,255,190,3,175,251,58,7,217,249,53,252,24,189,1,0,0,233,0,241,0,98,0,43,0,20,0,13,0,11,
0,155,255,207,255,72,255,145,3,219,251,12,6,117,249,168,252,24,189,1,0,0,233,0,242,0,97,0,42,0,19,0,13,0,11,
0,158,255,220,255,91,255,145,3,219,251,12,6,235,249,43,252,210,190,1,0,0,233,0,242,0,98,0,43,0,20,0,14,0,12,
0,158,255,220,255,105,255,145,3,219,251,12,6,243,249,113,252,193,189,0,255,0,234,0,243,0,99,0,43,0,20,0,14,0,12,
0,149,255,246,255,105,255,145,3,219,251,12,6,223,249,79,252,194,189,0,255,0,234,0,244,0,98,0,42,0,19,0,13,0,11,
0,142,255,240,255,103,255,145,3,219,251,12,6,223,249,79,252,194,189,0,255,0,234,0,244,0,99,0,43,0,20,0,13,0,11,
0,125,255,252,255,97,255,145,3,219,251,12,6,48,250,21,252,228,189,0,255,0,235,0,245,0,99,0,42,0,19,0,13,0,11,
0,125,255,252,255,97,255,145,3,219,251,12,6,134,250,217,251,95,189,0,254,0,235,0,244,0,100,0,43,0,20,0,14,0,12,
0,92,255,8,0,125,255,145,3,219,251,12,6,2,250,155,251,238,188,0,253,0,235,0,245,0,100,0,42,0,20,0,14,0,11,
0,116,255,1,0,152,255,145,3,219,251,12,6,2,250,193,251,178,190,0,253,0,236,0,246,0,99,0,42,0,19,0,13,0,11,
0,79,255,248,255,128,255,145,3,219,251,12,6,153,249,193,251,178,190,0,252,0,236,0,246,0,100,0,43,0,20,0,13,0,11,
0,79,255,248,255,128,255,129,3,235,251,103,6,43,250,226,251,30,191,0,252,0,237,0,247,0,100,0,42,0,19,0,13,0,11,
0,84,255,227,255,118,255,129,3,235,251,103,6,43,250,178,251,27,191,0,251,0,236,0,246,0,100,0,43,0,20,0,14,0,12,
0,113,255,232,255,120,255,129,3,235,251,103,6,186,250,81,251,194,189,0,251,0,237,0,247,0,101,0,43,0,20,0,14,0,11,
0,113,255,232,255,133,255,129,3,235,251,103,6,186,250,81,251,23,188,0,251,0,237,0,248,0,100,0,42,0,19,0,13,0,11,
0,105,255,1,0,133,255,129,3,235,251,103,6,39,250,27,251,23,188,0,250,0,237,0,247,0,101,0,43,0,20,0,13,0,11,
0,88,255,255,255,135,255,129,3,235,251,103,6,16,249,142,251,124,189,0,250,0,238,0,248,0,101,0,42,0,19,0,13,0,11,
0,73,255,36,0,139,255,129,3,235,251,103,6,185,249,173,251,185,191,0,249,0,237,0,248,0,101,0,43,0,20,0,14,0,12,
0,73,255,36,0,120,255,129,3,235,251,103,6,185,249,120,251,148,190,0,248,0,238,0,249,0,102,0,43,0,20,0,14,0,12,
0,87,255,38,0,120,255,129,3,235,251,103,6,218,250,120,251,148,190,0,248,0,238,0,249,0,101,0,43,0,20,0,13,0,11,
0,35,255,30,0,139,255,129,3,235,251,103,6,159,250,22,251,51,188,0,247,0,238,0,249,0,102,0,43,0,20,0,14,0,11,
0,63,255,1,0,139,255,129,3,235,251,103,6,27,249,141,251,152,188,0,247,0,238,0,250,0,102,0,43,0,20,0,13,0,11,
0,63,255,1,0,139,255,221,3,116,251,254,6,11,250,193,251,111,192,0,246,0,238,0,250,0,102,0,43,0,21,0,14,0,12,
0,94,255,236,255,108,255,221,3,116,251,254,6,11,250,193,251,34,190,0,246,0,238,0,250,0,103,0,44,0,20,0,14,0,12,
0,68,255,240,255,115,255,221,3,116,251,254,6,94,251,16,251,34,190,0,246,0,238,0,250,0,102,0,43,0,20,0,14,0,12,
0,58,255,4,0,145,255,221,3,116,251,254,6,169,249,18,251,43,187,0,245,0,239,0,251,0,102,0,43,0,19,0,13,0,11,
0,58,255,4,0,145,255,221,3,116,251,254,6,220,248,253,251,138,191,0,244,0,238,0,251,0,103,0,44,0,20,0,14,0,12,
0,43,255,241,255,118,255,221,3,116,251,254,6,50,251,93,251,197,190,0,244,0,239,0,251,0,102,0,43,0,20,0,13,0,11,
0,57,255,243,255,71,255,221,3,116,251,254,6,50,251,93,251,197,190,0,244,0,238,0,251,0,103,0,44,0,20,0,14,0,12,
0,57,255,243,255,57,255,221,3,116,251,254,6,45,250,71,251,53,187,0,244,0,238,0,252,0,103,0,43,0,20,0,14,0,11,
0,70,255,240,255,57,255,221,3,116,251,254,6,29,249,219,251,255,189,0,243,0,238,0,252,0,104,0,44,0,20,0,13,0,11,
0,54,255,212,255,62,255,221,3,116,251,254,6,4,251,219,251,97,191,0,243,0,238,0,252,0,103,0,43,0,19,0,13,0,11,
0,62,255,211,255,66,255,251,3,146,251,230,6,4,251,219,251,218,189,0,242,0,238,0,252,0,104,0,44,0,20,0,14,0,12,
0,62,255,211,255,82,255,251,3,146,251,230,6,192,250,107,251,218,189,0,242,0,238,0,252,0,104,0,44,0,20,0,13,0,11,
0,80,255,198,255,82,255,251,3,146,251,230,6,61,250,119,251,153,187,0,241,0,238,0,252,0,104,0,44,0,20,0,14,0,11,
0,55,255,209,255,83,255,251,3,146,251,230,6,177,249,215,251,85,190,0,241,0,237,0,252,0,104,0,44,0,20,0,14,0,11,
0,38,255,203,255,76,255,251,3,146,251,230,6,148,250,136,251,212,190,0,241,0,238,0,253,0,104,0,44,0,20,0,14,0,11,
0,38,255,203,255,76,255,251,3,146,251,230,6,148,250,136,251,212,190,0,241,0,237,0,253,0,104,0,43,0,20,0,13,0,11,
0,33,255,208,255,101,255,251,3,146,251,230,6,197,250,114,251,151,188,0,239,0,236,0,252,0,104,0,44,0,21,0,14,0,12,
0,255,254,197,255,104,255,251,3,146,251,230,6,11,250,110,251,154,188,0,239,0,237,0,252,0,104,0,44,0,21,0,14,0,12,
0,41,255,205,255,72,255,251,3,146,251,230,6,82,249,247,251,215,190,0,239,0,237,0,252,0,104,0,44,0,20,0,14,0,12,
0,41,255,205,255,72,255,251,3,146,251,230,6,82,249,39,251,121,188,0,239,0,236,0,252,0,104,0,45,0,20,0,14,0,12,
0,6,255,201,255,71,255,166,3,223,251,177,6,226,250,39,251,121,188,0,239,0,236,0,252,0,104,0,44,0,20,0,13,0,11,
0,18,255,181,255,66,255,166,3,223,251,177,6,244,249,236,251,78,190,0,239,0,236,0,251,0,104,0,44,0,21,0,14,0,12,
0,18,255,181,255,69,255,166,3,223,251,177,6,58,250,186,251,70,190,0,239,0,236,0,251,0,104,0,45,0,20,0,14,0,12,
0,30,255,164,255,69,255,166,3,223,251,177,6,127,250,185,251,121,189,0,238,0,236,0,251,0,104,0,44,0,20,0,14,0,11,
0,37,255,169,255,72,255,166,3,223,251,177,6,127,250,185,251,83,189,0,239,0,236,0,251,0,103,0,44,0,20,0,13,0,11,
0,24,255,144,255,55,255,166,3,223,251,177,6,98,250,154,251,83,189,0,238,0,235,0,250,0,104,0,44,0,21,0,14,0,12,
0,24,255,144,255,55,255,166,3,223,251,177,6,234,249,6,252,217,189,0,238,0,235,0,250,0,103,0,44,0,21,0,14,0,12,
0,24,255,171,255,58,255,166,3,223,251,177,6,205,250,235,251,213,190,0,239,0,235,0,250,0,103,0,44,0,20,0,13,0,11,
0,32,255,174,255,76,255,166,3,223,251,177,6,205,250,118,251,0,188,0,239,0,235,0,249,0,103,0,44,0,20,0,14,0,11,
0,62,255,182,255,66,255,166,3,223,251,177,6,171,250,118,251,0,188,0,239,0,235,0,249,0,102,0,43,0,19,0,13,0,11,
0,62,255,182,255,66,255,249,3,143,251,56,7,213,249,220,251,155,188,0,239,0,235,0,248,0,103,0,44,0,21,0,13,0,11,
0,61,255,177,255,85,255,249,3,143,251,56,7,88,250,211,251,167,190,0,239,0,234,0,248,0,102,0,44,0,20,0,14,0,11,
0,24,255,170,255,122,255,249,3,143,251,56,7,202,250,29,252,157,191,0,239,0,235,0,248,0,102,0,43,0,20,0,13,0,11,
0,240,254,158,255,96,255,249,3,143,251,56,7,202,250,29,252,145,187,0,239,0,234,0,248,0,102,0,43,0,20,0,14,0,11,
0,240,254,158,255,96,255,249,3,143,251,56,7,133,250,101,251,145,187,0,239,0,234,0,248,0,102,0,43,0,20,0,13,0,11,
0,249,254,148,255,94,255,249,3,143,251,56,7,145,249,250,251,125,189,0,239,0,234,0,247,0,102,0,43,0,20,0,14,0,11,
0,221,254,156,255,83,255,249,3,143,251,56,7,98,249,11,252,43,191,0,240,0,234,0,247,0,102,0,43,0,20,0,14,0,12,
0,221,254,156,255,79,255,249,3,143,251,56,7,228,250,122,251,225,189,0,239,0,234,0,247,0,102,0,44,0,20,0,14,0,12,
0,205,254,163,255,79,255,249,3,143,251,56,7,228,250,122,251,225,189,0,240,0,233,0,247,0,102,0,43,0,20,0,14,0,11,
0,254,254,162,255,57,255,249,3,143,251,56,7,65,250,98,251,190,187,0,240,0,233,0,248,0,101,0,43,0,19,0,13,0,11,
0,41,255,155,255,82,255,249,3,148,251,76,6,246,248,81,252,51,190,0,240,0,233,0,247,0,102,0,44,0,20,0,14,0,12,
0,41,255,155,255,82,255,226,3,148,251,76,6,62,250,222,251,136,191,0,241,0,233,0,247,0,102,0,43,0,20,0,14,0,12,
0,50,255,171,255,113,255,226,3,148,251,76,6,62,250,149,251,36,189,0,241,0,233,0,248,0,101,0,43,0,19,0,13,0,11,
0,19,255,196,255,89,255,226,3,148,251,76,6,106,251,149,251,36,189,0,241,0,233,0,247,0,102,0,38,0,20,0,14,0,11,
0,0,255,187,255,80,255,226,3,148,251,76,6,46,250,176,251,156,187,0,241,0,233,0,248,0,101,0,39,0,19,0,13,0,12,
0,0,255,187,255,80,255,226,3,148,251,76,6,26,249,75,252,183,191,0,241,0,233,0,247,0,102,0,40,0,19,0,14,0,12,
0,253,254,170,255,84,255,226,3,148,251,76,6,245,250,226,251,120,191,0,241,0,233,0,247,0,101,0,41,0,19,0,14,0,12,
0,247,254,167,255,108,255,226,3,148,251,76,6,245,250,226,251,189,187,0,241,0,232,0,247,0,101,0,42,0,20,0,14,0,12,
0,6,255,167,255,126,255,226,3,148,251,76,6,229,250,58,251,189,187,0,241,0,232,0,247,0,101,0,41,0,19,0,13,0,11,
0,6,255,167,255,126,255,226,3,148,251,76,6,103,249,192,251,116,188,0,241,0,233,0,247,0,101,0,42,0,19,0,13,0,11,
0,4,255,175,255,126,255,226,3,148,251,76,6,82,249,139,252,8,191,0,241,0,232,0,247,0,102,0,42,0,19,0,13,0,11,
0,247,254,169,255,99,255,235,3,168,251,211,6,82,249,49,252,196,190,0,241,0,232,0,247,0,101,0,42,0,20,0,13,0,11,
0,247,254,169,255,78,255,235,3,168,251,211,6,58,250,49,252,196,190,0,241,0,233,0,247,0,101,0,42,0,20,0,14,0,11,
0,227,254,187,255,78,255,235,3,168,251,211,6,236,250,179,251,99,189,0,241,0,232,0,246,0,101,0,42,0,20,0,13,0,11,
0,206,254,178,255,89,255,235,3,168,251,211,6,103,250,203,251,116,188,0,241,0,232,0,247,0,100,0,42,0,19,0,13,0,11,
0,210,254,178,255,89,255,235,3,168,251,211,6,117,249,58,252,94,189,0,241,0,232,0,246,0,101,0,43,0,20,0,14,0,11,
0,210,254,178,255,89,255,235,3,168,251,211,6,117,249,58,252,98,191,0,241,0,232,0,246,0,101,0,43,0,20,0,14,0,12,
0,214,254,166,255,134,255,235,3,168,251,211,6,193,249,93,252,98,191,0,241,0,232,0,246,0,101,0,43,0,20,0,14,0,11,
0,208,254,166,255,116,255,235,3,168,251,211,6,177,250,211,251,37,190,0,241,0,232,0,245,0,101,0,43,0,20,0,13,0,11,
0,252,254,172,255,88,255,235,3,168,251,211,6,42,250,161,251,223,187,0,241,0,232,0,246,0,101,0,43,0,20,0,13,0,11,
0,252,254,172,255,88,255,235,3,168,251,211,6,210,248,197,252,22,191,0,241,0,232,0,245,0,101,0,43,0,20,0,14,0,12,
0,17,255,162,255,77,255,144,3,194,251,59,6,210,248,197,252,22,191,0,241,0,232,0,245,0,101,0,43,0,20,0,14,0,12,
0,251,254,145,255,81,255,144,3,194,251,59,6,13,251,20,252,13,192,0,241,0,232,0,245,0,101,0,43,0,20,0,14,0,12,
0,243,254,180,255,90,255,144,3,194,251,59,6,41,250,105,251,8,187,0,241,0,232,0,244,0,101,0,43,0,20,0,13,0,11,
0,243,254,180,255,90,255,144,3,194,251,59,6,248,248,124,252,192,189,0,241,0,232,0,245,0,100,0,46,0,20,0,14,0,11,
0,250,254,167,255,59,255,144,3,194,251,59,6,248,248,124,252,198,192,0,241,0,232,0,245,0,100,0,46,0,20,0,13,0,11,
0,246,254,154,255,50,255,144,3,194,251,59,6,199,249,139,252,198,192,0,241,0,232,0,244,0,100,0,46,0,21,0,13,0,11,
0,246,254,154,255,55,255,144,3,194,251,59,6,226,250,197,251,51,190,0,241,0,232,0,244,0,100,0,44,0,21,0,14,0,11,
0,230,254,151,255,55,255,144,3,194,251,59,6,229,249,224,251,33,187,0,241,0,232,0,245,0,100,0,44,0,20,0,13,0,11,
0,236,254,131,255,60,255,144,3,194,251,59,6,127,248,205,252,134,190,0,240,0,232,0,244,0,100,0,44,0,21,0,14,0,12,
0,252,254,153,255,80,255,144,3,194,251,59,6,127,248,205,252,134,190,0,241,0,232,0,245,0,100,0,43,0,20,0,13,0,11,
0,252,254,153,255,80,255,177,3,236,251,223,6,200,250,75,252,70,191,0,240,0,232,0,244,0,100,0,43,0,20,0,14,0,11,
0,230,254,181,255,94,255,177,3,236,251,223,6,133,250,241,251,116,190,0,240,0,232,0,245,0,100,0,43,0,20,0,13,0,11,
0,17,255,197,255,90,255,177,3,236,251,223,6,154,249,35,252,213,187,0,239,0,232,0,245,0,100,0,43,0,20,0,13,0,11,
0,43,255,190,255,71,255,177,3,236,251,223,6,154,249,187,252,76,190,0,240,0,233,0,245,0,100,0,43,0,20,0,14,0,11,
0,43,255,190,255,71,255,177,3,236,251,223,6,15,249,187,252,76,190,0,240,0,233,0,245,0,100,0,42,0,19,0,13,0,11,
0,61,255,193,255,73,255,177,3,236,251,223,6,90,250,88,252,1,192,0,239,0,232,0,245,0,100,0,43,0,20,0,14,0,12,
0,30,255,176,255,73,255,177,3,236,251,223,6,9,251,247,251,189,188,0,239,0,233,0,246,0,100,0,43,0,20,0,14,0,12,
0,20,255,173,255,76,255,177,3,236,251,223,6,83,249,103,252,162,188,0,239,0,233,0,246,0,101,0,43,0,20,0,14,0,11,
0,20,255,173,255,76,255,177,3,236,251,223,6,83,249,103,252,149,191,0,239,0,233,0,247,0,100,0,43,0,19,0,13,0,11,
0,45,255,173,255,86,255,177,3,236,251,223,6,155,250,137,252,149,191,0,239,0,233,0,246,0,101,0,43,0,20,0,14,0,12,
0,13,255,187,255,72,255,210,3,187,251,196,5,192,250,98,252,13,188,0,239,0,233,0,247,0,101,0,43,0,20,0,14,0,12,
0,13,255,187,255,91,255,210,3,187,251,196,5,44,250,147,252,85,190,0,239,0,233,0,247,0,101,0,43,0,20,0,14,0,11,
0,249,254,160,255,91,255,210,3,187,251,196,5,44,250,154,252,136,190,0,239,0,233,0,247,0,100,0,43,0,20,0,13,0,11,
0,236,254,150,255,75,255,210,3,187,251,196,5,210,250,154,252,136,190,0,238,0,233,0,247,0,101,0,43,0,20,0,14,0,12,
0,7,255,152,255,85,255,210,3,187,251,196,5,235,250,62,252,133,187,0,239,0,234,0,248,0,101,0,43,0,19,0,13,0,11,
0,7,255,152,255,85,255,210,3,187,251,196,5,197,249,206,252,254,190,0,238,0,234,0,248,0,102,0,43,0,20,0,14,0,12,
0,45,255,162,255,111,255,210,3,187,251,196,5,165,251,166,252,213,190,0,239,0,235,0,249,0,101,0,43,0,21,0,14,0,11,
0,50,255,169,255,85,255,210,3,187,251,196,5,165,251,166,252,193,185,0,238,0,234,0,249,0,102,0,43,0,20,0,13,0,11,
0,46,255,173,255,42,255,210,3,187,251,196,5,90,251,167,251,193,185,0,239,0,235,0,250,0,101,0,43,0,20,0,13,0,11,
0,46,255,173,255,42,255,210,3,187,251,196,5,146,249,72,253,238,191,0,239,0,235,0,250,0,102,0,43,0,20,0,14,0,11,
0,28,255,177,255,59,255,210,3,187,251,196,5,8,252,66,252,170,188,0,239,0,235,0,251,0,102,0,43,0,20,0,14,0,11,
0,66,255,183,255,91,255,120,3,217,251,232,5,241,250,9,252,107,188,0,239,0,235,0,251,0,103,0,43,0,20,0,13,0,11,
0,100,255,183,255,99,255,120,3,217,251,232,5,241,250,9,252,107,188,0,239,0,236,0,252,0,103,0,43,0,20,0,14,0,11,
0,100,255,177,255,99,255,120,3,217,251,232,5,139,250,181,252,105,191,0,240,0,236,0,253,0,102,0,43,0,19,0,13,0,11,
0,115,255,163,255,109,255,120,3,217,251,232,5,184,251,6,252,100,189,0,240,0,236,0,253,0,103,0,43,0,20,0,13,0,11,
0,81,255,149,255,90,255,120,3,217,251,232,5,143,250,52,252,242,188,0,240,0,236,0,254,0,104,0,44,0,20,0,14,0,12,
0,81,255,149,255,72,255,120,3,217,251,232,5,143,250,87,252,129,191,0,240,0,237,0,254,0,104,0,44,0,21,0,14,0,12,
0,64,255,170,255,72,255,120,3,217,251,232,5,140,251,87,252,129,191,0,241,0,237,0,254,0,104,0,44,0,20,0,14,0,11,
0,81,255,172,255,63,255,120,3,217,251,232,5,242,251,177,251,165,188,0,242,0,237,0,255,0,104,0,43,0,20,0,14,0,12,
0,82,255,143,255,61,255,120,3,217,251,232,5,43,251,205,251,108,188,0,242,0,237,0,255,0,104,0,43,0,20,0,13,0,11,
0,82,255,143,255,61,255,120,3,217,251,232,5,14,251,56,252,9,191,0,242,0,237,1,0,0,105,0,45,0,19,0,14,0,12,
0,49,255,119,255,61,255,179,3,212,251,6,7,14,251,56,252,224,190,0,243,0,237,1,0,0,105,0,45,0,19,0,14,0,12,
0,47,255,108,255,53,255,179,3,212,251,6,7,227,251,176,251,224,190,0,243,0,237,1,0,0,105,0,45,0,19,0,14,0,11,
0,109,255,143,255,72,255,179,3,212,251,6,7,207,251,127,251,48,190,0,244,0,238,1,1,0,105,0,44,0,19,0,13,0,11,
0,109,255,143,255,72,255,179,3,212,251,6,7,191,251,184,251,1,190,0,244,0,238,1,0,0,106,0,45,0,20,0,14,0,12,
0,141,255,126,255,99,255,179,3,212,251,6,7,191,251,158,251,14,190,0,244,0,238,1,1,0,106,0,45,0,20,0,13,0,12,
0,105,255,144,255,94,255,179,3,212,251,6,7,107,251,158,251,14,190,0,245,0,238,1,1,0,105,0,46,0,20,0,13,0,11,
0,71,255,144,255,87,255,179,3,212,251,6,7,130,251,163,251,31,191,0,246,0,238,1,1,0,106,0,45,0,19,0,13,0,11,
0,71,255,143,255,87,255,179,3,212,251,6,7,155,252,33,251,146,189,0,246,0,238,1,1,0,106,0,45,0,20,0,14,0,11,
0,121,255,129,255,61,255,179,3,212,251,6,7,53,251,140,251,114,188,0,247,0,238,1,2,0,106,0,44,0,19,0,13,0,11,
0,89,255,115,255,66,255,179,3,212,251,6,7,53,251,140,251,126,191,0,247,0,238,1,1,0,107,0,45,0,20,0,14,0,11,
0,89,255,115,255,80,255,180,3,211,251,62,6,163,251,149,251,126,191,0,247,0,238,1,2,0,107,0,46,0,20,0,13,0,11,
0,104,255,93,255,80,255,180,3,211,251,62,6,123,252,16,251,8,191,0,247,0,239,1,2,0,106,0,45,0,19,0,13,0,11,
0,120,255,94,255,75,255,180,3,211,251,62,6,241,251,5,251,189,188,0,247,0,239,1,2,0,107,0,46,0,20,0,14,0,11,
0,96,255,97,255,83,255,180,3,211,251,62,6,115,251,52,251,129,189,0,248,0,239,1,2,0,106,0,45,0,19,0,13,0,11,
0,96,255,97,255,83,255,180,3,211,251,62,6,115,251,52,251,129,189,0,248,0,239,1,2,0,107,0,46,0,21,0,14,0,12,
0,100,255,76,255,77,255,180,3,211,251,62,6,205,251,42,251,33,191,0,248,0,239,1,3,0,107,0,46,0,20,0,14,0,12,
0,92,255,87,255,79,255,180,3,211,251,62,6,37,252,69,251,67,191,0,249,0,239,1,2,0,107,0,46,0,20,0,14,0,12,
0,114,255,97,255,86,255,180,3,211,251,62,6,91,252,56,251,104,189,0,248,0,239,1,2,0,107,0,46,0,20,0,14,0,11,
0,114,255,97,255,86,255,180,3,211,251,62,6,91,252,56,251,45,189,0,249,0,239,1,2,0,107,0,45,0,20,0,13,0,11,
0,113,255,84,255,79,255,180,3,211,251,62,6,194,251,29,251,45,189,0,248,0,239,1,2,0,107,0,46,0,20,0,14,0,12,
0,84,255,95,255,119,255,128,3,221,251,52,6,152,251,56,251,176,190,0,248,0,240,1,2,0,107,0,46,0,20,0,14,0,11,
0,44,255,95,255,134,255,128,3,221,251,52,6,242,251,110,251,239,191,0,248,0,240,1,1,0,107,0,46,0,20,0,14,0,11,
0,44,255,97,255,134,255,128,3,221,251,52,6,253,252,188,250,72,189,0,249,0,240,1,1,0,106,0,46,0,20,0,13,0,12,
0,25,255,94,255,126,255,128,3,221,251,52,6,253,252,188,250,72,189,0,248,0,240,1,1,0,107,0,46,0,20,0,13,0,11,
0,52,255,75,255,139,255,128,3,221,251,52,6,27,251,116,251,18,190,0,248,0,240,1,0,0,107,0,46,0,21,0,14,0,12,
0,52,255,75,255,114,255,128,3,221,251,52,6,181,252,187,251,173,193,0,248,0,240,1,0,0,106,0,46,0,21,0,13,0,11,
0,55,255,58,255,114,255,128,3,221,251,52,6,210,252,144,250,180,187,0,247,0,240,0,255,0,107,0,46,0,23,0,14,0,12,
0,24,255,33,255,122,255,128,3,221,251,52,6,210,252,130,251,206,189,0,247,0,240,0,255,0,106,0,46,0,22,0,14,0,12,
0,48,255,11,255,144,255,128,3,221,251,52,6,223,250,130,251,206,189,0,247,0,241,0,255,0,105,0,45,0,21,0,13,0,11,
0,48,255,11,255,144,255,128,3,221,251,52,6,162,252,114,251,171,193,0,247,0,240,0,254,0,106,0,45,0,21,0,14,0,12,
0,58,255,33,255,144,255,128,3,221,251,52,6,157,252,192,250,185,188,0,247,0,240,0,253,0,105,0,40,0,20,0,14,0,12,
0,34,255,44,255,126,255,149,3,182,251,202,6,73,252,78,251,40,190,0,247,0,240,0,252,0,104,0,41,0,20,0,14,0,11,
0,41,255,30,255,119,255,149,3,182,251,202,6,73,252,78,251,209,191,0,247,0,240,0,252,0,104,0,41,0,20,0,14,0,12,
0,41,255,30,255,119,255,149,3,182,251,202,6,110,251,235,251,209,191,0,247,0,240,0,251,0,104,0,42,0,19,0,13,0,11,
0,91,255,14,255,117,255,149,3,182,251,202,6,169,252,146,251,119,191,0,247,0,239,0,250,0,104,0,43,0,20,0,14,0,12,
0,68,255,7,255,111,255,149,3,182,251,202,6,87,252,97,251,68,189,0,247,0,239,0,249,0,104,0,43,0,20,0,14,0,12,
0,68,255,7,255,118,255,149,3,182,251,202,6,87,251,236,251,49,190,0,246,0,239,0,248,0,104,0,43,0,20,0,14,0,11,
0,11,255,16,255,118,255,149,3,182,251,202,6,5,251,236,251,49,190,0,247,0,239,0,248,0,103,0,43,0,20,0,13,0,12,
0,237,254,9,255,125,255,149,3,182,251,202,6,8,252,9,252,118,191,0,247,0,238,0,247,0,103,0,43,0,20,0,13,0,11,
0,249,254,245,254,132,255,149,3,182,251,202,6,90,252,155,251,89,188,0,247,0,238,0,247,0,103,0,43,0,20,0,14,0,12,
0,249,254,245,254,138,255,149,3,182,251,202,6,104,251,101,252,95,191,0,246,0,238,0,246,0,102,0,44,0,20,0,14,0,12,
0,53,255,9,255,138,255,168,3,236,251,96,6,104,251,101,252,58,191,0,247,0,237,0,245,0,102,0,43,0,20,0,14,0,11,
0,73,255,250,254,161,255,168,3,236,251,96,6,26,252,103,252,58,191,0,247,0,237,0,245,0,101,0,43,0,20,0,13,0,11,
0,83,255,250,254,141,255,168,3,236,251,96,6,24,252,2,252,143,189,0,247,0,236,0,244,0,101,0,43,0,20,0,14,0,12,
0,83,255,250,254,141,255,168,3,236,251,96,6,104,251,139,252,246,188,0,247,0,236,0,244,0,101,0,43,0,20,0,14,0,11,
0,240,254,4,255,103,255,168,3,236,251,96,6,125,252,234,252,71,191,0,247,0,236,0,244,0,100,0,43,0,20,0,14,0,11,
0,26,255,250,254,86,255,168,3,236,251,96,6,125,252,234,252,71,191,0,247,0,236,0,243,0,100,0,42,0,19,0,13,0,11,
0,72,255,240,254,113,255,168,3,236,251,96,6,179,251,112,252,202,189,0,247,0,235,0,242,0,100,0,43,0,20,0,14,0,12,
0,72,255,240,254,113,255,168,3,236,251,96,6,157,251,194,252,98,189,0,248,0,235,0,242,0,99,0,42,0,19,0,13,0,11,
0,44,255,250,254,136,255,168,3,236,251,96,6,56,251,172,252,99,188,0,247,0,234,0,241,0,100,0,43,0,20,0,14,0,11,
0,250,254,11,255,135,255,168,3,236,251,96,6,56,251,55,253,245,190,0,247,0,234,0,241,0,99,0,43,0,20,0,13,0,11,
0,250,255,11,255,149,255,150,3,212,251,121,6,135,251,55,253,245,190,0,247,0,234,0,240,0,99,0,46,0,20,0,13,0,11,
0,11,255,17,255,149,255,150,3,212,251,121,6,0,252,243,252,8,190,0,248,0,234,0,240,0,99,0,45,0,20,0,13,0,11,
0,34,255,9,255,146,255,150,3,212,251,121,6,96,251,143,252,59,188,0,249,0,234,0,240,0,98,0,44,0,20,0,13,0,11,
0,33,255,3,255,136,255,150,3,212,251,121,6,79,250,112,253,118,190,0,249,0,233,0,239,0,99,0,44,0,19,0,13,0,11,
0,33,255,3,255,110,255,150,3,212,251,121,6,79,250,112,253,117,191,0,249,0,233,0,239,0,98,0,44,0,19,0,13,0,11,
0,17,255,240,254,110,255,150,3,212,251,121,6,37,252,36,253,117,191,0,249,0,233,0,239,0,98,0,43,0,19,0,13,0,12,
0,23,255,246,254,121,255,150,3,212,251,121,6,130,251,254,252,201,187,0,249,0,233,0,238,0,98,0,43,0,19,0,13,0,12,
0,36,255,7,255,119,255,150,3,212,251,121,6,67,250,47,253,107,188,0,250,0,233,0,239,0,97,0,42,0,19,0,13,0,11,
0,36,255,7,255,119,255,150,3,212,251,121,6,67,250,211,253,178,191,0,250,0,232,0,238,0,98,0,42,0,20,0,14,0,11,
0,239,254,28,255,137,255,150,3,212,251,121,6,69,250,211,253,178,191,0,250,0,233,0,238,0,97,0,42,0,19,0,13,0,11,
0,221,254,34,255,141,255,236,3,167,251,35,7,28,252,131,252,68,189,0,250,0,232,0,238,0,97,0,42,0,19,0,13,0,12,
0,36,255,35,255,123,255,236,3,167,251,35,7,12,251,236,252,115,188,0,250,0,232,0,237,0,97,0,42,0,19,0,13,0,11,
0,36,255,35,255,123,255,236,3,167,251,35,7,122,250,61,253,221,188,0,251,0,233,0,238,0,96,0,41,0,18,0,12,0,11,
0,30,255,54,255,123,255,236,3,167,251,35,7,122,250,61,253,14,191,0,251,0,233,0,237,0,97,0,41,0,19,0,13,0,11,
0,254,254,67,255,138,255,236,3,167,251,35,7,125,250,180,253,14,191,0,251,0,233,0,237,0,97,0,41,0,19,0,13,0,11,
0,254,254,67,255,143,255,236,3,167,251,35,7,205,251,71,253,247,190,0,251,0,233,0,238,0,97,0,41,0,18,0,12,0,11,
0,249,254,98,255,143,255,236,3,167,251,35,7,132,251,239,252,75,187,0,252,0,233,0,238,0,97,0,41,0,19,0,13,0,11,
0,18,255,118,255,146,255,236,3,167,251,35,7,109,250,79,253,88,188,0,252,0,233,0,238,0,96,0,40,0,18,0,12,0,11,
0,21,255,121,255,113,255,236,3,167,251,35,7,109,250,79,253,88,188,0,252,0,233,0,238,0,97,0,41,0,19,0,13,0,11,
0,21,255,121,255,113,255,236,3,167,251,35,7,115,250,115,253,173,190,0,253,0,233,0,238,0,97,0,41,0,18,0,13,0,11,
0,26,255,105,255,130,255,236,3,167,251,237,6,20,252,45,253,97,191,0,253,0,233,0,239,0,97,0,41,0,18,0,12,0,11,
0,62,255,100,255,137,255,236,3,208,251,237,6,161,251,169,252,187,187,0,254,0,233,0,239,0,97,0,40,0,18,0,12,0,11,
0,105,255,110,255,119,255,236,3,208,251,237,6,161,251,115,253,168,188,0,254,0,233,0,239,0,97,0,41,0,19,0,13,0,11,
0,105,255,110,255,119,255,236,3,208,251,237,6,15,250,115,253,168,188,0,254,0,233,0,240,0,97,0,41,0,20,0,13,0,12,
0,71,255,133,255,107,255,236,3,208,251,237,6,152,251,118,253,183,192,0,255,0,233,0,241,0,97,0,41,0,20,0,13,0,11,
0,18,255,146,255,98,255,236,3,208,251,237,6,91,252,155,252,77,188,0,255,0,233,0,241,0,98,0,41,0,20,0,13,0,11,
0,10,255,162,255,68,255,236,3,208,251,237,6,233,250,213,252,39,187,0,255,0,234,0,242,0,98,0,41,0,19,0,13,0,11,
0,10,255,162,255,68,255,236,3,208,251,237,6,233,250,213,252,39,187,0,255,0,234,0,243,0,99,0,42,0,20,0,14,0,12,
0,42,255,173,255,62,255,236,3,208,251,237,6,59,251,163,253,216,191,1,0,0,234,0,244,0,99,0,42,0,20,0,13,0,12,
0,62,255,214,255,77,255,236,3,208,251,237,6,143,252,154,252,241,187,1,0,0,234,0,244,0,99,0,42,0,20,0,13,0,12,
0,62,255,214,255,115,255,236,3,208,251,237,6,160,251,175,252,182,187,1,0,0,235,0,245,0,99,0,41,0,19,0,13,0,11,
0,37,255,230,255,115,255,240,3,145,251,72,7,160,251,39,253,161,190,1,0,0,234,0,246,0,100,0,42,0,20,0,14,0,12,
0,47,255,224,255,95,255,240,3,145,251,72,7,12,251,39,253,161,190,1,0,0,235,0,247,0,99,0,42,0,19,0,13,0,11,
0,63,255,203,255,92,255,240,3,145,251,72,7,59,253,105,252,123,189,1,0,0,235,0,247,0,100,0,42,0,20,0,14,0,11,
0,63,255,203,255,92,255,240,3,145,251,72,7,112,251,160,252,167,189,1,0,0,235,0,247,0,100,0,43,0,20,0,13,0,11,
0,71,255,204,255,98,255,240,3,145,251,72,7,100,253,130,252,123,190,1,0,0,235,0,248,0,101,0,42,0,20,0,13,0,11,
0,92,255,240,255,90,255,240,3,145,251,72,7,100,253,130,252,93,188,0,255,0,235,0,249,0,101,0,42,0,20,0,13,0,11,
0,86,255,251,255,74,255,240,3,145,251,72,7,223,252,53,252,93,188,1,0,0,236,0,249,0,100,0,42,0,19,0,13,0,11,
0,86,255,251,255,74,255,240,3,145,251,72,7,174,252,109,252,144,188,0,255,0,236,0,250,0,101,0,43,0,20,0,14,0,12,
0,121,255,247,255,48,255,240,3,145,251,72,7,91,252,142,252,15,190,0,254,0,236,0,250,0,102,0,43,0,20,0,14,0,11,
0,105,255,226,255,67,255,240,3,145,251,72,7,91,253,96,252,109,190,0,254,0,236,0,251,0,102,0,43,0,20,0,13,0,11,
0,83,255,250,255,76,255,242,3,155,251,182,6,45,253,96,252,109,190,0,254,0,237,0,251,0,102,0,43,0,19,0,13,0,12,
0,83,255,250,255,76,255,242,3,155,251,182,6,195,252,24,252,135,190,0,254,0,238,0,251,0,102,0,43,0,19,0,13,0,11,
0,80,255,6,0,73,255,242,3,155,251,182,6,251,252,182,251,211,188,0,253,0,237,0,252,0,103,0,44,0,21,0,14,0,12,
0,80,255,222,255,86,255,242,3,155,251,182,6,246,251,88,252,181,190,0,253,0,238,0,252,0,103,0,44,0,20,0,14,0,12,
0,80,255,222,255,80,255,242,3,155,251,182,6,246,251,88,252,211,190,0,252,0,238,0,252,0,103,0,44,0,20,0,13,0,11,
0,106,255,210,255,80,255,242,3,155,251,182,6,229,253,208,251,211,190,0,253,0,238,0,253,0,103,0,44,0,20,0,14,0,11,
0,97,255,245,255,75,255,242,3,155,251,182,6,40,253,122,251,211,187,0,252,0,239,0,253,0,103,0,43,0,20,0,13,0,11,
0,42,255,245,255,68,255,242,3,155,251,182,6,166,251,98,252,26,191,0,251,0,238,0,253,0,104,0,44,0,20,0,14,0,12,
0,42,255,245,255,68,255,242,3,155,251,182,6,186,253,117,251,108,192,0,251,0,238,0,253,0,104,0,44,0,21,0,14,0,12,
0,48,255,2,0,80,255,242,3,155,251,182,6,186,253,117,251,108,192,0,251,0,239,0,253,0,104,0,44,0,20,0,13,0,11,
0,71,255,243,255,130,255,230,3,196,251,22,7,20,253,26,251,69,187,0,252,0,239,0,253,0,104,0,44,0,21,0,14,0,12,
0,93,255,219,255,145,255,230,3,196,251,22,7,172,251,169,251,189,189,0,251,0,239,0,253,0,104,0,44,0,20,0,13,0,11,
0,93,255,219,255,145,255,230,3,196,251,22,7,224,252,187,251,250,192,0,251,0,239,0,252,0,104,0,45,0,21,0,14,0,12,
0,36,255,203,255,130,255,230,3,196,251,22,7,224,252,56,251,33,190,0,251,0,239,0,252,0,104,0,44,0,21,0,14,0,11,
0,8,255,191,255,100,255,230,3,196,251,22,7,18,254,56,251,33,190,0,251,0,239,0,252,0,104,0,44,0,20,0,13,0,11,
0,252,254,197,255,82,255,230,3,196,251,22,7,151,252,255,250,169,187,0,251,0,239,0,252,0,104,0,44,0,20,0,13,0,12,
0,252,254,197,255,82,255,230,3,196,251,22,7,190,251,193,251,10,192,0,251,0,239,0,251,0,104,0,44,0,20,0,13,0,11,
0,14,255,166,255,106,255,230,3,196,251,22,7,146,253,246,250,242,190,0,250,0,238,0,250,0,104,0,44,0,21,0,14,0,11,
0,31,255,167,255,119,255,230,3,196,251,22,7,146,253,246,250,117,188,0,250,0,238,0,249,0,104,0,44,0,20,0,14,0,11,
0,31,255,167,255,117,255,230,3,196,251,22,7,97,252,206,250,117,188,0,250,0,239,0,249,0,103,0,43,0,20,0,13,0,11,
0,28,255,163,255,117,255,205,3,208,251,64,6,69,252,49,251,32,191,0,249,0,238,0,247,0,103,0,44,0,21,0,14,0,12,
0,236,254,149,255,106,255,205,3,208,251,64,6,157,252,29,251,180,191,0,249,0,238,0,247,0,102,0,43,0,20,0,13,0,11,
0,237,254,157,255,99,255,205,3,208,251,64,6,157,252,241,250,251,189,0,248,0,238,0,246,0,102,0,44,0,20,0,14,0,12,
0,237,254,157,255,99,255,205,3,208,251,64,6,200,252,241,250,251,189,0,248,0,237,0,245,0,102,0,43,0,20,0,14,0,11,
0,229,254,140,255,117,255,205,3,208,251,64,6,6,252,192,250,28,189,0,248,0,238,0,244,0,101,0,43,0,20,0,13,0,11,
0,199,254,135,255,94,255,205,3,208,251,64,6,123,251,8,251,18,191,0,248,0,237,0,243,0,101,0,43,0,20,0,13,0,11,
0,161,254,127,255,104,255,205,3,208,251,64,6,203,252,226,250,219,190,0,247,0,237,0,242,0,101,0,44,0,21,0,14,0,12,
0,161,254,127,255,104,255,205,3,208,251,64,6,203,252,226,250,102,189,0,247,0,236,0,241,0,100,0,38,0,20,0,14,0,12,
0,132,254,103,255,116,255,205,3,208,251,64,6,176,251,215,250,102,189,0,247,0,236,0,240,0,100,0,39,0,19,0,14,0,12,
0,124,254,96,255,85,255,205,3,208,251,64,6,54,251,251,250,50,190,0,247,0,236,0,239,0,99,0,40,0,16,0,13,0,11,
0,133,254,98,255,91,255,205,3,208,251,64,6,29,252,11,251,227,190,0,246,0,235,0,238,0,99,0,41,0,18,0,13,0,12,
0,133,254,98,255,91,255,176,3,169,251,124,6,51,252,245,250,109,189,0,247,0,236,0,237,0,98,0,40,0,17,0,12,0,11,
0,135,254,102,255,86,255,176,3,169,251,124,6,51,252,245,250,109,189,0,246,0,235,0,235,0,98,0,41,0,18,0,13,0,12,
0,121,254,82,255,80,255,176,3,169,251,124,6,26,251,84,251,48,189,0,246,0,234,0,234,0,97,0,41,0,18,0,13,0,11,
0,121,254,82,255,90,255,176,3,169,251,124,6,226,251,192,251,193,192,0,246,0,234,0,233,0,97,0,41,0,18,0,13,0,11,
0,124,254,67,255,90,255,176,3,169,251,124,6,174,251,193,250,249,186,0,245,0,234,0,232,0,96,0,41,0,18,0,13,0,11,
0,128,254,97,255,98,255,176,3,169,251,124,6,174,251,203,251,237,189,0,246,0,234,0,232,0,95,0,40,0,17,0,12,0,11,
0,99,254,110,255,89,255,176,3,169,251,124,6,194,249,203,251,237,189,0,245,0,233,0,231,0,95,0,41,0,18,0,13,0,11,
0,99,254,110,255,89,255,176,3,169,251,124,6,251,250,203,251,236,191,0,245,0,233,0,231,0,95,0,41,0,18,0,13,0,11,
0,101,254,95,255,72,255,176,3,169,251,124,6,209,251,26,251,5,189,0,245,0,232,0,230,0,94,0,40,0,17,0,12,0,11,
0,84,254,84,255,68,255,176,3,169,251,124,6,181,250,88,251,38,187,0,244,0,232,0,229,0,94,0,40,0,18,0,13,0,11,
0,78,254,94,255,59,255,177,3,196,251,133,6,181,250,88,251,38,189,0,244,0,232,0,229,0,93,0,40,0,17,0,13,0,11,
0,78,254,94,255,59,255,177,3,196,251,133,6,231,249,37,252,135,189,0,244,0,232,0,228,0,93,0,40,0,18,0,13,0,11,
0,131,254,65,255,50,255,177,3,196,251,133,6,26,250,119,252,238,190,0,244,0,232,0,228,0,93,0,40,0,18,0,13,0,11,
0,129,254,60,255,61,255,177,3,196,251,133,6,90,251,235,251,176,189,0,244,0,232,0,228,0,92,0,40,0,17,0,12,0,11,
0,96,254,60,255,50,255,177,3,196,251,133,6,90,251,7,252,196,186,0,243,0,232,0,227,0,92,0,40,0,18,0,13,0,11,
0,96,254,41,255,50,255,177,3,196,251,133,6,31,251,7,252,196,186,0,243,0,232,0,227,0,92,0,39,0,17,0,12,0,11,
0,93,254,82,255,25,255,177,3,196,251,133,6,163,249,100,252,159,187,0,243,0,231,0,227,0,92,0,40,0,18,0,13,0,11,
0,78,254,71,255,19,255,177,3,196,251,133,6,191,249,15,253,31,190,0,242,0,231,0,227,0,93,0,43,0,19,0,13,0,11,
0,78,254,71,255,14,255,177,3,196,251,133,6,79,251,238,252,164,189,0,242,0,231,0,227,0,92,0,43,0,18,0,12,0,11,
0,78,254,83,255,14,255,177,3,196,251,133,6,79,251,238,252,148,186,0,242,0,232,0,228,0,92,0,41,0,18,0,12,0,11,
0,94,254,105,255,19,255,195,3,128,251,19,7,93,251,82,252,148,186,0,241,0,231,0,227,0,92,0,41,0,19,0,13,0,11,
0,101,254,104,255,5,255,195,3,128,251,19,7,54,250,137,252,82,188,0,241,0,231,0,228,0,92,0,41,0,18,0,13,0,11,
0,101,254,104,255,5,255,195,3,128,251,19,7,7,250,55,253,232,189,0,240,0,231,0,228,0,92,0,40,0,18,0,13,0,11,
0,101,254,99,255,247,254,195,3,128,251,19,7,7,251,255,252,156,189,0,240,0,231,0,229,0,92,0,40,0,17,0,12,0,11,
0,77,254,69,255,231,254,195,3,128,251,19,7,5,251,255,252,156,189,0,239,0,231,0,229,0,92,0,40,0,18,0,13,0,11,
0,75,254,94,255,233,254,195,3,128,251,19,7,46,251,65,252,184,186,0,240,0,231,0,230,0,92,0,39,0,17,0,12,0,11,
0,75,254,94,255,233,254,195,3,128,251,19,7,90,249,51,253,70,187,0,239,0,231,0,230,0,93,0,40,0,18,0,13,0,11,
0,92,254,125,255,238,254,195,3,128,251,19,7,79,250,138,253,194,191,0,239,0,231,0,231,0,92,0,40,0,18,0,13,0,11,
0,109,254,113,255,195,254,195,3,128,251,19,7,79,250,138,253,97,188,0,238,0,231,0,232,0,93,0,40,0,18,0,12,0,11,
0,123,254,113,255,196,254,195,3,128,251,19,7,75,251,174,252,97,188,0,238,0,232,0,232,0,92,0,39,0,17,0,12,0,11,
0,123,254,113,255,196,254,204,3,135,251,28,7,93,250,135,252,110,186,0,237,0,232,0,232,0,93,0,40,0,18,0,13,0,11,
0,112,254,106,255,213,254,204,3,135,251,28,7,152,249,25,253,190,188,0,236,0,231,0,233,0,94,0,40,0,18,0,13,0,11,
0,95,254,133,255,213,254,204,3,135,251,28,7,101,250,57,253,232,190,0,236,0,231,0,234,0,94,0,40,0,18,0,13,0,11,
0,95,254,133,255,216,254,204,3,135,251,28,7,101,250,57,253,232,190,0,235,0,232,0,235,0,94,0,40,0,17,0,12,0,11,
0,91,254,131,255,216,254,204,3,135,251,28,7,198,251,139,252,134,189,0,235,0,231,0,235,0,95,0,40,0,18,0,13,0,12,
0,110,254,100,255,207,254,204,3,135,251,28,7,85,250,143,252,193,185,0,235,0,232,0,236,0,94,0,40,0,17,0,13,0,11,
0,148,254,120,255,199,254,204,3,135,251,28,7,127,249,43,253,251,188,0,234,0,231,0,236,0,95,0,40,0,19,0,13,0,12,
0,148,254,120,255,199,254,204,3,135,251,28,7,127,249,38,253,194,190,0,234,0,232,0,237,0,95,0,40,0,18,0,13,0,11,
0,149,254,132,255,197,254,204,3,135,251,28,7,88,250,38,253,194,190,0,233,0,232,0,238,0,95,0,40,0,18,0,12,0,11,
0,121,254,139,255,196,254,204,3,135,251,28,7,194,251,157,252,69,189,0,233,0,232,0,239,0,95,0,40,0,17,0,12,0,11,
0,103,254,143,255,184,254,204,3,135,251,28,7,194,250,171,252,70,186,0,232,0,232,0,239,0,96,0,41,0,19,0,13,0,11,
0,103,254,143,255,184,254,191,3,191,251,255,5,109,249,2,253,254,188,0,232,0,232,0,240,0,97,0,41,0,20,0,13,0,11,
0,131,254,141,255,189,254,191,3,191,251,255,5,109,249,2,253,69,191,0,232,0,232,0,241,0,97,0,41,0,20,0,13,0,11,
0,116,254,127,255,193,254,191,3,191,251,255,5,64,250,47,253,69,191,0,232,0,232,0,242,0,97,0,41,0,20,0,13,0,11,
0,113,254,127,255,195,254,191,3,191,251,255,5,219,251,145,252,49,190,0,232,0,232,0,243,0,97,0,40,0,19,0,13,0,11,
0,113,254,124,255,195,254,191,3,191,251,255,5,171,250,116,252,211,186,0,231,0,232,0,243,0,98,0,41,0,20,0,13,0,11,
0,118,254,123,255,171,254,191,3,191,251,255,5,171,250,59,253,34,190,0,230,0,232,0,244,0,99,0,41,0,19,0,13,0,11,
0,144,254,132,255,189,254,191,3,191,251,255,5,75,249,59,253,34,190,0,230,0,232,0,245,0,99,0,41,0,19,0,13,0,11,
0,144,254,132,255,170,254,191,3,191,251,255,5,80,251,222,252,188,191,0,230,0,233,0,245,0,99,0,41,0,19,0,13,0,11,
0,156,254,145,255,170,254,191,3,191,251,255,5,118,251,6,252,229,187,0,230,0,233,0,246,0,99,0,41,0,18,0,13,0,11,
0,178,254,177,255,158,254,191,3,191,251,255,5,209,249,181,252,65,188,0,230,0,233,0,246,0,99,0,41,0,19,0,13,0,11,
0,162,254,190,255,165,254,239,3,136,251,237,6,209,249,181,252,81,191,0,229,0,233,0,246,0,100,0,42,0,20,0,14,0,11,
0,162,254,190,255,165,254,239,3,136,251,237,6,76,250,5,253,81,191,0,229,0,233,0,247,0,100,0,42,0,20,0,13,0,12,
0,163,254,178,255,145,254,239,3,136,251,237,6,29,251,141,252,254,190,0,230,0,233,0,247,0,100,0,42,0,19,0,13,0,11,
0,204,254,142,255,155,254,239,3,136,251,237,6,4,251,207,251,17,187,0,229,0,233,0,247,0,101,0,43,0,20,0,14,0,12,
0,237,254,127,255,168,254,239,3,136,251,237,6,141,249,173,252,119,190,0,229,0,233,0,247,0,100,0,42,0,20,0,13,0,11,
0,237,254,127,255,168,254,239,3,136,251,237,6,141,249,173,252,119,190,0,229,0,233,0,247,0,101,0,43,0,20,0,14,0,11,
0,192,254,128,255,145,254,239,3,136,251,237,6,139,251,125,252,202,191,0,229,0,233,0,247,0,101,0,43,0,20,0,14,0,12,
0,149,254,109,255,138,254,239,3,136,251,237,6,216,250,126,252,78,189,0,228,0,233,0,247,0,101,0,43,0,20,0,13,0,11,
0,149,254,109,255,151,254,239,3,136,251,237,6,98,250,201,252,52,190,0,229,0,234,0,248,0,101,0,43,0,20,0,13,0,11,
0,104,254,100,255,151,254,239,3,136,251,237,6,98,250,39,252,19,190,0,228,0,233,0,247,0,102,0,43,0,20,0,14,0,12,
0,108,254,72,255,129,254,144,3,253,251,214,5,218,250,39,252,19,190,0,228,0,234,0,247,0,102,0,43,0,20,0,14,0,11,
0,160,254,65,255,122,254,144,3,253,251,214,5,196,250,11,252,220,189,0,228,0,234,0,247,0,101,0,43,0,20,0,14,0,11,
0,160,254,65,255,136,254,144,3,253,251,214,5,23,250,13,252,96,189,0,228,0,234,0,247,0,101,0,43,0,20,0,13,0,11,
0,136,254,78,255,136,254,144,3,253,251,214,5,252,250,103,252,180,190,0,229,0,234,0,247,0,101,0,43,0,20,0,13,0,11,
0,112,254,79,255,140,254,144,3,253,251,214,5,252,250,103,252,180,188,0,229,0,234,0,247,0,101,0,43,0,19,0,13,0,11,
0,130,254,67,255,128,254,144,3,253,251,214,5,203,250,85,252,235,188,0,228,0,234,0,247,0,102,0,43,0,20,0,14,0,11,
0,130,254,67,255,128,254,144,3,253,251,214,5,76,250,11,252,3,189,0,228,0,234,0,246,0,102,0,43,0,20,0,13,0,11,
0,151,254,55,255,127,254,144,3,253,251,214,5,42,250,95,252,244,189,0,229,0,234,0,246,0,101,0,43,0,20,0,13,0,11,
0,146,254,25,255,134,254,144,3,253,251,214,5,42,250,102,252,217,190,0,229,0,234,0,246,0,100,0,42,0,19,0,14,0,11,
0,105,254,7,255,108,254,144,3,253,251,214,5,150,250,102,252,217,190,0,229,0,234,0,246,0,101,0,43,0,19,0,13,0,11,
0,105,254,7,255,108,254,203,3,147,251,108,7,34,251,244,251,56,189,0,229,0,234,0,246,0,101,0,43,0,20,0,14,0,12,
0,85,254,11,255,97,254,203,3,147,251,108,7,176,250,255,251,186,189,0,229,0,234,0,246,0,101,0,43,0,20,0,14,0,12,
0,104,254,29,255,120,254,203,3,147,251,108,7,245,249,141,252,45,190,0,229,0,235,0,246,0,101,0,43,0,20,0,13,0,11,
0,104,254,29,255,138,254,203,3,147,251,108,7,245,249,141,252,198,189,0,229,0,234,0,246,0,100,0,43,0,20,0,13,0,11,
0,93,254,0,255,138,254,203,3,147,251,108,7,114,250,34,252,198,189,0,229,0,234,0,245,0,101,0,43,0,20,0,14,0,12,
0,104,254,230,254,130,254,203,3,147,251,108,7,192,250,224,251,189,189,0,230,0,234,0,245,0,101,0,43,0,20,0,14,0,11,
0,131,254,241,254,124,254,203,3,147,251,108,7,139,250,213,251,71,188,0,230,0,234,0,245,0,101,0,43,0,20,0,14,0,11,
0,131,254,241,254,116,254,203,3,147,251,108,7,139,249,140,252,51,190,0,229,0,234,0,245,0,100,0,43,0,19,0,13,0,11,
0,116,254,240,254,116,254,203,3,147,251,108,7,136,249,140,252,51,190,0,230,0,235,0,245,0,100,0,43,0,20,0,14,0,11,
0,122,254,245,254,116,254,203,3,147,251,108,7,176,251,181,251,107,190,0,230,0,235,0,245,0,100,0,43,0,19,0,13,0,11,
0,120,254,241,254,114,254,203,3,147,251,108,6,13,250,212,251,225,185,0,230,0,234,0,245,0,101,0,43,0,20,0,14,0,11,
0,120,254,241,254,114,254,208,3,158,251,120,6,187,249,122,252,203,191,0,230,0,234,0,245,0,100,0,43,0,20,0,13,0,11,
0,110,254,233,254,99,254,208,3,158,251,120,6,187,249,122,252,187,190,0,229,0,234,0,245,0,100,0,43,0,19,0,13,0,11,
0,121,254,234,254,91,254,208,3,158,251,120,6,239,251,220,251,187,190,0,230,0,234,0,246,0,100,0,42,0,20,0,13,0,11,
0,131,254,205,254,72,254,208,3,158,251,120,6,217,250,81,251,171,186,0,230,0,234,0,245,0,100,0,37,0,19,0,14,0,12,
0,131,254,205,254,72,254,208,3,158,251,120,6,139,249,16,252,117,189,0,230,0,234,0,245,0,100,0,38,0,18,0,13,0,12,
0,140,254,204,254,62,254,208,3,158,251,120,6,71,250,253,251,144,192,0,230,0,234,0,245,0,100,0,40,0,19,0,13,0,12,
0,149,254,212,254,79,254,208,3,158,251,120,6,71,250,253,251,144,192,0,230,0,234,0,246,0,100,0,40,0,19,0,13,0,11,
0,149,254,212,254,103,254,208,3,158,251,120,6,134,251,142,251,166,189,0,229,0,233,0,245,0,100,0,41,0,19,0,13,0,11,
0,144,254,207,254,103,254,208,3,158,251,120,6,247,249,79,251,37,187,0,230,0,234,0,246,0,100,0,41,0,18,0,13,0,11,
0,130,254,180,254,112,254,208,3,158,251,120,6,129,249,74,252,198,190,0,229,0,233,0,246,0,100,0,41,0,20,0,13,0,11,
0,134,254,171,254,79,254,168,3,204,251,112,6,129,249,200,251,218,191,0,229,0,233,0,246,0,100,0,42,0,20,0,13,0,12,
0,134,254,171,254,79,254,168,3,204,251,112,6,76,250,200,251,218,191,0,230,0,234,0,246,0,100,0,42,0,20,0,13,0,11,
0,127,254,203,254,96,254,168,3,204,251,112,6,60,251,46,251,203,187,0,229,0,233,0,246,0,101,0,43,0,20,0,14,0,12,
0,86,254,203,254,84,254,168,3,204,251,112,6,98,249,34,252,67,190,0,230,0,234,0,247,0,100,0,42,0,19,0,13,0,11,
0,98,254,187,254,74,254,168,3,204,251,112,6,12,251,181,251,254,189,0,229,0,233,0,246,0,101,0,43,0,20,0,14,0,11,
0,98,254,187,254,74,254,168,3,204,251,112,6,12,251,181,251,34,189,0,229,0,233,0,247,0,101,0,43,0,20,0,14,0,12,
0,115,254,203,254,84,254,168,3,204,251,112,6,35,250,120,251,34,189,0,230,0,233,0,247,0,101,0,42,0,19,0,13,0,11,
0,119,254,200,254,69,254,168,3,204,251,112,6,6,250,13,252,206,190,0,229,0,233,0,247,0,101,0,43,0,20,0,14,0,12,
0,110,254,190,254,61,254,168,3,204,251,112,6,196,250,184,251,64,190,0,230,0,234,0,247,0,100,0,42,0,19,0,13,0,11,
0,110,254,190,254,61,254,168,3,204,251,112,6,196,250,186,251,152,189,0,230,0,233,0,247,0,102,0,43,0,20,0,14,0,11,
0,98,254,201,254,61,254,204,3,163,251,76,7,236,250,186,251,152,189,0,230,0,233,0,247,0,101,0,43,0,20,0,14,0,12,
0,123,254,196,254,32,254,204,3,163,251,76,7,199,249,22,252,75,190,0,230,0,234,0,248,0,101,0,43,0,19,0,13,0,11,
0,123,254,196,254,39,254,204,3,163,251,76,7,58,251,53,252,219,192,0,230,0,234,0,248,0,101,0,42,0,20,0,13,0,11,
0,103,254,185,254,39,254,204,3,163,251,76,7,181,250,187,251,150,188,0,230,0,233,0,248,0,102,0,43,0,20,0,14,0,12,
0,96,254,163,254,30,254,204,3,163,251,76,7,181,250,187,251,55,188,0,231,0,233,0,248,0,102,0,47,0,21,0,13,0,11,
0,117,254,159,254,19,254,204,3,163,251,76,7,157,249,245,251,55,188,0,231,0,233,0,248,0,102,0,47,0,21,0,13,0,11,
0,117,254,159,254,19,254,204,3,163,251,76,7,38,250,151,252,3,193,0,232,0,234,0,249,0,102,0,46,0,20,0,13,0,11,
0,132,254,142,254,45,254,204,3,163,251,76,7,34,252,102,251,120,189,0,232,0,234,0,249,0,101,0,45,0,20,0,13,0,11,
0,111,254,111,254,67,254,204,3,163,251,76,7,241,249,16,252,117,188,0,232,0,233,0,248,0,102,0,45,0,21,0,14,0,12,
0,102,254,114,254,58,254,204,3,163,251,76,7,241,249,16,252,117,188,0,233,0,234,0,249,0,102,0,45,0,21,0,14,0,11,
0,102,254,114,254,58,254,218,3,157,251,231,5,103,250,133,252,172,192,0,233,0,233,0,248,0,102,0,44,0,21,0,14,0,12,
0,123,254,94,254,49,254,218,3,157,251,231,5,241,250,59,252,38,192,0,234,0,234,0,248,0,102,0,44,0,20,0,13,0,11,
0,87,254,98,254,38,254,218,3,157,251,231,5,163,251,178,251,50,189,0,234,0,234,0,249,0,102,0,43,0,20,0,14,0,12,
0,73,254,104,254,40,254,218,3,157,251,231,5,163,251,35,252,128,188,0,235,0,234,0,248,0,102,0,44,0,20,0,13,0,11,
0,73,254,104,254,40,254,218,3,157,251,231,5,138,250,35,252,128,188,0,235,0,233,0,248,0,102,0,44,0,21,0,14,0,11,
0,78,254,95,254,49,254,218,3,157,251,231,5,209,249,152,252,183,190,0,235,0,233,0,248,0,102,0,44,0,20,0,14,0,12,
0,125,254,94,254,45,254,218,3,157,251,231,5,88,251,57,252,166,192,0,236,0,234,0,248,0,102,0,44,0,20,0,14,0,11,
0,125,254,94,254,49,254,218,3,157,251,231,5,122,251,189,251,84,188,0,236,0,234,0,248,0,102,0,43,0,21,0,14,0,11,
0,140,254,95,254,49,254,218,3,157,251,231,5,122,251,189,251,84,189,0,236,0,234,0,248,0,102,0,43,0,20,0,13,0,11,
0,136,254,68,254,36,254,218,3,157,251,231,5,166,249,86,252,222,189,0,236,0,234,0,247,0,102,0,44,0,20,0,14,0,11,
0,114,254,48,254,60,254,174,3,195,251,78,6,10,251,168,252,193,192,0,236,0,234,0,247,0,102,0,43,0,20,0,14,0,11,
0,114,254,48,254,60,254,174,3,195,251,78,6,127,251,42,252,230,190,0,237,0,234,0,247,0,102,0,43,0,20,0,13,0,11,
0,106,254,38,254,65,254,174,3,195,251,78,6,127,251,222,251,90,188,0,237,0,234,0,247,0,101,0,43,0,19,0,13,0,11,
0,104,254,47,254,76,254,174,3,195,251,78,6,154,250,222,251,90,188,0,237,0,234,0,247,0,102,0,43,0,20,0,14,0,11,
0,108,254,23,254,48,254,174,3,195,251,78,6,215,249,140,252,114,191,0,237,0,233,0,247,0,101,0,43,0,20,0,14,0,11,
0,108,254,23,254,48,254,174,3,195,251,78,6,54,251,14,252,103,192,0,238,0,234,0,247,0,101,0,43,0,19,0,13,0,11,
0,84,254,11,254,30,254,174,3,195,251,78,6,175,250,211,251,56,190,0,238,0,234,0,247,0,101,0,43,0,20,0,13,0,11,
0,19,254,14,254,37,254,174,3,195,251,78,6,175,250,211,251,48,190,0,238,0,235,0,247,0,101,0,43,0,21,0,14,0,11,
0,67,254,8,254,32,254,174,3,195,251,78,6,61,250,81,252,48,190,0,239,0,234,0,246,0,101,0,43,0,20,0,13,0,11,
0,67,254,8,254,32,254,174,3,195,251,78,6,153,250,137,252,3,192,0,238,0,234,0,246,0,101,0,44,0,20,0,14,0,12,
0,116,254,2,254,38,254,174,3,195,251,78,6,181,250,232,251,246,189,0,239,0,234,0,245,0,101,0,43,0,20,0,14,0,12,
0,71,254,239,253,57,254,223,3,168,251,118,6,133,250,26,252,143,191,0,239,0,235,0,246,0,101,0,43,0,20,0,13,0,11,
0,71,254,239,253,42,254,223,3,168,251,118,6,133,250,26,252,143,191,0,239,0,234,0,245,0,101,0,43,0,20,0,14,0,12,
0,62,254,9,254,42,254,223,3,168,251,118,6,73,250,139,252,105,192,0,240,0,234,0,245,0,100,0,43,0,19,0,13,0,11,
0,93,254,13,254,44,254,223,3,168,251,118,6,171,250,23,252,84,190,0,240,0,234,0,245,0,101,0,43,0,21,0,14,0,12,
0,127,254,16,254,51,254,223,3,168,251,118,6,41,250,43,252,170,189,0,240,0,234,0,244,0,101,0,43,0,20,0,14,0,12,
0,127,254,16,254,51,254,223,3,168,251,118,6,41,250,43,252,35,192,0,241,0,234,0,244,0,100,0,43,0,20,0,13,0,11,
0,85,254,34,254,71,254,223,3,168,251,118,6,124,249,141,252,35,192,0,241,0,234,0,244,0,100,0,43,0,20,0,13,0,11,
0,32,254,0,254,106,254,223,3,168,251,118,6,38,250,35,252,103,191,0,241,0,234,0,243,0,100,0,43,0,20,0,14,0,12,
0,45,254,217,253,85,254,223,3,168,251,118,6,12,250,41,252,75,191,0,241,0,234,0,243,0,100,0,43,0,20,0,13,0,11,
0,45,254,217,253,85,254,223,3,168,251,118,6,196,249,60,252,190,189,0,241,0,234,0,243,0,100,0,43,0,20,0,13,0,11,
0,48,254,177,253,68,254,218,3,183,251,6,7,196,249,60,252,190,189,0,242,0,234,0,242,0,100,0,42,0,19,0,13,0,11,
0,39,254,173,253,65,254,218,3,183,251,6,7,117,249,167,252,146,191,0,243,0,234,0,242,0,99,0,42,0,20,0,14,0,11,
0,20,254,218,253,77,254,218,3,183,251,6,7,8,250,187,252,38,192,0,243,0,234,0,242,0,99,0,42,0,19,0,13,0,11,
0,20,254,218,253,77,254,218,3,183,251,6,7,251,249,20,252,56,189,0,242,0,233,0,241,0,99,0,43,0,20,0,14,0,11,
0,48,254,245,253,59,254,218,3,183,251,6,7,251,249,138,252,12,189,0,243,0,234,0,241,0,99,0,42,0,20,0,13,0,11,
0,45,254,245,253,54,254,218,3,183,251,6,7,227,248,138,252,12,189,0,243,0,233,0,241,0,99,0,42,0,19,0,13,0,11,
0,45,254,245,253,59,254,218,3,183,251,6,7,104,248,226,252,92,192,0,244,0,234,0,241,0,99,0,42,0,20,0,14,0,11,
0,66,254,253,253,59,254,218,3,183,251,6,7,60,250,28,252,33,191,0,244,0,234,0,241,0,98,0,41,0,19,0,13,0,11,
0,73,254,4,254,39,254,218,3,183,251,6,7,61,249,221,251,238,187,0,244,0,234,0,240,0,99,0,42,0,20,0,14,0,11,
0,66,254,13,254,61,254,218,3,183,251,6,7,61,249,221,251,167,190,0,244,0,234,0,240,0,99,0,42,0,20,0,13,0,11,
0,66,254,13,254,61,254,193,3,155,251,243,7,58,248,253,252,167,190,0,245,0,234,0,240,0,98,0,42,0,19,0,13,0,11,
0,91,254,5,254,70,254,193,3,155,251,243,7,122,249,144,252,61,192,0,245,0,234,0,240,0,99,0,42,0,20,0,14,0,11,
0,66,254,4,254,84,254,193,3,155,251,243,7,117,250,227,251,89,189,0,246,0,234,0,240,0,98,0,42,0,19,0,13,0,11,
0,56,254,6,254,96,254,193,3,155,251,243,7,117,250,115,252,82,188,0,246,0,234,0,240,0,99,0,42,0,20,0,14,0,11,
0,56,254,6,254,96,254,193,3,155,251,243,7,206,248,115,252,82,188,0,246,0,234,0,240,0,98,0,41,0,19,0,13,0,11,
0,86,254,2,254,89,254,193,3,155,251,243,7,222,247,221,252,78,190,0,246,0,234,0,240,0,98,0,42,0,19,0,13,0,11,
0,85,254,39,254,99,254,193,3,155,251,243,7,205,249,42,252,28,192,0,247,0,234,0,239,0,98,0,42,0,18,0,13,0,11,
0,82,254,39,254,105,254,193,3,155,251,243,7,98,249,127,251,62,187,0,247,0,235,0,240,0,98,0,41,0,20,0,13,0,11,
0,82,254,45,254,105,254,193,3,155,251,243,7,98,249,127,251,23,190,0,247,0,234,0,239,0,98,0,42,0,18,0,13,0,11,
0,85,254,59,254,90,254,193,3,155,251,243,7,114,247,131,252,23,190,0,247,0,234,0,239,0,98,0,41,0,18,0,13,0,11,
0,88,254,89,254,99,254,28,4,161,251,252,6,209,249,14,252,28,192,0,247,0,235,0,240,0,97,0,41,0,20,0,13,0,11,
0,88,254,89,254,97,254,28,4,161,251,252,6,169,249,179,251,179,188,0,247,0,234,0,239,0,98,0,41,0,18,0,13,0,11,
0,94,254,92,254,97,254,28,4,161,251,252,6,44,248,88,252,205,189,0,248,0,235,0,239,0,97,0,41,0,17,0,12,0,11,
0,77,254,101,254,86,254,28,4,161,251,252,6,44,248,88,252,205,189,0,248,0,235,0,239,0,98,0,41,0,18,0,13,0,11,
0,77,254,131,254,101,254,28,4,161,251,252,6,31,249,59,252,191,191,0,248,0,235,0,239,0,97,0,41,0,19,0,13,0,11,
0,77,254,131,254,101,254,28,4,161,251,252,6,175,249,218,251,211,188,0,248,0,234,0,239,0,98,0,41,0,18,0,12,0,11,
0,79,254,118,254,68,254,28,4,161,251,252,6,136,248,29,252,14,190,0,249,0,235,0,239,0,97,0,41,0,18,0,12,0,11,
0,63,254,121,254,57,254,28,4,161,251,252,6,136,248,37,252,186,190,0,248,0,235,0,239,0,98,0,41,0,19,0,13,0,11,
0,80,254,126,254,62,254,28,4,161,251,252,6,253,248,37,252,186,190,0,248,0,235,0,239,0,98,0,41,0,19,0,13,0,11,
0,80,254,126,254,62,254,28,4,161,251,252,6,34,249,12,252,38,189,0,249,0,235,0,239,0,98,0,41,0,19,0,13,0,11,
0,89,254,157,254,69,254,28,4,161,251,252,6,225,248,86,252,221,188,0,249,0,236,0,239,0,98,0,41,0,18,0,13,0,11,
0,64,254,175,254,84,254,253,3,165,251,182,5,239,248,229,251,237,189,0,249,0,236,0,240,0,97,0,36,0,19,0,13,0,12,
0,97,254,175,254,72,254,253,3,165,251,182,5,239,248,229,251,237,190,0,249,0,236,0,239,0,98,0,38,0,17,0,13,0,12,
0,97,254,176,254,72,254,253,3,165,251,182,5,225,248,61,252,85,190,0,249,0,237,0,239,0,98,0,39,0,18,0,13,0,12,
0,75,254,177,254,44,254,253,3,165,251,182,5,122,249,13,252,183,189,0,249,0,237,0,240,0,98,0,40,0,20,0,13,0,12,
0,79,254,164,254,45,254,253,3,165,251,182,5,159,248,22,252,57,188,0,249,0,237,0,240,0,98,0,40,0,18,0,13,0,11,
0,79,254,164,254,40,254,253,3,165,251,182,5,159,248,73,252,0,190,0,249,0,238,0,241,0,97,0,40,0,19,0,13,0,12,
0,105,254,187,254,40,254,253,3,165,251,182,5,181,248,73,252,0,190,0,249,0,238,0,241,0,98,0,40,0,19,0,13,0,11,
0,93,254,188,254,10,254,253,3,165,251,182,5,196,249,48,252,43,190,0,249,0,237,0,241,0,98,0,41,0,20,0,13,0,12,
0,88,254,200,254,7,254,253,3,165,251,182,5,176,249,17,252,223,187,0,249,0,238,0,241,0,98,0,41,0,19,0,13,0,11,
0,88,254,200,254,7,254,253,3,165,251,182,5,230,248,237,252,11,190,0,249,0,238,0,241,0,98,0,41,0,19,0,13,0,11,
0,26,254,215,254,9,254,240,3,106,251,63,7,230,248,237,252,48,190,0,249,0,238,0,241,0,98,0,41,0,20,0,13,0,11,
0,23,254,208,254,13,254,240,3,106,251,63,7,221,249,163,252,48,190,0,249,0,239,0,242,0,98,0,41,0,19,0,13,0,11,
0,102,254,223,254,53,254,240,3,106,251,63,7,137,250,77,252,134,189,0,249,0,238,0,242,0,99,0,41,0,20,0,13,0,11,
0,102,254,223,254,53,254,240,3,106,251,63,7,168,249,253,251,154,186,0,249,0,238,0,242,0,99,0,41,0,20,0,13,0,11,
0,144,254,220,254,67,254,240,3,106,251,63,7,230,248,230,252,34,191,0,248,0,239,0,242,0,99,0,42,0,20,0,13,0,12,
0,61,254,202,254,55,254,240,3,106,251,63,7,230,248,230,252,34,191,0,248,0,239,0,242,0,99,0,42,0,20,0,14,0,12,
0,57,254,202,254,68,254,240,3,106,251,63,7,244,250,123,252,56,190,0,249,0,239,0,243,0,98,0,41,0,19,0,13,0,11,
0,57,254,199,254,68,254,240,3,106,251,63,7,105,250,240,251,207,186,0,248,0,239,0,242,0,99,0,42,0,20,0,13,0,11,
0,110,254,182,254,52,254,240,3,106,251,63,7,130,248,179,252,208,188,0,248,0,239,0,243,0,99,0,42,0,20,0,14,0,11,
0,124,254,216,254,52,254,240,3,106,251,63,7,130,248,179,252,238,191,0,248,0,239,0,243,0,99,0,42,0,19,0,13,0,11,
0,124,254,216,254,34,254,249,3,102,251,57,6,130,250,111,252,238,191,0,248,0,239,0,243,0,99,0,42,0,20,0,14,0,12,
0,80,254,206,254,34,254,249,3,102,251,57,6,1,251,55,252,30,190,0,248,0,239,0,243,0,99,0,46,0,20,0,13,0,11,
0,75,254,215,254,33,254,249,3,102,251,57,6,149,249,53,252,144,186,0,247,0,239,0,243,0,100,0,46,0,21,0,13,0,11,
0,110,254,222,254,48,254,249,3,102,251,57,6,240,248,227,252,125,189,0,248,0,239,0,243,0,99,0,45,0,21,0,13,0,11,
0,110,254,222,254,48,254,249,3,102,251,57,6,240,248,227,252,125,189,0,247,0,239,0,243,0,99,0,44,0,20,0,13,0,11,
0,108,254,196,254,55,254,249,3,102,251,57,6,196,249,161,252,60,191,0,248,0,239,0,243,0,99,0,43,0,21,0,14,0,12,
0,109,254,190,254,54,254,249,3,102,251,57,6,255,250,174,251,70,188,0,248,0,239,0,243,0,99,0,43,0,20,0,13,0,11,
0,133,254,186,254,60,254,249,3,102,251,57,6,176,249,16,252,73,187,0,247,0,238,0,242,0,99,0,43,0,20,0,13,0,11,
0,133,254,186,254,60,254,249,3,102,251,57,6,176,249,220,252,234,190,0,248,0,239,0,242,0,99,0,43,0,20,0,13,0,11,
0,149,254,203,254,51,254,249,3,102,251,57,6,232,248,220,252,234,190,0,247,0,238,0,241,0,99,0,43,0,20,0,13,0,11,
0,142,254,231,254,31,254,196,3,154,251,205,6,156,250,60,252,81,191,0,247,0,238,0,242,0,99,0,42,0,20,0,13,0,12,
0,142,254,231,254,40,254,196,3,154,251,205,6,240,249,144,251,47,187,0,248,0,238,0,241,0,98,0,42,0,19,0,13,0,11,
0,123,254,214,254,40,254,196,3,154,251,205,6,199,248,157,252,200,191,0,247,0,238,0,241,0,99,0,43,0,20,0,14,0,12,
0,89,254,190,254,28,254,196,3,154,251,205,6,199,248,157,252,3,189,0,247,0,238,0,241,0,99,0,43,0,20,0,13,0,11,
0,63,254,191,254,18,254,196,3,154,251,205,6,18,250,194,251,3,189,0,247,0,238,0,241,0,99,0,42,0,19,0,13,0,11,
0,63,254,191,254,7,254,196,3,154,251,205,6,202,248,227,251,171,188,0,247,0,238,0,240,0,98,0,42,0,19,0,13,0,11,
0,53,254,160,254,7,254,196,3,154,251,205,6,146,249,254,251,185,190,0,247,0,237,0,240,0,99,0,42,0,20,0,14,0,12,
0,61,254,160,254,29,254,196,3,154,251,205,6,146,249,133,251,65,188,0,246,0,237,0,240,0,98,0,42,0,20,0,13,0,11,
0,74,254,183,254,34,254,196,3,154,251,205,6,27,250,133,251,65,188,0,246,0,237,0,239,0,98,0,42,0,18,0,13,0,11,
0,74,254,183,254,34,254,196,3,154,251,205,6,70,248,10,252,236,188,0,247,0,237,0,239,0,97,0,42,0,18,0,13,0,11,
0,56,254,181,254,65,254,196,3,154,251,205,6,64,249,182,251,199,191,0,247,0,238,0,239,0,97,0,41,0,17,0,12,0,11,
0,86,254,178,254,91,254,66,4,113,251,53,7,201,249,148,251,91,190,0,246,0,237,0,239,0,98,0,42,0,19,0,13,0,12,
0,118,254,169,254,83,254,66,4,113,251,53,7,201,249,148,251,202,186,0,246,0,237,0,239,0,98,0,42,0,19,0,13,0,11,
0,118,254,169,254,83,254,66,4,113,251,53,7,26,249,73,251,202,186,0,246,0,237,0,238,0,98,0,41,0,19,0,13,0,11,
0,83,254,161,254,85,254,66,4,113,251,53,7,227,247,235,251,68,191,0,247,0,237,0,239,0,97,0,41,0,18,0,12,0,11,
0,38,254,150,254,61,254,66,4,113,251,53,7,98,250,31,251,216,190,0,246,0,236,0,238,0,98,0,42,0,19,0,13,0,11,
0,38,254,150,254,45,254,66,4,113,251,53,7,196,248,202,250,122,186,0,247,0,237,0,238,0,97,0,41,0,18,0,13,0,11,
0,33,254,164,254,45,254,66,4,113,251,53,7,196,248,202,250,122,186,0,246,0,236,0,237,0,97,0,42,0,19,0,13,0,12,
0,30,254,186,254,52,254,66,4,113,251,53,7,179,247,7,252,126,191,0,246,0,236,0,237,0,97,0,42,0,19,0,13,0,11,
0,35,254,188,254,53,254,66,4,113,251,53,7,50,249,69,251,145,190,0,246,0,235,0,237,0,97,0,41,0,19,0,13,0,11,
0,35,254,188,254,84,254,66,4,113,251,53,7,131,247,171,251,49,189,0,246,0,235,0,237,0,97,0,41,0,19,0,13,0,11,
0,21,254,188,254,84,254,243,3,178,251,117,6,131,247,95,251,14,191,0,246,0,235,0,237,0,96,0,40,0,17,0,13,0,11,
0,249,253,188,254,66,254,243,3,178,251,117,6,169,248,95,251,14,191,0,245,0,235,0,236,0,97,0,41,0,19,0,13,0,11,
0,226,253,193,254,63,254,243,3,178,251,117,6,26,249,223,250,238,188,0,245,0,235,0,236,0,97,0,41,0,18,0,13,0,11,
0,226,253,193,254,63,254,243,3,178,251,117,6,132,247,111,251,185,190,0,245,0,234,0,236,0,96,0,41,0,19,0,13,0,11,
0,237,253,191,254,50,254,243,3,178,251,117,6,200,248,75,251,88,191,0,245,0,234,0,236,0,96,0,41,0,19,0,13,0,11,
0,5,254,209,254,44,254,243,3,178,251,117,6,200,248,75,251,240,187,0,245,0,234,0,236,0,96,0,40,0,17,0,12,0,11,
0,237,253,245,254,76,254,243,3,178,251,117,6,71,249,149,250,240,187,0,245,0,234,0,236,0,96,0,41,0,19,0,13,0,11,
0,237,253,245,254,76,254,243,3,178,251,117,6,67,247,111,251,84,188,0,244,0,234,0,236,0,96,0,41,0,19,0,13,0,11,
0,215,253,241,254,83,254,243,3,178,251,117,6,245,247,99,251,200,192,0,244,0,233,0,236,0,96,0,40,0,18,0,13,0,11,
0,197,253,251,254,91,254,243,3,178,251,117,6,245,247,73,250,12,190,0,244,0,234,0,236,0,96,0,41,0,18,0,13,0,11,
0,197,253,251,254,98,254,24,4,120,251,111,7,102,249,73,250,12,190,0,244,0,233,0,236,0,96,0,41,0,19,0,13,0,12,
0,178,253,224,254,98,254,24,4,120,251,111,7,94,248,124,250,38,188,0,244,0,233,0,236,0,96,0,41,0,19,0,13,0,11,
0,138,253,242,254,115,254,24,4,120,251,111,7,18,247,178,251,119,191,0,244,0,233,0,236,0,96,0,41,0,19,0,13,0,11,
0,135,253,19,255,100,254,24,4,120,251,111,7,167,249,211,250,53,191,0,244,0,233,0,237,0,96,0,40,0,18,0,13,0,11,
0,135,253,19,255,100,254,24,4,120,251,111,7,167,249,211,250,163,187,0,244,0,233,0,237,0,96,0,40,0,18,0,13,0,11,
0,143,253,15,255,71,254,24,4,120,251,111,7,69,248,183,250,163,187,0,244,0,233,0,237,0,97,0,41,0,19,0,13,0,11,
0,152,253,3,255,61,254,24,4,120,251,111,7,175,247,117,251,18,191,0,244,0,233,0,237,0,96,0,41,0,19,0,13,0,11,
0,191,253,13,255,73,254,24,4,120,251,111,7,207,248,217,250,217,189,0,244,0,233,0,238,0,97,0,41,0,19,0,13,0,11,
0,191,253,13,255,73,254,24,4,120,251,111,7,171,247,9,251,67,188,0,244,0,233,0,238,0,96,0,40,0,17,0,12,0,11,
0,165,253,250,254,88,254,24,4,120,251,111,7,171,247,9,251,67,188,0,244,0,232,0,238,0,97,0,41,0,18,0,13,0,11,
0,144,253,235,254,73,254,18,4,181,251,96,6,45,249,138,251,224,191,0,245,0,233,0,239,0,96,0,40,0,17,0,12,0,11,
0,177,253,238,254,39,254,18,4,181,251,96,6,66,249,224,250,213,187,0,244,0,232,0,238,0,97,0,41,0,19,0,13,0,11,
0,177,253,238,254,39,254,18,4,181,251,96,6,214,247,245,251,154,190,0,244,0,232,0,238,0,97,0,41,0,19,0,13,0,11,
0,179,253,245,254,33,254,18,4,181,251,96,6,214,247,170,251,57,191,0,245,0,232,0,239,0,97,0,41,0,18,0,13,0,11,
0,145,253,251,254,60,254,18,4,181,251,96,6,231,249,170,251,57,191,0,245,0,232,0,239,0,97,0,40,0,18,0,12,0,11,
0,145,253,251,254,77,254,18,4,181,251,96,6,136,249,3,251,195,187,0,245,0,232,0,239,0,97,0,41,0,19,0,13,0,11,
0,135,253,11,255,77,254,18,4,181,251,96,6,65,248,106,251,233,187,0,245,0,232,0,239,0,97,0,41,0,19,0,13,0,11,
0,137,253,20,255,99,254,18,4,181,251,96,6,212,248,41,252,229,191,0,245,0,232,0,239,0,97,0,41,0,18,0,13,0,12,
0,137,253,10,255,84,254,18,4,181,251,96,6,212,248,41,252,229,191,0,245,0,232,0,239,0,97,0,41,0,18,0,13,0,11,
0,137,253,10,255,84,254,18,4,181,251,96,6,90,250,136,251,15,190,0,246,0,232,0,239,0,97,0,41,0,19,0,13,0,11,
0,153,253,32,255,81,254,18,3,144,251,148,6,139,249,126,251,133,186,0,246,0,232,0,239,0,97,0,41,0,18,0,13,0,11,
0,168,253,47,255,103,254,235,3,144,251,148,6,106,248,39,252,113,189,0,232,0,237,0,243,0,98,0,42,0,21,0,13,0,11,
0,174,253,44,255,74,254,235,3,144,251,148,6,106,248,79,253,115,195,0,203,0,249,0,250,0,99,0,42,0,20,0,14,0,12,
0,174,253,44,255,74,254,235,3,144,251,148,6,186,248,79,253,115,195,0,221,1,22,1,46,0,105,0,43,0,18,0,13,0,11,
0,165,253,2,255,67,254,235,3,144,251,148,6,115,252,243,255,118,201,1,13,1,70,1,81,0,114,0,45,0,22,0,15,0,12,
0,83,254,188,254,65,254,235,3,144,251,148,6,39,252,170,255,149,205,0,242,1,80,1,84,0,120,0,46,0,21,0,14,0,12,
0,48,255,141,254,71,254,235,3,144,251,148,6,66,9,196,7,24,211,0,146,1,80,1,85,0,125,0,49,0,22,0,14,0,12,
0,48,255,141,254,71,254,235,3,144,251,148,6,66,9,196,7,102,224,0,132,1,78,1,81,0,129,0,51,0,22,0,14,0,12,
0,97,0,199,254,241,252,235,3,144,251,148,6,59,34,237,243,102,224,0,133,1,72,1,59,0,130,0,46,0,21,0,14,0,11,
0,127,3,190,254,228,248,235,3,144,251,148,6,242,44,35,7,112,248,0,134,1,53,1,16,0,126,0,48,0,21,0,14,0,12,
0,127,3,190,254,211,245,235,3,144,251,148,6,204,49,90,25,98,21,0,136,1,9,0,232,0,119,0,48,0,20,0,13,0,11,
0,171,9,180,251,211,245,32,4,147,251,1,7,204,32,33,38,145,19,0,135,0,210,0,181,0,109,0,48,0,22,0,13,0,11,
0,136,17,1,246,129,245,32,4,147,251,1,7,83,32,33,38,145,19,0,136,0,159,0,138,0,95,0,45,0,18,0,13,0,11,
0,218,24,146,241,59,249,32,4,147,251,1,7,140,7,205,47,5,3,0,136,0,140,0,133,0,86,0,42,0,18,0,13,0,11,
0,218,24,146,241,59,249,32,4,147,251,1,7,119,245,111,37,57,246,0,137,0,136,0,133,0,79,0,40,0,19,0,13,0,12,
0,227,28,187,241,148,0,32,4,147,251,1,7,201,242,163,25,152,254,0,139,0,135,0,133,0,72,0,38,0,18,0,13,0,12,
0,161,29,36,246,208,7,32,4,147,251,1,7,201,242,163,25,177,7,0,144,0,134,0,133,0,67,0,35,0,18,0,13,0,12,
0,1,29,58,252,255,10,32,4,147,251,1,7,166,227,247,20,177,7,0,155,0,135,0,133,0,62,0,32,0,16,0,12,0,11,
0,1,29,58,252,255,10,32,4,147,251,1,7,205,212,197,15,118,0,0,192,0,136,0,133,0,59,0,30,0,16,0,12,0,11,
0,198,27,114,0,52,10,32,4,147,251,1,7,116,205,45,5,16,226,0,232,0,137,0,133,0,56,0,28,0,16,0,12,0,11,
0,175,24,196,2,57,8,32,4,147,251,1,7,112,196,134,242,142,212,1,9,0,136,0,133,0,54,0,26,0,14,0,11,0,11,
0,111,19,153,3,105,7,88,4,252,251,176,6,112,196,134,242,142,212,1,46,0,134,0,132,0,53,0,25,0,14,0,11,0,11,
0,111,19,153,3,105,7,88,4,252,251,176,6,235,187,151,225,225,195,1,72,0,134,0,135,0,52,0,24,0,12,0,11,0,11,
0,122,12,12,3,27,8,88,4,252,251,176,6,23,187,165,212,76,182,1,69,0,135,0,223,0,60,0,24,0,14,0,11,0,11,
0,100,4,187,1,82,9,88,4,252,251,176,6,255,191,109,202,11,167,1,58,0,135,1,75,0,78,0,28,0,13,0,12,0,11,
0,100,4,187,1,196,9,88,4,252,251,176,6,255,191,49,196,81,153,1,51,0,136,1,79,0,90,0,30,0,13,0,11,0,11,
0,192,251,207,0,196,9,88,4,252,251,176,6,95,193,49,196,81,153,1,25,0,136,1,78,0,101,0,34,0,15,0,12,0,11,
0,95,243,167,0,199,8,88,4,252,251,176,6,160,197,83,200,135,148,0,247,0,136,1,79,0,109,0,37,0,16,0,12,0,11,
0,194,236,178,0,22,6,88,4,252,251,176,6,123,207,31,212,193,143,0,222,0,137,1,78,0,116,0,40,0,17,0,12,0,11,
0,194,236,178,0,22,6,88,4,252,251,176,6,245,217,154,229,171,135,0,204,0,139,1,78,0,121,0,47,0,18,0,12,0,11,
0,215,232,220,0,149,2,88,4,252,251,176,6,245,217,154,229,179,136,0,186,0,145,1,76,0,125,0,50,0,20,0,12,0,11,
0,91,232,32,1,184,255,17,4,254,251,62,6,149,229,192,248,179,136,0,171,0,170,1,74,0,129,0,52,0,21,0,13,0,11,
0,219,234,100,1,236,253,17,4,254,251,62,6,34,242,218,6,60,144,0,165,0,221,1,69,0,131,0,54,0,22,0,14,0,11,
0,219,234,100,1,236,253,17,4,254,251,62,6,119,254,5,14,213,142,0,160,1,16,1,67,0,132,0,54,0,22,0,13,0,11,
0,147,239,255,0,171,252,17,4,254,251,62,6,119,254,66,25,21,151,0,156,1,58,1,56,0,132,0,55,0,25,0,15,0,12,
0,171,245,200,255,119,251,17,4,254,251,62,6,143,3,66,25,21,151,0,156,1,72,1,39,0,131,0,55,0,23,0,14,0,11,
0,81,252,84,254,229,250,17,4,254,251,62,6,3,6,240,32,116,157,0,157,1,70,1,4,0,127,0,55,0,24,0,15,0,12,
0,81,252,84,254,229,250,17,4,254,251,62,6,122,8,232,34,137,170,0,160,1,72,0,213,0,117,0,53,0,25,0,14,0,11,
0,238,1,182,253,196,251,17,4,254,251,62,6,88,2,35,34,9,177,0,166,1,70,0,156,0,105,0,51,0,24,0,14,0,11,
0,142,6,55,254,150,253,17,4,254,251,62,6,88,2,35,34,238,190,0,175,1,67,0,136,0,94,0,49,0,22,0,15,0,11,
0,142,6,55,254,119,255,17,4,254,251,62,6,154,252,203,30,238,190,0,187,1,63,0,133,0,85,0,46,0,22,0,15,0,11,
0,239,9,234,255,119,255,56,4,243,251,215,6,150,247,122,25,128,199,0,198,1,61,0,133,0,77,0,42,0,20,0,14,0,12,
0,113,12,173,2,192,0,56,4,243,251,215,6,138,241,27,20,45,208,0,212,1,57,0,133,0,72,0,39,0,20,0,14,0,12,
0,195,13,235,5,54,1,56,4,243,251,215,6,176,240,166,11,148,207,0,228,1,51,0,133,0,67,0,36,0,18,0,13,0,11,
0,195,13,235,5,54,1,56,4,243,251,215,6,176,240,166,11,148,207,0,245,1,40,0,132,0,63,0,33,0,18,0,13,0,11,
0,53,14,40,9,121,1,56,4,243,251,215,6,97,246,125,1,130,209,1,16,1,27,0,132,0,59,0,31,0,16,0,12,0,11,
0,8,14,9,12,110,1,56,4,243,251,215,6,238,251,159,247,122,207,1,44,1,10,0,133,0,57,0,29,0,16,0,13,0,11,
0,49,13,130,14,52,1,56,4,243,251,215,6,64,255,71,239,134,204,1,71,0,251,0,134,0,55,0,28,0,16,0,12,0,11,
0,49,13,130,14,52,1,56,4,243,251,215,6,64,255,181,231,209,204,1,67,0,235,0,136,0,53,0,25,0,13,0,11,0,10,
0,233,11,12,16,47,1,56,4,243,251,215,6,8,4,181,231,209,204,1,64,0,220,0,137,0,52,0,25,0,14,0,12,0,11,
0,111,10,21,16,142,1,56,4,243,251,215,6,115,8,203,223,68,199,1,65,0,207,0,141,0,52,0,23,0,12,0,11,0,10,
0,213,8,21,14,33,2,56,4,243,251,215,6,218,8,222,217,12,193,1,93,0,193,0,158,0,54,0,24,0,16,0,12,0,11,
0,213,8,137,14,33,2,28,4,14,252,12,7,17,8,107,213,134,192,1,93,0,181,0,255,0,65,0,26,0,15,0,12,0,11,
0,60,7,24,12,184,2,28,4,14,252,12,7,17,8,107,213,134,191,1,75,0,169,1,82,0,81,0,28,0,14,0,12,0,11,
0,157,5,84,9,8,3,28,4,14,252,12,7,213,7,141,210,21,191,1,74,0,161,1,78,0,94,0,32,0,13,0,11,0,11,
0,157,5,84,9,12,3,28,4,14,252,12,7,123,6,155,210,220,188,1,72,0,155,1,76,0,104,0,36,0,16,0,12,0,11,
0,253,3,167,6,12,3,28,4,14,252,12,7,14,4,44,212,223,186,1,70,0,151,1,74,0,111,0,39,0,16,0,12,0,11,
0,84,2,104,4,206,2,28,4,14,252,12,7,14,4,87,215,37,194,1,71,0,150,1,75,0,117,0,41,0,16,0,12,0,11,
0,189,0,189,2,90,2,28,4,14,252,12,7,236,2,87,215,37,194,1,68,0,148,1,73,0,121,0,45,0,19,0,12,0,11,
0,189,0,189,2,90,2,28,4,14,252,12,7,186,4,88,219,115,195,1,67,0,148,1,72,0,126,0,48,0,20,0,13,0,12,
0,96,255,145,1,143,1,28,4,14,252,12,7,145,4,255,223,73,192,1,67,0,146,1,72,0,128,0,52,0,20,0,13,0,11,
0,117,254,251,0,161,0,28,4,14,252,12,7,92,5,13,229,14,197,1,65,0,144,1,69,0,131,0,54,0,22,0,14,0,12,
0,222,253,237,0,221,255,221,3,37,252,217,6,92,5,13,229,254,198,1,65,0,144,1,68,0,133,0,55,0,23,0,14,0,12,
0,222,253,237,0,221,255,221,3,37,252,217,6,96,7,31,233,254,198,1,63,0,144,1,65,0,133,0,55,0,23,0,14,0,11,
0,104,253,31,1,63,255,221,3,37,252,217,6,39,11,164,235,235,198,1,65,0,142,1,63,0,134,0,55,0,25,0,14,0,11,
0,60,253,89,1,216,254,221,3,37,252,217,6,228,12,52,238,177,193,1,64,0,141,1,60,0,135,0,56,0,26,0,15,0,12,
0,7,253,89,1,176,254,221,3,37,252,217,6,228,12,199,241,5,194,1,64,0,141,1,56,0,134,0,57,0,25,0,15,0,12,
0,7,253,132,1,176,254,221,3,37,252,217,6,111,12,199,241,5,194,1,65,0,141,1,52,0,133,0,57,0,25,0,16,0,12,
0,0,253,167,1,205,254,221,3,37,252,217,6,251,13,43,243,198,195,1,65,0,141,1,47,0,132,0,57,0,23,0,15,0,12,
0,8,253,111,1,17,255,221,3,37,252,217,6,253,14,39,243,23,190,1,65,0,141,1,38,0,131,0,57,0,25,0,16,0,12,
0,8,253,111,1,77,255,221,3,37,252,217,6,97,12,81,244,70,187,1,65,0,142,1,28,0,128,0,59,0,26,0,15,0,11,
0,89,253,175,0,77,255,221,3,37,252,217,6,97,12,81,244,59,189,1,65,0,141,1,16,0,125,0,58,0,26,0,16,0,12,
0,60,253,198,255,161,255,240,3,56,252,135,6,234,10,80,245,59,189,1,65,0,141,1,1,0,121,0,57,0,24,0,16,0,12,
0,36,253,196,254,199,255,240,3,56,252,135,6,253,9,166,244,4,187,1,65,0,141,0,241,0,116,0,55,0,25,0,15,0,12,
0,36,253,196,254,199,255,240,3,56,252,135,6,253,7,195,243,207,184,1,65,0,141,0,223,0,111,0,53,0,25,0,15,0,12,
0,3,253,170,253,222,255,240,3,56,252,135,6,213,5,67,243,51,185,1,66,0,141,0,204,0,104,0,50,0,22,0,14,0,11,
0,15,253,99,252,197,255,240,3,56,252,135,6,213,5,67,243,51,185,1,65,0,140,0,183,0,98,0,48,0,24,0,15,0,12,
0,14,253,246,250,163,255,240,3,56,252,135,6,216,4,112,242,23,186,1,65,0,140,0,164,0,90,0,46,0,21,0,14,0,11,
0,14,253,246,250,163,255,240,3,56,252,135,6,238,3,8,241,103,185,1,66,0,139,0,150,0,83,0,42,0,21,0,14,0,11,
0,239,252,164,249,104,255,240,3,56,252,135,6,157,2,29,240,2,185,1,66,0,139,0,142,0,77,0,40,0,19,0,14,0,11,
0,169,252,34,248,2,255,240,3,56,252,135,6,157,2,20,240,122,186,1,67,0,139,0,138,0,71,0,37,0,17,0,13,0,11,
0,93,252,34,248,178,254,240,3,56,252,135,6,143,0,20,240,122,186,1,67,0,139,0,136,0,67,0,35,0,18,0,13,0,11,
0,93,252,174,246,178,254,184,3,80,252,135,6,21,1,32,240,214,187,1,66,0,138,0,135,0,63,0,33,0,16,0,13,0,11,
0,231,251,107,245,79,254,184,3,80,252,135,6,23,0,84,240,18,189,1,66,0,138,0,135,0,59,0,30,0,16,0,12,0,11,
0,144,251,81,244,211,253,184,3,80,252,135,6,83,255,61,240,160,186,1,66,0,139,0,135,0,57,0,29,0,16,0,12,0,11,
0,144,251,81,244,103,253,184,3,80,252,135,6,83,255,61,240,247,187,1,66,0,140,0,135,0,55,0,27,0,14,0,11,0,10,
0,54,251,81,243,103,253,184,3,80,252,135,6,206,253,69,241,247,187,1,65,0,139,0,135,0,54,0,26,0,14,0,12,0,11,
0,216,250,127,242,18,253,184,3,80,252,135,6,237,252,253,241,108,189,1,65,0,140,0,135,0,53,0,25,0,14,0,11,0,11,
0,87,250,14,242,203,252,184,3,80,252,135,6,213,252,59,242,142,188,1,64,0,141,0,136,0,51,0,24,0,12,0,11,0,10,
0,87,250,14,242,203,252,184,3,80,252,135,6,213,252,64,243,224,186,1,63,0,143,0,136,0,51,0,23,0,13,0,11,0,11,
0,225,249,225,241,116,252,184,3,80,252,135,6,134,251,64,243,224,186,1,63,0,144,0,136,0,50,0,23,0,12,0,11,0,10,
0,136,249,26,242,9,252,184,3,80,252,135,6,234,249,0,245,161,188,1,63,0,145,0,135,0,50,0,23,0,13,0,11,0,11,
0,66,249,147,242,238,251,184,3,80,252,135,6,138,250,131,246,127,188,1,63,0,147,0,136,0,49,0,23,0,12,0,11,0,11,
0,66,249,147,242,238,251,11,4,12,252,74,6,183,249,249,247,55,188,1,62,0,148,0,136,0,49,0,23,0,11,0,10,0,10,
0,254,248,44,243,239,251,11,4,12,252,74,6,183,249,249,247,211,185,1,62,0,150,0,136,0,48,0,22,0,11,0,10,0,10,
0,202,248,205,243,217,251,11,4,12,252,74,6,194,248,135,249,211,185,1,60,0,151,0,136,0,49,0,23,0,12,0,11,0,11,
0,202,248,205,243,214,251,11,4,12,252,74,6,167,248,211,251,183,186,1,60,0,153,0,136,0,49,0,22,0,12,0,11,0,11,
0,191,248,91,244,214,251,11,4,12,252,74,6,48,248,241,252,8,185,1,58,0,155,0,136,0,48,0,18,0,11,0,11,0,11,
0,237,248,255,244,251,251,11,4,12,252,74,6,23,245,116,254,151,183,1,57,0,156,0,136,0,47,0,19,0,11,0,11,0,11,
0,251,248,147,245,67,252,11,4,12,252,74,6,23,245,116,254,151,183,1,55,0,158,0,136,0,48,0,20,0,12,0,11,0,11,
0,251,248,147,245,85,252,11,4,12,252,74,6,120,245,63,255,17,187,1,53,0,160,0,136,0,48,0,20,0,11,0,11,0,11,
0,47,249,58,246,85,252,11,4,12,252,74,6,41,243,33,255,46,180,1,49,0,160,0,136,0,48,0,21,0,12,0,11,0,11,
0,90,249,7,247,118,252,11,4,12,252,74,6,103,240,14,1,49,184,1,47,0,162,0,136,0,49,0,21,0,12,0,11,0,11,
0,136,249,211,247,153,252,158,4,233,251,37,7,103,240,48,1,43,185,1,43,0,164,0,137,0,48,0,21,0,11,0,11,0,10,
0,136,249,211,247,153,252,158,4,233,251,37,7,111,241,48,1,43,185,1,40,0,166,0,137,0,49,0,22,0,12,0,11,0,11,
0,192,249,212,248,214,252,158,4,233,251,37,7,174,239,245,0,195,179,1,35,0,168,0,139,0,48,0,21,0,11,0,10,0,10,
0,47,250,203,249,237,252,158,4,233,251,37,7,230,237,136,2,97,182,1,30,0,170,0,140,0,49,0,22,0,12,0,11,0,11,
0,151,250,178,250,22,253,158,4,233,251,37,7,187,238,127,2,91,183,1,25,0,172,0,143,0,49,0,22,0,12,0,11,0,11,
0,151,250,178,250,22,253,158,4,233,251,37,7,187,238,127,2,91,180,1,21,0,175,0,146,0,50,0,22,0,13,0,11,0,10,
0,247,250,183,251,100,253,158,4,233,251,37,7,235,236,210,3,161,180,1,17,0,177,0,150,0,51,0,22,0,13,0,11,0,10,
0,87,251,159,252,189,253,158,4,233,251,37,7,14,233,66,6,35,183,1,14,0,177,0,155,0,52,0,23,0,14,0,11,0,11,
0,87,251,159,252,99,254,158,4,233,251,37,7,226,229,208,6,211,181,1,9,0,179,0,163,0,54,0,23,0,11,0,11,0,11,
0,219,251,116,253,99,254,158,4,233,251,37,7,226,229,200,5,216,179,1,4,0,181,0,172,0,56,0,24,0,12,0,11,0,11,
0,122,252,108,254,57,255,98,4,231,251,247,6,223,228,200,5,216,179,0,255,0,182,0,183,0,59,0,23,0,14,0,11,0,10,
0,66,253,236,255,185,255,98,4,231,251,247,6,200,227,240,6,39,183,0,250,0,182,0,195,0,63,0,25,0,12,0,11,0,11,
0,66,253,236,255,230,255,98,4,231,251,247,6,211,227,195,7,36,185,0,245,0,181,0,206,0,66,0,26,0,12,0,11,0,10,
0,230,253,162,1,230,255,98,4,231,251,247,6,147,228,215,6,36,182,0,239,0,179,0,217,0,71,0,27,0,16,0,12,0,11,
0,158,254,38,3,249,255,98,4,231,251,247,6,147,228,215,6,61,184,0,234,0,175,0,230,0,75,0,28,0,13,0,11,0,11,
0,32,255,92,4,249,255,98,4,231,251,247,6,210,227,163,6,61,184,0,231,0,173,0,243,0,80,0,33,0,16,0,11,0,10,
0,32,255,92,4,249,255,98,4,231,251,247,6,241,228,127,6,253,186,0,225,0,171,1,0,0,85,0,35,0,15,0,11,0,11,
0,156,255,112,5,13,0,98,4,231,251,247,6,188,230,54,6,76,187,0,220,0,169,1,14,0,90,0,36,0,15,0,11,0,10,
0,243,255,89,6,205,255,98,4,231,251,247,6,178,230,14,6,175,185,0,214,0,168,1,27,0,96,0,38,0,18,0,12,0,11,
0,254,255,50,7,135,255,98,4,231,251,247,6,178,230,14,6,175,185,0,207,0,166,1,41,0,102,0,39,0,17,0,12,0,11,
0,254,255,50,7,135,255,144,4,206,251,128,7,77,230,84,6,190,187,0,200,0,164,1,53,0,108,0,41,0,19,0,13,0,11,
0,251,255,213,7,33,255,144,4,206,251,128,7,133,232,221,5,226,189,0,192,0,162,1,59,0,113,0,43,0,20,0,13,0,12,
0,37,0,95,8,145,254,144,4,206,251,128,7,8,234,209,4,78,187,0,186,0,161,1,62,0,117,0,45,0,19,0,13,0,11,
0,37,0,95,8,12,254,144,4,206,251,128,7,8,234,209,4,2,186,0,179,0,159,1,61,0,121,0,47,0,21,0,14,0,12,
0,26,0,4,9,12,254,144,4,206,251,128,7,221,233,108,4,2,186,0,174,0,158,1,60,0,123,0,49,0,21,0,14,0,12,
0,3,0,164,9,159,253,144,4,206,251,128,7,110,235,37,4,64,189,0,168,0,157,1,60,0,126,0,50,0,22,0,14,0,12,
0,190,255,44,10,69,253,144,4,206,251,128,7,4,239,18,3,235,189,0,164,0,156,1,60,0,128,0,54,0,23,0,14,0,12,
0,190,255,44,10,69,253,144,4,206,251,128,7,235,239,190,1,90,184,0,160,0,155,1,60,0,129,0,54,0,23,0,14,0,11,
0,207,255,170,10,1,253,144,4,206,251,128,7,235,239,190,1,90,184,0,156,0,155,1,59,0,130,0,55,0,24,0,14,0,12,
0,231,255,6,11,174,252,144,4,206,251,128,7,247,239,45,2,162,188,0,152,0,154,1,60,0,131,0,55,0,24,0,15,0,12,
0,201,255,90,11,153,252,144,4,242,251,91,7,56,244,195,0,134,188,0,149,0,154,1,60,0,132,0,56,0,24,0,15,0,12,
0,201,255,90,11,153,252,33,4,242,251,91,7,183,244,169,255,201,185,0,146,0,154,1,60,0,132,0,56,0,25,0,15,0,12,
0,163,255,118,11,130,252,33,4,242,251,91,7,183,244,209,255,213,187,0,144,0,155,1,60,0,132,0,56,0,24,0,14,0,11,
0,110,255,78,11,120,252,33,4,242,251,91,7,203,245,209,255,213,187,0,142,0,155,1,59,0,133,0,57,0,25,0,15,0,12,
0,113,255,245,10,65,252,33,4,242,251,91,7,117,248,102,254,208,185,0,141,0,155,1,59,0,134,0,57,0,25,0,15,0,12,
0,113,255,245,10,65,252,33,4,242,251,91,7,252,248,166,253,178,184,0,139,0,156,1,58,0,133,0,57,0,25,0,16,0,12,
0,129,255,161,10,58,252,33,4,242,251,91,7,190,250,211,252,163,186,0,138,0,157,1,57,0,134,0,58,0,26,0,16,0,12,
0,85,255,78,10,79,252,33,4,242,251,91,7,190,250,211,252,13,185,0,138,0,158,1,57,0,133,0,57,0,25,0,15,0,12,
0,85,255,78,10,85,252,33,4,242,251,91,7,155,252,197,251,13,185,0,137,0,160,1,56,0,134,0,58,0,25,0,16,0,12,
0,21,255,234,9,85,252,33,4,242,251,91,7,184,253,98,251,122,184,0,137,0,161,1,56,0,133,0,58,0,26,0,16,0,12,
0,212,254,130,9,81,252,33,4,242,251,91,7,1,255,92,251,103,184,0,137,0,163,1,55,0,134,0,58,0,26,0,16,0,12,
0,132,254,22,9,54,252,215,3,195,251,235,6,1,255,169,251,62,186,0,137,0,165,1,55,0,133,0,58,0,26,0,16,0,12,
0,132,254,22,9,54,252,215,3,195,251,235,6,122,0,169,251,62,186,0,137,0,168,1,55,0,132,0,57,0,25,0,15,0,11,
0,117,254,217,8,89,252,215,3,195,251,235,6,240,2,144,251,55,185,0,137,0,169,1,54,0,133,0,58,0,26,0,16,0,12,
0,96,254,148,8,103,252,215,3,195,251,235,6,85,2,255,251,173,183,0,137,0,172,1,53,0,133,0,58,0,26,0,16,0,12,
0,70,254,255,7,77,252,215,3,195,251,235,6,90,3,61,253,195,186,0,137,0,174,1,52,0,132,0,57,0,25,0,16,0,12,
0,70,254,255,7,77,252,215,3,195,251,235,6,90,3,61,253,75,186,0,137,0,176,1,51,0,132,0,58,0,26,0,16,0,12,
0,31,254,143,7,105,252,215,3,195,251,235,6,194,5,88,253,75,186,0,137,0,179,1,50,0,131,0,57,0,25,0,15,0,11,
0,27,254,41,7,129,252,215,3,195,251,235,6,20,6,39,253,223,182,0,137,0,181,1,48,0,131,0,57,0,25,0,16,0,12,
0,46,254,170,6,141,252,215,3,195,251,235,6,90,4,191,254,254,185,0,137,0,183,1,47,0,131,0,57,0,23,0,15,0,12,
0,46,254,170,6,141,252,215,3,195,251,235,6,243,6,182,254,143,188,0,137,0,186,1,46,0,130,0,56,0,23,0,14,0,11,
0,107,254,108,6,172,252,5,4,206,251,221,6,243,6,182,254,143,188,0,138,0,188,1,43,0,130,0,56,0,25,0,15,0,12,
0,157,254,9,6,205,252,5,4,206,251,221,6,204,7,107,254,11,187,0,138,0,191,1,42,0,128,0,59,0,24,0,15,0,11,
0,157,254,9,6,220,252,5,4,206,251,221,6,22,7,223,254,151,184,0,138,0,192,1,39,0,128,0,61,0,25,0,16,0,12,
0,168,254,158,5,220,252,5,4,206,251,221,6,210,6,245,255,168,188,0,139,0,194,1,37,0,127,0,60,0,26,0,16,0,12,
0,195,254,5,5,4,253,5,4,206,251,221,6,210,6,125,255,31,189,0,139,0,195,1,34,0,126,0,58,0,25,0,15,0,12,
0,6,255,120,4,27,253,5,4,206,251,221,6,123,9,125,255,31,189,0,140,0,196,1,32,0,126,0,58,0,25,0,16,0,12,
0,6,255,120,4,27,253,5,4,206,251,221,6,151,8,29,255,71,185,0,141,0,196,1,29,0,124,0,56,0,26,0,15,0,12,
0,93,255,217,3,68,253,5,4,206,251,221,6,167,7,103,255,196,187,0,141,0,196,1,26,0,123,0,56,0,26,0,16,0,12,
0,164,255,67,3,108,253,5,4,206,251,221,6,163,7,93,255,58,189,0,141,0,194,1,23,0,122,0,55,0,26,0,16,0,12,
0,170,255,173,2,158,253,5,4,206,251,221,6,163,7,93,255,58,189,0,143,0,193,1,21,0,120,0,54,0,25,0,15,0,12,
0,170,255,173,2,158,253,80,3,243,251,230,6,196,8,105,254,72,189,0,144,0,191,1,18,0,120,0,54,0,25,0,16,0,12,
0,196,255,32,2,195,253,80,3,243,251,230,6,46,8,196,253,52,187,0,144,0,189,1,16,0,118,0,53,0,23,0,15,0,11,
0,175,255,157,1,218,253,80,3,243,251,230,6,99,6,95,253,65,185,0,144,0,187,1,14,0,117,0,53,0,22,0,15,0,12,
0,106,255,31,1,228,253,80,3,243,251,230,6,99,6,99,253,126,189,0,145,0,184,1,13,0,116,0,52,0,23,0,14,0,12,
0,106,255,31,1,228,253,80,3,243,251,230,6,201,6,99,253,126,189,0,145,0,182,1,13,0,115,0,51,0,22,0,14,0,11,
0,33,255,145,0,17,254,80,3,243,251,230,6,165,7,228,252,200,188,0,145,0,180,1,13,0,115,0,51,0,23,0,15,0,12,
0,204,254,15,0,62,254,80,3,243,251,230,6,4,7,245,251,153,184,0,147,0,178,1,14,0,114,0,50,0,22,0,14,0,11,
0,204,254,15,0,67,254,80,3,243,251,230,6,176,5,174,252,44,187,0,147,0,176,1,14,0,114,0,50,0,22,0,14,0,12,
0,116,254,137,255,67,254,80,3,243,251,230,6,176,5,174,252,218,188,0,147,0,175,1,16,0,114,0,49,0,24,0,14,0,11,
0,37,254,0,255,43,254,80,3,243,251,230,6,95,6,51,253,218,188,0,148,0,174,1,17,0,113,0,48,0,22,0,14,0,11,
0,210,253,157,254,82,254,176,3,5,252,181,6,186,6,213,252,101,186,0,148,0,172,1,18,0,114,0,49,0,23,0,15,0,12,
0,210,253,157,254,82,254,176,3,5,252,181,6,148,5,171,252,218,185,0,148,0,172,1,20,0,114,0,49,0,22,0,14,0,11,
0,169,253,61,254,103,254,176,3,5,252,181,6,231,3,79,253,149,187,0,148,0,171,1,20,0,115,0,49,0,23,0,15,0,12,
0,123,253,246,253,119,254,176,3,5,252,181,6,231,3,79,253,149,187,0,148,0,171,1,22,0,115,0,49,0,22,0,14,0,12,
0,56,253,147,253,125,254,176,3,5,252,181,6,26,4,114,253,102,188,0,149,0,171,1,23,0,115,0,49,0,22,0,14,0,11,
0,56,253,147,253,125,254,176,3,5,252,181,6,17,4,9,253,220,185,0,148,0,170,1,23,0,116,0,50,0,23,0,14,0,12,
0,232,252,110,253,153,254,176,3,5,252,181,6,152,2,253,253,21,187,0,149,0,170,1,24,0,116,0,49,0,22,0,14,0,11,
0,169,252,90,253,202,254,176,3,5,252,181,6,152,2,253,253,30,188,0,149,0,171,1,23,0,117,0,50,0,23,0,15,0,12,
0,150,252,64,253,202,254,176,3,5,252,181,6,45,3,209,253,30,188,0,150,0,172,1,23,0,117,0,50,0,23,0,14,0,12,
0,150,252,64,253,202,254,176,3,5,252,181,6,40,2,214,253,223,184,0,150,0,172,1,23,0,116,0,50,0,22,0,14,0,11,
0,129,252,32,253,215,254,176,3,5,252,181,6,54,2,189,254,48,190,0,151,0,173,1,22,0,116,0,49,0,22,0,14,0,11,
0,101,252,248,252,239,254,145,3,3,252,28,7,148,2,118,254,145,187,0,151,0,174,1,21,0,117,0,50,0,23,0,15,0,12,
0,101,252,248,252,19,255,145,3,3,252,28,7,148,2,118,254,145,187,0,152,0,175,1,20,0,116,0,45,0,22,0,15,0,12,
0,113,252,211,252,19,255,145,3,3,252,28,7,28,0,169,254,41,184,0,153,0,176,1,18,0,115,0,46,0,21,0,14,0,12,
0,97,252,182,252,58,255,145,3,3,252,28,7,150,0,81,255,124,190,0,154,0,176,1,16,0,115,0,47,0,21,0,14,0,12,
0,51,252,92,252,77,255,145,3,3,252,28,7,155,0,19,254,104,186,0,155,0,177,1,14,0,114,0,47,0,19,0,14,0,11,
0,51,252,92,252,77,255,145,3,3,252,28,7,155,0,116,254,69,185,0,156,0,177,1,12,0,114,0,48,0,20,0,14,0,12,
0,248,251,35,252,89,255,145,3,3,252,28,7,209,254,116,254,69,185,0,157,0,179,1,10,0,114,0,48,0,20,0,14,0,11,
0,201,251,245,251,84,255,145,3,3,252,28,7,136,253,254,254,117,188,0,159,0,179,1,8,0,113,0,48,0,21,0,14,0,12,
0,165,251,229,251,74,255,145,3,3,252,28,7,57,255,76,254,177,188,0,160,0,181,1,7,0,111,0,47,0,20,0,13,0,11,
0,165,251,229,251,74,255,145,3,3,252,28,7,74,254,59,254,5,186,0,162,0,181,1,5,0,111,0,47,0,20,0,13,0,11,
0,164,251,215,251,63,255,189,3,235,251,1,7,74,254,59,254,9,188,0,164,0,182,1,2,0,111,0,48,0,21,0,14,0,12,
0,180,251,195,251,47,255,189,3,235,251,1,7,132,253,7,255,9,188,0,166,0,183,1,1,0,110,0,47,0,21,0,14,0,11,
0,202,251,195,251,26,255,189,3,235,251,1,7,157,254,220,254,47,189,0,168,0,183,0,255,0,109,0,47,0,23,0,14,0,12,
0,202,251,167,251,26,255,189,3,235,251,1,7,192,253,153,254,189,185,0,170,0,185,0,255,0,107,0,47,0,22,0,14,0,11,
0,135,251,118,251,22,255,189,3,235,251,1,7,192,253,167,254,242,187,0,172,0,186,0,254,0,107,0,46,0,21,0,14,0,11,
0,160,251,44,251,228,254,189,3,235,251,1,7,168,253,167,254,242,187,0,174,0,186,0,252,0,107,0,47,0,22,0,14,0,12,
0,160,251,44,251,200,254,189,3,235,251,1,7,13,254,176,254,5,188,0,176,0,187,0,251,0,106,0,46,0,21,0,14,0,11,
0,168,251,255,250,200,254,189,3,235,251,1,7,164,253,61,254,58,186,0,178,0,187,0,250,0,105,0,46,0,22,0,14,0,12,
0,174,251,220,250,167,254,189,3,235,251,1,7,199,252,113,254,101,187,0,181,0,189,0,249,0,104,0,45,0,21,0,14,0,11,
0,118,251,236,250,155,254,189,3,235,251,1,7,199,252,113,254,221,188,0,183,0,189,0,248,0,104,0,45,0,21,0,14,0,12,
0,118,251,236,250,155,254,214,3,152,251,201,7,105,253,176,254,221,188,0,184,0,190,0,247,0,103,0,44,0,20,0,13,0,11,
0,35,251,223,250,137,254,214,3,152,251,201,7,14,253,60,254,139,187,0,186,0,191,0,246,0,103,0,44,0,21,0,14,0,11,
0,7,251,234,250,95,254,214,3,152,251,201,7,5,253,33,254,3,187,0,187,0,191,0,245,0,103,0,48,0,22,0,14,0,12,
0,15,251,219,250,102,254,214,3,152,251,201,7,177,252,155,254,109,187,0,189,0,193,0,245,0,102,0,47,0,21,0,13,0,11,
0,15,251,219,250,102,254,214,3,152,251,201,7,177,252,155,254,109,187,0,191,0,193,0,244,0,101,0,46,0,21,0,14,0,11,
0,23,251,219,250,91,254,214,3,152,251,201,7,87,252,240,254,108,187,0,192,0,193,0,244,0,101,0,45,0,20,0,13,0,11,
0,25,251,245,250,59,254,214,3,152,251,201,7,5,253,255,254,82,188,0,193,0,193,0,242,0,101,0,45,0,21,0,13,0,11,
0,34,251,245,250,37,254,214,3,152,251,201,7,47,253,156,254,171,185,0,194,0,193,0,241,0,100,0,44,0,21,0,14,0,11,
0,34,251,234,250,37,254,214,3,152,251,201,7,47,253,86,255,114,187,0,195,0,194,0,241,0,100,0,44,0,20,0,13,0,11,
0,30,251,227,250,68,254,214,3,152,251,201,7,155,251,86,255,114,187,0,195,0,193,0,240,0,100,0,44,0,21,0,14,0,11,
0,16,251,235,250,83,254,197,3,181,251,139,6,43,252,60,255,164,188,0,196,0,194,0,241,0,99,0,43,0,20,0,13,0,11,
0,16,251,235,250,58,254,197,3,181,251,139,6,21,252,164,254,99,186,0,197,0,194,0,240,0,99,0,43,0,20,0,14,0,12,
0,251,250,10,251,58,254,197,3,181,251,139,6,120,250,225,254,205,184,0,197,0,195,0,239,0,99,0,43,0,19,0,13,0,11,
0,5,251,36,251,52,254,197,3,181,251,139,6,120,250,225,254,248,190,0,198,0,196,0,240,0,98,0,42,0,20,0,13,0,11,
0,239,250,64,251,30,254,197,3,181,251,139,6,118,251,106,255,248,190,0,199,0,197,0,241,0,98,0,42,0,20,0,13,0,11,
0,239,250,64,251,30,254,197,3,181,251,139,6,213,251,152,254,8,185,0,198,0,197,0,240,0,99,0,43,0,20,0,14,0,12,
0,232,250,103,251,14,254,197,3,181,251,139,6,124,249,67,255,126,186,0,199,0,198,0,241,0,99,0,42,0,20,0,14,0,11,
0,251,250,117,251,37,254,197,3,181,251,139,6,124,249,243,255,136,188,0,199,0,198,0,242,0,99,0,43,0,20,0,14,0,12,
0,7,251,120,251,15,254,197,3,181,251,139,6,79,250,243,255,136,188,0,199,0,200,0,243,0,98,0,42,0,19,0,13,0,11,
0,7,251,120,251,15,254,197,3,181,251,139,6,47,251,169,255,137,187,0,199,0,200,0,243,0,99,0,42,0,20,0,14,0,12,
0,23,251,159,251,18,254,197,3,181,251,139,6,29,250,32,255,186,184,0,199,0,202,0,244,0,99,0,42,0,19,0,13,0,11,
0,246,250,190,251,36,254,232,3,193,251,63,7,69,249,105,255,11,186,0,198,0,202,0,245,0,99,0,42,0,20,0,14,0,12,
0,246,251,190,251,13,254,232,3,193,251,63,7,69,249,105,255,237,187,0,198,0,203,0,246,0,99,0,42,0,20,0,13,0,11,
0,7,251,216,251,13,254,232,3,193,251,63,7,91,248,72,0,237,187,0,197,0,205,0,246,0,99,0,42,0,20,0,13,0,11,
0,36,251,235,251,20,254,232,3,193,251,63,7,163,249,191,255,208,187,0,197,0,206,0,247,0,99,0,42,0,19,0,13,0,11,
0,93,251,9,252,22,254,232,3,193,251,63,7,216,249,9,255,239,184,0,196,0,206,0,247,0,100,0,42,0,20,0,13,0,12,
0,93,251,9,252,36,254,232,3,193,251,63,7,150,247,166,255,204,185,0,195,0,207,0,247,0,101,0,42,0,20,0,13,0,11,
0,113,251,56,252,36,254,232,3,193,251,63,7,150,247,166,255,204,185,0,194,0,208,0,248,0,101,0,43,0,20,0,14,0,12,
0,116,251,70,252,24,254,232,3,193,251,63,7,128,248,53,0,251,188,0,194,0,209,0,249,0,100,0,42,0,19,0,13,0,11,
0,98,251,89,252,51,254,232,3,193,251,63,7,155,249,167,255,224,186,0,193,0,210,0,249,0,101,0,43,0,20,0,14,0,12,
0,98,251,89,252,51,254,232,3,193,251,63,7,247,248,141,255,133,185,0,193,0,211,0,251,0,101,0,42,0,19,0,13,0,11,
0,76,251,140,252,82,254,44,4,97,251,14,7,247,248,141,255,181,186,0,192,0,211,0,251,0,102,0,43,0,20,0,14,0,12,
0,106,251,172,252,89,254,44,4,97,251,14,7,239,247,225,255,181,186,0,191,0,212,0,251,0,102,0,43,0,20,0,14,0,12,
0,110,251,202,252,60,254,44,4,97,251,14,7,96,247,162,0,118,188,0,190,0,212,0,252,0,102,0,43,0,20,0,13,0,11,
0,110,251,202,252,60,254,44,4,97,251,14,7,155,248,72,0,198,188,0,189,0,213,0,253,0,103,0,43,0,20,0,14,0,12,
0,100,251,246,252,49,254,44,4,97,251,14,7,157,247,220,255,235,184,0,189,0,214,0,254,0,103,0,43,0,20,0,13,0,11,
0,119,251,42,253,31,254,44,4,97,251,14,7,157,247,220,255,235,184,0,188,0,214,0,254,0,104,0,44,0,20,0,14,0,11,
0,119,251,42,253,23,254,44,4,97,251,14,7,153,246,79,0,11,186,0,187,0,215,0,255,0,104,0,44,0,20,0,14,0,12,
0,105,251,85,253,23,254,44,4,97,251,14,7,41,247,167,0,78,189,0,186,0,215,1,0,0,104,0,44,0,18,0,13,0,11,
0,98,251,120,253,23,254,44,4,97,251,14,7,28,248,63,0,57,187,0,185,0,215,1,0,0,104,0,44,0,19,0,14,0,12,
0,118,251,184,253,20,254,44,4,97,251,14,7,28,248,13,0,33,185,0,185,0,217,1,1,0,105,0,44,0,18,0,13,0,11,
0,118,251,184,253,9,254,1,4,153,251,69,7,147,247,13,0,33,185,0,184,0,217,1,2,0,106,0,45,0,20,0,14,0,12,
0,139,251,243,253,9,254,1,4,153,251,69,7,102,247,140,0,137,186,0,183,0,217,1,3,0,106,0,45,0,20,0,14,0,11,
0,191,251,10,254,237,253,1,4,153,251,69,7,163,246,239,0,124,188,0,183,0,218,1,4,0,106,0,45,0,19,0,13,0,11,
0,175,251,35,254,220,253,1,4,153,251,69,7,48,249,84,0,100,188,0,182,0,219,1,4,0,107,0,45,0,20,0,14,0,12,
0,175,251,35,254,220,253,1,4,153,251,69,7,48,249,84,0,59,185,0,182,0,220,1,5,0,107,0,45,0,19,0,13,0,11,
0,161,251,49,254,238,253,1,4,153,251,69,7,79,247,226,255,59,185,0,180,0,219,1,5,0,108,0,46,0,20,0,13,0,12,
0,173,251,103,254,246,253,1,4,153,251,69,7,243,246,213,0,104,188,0,179,0,219,1,6,0,108,0,46,0,20,0,13,0,11,
0,198,251,137,254,224,253,1,4,153,251,69,7,49,248,56,0,183,186,0,179,0,220,1,7,0,107,0,45,0,20,0,13,0,11,
0,198,251,137,254,224,253,1,4,153,251,69,7,49,247,70,0,228,186,0,178,0,220,1,8,0,108,0,45,0,20,0,13,0,11,
0,161,251,160,254,210,253,1,4,153,251,69,7,216,247,70,0,228,186,0,178,0,220,1,8,0,108,0,46,0,20,0,14,0,12,
0,191,251,198,254,227,253,14,4,100,251,68,7,4,248,96,0,123,188,0,177,0,220,1,8,0,109,0,46,0,20,0,13,0,11,
0,191,251,198,254,236,253,14,4,100,251,68,7,100,248,250,255,230,187,0,176,0,219,1,8,0,109,0,46,0,21,0,13,0,12,
0,239,251,240,254,236,253,14,4,100,251,68,7,118,248,0,0,134,186,0,176,0,220,1,9,0,109,0,46,0,20,0,13,0,11,
0,212,251,10,255,219,253,14,4,100,251,68,7,118,248,0,0,150,187,0,175,0,219,1,10,0,109,0,46,0,20,0,13,0,11,
0,184,251,43,255,212,253,14,4,100,251,68,7,198,247,106,0,150,187,0,175,0,219,1,11,0,110,0,47,0,21,0,14,0,12,
0,184,251,43,255,214,253,14,4,100,251,68,7,154,249,57,0,80,189,0,175,0,219,1,11,0,110,0,47,0,21,0,14,0,11,
0,201,251,40,255,214,253,14,4,100,251,68,7,111,249,195,255,193,185,0,174,0,218,1,11,0,111,0,47,0,21,0,14,0,12,
0,245,251,49,255,227,253,14,4,100,251,68,7,40,248,28,0,30,187,0,174,0,218,1,13,0,110,0,47,0,20,0,13,0,11,
0,248,251,66,255,217,253,14,4,100,251,68,7,40,248,28,0,30,187,0,174,0,218,1,13,0,111,0,47,0,20,0,13,0,11,
0,248,251,66,255,217,253,14,4,100,251,68,7,140,249,14,0,224,190,0,173,0,217,1,13,0,111,0,47,0,21,0,14,0,11,
0,231,251,77,255,213,253,14,4,116,251,251,6,180,249,176,254,42,185,0,173,0,217,1,14,0,111,0,47,0,21,0,14,0,11,
0,171,251,75,255,203,253,10,4,116,251,251,6,11,248,189,255,187,187,0,172,0,217,1,14,0,112,0,48,0,21,0,14,0,12,
0,190,251,86,255,207,253,10,4,116,251,251,6,11,248,114,255,1,191,0,172,0,217,1,15,0,111,0,47,0,20,0,13,0,11,
0,190,251,86,255,207,253,10,4,116,251,251,6,62,249,114,255,1,191,0,172,0,216,1,15,0,112,0,48,0,21,0,14,0,12,
0,237,251,103,255,239,253,10,4,116,251,251,6,91,250,76,254,106,186,0,172,0,217,1,15,0,112,0,47,0,20,0,13,0,11,
0,248,251,114,255,8,254,10,4,116,251,251,6,56,248,95,255,170,188,0,171,0,216,1,15,0,113,0,48,0,21,0,14,0,11,
0,248,251,114,255,242,253,10,4,116,251,251,6,227,250,96,254,79,187,0,171,0,216,1,14,0,113,0,48,0,21,0,14,0,12,
0,209,251,117,255,242,253,10,4,116,251,251,6,227,250,96,254,30,189,0,172,0,216,1,15,0,112,0,47,0,20,0,13,0,11,
0,169,251,121,255,228,253,10,4,116,251,251,6,10,249,203,254,30,189,0,172,0,216,1,15,0,113,0,48,0,21,0,14,0,12,
0,188,251,113,255,225,253,10,4,116,251,251,6,227,251,61,254,131,190,0,168,0,218,1,16,0,112,0,42,0,22,0,14,0,12,
0,188,251,113,255,225,253,10,4,116,251,251,6,139,249,141,254,53,187,0,152,0,224,1,23,0,113,0,44,0,21,0,14,0,12,
0,208,251,109,255,253,253,10,4,128,251,143,6,139,249,84,1,190,199,0,151,0,241,1,49,0,117,0,46,0,22,0,15,0,12,
0,13,252,97,255,6,254,10,4,128,251,143,6,127,249,84,1,190,199,0,142,1,23,1,79,0,123,0,48,0,20,0,14,0,12,
0,116,252,4,255,5,254,10,4,128,251,143,6,154,251,117,3,94,199,0,134,1,68,1,80,0,127,0,50,0,23,0,15,0,13,
0,116,252,4,255,5,254,10,4,128,251,143,6,184,249,187,0,190,207,0,133,1,79,1,83,0,131,0,51,0,22,0,14,0,12,
0,103,253,85,254,4,254,10,4,128,251,143,6,193,10,225,221,56,213,0,133,1,78,1,85,0,135,0,53,0,23,0,15,0,12,
0,54,255,210,253,37,253,10,4,128,251,143,6,193,10,225,221,172,241,0,136,1,80,1,88,0,138,0,55,0,24,0,15,0,12,
0,78,2,229,252,20,250,10,4,128,251,143,6,101,34,211,245,172,241,0,134,1,80,1,84,0,140,0,57,0,25,0,15,0,12,
0,78,2,229,252,20,250,10,4,128,251,143,6,109,59,101,249,121,37,0,134,1,65,1,21,0,135,0,57,0,25,0,15,0,11,
0,237,7,147,248,159,246,10,4,128,251,143,6,43,63,123,246,214,42,0,135,1,17,0,143,0,115,0,54,0,21,0,13,0,10,
0,183,15,211,240,245,243,10,4,128,251,143,6,196,48,219,25,117,18,0,135,0,183,0,132,0,101,0,50,0,20,0,13,0,11,
0,183,15,211,240,116,244,50,4,151,251,127,6,196,48,219,25,117,18,0,136,0,137,0,133,0,90,0,47,0,21,0,14,0,11,
0,7,22,141,233,116,244,50,4,151,251,127,6,169,38,61,36,190,253,0,136,0,135,0,133,0,83,0,45,0,21,0,14,0,11,
0,231,24,65,233,81,250,50,4,151,251,127,6,123,17,213,40,66,252,0,137,0,136,0,134,0,75,0,40,0,19,0,13,0,12,
0,253,25,166,239,193,2,50,4,151,251,127,6,157,2,65,34,167,23,0,139,0,137,0,134,0,69,0,37,0,19,0,14,0,13,
0,253,25,166,239,193,2,50,4,151,251,127,6,157,2,149,26,1,27,0,142,0,144,0,135,0,66,0,36,0,19,0,14,0,12,
0,115,26,219,246,20,9,50,4,151,251,127,6,6,3,149,26,1,27,0,146,0,156,0,133,0,62,0,33,0,18,0,14,0,12,
0,215,27,243,250,14,10,50,4,151,251,127,6,52,242,186,23,152,17,0,153,0,156,0,133,0,57,0,29,0,14,0,11,0,11,
0,46,29,34,251,49,7,50,4,151,251,127,6,191,243,193,11,210,251,0,167,0,144,0,132,0,55,0,27,0,14,0,12,0,11,
0,46,29,34,251,49,7,50,4,151,251,127,6,78,225,39,250,176,232,0,190,0,135,0,132,0,54,0,26,0,14,0,11,0,10,
0,20,29,201,249,152,3,50,4,151,251,127,6,78,225,39,250,176,216,0,211,0,133,0,132,0,52,0,28,0,14,0,11,0,10,
0,238,25,153,247,144,1,80,4,89,252,98,6,60,204,7,241,22,216,0,220,0,133,0,133,0,50,0,25,0,12,0,10,0,10,
0,248,19,87,245,66,2,80,4,89,252,98,6,152,189,184,232,93,205,0,227,0,133,0,140,0,50,0,24,0,11,0,10,0,9,
0,248,19,87,245,66,2,80,4,89,252,98,6,32,185,176,222,121,185,0,233,0,133,0,187,0,55,0,25,0,16,0,11,0,10,
0,128,11,84,244,46,5,80,4,89,252,98,6,32,185,25,217,128,171,0,232,0,136,1,21,0,67,0,26,0,13,0,11,0,10,
0,140,1,123,244,197,7,80,4,89,252,98,6,21,188,25,217,128,171,0,228,0,139,1,78,0,83,0,29,0,12,0,11,0,11,
0,140,1,123,244,39,8,80,4,89,252,98,6,192,196,186,214,116,163,0,223,0,158,1,84,0,96,0,33,0,16,0,12,0,11,
0,147,247,74,245,39,8,80,4,89,252,98,6,168,207,165,222,215,155,0,217,0,207,1,73,0,104,0,36,0,15,0,12,0,11,
0,158,239,222,245,224,6,80,4,89,252,98,6,151,219,62,240,72,147,0,206,1,27,1,77,0,112,0,40,0,16,0,12,0,12,
0,75,235,163,245,59,5,80,4,89,252,98,6,151,219,62,240,242,137,0,194,1,78,1,75,0,117,0,41,0,17,0,12,0,12,
0,75,235,163,245,59,5,80,4,89,252,98,6,220,227,53,252,242,137,0,185,1,76,1,69,0,123,0,46,0,20,0,14,0,12,
0,145,234,202,244,156,4,140,4,3,252,164,6,41,236,188,4,136,136,0,179,1,73,1,63,0,126,0,48,0,22,0,14,0,13,
0,174,236,137,243,113,5,140,4,3,252,164,6,160,247,112,11,126,138,0,175,1,73,1,50,0,126,0,49,0,21,0,13,0,12,
0,13,241,108,242,50,7,140,4,3,252,164,6,103,248,143,17,153,144,0,175,1,72,1,15,0,124,0,51,0,21,0,14,0,12,
0,13,241,108,242,50,7,140,4,3,252,164,6,103,248,143,17,153,144,0,177,1,73,0,232,0,118,0,51,0,21,0,14,0,11,
0,1,247,178,241,164,8,140,4,3,252,164,6,127,250,153,20,208,146,0,178,1,72,0,166,0,106,0,49,0,22,0,14,0,11,
0,240,253,223,241,163,8,140,4,3,252,164,6,104,248,33,30,61,167,0,185,1,72,0,137,0,94,0,46,0,21,0,14,0,12,
0,118,4,185,242,2,7,140,4,3,252,164,6,75,241,169,34,113,184,0,192,1,72,0,133,0,86,0,44,0,21,0,14,0,11,
0,118,4,185,242,2,7,140,4,3,252,164,6,75,241,169,33,248,193,0,198,1,72,0,133,0,79,0,42,0,21,0,14,0,11,
0,176,9,35,244,217,4,140,4,3,252,164,6,224,240,31,33,248,193,0,205,1,71,0,133,0,71,0,38,0,18,0,13,0,11,
0,124,13,163,246,11,3,140,4,3,252,164,6,99,242,3,30,178,199,0,218,1,68,0,132,0,66,0,35,0,17,0,12,0,10,
0,124,13,163,246,176,1,140,4,3,252,164,6,87,230,198,16,112,207,0,231,1,63,0,133,0,63,0,34,0,18,0,13,0,11,
0,201,15,121,250,176,1,19,5,229,251,143,6,19,229,190,12,242,211,0,237,1,58,0,134,0,60,0,31,0,16,0,13,0,11,
0,58,17,31,254,141,0,19,5,229,251,143,6,19,229,190,12,242,211,0,244,1,51,0,136,0,57,0,28,0,15,0,12,0,11,
0,24,17,203,1,43,0,19,5,229,251,143,6,188,232,20,6,182,209,0,252,1,42,0,138,0,55,0,27,0,15,0,12,0,11,
0,24,17,203,1,43,0,19,5,229,251,143,6,254,237,195,252,232,205,1,2,1,32,0,156,0,57,0,27,0,16,0,12,0,11,
0,146,15,40,5,182,0,19,5,229,251,143,6,202,243,59,243,105,204,1,11,1,20,1,15,0,70,0,29,0,14,0,12,0,12,
0,255,12,166,7,224,1,19,5,229,251,143,6,202,243,40,236,86,201,1,23,1,8,1,80,0,84,0,30,0,16,0,12,0,11,
0,233,9,239,8,229,2,19,5,229,251,143,6,25,249,40,236,86,201,1,33,0,251,1,75,0,96,0,34,0,16,0,13,0,12,
0,233,9,239,8,229,2,19,5,229,251,143,6,51,253,207,231,26,196,1,46,0,240,1,73,0,105,0,37,0,16,0,12,0,11,
0,27,7,132,8,192,3,19,5,229,251,143,6,12,0,65,230,205,194,1,56,0,231,1,72,0,111,0,40,0,17,0,12,0,11,
0,217,4,89,6,84,4,19,5,229,251,143,6,22,4,101,231,183,195,1,63,0,223,1,71,0,117,0,42,0,17,0,13,0,11,
0,36,3,89,2,123,4,217,4,0,252,169,6,22,4,101,231,65,193,1,68,0,218,1,72,0,122,0,45,0,19,0,13,0,11,
0,36,3,239,2,123,4,217,4,0,252,169,6,170,5,178,231,65,193,1,70,0,214,1,71,0,126,0,47,0,20,0,13,0,11,
0,36,2,131,255,71,4,217,4,0,252,169,6,48,4,234,232,45,190,1,70,0,212,1,72,0,129,0,50,0,21,0,14,0,12,
0,174,1,183,252,174,3,217,4,0,252,169,6,62,2,83,235,17,196,1,73,0,210,1,70,0,131,0,52,0,21,0,13,0,11,
0,174,1,183,252,242,2,217,4,0,252,169,6,62,2,149,237,69,200,1,67,0,212,1,70,0,134,0,53,0,22,0,14,0,11,
0,215,1,195,250,242,2,217,4,0,252,169,6,9,3,149,237,69,200,1,64,0,210,1,70,0,134,0,54,0,22,0,14,0,12,
0,14,2,11,250,55,2,217,4,0,252,169,6,205,3,241,239,151,199,1,62,0,209,1,69,0,136,0,56,0,23,0,14,0,12,
0,85,2,87,250,175,1,217,4,0,252,169,6,182,2,40,241,86,200,1,62,0,206,1,69,0,136,0,56,0,23,0,14,0,11,
0,85,2,87,250,175,1,217,4,0,252,169,6,176,1,227,241,227,204,1,89,0,202,1,68,0,138,0,58,0,25,0,15,0,12,
0,193,2,150,251,107,1,217,4,0,252,169,6,176,1,227,241,241,205,1,90,0,200,1,68,0,138,0,58,0,25,0,16,0,12,
0,92,3,106,253,127,1,220,4,52,252,211,7,163,1,15,241,241,205,1,79,0,195,1,68,0,137,0,58,0,24,0,15,0,11,
0,186,3,13,255,183,1,220,4,52,252,211,7,172,1,238,238,203,204,1,74,0,190,1,66,0,138,0,59,0,25,0,15,0,12,
0,186,3,13,255,183,1,220,4,52,252,211,7,39,1,56,236,131,200,1,72,0,186,1,65,0,138,0,59,0,25,0,15,0,12,
0,243,3,82,0,232,1,220,4,52,252,211,7,61,0,100,234,45,200,1,72,0,183,1,63,0,137,0,60,0,28,0,16,0,12,
0,198,3,28,1,24,2,220,4,52,252,211,7,61,0,100,234,45,200,1,70,0,179,1,59,0,137,0,59,0,27,0,16,0,12,
0,71,3,28,1,67,2,220,4,52,252,211,7,18,0,91,233,108,199,1,70,0,174,1,55,0,136,0,59,0,26,0,16,0,12,
0,71,3,40,1,67,2,220,4,52,252,211,7,224,0,84,231,30,195,1,70,0,170,1,50,0,135,0,59,0,27,0,16,0,12,
0,180,2,112,0,136,2,220,4,52,252,211,7,139,255,52,230,32,190,1,69,0,165,1,40,0,133,0,59,0,25,0,16,0,13,
0,231,1,68,255,163,2,220,4,52,252,211,7,139,255,84,230,196,186,1,69,0,160,1,27,0,130,0,58,0,26,0,15,0,12,
0,231,1,68,255,142,2,220,4,52,252,211,7,61,253,84,230,196,186,1,68,0,156,1,11,0,126,0,57,0,25,0,16,0,12,
0,8,1,33,254,142,2,29,5,9,252,57,7,101,250,243,230,153,187,1,68,0,152,0,248,0,121,0,56,0,26,0,16,0,12,
0,51,0,9,253,79,2,29,5,9,252,57,7,115,248,211,230,4,188,1,68,0,149,0,225,0,114,0,54,0,23,0,14,0,12,
0,152,255,11,252,26,2,29,5,9,252,57,7,134,248,92,230,216,184,1,67,0,146,0,200,0,107,0,52,0,23,0,15,0,12,
0,152,255,11,252,26,2,29,5,9,252,57,7,134,248,92,230,216,181,1,66,0,144,0,174,0,99,0,49,0,23,0,14,0,11,
0,41,255,244,250,179,1,29,5,9,252,57,7,99,246,93,230,172,181,1,66,0,141,0,153,0,90,0,46,0,23,0,14,0,11,
0,161,254,201,249,29,1,29,5,9,252,57,7,90,245,36,231,229,183,1,66,0,139,0,142,0,81,0,42,0,20,0,13,0,11,
0,232,253,241,248,134,0,29,5,9,252,57,7,92,246,228,230,184,183,1,67,0,138,0,137,0,75,0,40,0,19,0,13,0,11,
0,232,253,241,248,134,0,29,5,9,252,57,7,92,246,16,231,216,180,1,66,0,137,0,135,0,70,0,38,0,19,0,13,0,11,
0,66,253,106,248,232,255,29,5,9,252,57,7,115,244,16,231,216,180,1,66,0,137,0,134,0,65,0,34,0,17,0,12,0,11,
0,188,252,230,247,68,255,29,5,9,252,57,7,199,241,96,232,216,179,1,66,0,136,0,134,0,62,0,32,0,16,0,13,0,11,
0,84,252,230,247,150,254,29,5,9,252,57,7,102,241,238,233,241,182,1,66,0,137,0,134,0,58,0,30,0,15,0,12,0,11,
0,84,252,142,247,150,254,214,4,80,252,50,7,100,241,34,235,11,181,1,66,0,137,0,134,0,56,0,28,0,14,0,12,0,11,
0,254,251,146,247,255,253,214,4,80,252,50,7,100,241,34,235,136,178,1,65,0,137,0,134,0,55,0,27,0,14,0,12,0,11,
0,163,251,213,247,126,253,214,4,80,252,50,7,114,241,172,236,136,178,1,65,0,137,0,135,0,53,0,25,0,13,0,11,0,10,
0,163,251,213,247,23,253,214,4,80,252,50,7,55,240,83,238,53,177,1,65,0,138,0,134,0,52,0,25,0,14,0,12,0,11,
0,97,251,24,248,23,253,214,4,80,252,50,7,184,239,64,240,121,179,1,65,0,139,0,135,0,51,0,23,0,13,0,11,0,11,
0,45,251,109,248,185,252,214,4,80,252,50,7,192,240,169,241,197,179,1,65,0,139,0,134,0,50,0,19,0,12,0,12,0,11,
0,5,251,201,248,106,252,214,4,80,252,50,7,192,240,169,241,197,179,1,65,0,140,0,135,0,49,0,20,0,11,0,11,0,11,
0,5,251,201,248,106,252,214,4,80,252,50,7,180,240,167,242,117,176,1,65,0,140,0,134,0,49,0,21,0,12,0,11,0,11,
0,165,250,88,249,48,252,214,4,80,252,50,7,139,238,88,245,55,178,1,66,0,141,0,134,0,49,0,21,0,12,0,11,0,11,
0,30,250,24,250,195,251,214,4,80,252,50,7,205,239,189,247,184,182,1,66,0,142,0,134,0,48,0,21,0,11,0,11,0,10,
0,199,249,172,250,89,251,36,5,209,251,15,7,205,239,189,247,94,181,1,65,0,143,0,134,0,49,0,22,0,12,0,11,0,11,
0,199,249,172,250,89,251,36,5,209,251,15,7,85,240,94,249,94,181,1,65,0,144,0,134,0,48,0,22,0,11,0,10,0,10,
0,224,249,33,251,28,251,36,5,209,251,15,7,40,240,47,251,189,177,1,64,0,144,0,134,0,48,0,22,0,12,0,11,0,11,
0,35,250,211,251,16,251,36,5,209,251,15,7,12,239,209,253,141,179,1,64,0,145,0,134,0,48,0,22,0,12,0,11,0,11,
0,35,250,211,251,226,250,36,5,209,251,15,7,240,239,191,255,113,181,1,64,0,145,0,134,0,47,0,22,0,11,0,11,0,10,
0,66,250,128,252,226,250,36,5,209,251,15,7,240,239,191,255,113,181,1,63,0,146,0,134,0,48,0,22,0,12,0,11,0,11,
0,81,250,68,253,198,250,36,5,209,251,15,7,6,239,163,0,25,179,1,63,0,146,0,134,0,47,0,21,0,11,0,10,0,10,
0,147,250,61,254,152,250,36,5,209,251,15,7,228,236,18,2,95,179,1,62,0,146,0,134,0,47,0,22,0,12,0,11,0,11,
0,147,250,61,254,100,250,36,5,209,251,15,7,35,237,68,2,115,179,1,60,0,147,0,135,0,48,0,22,0,12,0,11,0,11,
0,183,250,67,255,100,250,36,5,209,251,15,7,35,237,211,1,181,178,1,60,0,148,0,136,0,47,0,21,0,11,0,11,0,11,
0,184,250,100,0,69,250,80,5,30,252,33,7,163,237,211,1,181,178,1,58,0,148,0,137,0,48,0,22,0,12,0,11,0,11,
0,245,250,144,1,16,250,80,5,30,252,33,7,2,238,146,2,61,179,1,58,0,150,0,139,0,48,0,22,0,11,0,11,0,10,
0,245,250,144,1,16,250,80,5,30,252,33,7,119,238,58,3,115,179,1,55,0,151,0,143,0,49,0,22,0,12,0,11,0,11,
0,0,251,174,2,254,249,80,5,30,252,33,7,56,239,21,3,114,179,1,54,0,153,0,153,0,51,0,23,0,14,0,11,0,11,
0,233,250,153,3,245,249,80,5,30,252,33,7,56,239,21,3,34,179,1,52,0,154,0,180,0,54,0,23,0,13,0,11,0,11,
0,20,251,130,4,248,249,80,5,30,252,33,7,208,239,205,2,34,179,1,49,0,155,0,216,0,62,0,25,0,15,0,12,0,11,
0,20,251,130,4,248,249,80,5,30,252,33,7,86,239,203,2,181,180,1,47,0,158,0,255,0,71,0,30,0,14,0,11,0,11,
0,60,251,56,5,39,250,80,5,30,252,33,7,195,240,189,2,167,181,1,44,0,159,1,31,0,81,0,32,0,16,0,11,0,11,
0,104,251,179,5,87,250,80,5,30,252,33,7,195,240,83,2,169,181,1,40,0,161,1,58,0,92,0,34,0,16,0,12,0,11,
0,104,251,179,5,106,250,80,5,30,252,33,7,10,240,83,2,169,181,1,37,0,163,1,68,0,100,0,36,0,15,0,11,0,11,
0,155,251,48,6,106,250,54,5,241,251,244,6,16,239,210,1,183,181,1,32,0,165,1,67,0,108,0,40,0,17,0,12,0,11,
0,159,251,167,6,189,250,54,5,241,251,244,6,161,237,144,2,68,184,1,31,0,167,1,65,0,113,0,41,0,16,0,12,0,11,
0,179,251,0,7,75,251,54,5,241,251,244,6,96,228,64,8,183,186,1,31,0,168,1,64,0,118,0,44,0,18,0,12,0,11,
0,179,251,0,7,185,252,54,5,241,251,244,6,96,228,64,8,8,184,1,28,0,171,1,65,0,122,0,46,0,19,0,13,0,12,
0,223,251,113,7,185,252,54,5,241,251,244,6,136,226,39,7,8,184,1,24,0,175,1,63,0,125,0,48,0,21,0,13,0,11,
0,72,252,65,8,152,254,54,5,241,251,244,6,20,228,226,3,37,185,1,19,0,177,1,63,0,127,0,51,0,23,0,14,0,12,
0,202,252,172,9,66,255,54,5,241,251,244,6,6,228,158,4,94,188,1,16,0,177,1,62,0,129,0,51,0,22,0,13,0,11,
0,202,252,172,9,66,255,54,5,241,251,244,6,201,230,218,5,91,189,1,13,0,174,1,55,0,130,0,53,0,23,0,14,0,12,
0,35,253,15,11,24,255,54,5,241,251,244,6,201,230,218,5,91,189,1,16,0,170,1,53,0,130,0,53,0,23,0,14,0,12,
0,134,253,28,12,39,255,54,5,241,251,244,6,239,230,235,5,92,185,1,21,0,166,1,58,0,130,0,54,0,23,0,14,0,11,
0,231,253,190,12,209,255,54,5,241,251,78,7,4,226,255,5,121,187,1,22,0,162,1,54,0,131,0,55,0,24,0,15,0,12,
0,231,253,190,12,209,255,242,4,221,251,78,7,19,227,163,3,25,189,1,22,0,160,1,52,0,131,0,55,0,23,0,14,0,11,
0,155,254,90,13,175,0,242,4,221,251,78,7,19,227,253,3,204,187,1,20,0,156,1,57,0,132,0,56,0,24,0,15,0,11,
0,22,255,63,14,204,0,242,4,221,251,78,7,0,228,253,3,204,187,1,18,0,155,1,61,0,132,0,57,0,25,0,15,0,12,
0,22,255,63,14,5,0,242,4,221,251,78,7,192,226,230,4,147,186,1,14,0,154,1,63,0,133,0,57,0,24,0,15,0,11,
0,54,255,54,15,5,0,242,4,221,251,78,7,129,227,241,3,9,187,1,9,0,153,1,65,0,134,0,57,0,22,0,14,0,11,
0,6,255,48,16,68,255,242,4,221,251,78,7,232,229,41,2,10,188,1,4,0,151,1,63,0,135,0,58,0,26,0,15,0,12,
0,14,255,46,17,156,254,242,4,221,251,78,7,232,229,41,2,10,187,1,2,0,150,1,61,0,135,0,58,0,25,0,15,0,11,
0,14,255,46,17,21,254,242,4,221,251,78,7,126,233,228,0,198,187,1,2,0,150,1,60,0,135,0,58,0,26,0,16,0,12,
0,84,255,202,17,21,254,242,4,221,251,78,7,72,234,185,255,188,184,1,2,0,150,1,61,0,135,0,58,0,25,0,15,0,11,
0,190,255,63,18,223,253,242,4,221,251,78,7,51,234,195,254,160,185,1,0,0,151,1,59,0,135,0,58,0,26,0,15,0,12,
0,74,0,223,18,219,253,130,4,253,251,137,6,51,234,25,253,29,189,0,253,0,151,1,57,0,134,0,58,0,25,0,15,0,11,
0,74,0,223,18,219,253,130,4,253,251,137,6,247,235,25,253,29,189,0,248,0,152,1,55,0,134,0,58,0,25,0,15,0,11,
0,160,0,83,19,185,253,130,4,253,251,137,6,46,238,247,251,36,186,0,243,0,153,1,54,0,134,0,58,0,26,0,16,0,12,
0,212,0,117,19,110,253,130,4,253,251,137,6,238,237,99,252,41,185,0,237,0,155,1,54,0,133,0,57,0,25,0,15,0,12,
0,224,0,112,19,17,253,130,4,253,251,137,6,32,238,201,252,126,188,0,229,0,156,1,54,0,133,0,57,0,25,0,15,0,12,
0,224,0,112,19,17,253,130,4,253,251,137,6,32,238,201,252,106,190,0,221,0,156,1,54,0,133,0,58,0,26,0,16,0,12,
0,187,0,127,19,203,252,130,4,253,251,137,6,134,240,41,252,106,190,0,212,0,157,1,55,0,133,0,58,0,25,0,15,0,12,
0,172,0,115,19,136,252,130,4,253,251,137,6,103,242,238,250,146,188,0,203,0,157,1,55,0,133,0,58,0,26,0,16,0,12,
0,172,0,115,19,88,252,130,4,253,251,137,6,242,242,69,250,30,188,0,194,0,157,1,57,0,133,0,57,0,25,0,15,0,12,
0,134,0,84,19,88,252,130,4,253,251,137,6,242,244,228,249,254,193,0,184,0,157,1,57,0,133,0,58,0,26,0,16,0,12,
0,85,0,41,19,77,252,201,3,16,252,78,7,133,244,228,249,254,193,0,175,0,158,1,59,0,133,0,57,0,25,0,15,0,12,
0,237,255,200,18,68,252,201,3,16,252,78,7,235,247,85,248,197,192,0,165,0,159,1,59,0,134,0,58,0,25,0,15,0,12,
0,237,255,200,18,68,252,201,3,16,252,78,7,229,249,139,247,220,188,0,157,0,160,1,59,0,134,0,58,0,26,0,16,0,12,
0,117,255,51,18,64,252,201,3,16,252,78,7,227,249,217,248,2,189,0,151,0,162,1,60,0,134,0,58,0,25,0,16,0,12,
0,228,254,81,17,33,252,201,3,16,252,78,7,227,249,217,248,0,193,0,146,0,163,1,59,0,134,0,58,0,26,0,16,0,13,
0,121,254,167,16,33,252,201,3,16,252,78,7,14,252,8,250,0,193,0,144,0,166,1,59,0,134,0,58,0,25,0,15,0,12,
0,121,254,167,16,33,252,201,3,16,252,78,7,123,254,174,249,32,190,0,141,0,168,1,59,0,135,0,58,0,25,0,15,0,12,
0,121,254,73,16,54,252,201,3,16,252,78,7,45,254,201,249,130,187,0,139,0,170,1,58,0,134,0,58,0,26,0,16,0,12,
0,160,254,216,15,75,252,201,3,16,252,78,7,181,253,6,251,16,191,0,138,0,174,1,57,0,134,0,58,0,25,0,16,0,12,
0,189,254,142,15,61,252,201,3,16,252,78,7,181,253,6,251,16,191,0,137,0,176,1,57,0,134,0,58,0,25,0,15,0,12,
0,189,254,142,15,61,252,200,3,171,251,246,6,51,1,238,250,153,191,0,137,0,179,1,55,0,134,0,59,0,26,0,16,0,12,
0,241,254,76,15,58,252,200,3,171,251,246,6,169,2,178,250,252,189,0,136,0,182,1,55,0,133,0,58,0,26,0,15,0,12,
0,16,255,233,14,52,252,200,3,171,251,246,6,209,1,130,251,117,189,0,136,0,185,1,54,0,134,0,58,0,26,0,16,0,12,
0,16,255,233,14,65,252,200,3,171,251,246,6,209,1,157,251,108,192,0,137,0,188,1,54,0,133,0,58,0,25,0,15,0,13,
0,72,255,139,14,65,252,200,3,171,251,246,6,159,4,157,251,108,192,0,136,0,191,1,53,0,133,0,58,0,26,0,16,0,12,
0,157,255,20,14,105,252,200,3,171,251,246,6,165,5,116,251,249,188,0,137,0,194,1,53,0,132,0,57,0,25,0,15,0,12,
0,207,255,143,13,167,252,200,3,171,251,246,6,20,6,68,252,138,192,0,136,0,196,1,52,0,133,0,57,0,26,0,16,0,12,
0,207,255,143,13,167,252,200,3,171,251,246,6,48,7,21,252,130,191,0,137,0,198,1,52,0,132,0,57,0,26,0,16,0,12,
0,22,0,219,12,196,252,200,3,171,251,246,6,48,7,21,252,109,189,0,137,0,201,1,51,0,131,0,57,0,25,0,15,0,12,
0,35,0,14,12,214,252,200,3,171,251,246,6,154,6,111,251,109,189,0,137,0,203,1,51,0,131,0,57,0,25,0,15,0,12,
0,69,0,60,11,10,253,91,3,255,251,186,6,121,6,111,252,9,193,0,137,0,204,1,49,0,132,0,58,0,26,0,16,0,12,
0,69,0,60,11,10,253,91,3,255,251,186,6,90,8,140,251,220,192,0,137,0,205,1,49,0,131,0,57,0,25,0,15,0,12,
0,138,0,118,10,47,253,91,3,255,251,186,6,90,8,174,250,223,189,0,137,0,206,1,48,0,131,0,57,0,26,0,16,0,12,
0,105,0,169,9,81,253,91,3,255,251,186,6,31,9,174,250,223,189,0,137,0,207,1,47,0,130,0,56,0,23,0,15,0,11,
0,114,0,209,8,104,253,91,3,255,251,186,6,197,7,183,250,156,189,0,137,0,207,1,45,0,130,0,57,0,24,0,15,0,12,
0,114,0,209,8,104,253,91,3,255,251,186,6,63,8,130,251,137,193,0,138,0,208,1,44,0,129,0,56,0,23,0,14,0,11,
0,141,0,253,7,147,253,91,3,255,251,186,6,234,10,135,250,17,192,0,138,0,208,1,42,0,129,0,56,0,24,0,14,0,11,
0,142,0,11,7,228,253,91,3,255,251,186,6,234,10,135,250,8,189,0,138,0,208,1,40,0,128,0,59,0,25,0,15,0,12,
0,142,0,11,7,13,254,91,3,255,251,186,6,117,9,125,250,8,189,0,138,0,208,1,38,0,127,0,58,0,24,0,15,0,12,
0,121,0,1,6,13,254,91,3,255,251,186,6,133,9,138,251,35,193,0,138,0,208,1,36,0,126,0,57,0,24,0,15,0,11,
0,131,0,26,5,49,254,91,3,255,251,186,6,104,11,212,250,93,192,0,139,0,207,1,33,0,126,0,56,0,25,0,16,0,12,
0,168,0,8,4,102,254,19,3,18,252,178,5,132,10,125,250,253,189,0,139,0,207,1,31,0,125,0,55,0,26,0,15,0,11,
0,168,0,8,4,102,254,19,3,18,252,178,5,132,10,125,250,253,189,0,139,0,206,1,29,0,124,0,55,0,26,0,16,0,12,
0,142,0,59,3,163,254,19,3,18,252,178,5,216,8,206,250,220,191,0,140,0,206,1,26,0,122,0,49,0,24,0,15,0,12,
0,120,0,98,2,195,254,19,3,18,252,178,5,56,10,62,250,129,193,0,140,0,206,1,23,0,121,0,49,0,23,0,15,0,12,
0,141,0,146,1,214,254,19,3,18,252,178,5,138,8,216,249,114,190,0,140,0,206,1,20,0,120,0,50,0,23,0,15,0,12,
0,141,0,146,1,214,254,19,3,18,252,178,5,138,8,248,249,53,194,0,140,0,206,1,18,0,119,0,50,0,23,0,15,0,12,
0,143,0,233,0,3,255,19,3,18,252,178,5,213,9,248,249,53,194,0,141,0,205,1,14,0,118,0,51,0,21,0,15,0,12,
0,115,0,69,0,56,255,19,3,18,252,178,5,18,9,46,249,208,189,0,141,0,205,1,12,0,116,0,50,0,21,0,14,0,11,
0,96,0,154,255,74,255,19,3,18,252,178,5,164,7,219,249,248,192,0,141,0,204,1,8,0,115,0,50,0,22,0,14,0,12,
0,96,0,154,255,74,255,19,3,18,252,178,5,36,9,193,249,43,194,0,142,0,204,1,6,0,113,0,49,0,21,0,14,0,11,
0,19,0,240,254,102,255,51,3,5,252,206,6,36,9,193,249,43,190,0,142,0,204,1,2,0,113,0,50,0,22,0,14,0,12,
0,197,255,36,254,149,255,51,3,5,252,206,6,109,9,208,248,179,190,0,142,0,203,0,255,0,111,0,49,0,23,0,14,0,12,
0,197,255,36,254,199,255,51,3,5,252,206,6,82,6,211,249,6,191,0,143,0,203,0,252,0,109,0,48,0,22,0,14,0,11,
0,131,255,78,253,199,255,51,3,5,252,206,6,88,7,11,250,102,195,0,144,0,202,0,249,0,108,0,47,0,22,0,14,0,11,
0,91,255,121,252,233,255,51,3,5,252,206,6,88,7,8,249,249,188,0,144,0,201,0,245,0,107,0,47,0,22,0,14,0,12,
0,21,255,183,251,13,0,51,3,5,252,206,6,149,6,8,249,249,188,0,144,0,200,0,242,0,105,0,46,0,21,0,14,0,11,
0,21,255,183,251,13,0,51,3,5,252,206,6,43,5,241,249,207,192,0,144,0,200,0,239,0,104,0,46,0,20,0,14,0,12,
0,206,254,18,251,49,0,51,3,5,252,206,6,139,5,250,249,18,191,0,145,0,200,0,237,0,101,0,45,0,20,0,14,0,11,
0,157,254,127,250,85,0,51,3,5,252,206,6,238,3,31,250,171,189,0,145,0,199,0,234,0,100,0,44,0,20,0,14,0,11,
0,166,254,12,250,105,0,51,3,5,252,206,6,238,3,31,250,168,193,0,146,0,200,0,232,0,99,0,43,0,19,0,13,0,11,
0,166,254,12,250,105,0,77,3,235,251,202,6,178,3,249,250,168,193,0,146,0,199,0,229,0,98,0,43,0,20,0,14,0,11,
0,120,254,161,249,117,0,77,3,235,251,202,6,162,3,95,250,59,190,0,147,0,200,0,227,0,96,0,43,0,20,0,13,0,11,
0,98,254,47,249,125,0,77,3,235,251,202,6,98,2,180,250,104,189,0,148,0,200,0,225,0,95,0,41,0,18,0,13,0,11,
0,252,253,47,248,167,0,77,3,235,251,202,6,227,1,96,251,97,192,0,149,0,200,0,223,0,94,0,46,0,22,0,14,0,11,
0,252,253,179,248,167,0,77,3,235,251,202,6,227,1,96,251,97,192,0,150,0,201,0,223,0,93,0,43,0,20,0,12,0,11,
0,190,253,72,248,220,0,77,3,235,251,202,6,227,2,142,251,220,191,0,151,0,201,0,222,0,92,0,43,0,20,0,13,0,11,
0,212,253,225,247,229,0,77,3,235,251,202,6,163,1,73,251,241,186,0,153,0,202,0,220,0,92,0,42,0,20,0,14,0,11,
0,212,253,225,247,29,1,77,3,235,251,202,6,255,254,157,252,198,191,0,155,0,203,0,219,0,90,0,41,0,20,0,13,0,11,
0,221,253,107,247,29,1,77,3,235,251,202,6,255,254,157,252,51,191,0,156,0,204,0,218,0,90,0,40,0,19,0,13,0,11,
0,212,253,13,247,69,1,77,3,235,251,202,6,167,255,31,252,51,191,0,158,0,204,0,217,0,89,0,40,0,20,0,13,0,12,
0,177,253,191,246,76,1,151,3,21,252,130,6,41,255,183,251,12,188,0,160,0,205,0,216,0,89,0,40,0,19,0,13,0,11,
0,177,253,191,246,76,1,151,3,21,252,130,6,146,253,138,252,157,188,0,163,0,205,0,215,0,88,0,39,0,19,0,14,0,11,
0,195,253,157,246,105,1,151,3,21,252,130,6,188,251,142,253,195,190,0,165,0,207,0,214,0,87,0,38,0,18,0,13,0,11,
0,150,253,161,246,134,1,151,3,21,252,130,6,188,251,142,253,195,190,0,168,0,207,0,213,0,87,0,38,0,19,0,13,0,12,
0,147,253,149,246,157,1,151,3,21,252,130,6,114,253,246,252,116,190,0,171,0,208,0,213,0,86,0,37,0,17,0,13,0,11,
0,147,253,149,246,157,1,151,3,21,252,130,6,110,252,200,252,179,186,0,173,0,208,0,212,0,86,0,38,0,19,0,13,0,11,
0,137,253,152,246,147,1,151,3,21,252,130,6,225,250,42,254,148,189,0,177,0,209,0,212,0,86,0,37,0,18,0,13,0,11,
0,144,253,138,246,166,1,151,3,21,252,130,6,225,250,197,253,107,190,0,180,0,209,0,212,0,86,0,37,0,18,0,13,0,11,
0,153,253,138,246,208,1,151,3,21,252,130,6,151,252,197,253,107,190,0,183,0,209,0,212,0,85,0,37,0,18,0,13,0,11,
0,153,253,108,246,208,1,151,3,21,252,130,6,125,250,242,253,230,187,0,186,0,210,0,212,0,84,0,36,0,17,0,12,0,11,
0,160,253,84,246,210,1,151,3,21,252,130,6,80,250,107,254,113,190,0,189,0,210,0,212,0,85,0,36,0,18,0,13,0,11,
0,150,253,62,246,208,1,185,3,2,252,158,6,155,249,54,254,105,188,0,191,0,210,0,212,0,85,0,36,0,18,0,13,0,11,
0,150,253,62,246,200,1,185,3,2,252,158,6,155,249,54,254,233,186,0,195,0,210,0,213,0,84,0,35,0,17,0,12,0,11,
0,134,253,49,246,200,1,185,3,2,252,158,6,142,248,205,253,233,186,0,197,0,211,0,213,0,85,0,36,0,18,0,13,0,11,
0,128,253,60,246,214,1,185,3,2,252,158,6,140,247,212,253,224,188,0,200,0,211,0,214,0,85,0,35,0,17,0,12,0,11,
0,143,253,102,246,210,1,185,3,2,252,158,6,16,248,55,254,125,189,0,202,0,212,0,215,0,85,0,36,0,17,0,12,0,11,
0,143,253,102,246,210,1,185,3,2,252,158,6,16,247,185,253,80,186,0,204,0,212,0,216,0,86,0,36,0,18,0,13,0,11,
0,160,253,192,246,223,1,185,3,2,252,158,6,197,247,185,253,80,186,0,207,0,213,0,217,0,85,0,36,0,17,0,12,0,12,
0,151,253,229,246,231,1,185,3,2,252,158,6,38,246,103,254,42,187,0,209,0,214,0,219,0,86,0,36,0,17,0,12,0,11,
0,140,253,251,246,226,1,185,3,2,252,158,6,104,247,160,254,114,189,0,211,0,215,0,219,0,87,0,36,0,18,0,13,0,11,
0,140,253,251,246,226,1,185,3,2,252,158,6,197,247,209,253,93,185,0,213,0,215,0,220,0,87,0,36,0,17,0,12,0,11,
0,184,253,59,247,12,2,212,3,222,251,33,7,197,247,209,253,82,186,0,215,0,216,0,221,0,87,0,37,0,18,0,13,0,11,
0,183,253,142,247,5,2,212,3,222,251,33,7,94,245,135,254,82,186,0,216,0,217,0,222,0,87,0,36,0,17,0,12,0,11,
0,175,253,142,247,8,2,212,3,222,251,33,7,254,244,192,254,58,190,0,218,0,217,0,222,0,88,0,37,0,18,0,13,0,11,
0,175,253,208,247,8,2,212,3,222,251,33,7,40,246,117,254,124,188,0,219,0,218,0,223,0,88,0,36,0,17,0,12,0,11,
0,180,253,251,247,15,2,212,3,222,251,33,7,237,244,224,253,150,184,0,220,0,218,0,223,0,89,0,37,0,18,0,13,0,11,
0,194,253,58,248,243,1,212,3,222,251,33,7,237,244,224,253,150,184,0,222,0,219,0,224,0,89,0,37,0,16,0,13,0,11,
0,194,253,58,248,250,1,212,3,222,251,33,7,83,243,135,254,191,186,0,223,0,220,0,225,0,89,0,37,0,16,0,12,0,12,
0,178,253,160,248,250,1,212,3,222,251,33,7,39,244,106,254,30,190,0,224,0,220,0,225,0,89,0,37,0,17,0,13,0,11,
0,159,253,240,248,5,2,212,3,222,251,33,7,234,244,79,253,208,185,0,225,0,221,0,225,0,89,0,37,0,16,0,12,0,11,
0,183,253,68,249,8,2,212,3,222,251,33,7,234,244,77,254,184,186,0,227,0,222,0,225,0,90,0,37,0,17,0,12,0,11,
0,183,253,68,249,8,2,57,4,218,251,152,6,117,243,77,254,184,186,0,227,0,222,0,225,0,90,0,38,0,17,0,13,0,11,
0,205,253,117,249,249,1,57,4,218,251,152,6,218,242,148,254,168,188,0,229,0,223,0,226,0,90,0,38,0,17,0,12,0,12,
0,218,253,177,249,226,1,57,4,218,251,152,6,227,243,29,254,36,188,0,229,0,223,0,226,0,91,0,38,0,18,0,13,0,11,
0,239,253,241,249,213,1,57,4,218,251,152,6,34,243,18,254,215,185,0,231,0,224,0,227,0,90,0,37,0,17,0,12,0,11,
0,239,253,241,249,213,1,57,4,218,251,152,6,34,243,18,254,82,187,0,231,0,225,0,227,0,91,0,38,0,17,0,12,0,11,
0,4,254,48,250,188,1,57,4,218,251,152,6,149,241,83,254,82,187,0,232,0,225,0,227,0,91,0,38,0,17,0,13,0,11,
0,246,253,132,250,187,1,57,4,218,251,152,6,167,242,219,253,66,188,0,232,0,226,0,228,0,91,0,38,0,17,0,12,0,11,
0,246,254,132,250,209,1,57,4,218,251,152,6,229,241,195,253,119,185,0,232,0,227,0,228,0,92,0,39,0,18,0,13,0,12,
0,10,254,228,250,209,1,57,4,218,251,152,6,229,241,229,253,107,188,0,233,0,228,0,229,0,91,0,38,0,17,0,12,0,11,
0,26,254,74,251,216,1,57,4,218,251,152,6,26,241,229,253,107,188,0,233,0,229,0,229,0,92,0,39,0,17,0,12,0,11,
0,19,254,192,251,214,1,16,4,228,251,91,6,179,242,120,253,218,187,0,233,0,230,0,229,0,92,0,39,0,18,0,13,0,11,
0,19,254,192,251,221,1,16,4,228,251,91,6,234,240,154,253,127,186,0,233,0,231,0,230,0,92,0,39,0,17,0,13,0,11,
0,62,254,48,252,221,1,16,4,228,251,91,6,233,240,7,254,54,189,0,234,0,232,0,230,0,92,0,38,0,17,0,12,0,11,
0,89,254,161,252,230,1,16,4,228,251,91,6,233,240,7,254,235,188,0,233,0,232,0,229,0,93,0,39,0,18,0,13,0,11,
0,114,254,247,252,12,2,16,4,228,251,91,6,252,242,145,253,235,188,0,234,0,233,0,230,0,93,0,39,0,17,0,12,0,11,
0,114,254,247,252,12,2,16,4,228,251,91,6,73,241,227,252,88,184,0,234,0,234,0,230,0,93,0,39,0,18,0,13,0,11,
0,112,254,73,253,236,1,16,4,228,251,91,6,132,240,45,254,238,188,0,234,0,235,0,230,0,93,0,39,0,18,0,13,0,11,
0,98,254,150,253,217,1,16,4,228,251,91,6,227,241,117,253,196,189,0,234,0,235,0,230,0,93,0,39,0,18,0,13,0,11,
0,139,254,233,253,222,1,16,4,228,251,91,6,227,241,117,253,196,189,0,234,0,236,0,231,0,92,0,39,0,17,0,12,0,11,
0,139,254,233,253,222,1,16,4,228,251,91,6,193,240,241,252,231,184,0,234,0,236,0,230,0,93,0,39,0,17,0,12,0,11,
0,160,254,106,254,205,1,16,4,228,251,43,8,58,240,136,253,15,188,0,234,0,237,0,231,0,92,0,38,0,17,0,13,0,11,
0,176,254,189,254,203,1,86,4,163,251,43,8,164,240,161,253,61,190,0,234,0,237,0,231,0,93,0,39,0,17,0,12,0,11,
0,176,254,189,254,196,1,86,4,163,251,43,8,164,240,131,252,128,187,0,233,0,237,0,232,0,93,0,40,0,18,0,13,0,11,
0,148,254,27,255,196,1,86,4,163,251,43,8,16,242,131,252,128,187,0,234,0,238,0,232,0,93,0,39,0,17,0,12,0,11,
0,166,254,154,255,209,1,86,4,163,251,43,8,165,240,57,253,25,187,0,233,0,238,0,232,0,94,0,40,0,18,0,13,0,11,
0,208,254,16,0,182,1,86,4,163,251,43,8,79,242,31,253,110,189,0,233,0,238,0,233,0,94,0,40,0,18,0,13,0,11,
0,208,254,16,0,206,1,86,4,163,251,43,8,211,241,11,253,58,186,0,233,0,238,0,234,0,94,0,40,0,18,0,13,0,11,
0,251,254,112,0,206,1,86,4,163,251,43,8,211,241,11,253,58,189,0,233,0,238,0,235,0,94,0,40,0,18,0,13,0,11,
0,28,255,192,0,233,1,86,4,163,251,43,8,102,241,107,253,91,189,0,234,0,239,0,236,0,94,0,40,0,17,0,12,0,11,
0,39,255,40,1,221,1,86,4,163,251,43,8,107,243,170,252,35,189,0,234,0,239,0,237,0,95,0,40,0,18,0,13,0,11,
0,39,255,40,1,221,1,86,4,163,251,43,8,17,242,150,252,237,184,0,234,0,239,0,239,0,95,0,35,0,18,0,14,0,12,
0,52,255,138,1,195,1,12,4,3,252,158,6,17,242,71,253,171,190,0,235,0,240,0,240,0,96,0,36,0,18,0,13,0,12,
0,86,255,218,1,200,1,12,4,3,252,158,6,25,241,71,253,171,190,0,235,0,240,0,241,0,96,0,37,0,18,0,13,0,11,
0,73,255,51,2,225,1,12,4,3,252,158,6,117,243,122,252,181,188,0,235,0,240,0,243,0,97,0,39,0,19,0,13,0,12,
0,73,255,51,2,225,1,12,4,3,252,158,6,13,243,229,251,208,185,0,236,0,241,0,244,0,97,0,40,0,19,0,13,0,11,
0,87,255,147,2,221,1,12,4,3,252,158,6,196,241,217,252,36,189,0,237,0,241,0,245,0,99,0,40,0,19,0,13,0,11,
0,95,255,240,2,179,1,12,4,3,252,158,6,196,241,217,252,138,190,0,238,0,242,0,247,0,98,0,40,0,19,0,13,0,11,
0,95,255,240,2,168,1,12,4,3,252,158,6,159,244,87,252,138,190,0,238,0,242,0,247,0,99,0,41,0,20,0,13,0,12,
0,124,255,63,3,168,1,12,4,3,252,158,6,61,244,227,251,211,186,0,239,0,243,0,250,0,99,0,41,0,19,0,13,0,11,
0,173,255,116,3,156,1,12,4,3,252,158,6,253,243,181,252,39,190,0,239,0,243,0,251,0,100,0,41,0,19,0,13,0,11,
0,185,255,151,3,158,1,12,4,3,252,158,6,222,245,19,252,51,189,0,239,0,243,0,251,0,101,0,42,0,20,0,13,0,11,
0,185,255,151,3,158,1,8,4,244,251,216,6,222,245,19,252,51,189,0,239,0,243,0,253,0,101,0,42,0,19,0,13,0,11,
0,196,255,182,3,154,1,8,4,244,251,216,6,118,245,59,252,107,189,0,240,0,243,0,254,0,103,0,43,0,20,0,14,0,11,
0,204,255,221,3,149,1,8,4,244,251,216,6,76,245,46,252,51,190,0,241,0,243,0,255,0,103,0,43,0,19,0,13,0,11,
0,209,255,34,4,141,1,8,4,244,251,216,6,85,246,241,251,106,190,0,241,0,243,1,0,0,104,0,43,0,18,0,13,0,11,
0,209,255,34,4,141,1,8,4,244,251,216,6,85,246,241,251,38,188,0,241,0,243,1,1,0,104,0,44,0,19,0,13,0,11,
0,218,255,73,4,165,1,8,4,244,251,216,6,44,246,98,251,38,188,0,242,0,243,1,3,0,104,0,44,0,18,0,13,0,11,
0,6,0,104,4,181,1,8,4,244,251,216,6,219,245,229,251,188,189,0,242,0,243,1,3,0,105,0,44,0,20,0,13,0,12,
0,33,0,146,4,182,1,8,4,244,251,216,6,59,247,249,251,70,191,0,243,0,243,1,5,0,106,0,44,0,19,0,13,0,11,
0,33,0,146,4,182,1,8,4,244,251,216,6,34,248,8,251,208,189,0,244,0,243,1,6,0,107,0,45,0,20,0,13,0,11,
0,69,0,208,4,144,1,8,4,244,251,216,6,34,248,8,251,208,189,0,244,0,243,1,8,0,107,0,45,0,20,0,14,0,12,
0,55,0,233,4,122,1,213,3,224,251,253,5,176,247,19,251,232,188,0,245,0,243,1,8,0,108,0,49,0,20,0,13,0,12,
0,55,0,233,4,147,1,213,3,224,251,253,5,199,247,115,251,246,191,0,245,0,243,1,10,0,109,0,49,0,22,0,13,0,12,
0,71,0,220,4,147,1,213,3,224,251,253,5,111,249,98,251,126,192,0,246,0,244,1,11,0,109,0,48,0,20,0,13,0,11,
0,100,0,2,5,179,1,213,3,224,251,253,5,111,249,212,250,147,189,0,246,0,243,1,12,0,110,0,48,0,22,0,14,0,11,
0,118,0,241,4,174,1,213,3,224,251,253,5,90,249,212,250,147,189,0,246,0,243,1,13,0,110,0,48,0,21,0,14,0,12,
0,118,0,241,4,174,1,213,3,224,251,253,5,159,248,234,250,66,189,0,247,0,243,1,14,0,110,0,48,0,21,0,14,0,12,
0,122,0,210,4,166,1,213,3,224,251,253,5,12,249,58,251,229,192,0,247,0,243,1,15,0,111,0,48,0,21,0,14,0,12,
0,138,0,208,4,188,1,213,3,224,251,253,5,197,251,53,250,64,192,0,247,0,243,1,16,0,111,0,47,0,22,0,13,0,11,
0,109,0,193,4,196,1,213,3,224,251,253,5,197,251,53,250,69,189,0,247,0,243,1,16,0,112,0,48,0,22,0,14,0,11,
0,109,0,193,4,196,1,213,3,224,251,253,5,160,250,244,249,69,189,0,247,0,243,1,17,0,113,0,48,0,22,0,14,0,12,
0,90,0,177,4,197,1,231,3,36,252,245,6,173,249,188,250,213,191,0,247,0,243,1,17,0,113,0,48,0,22,0,14,0,12,
0,104,0,146,4,211,1,231,3,36,252,245,6,45,251,56,250,56,195,0,247,0,243,1,18,0,113,0,48,0,22,0,14,0,11,
0,62,0,136,4,194,1,231,3,36,252,245,6,45,251,175,249,222,190,0,247,0,242,1,18,0,114,0,49,0,22,0,14,0,12,
0,62,0,136,4,194,1,231,3,36,252,245,6,143,252,175,249,222,190,0,247,0,242,1,18,0,114,0,49,0,22,0,14,0,11,
0,35,0,119,4,200,1,231,3,36,252,245,6,79,250,52,250,224,190,0,247,0,242,1,18,0,114,0,49,0,22,0,14,0,12,
0,39,0,108,4,217,1,231,3,36,252,245,6,97,252,55,250,147,194,0,247,0,242,1,18,0,114,0,48,0,22,0,14,0,12,
0,39,0,108,4,225,1,231,3,36,252,245,6,57,253,143,249,190,191,0,247,0,241,1,18,0,115,0,49,0,22,0,14,0,12,
0,50,0,86,4,225,1,231,3,36,252,245,6,57,253,143,249,167,190,0,248,0,241,1,19,0,114,0,49,0,22,0,14,0,11,
0,64,0,34,4,211,1,231,3,36,252,245,6,66,252,125,249,167,190,0,247,0,240,1,18,0,115,0,49,0,23,0,15,0,12,
0,48,0,251,3,222,1,231,3,36,252,245,6,205,251,221,249,15,193,0,247,0,240,1,18,0,115,0,49,0,23,0,14,0,12,
0,48,0,251,3,222,1,231,3,36,252,245,6,121,253,115,249,182,193,0,248,0,240,1,18,0,114,0,49,0,22,0,14,0,12,
0,19,0,215,3,6,2,166,3,235,251,144,6,50,253,43,249,34,192,0,247,0,240,1,18,0,115,0,49,0,23,0,14,0,12,
0,219,255,200,3,246,1,166,3,235,251,144,6,50,253,43,249,34,192,0,248,0,240,1,18,0,114,0,49,0,22,0,14,0,11,
0,190,255,188,3,244,1,166,3,235,251,144,6,226,252,147,249,235,192,0,248,0,240,1,17,0,114,0,49,0,22,0,14,0,11,
0,190,255,188,3,244,1,166,3,235,251,144,6,78,253,143,249,183,192,0,247,0,240,1,17,0,115,0,49,0,22,0,14,0,12,
0,231,255,145,3,10,2,166,3,235,251,144,6,211,253,14,249,1,192,0,248,0,240,1,17,0,114,0,49,0,22,0,14,0,12,
0,220,255,70,3,31,2,166,3,235,251,144,6,211,253,58,249,244,191,0,248,0,240,1,16,0,114,0,49,0,22,0,14,0,11,
0,140,255,20,3,66,2,166,3,235,251,144,6,36,253,58,249,244,191,0,247,0,239,1,15,0,114,0,49,0,20,0,14,0,12,
0,140,255,20,3,66,2,166,3,235,251,144,6,167,253,130,249,132,193,0,247,0,239,1,15,0,114,0,49,0,20,0,13,0,11,
0,119,255,198,2,71,2,166,3,235,251,144,6,245,254,189,248,104,190,0,247,0,239,1,14,0,113,0,49,0,21,0,14,0,12,
0,135,255,117,2,42,2,166,3,235,251,144,6,182,252,157,249,77,192,0,248,0,239,1,13,0,113,0,48,0,20,0,14,0,11,
0,135,255,117,2,71,2,212,3,236,251,232,6,182,252,157,249,77,194,0,248,0,239,1,13,0,113,0,48,0,21,0,13,0,11,
0,146,255,93,2,71,2,212,3,236,251,232,6,123,254,69,249,76,194,0,247,0,239,1,11,0,113,0,49,0,22,0,14,0,12,
0,131,255,26,2,55,2,212,3,236,251,232,6,33,255,64,248,55,190,0,247,0,238,1,10,0,112,0,49,0,21,0,13,0,11,
0,171,255,247,1,72,2,212,3,236,251,232,6,154,252,232,248,61,191,0,247,0,238,1,8,0,112,0,48,0,22,0,14,0,12,
0,171,255,247,1,72,2,212,3,236,251,232,6,154,252,88,249,237,194,0,247,0,238,1,8,0,111,0,48,0,21,0,13,0,11,
0,181,255,227,1,100,2,212,3,236,251,232,6,183,253,88,249,237,194,0,247,0,237,1,6,0,111,0,48,0,22,0,14,0,12,
0,169,255,193,1,143,2,212,3,236,251,232,6,91,255,226,248,161,192,0,247,0,237,1,6,0,110,0,47,0,20,0,14,0,11,
0,152,255,139,1,144,2,212,3,236,251,232,6,212,253,116,248,3,190,0,246,0,236,1,4,0,110,0,47,0,21,0,14,0,11,
0,152,255,139,1,144,2,212,3,236,251,232,6,46,253,50,249,7,192,0,246,0,235,1,3,0,110,0,48,0,21,0,14,0,12,
0,144,255,115,1,127,2,212,3,236,251,232,6,46,253,50,249,192,194,0,246,0,235,1,2,0,109,0,47,0,20,0,13,0,11,
0,117,255,80,1,130,2,217,3,220,251,249,6,2,254,128,249,192,194,0,246,0,234,1,1,0,109,0,47,0,21,0,14,0,12,
0,96,255,7,1,167,2,217,3,220,251,249,6,239,254,253,248,195,192,0,246,0,235,1,1,0,108,0,46,0,20,0,13,0,11,
0,96,255,7,1,167,2,217,3,220,251,249,6,142,253,184,248,40,189,0,245,0,234,0,255,0,108,0,47,0,23,0,14,0,12,
0,73,255,222,0,172,2,217,3,220,251,249,6,52,252,146,249,93,193,0,245,0,234,0,255,0,107,0,46,0,22,0,14,0,11,
0,86,255,181,0,197,2,217,3,220,251,249,6,52,252,146,249,93,193,0,246,0,234,0,254,0,106,0,46,0,21,0,14,0,12,
0,86,255,181,0,192,2,217,3,220,251,249,6,41,254,243,248,207,192,0,246,0,234,0,253,0,106,0,46,0,21,0,14,0,11,
0,76,255,138,0,192,2,217,3,220,251,249,6,72,253,163,248,217,189,0,245,0,233,0,252,0,106,0,46,0,22,0,14,0,11,
0,77,255,99,0,221,2,217,3,220,251,249,6,12,253,39,249,216,193,0,245,0,234,0,251,0,105,0,45,0,20,0,14,0,11,
0,110,255,52,0,225,2,217,3,220,251,249,6,12,253,39,248,217,189,0,246,0,233,0,251,0,105,0,45,0,21,0,14,0,11,
0,110,255,52,0,225,2,217,3,220,251,249,6,186,253,118,248,217,189,0,246,0,233,0,250,0,104,0,45,0,20,0,13,0,11,
0,86,255,246,255,185,2,179,3,176,251,46,7,116,252,171,249,62,193,0,247,0,232,0,249,0,104,0,45,0,21,0,14,0,11,
0,69,255,200,255,184,2,179,3,176,251,46,7,65,254,239,248,123,192,0,247,0,232,0,249,0,104,0,44,0,20,0,13,0,11,
0,62,255,151,255,162,2,179,3,176,251,46,7,89,253,140,248,124,187,0,247,0,232,0,247,0,104,0,45,0,21,0,14,0,12,
0,62,255,151,255,162,2,179,3,176,251,46,7,89,253,140,248,124,187,0,247,0,232,0,247,0,103,0,44,0,21,0,14,0,12,
0,39,255,124,255,149,2,179,3,176,251,46,7,154,251,232,249,91,192,0,248,0,232,0,247,0,102,0,44,0,20,0,13,0,11,
0,66,255,84,255,164,2,179,3,176,251,46,7,214,253,64,249,6,193,0,247,0,231,0,246,0,102,0,44,0,21,0,14,0,11,
0,73,255,84,255,191,2,179,3,176,251,46,7,157,252,10,249,3,189,0,248,0,232,0,245,0,101,0,43,0,20,0,13,0,11,
0,73,255,84,255,191,2,179,3,176,251,46,7,157,252,69,249,121,190,0,248,0,231,0,244,0,102,0,43,0,20,0,13,0,11,
0,80,255,55,255,162,2,179,3,176,251,46,7,90,251,69,249,121,190,0,248,0,231,0,244,0,101,0,44,0,20,0,14,0,12,
0,75,255,37,255,114,2,179,3,176,251,46,7,104,252,195,249,183,193,0,248,0,231,0,243,0,101,0,43,0,20,0,13,0,12,
0,75,255,37,255,123,2,179,3,176,251,46,7,69,253,77,249,2,191,0,247,0,230,0,243,0,101,0,44,0,21,0,14,0,12,
0,67,255,32,255,123,2,203,3,231,251,66,6,162,252,77,249,94,190,0,249,0,231,0,242,0,100,0,43,0,20,0,13,0,11,
0,54,255,6,255,112,2,203,3,231,251,66,6,162,252,77,249,212,191,0,248,0,231,0,241,0,100,0,43,0,20,0,13,0,11,
0,54,255,237,254,82,2,203,3,231,251,66,6,167,251,224,249,212,191,0,248,0,230,0,241,0,100,0,43,0,20,0,14,0,11,
0,54,255,237,254,82,2,203,3,231,251,66,6,180,252,245,249,38,193,0,248,0,230,0,240,0,99,0,42,0,19,0,13,0,11,
0,65,255,196,254,88,2,203,3,231,251,66,6,213,252,158,249,63,190,0,248,0,231,0,240,0,99,0,42,0,19,0,13,0,11,
0,104,255,178,254,79,2,203,3,231,251,66,6,213,251,6,250,229,190,0,248,0,230,0,239,0,99,0,43,0,18,0,13,0,11,
0,137,255,147,254,66,2,203,3,231,251,66,6,127,251,6,250,229,190,0,248,0,231,0,239,0,98,0,36,0,17,0,13,0,11,
0,137,255,147,254,66,2,203,3,231,251,66,6,71,252,16,250,123,192,0,248,0,231,0,239,0,98,0,38,0,18,0,13,0,12,
0,184,255,128,254,49,2,203,3,231,251,66,6,6,252,172,249,121,191,0,249,0,232,0,239,0,97,0,40,0,17,0,13,0,11,
0,169,255,145,254,54,2,203,3,231,251,66,6,44,251,235,249,120,191,0,249,0,232,0,239,0,97,0,39,0,17,0,12,0,11,
0,141,255,145,254,36,2,209,3,182,251,29,7,44,251,235,249,5,192,0,248,0,232,0,238,0,98,0,40,0,18,0,13,0,11,
0,141,255,153,254,36,2,209,3,182,251,29,7,59,251,219,249,5,192,0,248,0,232,0,238,0,97,0,40,0,17,0,12,0,11,
0,138,255,159,254,5,2,209,3,182,251,29,7,169,250,251,249,204,191,0,248,0,232,0,237,0,97,0,41,0,19,0,13,0,11,
0,154,255,151,254,10,2,209,3,182,251,29,7,25,251,13,250,59,193,0,248,0,232,0,237,0,96,0,41,0,18,0,13,0,11,
0,154,255,151,254,4,2,209,3,182,251,29,7,34,252,227,249,216,191,0,248,0,232,0,237,0,97,0,40,0,18,0,12,0,11,
0,138,255,166,254,4,2,209,3,182,251,29,7,34,252,227,249,216,191,0,248,0,232,0,236,0,97,0,41,0,19,0,13,0,12,
0,127,255,180,254,245,1,209,3,182,251,29,7,123,250,206,249,77,190,0,248,0,232,0,236,0,97,0,41,0,18,0,12,0,11,
0,164,255,156,254,244,1,209,3,182,251,29,7,103,250,48,250,253,192,0,247,0,232,0,236,0,97,0,41,0,19,0,13,0,11,
0,164,255,156,254,244,1,209,3,182,251,29,7,191,250,112,250,106,193,0,248,0,232,0,236,0,96,0,41,0,19,0,13,0,11,
0,190,255,137,254,245,1,209,3,182,251,29,7,191,250,208,249,150,191,0,248,0,233,0,236,0,96,0,40,0,18,0,12,0,11,
0,196,255,109,254,240,1,231,3,140,251,57,7,146,251,208,249,150,191,0,248,0,232,0,235,0,96,0,41,0,19,0,13,0,12,
0,153,255,118,254,207,1,231,3,140,251,57,7,52,250,211,249,185,191,0,247,0,232,0,236,0,96,0,41,0,18,0,13,0,11,
0,153,255,118,254,207,1,231,3,140,251,57,7,172,249,192,250,242,193,0,247,0,232,0,236,0,96,0,41,0,19,0,13,0,11,
0,152,255,156,254,198,1,231,3,140,251,57,7,20,251,165,249,240,191,0,248,0,232,0,236,0,96,0,40,0,18,0,13,0,11,
0,145,255,163,254,208,1,231,3,140,251,57,7,20,251,165,249,45,192,0,247,0,232,0,236,0,96,0,41,0,19,0,13,0,11,
0,138,255,163,254,183,1,231,3,140,251,57,7,30,249,4,250,45,192,0,248,0,233,0,236,0,95,0,40,0,17,0,12,0,11,
0,138,255,164,254,183,1,231,3,140,251,57,7,117,251,220,249,11,194,0,247,0,232,0,236,0,96,0,40,0,18,0,13,0,11,
0,144,255,175,254,170,1,231,3,140,251,57,7,239,249,197,249,164,189,0,247,0,232,0,236,0,96,0,44,0,19,0,13,0,11,
0,146,255,186,254,156,1,231,3,140,251,57,7,239,249,173,250,175,195,0,248,0,233,0,236,0,96,0,44,0,19,0,13,0,11,
0,146,255,186,254,135,1,231,3,140,251,57,7,66,249,173,250,175,195,0,247,0,232,0,236,0,96,0,43,0,19,0,13,0,11,
0,125,255,200,254,135,1,206,3,20,252,4,6,39,251,229,249,231,192,0,248,0,233,0,236,0,95,0,42,0,19,0,12,0,11,
0,156,255,201,254,126,1,206,3,20,252,4,6,98,250,206,249,198,190,0,247,0,232,0,236,0,96,0,42,0,19,0,13,0,11,
0,197,255,196,254,103,1,206,3,20,252,4,6,78,248,172,250,182,192,0,247,0,232,0,236,0,96,0,42,0,19,0,13,0,11,
0,197,255,196,254,103,1,206,3,20,252,4,6,78,248,172,250,111,194,0,248,0,232,0,236,0,95,0,41,0,18,0,14,0,11,
0,165,255,203,254,111,1,206,3,20,252,4,6,203,250,254,249,111,194,0,248,0,232,0,236,0,95,0,41,0,18,0,13,0,11,
0,137,255,225,254,114,1,206,3,20,252,4,6,223,249,169,249,179,190,0,247,0,232,0,235,0,96,0,42,0,19,0,13,0,12,
0,106,255,242,254,132,1,206,3,20,252,4,6,72,249,231,249,85,192,0,248,0,232,0,234,0,96,0,41,0,18,0,13,0,11,
0,106,255,242,254,132,1,206,3,20,252,4,6,117,249,47,250,176,193,0,248,0,232,0,233,0,95,0,41,0,19,0,13,0,12,
0,91,255,5,255,107,1,206,3,20,252,4,6,117,249,47,250,176,193,0,248,0,232,0,233,0,95,0,41,0,18,0,13,0,11,
0,108,255,1,255,83,1,206,3,20,252,4,6,4,250,130,249,181,190,0,248,0,231,0,232,0,95,0,41,0,19,0,13,0,11,
0,108,255,1,255,79,1,206,3,20,252,87,7,215,248,76,250,215,192,0,248,0,232,0,232,0,94,0,40,0,18,0,13,0,11,
0,109,255,254,254,79,1,178,3,188,251,87,7,129,249,74,250,147,193,0,247,0,230,0,232,0,94,0,40,0,17,0,13,0,11,
0,94,255,17,255,72,1,178,3,188,251,87,7,129,249,227,249,202,191,0,247,0,230,0,230,0,94,0,40,0,19,0,13,0,11,
0,85,255,64,255,92,1,178,3,188,251,87,7,100,249,227,249,202,191,0,248,0,230,0,229,0,93,0,40,0,18,0,12,0,11,
0,85,255,64,255,97,1,178,3,188,251,87,7,186,248,48,250,11,192,0,248,0,229,0,228,0,94,0,40,0,18,0,13,0,11,
0,76,255,79,255,97,1,178,3,188,251,87,7,238,248,163,250,60,193,0,249,0,229,0,228,0,93,0,40,0,17,0,12,0,11,
0,114,255,109,255,75,1,178,3,188,251,87,7,122,249,95,250,91,191,0,248,0,228,0,227,0,93,0,40,0,18,0,13,0,11,
0,132,255,146,255,94,1,178,3,188,251,87,7,122,249,95,250,91,191,0,248,0,228,0,226,0,92,0,40,0,18,0,13,0,11,
0,132,255,146,255,94,1,178,3,188,251,87,7,132,248,99,250,31,190,0,249,0,228,0,225,0,92,0,39,0,17,0,13,0,11,
0,108,255,144,255,115,1,178,3,188,251,87,7,188,248,255,250,131,193,0,250,0,228,0,225,0,91,0,38,0,17,0,12,0,11,
0,111,255,170,255,81,1,178,3,188,251,87,7,27,249,238,250,89,192,0,250,0,227,0,223,0,92,0,40,0,20,0,13,0,11,
0,89,255,208,255,78,1,214,3,221,251,223,6,27,249,186,250,44,192,0,250,0,227,0,223,0,91,0,39,0,19,0,13,0,11,
0,89,255,208,255,78,1,214,3,221,251,223,6,35,249,186,250,44,192,0,251,0,227,0,222,0,90,0,38,0,19,0,13,0,11,
0,74,255,229,255,82,1,214,3,221,251,223,6,16,249,50,251,228,191,0,251,0,227,0,222,0,90,0,38,0,18,0,13,0,11,
0,65,255,252,255,64,1,214,3,221,251,223,6,51,249,239,250,67,190,0,251,0,226,0,220,0,90,0,39,0,19,0,13,0,12,
0,65,255,252,255,27,1,214,3,221,251,223,6,109,248,122,251,143,192,0,251,0,226,0,220,0,89,0,38,0,18,0,13,0,11,
0,64,255,18,0,27,1,214,3,221,251,223,6,109,248,122,251,17,192,0,251,0,225,0,219,0,90,0,39,0,19,0,13,0,12,
0,61,255,68,0,14,1,214,3,221,251,223,6,234,249,70,251,17,192,0,251,0,224,0,218,0,89,0,38,0,19,0,13,0,12,
0,56,255,68,0,47,1,214,3,221,251,223,6,28,248,114,251,206,189,0,252,0,224,0,217,0,88,0,38,0,18,0,13,0,11,
0,56,255,68,0,77,1,214,3,221,251,223,6,89,248,69,252,173,193,0,252,0,223,0,216,0,88,0,37,0,18,0,12,0,11,
0,39,255,59,0,77,1,214,3,221,251,223,6,89,250,3,252,195,192,0,252,0,223,0,215,0,88,0,38,0,19,0,13,0,11,
0,25,255,79,0,87,1,189,3,10,252,71,6,77,250,3,252,195,192,0,252,0,222,0,214,0,87,0,37,0,17,0,12,0,11,
0,34,255,112,0,61,1,189,3,10,252,71,6,73,249,213,251,185,190,0,252,0,221,0,213,0,87,0,37,0,18,0,13,0,11,
0,34,255,112,0,61,1,189,3,10,252,71,6,74,248,66,252,243,190,0,253,0,221,0,213,0,86,0,36,0,17,0,12,0,11,
0,54,255,155,0,47,1,189,3,10,252,71,6,98,248,221,252,76,193,0,253,0,221,0,212,0,86,0,36,0,17,0,12,0,11,
0,60,255,140,0,55,1,189,3,10,252,71,6,98,248,221,252,253,192,0,253,0,220,0,212,0,86,0,37,0,18,0,13,0,11,
0,70,255,167,0,33,1,189,3,10,252,71,6,20,250,128,252,253,192,0,253,0,220,0,211,0,85,0,36,0,17,0,12,0,11,
0,70,255,167,0,33,1,189,3,10,252,71,6,93,249,140,252,225,188,0,254,0,219,0,211,0,85,0,36,0,18,0,13,0,11,
0,75,255,176,0,37,1,189,3,10,252,71,6,230,247,85,253,98,190,0,254,0,219,0,211,0,84,0,36,0,17,0,13,0,11,
0,117,255,161,0,32,1,189,3,10,252,71,6,79,249,29,253,139,193,0,255,0,218,0,210,0,85,0,36,0,18,0,13,0,11,
0,117,255,161,0,34,1,189,3,10,252,71,6,79,249,29,253,139,193,1,0,0,218,0,211,0,84,0,35,0,17,0,12,0,11,
0,115,255,182,0,34,1,208,3,180,251,116,7,142,250,191,252,38,191,1,0,0,217,0,211,0,84,0,35,0,17,0,12,0,11,
0,96,255,192,0,57,1,208,3,180,251,116,7,27,249,249,252,234,188,1,0,0,217,0,211,0,84,0,36,0,18,0,13,0,11,
0,110,255,181,0,42,1,208,3,180,251,116,7,10,248,7,254,144,191,1,1,0,217,0,211,0,84,0,35,0,17,0,13,0,11,
0,110,255,181,0,42,1,208,3,180,251,116,7,10,248,216,253,249,192,1,1,0,217,0,212,0,84,0,36,0,18,0,13,0,11,
0,145,255,222,0,2,1,208,3,180,251,116,7,183,250,216,253,249,192,1,1,0,217,0,212,0,84,0,35,0,17,0,12,0,11,
0,143,255,212,0,234,0,208,3,180,251,116,7,54,249,99,253,76,188,1,1,0,216,0,213,0,84,0,36,0,17,0,12,0,11,
0,128,255,9,1,251,0,208,3,180,251,116,7,4,249,221,253,188,190,1,1,0,216,0,213,0,84,0,36,0,18,0,13,0,12,
0,128,255,9,1,251,0,208,3,180,251,116,7,201,249,144,254,232,192,1,1,0,216,0,214,0,85,0,36,0,18,0,13,0,11,
0,141,255,0,1,225,0,208,3,180,251,116,7,201,249,144,254,153,189,1,1,0,216,0,215,0,85,0,36,0,18,0,13,0,11,
0,142,255,253,0,210,0,208,3,180,251,116,7,54,251,209,253,153,189,1,2,0,217,0,215,0,84,0,35,0,17,0,12,0,11,
0,173,255,1,1,213,0,196,3,188,251,194,5,207,249,255,253,232,188,1,1,0,216,0,216,0,85,0,36,0,17,0,12,0,11,
0,173,255,1,1,213,0,196,3,188,251,194,5,218,249,138,254,44,191,1,1,0,216,0,216,0,85,0,36,0,18,0,13,0,11,
0,190,255,248,0,215,0,196,3,188,251,194,5,218,249,73,254,153,191,1,1,0,216,0,217,0,86,0,36,0,18,0,13,0,11,
0,207,255,11,1,191,0,196,3,188,251,194,5,122,251,73,254,153,191,1,0,0,216,0,218,0,86,0,36,0,17,0,13,0,11,
0,207,255,11,1,196,0,196,3,188,251,194,5,224,250,43,254,90,189,1,1,0,216,0,219,0,86,0,36,0,17,0,12,0,11,
0,248,255,2,1,196,0,196,3,188,251,194,5,120,250,80,254,236,189,1,0,0,217,0,220,0,86,0,36,0,17,0,12,0,11,
0,9,0,2,1,169,0,196,3,188,251,194,5,176,250,75,254,97,191,1,0,0,217,0,221,0,87,0,36,0,18,0,13,0,11,
0,250,255,17,1,151,0,196,3,188,251,194,5,176,250,75,254,206,190,0,255,0,217,0,221,0,87,0,36,0,17,0,13,0,11,
0,250,255,17,1,151,0,196,3,188,251,194,5,219,251,245,253,206,190,0,255,0,217,0,222,0,88,0,37,0,18,0,13,0,11,
0,254,255,26,1,167,0,196,3,188,251,194,5,190,250,51,254,123,190,0,255,0,218,0,223,0,87,0,36,0,17,0,12,0,11,
0,12,0,41,1,155,0,196,3,188,251,194,5,65,251,114,254,55,191,0,254,0,218,0,223,0,89,0,37,0,18,0,13,0,11,
0,80,0,48,1,157,0,185,3,175,251,45,6,35,251,98,254,65,191,0,254,0,218,0,225,0,89,0,37,0,16,0,13,0,11,
0,80,0,48,1,157,0,185,3,175,251,45,6,35,251,98,254,65,191,0,253,0,219,0,226,0,89,0,37,0,16,0,13,0,11,
0,108,0,18,1,150,0,185,3,175,251,45,6,239,251,202,253,101,190,0,253,0,219,0,227,0,89,0,37,0,16,0,12,0,11,
0,72,0,39,1,147,0,185,3,175,251,45,6,218,250,223,253,44,190,0,252,0,219,0,228,0,90,0,33,0,16,0,13,0,12,
0,53,0,40,1,149,0,185,3,175,251,45,6,229,251,210,253,58,192,0,252,0,220,0,229,0,90,0,34,0,16,0,12,0,11,
0,53,0,40,1,149,0,185,3,175,251,45,6,229,251,88,253,107,191,0,252,0,220,0,230,0,91,0,35,0,16,0,13,0,12,
0,40,0,62,1,173,0,185,3,175,251,45,6,134,252,88,253,107,191,0,252,0,221,0,232,0,91,0,36,0,16,0,13,0,11,
0,75,0,55,1,160,0,185,3,175,251,45,6,157,251,139,253,37,190,0,251,0,221,0,232,0,92,0,36,0,16,0,12,0,11,
0,75,0,55,1,133,0,185,3,175,251,45,6,74,251,136,253,144,191,0,251,0,222,0,232,0,93,0,38,0,17,0,13,0,11,
0,104,0,35,1,133,0,185,3,175,251,45,6,167,252,23,253,229,192,0,251,0,222,0,233,0,93,0,37,0,16,0,12,0,11,
0,126,0,13,1,122,0,18,4,161,251,227,6,167,252,23,253,229,192,0,250,0,222,0,234,0,93,0,39,0,17,0,13,0,11,
0,108,0,5,1,117,0,18,4,161,251,227,6,136,252,58,253,126,191,0,250,0,223,0,235,0,93,0,38,0,17,0,13,0,11,
0,108,0,5,1,117,0,18,4,161,251,227,6,0,252,220,252,15,190,0,249,0,223,0,235,0,94,0,39,0,17,0,12,0,11,
0,44,0,12,1,116,0,18,4,161,251,227,6,14,252,120,253,65,193,0,249,0,223,0,235,0,95,0,40,0,18,0,13,0,11,
0,47,0,10,1,145,0,18,4,161,251,227,6,14,252,159,252,92,192,0,248,0,223,0,236,0,94,0,39,0,17,0,12,0,11,
0,80,0,212,0,147,0,18,4,161,251,227,6,169,253,159,252,92,192,0,248,0,223,0,236,0,95,0,40,0,18,0,13,0,11,
0,80,0,212,0,147,0,18,4,161,251,227,6,177,252,153,252,109,190,0,247,0,224,0,237,0,95,0,40,0,18,0,13,0,11,
0,47,0,173,0,166,0,18,4,161,251,227,6,216,251,237,252,60,191,0,247,0,224,0,237,0,96,0,40,0,18,0,13,0,11,
0,42,0,137,0,158,0,18,4,161,251,227,6,47,252,22,253,223,192,0,247,0,224,0,237,0,95,0,40,0,17,0,13,0,11,
0,11,0,99,0,160,0,18,4,161,251,227,6,47,252,22,253,239,192,0,246,0,225,0,237,0,95,0,40,0,17,0,12,0,11,
0,11,0,99,0,160,0,193,3,221,251,130,6,154,253,245,252,239,192,0,246,0,224,0,236,0,96,0,40,0,18,0,13,0,12,
0,25,0,85,0,168,0,193,3,221,251,130,6,123,252,164,252,102,191,0,246,0,225,0,237,0,96,0,40,0,18,0,13,0,11,
0,58,0,79,0,195,0,193,3,221,251,130,6,113,252,103,252,176,190,0,245,0,225,0,236,0,96,0,40,0,19,0,13,0,12,
0,58,0,79,0,207,0,193,3,221,251,130,6,113,252,174,252,3,192,0,245,0,225,0,236,0,96,0,40,0,18,0,13,0,11,
0,86,0,61,0,207,0,193,3,221,251,130,6,121,252,174,252,3,192,0,244,0,225,0,236,0,96,0,44,0,19,0,13,0,12,
0,69,0,68,0,199,0,193,3,221,251,130,6,208,252,147,252,228,192,0,244,0,225,0,235,0,96,0,44,0,19,0,13,0,11,
0,91,0,64,0,190,0,193,3,221,251,130,6,155,253,79,252,117,191,0,244,0,226,0,235,0,95,0,43,0,19,0,13,0,11,
0,91,0,64,0,190,0,193,3,221,251,130,6,111,252,111,252,102,190,0,244,0,226,0,235,0,95,0,42,0,19,0,12,0,11,
0,103,0,4,0,163,0,193,3,221,251,130,6,111,252,111,252,193,192,0,243,0,226,0,234,0,96,0,43,0,19,0,13,0,11,
0,89,0,218,255,137,0,193,3,221,251,130,6,223,251,221,252,193,192,0,243,0,226,0,234,0,95,0,41,0,18,0,13,0,11,
0,51,0,201,255,139,0,136,3,253,251,251,6,163,253,70,252,11,193,0,243,0,226,0,233,0,95,0,42,0,19,0,13,0,11,
0,51,0,201,255,139,0,136,3,253,251,251,6,235,252,27,252,79,189,0,244,0,226,0,233,0,95,0,41,0,18,0,13,0,11,
0,48,0,208,255,134,0,136,3,253,251,251,6,102,251,1,253,184,192,0,244,0,226,0,233,0,95,0,40,0,18,0,12,0,11,
0,23,0,188,255,157,0,136,3,253,251,251,6,102,251,1,253,184,192,0,243,0,226,0,232,0,95,0,41,0,19,0,13,0,11,
0,3,0,161,255,144,0,136,3,253,251,251,6,136,253,121,252,225,192,0,244,0,226,0,232,0,94,0,40,0,18,0,13,0,11,
0,3,0,161,255,144,0,136,3,253,251,251,6,139,252,13,252,68,188,0,243,0,226,0,230,0,94,0,40,0,18,0,13,0,11,
0,19,0,192,255,147,0,136,3,253,251,251,6,226,250,59,253,43,192,0,244,0,226,0,230,0,94,0,40,0,18,0,13,0,11,
0,33,0,167,255,145,0,136,3,253,251,251,6,226,250,23,253,193,193,0,244,0,226,0,229,0,94,0,40,0,18,0,13,0,11,
0,33,0,167,255,125,0,136,3,253,251,251,6,88,252,23,253,193,193,0,244,0,226,0,229,0,93,0,40,0,17,0,12,0,11,
0,18,0,135,255,125,0,136,3,253,251,251,6,227,252,124,252,120,189,0,244,0,226,0,228,0,93,0,40,0,17,0,12,0,11,
0,254,255,125,255,138,0,136,3,253,251,251,6,132,251,121,253,200,190,0,244,0,226,0,227,0,93,0,40,0,18,0,13,0,11,
0,24,0,116,255,159,0,245,3,223,251,34,7,174,251,189,253,133,192,0,244,0,226,0,227,0,93,0,40,0,19,0,13,0,11,
0,24,0,116,255,159,0,245,3,223,251,34,7,174,251,189,253,118,190,0,245,0,226,0,226,0,92,0,40,0,18,0,13,0,12,
0,46,0,138,255,140,0,245,3,223,251,34,7,192,252,117,253,118,190,0,246,0,227,0,226,0,92,0,39,0,17,0,12,0,11,
0,39,0,128,255,173,0,245,3,223,251,34,7,100,251,125,253,206,189,0,246,0,226,0,226,0,92,0,39,0,17,0,12,0,11,
0,32,0,138,255,177,0,245,3,223,251,34,7,143,251,253,253,134,190,0,246,0,227,0,225,0,92,0,40,0,18,0,13,0,12,
0,32,0,138,255,177,0,245,3,223,251,34,7,143,251,56,254,68,191,0,247,0,227,0,225,0,91,0,40,0,18,0,13,0,11,
0,45,0,123,255,195,0,245,3,223,251,34,7,154,251,56,254,68,191,0,247,0,227,0,225,0,91,0,39,0,18,0,13,0,11,
0,63,0,133,255,202,0,245,3,223,251,34,7,254,251,239,253,130,190,0,249,0,228,0,225,0,91,0,38,0,17,0,13,0,11,
0,53,0,133,255,180,0,245,3,223,251,34,7,193,251,185,253,62,189,0,249,0,228,0,225,0,91,0,38,0,17,0,12,0,11,
0,53,0,127,255,180,0,245,3,223,251,34,7,115,251,148,254,135,190,0,249,0,228,0,224,0,91,0,39,0,18,0,13,0,11,
0,69,0,131,255,154,0,198,3,251,251,112,6,115,251,148,254,246,190,0,251,0,229,0,225,0,91,0,39,0,18,0,13,0,11,
0,86,0,99,255,167,0,198,3,251,251,112,6,6,251,124,254,246,190,0,251,0,229,0,225,0,91,0,39,0,18,0,13,0,11,
0,86,0,99,255,152,0,198,3,251,251,112,6,31,252,147,254,177,190,0,252,0,230,0,225,0,90,0,38,0,17,0,12,0,11,
0,56,0,92,255,152,0,198,3,251,251,112,6,85,252,77,254,119,188,0,252,0,230,0,225,0,90,0,38,0,17,0,12,0,11,
0,56,0,119,255,149,0,198,3,251,251,112,6,79,251,141,254,244,188,0,253,0,230,0,224,0,91,0,39,0,18,0,13,0,11,
0,71,0,110,255,164,0,198,3,251,251,112,6,79,251,141,254,244,188,0,254,0,231,0,224,0,91,0,39,0,18,0,13,0,11,
0,71,0,110,255,164,0,198,3,251,251,112,6,37,251,39,255,68,191,0,254,0,231,0,225,0,90,0,38,0,18,0,13,0,11,
0,117,0,114,255,168,0,198,3,251,251,112,6,248,251,175,254,221,190,0,255,0,232,0,225,0,90,0,38,0,16,0,12,0,11,
0,145,0,105,255,153,0,198,3,251,251,112,6,8,252,145,254,112,188,0,255,0,232,0,225,0,91,0,38,0,17,0,12,0,11,
0,95,0,142,255,180,0,198,3,251,251,112,6,8,252,145,254,136,188,1,0,0,232,0,225,0,91,0,38,0,18,0,13,0,11,
0,95,0,142,255,180,0,174,3,217,251,12,7,239,250,184,254,136,188,1,1,0,233,0,225,0,91,0,39,0,18,0,13,0,11,
0,106,0,183,255,184,0,174,3,217,251,12,7,19,251,249,254,13,191,1,1,0,233,0,225,0,91,0,38,0,18,0,13,0,11,
0,176,0,215,255,167,0,174,3,217,251,12,7,134,252,156,254,48,190,1,2,0,234,0,226,0,90,0,38,0,17,0,13,0,11,
0,183,0,215,255,167,0,174,3,217,251,12,7,224,250,177,254,227,187,1,2,0,234,0,226,0,91,0,38,0,17,0,13,0,11,
0,183,0,202,255,167,0,174,3,217,251,12,7,224,250,177,254,227,187,1,3,0,234,0,226,0,91,0,39,0,18,0,13,0,12,
0,182,0,177,255,156,0,174,3,217,251,12,7,131,251,247,254,216,189,1,3,0,235,0,227,0,91,0,39,0,18,0,13,0,11,
0,186,0,158,255,138,0,174,3,217,251,12,7,75,252,201,254,89,190,1,3,0,235,0,227,0,91,0,39,0,18,0,13,0,11,
0,186,0,158,255,136,0,174,3,217,251,12,7,50,252,176,254,158,188,1,4,0,236,0,228,0,91,0,38,0,17,0,12,0,11,
0,170,0,167,255,136,0,174,3,217,251,12,7,50,252,84,254,183,188,1,4,0,236,0,228,0,91,0,38,0,17,0,12,0,11,
0,168,0,187,255,140,0,174,3,217,251,12,7,152,251,84,254,183,188,1,5,0,237,0,228,0,92,0,39,0,18,0,13,0,11,
0,208,0,209,255,138,0,184,3,44,252,50,6,145,251,165,254,90,190,1,5,0,237,0,228,0,91,0,38,0,18,0,13,0,11,
0,208,0,209,255,138,0,184,3,44,252,50,6,48,252,115,254,73,190,1,6,0,238,0,229,0,91,0,38,0,17,0,12,0,11,
0,255,0,232,255,124,0,184,3,44,252,50,6,227,251,88,254,108,188,1,5,0,238,0,229,0,92,0,39,0,18,0,13,0,11,
0,235,0,240,255,113,0,184,3,44,252,50,6,227,251,88,254,24,189,1,6,0,238,0,230,0,92,0,38,0,17,0,12,0,10,
0,207,0,221,255,120,0,184,3,44,252,50,6,196,251,204,253,24,189,1,6,0,238,0,230,0,92,0,39,0,18,0,13,0,11,
0,207,0,221,255,120,0,184,3,44,252,50,6,116,251,64,254,187,189,1,6,0,239,0,231,0,92,0,38,0,17,0,12,0,11,
0,212,0,216,255,139,0,184,3,44,252,50,6,237,251,51,254,126,190,1,6,0,239,0,231,0,93,0,39,0,18,0,13,0,11,
0,248,0,239,255,152,0,184,3,44,252,50,6,237,252,171,253,25,189,1,6,0,239,0,232,0,92,0,38,0,17,0,12,0,11,
0,0,1,239,255,139,0,184,3,44,252,50,6,175,252,171,253,25,189,1,6,0,239,0,232,0,93,0,39,0,17,0,12,0,11,
0,11,1,18,0,148,0,142,3,95,252,53,6,200,251,140,253,31,188,1,4,0,240,0,234,0,94,0,40,0,18,0,12,0,11,
0,21,1,2,0,155,0,142,3,95,252,53,6,216,251,166,253,61,190,1,3,0,240,0,234,0,95,0,40,0,18,0,13,0,11,
0,66,1,2,0,137,0,142,3,95,252,53,6,0,252,31,253,230,189,1,2,0,241,0,234,0,94,0,40,0,19,0,13,0,11,
0,66,1,2,0,137,0,142,3,95,252,53,6,76,252,51,253,18,189,1,1,0,240,0,234,0,95,0,40,0,18,0,13,0,11,
0,50,1,7,0,106,0,142,3,95,252,53,6,76,252,51,253,18,189,1,1,0,241,0,235,0,94,0,40,0,17,0,13,0,11,
0,23,1,19,0,117,0,142,3,95,252,53,6,180,251,71,253,63,189,1,0,0,241,0,235,0,95,0,40,0,17,0,12,0,11,
0,32,1,34,0,95,0,142,3,95,252,53,6,186,251,43,253,187,189,1,0,0,241,0,235,0,95,0,40,0,18,0,13,0,11,
0,32,1,34,0,95,0,142,3,95,252,53,6,101,252,46,253,109,190,0,255,0,241,0,235,0,95,0,40,0,17,0,12,0,11,
0,25,1,46,0,102,0,206,3,46,252,175,6,101,252,0,253,68,190,0,254,0,241,0,235,0,95,0,35,0,17,0,13,0,11,
0,22,1,47,0,133,0,206,3,46,252,175,6,159,252,0,253,68,190,0,253,0,241,0,235,0,94,0,36,0,16,0,12,0,11,
0,22,1,47,0,120,0,206,3,46,252,175,6,174,251,201,252,222,188,0,252,0,241,0,234,0,95,0,37,0,17,0,13,0,11,
0,35,1,61,0,120,0,206,3,46,252,175,6,213,251,197,252,85,189,0,251,0,241,0,233,0,95,0,38,0,17,0,13,0,11,
0,30,1,56,0,100,0,206,3,46,252,175,6,136,251,229,252,193,189,0,250,0,241,0,233,0,94,0,38,0,17,0,12,0,11,
0,49,1,52,0,85,0,206,3,46,252,175,6,136,251,229,252,244,189,0,249,0,240,0,233,0,95,0,39,0,17,0,13,0,11,
0,49,1,52,0,103,0,206,3,46,252,175,6,115,252,184,252,244,189,0,248,0,241,0,233,0,94,0,39,0,17,0,12,0,11,
0,39,1,38,0,103,0,206,3,46,252,175,6,208,251,106,252,59,188,0,247,0,241,0,232,0,94,0,39,0,17,0,12,0,11,
0,35,1,33,0,137,0,206,3,46,252,175,6,60,251,167,252,27,191,0,246,0,241,0,232,0,94,0,40,0,18,0,13,0,11,
0,11,1,26,0,109,0,206,3,46,252,175,6,60,251,96,252,134,190,0,245,0,241,0,232,0,94,0,40,0,18,0,13,0,11,
0,11,1,26,0,109,0,173,3,64,252,103,6,180,252,96,252,134,190,0,244,0,241,0,232,0,94,0,40,0,17,0,12,0,11,
0,11,1,40,0,91,0,173,3,64,252,103,6,175,251,67,252,99,189,0,243,0,240,0,230,0,94,0,40,0,18,0,13,0,12,
0,38,1,61,0,116,0,173,3,64,252,103,6,167,251,91,252,119,189,0,242,0,240,0,230,0,93,0,40,0,17,0,13,0,11,
0,31,1,96,0,153,0,173,3,64,252,103,6,207,251,81,252,88,191,0,242,0,240,0,229,0,94,0,40,0,19,0,13,0,12,
0,31,1,96,0,153,0,173,3,64,252,103,6,207,251,81,252,121,189,0,241,0,239,0,229,0,93,0,40,0,18,0,13,0,11,
0,58,1,77,0,147,0,173,3,64,252,103,6,151,252,10,252,121,189,0,241,0,239,0,228,0,93,0,39,0,17,0,12,0,11,
0,53,1,53,0,121,0,173,3,64,252,103,6,6,251,251,251,221,187,0,239,0,238,0,227,0,93,0,40,0,19,0,13,0,11,
0,53,1,53,0,126,0,173,3,64,252,103,6,197,250,147,252,192,191,0,239,0,238,0,227,0,92,0,39,0,17,0,12,0,11,
0,25,1,38,0,126,0,173,3,64,252,103,6,217,252,58,252,193,190,0,239,0,238,0,227,0,92,0,40,0,18,0,13,0,11,
0,8,1,57,0,99,0,173,3,64,252,103,6,217,252,58,252,193,190,0,239,0,237,0,226,0,92,0,39,0,18,0,13,0,11,
0,221,0,43,0,86,0,119,3,255,251,152,7,192,251,177,251,221,186,0,238,0,236,0,225,0,92,0,40,0,18,0,13,0,11,
0,221,0,43,0,44,0,119,3,255,251,152,7,161,250,63,252,147,189,0,238,0,236,0,225,0,91,0,38,0,17,0,12,0,10,
0,207,0,39,0,44,0,119,3,255,251,152,7,34,251,108,252,250,191,0,237,0,235,0,225,0,92,0,43,0,19,0,12,0,11,
0,212,0,77,0,40,0,119,3,255,251,152,7,34,251,108,252,16,190,0,237,0,235,0,224,0,91,0,42,0,18,0,12,0,11,
0,220,0,61,0,69,0,119,3,255,251,152,7,52,252,24,252,16,190,0,237,0,235,0,224,0,90,0,40,0,17,0,12,0,11,
0,220,0,61,0,69,0,119,3,255,251,152,7,28,252,212,251,52,187,0,237,0,234,0,224,0,91,0,40,0,19,0,13,0,11,
0,244,0,63,0,48,0,119,3,255,251,152,7,59,250,69,252,19,188,0,237,0,234,0,224,0,90,0,40,0,17,0,12,0,11,
0,210,0,82,0,67,0,119,3,255,251,152,7,239,251,171,252,209,192,0,236,0,233,0,223,0,91,0,40,0,20,0,13,0,11,
0,194,0,67,0,69,0,119,3,255,251,152,7,239,251,171,252,209,192,0,236,0,233,0,223,0,90,0,40,0,20,0,13,0,11,
0,194,0,67,0,69,0,119,3,255,251,152,7,130,252,224,251,155,187,0,236,0,233,0,223,0,90,0,39,0,19,0,13,0,11,
0,214,0,50,0,57,0,119,3,40,252,252,5,108,251,61,252,153,187,0,235,0,232,0,223,0,91,0,40,0,19,0,13,0,11,
0,231,0,31,0,53,0,207,3,40,252,252,5,151,250,131,252,250,189,0,236,0,232,0,223,0,89,0,38,0,18,0,13,0,11,
0,231,0,31,0,21,0,207,3,40,252,252,5,151,250,183,252,247,191,0,235,0,232,0,222,0,89,0,38,0,18,0,13,0,11,
0,206,0,44,0,21,0,207,3,40,252,252,5,146,251,183,252,247,191,0,235,0,231,0,222,0,90,0,39,0,19,0,13,0,12,
0,194,0,48,0,7,0,207,3,40,252,252,5,93,252,3,252,56,189,0,234,0,230,0,222,0,89,0,38,0,19,0,13,0,11,
0,179,0,34,0,8,0,207,3,40,252,252,5,121,251,224,251,78,186,0,234,0,230,0,222,0,89,0,38,0,18,0,13,0,11,
0,179,0,34,0,8,255,207,3,40,252,252,5,167,250,238,252,155,189,0,233,0,229,0,221,0,89,0,38,0,19,0,13,0,11,
0,168,0,9,0,246,255,207,3,40,252,252,5,167,250,238,252,80,191,0,233,0,229,0,222,0,89,0,38,0,17,0,12,0,11,
0,156,0,38,0,253,255,207,3,40,252,252,5,133,252,138,252,80,191,0,232,0,228,0,221,0,89,0,38,0,18,0,13,0,11,
0,152,0,54,0,229,255,207,3,40,252,252,5,191,251,231,251,86,186,0,232,0,228,0,222,0,89,0,38,0,18,0,13,0,11,
0,152,0,54,0,229,255,207,3,40,252,252,5,42,251,131,252,254,188,0,232,0,228,0,221,0,89,0,38,0,18,0,13,0,11,
0,166,0,51,0,236,255,161,3,47,252,94,6,42,251,186,252,21,190,0,232,0,228,0,222,0,89,0,37,0,17,0,13,0,11,
0,178,0,49,0,255,255,161,3,47,252,94,6,190,251,186,252,21,190,0,231,0,228,0,222,0,89,0,37,0,17,0,12,0,11,
0,200,0,49,0,218,255,161,3,47,252,94,6,218,252,85,252,214,188,0,231,0,228,0,222,0,89,0,38,0,18,0,13,0,11,
0,200,0,49,0,218,255,161,3,47,252,94,6,140,251,39,252,140,186,0,230,0,227,0,222,0,89,0,38,0,18,0,13,0,11,
0,219,0,51,0,195,255,161,3,47,252,94,6,160,251,226,252,238,190,0,230,0,227,0,222,0,89,0,38,0,18,0,13,0,11,
0,185,0,62,0,205,255,161,3,47,252,94,6,160,251,226,252,187,186,0,230,0,228,0,223,0,89,0,37,0,17,0,12,0,11,
0,185,0,62,0,254,255,161,3,47,252,94,6,197,252,218,251,187,186,0,229,0,227,0,223,0,89,0,38,0,18,0,13,0,11,
0,169,0,61,0,254,255,161,3,47,252,94,6,176,251,178,252,171,190,0,229,0,227,0,223,0,89,0,37,0,18,0,13,0,11,
0,174,0,55,0,23,0,161,3,47,252,94,6,112,253,191,251,139,188,0,229,0,227,0,223,0,89,0,37,0,18,0,13,0,11,
0,156,0,24,0,237,255,161,3,47,252,94,6,126,251,11,252,59,186,0,229,0,228,0,223,0,89,0,37,0,17,0,12,0,11,
0,156,0,24,0,237,255,243,3,238,251,93,7,126,251,11,252,59,186,0,229,0,227,0,223,0,90,0,38,0,19,0,13,0,12,
0,173,0,12,0,188,255,243,3,238,251,93,7,51,252,107,252,247,189,0,229,0,227,0,224,0,89,0,38,0,16,0,12,0,11,
0,219,0,2,0,193,255,243,3,238,251,93,7,121,252,74,252,43,190,0,229,0,227,0,224,0,90,0,38,0,17,0,13,0,12,
0,193,0,1,0,194,255,243,3,238,251,93,7,72,253,152,251,6,189,0,229,0,227,0,224,0,90,0,38,0,17,0,13,0,11,
0,193,0,1,0,194,255,243,3,238,251,93,7,72,253,184,251,126,187,0,229,0,226,0,224,0,90,0,38,0,17,0,13,0,11,
0,176,0,249,255,189,255,243,3,238,251,93,7,238,252,184,251,126,187,0,229,0,227,0,225,0,90,0,38,0,16,0,12,0,11,
0,178,0,252,255,191,255,243,3,238,251,93,7,191,251,66,252,62,188,0,229,0,227,0,225,0,90,0,38,0,16,0,12,0,11,
0,109,0,8,0,205,255,243,3,238,251,93,7,169,252,10,252,22,191,0,229,0,227,0,225,0,91,0,38,0,17,0,12,0,11,
0,109,0,8,0,205,255,243,3,238,251,93,7,134,253,131,251,54,189,0,230,0,227,0,226,0,90,0,38,0,17,0,13,0,11,
0,95,0,3,0,192,255,243,3,238,251,93,7,134,253,131,251,185,187,0,230,0,227,0,227,0,90,0,38,0,17,0,12,0,11,
0,119,0,219,255,188,255,161,3,74,252,149,6,138,253,52,251,185,187,0,230,0,227,0,226,0,91,0,38,0,18,0,13,0,11,
0,119,0,219,255,186,255,161,3,74,252,149,6,42,253,96,251,148,188,0,230,0,227,0,227,0,90,0,38,0,16,0,12,0,11,
0,198,0,177,255,186,255,161,3,74,252,149,6,197,252,198,251,131,190,0,230,0,227,0,226,0,91,0,38,0,17,0,13,0,11,
0,205,0,161,255,201,255,161,3,74,252,149,6,197,252,102,251,240,189,0,230,0,227,0,226,0,91,0,38,0,17,0,13,0,11,
0,170,0,155,255,198,255,161,3,74,252,149,6,103,254,102,251,240,189,0,231,0,227,0,227,0,91,0,38,0,17,0,12,0,11,
0,170,0,155,255,198,255,161,3,74,252,149,6,28,254,198,250,106,187,0,230,0,226,0,226,0,91,0,38,0,17,0,13,0,11,
0,187,0,151,255,182,255,161,3,74,252,149,6,29,253,65,251,182,188,0,231,0,226,0,227,0,91,0,38,0,17,0,12,0,11,
0,166,0,151,255,165,255,161,3,74,252,149,6,231,252,89,251,145,189,0,231,0,226,0,226,0,91,0,39,0,17,0,13,0,11,
0,106,0,114,255,184,255,161,3,74,252,149,6,231,252,89,251,63,189,0,231,0,226,0,226,0,91,0,39,0,18,0,13,0,11,
0,106,0,114,255,184,255,161,3,74,252,149,6,179,253,10,251,63,189,0,231,0,226,0,226,0,91,0,39,0,17,0,13,0,11,
0,119,0,113,255,211,255,135,3,85,252,107,6,27,254,48,251,69,190,0,232,0,226,0,226,0,91,0,38,0,17,0,13,0,12,
0,152,0,85,255,222,255,135,3,85,252,107,6,190,253,202,250,90,190,0,232,0,226,0,226,0,91,0,38,0,17,0,12,0,11,
0,123,0,97,255,217,255,135,3,85,252,107,6,65,253,255,250,194,189,0,232,0,226,0,226,0,91,0,39,0,18,0,13,0,11,
0,123,0,97,255,217,255,135,3,85,252,107,6,65,253,255,250,194,189,0,232,0,226,0,226,0,91,0,39,0,18,0,13,0,11,
0,109,0,124,255,225,255,135,3,85,252,107,6,36,253,121,250,144,188,0,232,0,225,0,225,0,91,0,39,0,18,0,13,0,11,
0,125,0,97,255,213,255,135,3,85,252,107,6,101,252,198,250,171,189,0,232,0,226,0,225,0,91,0,38,0,17,0,12,0,11,
0,125,0,97,255,204,255,135,3,85,252,107,6,81,253,156,250,117,191,0,232,0,225,0,225,0,91,0,39,0,18,0,13,0,11,
0,101,0,70,255,204,255,135,3,85,252,107,6,81,253,156,250,70,189,0,232,0,225,0,225,0,91,0,39,0,18,0,13,0,11,
0,103,0,37,255,189,255,135,3,85,252,107,6,236,253,41,250,70,189,0,233,0,225,0,224,0,90,0,38,0,18,0,13,0,11,
0,107,0,33,255,193,255,135,3,85,252,107,6,117,252,90,250,228,187,0,233,0,224,0,224,0,91,0,38,0,17,0,13,0,11,
0,107,0,33,255,193,255,135,3,85,252,107,6,162,252,46,251,16,191,0,234,0,225,0,224,0,90,0,38,0,16,0,12,0,11,
0,125,0,22,255,241,255,207,3,76,252,191,6,190,252,139,250,94,191,0,234,0,224,0,223,0,90,0,38,0,19,0,13,0,11,
0,108,0,246,254,236,255,207,3,76,252,191,6,190,252,139,250,94,191,0,234,0,224,0,223,0,90,0,38,0,19,0,13,0,11,
0,81,0,5,255,221,255,207,3,76,252,191,6,92,253,114,250,223,188,0,235,0,224,0,223,0,89,0,38,0,18,0,13,0,11,
0,81,0,5,255,221,255,207,3,76,252,191,6,95,252,79,250,240,187,0,235,0,224,0,223,0,89,0,37,0,18,0,12,0,11,
0,102,0,246,254,238,255,207,3,76,252,191,6,168,251,149,250,220,189,0,235,0,224,0,222,0,90,0,38,0,19,0,13,0,11,
0,88,0,224,254,224,255,207,3,76,252,191,6,168,251,216,250,142,191,0,235,0,224,0,222,0,89,0,37,0,17,0,12,0,11,
0,73,0,248,254,0,0,207,3,76,252,191,6,3,252,216,250,142,191,0,235,0,223,0,220,0,89,0,38,0,18,0,13,0,11,
0,73,0,248,254,0,0,207,3,76,252,191,6,216,252,109,250,126,190,0,235,0,223,0,220,0,88,0,32,0,18,0,14,0,12,
0,75,0,249,254,19,0,207,3,76,252,191,6,41,252,190,249,221,187,0,234,0,223,0,219,0,89,0,34,0,17,0,13,0,11,
0,99,0,221,254,11,0,207,3,76,252,191,6,200,250,95,250,67,189,0,234,0,223,0,219,0,88,0,34,0,17,0,13,0,12,
0,99,0,221,254,17,0,162,3,134,252,102,6,200,250,95,250,77,192,0,234,0,223,0,219,0,88,0,35,0,17,0,12,0,11,
0,87,0,166,254,17,0,162,3,134,252,102,6,58,251,166,250,77,192,0,234,0,223,0,218,0,88,0,36,0,18,0,13,0,12,
0,53,0,147,254,3,0,162,3,134,252,102,6,246,251,45,250,174,190,0,233,0,223,0,218,0,87,0,36,0,18,0,13,0,11,
0,44,0,174,254,19,0,162,3,134,252,102,6,130,251,213,249,99,189,0,232,0,222,0,217,0,88,0,37,0,18,0,13,0,11,
0,44,0,174,254,19,0,162,3,134,252,102,6,130,251,45,250,39,189,0,232,0,223,0,216,0,87,0,36,0,17,0,12,0,11,
0,15,0,170,254,31,0,162,3,134,252,102,6,217,250,45,250,39,189,0,232,0,222,0,215,0,87,0,37,0,18,0,13,0,11,
0,23,0,179,254,17,0,162,3,134,252,102,6,241,249,166,250,84,190,0,231,0,222,0,215,0,87,0,37,0,18,0,13,0,11,
0,30,0,198,254,15,0,162,3,134,252,102,6,145,250,182,250,96,192,0,230,0,222,0,214,0,86,0,36,0,17,0,12,0,11,
0,30,0,198,254,15,0,162,3,134,252,102,6,252,250,37,250,113,190,0,230,0,223,0,214,0,86,0,36,0,17,0,12,0,11,
0,24,0,198,254,236,255,162,3,134,252,102,6,252,250,37,250,162,188,0,229,0,222,0,213,0,86,0,36,0,18,0,13,0,11,
0,18,0,213,254,242,255,144,3,84,252,73,6,147,250,199,249,162,188,0,228,0,222,0,213,0,85,0,36,0,17,0,12,0,11,
0,5,0,213,254,253,255,144,3,84,252,73,6,215,249,23,250,251,189,0,227,0,222,0,212,0,85,0,36,0,18,0,13,0,11,
0,5,0,185,254,253,255,144,3,84,252,73,6,239,248,87,250,230,191,0,227,0,222,0,211,0,85,0,36,0,18,0,13,0,11,
0,235,255,151,254,3,0,144,3,84,252,73,6,53,250,95,250,26,191,0,226,0,222,0,211,0,85,0,36,0,17,0,13,0,11,
0,232,255,152,254,251,255,144,3,84,252,73,6,53,250,95,250,26,191,0,226,0,222,0,211,0,84,0,35,0,17,0,12,0,11,
0,232,255,152,254,225,255,144,3,84,252,73,6,26,250,6,250,18,189,0,225,0,222,0,211,0,84,0,35,0,16,0,12,0,11,
0,254,255,186,254,225,255,144,3,84,252,73,6,43,249,4,250,77,188,0,224,0,222,0,210,0,84,0,36,0,17,0,13,0,11,
0,21,0,183,254,209,255,144,3,84,252,73,6,198,248,155,250,72,191,0,223,0,223,0,210,0,84,0,35,0,17,0,13,0,11,
0,8,0,173,254,192,255,144,3,84,252,73,6,198,248,93,250,122,191,0,222,0,223,0,210,0,84,0,36,0,18,0,13,0,11,
0,8,0,173,254,192,255,144,3,84,252,73,6,46,250,93,250,122,191,0,222,0,223,0,210,0,83,0,39,0,17,0,12,0,11,
0,239,255,172,254,188,255,206,3,34,252,215,6,169,249,16,250,205,187,0,221,0,223,0,210,0,83,0,38,0,17,0,12,0,11,
0,202,255,161,254,202,255,206,3,34,252,215,6,147,248,93,250,69,189,0,221,0,223,0,210,0,84,0,38,0,19,0,13,0,11,
0,176,255,155,254,176,255,206,3,34,252,215,6,159,248,151,250,98,190,0,220,0,223,0,211,0,83,0,38,0,18,0,13,0,11,
0,176,255,155,254,176,255,206,3,34,252,215,6,159,248,151,250,98,191,0,219,0,223,0,210,0,84,0,37,0,18,0,13,0,11,
0,167,255,186,254,169,255,206,3,34,252,215,6,34,249,200,250,76,191,0,219,0,223,0,211,0,83,0,36,0,17,0,13,0,11,
0,183,255,188,254,172,255,206,3,34,252,215,6,112,249,14,250,67,188,0,219,0,223,0,211,0,84,0,36,0,17,0,12,0,11,
0,230,255,188,254,130,255,206,3,34,252,215,6,170,248,147,250,187,188,0,218,0,223,0,211,0,84,0,36,0,18,0,13,0,11,
0,230,255,178,254,130,255,206,3,34,252,215,6,170,248,230,250,57,189,0,218,0,223,0,212,0,84,0,36,0,17,0,12,0,11,
0,187,255,163,254,132,255,206,3,34,252,215,6,169,248,230,250,57,189,0,217,0,223,0,212,0,84,0,36,0,18,0,12,0,11,
0,178,255,170,254,134,255,206,3,34,252,215,6,243,248,139,250,43,189,0,217,0,224,0,213,0,84,0,35,0,16,0,12,0,11,
0,178,255,170,254,138,255,206,3,34,252,215,6,248,248,213,250,171,189,0,216,0,224,0,214,0,84,0,36,0,18,0,13,0,11,
0,178,255,204,254,138,255,221,3,90,252,203,6,209,248,188,250,152,190,0,215,0,224,0,214,0,84,0,36,0,17,0,13,0,11,
0,215,255,205,254,103,255,221,3,90,252,203,6,209,248,188,250,1,188,0,215,0,224,0,215,0,84,0,35,0,17,0,12,0,11,
0,200,255,207,254,104,255,221,3,90,252,203,6,186,249,106,250,1,188,0,215,0,225,0,215,0,84,0,35,0,17,0,12,0,11,
0,200,255,207,254,104,255,221,3,90,252,203,6,180,248,240,250,75,188,0,214,0,224,0,216,0,85,0,36,0,18,0,13,0,11,
0,168,255,217,254,125,255,221,3,90,252,203,6,159,249,240,250,162,190,0,214,0,225,0,217,0,85,0,35,0,17,0,12,0,11,
0,107,255,197,254,108,255,221,3,90,252,203,6,159,249,75,250,139,186,0,214,0,224,0,217,0,86,0,36,0,17,0,13,0,11,
0,109,255,195,254,91,255,221,3,90,252,203,6,115,249,75,250,139,186,0,213,0,225,0,218,0,86,0,37,0,18,0,13,0,11,
0,109,255,195,254,91,255,221,3,90,252,203,6,80,248,19,251,37,189,0,213,0,224,0,219,0,87,0,36,0,18,0,13,0,11,
0,154,255,210,254,121,255,221,3,90,252,203,6,2,250,223,250,223,189,0,213,0,225,0,220,0,86,0,36,0,17,0,12,0,11,
0,168,255,233,254,100,255,221,3,90,252,203,6,221,249,82,250,204,186,0,212,0,224,0,220,0,87,0,36,0,18,0,13,0,12,
0,164,255,233,254,86,255,193,3,102,252,176,6,221,249,82,250,249,187,0,211,0,225,0,221,0,87,0,36,0,18,0,13,0,11,
0,164,255,245,254,86,255,193,3,102,252,176,6,218,248,184,250,249,187,0,211,0,225,0,222,0,88,0,37,0,18,0,13,0,11,
0,168,255,11,255,94,255,193,3,102,252,176,6,209,248,219,250,238,189,0,211,0,225,0,223,0,88,0,37,0,18,0,13,0,11,
0,159,255,251,254,87,255,193,3,102,252,176,6,38,250,185,250,219,189,0,211,0,225,0,224,0,88,0,36,0,16,0,12,0,11,
0,159,255,251,254,80,255,193,3,102,252,176,6,238,249,30,250,19,188,0,210,0,226,0,225,0,88,0,37,0,16,0,12,0,11,
0,148,255,240,254,80,255,193,3,102,252,176,6,238,249,30,250,19,188,0,210,0,225,0,225,0,89,0,37,0,17,0,13,0,11,
0,199,255,251,254,63,255,193,3,102,252,176,6,169,249,79,250,250,187,0,210,0,226,0,226,0,89,0,38,0,17,0,12,0,11,
0,206,255,251,254,100,255,193,3,102,252,176,6,78,249,174,250,246,188,0,209,0,226,0,226,0,90,0,38,0,17,0,12,0,11,
0,206,255,251,254,100,255,193,3,102,252,176,6,125,249,243,250,157,189,0,209,0,226,0,228,0,90,0,37,0,16,0,12,0,11,
0,207,255,215,254,98,255,193,3,102,252,176,6,125,249,161,249,249,187,0,209,0,226,0,228,0,90,0,37,0,16,0,12,0,11,
0,200,255,224,254,88,255,223,3,80,252,153,7,218,250,161,249,249,187,0,208,0,226,0,228,0,91,0,38,0,17,0,12,0,11,
0,193,255,229,254,73,255,223,3,80,252,153,7,122,249,53,250,11,189,0,208,0,226,0,229,0,91,0,38,0,17,0,13,0,11,
0,193,255,229,254,73,255,223,3,80,252,153,7,154,249,183,250,137,189,0,208,0,225,0,230,0,92,0,38,0,17,0,12,0,11,
0,206,255,243,254,76,255,223,3,80,252,153,7,243,249,113,250,69,190,0,208,0,226,0,231,0,91,0,38,0,17,0,12,0,11,
0,206,255,9,255,40,255,223,3,80,252,153,7,243,249,113,250,70,188,0,208,0,226,0,232,0,92,0,38,0,17,0,12,0,11,
0,206,255,9,255,29,255,223,3,80,252,153,7,161,250,13,250,70,188,0,207,0,226,0,231,0,93,0,39,0,18,0,13,0,11,
0,206,255,12,255,29,255,223,3,80,252,153,7,20,249,224,249,244,187,0,207,0,226,0,232,0,93,0,40,0,18,0,13,0,11,
0,227,255,28,255,73,255,223,3,80,252,153,7,56,249,102,250,117,191,0,207,0,226,0,232,0,93,0,39,0,17,0,13,0,11,
0,239,255,246,254,137,255,223,3,80,252,153,7,56,249,181,249,130,190,0,206,0,226,0,232,0,94,0,40,0,18,0,13,0,12,
0,239,255,246,254,137,255,223,3,80,252,153,7,94,251,181,249,130,190,0,206,0,226,0,233,0,93,0,39,0,17,0,13,0,11,
0,217,255,226,254,137,255,131,3,157,252,165,6,117,249,226,249,199,186,0,206,0,226,0,232,0,94,0,40,0,18,0,13,0,12,
0,204,255,203,254,136,255,131,3,157,252,165,6,238,248,123,250,57,191,0,206,0,225,0,233,0,94,0,40,0,18,0,13,0,11,
0,193,255,197,254,99,255,131,3,157,252,165,6,171,250,59,250,254,191,0,206,0,225,0,232,0,94,0,40,0,18,0,13,0,11,
0,193,255,197,254,99,255,131,3,157,252,165,6,171,250,59,250,111,187,0,206,0,225,0,232,0,94,0,39,0,17,0,12,0,11,
0,173,255,193,254,108,255,131,3,157,252,165,6,48,250,141,249,111,187,0,205,0,225,0,232,0,94,0,40,0,18,0,13,0,11,
0,180,255,187,254,147,255,131,3,157,252,165,6,236,248,115,250,148,190,0,205,0,224,0,232,0,94,0,40,0,18,0,13,0,11,
0,192,255,215,254,136,255,131,3,157,252,165,6,74,250,12,250,23,192,0,205,0,224,0,232,0,94,0,40,0,17,0,12,0,11,
0,192,255,215,254,136,255,131,3,157,252,165,6,231,249,157,249,244,188,0,205,0,224,0,231,0,94,0,40,0,19,0,13,0,11,
0,174,255,222,254,161,255,131,3,157,252,165,6,231,249,157,249,244,188,0,206,0,224,0,231,0,93,0,39,0,17,0,12,0,11,
0,173,255,199,254,155,255,131,3,157,252,165,6,35,249,41,250,85,190,0,205,0,223,0,230,0,93,0,40,0,17,0,12,0,11,
0,173,255,199,254,157,255,131,3,157,252,251,6,159,249,73,250,183,190,0,205,0,223,0,229,0,93,0,40,0,18,0,13,0,11,
0,202,255,219,254,157,255,233,3,91,252,251,6,199,249,48,250,152,190,0,205,0,223,0,229,0,93,0,40,0,18,0,13,0,11,
0,200,255,211,254,153,255,233,3,91,252,251,6,199,249,125,250,26,190,0,205,0,223,0,228,0,93,0,40,0,18,0,13,0,11,
0,146,255,198,254,157,255,233,3,91,252,251,6,181,248,125,250,26,190,0,206,0,223,0,228,0,92,0,39,0,17,0,12,0,11,
0,146,255,198,254,153,255,233,3,91,252,251,6,203,249,134,250,7,192,0,206,0,222,0,228,0,93,0,40,0,18,0,13,0,11,
0,145,255,197,254,153,255,233,3,91,252,251,6,232,249,105,250,15,189,0,206,0,222,0,227,0,92,0,40,0,18,0,13,0,11,
0,168,255,203,254,142,255,233,3,91,252,251,6,152,248,157,250,233,188,0,207,0,222,0,226,0,92,0,40,0,18,0,13,0,11,
0,175,255,238,254,155,255,233,3,91,252,251,6,152,248,157,250,233,192,0,207,0,222,0,226,0,92,0,40,0,18,0,13,0,11,
0,175,255,238,254,155,255,233,3,91,252,251,6,149,248,211,250,159,192,0,208,0,222,0,226,0,91,0,39,0,17,0,12,0,11,
0,184,255,233,254,192,255,233,3,91,252,251,6,126,249,101,250,232,190,0,208,0,221,0,224,0,92,0,40,0,18,0,13,0,12,
0,192,255,232,254,175,255,233,3,91,252,251,6,134,249,171,250,130,188,0,209,0,220,0,224,0,91,0,39,0,18,0,13,0,11,
0,218,255,199,254,175,255,162,3,162,252,104,6,134,249,39,251,107,190,0,209,0,220,0,223,0,91,0,38,0,19,0,13,0,11,
0,218,255,199,254,175,255,162,3,162,252,104,6,205,247,39,251,107,190,0,210,0,220,0,223,0,91,0,39,0,19,0,13,0,11,
0,181,255,221,254,161,255,162,3,162,252,104,6,123,248,91,251,151,192,0,211,0,220,0,223,0,90,0,38,0,18,0,13,0,11,
0,189,255,251,254,171,255,162,3,162,252,104,6,106,249,225,250,198,190,0,211,0,220,0,222,0,90,0,38,0,18,0,13,0,11,
0,189,255,251,254,179,255,162,3,162,252,104,6,215,248,26,251,229,188,0,211,0,219,0,221,0,89,0,33,0,18,0,13,0,12,
0,199,255,252,254,179,255,162,3,162,252,104,6,215,248,26,251,150,189,0,212,0,219,0,221,0,89,0,34,0,18,0,13,0,12,
0,203,255,250,254,180,255,162,3,162,252,104,6,128,247,143,251,150,189,0,213,0,219,0,220,0,89,0,35,0,18,0,13,0,11,
0,230,255,15,255,159,255,162,3,162,252,104,6,109,248,190,251,23,192,0,214,0,220,0,220,0,88,0,35,0,16,0,12,0,11,
0,230,255,15,255,159,255,162,3,162,252,104,6,51,249,40,251,41,190,0,214,0,220,0,220,0,88,0,35,0,17,0,12,0,11,
0,244,255,46,255,149,255,162,3,162,252,104,6,51,248,51,251,164,187,0,214,0,219,0,219,0,89,0,37,0,18,0,12,0,11,
0,228,255,65,255,170,255,242,3,120,252,114,6,150,248,51,251,164,187,0,215,0,219,0,219,0,88,0,37,0,17,0,13,0,11,
0,252,255,67,255,144,255,242,3,120,252,114,6,197,247,12,252,53,191,0,216,0,219,0,219,0,88,0,37,0,18,0,13,0,11,
0,252,255,67,255,144,255,242,3,120,252,114,6,60,249,211,251,149,192,0,217,0,220,0,219,0,88,0,36,0,17,0,12,0,11,
0,29,0,57,255,119,255,242,3,120,252,114,6,39,249,211,250,160,187,0,219,0,219,0,219,0,88,0,37,0,17,0,12,0,11,
0,23,0,32,255,124,255,242,3,120,252,114,6,39,249,211,250,27,189,0,220,0,219,0,219,0,88,0,37,0,18,0,13,0,11,
0,16,0,37,255,130,255,242,3,120,252,114,6,146,247,247,251,27,189,0,221,0,219,0,219,0,87,0,37,0,17,0,13,0,11,
0,16,0,37,255,130,255,242,3,120,252,114,6,126,248,35,252,140,192,0,222,0,219,0,219,0,88,0,37,0,18,0,13,0,11,
0,219,255,27,255,130,255,242,3,120,252,114,6,192,249,82,251,167,189,0,223,0,220,0,219,0,87,0,37,0,17,0,12,0,11,
0,207,255,30,255,120,255,242,3,120,252,114,6,97,247,147,251,5,187,0,224,0,219,0,219,0,88,0,38,0,18,0,13,0,12,
0,207,255,30,255,103,255,242,3,120,252,114,6,97,247,147,251,5,187,0,225,0,220,0,219,0,88,0,37,0,18,0,13,0,12,
0,238,255,61,255,103,255,228,3,110,252,116,6,131,248,200,251,201,190,0,226,0,221,0,220,0,87,0,37,0,17,0,12,0,11,
0,17,0,77,255,86,255,228,3,110,252,116,6,4,249,166,251,1,191,0,227,0,221,0,220,0,88,0,37,0,18,0,13,0,11,
0,23,0,83,255,82,255,228,3,110,252,116,6,11,249,102,251,88,188,0,228,0,222,0,221,0,88,0,37,0,17,0,12,0,11,
0,23,0,83,255,82,255,228,3,110,252,116,6,11,249,139,251,210,188,0,229,0,222,0,222,0,88,0,37,0,17,0,12,0,11,
0,231,255,89,255,85,255,228,3,110,252,116,6,26,248,139,251,210,188,0,229,0,222,0,221,0,89,0,38,0,19,0,13,0,11,
0,9,0,89,255,90,255,228,3,110,252,116,6,177,248,181,251,107,191,0,230,0,223,0,222,0,88,0,37,0,18,0,13,0,11,
0,36,0,83,255,126,255,228,3,110,252,116,6,77,249,55,251,160,189,0,231,0,223,0,223,0,88,0,41,0,18,0,12,0,11,
0,36,0,83,255,126,255,228,3,110,252,116,6,83,249,21,251,70,188,0,231,0,224,0,223,0,89,0,40,0,19,0,12,0,11,
0,48,0,106,255,137,255,228,3,110,252,116,6,83,249,21,251,109,189,0,232,0,224,0,224,0,89,0,40,0,16,0,12,0,10,
0,80,0,120,255,104,255,228,3,110,252,116,6,73,248,133,251,109,189,0,232,0,224,0,224,0,89,0,39,0,17,0,12,0,11,
0,70,0,121,255,94,255,202,3,143,252,138,6,7,250,83,251,102,190,0,232,0,225,0,225,0,90,0,39,0,17,0,13,0,11,
0,70,0,121,255,94,255,202,3,143,252,138,6,138,249,245,250,151,189,0,232,0,225,0,226,0,90,0,39,0,18,0,13,0,11,
0,64,0,147,255,74,255,202,3,143,252,138,6,138,249,226,250,35,188,0,233,0,226,0,227,0,90,0,38,0,17,0,12,0,11,
0,79,0,159,255,76,255,202,3,143,252,138,6,148,249,226,250,35,188,0,233,0,226,0,228,0,91,0,39,0,18,0,13,0,11,
0,79,0,159,255,87,255,202,3,143,252,138,6,81,249,57,251,5,190,0,233,0,227,0,229,0,91,0,39,0,17,0,13,0,11,
0,78,0,149,255,87,255,202,3,143,252,138,6,147,250,182,250,68,189,0,233,0,228,0,230,0,91,0,38,0,17,0,13,0,11,
0,107,0,115,255,81,255,202,3,143,252,138,6,178,249,98,250,70,188,0,233,0,228,0,230,0,92,0,40,0,18,0,13,0,11,
0,93,0,125,255,92,255,202,3,143,252,138,6,178,249,98,250,78,191,0,233,0,229,0,232,0,92,0,38,0,17,0,13,0,11,
0,93,0,125,255,92,255,202,3,143,252,138,6,49,250,69,251,78,191,0,233,0,230,0,233,0,92,0,38,0,17,0,13,0,11,
0,122,0,143,255,94,255,202,3,143,252,138,6,197,250,45,250,129,188,0,233,0,230,0,233,0,93,0,40,0,18,0,13,0,12,
0,131,0,125,255,99,255,202,3,143,252,138,6,130,249,84,250,233,188,0,233,0,230,0,234,0,94,0,40,0,18,0,13,0,12,
0,103,0,138,255,125,255,25,4,139,252,18,6,235,249,127,250,100,191,0,233,0,230,0,235,0,94,0,40,0,18,0,13,0,11,
0,103,0,138,255,125,255,25,4,139,252,18,6,235,249,127,250,100,191,0,233,0,232,0,236,0,94,0,39,0,18,0,13,0,12,
0,90,0,136,255,136,255,25,4,139,252,18,6,85,251,16,250,198,191,0,233,0,232,0,237,0,95,0,40,0,17,0,12,0,11,
0,89,0,114,255,146,255,25,4,139,252,18,6,80,251,69,249,210,186,0,233,0,232,0,237,0,95,0,40,0,18,0,13,0,11,
0,84,0,95,255,136,255,25,4,139,252,18,6,20,249,149,250,30,191,0,233,0,232,0,239,0,95,0,40,0,18,0,13,0,11,
0,84,0,95,255,136,255,25,4,139,252,18,6,20,249,221,249,238,191,0,232,0,232,0,239,0,96,0,40,0,18,0,13,0,11,
0,98,0,98,255,136,255,25,4,139,252,18,6,170,251,221,249,238,191,0,233,0,233,0,241,0,96,0,40,0,19,0,12,0,11,
0,63,0,107,255,119,255,25,4,139,252,18,6,18,251,76,249,224,187,0,232,0,233,0,241,0,97,0,40,0,20,0,13,0,11,
0,63,0,107,255,129,255,25,4,139,252,18,6,51,250,121,249,77,189,0,232,0,233,0,242,0,97,0,41,0,20,0,13,0,11,
0,50,0,102,255,129,255,25,4,139,252,18,6,27,251,193,249,63,193,0,232,0,234,0,242,0,97,0,41,0,20,0,13,0,11,
0,65,0,78,255,130,255,239,3,172,252,215,6,27,251,193,249,63,190,0,232,0,234,0,243,0,98,0,41,0,19,0,13,0,11,
0,104,0,99,255,120,255,239,3,172,252,215,6,22,252,235,248,92,190,0,232,0,235,0,244,0,98,0,41,0,19,0,13,0,11,
0,104,0,99,255,120,255,239,3,172,252,215,6,197,250,244,248,246,188,0,231,0,234,0,244,0,99,0,42,0,20,0,14,0,11,
0,130,0,89,255,110,255,239,3,172,252,215,6,149,250,96,249,195,190,0,231,0,234,0,244,0,99,0,42,0,20,0,13,0,11,
0,119,0,47,255,100,255,239,3,172,252,215,6,149,250,231,248,156,191,0,231,0,234,0,245,0,99,0,41,0,19,0,13,0,12,
0,102,0,36,255,77,255,239,3,172,252,215,6,173,251,231,248,156,191,0,230,0,234,0,245,0,99,0,42,0,20,0,13,0,11,
0,102,0,36,255,77,255,239,3,172,252,215,6,204,251,180,248,189,189,0,231,0,234,0,246,0,99,0,42,0,19,0,13,0,11,
0,73,0,35,255,112,255,239,3,172,252,215,6,53,251,20,249,195,189,0,231,0,235,0,246,0,99,0,41,0,19,0,13,0,11,
0,62,0,34,255,149,255,239,3,172,252,215,6,203,250,34,249,210,190,0,230,0,234,0,246,0,100,0,43,0,20,0,14,0,12,
0,73,0,15,255,145,255,239,3,172,252,215,6,203,250,34,249,48,192,0,230,0,234,0,246,0,100,0,43,0,20,0,14,0,12,
0,73,0,15,255,145,255,216,3,140,252,213,5,167,251,255,248,48,192,0,230,0,234,0,246,0,101,0,43,0,20,0,13,0,11,
0,88,0,250,254,130,255,216,3,140,252,213,5,52,252,234,248,136,191,0,230,0,234,0,246,0,100,0,42,0,19,0,13,0,11,
0,82,0,227,254,151,255,216,3,140,252,213,5,14,251,184,248,103,189,0,230,0,234,0,246,0,100,0,42,0,19,0,13,0,11,
0,82,0,227,254,165,255,216,3,140,252,213,5,69,251,229,248,5,192,0,230,0,234,0,245,0,101,0,43,0,20,0,14,0,11,
0,90,0,245,254,165,255,216,3,140,252,213,5,69,251,229,248,5,192,0,230,0,234,0,245,0,100,0,43,0,20,0,14,0,11,
0,105,0,241,254,172,255,216,3,140,252,213,5,5,252,149,248,114,192,0,229,0,233,0,244,0,100,0,43,0,20,0,13,0,11,
0,111,0,208,254,178,255,216,3,140,252,213,5,48,252,83,248,211,189,0,230,0,233,0,244,0,100,0,42,0,20,0,14,0,11,
0,111,0,208,254,178,255,216,3,140,252,213,5,146,251,235,248,254,190,0,229,0,233,0,244,0,100,0,42,0,19,0,13,0,11,
0,129,0,153,254,191,255,216,3,140,252,213,5,146,251,235,248,122,191,0,229,0,232,0,243,0,100,0,43,0,20,0,13,0,11,
0,93,0,167,254,205,255,216,3,140,252,213,5,10,251,190,248,122,191,0,229,0,232,0,243,0,99,0,42,0,19,0,13,0,11,
0,84,0,166,254,220,255,16,4,114,252,11,7,3,252,198,248,142,192,0,229,0,232,0,242,0,100,0,43,0,19,0,13,0,11,
0,84,0,166,254,220,255,16,4,114,252,11,7,226,251,182,248,110,191,0,230,0,232,0,241,0,99,0,42,0,19,0,13,0,11,
0,82,0,180,254,212,255,16,4,114,252,11,7,44,251,136,248,225,189,0,229,0,232,0,240,0,99,0,42,0,20,0,13,0,12,
0,69,0,186,254,203,255,16,4,114,252,11,7,44,251,136,248,225,189,0,229,0,231,0,239,0,99,0,42,0,18,0,13,0,11,
0,75,0,186,254,209,255,16,4,114,252,11,7,127,250,218,248,161,190,0,230,0,231,0,239,0,98,0,42,0,18,0,13,0,11,
0,75,0,155,254,209,255,16,4,114,252,11,7,235,250,90,249,232,192,0,229,0,231,0,238,0,97,0,41,0,18,0,13,0,11,
0,65,0,132,254,225,255,16,4,114,252,11,7,7,252,24,249,141,192,0,229,0,230,0,236,0,98,0,42,0,19,0,13,0,12,
0,10,0,128,254,223,255,16,4,114,252,11,7,7,252,195,248,248,189,0,230,0,230,0,235,0,97,0,41,0,18,0,13,0,11,
0,10,0,128,254,218,255,16,4,114,252,11,7,129,251,195,248,248,189,0,229,0,230,0,234,0,97,0,42,0,19,0,13,0,12,
0,4,0,112,254,218,255,16,4,114,252,11,7,163,250,13,249,148,189,0,230,0,229,0,233,0,97,0,41,0,19,0,13,0,11,
0,232,255,100,254,223,255,16,4,114,252,11,7,2,250,150,249,226,191,0,230,0,229,0,233,0,96,0,41,0,18,0,13,0,11,
0,230,255,81,254,228,255,248,3,194,252,59,6,131,250,131,249,99,193,0,231,0,228,0,232,0,96,0,41,0,19,0,13,0,11,
0,230,255,81,254,228,255,248,3,194,252,59,6,131,250,131,249,22,191,0,232,0,229,0,231,0,95,0,40,0,18,0,12,0,11,
0,246,255,117,254,223,255,248,3,194,252,59,6,10,252,216,248,22,191,0,232,0,228,0,230,0,95,0,41,0,19,0,13,0,11,
0,7,0,128,254,223,255,248,3,194,252,59,6,163,250,5,249,84,188,0,233,0,228,0,228,0,94,0,40,0,18,0,13,0,11,
0,0,0,118,254,234,255,248,3,194,252,59,6,104,249,220,249,24,191,0,233,0,228,0,227,0,93,0,40,0,18,0,12,0,11,
0,0,0,118,254,234,255,248,3,194,252,59,6,104,249,192,249,95,193,0,234,0,227,0,226,0,93,0,40,0,18,0,13,0,11,
0,9,0,125,254,231,255,248,3,194,252,59,6,71,250,192,249,95,193,0,235,0,227,0,226,0,92,0,40,0,17,0,12,0,11,
0,43,0,141,254,221,255,248,3,194,252,59,6,45,251,26,249,168,190,0,235,0,226,0,224,0,92,0,40,0,18,0,13,0,11,
0,27,0,141,254,214,255,248,3,194,252,59,6,120,250,53,249,244,187,0,236,0,227,0,223,0,92,0,39,0,20,0,13,0,11,
0,27,0,134,254,214,255,248,3,194,252,59,6,151,249,1,250,195,190,0,237,0,226,0,223,0,91,0,39,0,19,0,13,0,11,
0,2,0,124,254,244,255,232,3,207,252,244,6,151,249,1,250,0,192,0,237,0,226,0,222,0,91,0,39,0,19,0,13,0,11,
0,219,255,106,254,247,255,232,3,207,252,244,6,83,250,200,249,0,192,0,239,0,226,0,222,0,90,0,33,0,17,0,13,0,11,
0,219,255,106,254,5,0,232,3,207,252,244,6,182,250,107,249,254,190,0,239,0,225,0,221,0,90,0,35,0,18,0,13,0,12,
0,226,255,146,254,5,0,232,3,207,252,244,6,114,250,132,249,85,190,0,239,0,226,0,220,0,89,0,36,0,18,0,13,0,12,
0,247,255,154,254,9,0,232,3,207,252,244,6,92,250,164,249,125,189,0,240,0,225,0,219,0,89,0,36,0,17,0,13,0,11,
0,243,255,151,254,229,255,232,3,207,252,244,6,92,250,164,249,125,189,0,241,0,225,0,219,0,88,0,36,0,17,0,13,0,12,
0,243,255,151,254,229,255,232,3,207,252,244,6,99,250,21,250,127,190,0,242,0,225,0,219,0,88,0,36,0,17,0,13,0,11,
0,243,255,132,254,235,255,232,3,207,252,244,6,159,249,241,249,48,190,0,243,0,225,0,219,0,89,0,37,0,18,0,13,0,12,
0,239,255,135,254,250,255,232,3,207,252,244,6,124,250,241,249,137,190,0,243,0,225,0,218,0,88,0,37,0,18,0,13,0,11,
0,243,255,144,254,1,0,232,3,207,252,244,6,124,250,241,250,24,190,0,244,0,224,0,218,0,88,0,37,0,17,0,13,0,11,
0,243,255,144,254,1,0,245,3,176,252,87,6,196,250,6,250,24,190,0,245,0,225,0,218,0,87,0,37,0,17,0,12,0,11,
0,253,255,161,254,18,0,245,3,176,252,87,6,155,250,6,250,84,190,0,246,0,224,0,218,0,87,0,36,0,17,0,12,0,11,
0,255,255,167,254,254,255,245,3,176,252,87,6,233,249,171,249,117,188,0,246,0,224,0,217,0,87,0,37,0,18,0,13,0,11,
0,255,255,167,254,248,255,245,3,176,252,87,6,109,250,29,250,141,191,0,246,0,224,0,218,0,87,0,36,0,17,0,13,0,11,
0,255,255,166,254,248,255,245,3,176,252,87,6,109,250,29,250,141,191,0,247,0,224,0,218,0,87,0,36,0,17,0,12,0,11,
0,244,255,177,254,241,255,245,3,176,252,87,6,29,251,153,249,50,189,0,247,0,224,0,218,0,87,0,37,0,18,0,13,0,11,
0,239,255,192,254,245,255,245,3,176,252,87,6,59,250,200,249,91,189,0,248,0,224,0,219,0,87,0,36,0,17,0,12,0,11,
0,239,255,192,254,217,255,245,3,176,252,87,6,34,250,2,250,118,190,0,248,0,224,0,218,0,87,0,37,0,18,0,13,0,11,
0,20,0,177,254,217,255,245,3,176,252,87,6,34,250,152,249,120,190,0,249,0,224,0,219,0,87,0,36,0,17,0,12,0,11,
0,78,0,195,254,210,255,245,3,176,252,87,6,27,251,152,249,120,190,0,248,0,224,0,219,0,87,0,37,0,18,0,13,0,11,
0,84,0,212,254,225,255,220,3,219,252,97,6,223,250,41,249,177,188,0,249,0,224,0,219,0,87,0,37,0,18,0,13,0,11,
0,84,0,212,254,225,255,220,3,219,252,97,6,56,250,125,249,5,190,0,249,0,225,0,220,0,87,0,36,0,17,0,12,0,11,
0,24,0,215,254,238,255,220,3,219,252,97,6,8,251,173,249,30,191,0,249,0,224,0,220,0,88,0,37,0,18,0,13,0,11,
0,249,255,234,254,240,255,220,3,219,252,97,6,8,251,173,249,58,189,0,249,0,224,0,220,0,88,0,41,0,18,0,13,0,11,
0,37,0,252,254,242,255,220,3,219,252,97,6,73,251,19,249,58,189,0,249,0,224,0,221,0,88,0,40,0,18,0,13,0,11,
0,37,0,252,254,242,255,220,3,219,252,97,6,169,250,9,249,156,188,0,249,0,225,0,222,0,88,0,40,0,18,0,12,0,11,
0,13,0,241,254,222,255,220,3,219,252,97,6,128,250,88,249,94,189,0,249,0,224,0,222,0,89,0,40,0,19,0,13,0,11,
0,230,255,13,255,12,0,220,3,219,252,97,6,128,250,66,249,235,189,0,249,0,225,0,222,0,89,0,39,0,19,0,13,0,12,
0,230,0,13,255,21,0,220,3,219,252,97,6,159,250,66,249,235,189,0,248,0,224,0,223,0,89,0,39,0,19,0,13,0,11,
0,17,0,12,255,21,0,220,3,219,252,97,6,179,251,198,248,41,190,0,248,0,225,0,223,0,89,0,38,0,19,0,13,0,11,
0,14,0,36,255,255,255,220,3,219,252,97,6,141,250,181,248,133,188,0,248,0,226,0,224,0,89,0,38,0,16,0,12,0,11,
0,252,255,45,255,253,255,21,4,140,252,73,7,127,250,23,249,211,190,0,248,0,226,0,224,0,89,0,38,0,17,0,13,0,11,
0,252,255,45,255,252,255,21,4,140,252,73,7,127,250,23,249,115,192,0,247,0,226,0,225,0,90,0,38,0,17,0,13,0,11,
0,211,255,65,255,252,255,21,4,140,252,73,7,99,251,238,248,115,192,0,248,0,227,0,225,0,90,0,38,0,17,0,12,0,11,
0,0,0,77,255,252,255,21,4,140,252,73,7,142,251,6,248,15,188,0,247,0,227,0,226,0,90,0,38,0,17,0,12,0,11,
0,35,0,99,255,8,0,21,4,140,252,73,7,254,248,32,249,134,190,0,247,0,227,0,227,0,90,0,37,0,16,0,12,0,11,
0,35,0,99,255,8,0,21,4,140,252,73,7,127,251,130,248,158,192,0,247,0,227,0,227,0,90,0,38,0,16,0,12,0,11,
0,17,0,129,255,219,255,21,4,140,252,73,7,127,251,130,248,158,192,0,246,0,227,0,227,0,91,0,38,0,18,0,13,0,11,
0,245,255,122,255,216,255,21,4,140,252,73,7,31,252,199,247,149,188,0,246,0,227,0,227,0,91,0,38,0,17,0,13,0,11,
0,218,255,90,255,212,255,21,4,140,252,73,7,98,250,100,248,241,188,0,245,0,227,0,228,0,91,0,38,0,17,0,12,0,11,
0,218,255,90,255,212,255,21,4,140,252,73,7,153,250,169,248,215,192,0,245,0,228,0,229,0,91,0,38,0,17,0,12,0,11,
0,186,255,97,255,242,255,53,4,171,252,233,6,153,250,17,248,234,191,0,245,0,228,0,229,0,91,0,38,0,17,0,12,0,11,
0,217,255,115,255,1,0,53,4,171,252,233,6,221,251,17,248,234,191,0,244,0,228,0,229,0,92,0,39,0,18,0,13,0,11,
0,217,255,115,255,11,0,53,4,171,252,233,6,195,251,155,247,49,189,0,244,0,228,0,229,0,92,0,39,0,18,0,13,0,11,
0,247,255,133,255,11,0,53,4,171,252,233,6,81,250,14,248,198,189,0,243,0,229,0,230,0,92,0,39,0,17,0,13,0,11,
0,4,0,142,255,247,255,53,4,171,252,233,6,8,251,137,248,104,193,0,243,0,229,0,230,0,92,0,39,0,18,0,13,0,11,
0,6,0,122,255,238,255,53,4,171,252,233,6,8,251,137,248,97,191,0,242,0,229,0,230,0,92,0,39,0,17,0,12,0,11,
0,6,0,122,255,234,255,53,4,171,252,233,6,109,252,142,247,97,191,0,241,0,229,0,229,0,93,0,39,0,18,0,13,0,11,
0,247,255,114,255,234,255,53,4,171,252,233,6,235,250,122,247,56,189,0,241,0,229,0,230,0,92,0,39,0,18,0,13,0,12,
0,239,255,131,255,226,255,53,4,171,252,233,6,191,250,218,247,81,192,0,241,0,230,0,230,0,92,0,39,0,17,0,12,0,11,
0,223,255,160,255,236,255,53,4,171,252,233,6,191,250,195,247,8,192,0,240,0,229,0,230,0,93,0,40,0,18,0,13,0,12,
0,223,255,160,255,236,255,226,3,249,252,126,6,250,251,195,247,8,192,0,240,0,230,0,230,0,92,0,39,0,17,0,12,0,11,
0,230,255,154,255,221,255,226,3,249,252,126,6,19,252,126,247,134,190,0,239,0,229,0,230,0,93,0,40,0,18,0,13,0,11,
0,207,255,164,255,202,255,226,3,249,252,126,6,48,251,216,247,21,190,0,239,0,230,0,229,0,93,0,40,0,18,0,13,0,11,
0,205,255,185,255,184,255,226,3,249,252,126,6,11,252,237,247,21,192,0,239,0,230,0,229,0,93,0,40,0,18,0,13,0,11,
0,205,255,185,255,184,255,226,3,249,252,126,6,11,252,237,247,114,190,0,239,0,230,0,229,0,92,0,39,0,17,0,12,0,11,
0,198,255,166,255,199,255,226,3,249,252,126,6,138,251,201,247,114,190,0,239,0,229,0,228,0,92,0,39,0,18,0,13,0,11,
0,195,255,165,255,205,255,226,3,249,252,126,6,89,251,40,248,46,191,0,239,0,229,0,227,0,92,0,39,0,18,0,13,0,11,
0,195,255,165,255,202,255,226,3,249,252,126,6,154,251,6,248,126,192,0,239,0,230,0,227,0,92,0,39,0,18,0,13,0,11,
0,175,255,151,255,202,255,226,3,249,252,126,6,165,252,242,247,230,190,0,239,0,229,0,227,0,92,0,39,0,17,0,13,0,11,
0,174,255,166,255,175,255,226,3,249,252,126,6,165,252,242,247,230,190,0,239,0,230,0,227,0,91,0,38,0,18,0,13,0,11,
0,117,255,177,255,187,255,27,4,171,252,92,6,63,251,238,247,120,189,0,239,0,230,0,226,0,91,0,38,0,17,0,12,0,11,
0,117,255,177,255,187,255,27,4,171,252,92,6,19,251,32,248,40,192,0,238,0,229,0,225,0,92,0,40,0,18,0,13,0,11,
0,137,255,143,255,222,255,27,4,171,252,92,6,38,252,30,248,232,191,0,239,0,229,0,225,0,91,0,39,0,19,0,13,0,11,
0,127,255,134,255,229,255,27,4,171,252,92,6,38,252,40,248,5,189,0,238,0,228,0,223,0,91,0,39,0,20,0,13,0,12,
0,200,255,130,255,183,255,27,4,171,252,92,6,243,251,40,248,5,189,0,239,0,229,0,223,0,90,0,38,0,19,0,13,0,11,
0,200,255,130,255,183,255,27,4,171,252,92,6,73,251,114,248,95,189,0,239,0,229,0,223,0,90,0,38,0,18,0,13,0,11,
0,201,255,123,255,189,255,27,4,171,252,92,6,8,251,233,248,117,192,0,238,0,228,0,223,0,91,0,39,0,19,0,13,0,11,
0,163,255,113,255,186,255,27,4,171,252,92,6,138,252,22,248,30,191,0,238,0,229,0,222,0,90,0,39,0,19,0,13,0,11,
0,140,255,89,255,161,255,27,4,171,252,92,6,138,252,22,248,30,191,0,238,0,229,0,222,0,90,0,39,0,19,0,13,0,11,
0,140,255,89,255,161,255,27,4,171,252,92,6,249,251,26,248,75,188,0,238,0,229,0,222,0,89,0,38,0,17,0,13,0,11,
0,65,255,96,255,155,255,19,4,225,252,155,6,200,250,66,249,39,192,0,238,0,229,0,221,0,89,0,38,0,18,0,12,0,11,
0,52,255,62,255,180,255,19,4,225,252,155,6,73,252,192,248,249,191,0,238,0,228,0,220,0,90,0,38,0,19,0,13,0,11,
0,52,255,62,255,184,255,19,4,225,252,155,6,73,252,91,248,34,190,0,238,0,228,0,220,0,89,0,38,0,18,0,13,0,11,
0,85,255,48,255,184,255,19,4,225,252,155,6,98,252,91,248,34,190,0,237,0,228,0,220,0,89,0,38,0,18,0,13,0,11,
0,104,255,61,255,200,255,19,4,225,252,155,6,243,251,132,248,42,188,0,237,0,229,0,220,0,88,0,37,0,17,0,12,0,11,
0,69,255,65,255,175,255,19,4,225,252,155,6,239,250,253,248,56,190,0,236,0,228,0,219,0,88,0,38,0,18,0,13,0,11,
0,69,255,65,255,175,255,19,4,225,252,155,6,103,251,21,249,158,191,0,236,0,228,0,218,0,88,0,38,0,18,0,13,0,11,
0,76,255,61,255,171,255,19,4,225,252,155,6,103,251,21,249,26,191,0,237,0,228,0,218,0,88,0,37,0,18,0,13,0,11,
0,82,255,61,255,191,255,19,4,225,252,155,6,34,252,189,248,26,191,0,237,0,228,0,218,0,87,0,37,0,17,0,12,0,11,
0,77,255,51,255,176,255,19,4,225,252,155,6,240,251,246,248,42,189,0,236,0,228,0,217,0,87,0,37,0,18,0,13,0,11,
0,77,255,51,255,176,255,19,4,225,252,155,6,93,251,249,248,62,188,0,236,0,228,0,218,0,87,0,36,0,17,0,12,0,11,
0,76,255,58,255,165,255,180,3,217,252,79,7,93,251,211,248,31,191,0,235,0,228,0,217,0,87,0,37,0,18,0,13,0,11,
0,81,255,45,255,162,255,180,3,217,252,79,7,94,251,211,248,31,191,0,235,0,228,0,217,0,87,0,37,0,18,0,13,0,11,
0,69,255,40,255,168,255,180,3,217,252,79,7,148,251,12,249,62,191,0,236,0,228,0,217,0,87,0,36,0,17,0,12,0,11,
0,69,255,40,255,168,255,180,3,217,252,79,7,129,251,243,248,103,190,0,235,0,228,0,216,0,87,0,37,0,18,0,13,0,11,
0,44,255,26,255,168,255,180,3,217,252,79,7,106,251,189,248,15,189,0,235,0,228,0,217,0,87,0,36,0,17,0,12,0,11,
0,43,255,28,255,148,255,180,3,217,252,79,7,106,251,189,248,29,190,0,234,0,228,0,217,0,87,0,37,0,18,0,13,0,11,
0,43,255,28,255,170,255,180,3,217,252,79,7,252,250,19,249,29,190,0,234,0,228,0,217,0,87,0,37,0,18,0,13,0,11,
0,23,255,23,255,170,255,180,3,217,252,79,7,109,251,32,249,99,191,0,234,0,228,0,217,0,87,0,37,0,18,0,13,0,11,
0,21,255,240,254,159,255,180,3,217,252,79,7,247,251,132,248,107,187,0,234,0,228,0,217,0,86,0,31,0,16,0,13,0,11,
0,22,255,6,255,173,255,180,3,217,252,79,7,115,250,13,249,78,189,0,234,0,228,0,217,0,87,0,33,0,17,0,13,0,12,
0,22,255,6,255,173,255,251,3,199,252,20,7,115,250,13,249,78,189,0,233,0,228,0,217,0,87,0,33,0,17,0,13,0,11,
0,24,255,242,254,148,255,251,3,199,252,20,7,255,250,249,248,188,191,0,234,0,228,0,218,0,87,0,35,0,17,0,13,0,11,
0,38,255,251,254,157,255,251,3,199,252,20,7,184,251,221,248,189,190,0,234,0,228,0,219,0,87,0,35,0,17,0,12,0,11,
0,41,255,18,255,158,255,251,3,199,252,20,7,2,252,156,248,219,187,0,233,0,227,0,219,0,87,0,36,0,17,0,13,0,11,
0,41,255,18,255,158,255,251,3,199,252,20,7,2,252,195,248,13,189,0,234,0,228,0,220,0,87,0,35,0,16,0,12,0,11,
0,30,255,233,254,172,255,251,3,199,252,20,7,53,250,195,248,13,189,0,233,0,227,0,220,0,87,0,36,0,17,0,12,0,11,
0,5,255,229,254,176,255,251,3,199,252,20,7,179,251,16,249,229,191,0,234,0,227,0,220,0,87,0,36,0,18,0,13,0,11,
0,21,255,205,254,148,255,251,3,199,252,20,7,119,252,125,248,222,188,0,234,0,228,0,221,0,87,0,36,0,17,0,12,0,11,
0,21,255,205,254,148,255,251,3,199,252,20,7,31,251,75,248,50,187,0,233,0,227,0,221,0,88,0,37,0,18,0,13,0,11,
0,54,255,177,254,119,255,251,3,199,252,20,7,31,251,75,248,122,192,0,234,0,228,0,222,0,87,0,36,0,17,0,12,0,11,
0,33,255,173,254,137,255,233,3,235,252,187,6,191,250,250,248,122,192,0,233,0,227,0,222,0,88,0,37,0,18,0,13,0,11,
0,33,255,173,254,129,255,233,3,235,252,187,6,101,252,73,248,85,191,0,234,0,226,0,222,0,89,0,37,0,18,0,13,0,11,
0,45,255,176,254,129,255,233,3,235,252,187,6,113,251,243,247,227,187,0,233,0,226,0,223,0,89,0,37,0,18,0,13,0,11,
0,65,255,187,254,148,255,233,3,235,252,187,6,113,251,253,247,44,189,0,234,0,227,0,223,0,88,0,37,0,17,0,12,0,11,
0,62,255,167,254,156,255,233,3,235,252,187,6,173,250,253,247,44,189,0,234,0,226,0,223,0,89,0,38,0,18,0,13,0,11,
0,62,255,167,254,156,255,233,3,235,252,187,6,109,250,180,248,180,191,0,234,0,226,0,223,0,89,0,38,0,18,0,13,0,12,
0,19,255,135,254,135,255,233,3,235,252,187,6,37,252,38,248,59,191,0,234,0,226,0,224,0,89,0,37,0,16,0,13,0,11,
0,18,255,152,254,150,255,233,3,235,252,187,6,138,251,130,247,159,188,0,234,0,226,0,224,0,89,0,37,0,16,0,13,0,11,
0,70,255,176,254,182,255,233,3,235,252,187,6,138,251,130,247,196,187,0,234,0,225,0,224,0,90,0,38,0,17,0,13,0,11,
0,70,255,176,254,182,255,233,3,235,252,187,6,98,250,167,247,196,187,0,234,0,226,0,225,0,89,0,37,0,16,0,12,0,11,
0,35,255,207,254,153,255,52,4,161,252,126,7,24,250,77,248,174,191,0,233,0,226,0,225,0,90,0,42,0,18,0,12,0,11,
0,242,254,204,254,144,255,52,4,161,252,126,7,153,251,231,247,150,191,0,233,0,226,0,225,0,90,0,41,0,18,0,12,0,11,
0,9,255,204,254,142,255,52,4,161,252,126,7,55,251,242,246,238,187,0,233,0,226,0,225,0,90,0,40,0,18,0,12,0,10,
0,9,255,203,254,142,255,52,4,161,252,126,7,55,251,242,246,238,187,0,233,0,226,0,226,0,90,0,40,0,17,0,12,0,10,
0,29,255,200,254,136,255,52,4,161,252,126,7,10,250,106,247,218,188,0,232,0,226,0,226,0,91,0,40,0,18,0,13,0,11,
0,253,254,188,254,118,255,52,4,161,252,126,7,35,250,187,247,38,192,0,232,0,226,0,226,0,91,0,40,0,18,0,13,0,11,
0,253,254,188,254,116,255,52,4,161,252,126,7,243,251,44,247,58,191,0,232,0,226,0,226,0,90,0,39,0,18,0,13,0,11,
0,209,254,194,254,116,255,52,4,161,252,126,7,243,251,44,246,53,188,0,232,0,226,0,226,0,91,0,39,0,17,0,12,0,10,
0,10,255,192,254,103,255,52,4,161,252,126,7,169,251,213,246,53,188,0,232,0,226,0,227,0,91,0,38,0,17,0,12,0,11,
0,12,255,168,254,85,255,52,4,161,252,126,7,6,250,19,247,165,189,0,231,0,226,0,226,0,91,0,39,0,18,0,13,0,11,
0,12,255,168,254,85,255,52,4,161,252,126,7,115,250,166,247,37,192,0,230,0,226,0,227,0,91,0,39,0,18,0,13,0,12,
0,251,254,160,254,116,255,238,3,228,252,43,7,77,251,75,247,158,191,0,230,0,226,0,227,0,91,0,39,0,18,0,13,0,11,
0,231,254,164,254,137,255,238,3,228,252,43,7,77,251,75,247,158,191,0,230,0,226,0,227,0,91,0,39,0,18,0,13,0,11,
0,245,254,176,254,140,255,238,3,228,252,43,7,25,252,132,246,128,189,0,229,0,226,0,227,0,91,0,39,0,18,0,13,0,12,
0,245,254,176,254,140,255,238,3,228,252,43,7,149,250,216,246,31,188,0,229,0,226,0,227,0,91,0,38,0,17,0,12,0,11,
0,209,254,164,254,113,255,238,3,228,252,43,7,78,250,133,247,223,192,0,228,0,226,0,227,0,91,0,39,0,18,0,13,0,11,
0,166,254,178,254,100,255,238,3,228,252,43,7,78,250,74,247,105,192,0,228,0,226,0,227,0,91,0,38,0,17,0,13,0,11,
0,184,254,178,254,98,255,238,3,228,252,43,7,197,251,74,247,105,192,0,228,0,226,0,227,0,92,0,39,0,17,0,13,0,11,
0,184,254,191,254,98,255,238,3,228,252,43,7,201,251,164,246,85,189,0,228,0,227,0,227,0,91,0,38,0,17,0,12,0,11,
0,200,254,195,254,78,255,238,3,228,252,43,7,233,249,246,246,136,189,0,228,0,226,0,227,0,91,0,39,0,17,0,13,0,11,
0,182,254,201,254,56,255,238,3,228,252,43,7,234,249,128,247,113,193,0,227,0,226,0,227,0,91,0,39,0,18,0,13,0,11,
0,182,254,201,254,44,255,5,4,243,252,221,6,234,249,128,247,200,192,0,228,0,226,0,227,0,91,0,38,0,18,0,13,0,11,
0,168,254,181,254,44,255,5,4,243,252,221,6,136,251,58,247,200,192,0,227,0,226,0,227,0,91,0,38,0,17,0,12,0,11,
0,235,254,149,254,65,255,5,4,243,252,221,6,237,251,141,246,195,189,0,227,0,226,0,226,0,91,0,39,0,18,0,13,0,11,
0,20,255,125,254,82,255,5,4,243,252,221,6,249,249,239,246,9,190,0,227,0,227,0,226,0,91,0,38,0,17,0,12,0,11,
0,20,255,125,254,82,255,5,4,243,252,221,6,249,250,202,247,171,193,0,227,0,226,0,225,0,91,0,38,0,18,0,13,0,11,
0,195,254,159,254,72,255,5,4,243,252,221,6,115,250,202,247,171,193,0,226,0,226,0,225,0,91,0,39,0,17,0,13,0,11,
0,147,254,173,254,78,255,5,4,243,252,221,6,62,252,10,247,6,192,0,226,0,226,0,225,0,91,0,38,0,17,0,13,0,11,
0,203,254,157,254,45,255,5,4,243,252,221,6,38,251,5,247,29,189,0,227,0,226,0,225,0,90,0,38,0,17,0,13,0,11,
0,203,254,157,254,45,255,5,4,243,252,221,6,138,249,163,247,67,190,0,227,0,226,0,225,0,90,0,38,0,16,0,12,0,11,
0,189,254,130,254,34,255,5,4,243,252,221,6,138,249,163,247,163,193,0,226,0,226,0,224,0,91,0,39,0,18,0,13,0,12,
0,175,254,117,254,43,255,59,4,172,252,224,6,54,251,154,247,163,193,0,227,0,226,0,224,0,90,0,38,0,17,0,12,0,11,
0,153,254,117,254,41,255,59,4,172,252,224,6,151,251,142,247,224,191,0,226,0,225,0,223,0,91,0,38,0,19,0,13,0,11,
0,153,254,121,254,41,255,59,4,172,252,224,6,31,251,102,247,135,188,0,226,0,225,0,223,0,90,0,38,0,19,0,13,0,11,
0,163,254,131,254,32,255,59,4,172,252,224,6,212,249,98,248,185,190,0,226,0,225,0,223,0,90,0,38,0,19,0,14,0,12,
0,178,254,121,254,5,255,59,4,172,252,224,6,212,249,98,248,185,190,0,226,0,225,0,222,0,90,0,38,0,19,0,13,0,11,
0,178,254,121,254,220,254,59,4,172,252,224,6,213,250,86,248,63,194,0,226,0,225,0,222,0,89,0,38,0,18,0,13,0,11,
0,186,254,109,254,220,254,59,4,172,252,224,6,224,251,162,247,242,189,0,226,0,225,0,222,0,89,0,38,0,18,0,13,0,11,
0,160,254,101,254,230,254,59,4,172,252,224,6,107,250,49,248,6,190,0,225,0,224,0,221,0,90,0,38,0,19,0,14,0,12,
0,149,254,113,254,230,254,59,4,172,252,224,6,107,250,158,248,184,191,0,226,0,225,0,221,0,89,0,38,0,17,0,13,0,11,
0,149,254,113,254,230,254,59,4,172,252,224,6,6,250,158,248,184,191,0,225,0,224,0,220,0,89,0,38,0,18,0,13,0,11,
0,157,254,111,254,210,254,67,4,181,252,44,7,27,251,55,248,41,192,0,225,0,224,0,220,0,89,0,38,0,18,0,13,0,11,
0,159,254,112,254,200,254,67,4,181,252,44,7,48,251,171,248,218,191,0,225,0,224,0,219,0,89,0,38,0,18,0,13,0,11,
0,122,254,150,254,204,254,67,4,181,252,44,7,219,250,72,248,104,188,0,225,0,224,0,219,0,88,0,37,0,17,0,12,0,11,
0,122,254,150,254,204,254,67,4,181,252,44,7,219,250,72,248,60,190,0,225,0,224,0,219,0,88,0,38,0,18,0,13,0,11,
0,144,254,147,254,169,254,67,4,181,252,44,7,134,249,234,248,60,190,0,224,0,224,0,218,0,88,0,37,0,18,0,13,0,11,
0,148,254,144,254,169,254,67,4,181,252,44,7,59,250,35,249,174,192,0,224,0,224,0,218,0,88,0,37,0,18,0,13,0,11,
0,148,254,144,254,171,254,67,4,181,252,44,7,137,251,152,248,237,190,0,224,0,224,0,218,0,87,0,37,0,17,0,13,0,11,
0,127,254,114,254,171,254,67,4,181,252,44,7,137,251,125,248,106,188,0,224,0,224,0,217,0,87,0,37,0,18,0,13,0,11,
0,171,254,98,254,189,254,67,4,181,252,44,7,168,250,125,248,106,188,0,224,0,224,0,217,0,87,0,36,0,17,0,12,0,11,
0,157,254,98,254,185,254,67,4,181,252,44,7,128,249,26,249,230,190,0,223,0,224,0,216,0,87,0,37,0,18,0,13,0,11,
0,157,254,98,254,168,254,67,4,181,252,44,7,23,250,59,249,49,192,0,223,0,224,0,215,0,87,0,37,0,18,0,13,0,11,
0,104,254,64,254,168,254,238,3,204,252,187,6,163,250,29,249,50,191,0,223,0,224,0,215,0,86,0,36,0,17,0,12,0,11,
0,133,254,55,254,156,254,238,3,204,252,187,6,163,250,29,249,22,189,0,223,0,224,0,214,0,86,0,37,0,18,0,13,0,12,
0,185,254,101,254,160,254,238,3,204,252,187,6,5,251,125,248,22,189,0,223,0,225,0,215,0,86,0,36,0,17,0,12,0,11,
0,185,254,101,254,160,254,238,3,204,252,187,6,40,250,238,248,98,189,0,222,0,224,0,214,0,86,0,37,0,18,0,13,0,11,
0,172,254,93,254,143,254,238,3,204,252,187,6,63,249,86,249,60,190,0,222,0,224,0,213,0,86,0,36,0,18,0,13,0,11,
0,154,254,82,254,143,254,238,3,204,252,187,6,81,250,115,249,57,192,0,222,0,224,0,213,0,86,0,36,0,17,0,12,0,11,
0,151,254,58,254,135,254,238,3,204,252,187,6,81,250,115,249,57,192,0,222,0,225,0,213,0,85,0,36,0,17,0,12,0,12,
0,151,254,58,254,135,254,238,3,204,252,187,6,47,251,138,248,177,189,0,222,0,224,0,213,0,85,0,36,0,17,0,12,0,11,
0,144,254,29,254,145,254,238,3,204,252,187,6,24,249,152,248,157,187,0,222,0,224,0,212,0,85,0,36,0,18,0,13,0,11,
0,132,254,37,254,152,254,238,3,204,252,187,6,120,249,129,249,144,192,0,221,0,224,0,212,0,85,0,36,0,17,0,13,0,11,
0,132,254,37,254,146,254,140,4,213,252,33,7,120,249,129,248,229,191,0,221,0,224,0,212,0,84,0,36,0,17,0,13,0,11,
0,101,254,38,254,146,254,140,4,213,252,33,7,0,251,191,248,229,191,0,221,0,224,0,212,0,85,0,36,0,18,0,13,0,11,
0,146,254,55,254,137,254,140,4,213,252,33,7,54,250,94,248,172,187,0,221,0,224,0,212,0,84,0,35,0,16,0,12,0,11,
0,179,254,57,254,124,254,140,4,213,252,33,7,0,249,143,248,206,189,0,221,0,223,0,212,0,84,0,36,0,18,0,13,0,11,
0,179,254,57,254,131,254,140,4,213,252,33,7,222,248,255,248,93,191,0,221,0,223,0,212,0,84,0,35,0,17,0,13,0,11,
0,142,254,37,254,131,254,140,4,213,252,33,7,222,248,255,248,93,191,0,221,0,223,0,212,0,83,0,30,0,16,0,12,0,12,
0,87,254,23,254,121,254,140,4,213,252,33,7,54,250,187,248,97,192,0,220,0,223,0,212,0,84,0,32,0,16,0,13,0,12,
0,100,254,15,254,113,254,140,4,213,252,33,7,35,250,80,248,74,189,0,221,0,223,0,212,0,84,0,32,0,16,0,12,0,11,
0,100,254,15,254,113,254,140,4,213,252,33,7,193,248,171,248,21,188,0,220,0,222,0,212,0,84,0,34,0,17,0,13,0,11,
0,131,254,17,254,113,254,140,4,213,252,33,7,193,248,249,248,216,191,0,220,0,221,0,212,0,84,0,34,0,17,0,13,0,11,
0,117,254,36,254,148,254,255,3,5,253,104,6,123,248,249,248,216,191,0,220,0,222,0,213,0,84,0,34,0,16,0,12,0,11,
0,67,254,37,254,153,254,255,3,5,253,104,6,160,249,182,248,241,192,0,220,0,221,0,212,0,85,0,35,0,17,0,13,0,11,
0,67,254,37,254,153,254,255,3,5,253,104,6,236,249,165,247,214,187,0,220,0,221,0,213,0,84,0,35,0,17,0,12,0,11,
0,47,254,36,254,139,254,255,3,5,253,104,6,177,247,72,248,198,189,0,220,0,221,0,213,0,85,0,36,0,17,0,13,0,11,
0,17,254,23,254,125,254,255,3,5,253,104,6,177,247,72,248,192,192,0,220,0,221,0,214,0,84,0,35,0,17,0,12,0,11,
0,17,254,23,254,122,254,255,3,5,253,104,6,148,248,189,248,192,192,0,219,0,220,0,213,0,85,0,35,0,17,0,13,0,11,
0,251,253,26,254,122,254,255,3,5,253,104,6,29,250,64,248,206,190,0,219,0,220,0,214,0,84,0,35,0,17,0,12,0,11,
0,27,254,11,254,126,254,255,3,5,253,104,6,88,249,162,247,106,188,0,219,0,220,0,214,0,85,0,35,0,17,0,12,0,11,
0,93,254,247,253,132,254,255,3,5,253,104,6,88,249,58,248,86,190,0,218,0,219,0,214,0,85,0,36,0,18,0,13,0,11,
0,93,254,247,253,127,254,255,3,5,253,104,6,221,247,58,248,86,190,0,218,0,219,0,214,0,85,0,35,0,17,0,13,0,11,
0,60,254,245,253,127,254,47,4,206,252,67,7,36,248,152,248,155,192,0,219,0,219,0,215,0,85,0,35,0,18,0,12,0,11,
0,57,254,245,253,90,254,47,4,206,252,67,7,207,248,65,248,198,191,0,218,0,219,0,215,0,85,0,36,0,17,0,13,0,11,
0,74,254,15,254,68,254,47,4,206,252,67,7,128,249,125,247,41,189,0,218,0,219,0,215,0,85,0,35,0,16,0,12,0,11,
0,74,254,15,254,68,254,47,4,206,252,67,7,128,249,125,247,10,190,0,217,0,218,0,215,0,85,0,36,0,17,0,13,0,11,
0,104,254,22,254,89,254,47,4,206,252,67,7,67,247,20,248,10,190,0,217,0,218,0,215,0,85,0,36,0,18,0,13,0,11,
0,54,254,38,254,117,254,47,4,206,252,67,7,37,248,134,248,30,194,0,217,0,218,0,215,0,86,0,36,0,18,0,13,0,11,
0,22,254,54,254,155,254,47,4,206,252,67,7,48,249,221,247,58,191,0,217,0,218,0,215,0,86,0,36,0,17,0,13,0,11,
0,22,254,54,254,155,254,47,4,206,252,67,7,30,248,164,247,76,189,0,217,0,218,0,216,0,85,0,40,0,17,0,12,0,10,
0,42,254,70,254,149,254,47,4,206,252,67,7,30,248,164,247,76,189,0,217,0,217,0,215,0,86,0,40,0,19,0,12,0,11,
0,25,254,56,254,124,254,47,4,206,252,67,7,235,246,237,247,236,190,0,216,0,217,0,216,0,86,0,39,0,18,0,13,0,11,
0,25,254,56,254,120,254,47,4,206,252,123,6,167,247,191,248,219,193,0,216,0,217,0,216,0,86,0,38,0,18,0,13,0,11,
0,251,253,100,254,120,254,74,4,140,252,123,6,38,248,19,248,125,192,0,216,0,217,0,216,0,86,0,38,0,18,0,13,0,11,
0,16,254,102,254,117,254,74,4,140,252,123,6,38,248,161,247,73,189,0,217,0,217,0,217,0,86,0,37,0,17,0,12,0,11,
0,46,254,89,254,108,254,74,4,140,252,123,6,40,248,161,247,73,189,0,216,0,217,0,217,0,87,0,38,0,18,0,13,0,11,
0,46,254,89,254,108,254,74,4,140,252,123,6,129,246,58,248,193,190,0,216,0,217,0,217,0,86,0,37,0,18,0,13,0,11,
0,36,254,74,254,111,254,74,4,140,252,123,6,93,247,178,248,215,193,0,215,0,217,0,217,0,87,0,37,0,18,0,13,0,11,
0,14,254,64,254,100,254,74,4,140,252,123,6,106,248,46,248,171,192,0,215,0,217,0,218,0,87,0,37,0,18,0,13,0,11,
0,23,254,77,254,98,254,74,4,140,252,123,6,106,248,46,248,171,189,0,216,0,217,0,218,0,86,0,36,0,17,0,12,0,11,
0,23,254,77,254,98,254,74,4,140,252,123,6,221,247,34,248,121,189,0,215,0,217,0,219,0,87,0,37,0,18,0,13,0,11,
0,31,254,67,254,85,254,74,4,140,252,123,6,65,246,38,249,184,191,0,215,0,217,0,219,0,87,0,37,0,17,0,13,0,11,
0,0,254,93,254,93,254,74,4,140,252,123,6,176,247,53,249,233,194,0,215,0,217,0,219,0,87,0,36,0,18,0,13,0,11,
0,240,253,110,254,116,254,19,4,205,252,208,6,176,247,203,248,91,192,0,215,0,218,0,220,0,87,0,36,0,17,0,12,0,11,
0,240,253,110,254,116,254,19,4,205,252,208,6,119,248,203,248,91,192,0,215,0,217,0,220,0,87,0,37,0,18,0,13,0,11,
0,236,253,122,254,125,254,19,4,205,252,208,6,40,247,183,248,248,188,0,215,0,217,0,220,0,87,0,37,0,18,0,13,0,11,
0,253,253,123,254,118,254,19,4,205,252,208,6,212,246,143,249,57,193,0,214,0,218,0,220,0,87,0,37,0,18,0,13,0,11,
0,253,253,123,254,93,254,19,4,205,252,208,6,98,248,63,249,175,193,0,214,0,217,0,220,0,87,0,37,0,17,0,13,0,11,
0,240,253,101,254,93,254,19,4,205,252,208,6,98,248,63,249,33,191,0,215,0,218,0,221,0,87,0,36,0,17,0,13,0,11,
0,0,254,119,254,88,254,19,4,205,252,208,6,76,248,59,249,33,191,0,215,0,218,0,221,0,87,0,36,0,17,0,12,0,11,
0,30,254,138,254,88,254,19,4,205,252,208,6,1,247,199,249,209,190,0,214,0,217,0,221,0,88,0,37,0,18,0,13,0,11,
0,30,254,138,254,88,254,19,4,205,252,208,6,168,247,235,249,151,193,0,214,0,218,0,221,0,88,0,37,0,18,0,13,0,11,
0,62,254,158,254,74,254,19,4,205,252,208,6,96,248,139,249,37,193,0,214,0,218,0,221,0,88,0,37,0,18,0,13,0,11,
0,53,254,196,254,82,254,89,4,168,252,2,7,96,248,139,249,37,193,0,215,0,218,0,222,0,88,0,37,0,18,0,13,0,11,
0,42,254,184,254,113,254,89,4,168,252,2,7,162,248,121,249,80,192,0,214,0,218,0,222,0,88,0,37,0,17,0,12,0,11,
0,42,254,184,254,113,254,89,4,168,252,2,7,220,247,163,249,180,190,0,214,0,218,0,221,0,89,0,37,0,18,0,13,0,11,
0,29,254,189,254,110,254,89,4,168,252,2,7,200,246,14,250,131,192,0,215,0,218,0,222,0,88,0,38,0,18,0,13,0,11,
0,18,254,195,254,109,254,89,4,168,252,2,7,200,246,14,250,61,195,0,215,0,218,0,221,0,89,0,38,0,18,0,13,0,11,
0,46,254,201,254,91,254,89,4,168,252,2,7,229,247,229,249,61,195,0,215,0,219,0,222,0,88,0,37,0,18,0,12,0,11,
0,46,254,201,254,91,254,89,4,168,252,2,7,210,248,164,249,11,191,0,215,0,218,0,221,0,89,0,38,0,18,0,13,0,11,
0,57,254,227,254,91,254,89,4,168,252,2,7,6,248,239,249,183,190,0,215,0,218,0,221,0,89,0,38,0,18,0,13,0,11,
0,74,254,236,254,128,254,89,4,168,252,2,7,234,246,120,250,15,193,0,216,0,219,0,221,0,88,0,37,0,18,0,12,0,11,
0,74,254,236,254,125,254,89,4,168,252,2,7,234,246,120,250,15,193,0,216,0,218,0,221,0,88,0,37,0,18,0,13,0,11,
0,105,254,232,254,125,254,9,4,3,253,107,6,89,248,6,250,83,194,0,216,0,219,0,220,0,89,0,38,0,18,0,13,0,11,
0,125,254,22,255,103,254,9,4,3,253,107,6,136,248,39,250,138,192,0,217,0,219,0,221,0,88,0,37,0,17,0,12,0,11,
0,131,254,39,255,84,254,9,4,3,253,107,6,24,248,241,249,15,190,0,217,0,219,0,220,0,88,0,37,0,18,0,13,0,11,
0,131,254,39,255,84,254,9,4,3,253,107,6,24,248,44,250,229,191,0,217,0,219,0,220,0,88,0,37,0,18,0,13,0,11,
0,143,254,41,255,82,254,9,4,3,253,107,6,67,247,44,250,229,191,0,218,0,219,0,220,0,88,0,37,0,17,0,12,0,11,
0,132,254,18,255,86,254,9,4,3,253,107,6,142,247,206,250,43,194,0,218,0,219,0,220,0,89,0,38,0,18,0,13,0,11,
0,118,254,46,255,90,254,9,4,3,253,107,6,34,249,1,250,67,193,0,219,0,219,0,220,0,88,0,37,0,17,0,12,0,11,
0,118,254,46,255,90,254,9,4,3,253,107,6,216,247,4,250,68,189,0,218,0,219,0,219,0,89,0,38,0,18,0,13,0,11,
0,105,254,56,255,89,254,9,4,3,253,107,6,216,247,4,250,173,190,0,219,0,220,0,219,0,88,0,38,0,18,0,13,0,11,
0,116,254,63,255,107,254,9,4,3,253,107,6,243,246,40,250,173,190,0,219,0,219,0,219,0,88,0,37,0,18,0,13,0,11,
0,118,254,61,255,118,254,32,4,184,252,85,6,225,247,136,250,87,194,0,220,0,220,0,219,0,88,0,37,0,17,0,12,0,11,
0,118,254,61,255,118,254,32,4,184,252,85,6,88,249,25,250,254,191,0,220,0,219,0,218,0,88,0,38,0,18,0,13,0,12,
0,73,254,57,255,136,254,32,4,184,252,85,6,88,249,141,249,181,188,0,220,0,219,0,217,0,88,0,37,0,18,0,13,0,12,
0,70,254,59,255,129,254,32,4,184,252,85,6,137,247,141,249,181,188,0,220,0,220,0,217,0,87,0,37,0,18,0,13,0,11,
0,70,254,59,255,115,254,32,4,184,252,85,6,32,247,158,250,151,193,0,220,0,220,0,217,0,87,0,37,0,18,0,12,0,11,
0,87,254,63,255,115,254,32,4,184,252,85,6,132,248,21,250,156,192,0,221,0,220,0,217,0,87,0,37,0,17,0,12,0,11,
0,111,254,54,255,121,254,32,4,184,252,85,6,250,247,138,249,102,189,0,221,0,220,0,216,0,87,0,37,0,18,0,13,0,11,
0,137,254,52,255,133,254,32,4,184,252,85,6,250,247,138,249,23,192,0,222,0,220,0,216,0,87,0,37,0,18,0,13,0,11,
0,137,254,52,255,133,254,32,4,184,252,85,6,125,247,244,249,23,192,0,222,0,220,0,216,0,87,0,37,0,18,0,13,0,11,
0,145,254,38,255,140,254,32,4,184,252,85,6,165,247,1,250,95,191,0,222,0,220,0,215,0,86,0,37,0,18,0,12,0,11,
0,106,254,47,255,147,254,32,4,184,252,85,6,139,248,83,249,41,191,0,223,0,221,0,215,0,86,0,36,0,17,0,12,0,11,
0,62,254,46,255,159,254,80,4,157,252,58,7,6,248,130,249,125,190,0,223,0,221,0,215,0,87,0,37,0,18,0,13,0,11,
0,62,254,46,255,159,254,80,4,157,252,58,7,6,248,130,249,125,190,0,223,0,221,0,215,0,86,0,37,0,18,0,13,0,11,
0,65,254,54,255,170,254,80,4,157,252,58,7,33,247,152,249,136,189,0,224,0,221,0,215,0,86,0,36,0,18,0,13,0,11,
0,97,254,40,255,173,254,80,4,157,252,58,7,142,247,246,249,140,192,0,224,0,221,0,215,0,86,0,36,0,17,0,12,0,11,
0,114,254,40,255,172,254,80,4,157,252,58,7,72,248,135,249,194,189,0,225,0,221,0,215,0,85,0,36,0,17,0,12,0,11,
0,114,254,50,255,172,254,80,4,157,252,58,7,72,248,249,249,255,189,0,225,0,221,0,215,0,86,0,36,0,17,0,12,0,11,
0,84,254,56,255,186,254,80,4,157,252,58,7,54,247,249,249,255,189,0,226,0,221,0,215,0,86,0,36,0,18,0,13,0,11,
0,60,254,49,255,188,254,80,4,157,252,58,7,111,247,119,249,17,190,0,226,0,220,0,215,0,86,0,36,0,18,0,13,0,11,
0,60,254,49,255,192,254,80,4,157,252,58,7,152,247,227,249,95,191,0,227,0,220,0,215,0,86,0,36,0,17,0,12,0,11,
0,45,254,64,255,192,254,80,4,157,252,58,7,151,248,101,249,129,189,0,227,0,221,0,215,0,85,0,36,0,17,0,12,0,11,
0,90,254,68,255,182,254,99,4,201,252,1,7,151,248,101,249,129,190,0,227,0,220,0,215,0,86,0,36,0,18,0,13,0,11,
0,78,254,75,255,186,254,99,4,201,252,1,7,206,247,105,249,234,190,0,227,0,221,0,215,0,86,0,36,0,17,0,13,0,11,
0,78,254,75,255,186,254,99,4,201,252,1,7,251,246,136,249,72,190,0,227,0,220,0,215,0,85,0,31,0,17,0,13,0,12,
0,113,254,90,255,161,254,99,4,201,252,1,7,57,247,153,249,106,191,0,228,0,220,0,215,0,85,0,32,0,16,0,12,0,11,
0,156,254,82,255,153,254,99,4,201,252,1,7,57,247,27,249,217,190,0,228,0,220,0,215,0,86,0,33,0,17,0,13,0,12,
0,167,254,55,255,140,254,99,4,201,252,1,7,18,248,27,249,217,190,0,228,0,220,0,215,0,85,0,34,0,16,0,12,0,11,
0,167,254,55,255,140,254,99,4,201,252,1,7,66,247,27,249,167,189,0,228,0,220,0,215,0,86,0,35,0,17,0,13,0,11,
0,161,254,81,255,157,254,99,4,201,252,1,7,150,246,126,249,85,190,0,228,0,220,0,215,0,86,0,35,0,17,0,13,0,11,
0,157,254,53,255,168,254,99,4,201,252,1,7,15,247,146,249,182,190,0,229,0,220,0,215,0,86,0,35,0,16,0,12,0,11,
0,145,254,53,255,183,254,99,4,201,252,1,7,15,247,146,249,228,190,0,230,0,220,0,216,0,86,0,35,0,16,0,12,0,11,
0,145,254,55,255,183,254,57,4,125,252,233,6,23,248,39,249,228,190,0,229,0,219,0,215,0,86,0,36,0,17,0,13,0,11,
0,117,254,49,255,182,254,57,4,125,252,233,6,149,247,2,249,122,190,0,230,0,220,0,216,0,86,0,36,0,17,0,13,0,11,
0,126,254,60,255,184,254,57,4,125,252,233,6,218,246,59,249,93,189,0,230,0,219,0,216,0,86,0,36,0,18,0,13,0,11,
0,126,254,60,255,191,254,57,4,125,252,233,6,218,246,146,249,139,190,0,230,0,219,0,216,0,86,0,36,0,17,0,12,0,11,
0,141,254,92,255,191,254,57,4,125,252,233,6,78,246,146,249,139,190,0,231,0,220,0,217,0,86,0,36,0,17,0,12,0,11,
0,153,254,95,255,175,254,57,4,125,252,233,6,199,246,158,249,145,192,0,231,0,219,0,217,0,86,0,36,0,18,0,13,0,11,
0,139,254,111,255,191,254,57,4,125,252,233,6,7,248,238,248,117,190,0,231,0,219,0,217,0,86,0,36,0,17,0,13,0,11,
0,139,254,111,255,191,254,57,4,125,252,233,6,24,247,65,249,165,188,0,232,0,219,0,218,0,87,0,36,0,18,0,13,0,11,
0,168,254,116,255,186,254,57,4,125,252,233,6,24,247,65,249,227,189,0,232,0,220,0,218,0,86,0,36,0,17,0,12,0,11,
0,175,254,125,255,173,254,57,4,125,252,233,6,26,246,104,249,227,189,0,232,0,219,0,219,0,87,0,36,0,18,0,13,0,11,
0,152,254,120,255,214,254,34,4,178,252,186,6,77,246,188,249,29,192,0,233,0,220,0,219,0,87,0,36,0,17,0,12,0,11,
0,152,254,120,255,214,254,34,4,178,252,186,6,75,247,63,249,97,191,0,233,0,219,0,219,0,87,0,37,0,18,0,13,0,11,
0,174,254,106,255,213,254,34,4,178,252,186,6,253,247,14,249,205,189,0,234,0,220,0,220,0,88,0,37,0,18,0,13,0,11,
0,209,254,137,255,177,254,34,4,178,252,186,6,253,247,14,249,205,189,0,234,0,219,0,220,0,87,0,37,0,18,0,13,0,11,
0,200,254,137,255,160,254,34,4,178,252,186,6,34,247,141,249,125,188,0,235,0,219,0,220,0,87,0,41,0,18,0,12,0,11,
0,200,254,139,255,160,254,34,4,178,252,186,6,73,246,231,249,166,190,0,235,0,219,0,220,0,88,0,40,0,19,0,13,0,11,
0,190,254,146,255,186,254,34,4,178,252,186,6,108,247,184,249,84,192,0,235,0,219,0,220,0,88,0,40,0,19,0,13,0,11,
0,189,254,175,255,186,254,34,4,178,252,186,6,108,247,60,249,230,190,0,236,0,219,0,220,0,88,0,39,0,19,0,13,0,11,
0,189,254,175,255,166,254,34,4,178,252,186,6,114,248,60,249,230,190,0,236,0,219,0,221,0,88,0,38,0,18,0,12,0,11,
0,222,254,180,255,166,254,34,4,178,252,186,6,214,247,97,249,21,189,0,237,0,219,0,222,0,87,0,38,0,18,0,13,0,11,
0,232,254,181,255,159,254,34,4,178,252,186,6,220,246,19,250,238,189,0,238,0,219,0,222,0,88,0,37,0,17,0,12,0,11,
0,239,254,161,255,156,254,6,4,185,252,76,7,103,247,234,249,48,191,0,238,0,219,0,221,0,89,0,38,0,19,0,13,0,11,
0,239,254,161,255,156,254,6,4,185,252,76,7,103,247,234,249,221,191,0,239,0,219,0,221,0,88,0,38,0,18,0,13,0,11,
0,241,254,162,255,162,254,6,4,185,252,76,7,200,247,27,250,221,191,0,239,0,219,0,222,0,89,0,38,0,18,0,12,0,11,
0,252,254,184,255,157,254,6,4,185,252,76,7,203,248,157,249,213,188,0,240,0,220,0,222,0,88,0,37,0,17,0,12,0,11,
0,255,254,186,255,187,254,6,4,185,252,76,7,72,247,35,250,179,189,0,241,0,219,0,221,0,89,0,38,0,18,0,13,0,12,
0,255,254,186,255,187,254,6,4,185,252,76,7,72,247,64,250,160,191,0,241,0,220,0,221,0,89,0,38,0,18,0,13,0,11,
0,237,254,189,255,185,254,6,4,185,252,76,7,147,247,64,250,160,191,0,241,0,220,0,221,0,89,0,38,0,18,0,13,0,11,
0,242,254,210,255,200,254,6,4,185,252,76,7,130,248,23,250,125,190,0,242,0,220,0,221,0,89,0,38,0,18,0,13,0,11,
0,242,254,210,255,202,254,6,4,185,252,76,7,7,249,199,249,183,188,0,243,0,221,0,221,0,88,0,37,0,17,0,13,0,11,
0,244,254,240,255,202,254,6,4,185,252,76,7,167,247,43,250,56,189,0,244,0,221,0,220,0,88,0,37,0,17,0,12,0,11,
0,7,255,247,255,208,254,132,4,160,252,65,7,167,247,43,250,54,191,0,244,0,220,0,220,0,89,0,38,0,19,0,13,0,12,
0,244,254,208,255,228,254,132,4,160,252,65,7,147,248,41,250,54,191,0,244,0,221,0,219,0,89,0,38,0,18,0,13,0,11,
0,244,254,208,255,218,254,132,4,160,252,65,7,68,248,118,250,24,191,0,246,0,221,0,219,0,88,0,37,0,17,0,12,0,11,
0,249,254,208,255,218,254,132,4,160,252,65,7,89,249,12,250,182,188,0,246,0,221,0,219,0,88,0,37,0,18,0,13,0,12,
0,248,254,221,255,224,254,132,4,160,252,65,7,61,248,54,250,252,188,0,247,0,222,0,218,0,87,0,37,0,17,0,12,0,11,
0,253,254,214,255,220,254,132,4,160,252,65,7,61,248,54,250,252,188,0,247,0,222,0,217,0,88,0,38,0,18,0,13,0,11,
0,253,254,214,255,220,254,132,4,160,252,65,7,29,248,239,250,216,191,0,247,0,222,0,217,0,88,0,37,0,18,0,13,0,11,
0,245,254,215,255,210,254,132,4,160,252,65,7,159,249,72,250,1,190,0,249,0,223,0,217,0,87,0,37,0,17,0,12,0,11,
0,38,255,225,255,206,254,132,4,160,252,65,7,192,248,61,250,253,186,0,249,0,223,0,216,0,87,0,37,0,18,0,13,0,11,
0,31,255,225,255,201,254,132,4,160,252,65,7,192,248,61,250,169,190,0,250,0,223,0,216,0,86,0,36,0,17,0,12,0,11,
0,31,255,225,255,201,254,67,4,216,252,149,6,218,247,195,250,169,190,0,250,0,223,0,215,0,87,0,37,0,18,0,13,0,11,
0,235,254,252,255,186,254,67,4,216,252,149,6,49,249,73,250,141,191,0,250,0,223,0,214,0,86,0,37,0,18,0,13,0,11,
0,14,255,5,0,192,254,67,4,216,252,149,6,160,249,248,249,117,189,0,251,0,223,0,214,0,86,0,36,0,18,0,12,0,11,
0,14,255,5,0,219,254,67,4,216,252,149,6,157,248,11,250,67,187,0,252,0,224,0,214,0,85,0,35,0,17,0,12,0,11,
0,50,255,241,255,219,254,67,4,216,252,149,6,157,248,11,250,67,187,0,252,0,224,0,213,0,86,0,36,0,18,0,13,0,11,
0,65,255,210,255,228,254,67,4,216,252,149,6,167,247,107,250,171,188,0,252,0,224,0,212,0,86,0,36,0,18,0,13,0,11,
0,52,255,224,255,244,254,67,4,216,252,149,6,245,248,140,250,225,190,0,252,0,224,0,212,0,85,0,36,0,17,0,13,0,11,
0,52,255,224,255,242,254,67,4,216,252,149,6,94,249,220,249,194,188,0,253,0,224,0,212,0,85,0,36,0,17,0,12,0,11,
0,76,255,204,255,242,254,67,4,216,252,149,6,94,249,229,249,77,187,0,254,0,225,0,212,0,84,0,35,0,16,0,12,0,11,
0,73,255,206,255,236,254,67,4,216,252,149,6,204,248,229,249,77,187,0,254,0,225,0,211,0,85,0,36,0,18,0,13,0,11,
0,78,255,213,255,242,254,50,4,197,252,4,7,242,247,15,250,114,188,0,254,0,225,0,211,0,85,0,36,0,18,0,13,0,11,
0,78,255,213,255,242,254,50,4,197,252,4,7,98,248,212,249,175,189,0,255,0,225,0,210,0,84,0,36,0,18,0,13,0,11,
0,76,255,217,255,244,254,50,4,197,252,4,7,155,248,227,249,190,189,0,255,0,225,0,210,0,84,0,36,0,17,0,12,0,11,
0,95,255,226,255,244,254,50,4,197,252,4,7,155,248,227,249,223,188,1,0,0,225,0,210,0,83,0,35,0,17,0,12,0,11,
0,29,255,224,255,235,254,50,4,197,252,4,7,49,249,173,249,223,188,0,255,0,225,0,209,0,84,0,36,0,17,0,13,0,11,
0,29,255,224,255,235,254,50,4,197,252,4,7,186,247,201,249,173,187,0,255,0,225,0,209,0,84,0,36,0,17,0,13,0,11,
0,36,255,216,255,182,254,50,4,197,252,4,7,4,248,169,249,166,189,1,0,0,225,0,209,0,83,0,35,0,17,0,13,0,11,
0,23,255,206,255,188,254,50,4,197,252,4,7,4,248,186,249,94,190,1,0,0,225,0,209,0,83,0,35,0,17,0,12,0,11,
0,23,255,206,255,209,254,50,4,197,252,4,7,144,248,186,249,94,190,1,0,0,225,0,209,0,83,0,35,0,17,0,12,0,11,
0,31,255,177,255,209,254,50,4,197,252,4,7,170,248,188,248,135,186,1,0,0,225,0,208,0,83,0,35,0,17,0,13,0,11,
0,15,255,173,255,202,254,50,4,197,252,4,7,11,247,136,249,175,188,1,1,0,225,0,208,0,83,0,35,0,17,0,13,0,11,
0,249,254,161,255,213,254,24,4,240,252,204,6,194,247,100,249,10,191,1,1,0,225,0,208,0,83,0,35,0,17,0,13,0,11,
0,249,254,161,255,213,254,24,4,240,252,204,6,194,247,100,249,238,188,1,1,0,225,0,208,0,82,0,35,0,17,0,12,0,11,
0,3,255,154,255,186,254,24,4,240,252,204,6,171,248,161,248,238,188,1,1,0,225,0,208,0,82,0,34,0,16,0,12,0,11,
0,3,255,172,255,185,254,24,4,240,252,204,6,38,248,134,248,181,186,1,0,0,225,0,208,0,83,0,35,0,17,0,13,0,11,
0,223,254,154,255,194,254,24,4,240,252,204,6,103,247,62,249,40,189,1,0,0,224,0,208,0,83,0,35,0,17,0,13,0,11,
0,223,254,154,255,194,254,24,4,240,252,204,6,235,247,248,248,148,190,1,0,0,225,0,209,0,83,0,35,0,17,0,13,0,11,
0,207,254,173,255,180,254,24,4,240,252,204,6,235,247,248,248,148,190,1,0,0,225,0,209,0,82,0,35,0,17,0,12,0,11,
0,231,254,167,255,172,254,24,4,240,252,204,6,188,248,71,248,187,188,1,0,0,225,0,209,0,82,0,34,0,16,0,12,0,11,
0,227,254,187,255,156,254,24,4,240,252,204,6,217,247,77,248,40,187,1,0,0,224,0,209,0,83,0,35,0,17,0,13,0,11,
0,227,254,187,255,156,254,24,4,240,252,204,6,33,247,194,248,174,189,1,0,0,224,0,209,0,83,0,35,0,17,0,12,0,11,
0,184,254,210,255,142,254,34,4,172,252,162,6,33,247,115,248,59,191,1,0,0,224,0,210,0,83,0,35,0,17,0,13,0,11,
0,174,254,216,255,126,254,34,4,172,252,162,6,94,248,115,248,59,191,0,255,0,223,0,210,0,83,0,35,0,17,0,12,0,11,
0,174,254,216,255,161,254,34,4,172,252,162,6,92,248,169,247,193,185,0,255,0,223,0,211,0,83,0,35,0,17,0,13,0,11,
0,193,254,232,255,161,254,34,4,172,252,162,6,138,246,139,248,156,188,0,255,0,223,0,211,0,83,0,35,0,16,0,12,0,11,
0,156,254,214,255,136,254,34,4,172,252,162,6,250,247,158,248,38,192,0,254,0,223,0,211,0,83,0,35,0,17,0,13,0,11,
0,122,254,150,255,119,254,34,4,172,252,162,6,250,247,158,248,47,187,0,253,0,222,0,211,0,84,0,35,0,17,0,12,0,11,
0,122,254,150,255,119,254,34,4,172,252,162,6,147,248,233,247,47,187,0,253,0,222,0,212,0,83,0,35,0,17,0,12,0,11,
0,107,254,161,255,138,254,34,4,172,252,162,6,188,246,148,248,36,189,0,253,0,222,0,213,0,83,0,35,0,16,0,12,0,11,
0,127,254,156,255,131,254,34,4,172,252,162,6,235,248,40,248,238,188,0,252,0,221,0,212,0,84,0,35,0,17,0,13,0,11,
0,86,254,172,255,133,254,34,4,172,252,162,6,235,248,207,248,182,188,0,252,0,221,0,212,0,84,0,30,0,16,0,13,0,12,
0,86,254,172,255,133,254,86,4,189,252,48,7,127,246,207,248,182,188,0,252,0,221,0,213,0,84,0,31,0,16,0,13,0,11,
0,44,254,155,255,122,254,86,4,189,252,48,7,194,248,130,248,114,190,0,251,0,221,0,213,0,84,0,32,0,16,0,12,0,11,
0,43,254,189,255,126,254,86,4,189,252,48,7,128,248,66,248,190,187,0,251,0,221,0,213,0,84,0,32,0,16,0,13,0,11,
0,55,254,212,255,135,254,86,4,189,252,48,7,132,247,118,248,73,188,0,251,0,221,0,213,0,84,0,33,0,16,0,12,0,11,
0,55,254,212,255,135,254,86,4,189,252,48,7,132,247,118,248,197,190,0,250,0,220,0,213,0,84,0,35,0,17,0,12,0,11,
0,44,254,157,255,132,254,86,4,189,252,48,7,108,247,241,248,197,190,0,250,0,219,0,213,0,84,0,35,0,17,0,13,0,11,
0,44,254,119,255,111,254,86,4,189,252,48,7,18,249,178,248,173,190,0,250,0,220,0,214,0,84,0,34,0,16,0,12,0,11,
0,44,254,119,255,94,254,86,4,189,252,48,7,1,247,184,244,168,185,0,194,0,235,0,229,0,86,0,35,0,15,0,12,0,11,
0,4,254,93,255,94,254,86,4,189,252,48,7,207,250,25,199,221,188,0,189,1,3,1,8,0,91,0,35,0,15,0,12,0,11,
0,252,253,88,255,39,254,86,4,189,252,48,7,207,250,25,199,221,188,1,73,1,35,1,84,0,105,0,40,0,20,0,14,0,12,
0,102,253,160,0,81,253,62,4,168,252,96,7,253,14,25,20,47,221,1,13,1,82,1,87,0,112,0,42,0,19,0,13,0,11,
0,102,253,160,0,81,253,62,4,168,252,96,7,114,49,133,216,52,160,1,76,1,80,1,82,0,117,0,41,0,17,0,12,0,12,
0,113,2,59,4,92,253,62,4,168,252,96,7,187,31,127,40,148,19,0,133,1,79,1,70,0,123,0,48,0,23,0,17,0,16,
0,216,19,139,13,115,253,62,4,168,252,96,7,187,31,127,111,36,25,0,133,1,72,1,51,0,125,0,49,0,22,0,14,0,13,
0,25,43,173,17,3,251,62,4,168,252,96,7,10,14,149,111,36,25,0,135,1,51,1,1,0,121,0,50,0,20,0,14,0,14,
0,25,43,173,17,3,251,62,4,168,252,96,7,230,22,147,126,64,43,0,137,0,248,0,198,0,115,0,54,0,26,0,18,0,16,
0,82,59,46,8,111,248,62,4,168,252,96,7,206,14,235,109,187,39,0,137,0,181,0,174,0,106,0,52,0,27,0,18,0,17,
0,42,66,243,254,236,250,62,4,168,252,96,7,162,218,51,52,228,2,0,136,0,157,0,173,0,96,0,46,0,22,0,16,0,17,
0,219,65,122,252,38,5,62,4,168,252,96,7,162,218,51,52,228,2,0,137,0,205,0,184,0,92,0,46,0,26,0,19,0,20,
0,219,65,122,252,38,5,62,4,168,252,96,7,69,255,167,220,199,25,0,137,1,19,0,168,0,89,0,47,0,27,0,20,0,19,
0,194,58,229,251,141,18,62,4,251,253,38,7,47,15,136,178,184,36,0,139,1,22,0,142,0,77,0,39,0,20,0,15,0,15,
0,117,47,39,249,159,24,1,4,251,253,38,7,121,250,158,195,191,15,0,142,0,233,0,134,0,69,0,37,0,16,0,11,0,13,
0,117,47,39,249,209,22,1,4,251,253,38,7,121,250,177,207,148,250,0,148,0,150,0,132,0,65,0,36,0,16,0,11,0,9,
0,184,32,155,242,209,22,1,4,251,253,38,7,248,236,177,207,148,250,0,161,0,133,0,132,0,62,0,34,0,16,0,11,0,8,
0,241,14,173,236,171,18,1,4,251,253,38,7,245,229,58,199,138,228,0,209,0,133,0,132,0,59,0,30,0,15,0,11,0,10,
0,199,250,249,235,210,14,1,4,251,253,38,7,20,209,102,193,70,207,1,60,0,133,0,133,0,56,0,28,0,14,0,12,0,12,
0,199,250,249,235,210,14,1,4,251,253,38,7,69,184,98,198,155,197,1,72,0,134,0,136,0,55,0,28,0,15,0,12,0,11,
0,60,232,252,241,68,11,1,4,251,253,38,7,69,184,98,198,185,182,1,94,0,134,0,141,0,55,0,28,0,16,0,13,0,10,
0,60,218,134,251,167,7,1,4,251,253,38,7,36,177,164,221,185,182,1,86,0,135,0,195,0,60,0,27,0,14,0,12,0,11,
0,193,209,10,5,143,4,1,4,251,253,38,7,113,191,112,236,160,170,1,59,0,137,1,105,0,79,0,28,0,12,0,11,0,10,
0,193,209,10,5,143,4,1,4,251,253,38,7,36,204,138,249,143,153,1,12,0,140,1,83,0,91,0,31,0,15,0,10,0,9,
0,103,206,70,11,112,1,80,4,38,253,60,7,36,220,14,6,17,138,0,190,0,144,1,82,0,102,0,36,0,16,0,11,0,10,
0,193,207,83,11,240,253,80,4,38,253,60,7,168,220,14,6,17,138,0,134,0,150,1,82,0,109,0,37,0,15,0,10,0,10,
0,203,212,83,5,0,250,80,4,38,253,60,7,15,241,150,13,101,131,0,134,0,168,1,77,0,115,0,40,0,15,0,11,0,10,
0,203,212,83,5,0,250,80,4,38,253,60,7,37,8,61,15,8,128,0,134,0,239,1,69,0,121,0,44,0,18,0,12,0,11,
0,36,221,18,253,132,246,80,4,38,253,60,7,248,15,103,23,8,128,0,135,1,20,1,52,0,123,0,46,0,21,0,13,0,11,
0,71,232,70,246,216,244,80,4,38,253,60,7,248,15,103,23,8,128,0,133,1,91,1,14,0,119,0,46,0,17,0,12,0,11,
0,71,232,70,246,54,246,80,4,38,253,60,7,87,14,139,35,8,128,0,136,1,90,0,213,0,111,0,46,0,20,0,12,0,10,
0,243,244,78,242,54,246,80,4,38,253,60,7,62,11,31,33,8,128,0,137,1,78,0,154,0,101,0,45,0,21,0,12,0,9,
0,92,1,90,241,159,249,80,4,38,253,60,7,130,3,126,17,160,132,0,139,1,78,0,136,0,89,0,42,0,17,0,11,0,8,
0,76,12,239,242,231,252,80,4,38,253,60,7,162,251,16,13,74,172,0,141,1,75,0,133,0,80,0,40,0,17,0,12,0,9,
0,76,12,239,242,231,252,142,4,41,253,245,6,162,251,16,13,74,172,0,145,1,73,0,133,0,74,0,38,0,17,0,12,0,10,
0,125,20,185,244,250,253,142,4,41,253,245,6,2,247,134,14,70,185,0,149,1,71,0,133,0,69,0,35,0,17,0,13,0,11,
0,40,25,132,246,148,253,142,4,41,253,245,6,142,243,71,10,48,205,0,163,1,67,0,133,0,64,0,33,0,16,0,12,0,10,
0,50,27,29,250,217,253,142,4,41,253,245,6,123,238,67,251,243,206,0,207,1,62,0,133,0,62,0,31,0,16,0,13,0,11,
0,50,27,29,250,217,253,142,4,41,253,245,6,123,238,116,231,115,218,0,238,1,48,0,132,0,59,0,30,0,16,0,13,0,11,
0,37,27,236,254,160,254,142,4,41,253,245,6,41,234,116,231,115,218,0,243,1,27,0,133,0,56,0,28,0,14,0,12,0,11,
0,155,25,242,3,27,255,142,4,41,253,245,6,200,239,235,228,52,221,0,244,1,9,0,134,0,55,0,27,0,15,0,12,0,11,
0,233,21,242,8,37,255,142,4,41,253,245,6,152,247,226,229,165,226,0,250,0,247,0,136,0,53,0,26,0,14,0,12,0,11,
0,233,21,4,8,37,255,142,4,41,253,245,6,162,253,116,225,88,220,1,9,0,229,0,140,0,53,0,25,0,14,0,12,0,11,
0,254,16,24,11,201,254,142,4,41,253,245,6,162,253,116,225,152,217,1,83,0,208,0,158,0,55,0,25,0,16,0,12,0,11,
0,135,11,223,12,115,254,88,4,132,253,116,7,118,3,203,217,152,217,1,89,0,182,0,218,0,62,0,26,0,15,0,12,0,11,
0,135,11,223,12,226,253,88,4,132,253,116,7,127,10,218,213,223,213,1,80,0,160,1,48,0,76,0,29,0,16,0,13,0,12,
0,154,6,122,12,226,253,88,4,132,253,116,7,124,17,28,214,117,210,1,75,0,147,1,77,0,89,0,31,0,13,0,12,0,11,
0,226,2,21,10,178,253,88,4,132,253,116,7,124,17,72,214,73,206,1,74,0,140,1,72,0,100,0,34,0,16,0,12,0,12,
0,73,0,232,5,18,254,88,4,132,253,116,7,169,22,72,214,73,206,1,73,0,137,1,68,0,108,0,38,0,16,0,12,0,11,
0,73,0,232,5,18,254,88,4,132,253,116,7,29,24,229,213,77,204,1,73,0,136,1,68,0,113,0,40,0,16,0,12,0,11,
0,151,254,226,0,206,254,88,4,132,253,116,7,181,22,245,214,130,200,1,74,0,136,1,65,0,118,0,43,0,17,0,12,0,11,
0,135,253,192,251,131,255,88,4,132,253,116,7,240,21,74,216,131,197,1,73,0,136,1,64,0,122,0,46,0,19,0,13,0,12,
0,186,252,35,247,219,255,88,4,132,253,116,7,240,21,74,216,162,196,1,71,0,136,1,65,0,126,0,48,0,20,0,14,0,11,
0,186,252,35,247,219,255,88,4,132,253,116,7,193,21,251,217,162,196,1,69,0,136,1,66,0,127,0,49,0,20,0,13,0,11,
0,6,252,185,243,235,255,117,4,131,253,24,7,216,20,7,221,156,194,1,67,0,137,1,65,0,129,0,51,0,20,0,13,0,11,
0,70,251,245,241,218,255,117,4,131,253,24,7,101,18,18,226,34,191,1,66,0,137,1,66,0,131,0,53,0,22,0,14,0,12,
0,159,250,245,241,222,255,117,4,131,253,24,7,122,15,139,230,151,187,1,63,0,138,1,67,0,133,0,54,0,22,0,14,0,11,
0,159,250,200,241,222,255,117,4,131,253,24,7,122,15,139,230,151,187,1,63,0,139,1,63,0,134,0,55,0,25,0,15,0,12,
0,12,250,129,242,237,255,117,4,131,253,24,7,70,11,183,234,198,187,1,62,0,140,1,60,0,134,0,55,0,25,0,15,0,12,
0,101,249,168,243,195,255,117,4,131,253,24,7,241,7,56,239,227,190,1,59,0,141,1,60,0,134,0,56,0,25,0,15,0,11,
0,101,249,168,243,85,255,117,4,131,253,24,7,201,7,148,243,204,188,1,57,0,142,1,58,0,134,0,57,0,25,0,15,0,12,
0,216,248,48,245,85,255,117,4,131,253,24,7,201,7,148,246,168,182,1,57,0,144,1,55,0,133,0,57,0,24,0,14,0,11,
0,109,248,16,247,29,255,117,4,131,253,24,7,49,8,19,246,168,182,1,55,0,145,1,53,0,133,0,57,0,25,0,15,0,12,
0,102,248,201,248,90,255,117,4,131,253,24,7,206,5,52,249,16,183,1,56,0,148,1,52,0,133,0,58,0,26,0,15,0,12,
0,102,248,201,248,90,255,117,4,131,253,24,7,67,4,5,251,247,187,1,57,0,152,1,51,0,132,0,57,0,25,0,15,0,12,
0,149,248,219,249,250,255,140,4,156,253,34,7,161,4,31,253,208,185,1,58,0,156,1,51,0,132,0,57,0,25,0,15,0,12,
0,9,249,242,249,179,0,140,4,156,253,34,7,161,4,31,253,208,185,1,60,0,160,1,47,0,131,0,57,0,23,0,15,0,12,
0,165,249,49,249,129,1,140,4,156,253,34,7,239,1,205,254,164,179,1,62,0,164,1,44,0,131,0,57,0,24,0,15,0,12,
0,165,249,49,249,129,1,140,4,156,253,34,7,166,252,33,1,93,181,1,63,0,166,1,40,0,129,0,57,0,25,0,15,0,12,
0,80,250,13,248,103,2,140,4,156,253,34,7,242,250,134,0,126,186,1,63,0,167,1,34,0,128,0,59,0,24,0,15,0,12,
0,19,251,198,246,19,3,140,4,156,253,34,7,242,250,108,254,1,185,1,65,0,168,1,27,0,126,0,58,0,27,0,16,0,12,
0,155,251,198,246,144,3,140,4,156,253,34,7,162,247,108,254,1,185,1,65,0,169,1,17,0,124,0,57,0,26,0,16,0,12,
0,155,251,101,245,144,3,140,4,156,253,34,7,227,243,252,252,78,185,1,65,0,170,1,5,0,121,0,55,0,24,0,16,0,12,
0,11,252,244,243,255,3,140,4,156,253,34,7,205,242,245,251,23,190,1,66,0,170,0,249,0,117,0,54,0,25,0,16,0,12,
0,40,252,154,242,247,3,140,4,156,253,34,7,240,241,147,249,181,188,1,67,0,169,0,234,0,112,0,53,0,23,0,15,0,12,
0,40,252,154,242,167,3,29,5,57,253,176,7,240,241,147,249,101,189,1,68,0,168,0,217,0,107,0,51,0,24,0,15,0,12,
0,2,252,86,241,167,3,29,5,57,253,176,7,44,240,144,247,101,189,1,68,0,166,0,199,0,101,0,48,0,21,0,14,0,11,
0,140,251,160,240,86,3,29,5,57,253,176,7,86,237,245,245,191,188,1,68,0,165,0,180,0,95,0,47,0,23,0,15,0,12,
0,211,250,67,240,248,2,29,5,57,253,176,7,211,237,24,246,251,191,1,68,0,164,0,163,0,88,0,45,0,21,0,15,0,12,
0,211,250,67,240,248,2,29,5,57,253,176,7,211,237,99,245,124,188,1,69,0,163,0,151,0,81,0,42,0,21,0,14,0,11,
0,45,250,8,240,165,2,29,5,57,253,176,7,113,238,99,245,124,188,1,69,0,163,0,144,0,75,0,38,0,20,0,13,0,11,
0,149,249,253,239,99,2,29,5,57,253,176,7,179,236,211,244,59,186,1,68,0,162,0,140,0,70,0,31,0,17,0,14,0,12,
0,206,248,22,240,55,2,29,5,57,253,176,7,246,234,74,244,20,186,1,68,0,162,0,138,0,66,0,30,0,16,0,13,0,12,
0,206,248,22,240,55,2,29,5,57,253,176,7,20,235,165,243,87,187,1,67,0,161,0,136,0,62,0,29,0,16,0,13,0,12,
0,37,248,109,240,249,1,29,5,57,253,176,7,20,235,165,243,43,183,1,65,0,162,0,136,0,59,0,28,0,14,0,12,0,11,
0,120,247,205,240,177,1,31,5,93,253,142,7,61,234,119,242,43,183,1,64,0,163,0,136,0,57,0,27,0,14,0,12,0,11,
0,120,246,205,240,98,1,31,5,93,253,142,7,76,231,160,241,213,179,1,63,0,165,0,136,0,55,0,26,0,13,0,11,0,10,
0,204,246,106,241,98,1,31,5,93,253,142,7,130,227,238,242,213,178,1,62,0,168,0,137,0,54,0,25,0,14,0,12,0,11,
0,68,246,139,242,5,1,31,5,93,253,142,7,188,225,251,243,193,180,1,61,0,173,0,137,0,53,0,24,0,12,0,11,0,10,
0,7,246,5,244,233,0,31,5,93,253,142,7,188,225,251,243,193,180,1,58,0,177,0,138,0,52,0,24,0,13,0,11,0,11,
0,7,246,5,244,239,0,31,5,93,253,142,7,144,224,87,245,228,180,1,55,0,183,0,139,0,51,0,23,0,12,0,11,0,11,
0,3,246,140,245,239,0,31,5,93,253,142,7,85,221,69,250,91,175,1,54,0,188,0,139,0,51,0,23,0,12,0,11,0,10,
0,1,246,242,246,112,1,31,5,93,253,142,7,28,221,85,251,7,175,1,52,0,195,0,140,0,51,0,23,0,13,0,11,0,11,
0,56,246,140,248,21,2,31,5,93,253,142,7,28,221,190,252,251,176,1,51,0,202,0,141,0,51,0,23,0,13,0,11,0,11,
0,56,246,140,248,21,2,31,5,93,253,142,7,141,222,190,252,251,176,1,50,0,209,0,143,0,51,0,23,0,11,0,11,0,10,
0,7,247,48,250,33,2,117,5,0,253,172,7,112,221,11,1,254,175,1,47,0,211,0,144,0,51,0,23,0,14,0,11,0,11,
0,203,247,230,251,227,1,117,5,0,253,172,7,153,218,255,4,149,177,1,47,0,214,0,144,0,51,0,22,0,13,0,11,0,10,
0,148,248,162,253,201,1,117,5,0,253,172,7,122,213,56,9,221,176,1,46,0,214,0,144,0,52,0,23,0,14,0,11,0,11,
0,148,248,162,253,201,1,117,5,0,253,172,7,122,213,56,9,221,178,1,43,0,215,0,143,0,51,0,23,0,11,0,11,0,11,
0,75,249,161,255,229,1,117,5,0,253,172,7,98,212,187,11,231,178,1,40,0,216,0,142,0,51,0,23,0,11,0,11,0,11,
0,39,250,243,1,230,1,117,5,0,253,172,7,18,212,16,12,227,176,1,38,0,217,0,142,0,51,0,23,0,12,0,11,0,11,
0,39,251,243,1,118,1,117,5,0,253,172,7,125,210,48,13,139,177,1,35,0,217,0,142,0,50,0,22,0,11,0,10,0,10,
0,17,251,116,4,118,1,117,5,0,253,172,7,125,210,246,13,215,177,1,33,0,217,0,143,0,51,0,23,0,12,0,11,0,10,
0,43,252,252,6,191,0,117,5,0,253,172,7,62,211,246,13,215,177,1,31,0,216,0,145,0,51,0,27,0,15,0,11,0,10,
0,103,253,107,9,80,0,117,5,0,253,172,7,174,213,208,13,104,179,1,28,0,214,0,147,0,52,0,25,0,13,0,10,0,10,
0,103,253,107,9,39,0,117,5,0,253,172,7,25,216,209,12,157,176,1,25,0,212,0,151,0,52,0,24,0,14,0,11,0,10,
0,179,254,164,11,39,0,76,5,210,252,133,7,216,216,186,12,221,178,1,23,0,211,0,155,0,52,0,24,0,13,0,11,0,10,
0,47,0,151,13,251,255,76,5,210,252,133,7,216,216,186,12,237,180,1,19,0,210,0,163,0,55,0,24,0,12,0,11,0,11,
0,137,1,60,15,219,255,76,5,210,252,133,7,246,216,43,12,237,180,1,14,0,211,0,174,0,57,0,25,0,12,0,11,0,11,
0,137,1,60,15,219,255,76,5,210,252,133,7,249,217,236,9,172,181,1,9,0,211,0,186,0,60,0,25,0,14,0,11,0,11,
0,169,2,231,16,137,255,76,5,210,252,133,7,77,218,14,8,160,180,1,1,0,210,0,200,0,63,0,26,0,12,0,11,0,11,
0,109,3,165,18,41,255,76,5,210,252,133,7,107,218,203,6,90,183,0,249,0,209,0,214,0,68,0,26,0,14,0,11,0,11,
0,209,3,103,20,206,254,76,5,210,252,133,7,107,218,203,6,90,183,0,239,0,208,0,228,0,73,0,28,0,13,0,11,0,11,
0,209,3,103,20,206,254,76,5,210,252,133,7,48,220,54,4,152,183,0,230,0,206,0,242,0,78,0,29,0,16,0,12,0,11,
0,244,3,4,22,110,254,76,5,210,252,133,7,160,221,66,2,187,183,0,220,0,206,1,1,0,83,0,31,0,13,0,11,0,11,
0,239,3,143,23,248,253,76,5,210,252,133,7,203,223,24,1,247,186,0,210,0,205,1,17,0,89,0,33,0,16,0,12,0,11,
0,239,3,143,23,140,253,219,4,250,252,102,7,203,223,24,0,114,188,0,199,0,203,1,33,0,96,0,35,0,16,0,12,0,12,
0,186,3,242,24,140,253,219,4,250,252,102,7,111,227,5,0,114,188,0,188,0,201,1,49,0,103,0,38,0,18,0,12,0,11,
0,117,3,255,25,246,252,219,4,250,252,102,7,26,231,252,254,87,188,0,177,0,200,1,60,0,109,0,40,0,19,0,13,0,12,
0,52,3,136,26,189,252,219,4,250,252,102,7,130,234,191,253,81,187,0,167,0,198,1,65,0,114,0,42,0,17,0,12,0,11,
0,52,3,136,26,189,252,219,4,250,252,102,7,226,236,102,253,254,187,0,157,0,196,1,65,0,119,0,45,0,19,0,13,0,12,
0,237,2,146,26,188,252,219,4,250,252,102,7,226,236,102,253,254,187,0,151,0,195,1,65,0,122,0,47,0,18,0,13,0,11,
0,158,2,123,26,187,252,219,4,250,252,102,7,5,239,141,252,223,187,0,145,0,194,1,65,0,126,0,49,0,20,0,13,0,12,
0,134,2,55,26,130,252,219,4,250,252,102,7,210,239,83,251,185,187,0,142,0,193,1,64,0,128,0,53,0,21,0,14,0,12,
0,134,2,55,26,130,252,219,4,250,252,102,7,148,241,237,249,50,188,0,139,0,193,1,63,0,130,0,54,0,24,0,14,0,12,
0,97,2,41,26,55,252,219,4,250,252,102,7,148,241,229,248,181,186,0,138,0,195,1,63,0,131,0,55,0,24,0,14,0,12,
0,22,2,33,26,247,251,255,3,13,253,34,7,201,243,229,248,181,186,0,137,0,197,1,63,0,132,0,55,0,23,0,14,0,11,
0,215,1,43,26,228,251,255,3,13,253,34,7,30,246,215,247,23,187,0,136,0,200,1,62,0,133,0,56,0,25,0,14,0,12,
0,215,1,43,26,228,251,255,3,13,253,34,7,77,248,88,247,13,186,0,136,0,203,1,61,0,133,0,56,0,25,0,15,0,12,
0,149,1,69,26,186,251,255,3,13,253,34,7,167,251,28,248,129,187,0,136,0,208,1,60,0,134,0,57,0,25,0,15,0,12,
0,54,1,68,26,155,251,255,3,13,253,34,7,167,251,28,248,252,187,0,136,0,213,1,60,0,134,0,57,0,25,0,16,0,12,
0,54,1,68,26,142,251,255,3,13,253,34,7,207,255,2,248,252,187,0,136,0,218,1,59,0,134,0,57,0,24,0,15,0,11,
0,252,0,240,25,142,251,255,3,13,253,34,7,206,2,171,247,62,185,0,136,0,223,1,58,0,134,0,57,0,25,0,15,0,12,
0,237,0,96,25,150,251,255,3,13,253,34,7,62,4,67,247,245,183,0,136,0,228,1,56,0,134,0,57,0,25,0,15,0,12,
0,205,0,168,24,173,251,255,3,13,253,34,7,62,4,238,247,133,185,0,136,0,232,1,55,0,134,0,57,0,25,0,15,0,12,
0,205,0,168,24,173,251,255,3,13,253,34,7,123,4,238,247,133,185,0,136,0,237,1,54,0,133,0,57,0,25,0,15,0,12,
0,204,0,228,23,184,251,209,3,44,253,133,6,98,6,123,247,113,187,0,136,0,242,1,52,0,132,0,57,0,25,0,15,0,11,
0,226,0,58,23,200,251,209,3,44,253,133,6,225,7,31,247,11,187,0,136,0,247,1,50,0,132,0,58,0,26,0,16,0,12,
0,254,0,157,22,211,251,209,3,44,253,133,6,142,9,146,247,0,187,0,136,0,253,1,48,0,132,0,58,0,25,0,16,0,12,
0,254,0,157,22,211,251,209,3,44,253,133,6,142,9,146,247,49,187,0,136,1,3,1,46,0,131,0,57,0,23,0,16,0,12,
0,58,1,21,22,232,251,209,3,44,253,133,6,54,11,59,247,49,187,0,137,1,8,1,43,0,130,0,57,0,24,0,15,0,12,
0,48,1,96,21,38,252,209,3,44,253,133,6,213,11,64,247,101,187,0,137,1,14,1,41,0,129,0,56,0,23,0,15,0,12,
0,108,1,163,20,74,252,209,3,44,253,133,6,26,14,240,247,18,190,0,137,1,18,1,38,0,129,0,57,0,25,0,16,0,12,
0,108,1,163,20,74,252,209,3,44,253,133,6,127,16,60,248,133,190,0,137,1,22,1,35,0,127,0,56,0,24,0,15,0,12,
0,193,1,167,19,125,252,209,3,44,253,133,6,127,16,60,248,133,190,0,138,1,26,1,32,0,126,0,56,0,24,0,15,0,12,
0,234,1,144,18,220,252,209,3,44,253,133,6,168,17,37,248,162,188,0,138,1,29,1,29,0,124,0,55,0,25,0,15,0,12,
0,234,1,144,18,66,253,209,3,44,253,95,7,184,17,95,248,61,190,0,139,1,30,1,26,0,124,0,55,0,26,0,16,0,12,
0,255,1,55,17,66,253,48,3,41,253,95,7,235,18,134,247,67,191,0,139,1,31,1,23,0,122,0,55,0,25,0,15,0,12,
0,65,2,223,15,169,253,48,3,41,253,95,7,235,18,188,246,51,191,0,139,1,31,1,20,0,121,0,54,0,25,0,16,0,12,
0,116,2,153,14,237,253,48,3,41,253,95,7,150,19,188,246,51,191,0,140,1,31,1,18,0,119,0,53,0,24,0,15,0,12,
0,116,2,153,14,237,253,48,3,41,253,95,7,80,19,191,245,13,189,0,140,1,30,1,16,0,118,0,53,0,24,0,15,0,12,
0,117,2,93,13,14,254,48,3,41,253,95,7,197,18,142,245,78,190,0,142,1,30,1,14,0,116,0,52,0,21,0,14,0,11,
0,81,2,47,12,50,254,48,3,41,253,95,7,240,18,217,244,230,190,0,142,1,30,1,11,0,116,0,52,0,23,0,14,0,12,
0,9,2,54,11,81,254,48,3,41,253,95,7,240,18,217,244,230,190,0,142,1,29,1,10,0,115,0,51,0,23,0,15,0,12,
0,9,2,54,11,81,254,48,3,41,253,95,7,40,20,148,244,244,191,0,144,1,28,1,9,0,114,0,50,0,22,0,14,0,11,
0,185,1,6,10,120,254,48,3,41,253,95,7,129,21,151,244,5,190,0,144,1,26,1,8,0,112,0,49,0,21,0,14,0,12,
0,123,1,187,8,156,254,48,3,41,253,95,7,154,21,75,245,245,189,0,145,1,24,1,7,0,111,0,49,0,21,0,13,0,11,
0,55,1,120,7,207,254,254,2,32,253,83,7,154,21,190,244,85,190,0,145,1,22,1,5,0,111,0,49,0,22,0,14,0,12,
0,55,1,120,7,207,254,254,2,32,253,83,7,116,22,190,244,85,190,0,146,1,19,1,5,0,111,0,49,0,22,0,14,0,11,
0,212,0,20,6,15,255,254,2,32,253,83,7,8,22,71,245,41,190,0,146,1,17,1,4,0,110,0,48,0,21,0,14,0,11,
0,135,0,177,4,78,255,254,2,32,253,83,7,37,21,49,245,136,190,0,147,1,14,1,3,0,110,0,48,0,22,0,14,0,11,
0,135,0,177,4,121,255,254,2,32,253,83,7,153,20,218,244,187,189,0,148,1,11,1,3,0,108,0,47,0,21,0,13,0,11,
0,56,0,90,3,121,255,254,2,32,253,83,7,153,20,218,244,180,187,0,148,1,8,1,2,0,109,0,47,0,21,0,14,0,11,
0,228,255,55,2,147,255,254,2,32,253,83,7,1,20,69,244,180,187,0,148,1,5,1,1,0,108,0,47,0,21,0,14,0,11,
0,166,255,116,1,184,255,254,2,32,253,83,7,184,18,160,244,140,188,0,148,1,3,1,0,0,107,0,46,0,20,0,13,0,11,
0,166,255,116,1,184,255,254,2,32,253,83,7,95,18,19,245,9,190,0,149,1,1,1,0,0,107,0,46,0,20,0,13,0,11,
0,109,255,182,0,185,255,254,2,32,253,83,7,95,18,3,245,247,189,0,149,0,255,0,255,0,107,0,47,0,23,0,14,0,12,
0,33,255,242,255,234,255,155,2,57,253,73,6,180,18,3,245,247,189,0,150,0,254,0,254,0,107,0,46,0,22,0,14,0,11,
0,217,254,1,255,36,0,155,2,57,253,73,6,77,19,226,244,169,189,0,151,0,251,0,253,0,106,0,46,0,22,0,14,0,12,
0,217,254,1,255,36,0,155,2,57,253,73,6,117,17,200,245,5,187,0,152,0,250,0,252,0,105,0,45,0,20,0,13,0,11,
0,179,254,251,253,68,0,155,2,57,253,73,6,237,15,141,246,142,189,0,153,0,248,0,251,0,105,0,40,0,21,0,14,0,12,
0,151,254,249,252,81,0,155,2,57,253,73,6,237,15,141,246,15,190,0,154,0,247,0,250,0,104,0,41,0,20,0,14,0,11,
0,140,254,14,252,125,0,155,2,57,253,73,6,253,15,44,246,15,190,0,155,0,245,0,248,0,104,0,42,0,20,0,14,0,11,
0,140,254,14,252,125,0,155,2,57,253,73,6,182,14,128,245,194,186,0,156,0,243,0,246,0,103,0,42,0,20,0,14,0,11,
0,147,254,20,251,157,0,155,2,57,253,73,6,80,12,194,245,72,188,0,158,0,243,0,244,0,102,0,42,0,19,0,13,0,11,
0,124,254,98,250,198,0,155,2,57,253,73,6,40,11,186,245,202,189,0,159,0,241,0,241,0,102,0,43,0,20,0,14,0,12,
0,124,254,98,250,245,0,155,2,57,253,73,6,40,11,186,245,202,189,0,162,0,241,0,239,0,100,0,42,0,17,0,13,0,11,
0,92,254,212,249,245,0,203,2,66,253,166,6,147,10,9,245,125,189,0,164,0,240,0,236,0,100,0,43,0,19,0,13,0,11,
0,11,254,61,249,250,0,203,2,66,253,166,6,0,10,163,244,194,188,0,166,0,240,0,233,0,99,0,43,0,19,0,13,0,11,
0,213,253,147,248,253,0,203,2,66,253,166,6,151,8,51,245,53,189,0,169,0,239,0,230,0,97,0,41,0,18,0,13,0,11,
0,213,253,147,248,253,0,203,2,66,253,166,6,151,8,194,245,93,190,0,172,0,239,0,226,0,96,0,42,0,19,0,13,0,12,
0,159,253,213,247,14,1,203,2,66,253,166,6,166,8,194,245,93,190,0,177,0,239,0,223,0,94,0,41,0,20,0,13,0,11,
0,154,253,33,247,21,1,203,2,66,253,166,6,185,8,213,245,5,189,0,180,0,238,0,220,0,94,0,41,0,20,0,14,0,12,
0,103,253,124,246,30,1,203,2,66,253,166,6,68,7,182,245,195,188,0,184,0,238,0,217,0,92,0,40,0,20,0,14,0,11,
0,103,253,124,246,30,1,203,2,66,253,166,6,251,5,42,246,240,188,0,189,0,236,0,214,0,91,0,40,0,19,0,13,0,11,
0,47,253,208,245,84,1,203,2,66,253,166,6,251,5,42,246,59,190,0,193,0,235,0,211,0,89,0,39,0,18,0,13,0,11,
0,15,253,48,245,44,1,203,2,66,253,166,6,168,4,38,246,59,190,0,197,0,234,0,207,0,88,0,39,0,17,0,13,0,11,
0,223,252,48,244,56,1,31,3,52,253,207,5,80,4,186,245,19,190,0,201,0,233,0,203,0,86,0,38,0,17,0,12,0,11,
0,223,252,181,244,56,1,31,3,52,253,207,5,58,3,104,245,159,188,0,206,0,232,0,200,0,85,0,37,0,17,0,13,0,11,
0,183,252,106,244,86,1,31,3,52,253,207,5,58,3,113,245,91,187,0,211,0,232,0,196,0,83,0,36,0,16,0,12,0,11,
0,136,252,65,244,81,1,31,3,52,253,207,5,104,1,113,245,91,187,0,215,0,231,0,192,0,81,0,36,0,17,0,13,0,11,
0,136,252,65,244,32,1,31,3,52,253,207,5,60,0,210,245,32,189,0,220,0,232,0,189,0,79,0,35,0,17,0,12,0,11,
0,62,252,8,244,32,1,31,3,52,253,207,5,6,1,73,246,11,191,0,224,0,231,0,186,0,79,0,39,0,19,0,12,0,11,
0,14,252,208,243,3,1,31,3,52,253,207,5,138,1,164,246,21,189,0,228,0,230,0,183,0,77,0,37,0,18,0,12,0,11,
0,7,252,166,243,254,0,31,3,52,253,207,5,138,1,164,246,101,187,0,233,0,231,0,180,0,75,0,35,0,17,0,12,0,10,
0,7,252,166,243,254,0,31,3,52,253,207,5,27,1,171,246,101,187,0,237,0,230,0,177,0,73,0,35,0,18,0,12,0,11,
0,23,252,91,243,239,0,31,3,52,253,207,5,2,0,91,247,55,187,0,241,0,231,0,175,0,72,0,33,0,14,0,12,0,10,
0,231,251,7,243,216,0,31,3,52,253,207,5,228,254,103,247,82,186,0,245,0,230,0,171,0,71,0,33,0,16,0,12,0,11,
0,206,251,177,242,183,0,111,3,24,253,250,6,229,253,152,247,152,188,0,248,0,229,0,169,0,69,0,32,0,16,0,12,0,11,
0,206,251,177,242,183,0,111,3,24,253,250,6,229,253,152,247,152,188,0,252,0,229,0,166,0,67,0,30,0,14,0,11,0,11,
0,176,251,138,242,176,0,111,3,24,253,250,6,15,253,127,247,165,187,0,255,0,228,0,163,0,67,0,30,0,15,0,12,0,11,
0,143,251,139,242,183,0,111,3,24,253,250,6,29,252,94,247,96,187,1,3,0,229,0,161,0,64,0,29,0,14,0,11,0,11,
0,132,251,139,242,150,0,111,3,24,253,250,6,71,251,142,247,55,187,1,5,0,229,0,158,0,63,0,29,0,17,0,12,0,11,
0,132,251,159,242,150,0,111,3,24,253,250,6,71,251,142,247,148,186,1,8,0,230,0,156,0,63,0,28,0,16,0,12,0,11,
0,118,251,216,242,73,0,111,3,24,253,250,6,242,250,120,247,148,186,1,10,0,230,0,155,0,61,0,27,0,16,0,12,0,11,
0,87,251,12,243,65,0,111,3,24,253,250,6,184,250,205,247,135,185,1,13,0,230,0,153,0,60,0,27,0,15,0,12,0,11,
0,87,251,12,243,72,0,111,3,24,253,250,6,165,249,152,248,120,186,1,16,0,232,0,152,0,59,0,26,0,14,0,11,0,10,
0,97,251,28,243,72,0,111,3,24,253,250,6,75,249,123,249,25,188,1,17,0,231,0,151,0,59,0,26,0,14,0,12,0,11,
0,98,251,36,243,52,0,165,3,227,252,71,7,75,249,123,249,25,188,1,19,0,232,0,150,0,58,0,26,0,14,0,11,0,11,
0,74,251,68,243,54,0,165,3,227,252,71,7,226,248,91,249,225,187,1,21,0,231,0,149,0,56,0,25,0,14,0,11,0,11,
0,74,251,68,243,54,0,165,3,227,252,71,7,228,248,56,249,79,186,1,22,0,232,0,149,0,56,0,24,0,13,0,11,0,10,
0,107,251,103,243,51,0,165,3,227,252,71,7,46,247,98,249,39,184,1,23,0,231,0,148,0,56,0,25,0,14,0,12,0,11,
0,92,251,142,243,30,0,165,3,227,252,71,7,46,247,79,249,236,185,1,23,0,231,0,148,0,55,0,24,0,14,0,11,0,11,
0,103,251,231,243,19,0,165,3,227,252,71,7,155,245,79,249,236,185,1,24,0,232,0,148,0,55,0,24,0,14,0,11,0,11,
0,103,251,231,243,19,0,165,3,227,252,71,7,223,244,230,249,25,186,1,25,0,232,0,148,0,55,0,23,0,13,0,11,0,10,
0,107,251,83,244,4,0,165,3,227,252,71,7,39,244,227,249,78,187,1,25,0,233,0,148,0,54,0,23,0,14,0,11,0,11,
0,123,251,203,244,214,255,165,3,227,252,71,7,182,244,165,249,4,186,1,25,0,234,0,148,0,54,0,23,0,13,0,11,0,11,
0,156,251,203,244,215,255,165,3,227,252,71,7,182,244,165,249,29,184,1,25,0,235,0,148,0,54,0,24,0,14,0,11,0,11,
0,156,251,97,245,215,255,14,4,231,252,167,6,56,243,226,249,29,184,1,25,0,236,0,149,0,54,0,24,0,14,0,12,0,11,
0,124,251,219,245,187,255,14,4,231,252,167,6,38,243,14,251,2,188,1,25,0,237,0,149,0,54,0,23,0,13,0,11,0,11,
0,121,251,74,246,152,255,14,4,231,252,167,6,244,243,63,251,148,187,1,24,0,237,0,150,0,55,0,24,0,14,0,11,0,11,
0,121,251,74,246,180,255,14,4,231,252,167,6,244,243,167,250,137,184,1,24,0,239,0,151,0,54,0,23,0,13,0,11,0,10,
0,152,251,185,246,180,255,14,4,231,252,167,6,56,243,167,250,137,184,1,23,0,239,0,151,0,55,0,24,0,14,0,11,0,11,
0,153,251,20,247,169,255,14,4,231,252,167,6,16,241,3,251,219,184,1,23,0,239,0,151,0,55,0,24,0,14,0,11,0,11,
0,190,251,143,247,150,255,14,4,231,252,167,6,230,240,122,251,37,188,1,22,0,239,0,152,0,55,0,23,0,13,0,11,0,11,
0,190,251,143,247,150,255,14,4,231,252,167,6,215,240,10,251,164,186,1,21,0,240,0,153,0,55,0,24,0,13,0,11,0,11,
0,246,251,14,248,116,255,14,4,231,252,167,6,215,240,10,251,5,186,1,19,0,240,0,153,0,55,0,24,0,14,0,12,0,11,
0,59,252,155,248,60,255,14,4,231,252,167,6,18,240,234,250,5,186,1,18,0,241,0,154,0,55,0,24,0,14,0,11,0,11,
0,17,252,126,249,39,255,7,4,203,252,34,7,223,239,242,250,14,185,1,16,0,241,0,155,0,56,0,24,0,14,0,11,0,11,
0,17,252,126,249,39,255,7,4,203,252,34,7,252,239,127,251,132,187,1,15,0,242,0,156,0,56,0,24,0,13,0,11,0,11,
0,154,251,33,250,51,255,7,4,203,252,34,7,136,239,131,251,194,185,1,13,0,243,0,157,0,56,0,24,0,13,0,11,0,11,
0,143,251,193,250,53,255,7,4,203,252,34,7,136,239,131,251,194,185,1,11,0,243,0,157,0,57,0,25,0,14,0,12,0,11,
0,143,251,193,250,21,255,7,4,203,252,34,7,6,240,18,252,84,186,1,9,0,243,0,158,0,57,0,25,0,14,0,11,0,11,
0,248,251,96,251,21,255,7,4,203,252,34,7,2,240,73,252,74,187,1,8,0,244,0,159,0,57,0,25,0,14,0,11,0,11,
0,50,252,2,252,247,254,7,4,203,252,34,7,21,240,23,252,3,186,1,6,0,244,0,161,0,58,0,24,0,11,0,11,0,10,
0,53,252,144,252,229,254,7,4,203,252,34,7,21,240,23,251,139,185,1,4,0,244,0,162,0,58,0,25,0,13,0,11,0,11,
0,53,252,144,252,190,254,7,4,203,252,34,7,116,240,229,251,139,185,1,2,0,244,0,164,0,58,0,25,0,12,0,11,0,10,
0,45,252,30,253,190,254,7,4,203,252,34,7,68,239,21,252,251,184,0,255,0,244,0,165,0,60,0,26,0,13,0,11,0,11,
0,42,252,187,253,152,254,7,4,203,252,34,7,114,238,47,252,190,186,0,253,0,244,0,166,0,60,0,26,0,13,0,11,0,11,
0,48,252,58,254,133,254,82,4,179,252,208,6,63,239,145,251,249,187,0,251,0,245,0,168,0,61,0,25,0,13,0,11,0,11,
0,48,252,58,254,133,254,82,4,179,252,208,6,63,239,145,251,249,187,0,249,0,246,0,169,0,61,0,26,0,14,0,11,0,11,
0,116,252,239,254,95,254,82,4,179,252,208,6,112,240,168,251,110,187,0,247,0,247,0,171,0,62,0,26,0,12,0,11,0,10,
0,136,252,145,255,74,254,82,4,179,252,208,6,20,241,255,250,71,185,0,244,0,247,0,172,0,63,0,27,0,13,0,11,0,11,
0,179,252,23,0,37,254,82,4,179,252,208,6,112,240,149,251,10,186,0,241,0,247,0,174,0,63,0,27,0,13,0,11,0,11,
0,179,252,23,0,37,254,82,4,179,252,208,6,112,240,253,251,192,187,0,239,0,248,0,175,0,63,0,27,0,13,0,11,0,10,
0,192,252,156,0,24,254,82,4,179,252,208,6,105,241,253,251,192,187,0,238,0,248,0,177,0,65,0,27,0,16,0,12,0,11,
0,156,252,11,1,4,254,82,4,179,252,208,6,51,242,44,252,90,188,0,235,0,249,0,178,0,65,0,27,0,14,0,11,0,11,
0,156,252,11,1,212,253,82,4,179,252,208,6,31,243,154,251,177,187,0,232,0,248,0,180,0,66,0,27,0,15,0,11,0,11,
0,117,252,103,1,212,253,82,4,179,252,208,6,66,243,104,251,193,185,0,230,0,248,0,181,0,67,0,28,0,15,0,12,0,11,
0,142,252,208,1,194,253,36,4,180,252,39,7,66,243,104,251,97,187,0,227,0,248,0,182,0,67,0,28,0,14,0,11,0,11,
0,139,252,37,2,173,253,36,4,180,252,39,7,29,243,97,251,97,187,0,225,0,248,0,183,0,68,0,28,0,16,0,12,0,11,
0,139,252,37,2,152,253,36,4,180,252,39,7,75,243,0,251,1,188,0,223,0,248,0,185,0,68,0,28,0,15,0,11,0,11,
0,115,252,129,2,152,253,36,4,180,252,39,7,245,243,213,250,19,188,0,220,0,248,0,185,0,69,0,29,0,16,0,12,0,11,
0,130,252,237,2,131,253,36,4,180,252,39,7,245,243,137,250,0,188,0,218,0,248,0,187,0,70,0,29,0,15,0,12,0,11,
0,161,252,88,3,92,253,36,4,180,252,39,7,99,244,137,250,0,188,0,216,0,248,0,188,0,69,0,29,0,15,0,11,0,11,
0,161,252,88,3,92,253,36,4,180,252,39,7,206,245,139,250,117,189,0,214,0,248,0,189,0,70,0,29,0,15,0,11,0,11,
0,121,252,201,3,85,253,36,4,180,252,39,7,70,246,127,250,185,187,0,212,0,248,0,190,0,72,0,30,0,16,0,12,0,11,
0,79,252,29,4,87,253,36,4,180,252,39,7,252,246,172,250,117,187,0,210,0,248,0,191,0,72,0,30,0,15,0,12,0,11,
0,106,252,74,4,100,253,36,4,180,252,39,7,252,246,172,250,43,189,0,208,0,248,0,192,0,72,0,30,0,14,0,12,0,11,
0,106,252,74,4,100,253,233,3,189,252,15,7,129,247,13,251,43,189,0,207,0,249,0,194,0,72,0,24,0,12,0,12,0,11,
0,138,252,72,4,92,253,233,3,189,252,15,7,129,248,133,250,163,189,0,205,0,248,0,195,0,73,0,27,0,14,0,12,0,11,
0,104,252,97,4,100,253,233,3,189,252,15,7,144,248,25,250,158,188,0,204,0,248,0,196,0,74,0,28,0,13,0,11,0,11,
0,104,252,97,4,85,253,233,3,189,252,15,7,46,248,193,249,124,188,0,201,0,248,0,197,0,75,0,30,0,14,0,12,0,11,
0,108,252,132,4,85,253,233,3,189,252,15,7,46,248,193,249,124,188,0,197,0,249,0,200,0,75,0,30,0,14,0,12,0,11,
0,110,252,173,4,69,253,233,3,189,252,15,7,218,247,178,249,69,189,0,174,1,5,0,208,0,76,0,30,0,16,0,12,0,11,
0,102,252,203,4,72,253,233,3,189,252,15,7,234,248,246,246,217,192,0,133,1,36,0,237,0,81,0,31,0,15,0,12,0,11,
0,102,252,203,4,72,253,233,3,189,252,15,7,231,251,165,234,104,198,0,136,1,75,1,57,0,92,0,34,0,16,0,12,0,11,
0,140,252,199,4,25,253,233,3,189,252,15,7,231,251,82,218,207,213,1,94,1,80,1,87,0,105,0,37,0,18,0,12,0,10,
0,186,253,159,4,182,251,233,3,189,252,15,7,8,22,82,218,207,213,1,76,1,81,1,87,0,112,0,40,0,18,0,12,0,10,
0,253,255,114,4,161,248,6,4,171,252,24,7,218,38,35,237,188,231,0,149,1,82,1,87,0,117,0,42,0,17,0,11,0,9,
0,253,255,114,4,161,248,6,4,171,252,24,7,229,51,249,224,208,250,0,133,1,77,1,70,0,122,0,46,0,17,0,11,0,9,
0,119,4,159,2,27,246,6,4,171,252,24,7,208,43,175,249,250,30,0,135,1,62,0,240,0,115,0,45,0,19,0,12,0,10,
0,4,12,44,253,184,244,6,4,171,252,24,7,208,43,175,249,250,21,0,135,1,11,0,142,0,101,0,43,0,17,0,12,0,12,
0,6,20,4,245,105,246,6,4,171,252,24,7,202,42,163,17,221,21,0,136,0,181,0,132,0,92,0,45,0,21,0,15,0,13,
0,6,20,4,245,105,246,6,4,171,252,24,7,125,26,10,32,197,21,0,136,0,138,0,132,0,83,0,42,0,20,0,14,0,13,
0,90,26,74,241,57,252,6,4,171,252,24,7,202,16,80,25,213,9,0,137,0,134,0,133,0,75,0,38,0,19,0,14,0,15,
0,155,29,123,244,32,5,6,4,171,252,24,7,202,16,167,15,219,37,0,138,0,136,0,135,0,70,0,37,0,19,0,14,0,15,
0,155,29,123,244,12,12,6,4,171,252,24,7,203,10,167,15,219,37,0,139,0,145,0,138,0,68,0,37,0,20,0,16,0,14,
0,74,31,121,249,12,12,6,4,171,252,24,7,24,7,210,4,97,34,0,142,0,168,0,136,0,63,0,33,0,18,0,14,0,14,
0,159,32,164,252,175,13,6,4,171,252,24,7,91,250,208,6,81,24,0,146,0,164,0,132,0,58,0,29,0,15,0,12,0,13,
0,111,33,235,253,69,10,243,3,134,253,63,6,3,251,38,3,131,249,0,155,0,144,0,132,0,56,0,28,0,14,0,12,0,11,
0,111,33,235,253,69,4,243,3,134,253,63,6,3,251,38,3,28,233,0,173,0,134,0,132,0,55,0,31,0,16,0,12,0,10,
0,25,32,90,255,116,4,243,3,134,253,63,6,22,222,110,235,28,233,0,195,0,133,0,132,0,52,0,27,0,13,0,11,0,11,
0,45,27,84,0,162,255,243,3,134,253,63,6,208,207,201,233,130,218,0,217,0,133,0,134,0,51,0,25,0,12,0,11,0,11,
0,136,18,176,0,116,254,243,3,134,253,63,6,170,187,69,229,51,206,0,239,0,133,0,141,0,50,0,24,0,12,0,10,0,9,
0,136,18,176,0,116,254,243,3,134,253,63,6,22,187,165,220,210,197,0,252,0,134,1,91,0,73,0,27,0,15,0,11,0,9,
0,227,7,229,0,148,0,243,3,134,253,63,6,22,187,165,220,210,197,1,0,0,135,1,82,0,86,0,29,0,14,0,11,0,10,
0,65,252,161,0,97,3,243,3,134,253,63,6,198,195,36,210,95,183,0,254,0,136,1,81,0,96,0,31,0,13,0,9,0,8,
0,142,241,217,255,231,3,243,3,134,253,63,6,134,204,137,209,78,165,0,243,0,139,1,80,0,106,0,35,0,16,0,11,0,8,
0,142,241,217,255,231,3,243,3,134,253,63,6,95,218,220,219,243,152,0,233,0,144,1,79,0,113,0,39,0,14,0,11,0,8,
0,124,233,93,254,99,2,246,3,129,253,228,6,95,218,220,241,57,148,0,219,0,187,1,78,0,117,0,40,0,14,0,10,0,9,
0,11,229,234,251,185,255,246,3,129,253,228,6,2,234,205,241,57,148,0,201,1,84,1,75,0,123,0,44,0,17,0,12,0,11,
0,11,229,234,251,53,253,246,3,129,253,228,6,21,245,132,3,74,139,0,189,1,79,1,70,0,127,0,48,0,20,0,13,0,11,
0,128,228,236,248,53,253,246,3,129,253,228,6,28,0,194,12,43,131,0,180,1,77,1,62,0,129,0,49,0,22,0,13,0,12,
0,108,231,233,245,126,252,246,3,129,253,228,6,59,10,83,15,133,129,0,175,1,75,1,42,0,126,0,49,0,19,0,12,0,12,
0,45,237,28,244,214,253,246,3,129,253,228,6,59,10,83,15,133,129,0,172,1,75,1,5,0,123,0,51,0,21,0,13,0,11,
0,45,237,28,244,214,253,246,3,129,253,228,6,130,9,238,18,122,138,0,172,1,73,0,211,0,117,0,52,0,25,0,15,0,12,
0,191,244,216,243,68,0,246,3,129,253,228,6,58,5,243,22,103,147,0,175,1,73,0,157,0,104,0,49,0,23,0,14,0,11,
0,20,253,59,244,157,2,246,3,129,253,228,6,77,5,48,30,156,167,0,179,1,72,0,136,0,92,0,46,0,20,0,14,0,12,
0,198,4,59,245,179,3,246,3,129,253,228,6,77,5,181,33,243,188,0,187,1,72,0,133,0,84,0,44,0,21,0,14,0,11,
0,198,4,59,245,179,3,93,4,87,253,144,6,135,255,181,33,243,188,0,193,1,70,0,133,0,77,0,42,0,21,0,14,0,12,
0,104,11,149,246,46,3,93,4,87,253,144,6,238,250,127,31,46,205,0,198,1,68,0,133,0,70,0,37,0,18,0,13,0,11,
0,57,16,94,248,3,2,93,4,87,253,144,6,11,250,119,29,234,211,0,202,1,66,0,133,0,67,0,36,0,18,0,14,0,12,
0,37,19,14,251,31,1,93,4,87,253,144,6,84,244,218,22,221,216,0,214,1,61,0,133,0,63,0,35,0,19,0,14,0,12,
0,37,19,14,251,31,1,93,4,87,253,144,6,84,244,218,22,137,215,0,225,1,54,0,132,0,59,0,31,0,16,0,13,0,12,
0,94,20,55,254,173,0,93,4,87,253,144,6,82,237,176,7,137,215,0,231,1,43,0,133,0,56,0,28,0,16,0,13,0,12,
0,129,19,227,0,202,0,93,4,87,253,144,6,48,244,8,0,201,218,0,240,1,30,0,134,0,55,0,28,0,15,0,12,0,11,
0,129,19,227,0,249,0,93,4,87,253,144,6,26,246,108,247,121,214,0,250,1,16,0,135,0,54,0,27,0,15,0,12,0,11,
0,248,16,99,3,249,0,93,4,87,253,144,6,26,246,176,238,82,212,1,3,0,255,0,136,0,52,0,25,0,14,0,12,0,11,
0,28,13,121,5,123,1,93,4,87,253,144,6,214,248,176,238,82,212,1,12,0,239,0,140,0,51,0,23,0,12,0,11,0,11,
0,118,8,100,6,111,2,53,4,172,253,186,6,22,253,209,228,3,205,1,23,0,224,0,154,0,54,0,24,0,16,0,12,0,11,
0,118,8,100,6,111,2,53,4,172,253,186,6,171,255,241,222,134,200,1,33,0,211,0,221,0,61,0,25,0,14,0,12,0,11,
0,203,3,192,5,67,3,53,4,172,253,186,6,36,2,22,221,11,198,1,44,0,200,1,59,0,77,0,27,0,15,0,12,0,12,
0,35,0,184,3,167,3,53,4,172,253,186,6,36,2,22,221,231,194,1,56,0,190,1,77,0,90,0,31,0,14,0,12,0,11,
0,177,253,178,0,160,3,53,4,172,253,186,6,69,5,102,221,231,194,1,63,0,181,1,75,0,100,0,35,0,16,0,12,0,10,
0,177,253,178,0,160,3,53,4,172,253,186,6,54,5,174,223,11,189,1,67,0,175,1,75,0,108,0,37,0,16,0,11,0,10,
0,40,252,177,253,88,3,53,4,172,253,186,6,213,3,100,225,75,190,1,68,0,171,1,75,0,115,0,40,0,16,0,12,0,11,
0,192,251,65,251,238,2,53,4,172,253,186,6,85,3,116,227,237,192,1,67,0,171,1,74,0,120,0,43,0,18,0,12,0,11,
0,111,252,158,249,85,2,53,4,172,253,186,6,85,3,116,227,237,192,1,66,0,171,1,73,0,125,0,46,0,19,0,13,0,11,
0,111,252,158,249,85,2,53,4,172,253,186,6,89,4,173,229,24,193,1,69,0,172,1,73,0,128,0,51,0,20,0,13,0,11,
0,111,253,250,248,222,1,53,4,172,253,74,7,28,3,200,232,128,193,1,69,0,174,1,72,0,130,0,53,0,21,0,14,0,12,
0,33,254,49,249,148,1,128,4,132,253,74,7,145,3,147,235,166,198,1,65,0,175,1,72,0,133,0,54,0,22,0,14,0,11,
0,33,254,49,249,136,1,128,4,132,253,74,7,145,3,160,237,119,200,1,61,0,174,1,70,0,136,0,56,0,24,0,15,0,12,
0,6,255,14,250,136,1,128,4,132,253,74,7,239,2,160,237,119,200,1,60,0,174,1,68,0,135,0,56,0,23,0,14,0,12,
0,15,0,124,251,185,1,128,4,132,253,74,7,56,2,192,237,40,200,1,58,0,173,1,68,0,136,0,57,0,24,0,15,0,12,
0,211,0,14,253,254,1,128,4,132,253,74,7,177,0,194,237,140,199,1,57,0,174,1,67,0,137,0,58,0,25,0,16,0,12,
0,211,0,14,253,254,1,128,4,132,253,74,7,18,255,184,236,237,198,1,57,0,174,1,64,0,136,0,58,0,24,0,14,0,11,
0,53,1,175,254,54,2,128,4,132,253,74,7,18,255,184,236,237,200,1,57,0,173,1,62,0,136,0,58,0,26,0,15,0,12,
0,35,1,29,0,118,2,128,4,132,253,74,7,223,252,6,236,67,200,1,59,0,172,1,60,0,136,0,58,0,27,0,16,0,12,
0,249,0,48,1,194,2,128,4,132,253,74,7,150,251,137,234,21,200,1,88,0,171,1,57,0,136,0,59,0,27,0,16,0,12,
0,249,0,48,1,194,2,128,4,132,253,74,7,236,250,134,233,100,196,1,86,0,170,1,52,0,135,0,59,0,26,0,16,0,12,
0,129,0,185,1,248,2,145,4,156,253,236,6,236,250,59,233,96,195,1,91,0,167,1,46,0,133,0,57,0,23,0,14,0,11,
0,190,255,123,1,6,3,145,4,156,253,236,6,113,250,59,233,96,195,1,75,0,163,1,38,0,132,0,59,0,25,0,16,0,12,
0,24,255,123,0,6,3,145,4,156,253,236,6,88,249,82,233,198,190,1,72,0,159,1,29,0,129,0,58,0,27,0,16,0,12,
0,24,255,194,0,6,3,145,4,156,253,236,6,64,248,163,233,48,189,1,72,0,154,1,19,0,125,0,56,0,25,0,15,0,12,
0,139,254,199,255,234,2,145,4,156,253,236,6,171,247,131,232,128,188,1,71,0,150,1,4,0,122,0,56,0,23,0,15,0,12,
0,37,254,155,254,210,2,145,4,156,253,236,6,171,247,131,232,177,186,1,69,0,147,0,245,0,118,0,54,0,25,0,15,0,12,
0,37,254,155,254,158,2,145,4,156,253,236,6,125,247,112,231,177,186,1,68,0,144,0,227,0,113,0,53,0,23,0,15,0,12,
0,136,253,43,253,158,2,145,4,156,253,236,6,154,246,164,230,62,184,1,68,0,141,0,208,0,106,0,51,0,24,0,15,0,12,
0,243,252,204,251,50,2,145,4,156,253,236,6,55,246,34,230,119,185,1,68,0,140,0,188,0,99,0,47,0,23,0,14,0,11,
0,93,252,148,250,142,1,145,4,156,253,236,6,23,247,228,229,168,183,1,68,0,139,0,168,0,92,0,46,0,20,0,14,0,11,
0,93,252,148,250,142,1,148,4,82,253,148,7,23,247,228,229,168,183,1,67,0,138,0,152,0,85,0,43,0,23,0,15,0,12,
0,200,251,132,249,12,1,148,4,82,253,148,7,24,246,142,230,185,183,1,67,0,137,0,143,0,78,0,40,0,18,0,13,0,11,
0,27,251,160,248,126,0,148,4,82,253,148,7,99,244,51,231,51,184,1,67,0,137,0,138,0,72,0,38,0,19,0,13,0,11,
0,207,250,28,248,242,255,148,4,82,253,148,7,179,244,94,232,251,182,1,67,0,137,0,136,0,67,0,35,0,17,0,13,0,11,
0,207,250,28,248,242,255,148,4,82,253,148,7,179,244,94,233,120,180,1,66,0,137,0,134,0,63,0,33,0,16,0,13,0,11,
0,105,250,8,248,78,255,148,4,82,253,148,7,31,243,157,233,120,180,1,67,0,137,0,135,0,59,0,29,0,15,0,11,0,10,
0,205,249,110,248,216,254,148,4,82,253,148,7,38,242,253,235,43,182,1,66,0,137,0,134,0,58,0,29,0,16,0,12,0,11,
0,96,249,110,248,91,254,148,4,82,253,148,7,88,242,196,237,166,182,1,65,0,138,0,134,0,55,0,22,0,14,0,12,0,11,
0,96,249,236,248,91,254,148,4,82,253,148,7,248,242,14,239,183,180,1,66,0,138,0,135,0,53,0,22,0,12,0,11,0,11,
0,34,249,123,249,186,253,148,4,82,253,148,7,248,242,14,239,183,180,1,67,0,139,0,134,0,51,0,22,0,11,0,11,0,10,
0,239,248,255,249,72,253,213,4,65,253,144,6,173,242,35,241,103,179,1,66,0,139,0,134,0,52,0,23,0,13,0,11,0,11,
0,239,248,255,249,232,252,213,4,65,253,144,6,111,242,230,242,107,179,1,67,0,140,0,134,0,51,0,23,0,12,0,11,0,10,
0,142,248,123,250,232,252,213,4,65,253,144,6,138,241,211,244,162,179,1,67,0,140,0,134,0,49,0,22,0,12,0,11,0,11,
0,80,248,28,251,178,252,213,4,65,253,144,6,138,241,41,247,13,180,1,67,0,141,0,134,0,49,0,22,0,11,0,11,0,10,
0,131,248,216,251,116,252,213,4,65,253,144,6,137,241,41,247,13,180,1,67,0,142,0,134,0,49,0,23,0,12,0,11,0,11,
0,131,248,216,251,116,252,213,4,65,253,144,6,112,241,74,249,51,178,1,67,0,143,0,134,0,48,0,22,0,11,0,11,0,10,
0,181,248,111,252,11,252,213,4,65,253,144,6,96,241,107,251,135,178,1,67,0,144,0,134,0,48,0,22,0,12,0,11,0,11,
0,232,248,241,252,3,252,213,4,65,253,144,6,238,240,222,252,43,177,1,66,0,144,0,134,0,48,0,22,0,12,0,11,0,11,
0,238,248,107,253,222,251,213,4,65,253,144,6,238,240,222,252,69,177,1,65,0,144,0,134,0,48,0,22,0,12,0,11,0,10,
0,238,248,107,253,222,251,213,4,65,253,144,6,201,239,58,255,69,177,1,66,0,145,0,134,0,48,0,22,0,12,0,11,0,11,
0,9,249,21,254,181,251,162,4,62,253,215,6,250,238,0,0,246,177,1,65,0,145,0,133,0,47,0,21,0,11,0,11,0,11,
0,94,249,199,254,139,251,162,4,62,253,215,6,14,238,90,0,156,178,1,63,0,145,0,133,0,48,0,22,0,12,0,11,0,11,
0,209,249,199,254,101,251,162,4,62,253,215,6,14,238,146,0,29,175,1,63,0,145,0,134,0,48,0,22,0,12,0,11,0,11,
0,209,249,181,255,101,251,162,4,62,253,215,6,49,237,146,0,29,175,1,63,0,145,0,135,0,47,0,21,0,11,0,10,0,11,
0,49,250,207,0,79,251,162,4,62,253,215,6,155,235,118,1,149,175,1,62,0,146,0,136,0,47,0,22,0,12,0,11,0,11,
0,84,250,18,2,32,251,162,4,62,253,215,6,243,235,17,2,146,177,1,61,0,147,0,136,0,48,0,22,0,11,0,11,0,10,
0,84,250,18,2,214,250,162,4,62,253,215,6,120,237,186,1,230,177,1,59,0,147,0,137,0,48,0,22,0,12,0,11,0,11,
0,144,250,83,3,214,250,162,4,62,253,215,6,120,237,186,1,117,176,1,58,0,148,0,138,0,48,0,22,0,12,0,11,0,11,
0,212,250,101,4,173,250,162,4,62,253,215,6,117,238,138,1,117,176,1,57,0,148,0,141,0,48,0,21,0,11,0,11,0,10,
0,48,251,96,5,133,250,162,4,62,253,215,6,4,238,228,1,185,175,1,56,0,150,0,144,0,50,0,26,0,15,0,11,0,11,
0,48,251,96,5,133,250,162,4,62,253,215,6,53,239,194,1,172,178,1,54,0,150,0,155,0,51,0,24,0,13,0,11,0,10,
0,99,251,65,6,135,250,134,4,230,252,252,7,222,238,42,1,241,178,1,52,0,151,0,182,0,55,0,25,0,14,0,11,0,11,
0,194,251,241,6,126,250,134,4,230,252,252,7,222,238,42,1,241,178,1,50,0,151,0,225,0,63,0,26,0,13,0,12,0,11,
0,32,252,218,7,124,250,134,4,230,252,252,7,115,238,91,0,114,177,1,47,0,153,1,20,0,74,0,28,0,15,0,11,0,11,
0,32,252,218,7,124,250,134,4,230,252,252,7,174,237,157,255,201,178,1,45,0,154,1,63,0,87,0,31,0,16,0,12,0,12,
0,109,252,187,8,129,250,134,4,230,252,252,7,40,238,13,255,235,180,1,42,0,155,1,72,0,97,0,33,0,14,0,11,0,11,
0,154,252,132,9,101,250,134,4,230,252,252,7,40,238,158,254,137,182,1,39,0,156,1,70,0,106,0,38,0,16,0,12,0,11,
0,154,252,132,9,89,250,134,4,230,252,252,7,120,239,158,254,137,182,1,35,0,157,1,69,0,112,0,40,0,17,0,13,0,12,
0,132,252,91,10,89,250,134,4,230,252,252,7,226,240,6,254,233,181,1,32,0,158,1,68,0,117,0,42,0,17,0,12,0,11,
0,115,252,36,11,96,250,134,4,230,252,252,7,212,241,163,253,15,181,1,29,0,159,1,67,0,122,0,45,0,19,0,13,0,12,
0,102,252,172,11,80,250,134,4,230,252,252,7,221,241,213,253,227,182,1,25,0,161,1,67,0,125,0,47,0,19,0,13,0,11,
0,102,252,172,11,64,250,103,4,7,253,8,7,221,241,213,253,227,186,1,21,0,161,1,65,0,127,0,50,0,20,0,13,0,12,
0,74,252,11,12,64,250,103,4,7,253,8,7,173,243,14,254,251,186,1,17,0,162,1,65,0,129,0,51,0,21,0,14,0,12,
0,26,252,53,12,39,250,103,4,7,253,8,7,125,246,215,252,35,186,1,13,0,162,1,64,0,131,0,52,0,22,0,14,0,11,
0,10,252,19,12,59,250,103,4,7,253,8,7,212,246,67,252,38,183,1,10,0,162,1,63,0,132,0,53,0,24,0,14,0,11,
0,10,252,19,12,59,250,103,4,7,253,8,7,212,246,41,252,25,185,1,5,0,162,1,63,0,133,0,55,0,25,0,15,0,12,
0,251,251,180,11,97,250,103,4,7,253,8,7,110,246,41,252,25,185,1,2,0,162,1,62,0,133,0,55,0,24,0,15,0,12,
0,219,251,103,11,145,250,103,4,7,253,8,7,90,247,101,252,213,187,0,254,0,163,1,62,0,134,0,56,0,25,0,15,0,12,
0,243,251,18,11,147,250,103,4,7,253,8,7,153,248,99,251,101,186,0,251,0,164,1,62,0,134,0,56,0,24,0,15,0,12,
0,243,251,18,11,147,250,103,4,7,253,8,7,235,248,152,250,254,183,0,249,0,165,1,61,0,135,0,57,0,25,0,15,0,12,
0,235,251,232,10,146,250,103,4,7,253,8,7,235,248,152,250,207,184,0,246,0,166,1,61,0,134,0,57,0,24,0,15,0,11,
0,207,251,252,10,170,250,250,3,1,253,239,6,10,248,102,250,207,184,0,242,0,168,1,59,0,136,0,58,0,26,0,16,0,12,
0,207,251,252,10,211,250,250,3,1,253,239,6,166,248,222,250,131,186,0,239,0,169,1,59,0,135,0,58,0,26,0,16,0,12,
0,227,251,225,10,211,250,250,3,1,253,239,6,6,251,225,250,166,187,0,236,0,171,1,58,0,134,0,58,0,25,0,16,0,12,
0,203,251,209,10,0,251,250,3,1,253,239,6,6,252,167,250,113,184,0,234,0,173,1,56,0,134,0,58,0,25,0,16,0,12,
0,225,251,125,10,56,251,250,3,1,253,239,6,134,252,167,250,113,184,0,232,0,175,1,54,0,134,0,57,0,25,0,15,0,11,
0,225,251,125,10,124,251,250,3,1,253,239,6,197,251,200,251,223,183,0,232,0,175,1,51,0,133,0,57,0,25,0,15,0,11,
0,15,252,27,10,124,251,250,3,1,253,239,6,66,246,17,255,90,186,0,235,0,176,1,47,0,132,0,58,0,23,0,15,0,12,
0,113,252,174,9,78,252,250,3,1,253,239,6,88,242,144,0,150,186,0,235,0,179,1,47,0,132,0,58,0,24,0,15,0,12,
0,76,253,59,9,179,253,250,3,1,253,239,6,88,242,144,0,223,184,0,233,0,182,1,46,0,131,0,58,0,25,0,16,0,12,
0,76,253,59,9,179,253,250,3,1,253,239,6,116,243,114,253,223,184,0,232,0,185,1,44,0,130,0,57,0,23,0,14,0,11,
0,253,253,77,9,180,254,255,3,2,253,69,7,85,242,48,253,211,184,0,230,0,186,1,44,0,129,0,57,0,24,0,15,0,11,
0,123,254,155,9,236,254,255,3,2,253,69,7,194,242,216,253,167,187,0,228,0,186,1,42,0,129,0,57,0,25,0,15,0,12,
0,15,255,246,9,242,254,255,3,2,253,69,7,189,244,143,252,37,187,0,227,0,187,1,41,0,128,0,59,0,24,0,15,0,11,
0,15,255,246,9,242,254,255,3,2,253,69,7,189,244,143,252,37,187,0,228,0,185,1,40,0,127,0,58,0,25,0,15,0,12,
0,95,255,13,10,29,255,255,3,2,253,69,7,36,247,217,250,174,187,0,228,0,184,1,41,0,127,0,57,0,24,0,15,0,11,
0,178,255,191,9,81,255,255,3,2,253,69,7,50,247,67,250,177,186,0,227,0,184,1,41,0,127,0,57,0,25,0,15,0,11,
0,178,255,191,9,85,255,255,3,2,253,69,7,142,247,114,250,27,187,0,226,0,184,1,40,0,127,0,56,0,25,0,15,0,12,
0,202,255,100,9,85,255,255,3,2,253,69,7,142,247,99,250,191,186,0,224,0,185,1,41,0,126,0,55,0,24,0,15,0,12,
0,121,255,39,9,57,255,255,3,2,253,69,7,159,246,99,250,191,186,0,221,0,184,1,42,0,127,0,55,0,24,0,15,0,12,
0,106,255,26,9,251,254,255,3,2,253,69,7,42,246,254,249,13,186,0,217,0,184,1,44,0,126,0,55,0,23,0,14,0,11,
0,106,255,26,9,251,254,255,3,2,253,69,7,56,246,12,250,80,187,0,212,0,184,1,45,0,127,0,55,0,24,0,15,0,11,
0,85,255,19,9,159,254,140,3,8,253,104,6,110,248,29,250,69,188,0,208,0,185,1,47,0,127,0,55,0,23,0,14,0,11,
0,32,255,251,8,44,254,140,3,8,253,104,6,110,248,29,250,144,186,0,202,0,185,1,47,0,127,0,55,0,23,0,15,0,11,
0,219,254,5,9,170,253,140,3,8,253,104,6,64,250,207,249,144,186,0,197,0,185,1,48,0,128,0,59,0,27,0,16,0,12,
0,219,254,5,9,170,253,140,3,8,253,104,6,10,251,137,249,66,186,0,191,0,186,1,50,0,128,0,60,0,25,0,15,0,11,
0,171,254,11,9,39,253,140,3,8,253,104,6,224,251,209,249,110,188,0,185,0,185,1,51,0,129,0,59,0,27,0,16,0,12,
0,138,254,230,8,231,252,140,3,8,253,104,6,224,251,170,249,21,190,0,178,0,185,1,53,0,129,0,59,0,27,0,16,0,12,
0,100,254,160,8,194,252,140,3,8,253,104,6,175,253,170,249,21,190,0,172,0,186,1,55,0,130,0,58,0,25,0,15,0,12,
0,100,254,160,8,194,252,140,3,8,253,104,6,88,255,101,249,117,189,0,165,0,186,1,55,0,131,0,58,0,26,0,16,0,12,
0,50,254,9,8,162,252,140,3,8,253,104,6,15,1,215,248,81,187,0,159,0,187,1,57,0,131,0,57,0,25,0,15,0,12,
0,248,253,86,7,139,252,140,3,8,253,104,6,174,0,137,249,55,186,0,153,0,187,1,57,0,132,0,57,0,26,0,16,0,12,
0,248,253,86,7,136,252,46,3,38,253,61,7,174,0,137,249,128,188,0,150,0,188,1,57,0,132,0,58,0,26,0,16,0,12,
0,148,253,127,6,136,252,46,3,38,253,61,7,80,0,22,250,128,188,0,146,0,188,1,56,0,132,0,57,0,26,0,16,0,12,
0,134,253,181,5,135,252,46,3,38,253,61,7,140,0,58,250,110,189,0,144,0,188,1,55,0,132,0,58,0,26,0,16,0,12,
0,135,253,22,5,165,252,46,3,38,253,61,7,150,1,236,249,249,188,0,142,0,189,1,55,0,132,0,57,0,25,0,15,0,12,
0,135,253,22,5,165,252,46,3,38,253,61,7,4,1,166,249,52,186,0,140,0,189,1,54,0,132,0,58,0,26,0,16,0,12,
0,166,253,184,4,195,252,46,3,38,253,61,7,4,1,166,249,52,186,0,139,0,189,1,52,0,132,0,57,0,25,0,16,0,12,
0,157,253,115,4,231,252,46,3,38,253,61,7,235,0,163,249,227,187,0,139,0,190,1,52,0,132,0,57,0,25,0,15,0,12,
0,161,253,38,4,29,253,46,3,38,253,61,7,171,1,11,250,68,188,0,138,0,190,1,52,0,131,0,57,0,25,0,15,0,11,
0,161,253,38,4,29,253,46,3,38,253,61,7,130,2,180,249,40,188,0,137,0,190,1,51,0,132,0,57,0,25,0,15,0,12,
0,211,253,180,3,40,253,46,3,38,253,61,7,130,2,180,249,17,189,0,137,0,190,1,50,0,131,0,57,0,25,0,15,0,12,
0,57,254,64,3,68,253,57,3,0,253,113,7,144,3,245,249,17,189,0,137,0,190,1,50,0,131,0,57,0,25,0,16,0,12,
0,108,254,203,2,93,253,57,3,0,253,113,7,42,3,239,249,202,189,0,137,0,190,1,50,0,130,0,57,0,25,0,15,0,12,
0,108,254,203,2,93,253,57,3,0,253,113,7,98,3,207,249,96,189,0,137,0,191,1,51,0,130,0,56,0,24,0,15,0,12,
0,94,254,106,2,126,253,57,3,0,253,113,7,100,3,29,249,216,188,0,137,0,191,1,50,0,131,0,57,0,25,0,15,0,12,
0,122,254,245,1,193,253,57,3,0,253,113,7,100,3,29,249,216,188,0,137,0,192,1,51,0,131,0,51,0,24,0,16,0,12,
0,122,254,245,1,218,253,57,3,0,253,113,7,27,2,202,248,70,187,0,137,0,193,1,50,0,131,0,52,0,24,0,16,0,13,
0,156,254,143,1,218,253,57,3,0,253,113,7,201,0,243,248,168,189,0,137,0,195,1,51,0,130,0,53,0,23,0,15,0,12,
0,177,254,35,1,221,253,57,3,0,253,113,7,48,1,127,248,54,191,0,138,0,197,1,49,0,130,0,54,0,24,0,16,0,12,
0,185,254,184,0,19,254,57,3,0,253,113,7,48,1,201,247,69,191,0,138,0,198,1,49,0,130,0,54,0,23,0,15,0,12,
0,185,254,184,0,19,254,57,3,0,253,113,7,230,1,201,247,69,191,0,138,0,200,1,48,0,130,0,55,0,24,0,15,0,12,
0,170,254,92,0,80,254,70,3,4,253,129,6,122,2,91,247,41,190,0,138,0,201,1,47,0,130,0,55,0,23,0,15,0,12,
0,187,254,237,255,111,254,70,3,4,253,129,6,32,2,132,247,171,190,0,138,0,203,1,46,0,129,0,55,0,23,0,15,0,12,
0,245,254,111,255,127,254,70,3,4,253,129,6,210,1,236,247,190,190,0,139,0,204,1,44,0,129,0,55,0,23,0,14,0,12,
0,245,254,111,255,127,254,70,3,4,253,129,6,210,1,236,247,31,192,0,139,0,204,1,42,0,129,0,55,0,24,0,15,0,12,
0,245,254,234,254,158,254,70,3,4,253,129,6,163,1,195,247,31,192,0,139,0,205,1,40,0,128,0,58,0,24,0,15,0,12,
0,4,255,74,254,218,254,70,3,4,253,129,6,114,2,217,247,19,193,0,139,0,205,1,36,0,127,0,57,0,25,0,15,0,12,
0,22,255,195,253,235,254,70,3,4,253,129,6,174,1,116,247,133,190,0,140,0,206,1,34,0,126,0,56,0,24,0,15,0,12,
0,22,255,195,253,235,254,70,3,4,253,129,6,174,1,44,247,34,191,0,140,0,205,1,31,0,125,0,56,0,26,0,16,0,12,
0,18,255,42,253,251,254,70,3,4,253,129,6,171,0,44,247,34,191,0,141,0,205,1,27,0,123,0,55,0,25,0,15,0,12,
0,254,254,157,252,24,255,70,3,4,253,129,6,123,0,5,247,46,192,0,141,0,204,1,23,0,123,0,55,0,25,0,15,0,12,
0,254,254,157,252,58,255,70,3,4,253,129,6,171,255,180,246,86,191,0,142,0,203,1,20,0,121,0,54,0,24,0,15,0,11,
0,192,254,94,252,58,255,125,3,207,252,111,6,35,255,106,246,234,191,0,143,0,204,1,17,0,119,0,53,0,24,0,15,0,12,
0,141,254,15,252,66,255,125,3,207,252,111,6,35,255,106,246,177,192,0,143,0,203,1,13,0,118,0,53,0,23,0,15,0,12,
0,52,254,195,251,89,255,125,3,207,252,111,6,64,255,173,246,177,192,0,144,0,203,1,10,0,116,0,52,0,22,0,14,0,11,
0,52,254,195,251,89,255,125,3,207,252,111,6,39,0,83,246,193,192,0,144,0,202,1,8,0,115,0,52,0,23,0,15,0,12,
0,8,254,125,251,90,255,125,3,207,252,111,6,72,0,216,245,65,189,0,144,0,202,1,4,0,114,0,51,0,23,0,14,0,12,
0,203,253,58,251,86,255,125,3,207,252,111,6,71,255,60,246,129,190,0,145,0,202,1,2,0,112,0,54,0,22,0,13,0,11,
0,128,253,11,251,128,255,125,3,207,252,111,6,71,255,60,246,129,190,0,146,0,201,0,255,0,111,0,53,0,25,0,14,0,12,
0,128,253,11,251,128,255,125,3,207,252,111,6,136,254,16,247,198,191,0,146,0,201,0,253,0,109,0,51,0,23,0,14,0,11,
0,108,253,161,250,175,255,125,3,207,252,111,6,93,255,140,246,45,192,0,147,0,201,0,250,0,108,0,50,0,24,0,15,0,12,
0,50,253,79,250,190,255,125,3,207,252,111,6,187,254,70,246,61,190,0,147,0,201,0,248,0,107,0,49,0,23,0,15,0,12,
0,17,253,24,250,186,255,94,3,15,253,136,6,187,254,70,246,93,189,0,148,0,201,0,246,0,105,0,48,0,22,0,14,0,11,
0,17,253,24,250,186,255,94,3,15,253,136,6,163,253,75,246,93,189,0,148,0,201,0,244,0,104,0,47,0,22,0,14,0,11,
0,218,252,228,249,165,255,94,3,15,253,136,6,51,252,165,246,113,189,0,148,0,202,0,242,0,104,0,47,0,22,0,14,0,12,
0,185,252,184,249,175,255,94,3,15,253,136,6,247,251,107,247,8,191,0,148,0,203,0,240,0,102,0,46,0,21,0,14,0,11,
0,185,252,184,249,196,255,94,3,15,253,136,6,187,252,165,247,105,191,0,149,0,203,0,238,0,101,0,45,0,20,0,14,0,12,
0,159,252,170,249,196,255,94,3,15,253,136,6,187,252,165,247,105,191,0,149,0,204,0,237,0,100,0,44,0,19,0,13,0,11,
0,122,252,172,249,215,255,94,3,15,253,136,6,40,253,79,247,37,188,0,150,0,205,0,236,0,99,0,43,0,19,0,13,0,11,
0,114,252,184,249,0,0,94,3,15,253,136,6,131,251,242,247,218,188,0,150,0,205,0,234,0,99,0,43,0,20,0,13,0,12,
0,114,252,184,249,0,0,94,3,15,253,136,6,170,251,191,248,192,190,0,150,0,205,0,232,0,97,0,43,0,19,0,13,0,11,
0,77,252,163,249,249,255,94,3,15,253,136,6,170,251,202,248,204,190,0,151,0,205,0,232,0,97,0,42,0,19,0,13,0,11,
0,69,252,145,249,30,0,116,3,48,253,45,7,81,252,202,248,204,190,0,151,0,206,0,231,0,96,0,41,0,18,0,13,0,11,
0,104,252,89,249,59,0,116,3,48,253,45,7,24,251,159,248,115,189,0,151,0,206,0,230,0,95,0,41,0,18,0,13,0,11,
0,104,252,89,249,59,0,116,3,48,253,45,7,192,250,158,248,110,188,0,151,0,205,0,230,0,95,0,41,0,19,0,13,0,11,
0,70,252,50,249,84,0,116,3,48,253,45,7,181,249,244,248,89,189,0,151,0,205,0,229,0,94,0,41,0,18,0,13,0,11,
0,43,252,45,249,64,0,116,3,48,253,45,7,181,249,244,248,20,190,0,152,0,205,0,230,0,94,0,41,0,19,0,13,0,12,
0,36,252,45,249,87,0,116,3,48,253,45,7,219,249,71,249,20,190,0,153,0,206,0,230,0,94,0,40,0,18,0,13,0,11,
0,36,252,91,249,87,0,116,3,48,253,45,7,96,249,18,249,144,189,0,154,0,206,0,231,0,93,0,40,0,17,0,12,0,11,
0,27,252,130,249,139,0,116,3,48,253,45,7,248,248,69,249,188,188,0,154,0,206,0,231,0,94,0,40,0,18,0,13,0,12,
0,36,252,146,249,158,0,116,3,48,253,45,7,248,248,192,249,51,188,0,155,0,207,0,232,0,94,0,40,0,18,0,13,0,11,
0,36,252,146,249,146,0,116,3,48,253,45,7,104,248,192,249,51,188,0,156,0,207,0,233,0,94,0,40,0,18,0,13,0,11,
0,21,252,176,249,146,0,135,3,7,253,34,7,128,248,254,249,89,188,0,157,0,208,0,234,0,94,0,40,0,18,0,13,0,11,
0,6,252,191,249,168,0,135,3,7,253,34,7,44,248,66,250,120,188,0,158,0,208,0,235,0,94,0,40,0,18,0,13,0,11,
0,236,251,215,249,182,0,135,3,7,253,34,7,157,247,125,250,85,189,0,159,0,208,0,236,0,95,0,41,0,19,0,13,0,11,
0,236,251,215,249,182,0,135,3,7,253,34,7,157,247,125,250,25,189,0,160,0,208,0,236,0,95,0,40,0,18,0,13,0,11,
0,34,252,17,250,214,0,135,3,7,253,34,7,176,247,178,250,25,189,0,161,0,209,0,237,0,95,0,40,0,18,0,13,0,11,
0,78,252,37,250,254,0,135,3,7,253,34,7,158,247,86,250,62,187,0,163,0,209,0,238,0,95,0,40,0,18,0,12,0,11,
0,110,252,98,250,3,1,135,3,7,253,34,7,69,246,168,250,183,186,0,164,0,209,0,239,0,96,0,40,0,19,0,13,0,11,
0,110,252,98,250,3,1,135,3,7,253,34,7,206,245,160,250,185,188,0,166,0,210,0,239,0,96,0,40,0,17,0,12,0,11,
0,71,252,168,250,252,0,135,3,7,253,34,7,206,245,160,250,185,188,0,166,0,210,0,240,0,96,0,40,0,20,0,13,0,11,
0,80,252,232,250,219,0,135,3,7,253,34,7,11,246,126,250,16,189,0,168,0,211,0,241,0,97,0,41,0,20,0,13,0,11,
0,116,252,232,250,228,0,135,3,7,252,183,5,120,246,86,250,32,188,0,169,0,211,0,241,0,97,0,40,0,19,0,13,0,11,
0,116,252,53,251,228,0,196,3,219,252,183,5,127,245,9,250,221,186,0,170,0,212,0,242,0,97,0,40,0,19,0,13,0,11,
0,177,252,126,251,245,0,196,3,219,252,183,5,127,245,143,250,89,187,0,171,0,212,0,242,0,98,0,41,0,20,0,14,0,12,
0,157,252,176,251,248,0,196,3,219,252,183,5,46,245,143,250,89,187,0,171,0,212,0,242,0,98,0,41,0,19,0,13,0,11,
0,157,252,176,251,0,1,196,3,219,252,183,5,174,244,243,250,7,188,0,172,0,212,0,242,0,98,0,41,0,20,0,13,0,11,
0,108,252,197,251,0,1,196,3,219,252,183,5,218,244,217,250,89,189,0,173,0,213,0,243,0,98,0,41,0,19,0,13,0,11,
0,146,252,226,251,251,0,196,3,219,252,183,5,253,244,159,250,221,188,0,174,0,213,0,243,0,99,0,42,0,20,0,14,0,12,
0,118,252,47,252,29,1,196,3,219,252,183,5,253,244,159,250,221,187,0,174,0,214,0,243,0,98,0,41,0,19,0,13,0,11,
0,118,252,47,252,29,1,196,3,219,252,183,5,38,245,98,250,16,187,0,174,0,214,0,243,0,99,0,42,0,20,0,13,0,11,
0,156,252,104,252,49,1,196,3,219,252,183,5,149,243,157,250,101,187,0,175,0,214,0,242,0,99,0,42,0,20,0,14,0,11,
0,178,252,144,252,40,1,196,3,219,252,183,5,147,243,105,250,79,190,0,175,0,215,0,243,0,99,0,42,0,19,0,13,0,11,
0,139,252,209,252,41,1,174,3,196,252,27,7,147,243,52,250,97,189,0,175,0,216,0,243,0,99,0,41,0,19,0,13,0,11,
0,139,252,209,252,41,1,174,3,196,252,27,7,128,244,52,250,97,189,0,176,0,216,0,242,0,99,0,42,0,20,0,14,0,12,
0,146,252,29,253,19,1,174,3,196,252,27,7,73,244,52,250,141,187,0,176,0,217,0,242,0,99,0,42,0,20,0,13,0,11,
0,163,252,111,253,12,1,174,3,196,252,27,7,211,243,80,250,215,187,0,176,0,219,0,243,0,98,0,41,0,19,0,13,0,11,
0,163,252,111,253,15,1,174,3,196,252,27,7,169,243,111,250,53,189,0,177,0,219,0,243,0,99,0,41,0,19,0,13,0,11,
0,163,252,146,253,15,1,174,3,196,252,27,7,169,243,111,250,51,190,0,177,0,221,0,243,0,99,0,41,0,19,0,13,0,11,
0,171,252,201,253,26,1,174,3,196,252,27,7,40,244,12,251,51,190,0,177,0,221,0,243,0,99,0,42,0,20,0,13,0,11,
0,176,252,8,254,245,0,174,3,196,252,27,7,229,244,93,250,188,187,0,177,0,222,0,242,0,99,0,42,0,20,0,13,0,11,
0,176,252,8,254,217,0,174,3,196,252,27,7,165,243,142,250,107,187,0,177,0,223,0,243,0,99,0,42,0,19,0,14,0,11,
0,184,252,81,254,217,0,174,3,196,252,27,7,120,243,231,250,215,190,0,178,0,224,0,243,0,99,0,41,0,19,0,13,0,11,
0,195,252,130,254,1,1,188,3,223,252,95,6,120,243,231,250,215,190,0,177,0,225,0,242,0,99,0,42,0,20,0,13,0,11,
0,169,252,173,254,38,1,188,3,223,252,95,6,104,244,91,250,144,189,0,178,0,226,0,242,0,99,0,41,0,19,0,13,0,11,
0,169,252,173,254,38,1,188,3,223,252,95,6,231,243,64,250,111,187,0,177,0,226,0,242,0,99,0,42,0,20,0,13,0,11,
0,185,252,12,255,22,1,188,3,223,252,95,6,132,243,102,250,69,188,0,177,0,227,0,242,0,99,0,42,0,20,0,13,0,12,
0,212,252,88,255,246,0,188,3,223,252,95,6,132,243,102,250,175,190,0,178,0,228,0,243,0,99,0,41,0,19,0,13,0,11,
0,224,252,140,255,225,0,188,3,223,252,95,6,170,243,222,250,175,190,0,177,0,228,0,242,0,99,0,42,0,20,0,14,0,12,
0,224,252,140,255,225,0,188,3,223,252,95,6,231,244,117,250,132,190,0,178,0,229,0,243,0,99,0,41,0,19,0,13,0,11,
0,236,252,191,255,225,0,188,3,223,252,95,6,205,244,111,250,104,187,0,177,0,229,0,243,0,99,0,42,0,20,0,13,0,11,
0,241,252,239,255,250,0,188,3,223,252,95,6,242,243,45,251,24,189,0,178,0,230,0,244,0,99,0,42,0,19,0,13,0,11,
0,241,253,239,255,3,1,188,3,223,252,95,6,242,243,45,251,24,189,0,179,0,231,0,245,0,99,0,42,0,19,0,13,0,11,
0,13,253,40,0,3,1,191,3,206,252,32,6,195,244,39,251,7,192,0,178,0,231,0,246,0,100,0,42,0,20,0,14,0,12,
0,60,253,117,0,255,0,191,3,206,252,32,6,142,245,127,250,70,190,0,179,0,232,0,247,0,99,0,36,0,18,0,13,0,12,
0,120,253,168,0,16,1,191,3,206,252,32,6,23,245,163,250,137,188,0,179,0,232,0,248,0,100,0,38,0,19,0,14,0,12,
0,120,253,168,0,38,1,191,3,206,252,32,6,23,245,210,250,101,189,0,179,0,232,0,249,0,101,0,40,0,19,0,14,0,12,
0,109,253,202,0,38,1,191,3,206,252,32,6,130,244,210,250,101,189,0,179,0,232,0,251,0,101,0,40,0,19,0,14,0,12,
0,113,253,249,0,13,1,191,3,206,252,32,6,61,244,229,250,53,191,0,179,0,233,0,252,0,102,0,41,0,19,0,13,0,12,
0,109,253,66,1,238,0,191,3,206,252,32,6,243,245,40,250,13,191,0,179,0,234,0,254,0,102,0,41,0,19,0,13,0,11,
0,109,253,66,1,238,0,191,3,206,252,32,6,189,245,61,250,227,188,0,179,0,234,0,254,0,103,0,42,0,19,0,13,0,11,
0,128,253,133,1,235,0,191,3,206,252,32,6,189,245,61,250,28,189,0,179,0,235,0,255,0,104,0,43,0,20,0,13,0,12,
0,131,253,204,1,249,0,191,3,206,252,32,6,91,245,196,250,28,189,0,179,0,235,1,1,0,104,0,43,0,17,0,13,0,11,
0,142,253,233,1,0,1,2,4,101,252,106,7,122,246,73,251,246,191,0,178,0,235,1,1,0,104,0,43,0,19,0,13,0,11,
0,142,253,233,1,0,1,2,4,101,252,106,7,130,247,10,251,77,191,0,179,0,236,1,3,0,104,0,43,0,18,0,13,0,11,
0,162,253,229,1,240,0,2,4,101,252,106,7,130,247,253,250,9,189,0,178,0,236,1,3,0,106,0,44,0,20,0,13,0,11,
0,178,253,235,1,232,0,2,4,101,252,106,7,207,247,253,250,9,189,0,178,0,236,1,4,0,106,0,44,0,20,0,13,0,11,
0,178,253,235,1,212,0,2,4,101,252,106,7,149,246,78,251,226,188,0,179,0,237,1,5,0,106,0,44,0,19,0,13,0,11,
0,155,253,241,1,212,0,2,4,101,252,106,7,120,247,118,251,75,191,0,179,0,237,1,6,0,107,0,44,0,19,0,13,0,11,
0,218,253,31,2,217,0,2,4,101,252,106,7,241,247,134,251,93,191,0,178,0,236,1,6,0,107,0,45,0,20,0,14,0,12,
0,209,253,90,2,245,0,2,4,101,252,106,7,241,247,134,251,87,189,0,179,0,237,1,8,0,108,0,45,0,20,0,13,0,11,
0,209,253,90,2,3,1,2,4,101,252,106,7,131,248,22,251,87,189,0,179,0,237,1,8,0,108,0,46,0,20,0,14,0,12,
0,217,253,117,2,3,1,2,4,101,252,106,7,12,248,59,251,237,189,0,179,0,237,1,9,0,109,0,46,0,20,0,14,0,11,
0,239,253,121,2,1,1,2,4,101,252,106,7,63,248,169,251,115,192,0,180,0,237,1,9,0,109,0,46,0,20,0,14,0,12,
0,21,254,124,2,235,0,177,3,174,252,106,6,138,249,112,251,237,191,0,181,0,238,1,11,0,109,0,46,0,20,0,13,0,11,
0,21,254,124,2,235,0,177,3,174,252,106,6,138,249,112,251,237,191,0,181,0,238,1,11,0,110,0,46,0,20,0,13,0,11,
0,36,254,165,2,242,0,177,3,174,252,106,6,40,249,120,251,99,191,0,182,0,238,1,12,0,111,0,51,0,21,0,13,0,11,
0,19,254,184,2,12,1,177,3,174,252,106,6,232,249,188,251,31,192,0,183,0,238,1,14,0,110,0,50,0,21,0,13,0,11,
0,49,254,155,2,3,1,177,3,174,252,106,6,24,250,122,251,57,191,0,184,0,238,1,14,0,111,0,50,0,22,0,14,0,11,
0,49,254,155,2,3,1,177,3,174,252,106,6,24,250,199,251,122,191,0,185,0,239,1,15,0,111,0,49,0,21,0,13,0,11,
0,87,254,154,2,2,1,177,3,174,252,106,6,69,249,199,251,122,191,0,186,0,238,1,16,0,112,0,49,0,23,0,14,0,11,
0,101,254,113,2,13,1,177,3,174,252,106,6,67,250,224,251,115,192,0,187,0,239,1,16,0,112,0,49,0,23,0,14,0,11,
0,101,254,113,2,34,1,177,3,174,252,106,6,143,250,112,251,195,190,0,188,0,239,1,17,0,113,0,49,0,23,0,14,0,11,
0,104,254,71,2,34,1,177,3,174,252,106,6,52,250,198,251,81,192,0,190,0,239,1,17,0,113,0,49,0,22,0,14,0,12,
0,92,254,52,2,49,1,163,3,176,252,170,6,52,250,198,251,81,192,0,191,0,240,1,18,0,113,0,49,0,22,0,14,0,11,
0,175,254,52,2,48,1,163,3,176,252,170,6,14,251,174,251,243,192,0,192,0,239,1,18,0,114,0,49,0,23,0,15,0,12,
0,175,254,52,2,48,1,163,3,176,252,170,6,25,252,114,251,112,191,0,195,0,239,1,19,0,114,0,49,0,22,0,14,0,12,
0,178,254,44,2,47,1,163,3,176,252,170,6,194,251,88,251,246,190,0,196,0,240,1,19,0,114,0,49,0,22,0,14,0,12,
0,153,254,227,1,61,1,163,3,176,252,170,6,194,251,125,251,110,192,0,198,0,239,1,19,0,115,0,49,0,23,0,15,0,12,
0,123,254,180,1,66,1,163,3,176,252,170,6,2,252,125,251,110,192,0,200,0,240,1,20,0,114,0,49,0,22,0,14,0,11,
0,123,254,180,1,66,1,163,3,176,252,170,6,131,252,195,251,121,192,0,202,0,239,1,19,0,115,0,49,0,23,0,14,0,12,
0,141,254,129,1,80,1,163,3,176,252,170,6,254,252,146,251,197,192,0,204,0,239,1,19,0,115,0,49,0,23,0,14,0,12,
0,154,254,102,1,69,1,163,3,176,252,170,6,254,252,57,251,46,191,0,206,0,239,1,19,0,115,0,49,0,22,0,14,0,11,
0,200,254,68,1,64,1,163,3,176,252,170,6,254,252,57,251,85,193,0,208,0,239,1,18,0,115,0,50,0,23,0,15,0,12,
0,200,254,68,1,64,1,233,3,140,252,134,7,54,252,169,251,85,193,0,210,0,239,1,19,0,114,0,49,0,22,0,14,0,11,
0,218,254,15,1,67,1,233,3,140,252,134,7,127,253,142,251,95,193,0,212,0,239,1,18,0,115,0,49,0,22,0,14,0,11,
0,210,254,18,1,66,1,233,3,140,252,134,7,201,253,8,251,168,190,0,214,0,238,1,18,0,115,0,49,0,23,0,15,0,12,
0,210,254,18,1,111,1,233,3,140,252,134,7,201,252,41,251,194,190,0,216,0,239,1,18,0,115,0,49,0,22,0,14,0,11,
0,224,254,4,1,111,1,233,3,140,252,134,7,180,252,41,251,194,190,0,218,0,239,1,17,0,115,0,49,0,22,0,14,0,12,
0,242,254,212,0,120,1,233,3,140,252,134,7,52,253,76,251,96,194,0,220,0,239,1,17,0,114,0,49,0,22,0,14,0,11,
0,224,254,193,0,167,1,233,3,140,252,134,7,76,254,5,251,24,193,0,222,0,239,1,17,0,115,0,49,0,22,0,14,0,11,
0,224,254,193,0,167,1,233,3,140,252,134,7,254,253,174,250,232,190,0,224,0,239,1,16,0,115,0,49,0,23,0,14,0,12,
0,254,254,176,0,191,1,233,3,140,252,134,7,254,253,174,250,70,192,0,226,0,239,1,16,0,114,0,49,0,22,0,14,0,11,
0,10,255,137,0,184,1,233,3,140,252,134,7,149,253,13,251,70,192,0,228,0,239,1,16,0,114,0,49,0,22,0,14,0,12,
0,2,255,78,0,178,1,178,3,151,252,94,6,161,253,10,251,156,192,0,230,0,239,1,15,0,113,0,48,0,20,0,13,0,11,
0,2,255,78,0,178,1,178,3,151,252,94,6,174,253,246,250,33,192,0,232,0,239,1,14,0,114,0,49,0,21,0,14,0,12,
0,20,255,29,0,193,1,178,3,151,252,94,6,41,253,254,250,249,192,0,233,0,239,1,13,0,114,0,49,0,21,0,14,0,12,
0,4,255,6,0,208,1,178,3,151,252,94,6,41,253,254,250,249,192,0,235,0,239,1,13,0,113,0,49,0,21,0,14,0,12,
0,247,254,205,255,216,1,178,3,151,252,94,6,169,253,110,250,170,193,0,236,0,239,1,12,0,113,0,49,0,21,0,14,0,12,
0,247,254,205,255,216,1,178,3,151,252,94,6,2,254,93,250,126,192,0,238,0,239,1,12,0,112,0,48,0,21,0,14,0,11,
0,242,254,162,255,227,1,178,3,151,252,94,6,55,253,44,250,1,191,0,238,0,239,1,11,0,113,0,49,0,22,0,14,0,11,
0,251,254,157,255,232,1,178,3,151,252,94,6,55,253,103,250,17,193,0,240,0,239,1,10,0,111,0,48,0,21,0,14,0,12,
0,251,254,157,255,9,2,178,3,151,252,94,6,210,252,103,250,17,193,0,241,0,239,1,9,0,111,0,48,0,21,0,14,0,11,
0,29,255,113,255,9,2,178,3,151,252,94,6,64,253,122,250,113,193,0,241,0,239,1,8,0,111,0,48,0,22,0,14,0,12,
0,18,255,79,255,251,1,178,3,151,252,94,6,101,254,217,249,156,193,0,243,0,239,1,8,0,111,0,48,0,21,0,14,0,11,
0,238,254,24,255,10,2,131,3,130,252,181,7,253,253,191,249,136,191,0,244,0,239,1,7,0,111,0,48,0,22,0,14,0,12,
0,238,254,24,255,10,2,131,3,130,252,181,7,253,253,191,249,35,191,0,244,0,239,1,6,0,110,0,48,0,22,0,14,0,11,
0,230,254,237,254,9,2,131,3,130,252,181,7,166,252,233,249,35,191,0,245,0,239,1,6,0,110,0,47,0,21,0,14,0,12,
0,4,255,195,254,1,2,131,3,130,252,181,7,163,252,68,250,13,193,0,246,0,238,1,5,0,110,0,47,0,21,0,14,0,12,
0,27,255,159,254,6,2,131,3,130,252,181,7,77,253,19,250,13,194,0,247,0,239,1,5,0,109,0,47,0,20,0,13,0,11,
0,27,255,159,254,6,2,131,3,130,252,181,7,77,253,63,249,126,191,0,247,0,238,1,4,0,109,0,47,0,21,0,14,0,12,
0,38,255,161,254,18,2,131,3,130,252,181,7,210,253,63,249,126,191,0,248,0,238,1,4,0,109,0,47,0,21,0,14,0,11,
0,33,255,148,254,5,2,131,3,130,252,181,7,236,251,154,249,3,190,0,249,0,238,1,3,0,109,0,47,0,21,0,14,0,11,
0,30,255,137,254,246,1,131,3,130,252,181,7,34,252,78,250,29,194,0,249,0,238,1,3,0,108,0,47,0,20,0,14,0,11,
0,30,255,137,254,246,1,131,3,130,252,181,7,86,253,216,249,4,194,0,251,0,238,1,3,0,108,0,46,0,20,0,13,0,11,
0,19,255,139,254,243,1,207,3,151,252,215,6,86,253,216,249,242,190,0,251,0,238,1,2,0,108,0,47,0,21,0,14,0,11,
0,46,255,118,254,236,1,207,3,151,252,215,6,112,253,53,249,242,190,0,251,0,238,1,2,0,108,0,46,0,21,0,14,0,12,
0,46,255,118,254,243,1,207,3,151,252,215,6,116,251,254,249,227,190,0,252,0,238,1,1,0,108,0,47,0,21,0,14,0,12,
0,31,255,91,254,243,1,207,3,151,252,215,6,63,252,90,250,80,194,0,253,0,237,1,1,0,107,0,46,0,21,0,14,0,12,
0,24,255,67,254,11,2,207,3,151,252,215,6,60,253,9,250,133,191,0,254,0,238,1,1,0,107,0,46,0,20,0,13,0,11,
0,48,255,31,254,255,1,207,3,151,252,215,6,60,253,9,250,133,191,0,253,0,237,1,0,0,107,0,46,0,21,0,14,0,12,
0,48,255,31,254,255,1,207,3,151,252,215,6,173,251,247,249,54,190,0,254,0,237,1,0,0,107,0,46,0,20,0,14,0,12,
0,66,255,9,254,11,2,207,3,151,252,215,6,83,251,129,250,81,193,0,254,0,236,0,255,0,107,0,46,0,22,0,14,0,12,
0,69,255,7,254,20,2,207,3,151,252,215,6,181,251,51,250,17,193,0,254,0,236,0,255,0,106,0,46,0,22,0,14,0,12,
0,70,255,18,254,238,1,207,3,151,252,215,6,181,251,51,249,10,191,0,255,0,236,0,255,0,106,0,45,0,21,0,14,0,11,
0,70,255,18,254,238,1,193,3,132,252,224,6,23,252,199,249,10,191,0,254,0,236,0,254,0,106,0,46,0,22,0,14,0,12,
0,74,255,249,253,205,1,193,3,132,252,224,6,167,251,53,250,200,191,0,254,0,235,0,253,0,105,0,45,0,21,0,14,0,12,
0,103,255,3,254,195,1,193,3,132,252,224,6,255,250,155,250,5,192,0,254,0,235,0,253,0,105,0,45,0,21,0,14,0,11,
0,117,255,3,253,218,1,193,3,132,252,224,6,56,252,208,250,23,193,0,254,0,235,0,252,0,105,0,45,0,21,0,14,0,11,
0,117,255,244,253,218,1,193,3,132,252,224,6,56,252,208,250,23,193,0,255,0,235,0,253,0,104,0,44,0,20,0,13,0,11,
0,109,255,244,253,214,1,193,3,132,252,224,6,112,252,122,250,2,191,0,254,0,235,0,252,0,104,0,44,0,21,0,14,0,11,
0,82,255,6,254,204,1,193,3,132,252,224,6,91,251,143,250,130,190,0,254,0,235,0,252,0,104,0,45,0,21,0,14,0,11,
0,82,255,6,254,175,1,193,3,132,252,224,6,254,250,91,251,92,192,0,254,0,235,0,252,0,104,0,44,0,21,0,14,0,11,
0,108,255,14,254,175,1,193,3,132,252,224,6,254,250,134,251,118,193,0,254,0,235,0,251,0,104,0,40,0,20,0,14,0,12,
0,154,255,247,253,159,1,193,3,132,252,224,6,19,252,134,251,118,193,0,254,0,235,0,252,0,104,0,40,0,19,0,13,0,11,
0,138,255,248,253,144,1,219,3,105,252,124,7,19,252,226,250,56,191,0,254,0,234,0,251,0,104,0,41,0,19,0,13,0,11,
0,138,255,248,253,144,1,219,3,105,252,124,7,43,251,238,250,83,191,0,254,0,234,0,251,0,104,0,42,0,20,0,14,0,12,
0,174,255,232,253,127,1,219,3,105,252,124,7,81,250,254,250,154,191,0,254,0,234,0,251,0,104,0,43,0,20,0,14,0,12,
0,211,255,251,253,103,1,219,3,105,252,124,7,81,250,254,250,19,193,0,254,0,234,0,250,0,104,0,43,0,20,0,14,0,12,
0,197,255,10,254,77,1,219,3,105,252,124,7,26,251,109,251,19,193,0,255,0,235,0,251,0,103,0,43,0,19,0,13,0,11,
0,197,255,10,254,77,1,219,3,105,252,124,7,68,252,9,251,143,192,0,255,0,234,0,250,0,104,0,43,0,20,0,13,0,11,
0,200,255,9,254,57,1,219,3,105,252,124,7,132,251,206,250,1,190,0,255,0,234,0,250,0,104,0,44,0,20,0,14,0,12,
0,168,255,5,254,60,1,219,3,105,252,124,7,132,251,96,251,189,191,0,255,0,235,0,250,0,103,0,43,0,20,0,13,0,11,
0,179,255,5,253,61,1,219,3,105,252,124,7,143,250,96,251,189,191,0,255,0,234,0,249,0,104,0,44,0,20,0,14,0,12,
0,179,255,239,253,61,1,219,3,105,252,124,7,193,250,153,251,149,193,0,255,0,235,0,249,0,102,0,43,0,19,0,13,0,11,
0,192,255,243,253,59,1,219,3,105,252,124,7,42,252,10,251,27,193,0,255,0,234,0,249,0,103,0,44,0,20,0,13,0,11,
0,234,255,5,254,41,1,234,3,167,252,11,7,237,251,14,251,60,191,0,254,0,234,0,248,0,103,0,44,0,20,0,14,0,11,
0,234,255,5,254,18,1,234,3,167,252,11,7,237,251,14,251,194,189,0,255,0,234,0,248,0,102,0,43,0,20,0,13,0,11,
0,240,255,254,253,18,1,234,3,167,252,11,7,222,250,234,250,194,189,0,255,0,234,0,248,0,102,0,43,0,20,0,13,0,11,
0,235,255,31,254,5,1,234,3,167,252,11,7,92,250,196,251,185,192,0,255,0,233,0,247,0,102,0,44,0,20,0,14,0,12,
0,233,255,50,254,25,1,234,3,167,252,11,7,41,252,58,251,152,193,0,255,0,233,0,247,0,102,0,43,0,20,0,13,0,11,
0,233,255,50,254,25,1,234,3,167,252,11,7,120,251,103,250,217,189,0,255,0,233,0,247,0,102,0,43,0,20,0,14,0,11,
0,245,255,52,254,19,1,234,3,167,252,11,7,120,251,103,250,217,189,0,255,0,234,0,247,0,101,0,43,0,19,0,13,0,11,
0,1,0,38,254,249,0,234,3,167,252,11,7,48,251,221,250,72,190,0,255,0,233,0,246,0,102,0,43,0,20,0,13,0,12,
0,239,255,58,254,229,0,234,3,167,252,11,7,45,251,79,251,200,191,1,0,0,234,0,247,0,101,0,42,0,19,0,13,0,11,
0,239,255,58,254,229,0,234,3,167,252,11,7,59,251,33,251,100,193,0,255,0,233,0,246,0,102,0,47,0,21,0,13,0,11,
0,230,255,88,254,240,0,239,3,132,252,222,6,59,251,237,250,133,191,0,255,0,233,0,246,0,101,0,47,0,21,0,13,0,11,
0,230,255,130,254,237,0,239,3,132,252,222,6,163,251,237,250,133,191,1,0,0,234,0,246,0,101,0,46,0,20,0,13,0,11,
0,35,0,130,254,241,0,239,3,132,252,222,6,17,252,200,250,16,191,1,0,0,233,0,246,0,101,0,45,0,20,0,13,0,11,
0,35,0,136,254,241,0,239,3,132,252,222,6,113,251,202,250,109,191,1,0,0,233,0,246,0,101,0,45,0,21,0,14,0,12,
0,26,0,119,254,233,0,239,3,132,252,222,6,238,250,202,250,76,191,1,0,0,233,0,245,0,101,0,44,0,21,0,13,0,11,
0,0,0,138,254,192,0,239,3,132,252,222,6,238,250,202,250,76,191,1,0,0,233,0,245,0,100,0,43,0,20,0,14,0,11,
0,0,0,138,254,183,0,239,3,132,252,222,6,88,251,118,250,141,191,1,1,0,233,0,245,0,100,0,44,0,20,0,13,0,11,
0,8,0,153,254,183,0,239,3,132,252,222,6,172,250,186,250,21,192,1,1,0,232,0,245,0,100,0,43,0,20,0,13,0,11,
0,38,0,141,254,203,0,239,3,132,252,222,6,35,251,208,250,147,192,1,0,0,232,0,244,0,101,0,43,0,21,0,14,0,12,
0,27,0,182,254,208,0,239,3,132,252,222,6,35,251,66,250,99,190,1,0,0,232,0,244,0,100,0,43,0,20,0,13,0,11,
0,27,0,182,254,208,0,45,4,98,252,188,7,226,251,66,250,99,190,1,1,0,232,0,244,0,100,0,43,0,19,0,13,0,11,
0,8,0,210,254,219,0,45,4,98,252,188,7,114,251,120,250,228,191,1,1,0,232,0,243,0,99,0,42,0,20,0,13,0,11,
0,248,255,196,254,196,0,45,4,98,252,188,7,194,250,184,250,183,190,1,0,0,232,0,243,0,99,0,42,0,19,0,13,0,11,
0,232,255,211,254,171,0,45,4,98,252,188,7,204,250,207,250,102,193,1,0,0,231,0,242,0,100,0,43,0,20,0,13,0,11,
0,232,255,211,254,171,0,45,4,98,252,188,7,204,250,207,250,97,191,1,0,0,231,0,242,0,99,0,42,0,19,0,13,0,11,
0,227,255,212,254,193,0,45,4,98,252,188,7,205,251,34,250,97,191,1,0,0,231,0,242,0,99,0,42,0,19,0,13,0,11,
0,233,255,219,254,195,0,45,4,98,252,188,7,178,250,142,250,110,191,0,255,0,230,0,242,0,99,0,42,0,20,0,13,0,11,
0,233,0,219,254,168,0,45,4,98,252,188,7,202,250,145,250,191,192,0,255,0,230,0,241,0,99,0,41,0,19,0,13,0,11,
0,21,0,222,254,168,0,45,4,98,252,188,7,202,250,114,250,184,191,0,254,0,229,0,241,0,99,0,43,0,20,0,14,0,12,
0,22,0,248,254,148,0,45,4,98,252,188,7,213,250,114,250,184,191,0,254,0,229,0,241,0,99,0,42,0,19,0,13,0,11,
0,17,0,19,255,150,0,7,4,187,252,203,6,248,250,75,250,96,191,0,254,0,229,0,241,0,98,0,42,0,19,0,13,0,12,
0,17,0,19,255,153,0,7,4,187,252,203,6,41,251,39,250,7,192,0,253,0,228,0,241,0,98,0,42,0,19,0,13,0,11,
0,22,0,4,255,153,0,7,4,187,252,203,6,220,250,178,249,167,189,0,252,0,228,0,240,0,99,0,42,0,20,0,14,0,12,
0,250,255,43,255,161,0,7,4,187,252,203,6,220,250,178,249,253,191,0,252,0,228,0,240,0,98,0,42,0,19,0,13,0,11,
0,208,255,21,255,157,0,7,4,187,252,203,6,11,250,39,250,253,191,0,251,0,227,0,240,0,99,0,42,0,20,0,14,0,12,
0,208,255,21,255,157,0,7,4,187,252,203,6,252,250,71,250,140,193,0,250,0,228,0,239,0,98,0,42,0,18,0,13,0,12,
0,204,255,34,255,141,0,7,4,187,252,203,6,154,251,207,249,60,192,0,250,0,227,0,240,0,98,0,41,0,19,0,14,0,11,
0,224,255,73,255,140,0,7,4,187,252,203,6,97,251,86,249,69,190,0,249,0,226,0,239,0,98,0,42,0,18,0,13,0,12,
0,239,255,94,255,130,0,7,4,187,252,203,6,97,251,86,249,69,190,0,249,0,227,0,240,0,98,0,41,0,19,0,13,0,11,
0,239,255,94,255,130,0,7,4,187,252,203,6,7,250,164,249,142,190,0,247,0,226,0,239,0,98,0,42,0,18,0,13,0,11,
0,195,255,123,255,152,0,7,4,159,252,190,6,106,250,109,250,22,193,0,246,0,225,0,239,0,98,0,42,0,18,0,13,0,11,
0,237,255,105,255,132,0,224,3,159,252,190,6,4,251,180,249,187,192,0,245,0,225,0,239,0,97,0,41,0,19,0,13,0,11,
0,237,255,105,255,88,0,224,3,159,252,190,6,4,251,123,249,144,191,0,244,0,225,0,239,0,98,0,42,0,19,0,13,0,11,
0,223,255,127,255,88,0,224,3,159,252,190,6,207,251,123,249,144,191,0,244,0,225,0,239,0,97,0,41,0,18,0,12,0,11,
0,221,255,142,255,53,0,224,3,159,252,190,6,208,250,164,249,85,190,0,243,0,224,0,238,0,97,0,41,0,18,0,13,0,11,
0,235,255,160,255,64,0,224,3,159,252,190,6,169,250,185,249,231,191,0,242,0,224,0,238,0,97,0,41,0,18,0,13,0,11,
0,235,255,160,255,78,0,224,3,159,252,190,6,149,250,251,249,141,193,0,242,0,224,0,239,0,97,0,41,0,18,0,13,0,11,
0,14,0,164,255,78,0,224,3,159,252,190,6,149,250,251,249,209,192,0,241,0,223,0,238,0,97,0,42,0,19,0,13,0,11,
0,244,255,164,255,90,0,224,3,159,252,190,6,217,251,153,249,209,192,0,240,0,224,0,239,0,97,0,41,0,18,0,13,0,11,
0,246,255,203,255,80,0,224,3,159,252,190,6,85,251,206,249,139,191,0,239,0,223,0,238,0,97,0,41,0,18,0,12,0,11,
0,246,255,203,255,80,0,224,3,159,252,190,6,192,250,169,249,105,191,0,239,0,223,0,238,0,97,0,42,0,19,0,13,0,12,
0,198,255,217,255,92,0,14,4,193,252,148,6,192,250,6,250,62,193,0,239,0,223,0,238,0,97,0,41,0,18,0,13,0,11,
0,141,255,222,255,97,0,14,4,193,252,148,6,178,251,6,250,62,193,0,238,0,222,0,238,0,97,0,41,0,18,0,13,0,11,
0,130,255,237,255,82,0,14,4,193,252,148,6,35,251,207,249,158,191,0,237,0,222,0,238,0,97,0,41,0,19,0,14,0,12,
0,130,255,237,255,82,0,14,4,193,252,148,6,114,250,202,249,249,191,0,236,0,222,0,238,0,97,0,41,0,18,0,13,0,11,
0,160,255,240,255,74,0,14,4,193,252,148,6,18,251,247,249,210,193,0,235,0,221,0,238,0,97,0,41,0,19,0,13,0,12,
0,199,255,229,255,55,0,14,4,193,252,148,6,18,251,247,249,120,193,0,235,0,221,0,238,0,97,0,41,0,19,0,13,0,12,
0,199,255,229,255,77,0,14,4,193,252,148,6,210,251,204,249,120,193,0,235,0,220,0,237,0,97,0,41,0,19,0,13,0,12,
0,174,255,250,255,77,0,14,4,193,252,148,6,251,251,166,249,82,191,0,235,0,220,0,238,0,97,0,41,0,18,0,13,0,11,
0,178,255,14,0,97,0,14,4,193,252,148,6,39,251,230,249,52,191,0,234,0,220,0,237,0,97,0,42,0,19,0,13,0,12,
0,151,255,19,0,89,0,14,4,193,252,148,6,19,251,174,250,109,194,0,233,0,220,0,237,0,97,0,41,0,19,0,13,0,11,
0,151,255,19,0,80,0,182,3,184,252,211,6,19,251,174,250,109,194,0,233,0,220,0,237,0,96,0,41,0,18,0,12,0,11,
0,164,255,4,0,80,0,182,3,184,252,211,6,111,252,13,250,160,194,0,234,0,220,0,237,0,96,0,40,0,18,0,12,0,11,
0,144,255,23,0,59,0,182,3,184,252,211,6,8,252,222,249,105,190,0,233,0,219,0,236,0,96,0,41,0,19,0,13,0,11,
0,160,255,22,0,87,0,182,3,184,252,211,6,175,251,233,249,146,190,0,233,0,219,0,236,0,96,0,41,0,18,0,12,0,11,
0,160,255,22,0,87,0,182,3,184,252,211,6,175,251,233,250,115,192,0,233,0,219,0,236,0,96,0,41,0,19,0,13,0,11,
0,137,255,28,0,100,0,182,3,184,252,211,6,60,251,109,250,115,192,0,233,0,219,0,236,0,96,0,41,0,18,0,12,0,11,
0,130,255,13,0,73,0,182,3,184,252,211,6,150,251,113,250,221,193,0,232,0,219,0,235,0,96,0,41,0,19,0,13,0,11,
0,132,255,4,0,39,0,182,3,184,252,211,6,223,252,103,250,227,192,0,232,0,219,0,236,0,95,0,40,0,18,0,13,0,11,
0,132,255,4,0,39,0,182,3,184,252,211,6,32,252,64,250,66,191,0,232,0,219,0,235,0,96,0,41,0,18,0,12,0,11,
0,116,255,20,0,34,0,182,3,184,252,211,6,32,252,64,250,66,191,0,232,0,219,0,235,0,95,0,40,0,18,0,13,0,11,
0,69,255,32,0,56,0,36,4,162,252,204,6,119,252,77,250,132,191,0,232,0,219,0,235,0,95,0,40,0,18,0,13,0,11,
0,69,255,32,0,87,0,36,4,162,252,204,6,157,252,184,250,182,192,0,232,0,219,0,235,0,96,0,41,0,19,0,13,0,12,
0,54,255,30,0,87,0,36,4,162,252,204,6,148,251,113,250,85,190,0,232,0,219,0,236,0,95,0,40,0,18,0,13,0,11,
0,54,255,31,0,114,0,36,4,162,252,204,6,148,251,190,250,41,192,0,231,0,219,0,235,0,96,0,41,0,19,0,13,0,12,
0,71,255,40,0,61,0,36,4,162,252,204,6,121,252,190,250,41,192,0,231,0,219,0,235,0,96,0,41,0,19,0,13,0,12,
0,71,255,40,0,61,0,36,4,162,252,204,6,201,252,33,251,48,193,0,231,0,219,0,235,0,95,0,36,0,18,0,14,0,12,
0,74,255,25,0,18,0,36,4,162,252,204,6,101,252,210,250,228,191,0,230,0,219,0,235,0,95,0,37,0,17,0,13,0,12,
0,68,255,4,0,254,255,36,4,162,252,204,6,136,252,87,250,98,191,0,231,0,219,0,235,0,95,0,37,0,16,0,12,0,11,
0,42,255,239,255,232,255,36,4,162,252,204,6,136,252,87,250,94,191,0,230,0,219,0,235,0,96,0,38,0,17,0,12,0,11,
0,42,255,239,255,232,255,36,4,162,252,204,6,176,252,206,250,94,191,0,230,0,219,0,235,0,96,0,39,0,18,0,13,0,11,
0,40,255,226,255,223,255,252,3,178,252,153,6,209,251,222,250,104,191,0,230,0,219,0,235,0,95,0,39,0,17,0,13,0,11,
0,50,255,190,255,224,255,252,3,178,252,153,6,89,252,155,250,29,193,0,229,0,219,0,235,0,95,0,40,0,18,0,13,0,11,
0,65,255,173,255,186,255,252,3,178,252,153,6,89,252,209,250,45,193,0,229,0,220,0,235,0,95,0,40,0,17,0,12,0,11,
0,65,255,173,255,186,255,252,3,178,252,153,6,70,252,209,250,45,193,0,228,0,220,0,235,0,96,0,40,0,18,0,13,0,11,
0,65,255,203,255,197,255,252,3,178,252,153,6,212,252,166,250,238,191,0,228,0,220,0,235,0,95,0,40,0,18,0,13,0,11,
0,68,255,184,255,208,255,252,3,178,252,153,6,176,252,144,250,60,191,0,228,0,221,0,235,0,95,0,40,0,18,0,13,0,11,
0,68,255,184,255,200,255,252,3,178,252,153,6,194,252,178,250,43,192,0,228,0,220,0,235,0,96,0,40,0,18,0,13,0,11,
0,45,255,190,255,200,255,252,3,178,252,153,6,194,252,178,250,137,192,0,228,0,221,0,235,0,95,0,40,0,17,0,12,0,11,
0,25,255,171,255,207,255,252,3,178,252,153,6,198,252,93,250,137,192,0,228,0,221,0,235,0,95,0,40,0,18,0,12,0,11,
0,24,255,139,255,196,255,252,3,178,252,153,6,94,252,42,250,179,190,0,228,0,221,0,235,0,95,0,40,0,18,0,13,0,11,
0,24,255,139,255,196,255,252,3,178,252,153,6,179,251,67,250,26,191,0,228,0,221,0,235,0,95,0,40,0,17,0,13,0,12,
0,33,255,108,255,175,255,226,3,180,252,239,6,246,251,59,250,173,191,0,228,0,221,0,235,0,95,0,40,0,19,0,13,0,12,
0,47,255,97,255,161,255,226,3,180,252,239,6,246,251,59,250,173,191,0,228,0,221,0,235,0,95,0,40,0,18,0,12,0,11,
0,56,255,78,255,177,255,226,3,180,252,239,6,229,251,65,250,190,192,0,228,0,221,0,235,0,95,0,40,0,18,0,13,0,11,
0,56,255,78,255,177,255,226,3,180,252,239,6,156,252,9,250,16,192,0,228,0,221,0,235,0,96,0,41,0,19,0,13,0,12,
0,43,255,67,255,184,255,226,3,180,252,239,6,82,252,201,249,134,190,0,229,0,221,0,235,0,95,0,40,0,18,0,13,0,12,
0,26,255,54,255,172,255,226,3,180,252,239,6,82,252,201,249,92,190,0,229,0,222,0,236,0,95,0,40,0,18,0,13,0,11,
0,24,255,47,255,159,255,226,3,180,252,239,6,29,252,179,249,92,190,0,228,0,221,0,235,0,96,0,45,0,19,0,13,0,11,
0,24,255,47,255,159,255,226,3,180,252,239,6,118,251,0,250,44,191,0,229,0,221,0,235,0,96,0,44,0,19,0,12,0,11,
0,30,255,28,255,151,255,226,3,180,252,239,6,92,251,199,249,215,191,0,229,0,221,0,235,0,96,0,43,0,19,0,13,0,11,
0,1,255,42,255,160,255,226,3,180,252,239,6,171,251,208,249,31,192,0,229,0,222,0,236,0,95,0,42,0,18,0,12,0,11,
0,1,255,42,255,147,255,38,4,105,252,150,7,171,251,208,249,31,192,0,228,0,222,0,235,0,96,0,43,0,19,0,13,0,11,
0,233,254,34,255,147,255,38,4,105,252,150,7,181,251,179,249,220,191,0,229,0,222,0,235,0,95,0,41,0,18,0,12,0,11,
0,225,254,27,255,151,255,38,4,105,252,150,7,141,251,106,249,164,190,0,228,0,222,0,235,0,95,0,41,0,18,0,12,0,11,
0,166,254,35,255,167,255,38,4,105,252,150,7,239,250,66,249,66,191,0,228,0,222,0,235,0,95,0,41,0,19,0,13,0,11,
0,166,254,35,255,167,255,38,4,105,252,150,7,239,250,144,249,63,191,0,228,0,222,0,235,0,95,0,40,0,18,0,13,0,11,
0,158,254,39,255,145,255,38,4,105,252,150,7,38,251,144,249,63,191,0,227,0,222,0,234,0,95,0,41,0,19,0,13,0,11,
0,140,254,56,255,164,255,38,4,105,252,150,7,139,250,223,249,234,191,0,227,0,223,0,235,0,95,0,40,0,17,0,13,0,11,
0,151,254,39,255,165,255,38,4,105,252,150,7,93,251,112,249,150,192,0,227,0,223,0,234,0,95,0,40,0,18,0,12,0,11,
0,151,254,39,255,165,255,38,4,105,252,150,7,253,250,248,248,183,190,0,226,0,222,0,234,0,95,0,41,0,19,0,13,0,11,
0,183,254,18,255,151,255,38,4,105,252,150,7,253,250,248,248,15,190,0,226,0,223,0,234,0,95,0,41,0,18,0,13,0,11,
0,191,254,21,255,146,255,249,3,162,252,191,6,102,250,111,249,15,190,0,225,0,223,0,233,0,95,0,41,0,19,0,13,0,12,
0,202,254,6,255,123,255,249,3,162,252,191,6,184,249,165,249,47,192,0,225,0,223,0,234,0,95,0,40,0,18,0,13,0,11,
0,202,254,6,255,123,255,249,3,162,252,191,6,108,250,134,249,104,193,0,224,0,223,0,234,0,95,0,40,0,18,0,13,0,11,
0,183,254,254,254,115,255,249,3,162,252,191,6,108,250,104,249,95,192,0,224,0,223,0,234,0,95,0,41,0,19,0,13,0,12,
0,195,254,251,254,128,255,249,3,162,252,191,6,192,250,104,249,95,192,0,223,0,223,0,234,0,95,0,41,0,19,0,13,0,11,
0,195,254,251,254,121,255,249,3,162,252,191,6,125,250,29,249,116,190,0,223,0,223,0,234,0,95,0,41,0,19,0,13,0,11,
0,173,254,33,255,121,255,249,3,162,252,191,6,58,250,97,249,213,189,0,223,0,223,0,235,0,95,0,40,0,17,0,13,0,11,
0,193,254,35,255,119,255,249,3,162,252,191,6,67,249,179,249,76,191,0,222,0,223,0,235,0,95,0,41,0,18,0,13,0,11,
0,162,254,18,255,131,255,249,3,162,252,191,6,67,249,179,249,141,191,0,222,0,223,0,235,0,95,0,40,0,18,0,13,0,11,
0,162,254,18,255,131,255,249,3,162,252,191,6,90,249,251,249,141,191,0,221,0,223,0,236,0,95,0,41,0,18,0,13,0,11,
0,137,254,43,255,146,255,6,4,207,252,112,6,143,250,138,249,61,192,0,221,0,223,0,236,0,96,0,40,0,18,0,13,0,11,
0,138,254,34,255,139,255,6,4,207,252,112,6,135,249,157,249,72,191,0,220,0,224,0,237,0,95,0,40,0,17,0,12,0,11,
0,163,254,40,255,116,255,6,4,207,252,112,6,11,250,200,249,102,191,0,220,0,224,0,237,0,96,0,40,0,17,0,12,0,11,
0,163,254,40,255,116,255,6,4,207,252,112,6,11,250,200,249,102,191,0,219,0,224,0,238,0,96,0,40,0,18,0,13,0,11,
0,139,254,69,255,117,255,6,4,207,252,112,6,78,250,219,249,80,191,0,219,0,224,0,239,0,96,0,40,0,17,0,12,0,11,
0,113,254,70,255,108,255,6,4,207,252,112,6,204,249,181,249,5,190,0,218,0,224,0,239,0,96,0,40,0,19,0,13,0,11,
0,132,254,70,255,117,255,6,4,207,252,112,6,51,249,59,250,123,190,0,218,0,225,0,239,0,96,0,40,0,17,0,12,0,11,
0,132,254,85,255,117,255,6,4,207,252,112,6,51,249,91,250,250,191,0,217,0,224,0,239,0,97,0,41,0,18,0,12,0,11,
0,166,254,71,255,136,255,6,4,207,252,112,6,79,249,91,250,250,191,0,216,0,225,0,240,0,97,0,41,0,20,0,13,0,11,
0,184,254,102,255,122,255,6,4,207,252,112,6,31,250,55,250,69,192,0,216,0,225,0,240,0,97,0,40,0,19,0,13,0,11,
0,184,254,102,255,122,255,6,4,207,252,112,6,237,250,207,249,1,191,0,215,0,225,0,241,0,97,0,41,0,19,0,13,0,11,
0,201,254,119,255,122,255,252,3,141,252,115,7,139,250,4,250,166,189,0,215,0,225,0,240,0,98,0,41,0,20,0,13,0,11,
0,213,254,105,255,121,255,252,3,141,252,115,7,139,250,4,250,166,190,0,214,0,225,0,241,0,98,0,41,0,19,0,13,0,11,
0,13,255,148,255,121,255,252,3,141,252,115,7,181,249,105,250,46,190,0,214,0,225,0,241,0,98,0,42,0,20,0,14,0,12,
0,13,255,148,255,121,255,252,3,141,252,115,7,181,249,201,250,216,191,0,213,0,226,0,241,0,98,0,41,0,19,0,13,0,12,
0,244,254,164,255,65,255,252,3,141,252,115,7,14,251,213,250,48,192,0,213,0,226,0,241,0,98,0,41,0,19,0,13,0,11,
0,225,254,172,255,74,255,252,3,141,252,115,7,14,251,108,250,219,188,0,212,0,226,0,242,0,99,0,42,0,20,0,14,0,12,
0,253,254,180,255,73,255,252,3,141,252,115,7,232,250,108,250,219,188,0,212,0,226,0,242,0,98,0,42,0,19,0,13,0,11,
0,253,254,180,255,73,255,252,3,141,252,115,7,107,249,242,250,120,189,0,212,0,226,0,242,0,99,0,42,0,20,0,13,0,11,
0,255,254,158,255,76,255,252,3,141,252,115,7,243,249,69,251,41,194,0,211,0,226,0,242,0,99,0,42,0,20,0,14,0,11,
0,9,255,149,255,91,255,252,3,141,252,115,7,71,251,115,250,113,189,0,211,0,226,0,242,0,99,0,42,0,20,0,13,0,11,
0,253,254,149,255,105,255,227,3,185,252,155,6,71,251,115,250,121,189,0,211,0,227,0,243,0,98,0,41,0,19,0,13,0,11,
0,253,254,165,255,105,255,227,3,185,252,155,6,239,249,251,250,121,189,0,211,0,227,0,243,0,99,0,41,0,19,0,13,0,11,
0,15,255,167,255,90,255,227,3,185,252,155,6,75,249,178,251,93,192,0,211,0,227,0,242,0,99,0,42,0,20,0,13,0,11,
0,253,254,199,255,87,255,227,3,185,252,155,6,14,251,20,251,52,192,0,211,0,227,0,243,0,98,0,41,0,19,0,13,0,11,
0,253,254,199,255,107,255,227,3,185,252,155,6,14,250,173,250,108,189,0,211,0,227,0,242,0,99,0,42,0,20,0,13,0,11,
0,220,254,221,255,107,255,227,3,185,252,155,6,135,250,173,250,108,189,0,211,0,228,0,243,0,99,0,41,0,19,0,13,0,11,
0,216,254,241,255,120,255,227,3,185,252,155,6,78,250,19,251,90,189,0,210,0,228,0,243,0,99,0,42,0,20,0,14,0,11,
0,206,254,243,255,118,255,227,3,185,252,155,6,97,249,191,251,136,191,0,211,0,228,0,243,0,99,0,42,0,20,0,13,0,11,
0,206,254,243,255,118,255,227,3,185,252,155,6,219,250,91,251,3,193,0,211,0,228,0,243,0,99,0,42,0,19,0,13,0,12,
0,246,254,231,255,109,255,227,3,185,252,155,6,219,250,91,251,28,189,0,211,0,229,0,243,0,99,0,41,0,19,0,13,0,11,
0,253,254,233,255,131,255,234,3,121,252,141,6,37,251,198,250,28,189,0,210,0,229,0,243,0,99,0,42,0,20,0,14,0,12,
0,82,255,214,255,110,255,234,3,121,252,141,6,34,250,54,251,241,189,0,211,0,229,0,243,0,99,0,42,0,19,0,13,0,11,
0,82,255,214,255,110,255,234,3,121,252,141,6,74,249,228,251,80,191,0,211,0,229,0,242,0,99,0,42,0,20,0,14,0,12,
0,63,255,233,255,106,255,234,3,121,252,141,6,106,250,122,251,240,191,0,211,0,229,0,243,0,99,0,42,0,19,0,13,0,11,
0,17,255,225,255,111,255,234,3,121,252,141,6,106,250,122,251,240,191,0,212,0,229,0,242,0,99,0,42,0,19,0,13,0,11,
0,17,255,225,255,103,255,234,3,121,252,141,6,22,251,14,251,40,190,0,212,0,229,0,242,0,99,0,42,0,20,0,14,0,12,
0,17,255,204,255,103,255,234,3,121,252,141,6,47,250,7,251,101,188,0,212,0,230,0,242,0,99,0,42,0,19,0,13,0,11,
0,36,255,220,255,98,255,234,3,121,252,141,6,50,249,150,251,222,189,0,212,0,230,0,241,0,99,0,42,0,20,0,13,0,11,
0,61,255,220,255,91,255,234,3,121,252,141,6,50,249,178,251,149,191,0,213,0,230,0,242,0,98,0,41,0,19,0,13,0,11,
0,61,255,220,255,102,255,234,3,121,252,141,6,194,249,178,251,149,191,0,213,0,230,0,241,0,99,0,42,0,20,0,13,0,11,
0,46,255,240,255,102,255,219,3,198,252,127,6,73,251,50,251,146,190,0,214,0,231,0,241,0,98,0,41,0,19,0,13,0,11,
0,74,255,250,255,93,255,219,3,198,252,127,6,88,250,214,250,217,189,0,213,0,230,0,241,0,99,0,42,0,19,0,13,0,11,
0,83,255,229,255,106,255,219,3,198,252,127,6,48,250,17,251,197,188,0,214,0,230,0,241,0,98,0,36,0,19,0,14,0,12,
0,83,255,229,255,106,255,219,3,198,252,127,6,48,250,17,251,117,190,0,214,0,230,0,240,0,98,0,38,0,19,0,14,0,12,
0,50,255,225,255,135,255,219,3,198,252,127,6,89,249,101,251,117,190,0,214,0,231,0,240,0,98,0,38,0,18,0,13,0,12,
0,19,255,235,255,152,255,219,3,198,252,127,6,121,250,61,251,205,190,0,214,0,231,0,241,0,97,0,39,0,18,0,13,0,11,
0,66,255,240,255,151,255,219,3,198,252,127,6,109,250,244,250,24,190,0,214,0,232,0,240,0,98,0,40,0,18,0,13,0,11,
0,66,255,240,255,151,255,219,3,198,252,127,6,109,250,184,250,60,189,0,214,0,232,0,240,0,98,0,40,0,19,0,13,0,12,
0,78,255,239,255,142,255,219,3,198,252,127,6,111,250,184,250,60,189,0,215,0,232,0,240,0,97,0,40,0,19,0,13,0,11,
0,23,255,244,255,132,255,219,3,198,252,127,6,195,249,16,251,157,189,0,215,0,232,0,240,0,98,0,41,0,20,0,13,0,11,
0,23,255,244,255,127,255,219,3,198,252,127,6,7,250,236,250,91,190,0,215,0,232,0,240,0,98,0,41,0,19,0,13,0,11,
0,44,255,242,255,127,255,211,3,142,252,5,7,103,250,191,250,215,190,0,216,0,232,0,240,0,98,0,41,0,20,0,14,0,12,
0,132,255,216,255,124,255,211,3,142,252,5,7,103,250,191,250,161,189,0,216,0,232,0,239,0,98,0,41,0,17,0,13,0,11,
0,106,255,234,255,125,255,211,3,142,252,5,7,122,250,136,250,161,189,0,217,0,232,0,240,0,98,0,41,0,19,0,13,0,11,
0,106,255,234,255,142,255,211,3,142,252,5,7,237,249,91,250,38,189,0,218,0,232,0,240,0,98,0,41,0,19,0,13,0,11,
0,78,255,213,255,142,255,211,3,142,252,5,7,188,249,86,250,131,190,0,218,0,232,0,240,0,98,0,42,0,20,0,14,0,12,
0,71,255,204,255,134,255,211,3,142,252,5,7,237,249,125,250,242,189,0,219,0,232,0,240,0,98,0,41,0,19,0,13,0,11,
0,47,255,198,255,160,255,211,3,142,252,5,7,237,249,125,250,242,189,0,220,0,232,0,239,0,98,0,41,0,18,0,13,0,11,
0,47,255,198,255,160,255,211,3,142,252,5,7,109,250,63,250,230,189,0,220,0,232,0,240,0,97,0,41,0,19,0,13,0,11,
0,57,255,196,255,160,255,211,3,142,252,5,7,95,250,43,250,107,189,0,221,0,231,0,240,0,98,0,41,0,20,0,13,0,11,
0,87,255,197,255,151,255,211,3,142,252,5,7,99,249,75,250,141,189,0,222,0,231,0,240,0,97,0,41,0,19,0,13,0,11,
0,96,255,194,255,152,255,224,3,127,252,13,7,99,249,75,250,72,190,0,222,0,231,0,240,0,97,0,41,0,19,0,13,0,11,
0,96,255,194,255,152,255,224,3,127,252,13,7,117,249,86,250,72,190,0,223,0,230,0,240,0,98,0,41,0,20,0,13,0,11,
0,130,255,225,255,175,255,224,3,127,252,13,7,204,249,56,250,239,190,0,223,0,230,0,240,0,97,0,41,0,19,0,13,0,11,
0,83,255,237,255,214,255,224,3,127,252,13,7,58,250,228,249,175,190,0,224,0,230,0,240,0,97,0,45,0,19,0,12,0,11,
0,83,255,237,255,205,255,224,3,127,252,13,7,93,250,183,249,225,188,0,224,0,230,0,241,0,98,0,45,0,20,0,13,0,11,
0,52,255,236,255,205,255,224,3,127,252,13,7,93,250,183,249,225,188,0,225,0,230,0,241,0,98,0,44,0,20,0,13,0,11,
0,20,255,227,255,188,255,224,3,127,252,13,7,73,249,232,249,40,189,0,225,0,229,0,241,0,98,0,44,0,20,0,14,0,12,
0,61,255,228,255,175,255,224,3,127,252,13,7,67,249,48,250,109,191,0,226,0,230,0,241,0,98,0,43,0,20,0,13,0,11,
0,61,255,228,255,155,255,224,3,127,252,13,7,184,249,213,249,31,191,0,226,0,229,0,241,0,98,0,43,0,20,0,14,0,12,
0,134,255,228,255,155,255,224,3,127,252,13,7,184,249,84,249,213,189,0,226,0,229,0,242,0,98,0,42,0,20,0,13,0,11,
0,136,255,211,255,165,255,7,4,167,252,6,7,37,250,84,249,213,189,0,226,0,229,0,241,0,99,0,43,0,20,0,14,0,12,
0,92,255,206,255,153,255,7,4,167,252,6,7,132,249,134,249,207,189,0,227,0,229,0,242,0,99,0,43,0,20,0,14,0,12,
0,92,255,206,255,153,255,7,4,167,252,6,7,136,248,221,249,188,189,0,227,0,229,0,242,0,98,0,42,0,19,0,13,0,12,
0,61,255,213,255,188,255,7,4,167,252,6,7,190,248,70,250,168,192,0,227,0,229,0,242,0,98,0,42,0,19,0,13,0,11,
0,64,255,214,255,203,255,7,4,167,252,6,7,190,248,70,250,228,190,0,227,0,228,0,242,0,99,0,42,0,20,0,14,0,12,
0,104,255,202,255,174,255,7,4,167,252,6,7,2,250,122,249,228,190,0,227,0,228,0,242,0,98,0,42,0,19,0,13,0,11,
0,104,255,202,255,174,255,7,4,167,252,6,7,129,249,53,249,217,188,0,227,0,228,0,242,0,99,0,42,0,20,0,13,0,12,
0,98,255,203,255,153,255,7,4,167,252,6,7,90,248,124,249,91,189,0,228,0,228,0,242,0,98,0,42,0,19,0,13,0,11,
0,83,255,224,255,146,255,7,4,167,252,6,7,90,248,77,250,140,191,0,228,0,228,0,242,0,99,0,42,0,20,0,13,0,11,
0,83,255,224,255,141,255,7,4,167,252,6,7,152,248,77,250,140,191,0,228,0,228,0,243,0,98,0,41,0,19,0,13,0,11,
0,60,255,239,255,141,255,11,4,121,252,190,6,132,249,63,250,230,191,0,228,0,228,0,243,0,99,0,41,0,19,0,13,0,11,
0,58,255,225,255,134,255,11,4,121,252,190,6,207,249,195,249,34,191,0,228,0,228,0,243,0,99,0,42,0,20,0,13,0,11,
0,75,255,232,255,108,255,11,4,121,252,190,6,164,249,186,249,75,189,0,229,0,228,0,243,0,99,0,42,0,20,0,13,0,11,
0,75,255,232,255,108,255,11,4,121,252,190,6,164,249,186,249,235,189,0,230,0,228,0,243,0,99,0,42,0,20,0,13,0,12,
0,85,255,234,255,124,255,11,4,121,252,190,6,140,248,0,250,235,189,0,231,0,228,0,243,0,99,0,41,0,19,0,13,0,11,
0,81,255,236,255,123,255,11,4,121,252,190,6,37,249,4,250,58,191,0,231,0,228,0,243,0,99,0,42,0,19,0,13,0,11,
0,65,255,249,255,148,255,11,4,121,252,190,6,85,249,217,249,145,190,0,231,0,228,0,243,0,99,0,42,0,20,0,14,0,12,
0,65,255,249,255,148,255,11,4,121,252,190,6,72,249,17,250,185,190,0,232,0,228,0,244,0,99,0,42,0,19,0,13,0,11,
0,87,255,248,255,152,255,11,4,121,252,190,6,72,249,17,250,185,190,0,232,0,228,0,243,0,100,0,43,0,20,0,14,0,12,
0,114,255,7,0,139,255,11,4,121,252,190,6,133,249,7,250,80,191,0,233,0,228,0,244,0,99,0,42,0,19,0,13,0,11,
0,123,255,40,0,154,255,11,4,121,252,90,7,81,250,25,250,166,190,0,233,0,228,0,244,0,100,0,43,0,20,0,14,0,12,
0,123,255,40,0,154,255,255,3,152,252,90,7,210,249,201,249,254,189,0,233,0,228,0,244,0,100,0,43,0,20,0,14,0,12,
0,145,255,12,0,180,255,255,3,152,252,90,7,210,249,97,250,155,190,0,234,0,228,0,244,0,100,0,42,0,20,0,14,0,12,
0,142,255,6,0,169,255,255,3,152,252,90,7,53,249,97,250,155,190,0,234,0,228,0,243,0,100,0,43,0,20,0,13,0,12,
0,142,255,6,0,153,255,255,3,152,252,90,7,122,249,218,250,77,192,0,234,0,228,0,244,0,99,0,42,0,19,0,13,0,11,
0,148,255,231,255,153,255,255,3,152,252,90,7,175,250,62,250,107,191,0,234,0,228,0,244,0,99,0,42,0,19,0,13,0,11,
0,137,255,220,255,158,255,255,3,152,252,90,7,178,250,193,249,234,188,0,235,0,228,0,244,0,99,0,42,0,20,0,13,0,11,
0,139,255,237,255,164,255,255,3,152,252,90,7,178,250,193,249,234,188,0,235,0,228,0,244,0,99,0,42,0,20,0,14,0,11,
0,139,255,237,255,164,255,255,3,152,252,90,7,171,249,88,250,140,188,0,235,0,229,0,244,0,99,0,42,0,19,0,13,0,11,
0,139,255,4,0,174,255,255,3,152,252,90,7,100,249,231,250,126,191,0,234,0,228,0,243,0,100,0,42,0,20,0,13,0,11,
0,162,255,5,0,163,255,255,3,152,252,90,7,243,250,159,250,172,191,0,235,0,228,0,243,0,100,0,42,0,19,0,13,0,11,
0,199,255,0,0,168,255,234,3,178,252,41,7,243,250,53,250,57,190,0,234,0,228,0,243,0,100,0,42,0,20,0,14,0,12,
0,199,255,0,0,168,255,234,3,178,252,41,7,16,251,53,250,57,190,0,235,0,228,0,244,0,99,0,42,0,19,0,14,0,11,
0,222,255,18,0,129,255,234,3,178,252,41,7,185,249,104,250,20,188,0,235,0,229,0,244,0,99,0,42,0,19,0,13,0,11,
0,207,255,8,0,152,255,234,3,178,252,41,7,214,249,252,250,53,192,0,234,0,228,0,243,0,100,0,43,0,20,0,14,0,12,
0,213,255,1,0,159,255,234,3,178,252,41,7,55,251,117,250,158,191,0,234,0,228,0,244,0,100,0,42,0,19,0,13,0,11,
0,213,255,1,0,159,255,234,3,178,252,41,7,55,251,117,250,98,189,0,234,0,228,0,243,0,100,0,43,0,20,0,14,0,12,
0,228,255,25,0,167,255,234,3,178,252,41,7,112,251,246,249,98,189,0,234,0,228,0,243,0,99,0,42,0,20,0,14,0,12,
0,204,255,19,0,190,255,234,3,178,252,41,7,11,250,131,250,43,189,0,233,0,228,0,243,0,100,0,43,0,20,0,14,0,12,
0,204,255,19,0,201,255,234,3,178,252,41,7,154,249,6,251,3,191,0,234,0,228,0,244,0,99,0,42,0,19,0,13,0,11,
0,220,255,16,0,201,255,234,3,178,252,41,7,154,251,151,250,65,192,0,233,0,228,0,243,0,99,0,42,0,19,0,13,0,11,
0,246,255,36,0,205,255,67,4,169,252,7,7,145,251,151,250,65,192,0,233,0,227,0,242,0,99,0,43,0,20,0,14,0,12,
0,0,0,54,0,198,255,67,4,169,252,7,7,48,251,16,250,83,189,0,233,0,228,0,243,0,99,0,42,0,20,0,14,0,12,
0,0,0,54,0,198,255,67,4,169,252,7,7,165,249,90,250,9,189,0,233,0,227,0,242,0,99,0,42,0,20,0,14,0,12,
0,248,255,29,0,200,255,67,4,169,252,7,7,23,250,117,250,92,191,0,233,0,228,0,242,0,99,0,42,0,19,0,13,0,11,
0,47,0,29,0,172,255,67,4,169,252,7,7,23,250,117,250,202,191,0,233,0,227,0,242,0,99,0,42,0,19,0,13,0,11,
0,45,0,15,0,171,255,67,4,169,252,7,7,134,250,93,250,202,191,0,232,0,227,0,241,0,99,0,42,0,20,0,13,0,11,
0,45,0,15,0,171,255,67,4,169,252,7,7,135,251,184,249,181,189,0,232,0,227,0,241,0,99,0,42,0,19,0,14,0,12,
0,40,0,38,0,195,255,67,4,169,252,7,7,154,250,235,249,54,188,0,232,0,226,0,241,0,99,0,42,0,20,0,13,0,11,
0,6,0,37,0,223,255,67,4,169,252,7,7,154,249,78,250,58,189,0,232,0,227,0,241,0,98,0,41,0,19,0,13,0,11,
0,247,255,16,0,232,255,67,4,169,252,7,7,154,249,78,250,58,189,0,232,0,226,0,240,0,99,0,42,0,20,0,14,0,11,
0,247,255,16,0,232,255,192,3,183,252,22,6,58,250,106,250,55,192,0,232,0,226,0,240,0,99,0,42,0,20,0,13,0,11,
0,15,0,253,255,244,255,192,3,183,252,22,6,251,250,82,250,177,190,0,232,0,226,0,239,0,98,0,42,0,18,0,13,0,11,
0,29,0,247,255,220,255,192,3,183,252,22,6,230,250,153,249,100,188,0,231,0,226,0,239,0,98,0,42,0,18,0,13,0,11,
0,29,0,247,255,202,255,192,3,183,252,22,6,230,250,174,249,171,188,0,232,0,226,0,239,0,97,0,41,0,17,0,12,0,11,
0,34,0,241,255,202,255,192,3,183,252,22,6,238,249,174,249,171,188,0,232,0,225,0,239,0,97,0,41,0,18,0,12,0,11,
0,8,0,213,255,198,255,192,3,183,252,22,6,174,249,85,250,57,191,0,232,0,225,0,239,0,97,0,41,0,19,0,13,0,11,
0,216,255,221,255,197,255,192,3,183,252,22,6,180,250,26,250,48,191,0,232,0,225,0,238,0,97,0,41,0,18,0,13,0,11,
0,216,255,221,255,197,255,192,3,183,252,22,6,178,250,68,249,254,187,0,232,0,225,0,237,0,97,0,42,0,19,0,13,0,11,
0,218,255,199,255,215,255,192,3,183,252,22,6,178,250,68,249,122,188,0,232,0,225,0,238,0,97,0,41,0,18,0,12,0,11,
0,199,255,168,255,240,255,192,3,183,252,22,6,146,249,203,249,122,188,0,232,0,224,0,237,0,97,0,36,0,18,0,14,0,12,
0,254,255,212,255,250,255,221,3,162,252,3,7,237,249,236,249,235,190,0,232,0,224,0,237,0,97,0,37,0,18,0,13,0,12,
0,254,255,212,255,250,255,221,3,162,252,3,7,249,249,224,249,53,190,0,231,0,224,0,236,0,97,0,38,0,18,0,13,0,12,
0,242,255,202,255,233,255,221,3,162,252,3,7,249,249,92,249,74,189,0,231,0,224,0,236,0,96,0,39,0,18,0,13,0,11,
0,200,255,180,255,255,255,221,3,162,252,3,7,34,250,92,249,74,189,0,232,0,224,0,236,0,96,0,39,0,17,0,13,0,11,
0,2,0,139,255,6,0,221,3,162,252,3,7,237,249,131,249,117,189,0,232,0,223,0,235,0,96,0,40,0,17,0,12,0,11,
0,2,0,139,255,6,0,221,3,162,252,3,7,2,250,104,249,175,189,0,231,0,223,0,235,0,96,0,40,0,18,0,13,0,11,
0,15,0,153,255,238,255,221,3,162,252,3,7,243,249,61,249,171,189,0,232,0,223,0,235,0,95,0,40,0,17,0,13,0,11,
0,10,0,187,255,5,0,221,3,162,252,3,7,243,249,61,249,146,188,0,231,0,223,0,234,0,95,0,40,0,18,0,13,0,11,
0,10,0,187,255,22,0,221,3,162,252,3,7,221,249,44,249,146,188,0,231,0,223,0,234,0,95,0,40,0,17,0,12,0,11,
0,216,255,177,255,22,0,221,3,162,252,3,7,218,248,102,249,201,188,0,230,0,222,0,234,0,95,0,40,0,18,0,12,0,11,
0,202,255,163,255,19,0,221,3,162,252,3,7,147,249,75,249,96,191,0,230,0,222,0,234,0,95,0,40,0,18,0,13,0,11,
0,203,255,163,255,11,0,223,3,153,252,107,7,157,249,49,249,75,190,0,230,0,222,0,234,0,95,0,40,0,17,0,12,0,11,
0,203,255,163,255,11,0,223,3,153,252,107,7,157,249,49,249,75,190,0,229,0,222,0,233,0,95,0,40,0,18,0,13,0,11,
0,231,255,172,255,247,255,223,3,153,252,107,7,227,249,212,248,68,190,0,230,0,222,0,233,0,94,0,40,0,17,0,12,0,11,
0,21,0,168,255,251,255,223,3,153,252,107,7,157,249,204,248,9,188,0,229,0,221,0,233,0,94,0,40,0,18,0,12,0,11,
0,255,255,155,255,242,255,223,3,153,252,107,7,2,249,243,248,58,189,0,228,0,221,0,232,0,95,0,40,0,19,0,13,0,11,
0,255,255,155,255,242,255,223,3,153,252,107,7,2,249,243,249,130,190,0,228,0,221,0,233,0,94,0,40,0,18,0,13,0,11,
0,236,255,166,255,242,255,223,3,153,252,107,7,64,249,0,249,130,190,0,228,0,220,0,233,0,95,0,40,0,18,0,13,0,11,
0,231,255,115,255,238,255,223,3,153,252,107,7,122,249,222,248,239,188,0,228,0,221,0,233,0,94,0,40,0,18,0,12,0,11,
0,248,255,115,255,224,255,223,3,153,252,107,7,229,247,0,249,74,189,0,227,0,220,0,233,0,94,0,40,0,17,0,12,0,11,
0,248,255,135,255,224,255,223,3,153,252,107,7,190,248,242,248,15,191,0,227,0,220,0,233,0,95,0,40,0,19,0,13,0,12,
0,233,255,160,255,241,255,232,3,190,252,247,6,190,248,242,248,15,191,0,227,0,220,0,233,0,94,0,44,0,18,0,13,0,11,
0,224,255,174,255,237,255,232,3,190,252,247,6,233,248,191,248,45,191,0,227,0,220,0,233,0,95,0,43,0,19,0,13,0,11,
0,224,255,174,255,236,255,232,3,190,252,247,6,96,249,70,248,4,190,0,227,0,220,0,234,0,94,0,42,0,18,0,12,0,11,
0,248,255,211,255,236,255,232,3,190,252,247,6,189,248,103,248,79,187,0,226,0,219,0,234,0,95,0,42,0,19,0,13,0,11,
0,225,255,203,255,212,255,232,3,190,252,247,6,189,248,68,249,43,190,0,227,0,219,0,234,0,95,0,42,0,19,0,13,0,11,
0,214,255,173,255,177,255,232,3,190,252,247,6,107,247,68,249,43,190,0,227,0,220,0,235,0,94,0,41,0,18,0,12,0,11,
0,214,255,173,255,177,255,232,3,190,252,247,6,147,248,199,248,250,190,0,227,0,219,0,235,0,95,0,41,0,19,0,13,0,11,
0,235,255,183,255,182,255,232,3,190,252,247,6,89,249,198,248,7,191,0,227,0,219,0,236,0,95,0,40,0,18,0,12,0,11,
0,233,255,183,255,188,255,232,3,190,252,247,6,23,249,161,248,47,188,0,227,0,219,0,236,0,95,0,41,0,19,0,13,0,11,
0,253,255,225,255,166,255,232,3,190,252,247,6,23,249,161,248,126,188,0,227,0,219,0,236,0,95,0,41,0,18,0,13,0,11,
0,253,255,225,255,166,255,20,4,143,252,253,6,171,247,172,248,126,188,0,228,0,219,0,237,0,95,0,40,0,18,0,13,0,11,
0,17,0,227,255,172,255,20,4,143,252,253,6,167,248,34,249,26,191,0,228,0,219,0,237,0,95,0,40,0,18,0,13,0,11,
0,6,0,199,255,181,255,20,4,143,252,253,6,207,248,245,248,45,190,0,228,0,219,0,238,0,96,0,41,0,19,0,13,0,11,
0,243,255,199,255,219,255,20,4,143,252,253,6,207,248,160,248,183,189,0,228,0,219,0,238,0,95,0,40,0,17,0,13,0,11,
0,243,255,238,255,219,255,20,4,143,252,253,6,20,249,160,248,183,189,0,228,0,219,0,238,0,96,0,41,0,19,0,13,0,11,
0,20,0,244,255,236,255,20,4,143,252,253,6,123,248,228,248,132,189,0,229,0,219,0,239,0,96,0,40,0,18,0,13,0,11,
0,1,0,231,255,212,255,20,4,143,252,253,6,220,248,248,248,57,190,0,228,0,219,0,239,0,97,0,41,0,19,0,13,0,11,
0,1,0,231,255,203,255,20,4,143,252,253,6,79,249,209,248,30,189,0,229,0,219,0,240,0,97,0,41,0,20,0,13,0,11,
0,221,255,207,255,203,255,20,4,143,252,253,6,79,249,209,248,98,189,0,229,0,219,0,240,0,97,0,41,0,20,0,14,0,12,
0,211,255,189,255,186,255,20,4,143,252,253,6,145,248,19,249,98,189,0,228,0,219,0,240,0,97,0,41,0,20,0,14,0,12,
0,190,255,210,255,183,255,241,3,161,252,184,6,209,248,235,248,71,190,0,228,0,219,0,241,0,97,0,41,0,19,0,13,0,11,
0,190,255,210,255,183,255,241,3,161,252,184,6,77,249,120,249,204,191,0,228,0,220,0,240,0,98,0,41,0,20,0,14,0,12,
0,167,255,232,255,180,255,241,3,161,252,184,6,73,250,224,248,203,190,0,229,0,220,0,241,0,97,0,41,0,19,0,13,0,11,
0,187,255,242,255,208,255,241,3,161,252,184,6,73,250,224,248,203,190,0,228,0,220,0,241,0,98,0,41,0,19,0,13,0,11,
0,237,255,241,255,199,255,241,3,161,252,184,6,179,249,176,248,114,188,0,228,0,220,0,241,0,98,0,42,0,20,0,13,0,11,
0,237,255,241,255,199,255,241,3,161,252,184,6,179,248,214,248,56,190,0,228,0,221,0,241,0,98,0,41,0,19,0,13,0,11,
0,18,0,6,0,144,255,241,3,161,252,184,6,42,249,41,249,88,190,0,227,0,220,0,241,0,98,0,42,0,20,0,13,0,11,
0,0,0,13,0,132,255,241,3,161,252,184,6,42,249,41,249,0,192,0,227,0,221,0,242,0,97,0,41,0,19,0,13,0,11,
0,245,255,13,0,155,255,241,3,161,252,184,6,226,248,34,249,0,192,0,227,0,221,0,241,0,98,0,41,0,19,0,13,0,11,
0,245,255,238,255,155,255,241,3,161,252,184,6,224,249,248,248,181,190,0,227,0,221,0,241,0,98,0,41,0,20,0,13,0,11,
0,207,255,249,255,162,255,241,3,161,252,184,6,48,250,194,248,58,189,0,227,0,221,0,241,0,98,0,41,0,19,0,13,0,11,
0,206,255,18,0,169,255,222,3,176,252,232,6,30,249,249,248,74,191,0,227,0,222,0,241,0,98,0,41,0,19,0,13,0,11,
0,206,255,18,0,193,255,222,3,176,252,232,6,30,249,249,248,74,191,0,226,0,221,0,241,0,99,0,42,0,20,0,14,0,11,
0,225,255,25,0,193,255,222,3,176,252,232,6,147,249,36,249,9,191,0,226,0,222,0,241,0,98,0,41,0,19,0,13,0,11,
0,175,255,18,0,219,255,222,3,176,252,232,6,164,249,184,248,237,189,0,225,0,222,0,241,0,98,0,42,0,20,0,14,0,12,
0,173,255,1,0,214,255,222,3,176,252,232,6,10,249,159,248,123,190,0,225,0,222,0,241,0,98,0,41,0,19,0,13,0,11,
0,173,255,1,0,214,255,222,3,176,252,232,6,10,249,255,248,182,190,0,225,0,222,0,241,0,98,0,41,0,19,0,13,0,11,
0,160,255,246,255,182,255,222,3,176,252,232,6,159,248,255,248,182,190,0,225,0,222,0,241,0,99,0,42,0,20,0,14,0,12,
0,143,255,243,255,168,255,222,3,176,252,232,6,149,249,10,249,109,192,0,225,0,223,0,241,0,98,0,42,0,19,0,13,0,11,
0,161,255,246,255,166,255,222,3,176,252,232,6,219,249,210,248,138,190,0,225,0,223,0,241,0,99,0,42,0,20,0,14,0,12,
0,161,255,246,255,166,255,222,3,176,252,232,6,238,249,179,248,90,190,0,225,0,223,0,242,0,98,0,42,0,19,0,13,0,11,
0,238,255,232,255,187,255,39,4,161,252,110,7,238,249,179,248,117,191,0,224,0,223,0,241,0,99,0,42,0,20,0,14,0,12,
0,241,255,239,255,172,255,39,4,161,252,110,7,148,249,6,249,117,191,0,225,0,223,0,242,0,98,0,41,0,19,0,13,0,11,
0,241,255,239,255,169,255,39,4,161,252,110,7,167,249,197,248,20,191,0,224,0,223,0,242,0,99,0,42,0,20,0,14,0,12,
0,171,255,230,255,169,255,39,4,161,252,110,7,235,249,130,248,193,189,0,224,0,223,0,242,0,99,0,42,0,20,0,13,0,12,
0,127,255,206,255,194,255,39,4,161,252,110,7,235,249,190,248,133,189,0,224,0,223,0,242,0,98,0,41,0,19,0,13,0,11,
0,120,255,199,255,199,255,39,4,161,252,110,7,176,249,190,248,133,189,0,223,0,223,0,242,0,99,0,42,0,19,0,13,0,11,
0,120,255,199,255,191,255,39,4,161,252,110,7,50,249,178,248,129,190,0,223,0,223,0,242,0,98,0,41,0,19,0,13,0,11,
0,123,255,218,255,191,255,39,4,161,252,110,7,167,249,241,248,190,191,0,223,0,223,0,242,0,99,0,42,0,20,0,13,0,11,
0,124,255,217,255,171,255,39,4,161,252,110,7,125,250,178,248,72,191,0,223,0,223,0,242,0,99,0,42,0,20,0,13,0,11,
0,130,255,230,255,169,255,39,4,161,252,110,7,125,250,178,248,70,189,0,222,0,223,0,242,0,99,0,42,0,20,0,13,0,11,
0,130,255,230,255,169,255,217,3,169,252,137,7,85,250,111,248,70,189,0,222,0,223,0,242,0,99,0,42,0,20,0,13,0,11,
0,58,255,246,255,204,255,217,3,169,252,137,7,72,250,202,248,57,189,0,222,0,224,0,242,0,98,0,41,0,19,0,13,0,11,
0,110,255,245,255,206,255,217,3,169,252,137,7,144,249,169,248,0,190,0,222,0,224,0,242,0,98,0,41,0,19,0,13,0,11,
0,135,255,212,255,217,255,217,3,169,252,137,7,98,249,249,248,158,191,0,221,0,224,0,242,0,99,0,42,0,20,0,14,0,12,
0,135,255,212,255,217,255,217,3,169,252,137,7,98,249,249,248,158,191,0,221,0,224,0,242,0,99,0,41,0,19,0,13,0,11,
0,164,255,179,255,213,255,217,3,169,252,137,7,192,250,91,248,47,191,0,220,0,224,0,242,0,99,0,42,0,20,0,14,0,12,
0,130,255,200,255,223,255,217,3,169,252,137,7,33,250,42,248,110,188,0,221,0,224,0,242,0,98,0,41,0,19,0,13,0,11,
0,130,255,200,255,2,0,217,3,169,252,137,7,178,248,246,248,215,189,0,220,0,224,0,242,0,99,0,42,0,19,0,13,0,11,
0,93,255,200,255,2,0,217,3,169,252,137,7,178,248,191,248,213,191,0,219,0,223,0,241,0,99,0,43,0,20,0,14,0,12,
0,93,255,180,255,11,0,217,3,169,252,137,7,250,249,191,248,213,191,0,220,0,224,0,242,0,98,0,41,0,19,0,13,0,12,
0,109,255,197,255,241,255,2,4,140,252,33,7,88,250,102,248,95,190,0,219,0,223,0,241,0,99,0,42,0,20,0,14,0,12,
0,109,255,197,255,217,255,2,4,140,252,33,7,11,250,126,248,194,189,0,219,0,224,0,242,0,98,0,41,0,19,0,13,0,11,
0,120,255,207,255,217,255,2,4,140,252,33,7,45,249,148,248,208,188,0,218,0,223,0,241,0,99,0,42,0,19,0,13,0,11,
0,108,255,187,255,232,255,2,4,140,252,33,7,45,249,148,248,208,190,0,217,0,223,0,241,0,99,0,42,0,20,0,14,0,11,
0,52,255,153,255,233,255,2,4,140,252,33,7,44,249,169,248,82,190,0,217,0,224,0,241,0,98,0,41,0,19,0,14,0,11,
0,52,255,153,255,233,255,2,4,140,252,33,7,254,249,171,248,53,191,0,216,0,223,0,241,0,99,0,42,0,20,0,14,0,11,
0,71,255,145,255,236,255,2,4,140,252,33,7,133,250,132,248,213,189,0,216,0,223,0,241,0,98,0,36,0,18,0,13,0,12,
0,92,255,157,255,230,255,2,4,140,252,33,7,133,250,199,248,125,189,0,215,0,223,0,241,0,98,0,37,0,18,0,13,0,11,
0,65,255,168,255,244,255,2,4,140,252,33,7,49,249,199,248,125,189,0,215,0,223,0,241,0,98,0,39,0,18,0,13,0,11,
0,65,255,168,255,244,255,2,4,140,252,33,7,67,249,153,248,27,191,0,215,0,223,0,241,0,97,0,39,0,18,0,13,0,11,
0,44,255,174,255,10,0,2,4,140,252,33,7,89,249,139,248,226,189,0,214,0,223,0,240,0,98,0,40,0,19,0,13,0,11,
0,82,255,176,255,23,0,212,3,229,252,72,6,231,248,152,248,200,190,0,213,0,223,0,241,0,98,0,40,0,18,0,13,0,11,
0,82,255,176,255,14,0,212,3,229,252,72,6,231,248,152,248,80,191,0,212,0,223,0,241,0,98,0,40,0,18,0,13,0,11,
0,151,255,175,255,14,0,212,3,229,252,72,6,27,249,217,248,80,191,0,212,0,223,0,241,0,99,0,41,0,20,0,13,0,12,
0,109,255,173,255,33,0,212,3,229,252,72,6,152,249,102,248,193,191,0,212,0,223,0,241,0,98,0,41,0,20,0,13,0,11,
0,64,255,191,255,29,0,212,3,229,252,72,6,147,249,62,248,215,189,0,211,0,223,0,241,0,98,0,41,0,19,0,13,0,11,
0,64,255,191,255,29,0,212,3,229,252,72,6,147,249,72,248,21,189,0,211,0,223,0,240,0,98,0,42,0,20,0,14,0,12,
0,60,255,189,255,18,0,212,3,229,252,72,6,58,249,72,248,21,189,0,211,0,223,0,241,0,98,0,41,0,19,0,13,0,11,
0,50,255,167,255,242,255,212,3,229,252,72,6,41,248,218,248,159,190,0,211,0,222,0,241,0,98,0,42,0,20,0,14,0,12,
0,59,255,170,255,232,255,212,3,229,252,72,6,159,248,243,248,164,191,0,211,0,223,0,241,0,98,0,41,0,20,0,14,0,12,
0,59,255,170,255,232,255,212,3,229,252,72,6,89,249,182,248,154,191,0,211,0,223,0,241,0,98,0,41,0,19,0,13,0,11,
0,15,255,164,255,35,0,211,3,187,252,124,7,89,249,182,248,157,190,0,210,0,222,0,241,0,99,0,42,0,20,0,14,0,12,
0,35,255,167,255,36,0,211,3,187,252,124,7,33,249,176,248,157,190,0,211,0,222,0,241,0,98,0,41,0,19,0,13,0,11,
0,26,255,176,255,38,0,211,3,187,252,124,7,240,248,127,248,52,190,0,211,0,222,0,241,0,99,0,42,0,20,0,13,0,11,
0,26,255,176,255,38,0,211,3,187,252,124,7,185,248,250,248,246,190,0,211,0,222,0,242,0,98,0,42,0,19,0,13,0,11,
0,7,255,178,255,69,0,211,3,187,252,124,7,109,248,163,248,120,190,0,211,0,222,0,241,0,98,0,42,0,20,0,13,0,11,
0,5,255,171,255,28,0,211,3,187,252,124,7,109,248,163,248,120,190,0,212,0,222,0,242,0,98,0,41,0,19,0,13,0,11,
0,5,255,171,255,10,0,211,3,187,252,124,7,171,248,223,248,64,192,0,212,0,222,0,242,0,98,0,41,0,19,0,13,0,11,
0,253,254,168,255,10,0,211,3,187,252,124,7,164,248,226,248,124,191,0,212,0,222,0,242,0,99,0,46,0,20,0,13,0,11,
0,0,255,174,255,26,0,211,3,187,252,124,7,163,248,204,248,102,192,0,212,0,222,0,243,0,99,0,45,0,21,0,13,0,11,
0,233,254,185,255,40,0,211,3,187,252,124,7,163,248,141,248,30,190,0,212,0,222,0,242,0,99,0,44,0,20,0,13,0,11,
0,233,254,185,255,40,0,25,4,175,252,121,7,62,249,141,248,30,190,0,213,0,222,0,243,0,99,0,43,0,20,0,13,0,11,
0,229,254,201,255,46,0,25,4,175,252,121,7,171,248,139,248,31,190,0,213,0,222,0,243,0,99,0,43,0,20,0,13,0,11,
0,1,255,210,255,29,0,25,4,175,252,121,7,140,247,44,249,93,191,0,213,0,222,0,242,0,99,0,43,0,20,0,14,0,11,
0,242,254,201,255,30,0,25,4,175,252,121,7,216,248,16,249,86,192,0,213,0,223,0,243,0,99,0,43,0,20,0,14,0,12,
0,242,254,201,255,30,0,25,4,175,252,121,7,216,248,16,249,86,191,0,213,0,222,0,243,0,99,0,43,0,20,0,14,0,11,
0,227,254,175,255,7,0,25,4,175,252,121,7,92,249,26,249,222,191,0,214,0,223,0,243,0,99,0,42,0,19,0,13,0,11,
0,170,254,176,255,11,0,25,4,175,252,121,7,153,249,239,248,247,190,0,214,0,223,0,243,0,99,0,42,0,20,0,13,0,11,
0,190,254,221,255,6,0,25,4,175,252,121,7,250,248,239,248,183,189,0,214,0,223,0,243,0,99,0,43,0,20,0,14,0,12,
0,190,254,221,255,6,0,25,4,175,252,121,7,250,248,34,249,117,190,0,214,0,223,0,243,0,99,0,42,0,20,0,14,0,12,
0,234,254,244,255,3,0,25,4,175,252,121,7,132,248,34,249,117,190,0,214,0,223,0,243,0,99,0,43,0,20,0,14,0,11,
0,202,254,2,0,42,0,175,3,206,252,186,6,230,248,89,249,100,191,0,214,0,223,0,243,0,99,0,42,0,20,0,13,0,11,
0,202,254,2,0,33,0,175,3,206,252,186,6,226,248,126,249,27,191,0,214,0,223,0,243,0,99,0,42,0,19,0,13,0,11,
0,184,254,235,255,33,0,175,3,206,252,186,6,65,249,68,249,33,191,0,213,0,223,0,243,0,99,0,43,0,20,0,14,0,12,
0,195,254,230,255,13,0,175,3,206,252,186,6,65,249,68,249,11,191,0,214,0,224,0,243,0,99,0,42,0,19,0,13,0,11,
0,209,254,239,255,242,255,175,3,206,252,186,6,60,249,87,249,11,191,0,213,0,224,0,243,0,99,0,42,0,20,0,13,0,11,
0,209,254,239,255,242,255,175,3,206,252,186,6,167,249,92,249,92,190,0,214,0,224,0,244,0,99,0,41,0,19,0,13,0,11,
0,210,254,248,255,223,255,175,3,206,252,186,6,146,248,37,249,46,190,0,213,0,224,0,244,0,99,0,41,0,19,0,13,0,11,
0,180,254,255,255,241,255,175,3,206,252,186,6,146,248,112,249,195,191,0,213,0,225,0,244,0,99,0,42,0,20,0,14,0,11,
0,189,254,1,0,240,255,175,3,206,252,186,6,85,248,112,249,195,191,0,213,0,225,0,244,0,99,0,42,0,19,0,13,0,11,
0,189,254,1,0,240,255,175,3,206,252,186,6,130,249,121,249,153,192,0,212,0,225,0,244,0,99,0,42,0,20,0,14,0,11,
0,209,254,13,0,0,0,175,3,206,252,186,7,250,249,48,249,49,190,0,213,0,226,0,244,0,99,0,41,0,19,0,13,0,11,
0,227,254,16,0,245,255,196,3,176,252,161,7,103,249,16,249,66,190,0,212,0,226,0,245,0,99,0,42,0,19,0,13,0,11,
0,249,254,28,0,242,255,196,3,176,252,161,7,103,249,16,249,92,191,0,212,0,226,0,245,0,100,0,43,0,20,0,13,0,12,
0,249,254,28,0,242,255,196,3,176,252,161,7,210,248,107,249,92,191,0,212,0,226,0,245,0,100,0,42,0,20,0,13,0,12,
0,230,254,48,0,9,0,196,3,176,252,161,7,66,250,40,249,219,192,0,212,0,226,0,245,0,100,0,43,0,20,0,14,0,11,
0,229,254,76,0,12,0,196,3,176,252,161,7,86,249,66,249,228,189,0,212,0,227,0,246,0,100,0,43,0,19,0,13,0,11,
0,229,254,76,0,26,0,196,3,176,252,161,7,198,249,149,249,185,192,0,212,0,227,0,246,0,100,0,43,0,20,0,14,0,12,
0,11,255,90,0,26,0,196,3,176,252,161,7,198,249,149,249,185,192,0,212,0,227,0,246,0,100,0,42,0,20,0,13,0,12,
0,14,255,80,0,20,0,196,3,176,252,161,7,196,250,211,248,20,190,0,212,0,228,0,247,0,100,0,43,0,20,0,14,0,12,
0,7,255,74,0,6,0,196,3,176,252,161,7,121,249,98,249,152,189,0,211,0,227,0,247,0,101,0,43,0,20,0,14,0,12,
0,7,255,74,0,6,0,196,3,176,252,161,7,147,249,98,249,210,191,0,211,0,228,0,247,0,100,0,42,0,20,0,14,0,12,
0,20,255,73,0,8,0,217,3,197,252,166,6,147,249,31,249,232,191,0,211,0,228,0,247,0,101,0,42,0,19,0,13,0,11,
0,38,255,46,0,2,0,217,3,197,252,166,6,111,250,31,249,232,191,0,211,0,228,0,247,0,101,0,43,0,20,0,13,0,11,
0,44,255,49,0,12,0,217,3,197,252,166,6,71,250,235,248,17,190,0,211,0,228,0,248,0,101,0,42,0,20,0,13,0,11,
0,44,255,49,0,12,0,217,3,197,252,166,6,46,250,182,248,246,189,0,210,0,228,0,248,0,102,0,43,0,20,0,13,0,11,
0,14,255,53,0,29,0,217,3,197,252,166,6,104,249,7,249,62,191,0,211,0,229,0,248,0,101,0,43,0,19,0,13,0,11,
0,254,254,89,0,60,0,217,3,197,252,166,6,104,249,7,249,222,191,0,210,0,228,0,248,0,102,0,43,0,20,0,14,0,11,
0,23,255,85,0,61,0,217,3,197,252,166,6,167,250,193,248,222,191,0,210,0,228,0,248,0,101,0,43,0,20,0,14,0,11,
0,23,255,85,0,61,0,217,3,197,252,166,6,180,250,62,248,41,188,0,210,0,228,0,248,0,101,0,43,0,19,0,13,0,11,
0,41,255,39,0,31,0,217,3,197,252,166,6,10,249,6,249,66,190,0,209,0,228,0,248,0,102,0,43,0,20,0,14,0,11,
0,251,254,41,0,12,0,217,3,197,252,166,6,10,249,234,248,211,192,0,209,0,228,0,248,0,101,0,43,0,19,0,13,0,11,
0,251,254,41,0,10,0,193,3,189,252,94,6,241,250,234,248,211,192,0,209,0,228,0,248,0,101,0,43,0,19,0,13,0,11,
0,26,255,56,0,10,0,193,3,189,252,94,6,0,251,43,248,24,190,0,209,0,228,0,247,0,102,0,43,0,20,0,14,0,12,
0,17,255,72,0,38,0,193,3,189,252,94,6,137,249,48,248,43,189,0,209,0,228,0,247,0,101,0,43,0,20,0,14,0,12,
0,20,255,61,0,50,0,193,3,189,252,94,6,142,249,63,249,34,194,0,208,0,228,0,247,0,102,0,43,0,20,0,14,0,12,
0,20,255,61,0,50,0,193,3,189,252,94,6,142,249,63,249,171,190,0,208,0,228,0,247,0,101,0,43,0,20,0,13,0,11,
0,250,254,33,0,56,0,193,3,189,252,94,6,117,251,28,248,171,190,0,208,0,228,0,247,0,101,0,43,0,20,0,13,0,11,
0,234,254,25,0,46,0,193,3,189,252,94,6,169,249,55,248,136,188,0,207,0,228,0,246,0,101,0,43,0,20,0,14,0,12,
0,224,254,26,0,38,0,193,3,189,252,94,6,59,249,206,248,144,192,0,207,0,228,0,246,0,101,0,43,0,20,0,14,0,12,
0,224,254,26,0,38,0,193,3,189,252,94,6,69,251,27,248,246,191,0,206,0,228,0,245,0,101,0,43,0,20,0,14,0,12,
0,252,254,36,0,22,0,193,3,189,252,94,6,69,251,27,248,246,191,0,206,0,228,0,245,0,100,0,43,0,19,0,13,0,11,
0,223,254,30,0,35,0,241,3,192,252,226,6,204,249,44,248,103,189,0,206,0,229,0,245,0,100,0,43,0,19,0,13,0,11,
0,235,254,30,0,31,0,241,3,192,252,226,6,184,249,106,248,195,191,0,205,0,228,0,244,0,100,0,43,0,20,0,13,0,12,
0,235,254,59,0,31,0,241,3,192,252,226,6,98,250,129,248,53,192,0,205,0,228,0,244,0,100,0,42,0,20,0,14,0,11,
0,231,254,35,0,10,0,241,3,192,252,226,6,98,250,78,248,128,189,0,204,0,228,0,244,0,100,0,42,0,19,0,13,0,11,
0,235,254,13,0,250,255,241,3,192,252,226,6,31,250,78,248,128,189,0,204,0,227,0,243,0,100,0,43,0,20,0,13,0,11,
0,235,254,13,0,7,0,241,3,192,252,226,6,186,249,186,248,232,191,0,203,0,227,0,243,0,99,0,42,0,19,0,13,0,11,
0,242,254,1,0,7,0,241,3,192,252,226,6,120,250,107,248,58,191,0,203,0,227,0,242,0,100,0,43,0,20,0,13,0,11,
0,249,254,246,255,8,0,241,3,192,252,226,6,248,249,46,248,103,189,0,203,0,227,0,242,0,99,0,42,0,19,0,13,0,11,
0,250,254,247,255,3,0,241,3,192,252,226,6,248,249,46,248,103,192,0,202,0,226,0,241,0,99,0,42,0,20,0,14,0,11,
0,250,254,247,255,3,0,241,3,192,252,226,6,192,249,243,248,67,192,0,203,0,226,0,241,0,99,0,41,0,19,0,13,0,11,
0,230,254,13,0,4,0,213,3,201,252,215,5,124,250,202,248,8,192,0,202,0,226,0,240,0,98,0,42,0,19,0,13,0,11,
0,229,254,251,255,254,255,213,3,201,252,215,5,191,250,140,248,6,191,0,202,0,225,0,239,0,99,0,42,0,18,0,13,0,11,
0,230,254,11,0,255,255,213,3,201,252,215,5,191,250,215,248,188,189,0,202,0,225,0,239,0,98,0,42,0,18,0,13,0,12,
0,230,254,11,0,255,255,213,3,201,252,215,5,100,249,215,248,188,189,0,202,0,225,0,239,0,97,0,36,0,17,0,14,0,12,
0,230,254,23,0,17,0,213,3,201,252,215,5,95,249,127,249,187,193,0,201,0,224,0,238,0,98,0,38,0,18,0,13,0,12,
0,222,254,35,0,26,0,213,3,201,252,215,5,255,250,35,249,226,191,0,201,0,225,0,239,0,97,0,38,0,17,0,13,0,11,
0,211,254,35,0,19,0,213,3,201,252,215,5,116,250,22,249,8,189,0,201,0,224,0,238,0,98,0,40,0,18,0,13,0,12,
0,211,254,14,0,19,0,213,3,201,252,215,5,116,250,22,249,79,190,0,202,0,224,0,238,0,97,0,40,0,18,0,13,0,12,
0,214,254,0,0,255,255,213,3,201,252,215,5,218,248,228,249,79,190,0,201,0,223,0,237,0,97,0,41,0,18,0,13,0,11,
0,236,254,250,255,253,255,213,3,201,252,215,5,165,249,245,249,220,193,0,202,0,223,0,237,0,97,0,40,0,17,0,12,0,11,
0,236,254,250,255,20,0,213,3,201,252,215,5,70,251,30,249,186,191,0,202,0,222,0,237,0,97,0,40,0,17,0,13,0,11,
0,228,254,12,0,20,0,170,3,228,252,20,7,5,250,243,249,110,190,0,202,0,222,0,236,0,97,0,41,0,19,0,13,0,11,
0,253,254,23,0,250,255,170,3,228,252,20,7,5,250,243,249,110,190,0,202,0,222,0,236,0,96,0,41,0,19,0,13,0,11,
0,3,255,16,0,244,255,170,3,228,252,20,7,63,249,243,249,59,190,0,203,0,221,0,235,0,96,0,41,0,19,0,13,0,11,
0,3,255,16,0,244,255,170,3,228,252,20,7,117,249,95,250,72,191,0,203,0,221,0,235,0,96,0,40,0,17,0,12,0,11,
0,253,254,2,0,213,255,170,3,228,252,20,7,247,249,135,250,117,191,0,203,0,221,0,235,0,95,0,40,0,17,0,12,0,10,
0,227,254,43,0,207,255,170,3,228,252,20,7,247,249,135,250,240,189,0,204,0,220,0,235,0,96,0,40,0,19,0,13,0,11,
0,230,254,74,0,231,255,170,3,228,252,20,7,249,249,125,250,240,189,0,205,0,221,0,235,0,95,0,40,0,18,0,13,0,11,
0,230,254,74,0,231,255,170,3,228,252,20,7,39,250,127,250,62,189,0,205,0,220,0,235,0,95,0,40,0,18,0,13,0,11,
0,15,255,42,0,231,255,170,3,228,252,20,7,232,249,9,251,117,190,0,206,0,220,0,235,0,95,0,40,0,17,0,12,0,11,
0,20,255,19,0,236,255,170,3,228,252,20,7,50,250,136,251,105,191,0,206,0,220,0,235,0,95,0,40,0,18,0,12,0,11,
0,39,255,19,0,232,255,7,4,169,252,239,6,50,250,136,251,105,191,0,206,0,220,0,235,0,96,0,41,0,18,0,13,0,11,
0,39,255,26,0,232,255,7,4,169,252,239,6,186,250,65,251,250,190,0,207,0,220,0,235,0,95,0,40,0,18,0,13,0,12,
0,43,255,24,0,211,255,7,4,169,252,239,6,78,250,75,251,213,189,0,207,0,219,0,235,0,96,0,41,0,19,0,13,0,11,
0,48,255,40,0,239,255,7,4,169,252,239,6,213,250,77,251,126,189,0,208,0,220,0,236,0,95,0,40,0,18,0,13,0,11,
0,48,255,40,0,224,255,7,4,169,252,239,6,213,250,112,251,64,190,0,208,0,219,0,236,0,96,0,45,0,19,0,13,0,11,
0,54,255,28,0,224,255,7,4,169,252,239,6,0,250,112,251,64,190,0,209,0,219,0,236,0,96,0,44,0,20,0,13,0,11,
0,91,255,14,0,201,255,7,4,169,252,239,6,29,251,169,251,124,190,0,209,0,219,0,236,0,96,0,43,0,20,0,13,0,11,
0,126,255,18,0,169,255,7,4,169,252,239,6,228,250,212,251,126,190,0,210,0,219,0,236,0,96,0,43,0,19,0,13,0,11,
0,126,255,18,0,169,255,7,4,169,252,239,6,232,250,165,251,205,189,0,211,0,220,0,237,0,96,0,42,0,19,0,13,0,11,
0,125,255,44,0,149,255,7,4,169,252,239,6,232,250,165,251,85,189,0,211,0,219,0,237,0,96,0,43,0,19,0,13,0,11,
0,95,255,54,0,167,255,169,3,194,252,198,5,197,250,109,251,85,189,0,212,0,220,0,237,0,96,0,42,0,19,0,13,0,11,
0,148,255,65,0,228,255,169,3,194,252,198,5,153,250,211,251,204,189,0,212,0,220,0,238,0,96,0,41,0,19,0,13,0,11,
0,148,255,65,0,228,255,169,3,194,252,198,5,192,250,78,252,234,191,0,213,0,220,0,237,0,96,0,41,0,19,0,13,0,11,
0,150,255,58,0,245,255,169,3,194,252,198,5,192,250,201,251,223,190,0,214,0,221,0,238,0,96,0,41,0,18,0,12,0,11,
0,174,255,68,0,220,255,169,3,194,252,198,5,222,251,201,251,223,190,0,214,0,220,0,238,0,97,0,41,0,19,0,13,0,11,
0,174,255,68,0,196,255,169,3,194,252,198,5,195,250,87,251,206,187,0,215,0,221,0,238,0,97,0,41,0,19,0,13,0,11,
0,199,255,96,0,196,255,169,3,194,252,198,5,211,250,187,251,21,191,0,216,0,221,0,239,0,96,0,41,0,18,0,12,0,11,
0,217,255,122,0,225,255,169,3,194,252,198,5,226,251,156,251,60,190,0,217,0,222,0,239,0,96,0,41,0,17,0,13,0,11,
0,230,255,101,0,224,255,169,3,194,252,198,5,226,251,156,251,8,189,0,217,0,222,0,239,0,97,0,41,0,19,0,13,0,11,
0,230,255,101,0,240,255,169,3,194,252,198,5,123,251,67,251,8,189,0,219,0,222,0,239,0,96,0,41,0,18,0,12,0,11,
0,10,0,85,0,240,255,200,3,223,252,249,6,34,251,102,251,181,190,0,219,0,222,0,239,0,97,0,41,0,19,0,13,0,11,
0,242,255,89,0,252,255,200,3,223,252,249,6,107,251,107,251,229,190,0,220,0,223,0,239,0,97,0,41,0,19,0,13,0,11,
0,237,255,108,0,250,255,200,3,223,252,249,6,56,252,78,251,44,190,0,220,0,223,0,239,0,97,0,41,0,19,0,13,0,11,
0,237,255,108,0,250,255,200,3,223,252,249,6,56,252,78,251,44,190,0,222,0,223,0,240,0,97,0,41,0,20,0,13,0,11,
0,25,0,117,0,245,255,200,3,223,252,249,6,245,251,248,250,179,189,0,222,0,223,0,240,0,97,0,41,0,20,0,13,0,11,
0,15,0,118,0,14,0,200,3,223,252,249,6,208,251,163,250,121,189,0,222,0,223,0,240,0,98,0,42,0,20,0,14,0,12,
0,189,255,121,0,9,0,200,3,223,252,249,6,62,251,232,250,91,190,0,223,0,224,0,240,0,98,0,41,0,20,0,14,0,12,
0,189,255,121,0,9,0,200,3,223,252,249,6,62,251,233,250,7,191,0,223,0,224,0,240,0,98,0,41,0,20,0,13,0,11,
0,228,255,98,0,2,0,200,3,223,252,249,6,58,251,233,250,7,191,0,223,0,225,0,241,0,97,0,41,0,19,0,13,0,11,
0,238,255,81,0,245,255,200,3,223,252,249,6,179,252,131,250,97,191,0,223,0,225,0,241,0,98,0,41,0,19,0,13,0,11,
0,238,255,81,0,248,255,200,3,223,252,249,6,107,252,50,250,117,189,0,223,0,225,0,241,0,99,0,41,0,20,0,13,0,11,
0,200,255,77,0,248,255,165,3,205,252,117,7,79,252,61,250,203,189,0,224,0,225,0,241,0,98,0,42,0,20,0,13,0,11,
0,235,255,92,0,253,255,165,3,205,252,117,7,79,252,61,250,203,189,0,224,0,225,0,241,0,98,0,41,0,20,0,13,0,11,
0,13,0,98,0,2,0,165,3,205,252,117,7,37,251,98,250,151,189,0,224,0,226,0,242,0,98,0,41,0,19,0,13,0,11,
0,13,0,98,0,210,255,165,3,205,252,117,7,183,251,160,250,87,192,0,225,0,226,0,242,0,98,0,41,0,19,0,13,0,11,
0,33,0,94,0,210,255,165,3,205,252,117,7,53,253,24,250,57,192,0,224,0,226,0,242,0,99,0,42,0,20,0,13,0,11,
0,30,0,110,0,206,255,165,3,205,252,117,7,53,253,137,249,235,187,0,225,0,226,0,242,0,98,0,41,0,19,0,13,0,11,
0,1,0,115,0,222,255,165,3,205,252,117,7,147,252,137,249,235,187,0,224,0,226,0,242,0,99,0,42,0,20,0,13,0,11,
0,1,0,115,0,222,255,165,3,205,252,117,7,31,251,51,250,239,189,0,225,0,227,0,242,0,98,0,41,0,19,0,13,0,11,
0,240,255,73,0,221,255,165,3,205,252,117,7,66,252,34,250,147,193,0,225,0,227,0,243,0,98,0,41,0,19,0,12,0,11,
0,17,0,83,0,232,255,165,3,205,252,117,7,124,253,125,249,72,190,0,225,0,227,0,242,0,99,0,42,0,20,0,13,0,11,
0,50,0,100,0,9,0,154,3,9,253,168,6,124,253,125,249,43,189,0,225,0,227,0,242,0,98,0,42,0,20,0,14,0,12,
0,50,0,100,0,9,0,154,3,9,253,168,6,230,251,73,249,43,189,0,224,0,227,0,242,0,99,0,42,0,20,0,14,0,12,
0,42,0,112,0,8,0,154,3,9,253,168,6,3,251,181,249,89,191,0,225,0,227,0,242,0,99,0,42,0,19,0,13,0,11,
0,14,0,121,0,15,0,154,3,9,253,168,6,246,252,163,249,221,191,0,224,0,227,0,242,0,99,0,43,0,20,0,14,0,12,
0,14,0,121,0,25,0,154,3,9,253,168,6,246,252,4,249,137,188,0,224,0,227,0,242,0,99,0,42,0,20,0,14,0,12,
0,250,255,80,0,25,0,154,3,9,253,168,6,134,252,4,249,137,188,0,224,0,228,0,242,0,99,0,43,0,20,0,14,0,12,
0,224,255,64,0,5,0,154,3,9,253,168,6,74,251,164,249,24,191,0,224,0,227,0,241,0,99,0,42,0,20,0,13,0,11,
0,241,255,60,0,6,0,154,3,9,253,168,6,80,253,75,249,96,190,0,224,0,228,0,242,0,98,0,42,0,19,0,13,0,11,
0,241,255,60,0,6,0,154,3,9,253,168,6,209,251,110,249,193,189,0,224,0,228,0,242,0,98,0,41,0,19,0,13,0,11,
0,6,0,75,0,0,0,154,3,9,253,168,6,209,251,110,249,226,190,0,223,0,227,0,241,0,99,0,42,0,20,0,14,0,11,
0,238,255,92,0,5,0,192,3,195,252,26,6,71,252,101,249,226,190,0,224,0,228,0,241,0,98,0,42,0,20,0,13,0,12,
0,214,255,89,0,221,255,192,3,195,252,26,6,137,252,31,249,248,190,0,223,0,228,0,241,0,98,0,41,0,19,0,13,0,11,
0,214,255,89,0,221,255,192,3,195,252,26,6,208,252,34,249,54,189,0,223,0,227,0,241,0,99,0,42,0,20,0,13,0,11,
0,34,0,57,0,249,255,192,3,195,252,26,6,147,252,30,249,48,190,0,223,0,228,0,241,0,98,0,41,0,19,0,13,0,11,
0,49,0,29,0,2,0,192,3,195,252,26,6,147,252,30,249,48,190,0,222,0,227,0,241,0,99,0,42,0,20,0,14,0,11,
0,25,0,24,0,245,255,192,3,195,252,26,6,71,252,39,249,83,190,0,222,0,228,0,241,0,98,0,41,0,19,0,13,0,11,
0,25,0,24,0,245,255,192,3,195,252,26,6,210,252,100,249,172,190,0,221,0,228,0,240,0,98,0,42,0,20,0,13,0,11,
0,40,0,58,0,226,255,192,3,195,252,26,6,31,252,112,249,120,191,0,221,0,228,0,240,0,98,0,41,0,19,0,13,0,11,
0,98,0,48,0,194,255,192,3,195,252,26,6,31,252,250,248,42,190,0,221,0,228,0,239,0,98,0,42,0,18,0,13,0,11,
0,98,0,48,0,223,255,192,3,195,252,26,6,141,253,250,248,42,190,0,220,0,228,0,239,0,98,0,42,0,18,0,13,0,11,
0,79,0,54,0,223,255,185,3,215,252,99,6,163,251,183,249,96,190,0,220,0,228,0,239,0,97,0,42,0,19,0,13,0,11,
0,51,0,50,0,237,255,185,3,215,252,99,6,157,252,106,249,210,191,0,220,0,229,0,239,0,97,0,41,0,18,0,13,0,11,
0,16,0,66,0,235,255,185,3,215,252,99,6,53,253,23,249,53,189,0,219,0,228,0,239,0,98,0,42,0,19,0,13,0,12,
0,16,0,66,0,235,0,185,3,215,252,99,6,53,253,23,249,181,191,0,219,0,229,0,239,0,97,0,41,0,18,0,13,0,11,
0,255,255,88,0,9,0,185,3,215,252,99,6,88,251,215,249,181,191,0,219,0,229,0,238,0,98,0,42,0,19,0,13,0,12,
0,226,255,69,0,249,255,185,3,215,252,99,6,92,253,76,249,186,191,0,219,0,229,0,239,0,97,0,41,0,18,0,13,0,11,
0,241,255,68,0,210,255,185,3,215,252,99,6,201,252,230,248,158,187,0,218,0,229,0,238,0,97,0,41,0,18,0,13,0,11,
0,241,255,68,0,210,255,185,3,215,252,99,6,201,252,217,249,81,190,0,218,0,229,0,238,0,98,0,41,0,19,0,13,0,12,
0,233,255,80,0,215,255,185,3,215,252,99,6,9,251,217,249,81,190,0,217,0,229,0,238,0,97,0,41,0,18,0,12,0,11,
0,235,255,55,0,205,255,185,3,215,252,99,6,15,253,176,249,232,192,0,218,0,230,0,238,0,97,0,41,0,19,0,13,0,11,
0,5,0,42,0,222,255,185,3,215,252,99,6,34,253,66,249,224,188,0,217,0,230,0,238,0,96,0,36,0,18,0,13,0,12,
0,5,0,42,0,222,255,145,3,230,252,178,6,125,252,173,249,98,189,0,217,0,230,0,238,0,96,0,36,0,17,0,13,0,12,
0,6,0,42,0,194,255,145,3,230,252,178,6,125,252,173,249,62,191,0,216,0,230,0,237,0,97,0,38,0,17,0,13,0,11,
0,11,0,54,0,199,255,145,3,230,252,178,6,159,251,65,250,62,191,0,217,0,230,0,238,0,96,0,38,0,17,0,12,0,11,
0,11,0,54,0,218,255,145,3,230,252,178,6,59,253,3,250,28,192,0,216,0,230,0,237,0,97,0,40,0,18,0,13,0,11,
0,215,255,46,0,218,255,145,3,230,252,178,6,236,252,136,249,95,188,0,216,0,231,0,238,0,96,0,40,0,18,0,13,0,11,
0,205,255,36,0,222,255,145,3,230,252,178,6,129,251,102,250,229,189,0,216,0,231,0,238,0,96,0,40,0,19,0,13,0,11,
0,188,255,20,0,221,255,145,3,230,252,178,6,129,251,102,250,229,189,0,216,0,231,0,237,0,97,0,40,0,18,0,13,0,11,
0,188,255,20,0,221,255,145,3,230,252,178,6,174,252,157,250,219,192,0,216,0,231,0,238,0,96,0,40,0,17,0,12,0,11,
0,204,255,254,255,205,255,145,3,230,252,178,6,213,253,11,250,19,190,0,216,0,231,0,237,0,97,0,40,0,18,0,13,0,11,
0,245,255,33,0,190,255,145,3,230,252,178,6,108,252,210,249,247,187,0,216,0,232,0,238,0,96,0,41,0,18,0,13,0,11,
0,12,0,35,0,210,255,185,3,17,253,142,6,108,252,73,250,21,190,0,216,0,231,0,237,0,97,0,41,0,18,0,13,0,11,
0,12,0,35,0,210,255,185,3,17,253,142,6,31,252,73,250,21,190,0,216,0,232,0,238,0,96,0,40,0,18,0,13,0,12,
0,32,0,26,0,217,255,185,3,17,253,142,6,157,252,160,250,7,192,0,216,0,232,0,238,0,96,0,40,0,18,0,13,0,11,
0,27,0,40,0,209,255,185,3,17,253,142,6,227,253,216,249,90,189,0,216,0,232,0,237,0,97,0,41,0,19,0,13,0,12,
0,41,0,67,0,217,255,185,3,17,253,142,6,113,252,52,250,215,188,0,217,0,232,0,237,0,96,0,41,0,19,0,13,0,11,
0,41,0,67,0,217,255,185,3,17,253,142,6,113,252,52,250,215,188,0,217,0,232,0,237,0,97,0,41,0,19,0,13,0,11,
0,48,0,74,0,214,255,185,3,17,253,142,6,81,252,159,250,222,189,0,217,0,232,0,238,0,96,0,41,0,19,0,13,0,11,
0,21,0,75,0,246,255,185,3,17,253,142,6,47,253,183,250,190,191,0,217,0,232,0,238,0,96,0,40,0,18,0,12,0,11,
0,21,0,75,0,221,255,185,3,17,253,142,6,141,253,69,250,10,189,0,217,0,232,0,237,0,97,0,41,0,19,0,13,0,11,
0,234,255,72,0,221,255,185,3,17,253,142,6,141,253,119,250,35,188,0,217,0,233,0,237,0,96,0,41,0,18,0,13,0,11,
0,186,255,50,0,229,255,132,3,232,252,112,6,128,252,119,250,35,188,0,218,0,233,0,237,0,96,0,40,0,18,0,12,0,11,
0,227,255,2,0,227,255,132,3,232,252,112,6,247,251,112,250,246,189,0,217,0,233,0,237,0,97,0,45,0,19,0,13,0,11,
0,227,255,2,0,227,255,132,3,232,252,112,6,102,253,178,250,187,191,0,217,0,234,0,238,0,96,0,43,0,18,0,12,0,10,
0,239,255,8,0,215,255,132,3,232,252,112,6,78,253,54,250,231,188,0,217,0,234,0,237,0,97,0,44,0,20,0,13,0,11,
0,241,255,6,0,189,255,132,3,232,252,112,6,78,253,54,250,210,188,0,217,0,235,0,238,0,96,0,42,0,19,0,12,0,11,
0,23,0,3,0,180,255,132,3,232,252,112,6,167,252,91,250,210,188,0,216,0,235,0,238,0,97,0,43,0,19,0,13,0,11,
0,23,0,3,0,180,255,132,3,232,252,112,6,218,252,173,250,134,191,0,216,0,236,0,238,0,96,0,41,0,18,0,13,0,11,
0,46,0,40,0,210,255,132,3,232,252,112,6,89,253,255,249,169,188,0,215,0,236,0,238,0,97,0,42,0,19,0,13,0,11,
0,6,0,32,0,241,255,132,3,232,252,112,6,89,252,107,250,235,189,0,215,0,237,0,239,0,97,0,42,0,19,0,13,0,11,
0,245,255,13,0,234,255,132,3,232,252,112,6,90,252,107,250,235,189,0,214,0,238,0,239,0,97,0,41,0,18,0,13,0,11,
0,245,255,13,0,234,255,173,3,235,252,50,7,70,254,247,249,160,191,0,214,0,238,0,240,0,97,0,41,0,20,0,13,0,11,
0,29,0,3,0,216,255,173,3,235,252,50,7,96,253,137,249,250,187,0,213,0,239,0,240,0,97,0,42,0,20,0,14,0,12,
0,248,255,248,255,207,255,173,3,235,252,50,7,6,252,80,250,230,191,0,212,0,239,0,241,0,97,0,41,0,20,0,13,0,11,
0,248,255,248,255,212,255,173,3,235,252,50,7,6,252,80,250,37,192,0,212,0,240,0,241,0,98,0,42,0,20,0,14,0,12,
0,245,255,255,255,212,255,173,3,235,252,50,7,39,254,139,249,37,192,0,211,0,241,0,242,0,97,0,42,0,20,0,14,0,12,
0,21,0,24,0,226,255,173,3,235,252,50,7,232,252,8,249,141,187,0,210,0,241,0,243,0,98,0,42,0,20,0,13,0,11,
0,12,0,43,0,224,255,173,3,235,252,50,7,26,252,8,250,240,191,0,210,0,242,0,244,0,98,0,41,0,19,0,13,0,11,
0,12,0,43,0,224,255,173,3,235,252,50,7,231,253,19,249,152,191,0,209,0,242,0,244,0,99,0,42,0,20,0,14,0,12,
0,236,255,24,0,235,255,173,3,235,252,50,7,231,253,19,249,152,191,0,208,0,243,0,244,0,99,0,42,0,20,0,13,0,11,
0,227,255,247,255,231,255,173,3,235,252,50,7,204,252,162,248,245,188,0,208,0,243,0,245,0,99,0,42,0,20,0,13,0,11,
0,201,255,192,255,235,255,173,3,46,253,219,6,169,252,134,249,109,192,0,207,0,244,0,245,0,99,0,42,0,20,0,13,0,11,
0,201,255,192,255,235,255,114,3,46,253,219,6,23,253,34,249,8,191,0,207,0,244,0,246,0,99,0,41,0,19,0,13,0,11,
0,201,255,139,255,218,255,114,3,46,253,219,6,23,253,142,248,248,188,0,206,0,244,0,246,0,100,0,42,0,20,0,13,0,11,
0,132,255,147,255,201,255,114,3,46,253,219,6,103,252,142,248,248,188,0,206,0,244,0,247,0,100,0,43,0,20,0,13,0,11,
0,128,255,147,255,221,255,114,3,46,253,219,6,38,252,149,249,146,192,0,206,0,244,0,247,0,100,0,43,0,20,0,13,0,11,
0,128,255,167,255,221,255,114,3,46,253,219,6,4,253,129,248,75,188,0,205,0,245,0,247,0,101,0,43,0,20,0,13,0,11,
0,212,255,185,255,184,255,114,3,46,253,219,6,41,251,38,249,25,189,0,206,0,245,0,249,0,100,0,42,0,19,0,13,0,11,
0,178,255,199,255,170,255,114,3,46,253,219,6,41,251,38,249,205,193,0,206,0,245,0,249,0,101,0,42,0,19,0,13,0,11,
0,178,255,199,255,193,255,114,3,46,253,219,6,253,251,51,249,205,193,0,205,0,245,0,249,0,102,0,43,0,20,0,14,0,12,
0,114,255,176,255,193,255,114,3,46,253,219,6,4,253,54,248,126,188,0,206,0,245,0,249,0,101,0,43,0,20,0,13,0,11,
0,92,255,173,255,196,255,114,3,46,253,219,6,123,250,47,249,68,189,0,205,0,245,0,249,0,102,0,43,0,20,0,14,0,11,
0,125,255,157,255,210,255,159,3,236,252,104,6,123,250,10,249,21,192,0,205,0,246,0,250,0,102,0,43,0,19,0,13,0,11,
0,125,255,157,255,210,255,159,3,236,252,104,6,218,251,10,249,21,192,0,205,0,245,0,250,0,102,0,43,0,20,0,14,0,12,
0,161,255,159,255,204,255,159,3,236,252,104,6,119,252,56,248,227,188,0,205,0,245,0,250,0,102,0,44,0,20,0,14,0,12,
0,162,255,165,255,205,255,159,3,236,252,104,6,64,251,190,248,227,188,0,205,0,246,0,250,0,102,0,43,0,20,0,14,0,12,
0,155,255,188,255,176,255,159,3,236,252,104,6,154,251,187,248,66,189,0,205,0,245,0,250,0,102,0,44,0,20,0,14,0,11,
0,155,255,188,255,176,255,159,3,236,252,104,6,154,251,187,248,135,188,0,205,0,245,0,251,0,102,0,43,0,19,0,13,0,11,
0,138,255,197,255,193,255,159,3,236,252,104,6,88,252,28,248,135,188,0,205,0,245,0,251,0,102,0,43,0,20,0,13,0,11,
0,116,255,178,255,202,255,159,3,236,252,104,6,28,251,147,248,107,189,0,205,0,245,0,251,0,103,0,44,0,20,0,14,0,11,
0,114,255,178,255,217,255,159,3,236,252,104,6,163,251,227,248,163,190,0,206,0,245,0,251,0,102,0,43,0,20,0,13,0,11,
0,114,255,197,255,217,255,159,3,236,252,104,6,55,252,115,248,168,188,0,205,0,244,0,251,0,103,0,44,0,20,0,14,0,11,
0,110,255,234,255,220,255,150,3,239,252,194,6,55,252,115,248,168,188,0,205,0,245,0,252,0,103,0,43,0,20,0,13,0,11,
0,65,255,240,255,199,255,150,3,239,252,194,6,147,251,245,247,117,189,0,205,0,244,0,252,0,103,0,43,0,20,0,13,0,11,
0,65,255,240,255,178,255,150,3,239,252,194,6,56,251,102,248,119,189,0,205,0,244,0,251,0,104,0,44,0,20,0,14,0,12,
0,50,255,248,255,178,255,150,3,239,252,194,6,98,251,12,248,162,189,0,204,0,244,0,252,0,104,0,44,0,20,0,14,0,11,
0,61,255,2,0,199,255,150,3,239,252,194,6,98,251,246,247,171,189,0,203,0,244,0,252,0,104,0,44,0,21,0,14,0,11,
0,87,255,13,0,199,255,150,3,239,252,194,6,122,251,246,247,171,189,0,203,0,244,0,252,0,103,0,44,0,20,0,14,0,12,
0,87,255,13,0,199,255,150,3,239,252,194,6,186,251,216,247,28,190,0,203,0,244,0,253,0,103,0,43,0,19,0,13,0,11,
0,84,255,8,0,199,255,150,3,239,252,194,6,87,251,178,247,204,188,0,201,0,243,0,253,0,104,0,44,0,21,0,14,0,12,
0,75,255,13,0,225,255,150,3,239,252,194,6,29,251,10,248,150,191,0,201,0,244,0,253,0,104,0,44,0,21,0,14,0,12,
0,67,255,20,0,220,255,150,3,239,252,194,6,29,251,10,248,150,188,0,201,0,244,0,253,0,104,0,43,0,20,0,13,0,11,
0,67,255,20,0,220,255,141,3,3,253,221,6,171,252,26,247,117,188,0,200,0,243,0,253,0,104,0,45,0,21,0,14,0,12,
0,90,255,251,255,207,255,141,3,3,253,221,6,232,250,163,247,151,189,0,200,0,244,0,253,0,104,0,44,0,20,0,13,0,11,
0,60,255,241,255,169,255,141,3,3,253,221,6,17,251,234,247,35,192,0,198,0,244,0,253,0,104,0,45,0,21,0,14,0,12,
0,60,255,241,255,180,255,141,3,3,253,221,6,17,251,87,247,247,190,0,198,0,244,0,254,0,104,0,44,0,20,0,13,0,11,
0,60,255,252,255,180,255,141,3,3,253,221,6,52,252,87,247,247,190,0,197,0,244,0,254,0,104,0,45,0,21,0,14,0,12,
0,46,255,25,0,175,255,141,3,3,253,221,6,179,251,111,247,161,188,0,197,0,244,0,254,0,104,0,44,0,20,0,13,0,11,
0,17,255,40,0,172,255,141,3,3,253,221,6,145,250,212,247,217,189,0,196,0,244,0,254,0,105,0,45,0,21,0,14,0,12,
0,17,255,40,0,166,255,141,3,3,253,221,6,135,251,206,247,221,191,0,195,0,244,0,254,0,104,0,45,0,21,0,14,0,12,
0,29,255,18,0,166,255,141,3,3,253,221,6,135,251,206,247,93,190,0,195,0,244,0,254,0,104,0,44,0,20,0,13,0,11,
0,83,255,10,0,142,255,141,3,3,253,221,6,138,252,101,247,93,190,0,194,0,244,0,254,0,104,0,45,0,21,0,13,0,11,
0,26,255,8,0,122,255,86,3,67,253,246,6,32,252,134,247,135,187,0,193,0,244,0,255,0,104,0,44,0,20,0,13,0,11,
0,26,255,8,0,122,255,86,3,67,253,246,6,19,251,248,247,28,191,0,193,0,244,0,255,0,105,0,45,0,21,0,14,0,12,
0,1,255,244,255,124,255,86,3,67,253,246,6,7,252,60,248,229,191,0,193,0,244,0,255,0,105,0,45,0,21,0,14,0,12,
0,252,254,238,255,125,255,86,3,67,253,246,6,7,252,60,248,229,191,0,193,0,244,1,0,0,104,0,44,0,18,0,13,0,11,
0,44,255,227,255,116,255,86,3,67,253,246,6,167,252,79,247,163,187,0,192,0,244,0,255,0,105,0,45,0,21,0,13,0,11,
0,44,255,227,255,116,255,86,3,67,253,246,6,115,251,163,247,62,188,0,192,0,245,1,0,0,105,0,44,0,18,0,13,0,11,
0,51,255,242,255,95,255,86,3,67,253,246,6,106,251,172,248,45,192,0,192,0,244,1,0,0,105,0,45,0,19,0,13,0,11,
0,21,255,252,255,106,255,86,3,67,253,246,6,106,251,172,247,67,191,0,192,0,244,1,1,0,105,0,40,0,19,0,14,0,12,
0,21,255,252,255,117,255,86,3,67,253,246,6,107,253,247,247,67,191,0,192,0,245,1,2,0,105,0,40,0,18,0,13,0,11,
0,40,255,9,0,117,255,86,3,67,253,246,6,67,252,217,247,137,187,0,191,0,245,1,2,0,106,0,42,0,19,0,13,0,11,
0,58,255,243,255,102,255,86,3,67,253,246,6,99,251,114,248,190,189,0,192,0,246,1,3,0,106,0,43,0,18,0,13,0,11,
0,36,255,236,255,87,255,201,3,242,252,90,7,14,252,139,248,79,191,0,191,0,246,1,3,0,107,0,44,0,19,0,13,0,12,
0,36,255,236,255,65,255,201,3,242,252,90,7,14,252,139,248,79,191,0,191,0,246,1,4,0,107,0,44,0,20,0,14,0,12,
0,248,254,220,255,65,255,201,3,242,252,90,7,39,253,34,248,109,191,0,192,0,246,1,5,0,107,0,44,0,19,0,13,0,11,
0,30,255,214,255,55,255,201,3,242,252,90,7,178,252,152,247,221,187,0,191,0,246,1,5,0,108,0,45,0,20,0,13,0,11,
0,64,255,220,255,30,255,201,3,242,252,90,7,83,251,27,248,18,188,0,191,0,247,1,7,0,107,0,45,0,19,0,13,0,11,
0,64,255,220,255,30,255,201,3,242,252,90,7,83,251,121,248,80,192,0,191,0,247,1,7,0,108,0,46,0,20,0,14,0,12,
0,36,255,201,255,56,255,201,3,242,252,90,7,37,252,121,248,80,192,0,191,0,248,1,8,0,108,0,46,0,21,0,14,0,11,
0,255,254,171,255,67,255,201,3,242,252,90,7,140,253,144,247,7,190,0,190,0,249,1,9,0,108,0,45,0,19,0,13,0,11,
0,12,255,159,255,83,255,201,3,242,252,90,7,63,252,130,247,131,186,0,190,0,249,1,10,0,109,0,46,0,20,0,14,0,11,
0,12,255,159,255,83,255,201,3,242,252,90,7,139,251,90,248,232,189,0,189,0,251,1,11,0,109,0,46,0,20,0,14,0,12,
0,30,255,161,255,84,255,167,3,72,253,118,6,139,251,90,248,40,191,0,189,0,251,1,12,0,110,0,46,0,20,0,13,0,11,
0,252,254,156,255,59,255,167,3,72,253,118,6,91,252,94,248,40,191,0,188,0,252,1,13,0,111,0,47,0,20,0,14,0,11,
0,252,254,156,255,36,255,167,3,72,253,118,6,161,253,204,247,50,190,0,187,0,253,1,14,0,111,0,47,0,21,0,14,0,11,
0,5,255,149,255,36,255,167,3,72,253,118,6,156,252,75,247,223,186,0,187,0,254,1,16,0,111,0,47,0,23,0,14,0,12,
0,19,255,144,255,9,255,167,3,72,253,118,6,156,252,240,247,83,189,0,186,0,254,1,16,0,112,0,47,0,22,0,14,0,12,
0,12,255,160,255,11,255,167,3,72,253,118,6,86,251,240,247,83,189,0,185,1,0,1,18,0,112,0,47,0,21,0,14,0,11,
0,12,255,160,255,20,255,167,3,72,253,118,6,255,252,230,247,173,192,0,184,1,0,1,18,0,113,0,47,0,22,0,14,0,12,
0,254,254,148,255,20,255,167,3,72,253,118,6,15,253,35,247,162,188,0,183,1,1,1,19,0,113,0,48,0,22,0,14,0,12,
0,253,254,118,255,35,255,167,3,72,253,118,6,59,251,255,247,158,189,0,182,1,2,1,20,0,114,0,52,0,23,0,14,0,12,
0,6,255,104,255,41,255,167,3,72,253,118,6,59,251,255,247,226,191,0,182,1,3,1,21,0,114,0,51,0,22,0,13,0,11,
0,6,255,104,255,41,255,108,3,207,252,103,7,153,252,235,247,226,191,0,181,1,4,1,22,0,115,0,51,0,22,0,14,0,11,
0,4,255,63,255,49,255,108,3,207,252,103,7,211,252,86,247,192,190,0,180,1,4,1,22,0,116,0,51,0,23,0,14,0,12,
0,247,254,44,255,38,255,108,3,207,252,103,7,109,251,138,247,183,189,0,179,1,5,1,23,0,115,0,51,0,23,0,15,0,12,
0,218,254,37,255,67,255,108,3,207,252,103,7,10,252,115,247,96,191,0,178,1,5,1,23,0,116,0,51,0,23,0,14,0,12,
0,218,254,37,255,67,255,108,3,207,252,103,7,10,252,115,247,96,191,0,177,1,6,1,24,0,116,0,50,0,23,0,15,0,12,
0,227,254,41,255,62,255,108,3,207,252,103,7,39,252,63,247,204,189,0,177,1,7,1,24,0,116,0,50,0,23,0,14,0,11,
0,221,254,14,255,30,255,108,3,207,252,103,7,240,250,147,247,78,190,0,176,1,6,1,24,0,117,0,51,0,23,0,14,0,12,
0,221,254,14,255,10,255,108,3,207,252,103,7,77,251,243,247,114,191,0,176,1,7,1,25,0,117,0,50,0,22,0,15,0,12,
0,175,254,245,254,10,255,108,3,207,252,103,7,77,251,131,247,33,190,0,175,1,7,1,25,0,117,0,50,0,22,0,14,0,11,
0,172,254,15,255,6,255,108,3,207,252,103,7,234,251,131,247,33,190,0,174,1,6,1,25,0,117,0,51,0,23,0,15,0,12,
0,161,254,23,255,23,255,128,3,32,253,73,6,8,251,18,247,91,188,0,174,1,7,1,26,0,117,0,50,0,22,0,14,0,11,
0,161,254,23,255,23,255,128,3,32,253,73,6,226,250,199,247,77,191,0,173,1,7,1,25,0,118,0,51,0,23,0,14,0,12,
0,152,254,244,254,14,255,128,3,32,253,73,6,40,251,249,247,175,191,0,173,1,7,1,24,0,118,0,51,0,23,0,14,0,12,
0,169,254,243,254,6,255,128,3,32,253,73,6,40,251,249,247,175,189,0,173,1,6,1,25,0,117,0,50,0,22,0,14,0,11,
0,160,254,238,254,16,255,128,3,32,253,73,6,167,251,99,247,219,189,0,172,1,6,1,24,0,118,0,51,0,23,0,15,0,12,
0,160,254,238,254,16,255,128,3,32,253,73,6,83,250,75,247,198,188,0,172,1,6,1,25,0,117,0,50,0,22,0,14,0,11,
0,163,254,194,254,35,255,128,3,32,253,73,6,246,249,18,248,101,191,0,172,1,5,1,24,0,118,0,51,0,23,0,15,0,12,
0,165,254,189,254,18,255,128,3,32,253,73,6,246,249,26,247,34,191,0,172,1,5,1,24,0,117,0,51,0,23,0,15,0,12,
0,143,254,195,254,254,254,128,3,32,253,73,6,60,252,26,247,34,191,0,172,1,4,1,25,0,117,0,50,0,22,0,14,0,11,
0,143,254,195,254,254,254,128,3,32,253,73,6,41,250,87,247,137,187,0,172,1,3,1,23,0,118,0,51,0,23,0,15,0,12,
0,125,254,205,254,236,254,128,3,32,253,73,6,53,249,248,247,46,190,0,173,1,3,1,24,0,117,0,50,0,22,0,14,0,11,
0,152,254,173,254,246,254,137,3,255,252,163,6,91,250,139,247,158,192,0,173,1,2,1,23,0,117,0,51,0,23,0,15,0,12,
0,152,254,173,254,239,254,137,3,255,252,163,6,91,250,139,247,99,188,0,173,1,2,1,23,0,117,0,51,0,23,0,15,0,12,
0,140,254,185,254,239,254,137,3,255,252,163,6,77,251,42,247,99,188,0,174,1,1,1,23,0,117,0,50,0,22,0,14,0,11,
0,116,254,207,254,250,254,137,3,255,252,163,6,208,249,130,247,111,187,0,174,1,0,1,22,0,117,0,51,0,23,0,15,0,12,
0,111,254,195,254,247,254,137,3,255,252,163,6,19,249,241,247,196,191,0,175,1,0,1,22,0,117,0,50,0,22,0,14,0,11,
0,111,254,195,254,247,254,137,3,255,252,163,6,26,251,23,247,11,189,0,175,0,255,1,21,0,117,0,51,0,23,0,15,0,12,
0,70,254,170,254,238,254,137,3,255,252,163,6,26,251,23,247,11,189,0,175,0,254,1,20,0,117,0,51,0,23,0,14,0,12,
0,117,254,156,254,241,254,137,3,255,252,163,6,104,249,101,247,198,187,0,176,0,253,1,20,0,116,0,50,0,22,0,14,0,11,
0,117,254,171,254,240,254,137,3,255,252,163,6,180,249,211,247,252,190,0,176,0,252,1,19,0,116,0,50,0,23,0,14,0,12,
0,117,254,171,254,240,254,137,3,255,252,163,6,205,250,81,247,237,189,0,177,0,252,1,18,0,115,0,49,0,22,0,14,0,11,
0,82,254,169,254,13,255,171,3,213,252,46,7,205,250,81,247,241,188,0,178,0,250,1,16,0,116,0,50,0,23,0,14,0,12,
0,65,254,168,254,249,254,171,3,213,252,46,7,216,249,144,247,241,188,0,179,0,250,1,16,0,115,0,50,0,23,0,14,0,12,
0,72,254,180,254,250,254,171,3,213,252,46,7,157,249,247,247,203,190,0,180,0,249,1,14,0,114,0,49,0,20,0,14,0,11,
0,72,254,180,254,250,254,171,3,213,252,46,7,195,250,130,247,6,189,0,180,0,247,1,12,0,114,0,49,0,21,0,14,0,12,
0,81,254,209,254,222,254,171,3,213,252,46,7,154,249,193,247,165,187,0,181,0,247,1,12,0,113,0,49,0,20,0,13,0,11,
0,72,254,240,254,216,254,171,3,213,252,46,7,154,249,193,247,165,187,0,181,0,246,1,10,0,113,0,49,0,22,0,14,0,12,
0,72,254,240,254,227,254,171,3,213,252,46,7,147,249,243,247,31,191,0,182,0,244,1,8,0,112,0,49,0,22,0,14,0,12,
0,60,254,253,254,227,254,171,3,213,252,46,7,210,250,154,247,63,190,0,183,0,244,1,8,0,111,0,48,0,21,0,14,0,11,
0,39,254,225,254,225,254,171,3,213,252,46,7,167,249,156,247,209,186,0,183,0,243,1,6,0,111,0,49,0,22,0,14,0,12,
0,17,254,201,254,224,254,171,3,213,252,46,7,167,249,241,248,175,191,0,185,0,242,1,5,0,111,0,48,0,21,0,14,0,11,
0,17,254,201,254,224,254,172,3,238,252,250,6,221,248,241,248,175,191,0,185,0,241,1,3,0,110,0,48,0,21,0,14,0,12,
0,23,254,221,254,219,254,172,3,238,252,250,6,230,250,24,248,84,191,0,186,0,240,1,2,0,110,0,48,0,21,0,14,0,12,
0,255,253,212,254,190,254,172,3,238,252,250,6,195,249,159,247,169,185,0,187,0,239,1,1,0,109,0,47,0,21,0,14,0,11,
0,57,254,209,254,188,254,172,3,238,252,250,6,232,248,2,249,104,191,0,188,0,239,1,0,0,108,0,47,0,20,0,13,0,11,
0,57,254,209,254,188,254,172,3,238,252,250,6,232,248,2,249,171,189,0,189,0,237,0,255,0,108,0,47,0,23,0,14,0,12,
0,62,254,204,254,183,254,172,3,238,252,250,6,18,251,38,248,171,189,0,190,0,236,0,254,0,107,0,47,0,23,0,14,0,12,
0,44,254,225,254,196,254,172,3,238,252,250,6,253,248,159,248,24,189,0,191,0,236,0,253,0,106,0,46,0,22,0,14,0,11,
0,34,254,204,254,213,254,172,3,238,252,250,6,133,250,8,249,62,191,0,192,0,235,0,252,0,105,0,46,0,21,0,14,0,11,
0,34,254,204,254,213,254,172,3,238,252,250,6,133,250,142,248,112,186,0,193,0,234,0,252,0,105,0,45,0,20,0,13,0,11,
0,50,254,200,254,210,254,172,3,238,252,250,6,35,250,142,248,112,186,0,194,0,233,0,251,0,104,0,45,0,20,0,13,0,11,
0,68,254,227,254,205,254,98,3,222,252,27,7,150,249,140,249,157,191,0,195,0,232,0,250,0,104,0,45,0,21,0,14,0,11,
0,68,254,227,254,200,254,98,3,222,252,27,7,18,251,220,248,164,190,0,196,0,232,0,250,0,104,0,45,0,21,0,14,0,11,
0,62,254,241,254,200,254,98,3,222,252,27,7,217,249,227,248,67,187,0,196,0,231,0,249,0,104,0,45,0,20,0,14,0,11,
0,54,254,233,254,196,254,98,3,222,252,27,7,217,249,227,248,59,190,0,198,0,231,0,248,0,104,0,44,0,21,0,14,0,11,
0,56,254,248,254,210,254,98,3,222,252,27,7,179,248,236,249,59,190,0,199,0,230,0,249,0,103,0,44,0,20,0,13,0,11,
0,56,254,248,254,210,254,98,3,222,252,27,7,137,250,60,249,165,191,0,200,0,229,0,248,0,103,0,44,0,21,0,14,0,12,
0,50,254,19,255,199,254,98,3,222,252,27,7,45,250,169,248,17,187,0,200,0,229,0,248,0,103,0,44,0,21,0,14,0,12,
0,41,254,38,255,198,254,98,3,222,252,27,7,180,248,146,249,219,189,0,201,0,228,0,248,0,103,0,44,0,21,0,14,0,12,
0,33,254,250,254,174,254,98,3,222,252,27,7,180,248,146,249,219,189,0,202,0,229,0,249,0,102,0,43,0,20,0,13,0,11,
0,33,254,250,254,174,254,98,3,222,252,27,7,216,249,142,249,32,191,0,203,0,228,0,248,0,103,0,44,0,21,0,14,0,12,
0,40,254,228,254,156,254,98,3,28,253,166,6,160,250,244,248,133,188,0,204,0,228,0,248,0,102,0,44,0,20,0,14,0,12,
0,56,254,230,254,148,254,175,3,28,253,166,6,209,249,255,248,114,188,0,205,0,228,0,249,0,102,0,43,0,21,0,14,0,12,
0,60,254,226,254,164,254,175,3,28,253,166,6,209,249,236,249,249,188,0,206,0,228,0,250,0,102,0,43,0,20,0,13,0,11,
0,60,254,226,254,164,254,175,3,28,253,166,6,218,248,236,249,249,188,0,206,0,228,0,250,0,103,0,44,0,21,0,14,0,12,
0,40,254,227,254,199,254,175,3,28,253,166,6,218,249,136,249,242,190,0,208,0,229,0,251,0,102,0,38,0,19,0,14,0,12,
0,26,254,227,254,193,254,175,3,28,253,166,6,48,250,72,249,56,188,0,208,0,229,0,251,0,103,0,40,0,19,0,14,0,12,
0,26,254,227,254,162,254,175,3,28,253,166,6,75,249,158,249,3,188,0,209,0,229,0,252,0,102,0,40,0,19,0,13,0,11,
0,7,254,246,254,162,254,175,3,28,253,166,6,75,249,158,249,25,190,0,210,0,229,0,252,0,104,0,41,0,20,0,14,0,12,
0,57,254,253,254,130,254,175,3,28,253,166,6,238,249,201,249,25,190,0,211,0,230,0,253,0,103,0,42,0,19,0,13,0,11,
0,79,254,244,254,125,254,175,3,28,253,166,6,213,249,130,249,11,188,0,212,0,231,0,253,0,104,0,43,0,20,0,13,0,11,
0,79,254,244,254,125,254,175,3,28,253,166,6,58,249,33,250,82,189,0,212,0,232,0,254,0,104,0,43,0,20,0,14,0,11,
0,56,254,13,255,142,254,123,3,55,253,166,6,58,249,221,249,179,189,0,213,0,232,0,255,0,104,0,43,0,20,0,14,0,11,
0,70,254,39,255,126,254,123,3,55,253,166,6,108,249,221,249,179,189,0,214,0,233,1,0,0,104,0,43,0,18,0,13,0,11,
0,121,254,65,255,112,254,123,3,55,253,166,6,159,249,213,249,214,188,0,215,0,234,1,1,0,104,0,43,0,18,0,13,0,11,
0,121,254,65,255,112,254,123,3,55,253,166,6,188,249,197,249,35,188,0,216,0,235,1,3,0,105,0,43,0,18,0,13,0,11,
0,101,254,37,255,97,254,123,3,55,253,166,6,55,249,249,249,140,189,0,216,0,236,1,4,0,106,0,45,0,20,0,14,0,12,
0,91,254,40,255,93,254,123,3,55,253,166,6,55,249,249,249,209,189,0,217,0,237,1,5,0,107,0,45,0,20,0,14,0,11,
0,114,254,40,255,89,254,123,3,55,253,166,6,133,249,252,249,209,189,0,218,0,238,1,7,0,107,0,45,0,20,0,14,0,11,
0,114,254,9,255,89,254,123,3,55,253,166,6,142,249,224,249,39,189,0,218,0,240,1,8,0,107,0,45,0,19,0,13,0,11,
0,131,254,251,254,91,254,123,3,55,253,166,6,239,249,189,249,126,189,0,219,0,241,1,9,0,108,0,46,0,20,0,13,0,11,
0,95,254,26,255,116,254,123,3,55,253,166,6,224,248,226,249,175,189,0,219,0,241,1,10,0,109,0,46,0,20,0,14,0,12,
0,95,254,26,255,122,254,114,3,207,252,78,7,224,248,226,249,175,189,0,220,0,242,1,11,0,110,0,46,0,21,0,14,0,12,
0,75,254,49,255,122,254,114,3,207,252,78,7,110,249,198,249,198,191,0,220,0,243,1,13,0,110,0,47,0,20,0,13,0,11,
0,94,254,55,255,105,254,114,3,207,252,78,7,229,249,53,249,182,187,0,220,0,245,1,15,0,110,0,46,0,20,0,13,0,11,
0,95,254,56,255,97,254,114,3,207,252,78,7,246,247,202,249,172,189,0,220,0,246,1,16,0,111,0,47,0,23,0,14,0,12,
0,95,254,56,255,97,254,114,3,207,252,78,7,246,247,202,249,231,191,0,221,0,247,1,16,0,111,0,47,0,22,0,14,0,12,
0,104,254,31,255,83,254,114,3,207,252,78,7,145,249,189,249,231,191,0,221,0,247,1,16,0,112,0,52,0,23,0,14,0,11,
0,109,254,52,255,71,254,114,3,207,252,78,7,201,249,89,249,173,189,0,222,0,248,1,16,0,113,0,51,0,23,0,14,0,11,
0,94,254,52,255,103,254,114,3,207,252,78,7,85,249,104,249,87,188,0,223,0,249,1,17,0,112,0,50,0,22,0,13,0,11,
0,94,254,52,255,103,254,114,3,207,252,78,7,6,248,156,249,45,189,0,223,0,249,1,18,0,113,0,50,0,23,0,14,0,12,
0,87,254,40,255,122,254,114,3,207,252,78,7,6,248,156,249,45,189,0,223,0,250,1,19,0,113,0,50,0,23,0,14,0,12,
0,102,254,13,255,134,254,185,3,225,252,192,6,47,249,171,249,178,191,0,224,0,251,1,19,0,114,0,49,0,23,0,14,0,12,
0,95,254,13,255,91,254,185,3,225,252,192,6,215,249,106,249,91,189,0,224,0,252,1,19,0,114,0,49,0,22,0,14,0,12,
0,95,254,1,255,91,254,185,3,225,252,192,6,242,248,108,249,179,186,0,224,0,251,1,18,0,114,0,49,0,23,0,14,0,12,
0,67,254,8,255,86,254,185,3,225,252,192,6,242,248,125,250,230,191,0,225,0,252,1,19,0,114,0,49,0,21,0,14,0,11,
0,60,254,14,255,107,254,185,3,225,252,192,6,12,248,125,250,230,191,0,226,0,252,1,19,0,115,0,50,0,23,0,14,0,12,
0,60,254,14,255,91,254,185,3,225,252,192,6,36,250,205,249,214,190,0,226,0,252,1,19,0,115,0,49,0,23,0,14,0,12,
0,83,254,24,255,91,254,185,3,225,252,192,6,207,249,110,249,81,187,0,227,0,253,1,20,0,115,0,49,0,22,0,14,0,11,
0,87,254,13,255,82,254,185,3,225,252,192,6,36,248,21,250,197,188,0,227,0,253,1,19,0,115,0,50,0,23,0,15,0,12,
0,61,254,23,255,99,254,185,3,225,252,192,6,36,248,21,250,100,192,0,229,0,253,1,20,0,115,0,49,0,22,0,14,0,11,
0,61,254,23,255,99,254,185,3,225,252,192,6,24,249,174,250,100,192,0,229,0,253,1,19,0,116,0,49,0,23,0,15,0,12,
0,67,254,18,255,100,254,154,3,243,252,105,6,66,250,244,249,28,189,0,230,0,252,1,19,0,115,0,50,0,23,0,15,0,12,
0,123,254,24,255,113,254,154,3,243,252,105,6,98,249,241,249,158,188,0,230,0,253,1,19,0,115,0,50,0,23,0,14,0,12,
0,158,254,47,255,97,254,154,3,243,252,105,6,98,248,124,250,87,189,0,232,0,253,1,20,0,115,0,49,0,22,0,14,0,11,
0,158,254,47,255,97,254,154,3,243,252,105,6,189,248,124,250,87,189,0,232,0,252,1,19,0,115,0,50,0,23,0,15,0,12,
0,162,254,48,255,99,254,154,3,243,252,105,6,221,248,208,250,255,190,0,232,0,252,1,19,0,115,0,50,0,23,0,15,0,12,
0,180,254,54,255,82,254,154,3,243,252,105,6,151,249,113,250,22,191,0,233,0,252,1,18,0,115,0,50,0,23,0,15,0,12,
0,202,254,54,255,77,254,154,3,243,252,105,6,13,250,236,249,73,189,0,234,0,252,1,18,0,115,0,50,0,22,0,14,0,12,
0,202,254,77,255,77,254,154,3,243,252,105,6,13,250,236,249,35,188,0,235,0,252,1,19,0,115,0,49,0,22,0,14,0,11,
0,193,254,66,255,74,254,154,3,243,252,105,6,13,248,68,250,35,188,0,236,0,252,1,19,0,115,0,49,0,22,0,14,0,11,
0,238,254,61,255,111,254,154,3,243,252,105,6,165,248,105,250,197,192,0,236,0,251,1,19,0,115,0,49,0,23,0,14,0,12,
0,238,254,61,255,121,254,154,3,243,252,105,6,29,250,247,249,114,191,0,237,0,251,1,18,0,115,0,49,0,23,0,14,0,12,
0,248,254,81,255,121,254,168,3,157,252,111,7,134,249,183,249,172,189,0,238,0,251,1,18,0,115,0,50,0,22,0,14,0,11,
0,211,254,95,255,105,254,168,3,157,252,111,7,134,249,183,249,172,189,0,239,0,251,1,18,0,114,0,49,0,22,0,14,0,12,
0,240,254,91,255,93,254,168,3,157,252,111,7,176,248,225,249,228,189,0,240,0,250,1,17,0,115,0,49,0,22,0,14,0,11,
0,240,254,91,255,93,254,168,3,157,252,111,7,163,248,137,250,171,191,0,240,0,249,1,17,0,115,0,50,0,23,0,15,0,12,
0,242,254,54,255,83,254,168,3,157,252,111,7,181,249,99,250,149,192,0,241,0,249,1,17,0,115,0,49,0,23,0,15,0,12,
0,242,254,81,255,83,254,168,3,157,252,111,7,181,249,209,249,145,189,0,242,0,248,1,16,0,115,0,50,0,22,0,14,0,11,
0,214,254,108,255,89,254,168,3,157,252,111,7,251,249,209,249,145,189,0,242,0,248,1,17,0,114,0,49,0,22,0,14,0,11,
0,214,254,108,255,89,254,168,3,157,252,111,7,148,248,243,249,76,189,0,243,0,247,1,16,0,115,0,50,0,23,0,15,0,12,
0,240,254,119,255,101,254,168,3,157,252,111,7,163,248,41,250,25,192,0,243,0,247,1,15,0,114,0,49,0,21,0,14,0,12,
0,7,255,133,255,88,254,168,3,157,252,111,7,34,250,34,250,135,192,0,244,0,246,1,14,0,114,0,49,0,21,0,14,0,12,
0,7,254,133,255,102,254,228,3,203,252,228,6,34,250,34,250,208,189,0,245,0,246,1,14,0,113,0,48,0,21,0,13,0,11,
0,240,254,112,255,102,254,228,3,203,252,228,6,178,249,186,249,208,189,0,245,0,244,1,13,0,113,0,49,0,22,0,14,0,12,
0,241,254,111,255,94,254,228,3,203,252,228,6,236,248,201,249,29,189,0,246,0,244,1,12,0,113,0,49,0,21,0,14,0,11,
0,234,254,124,255,100,254,228,3,203,252,228,6,188,248,139,250,163,192,0,246,0,243,1,11,0,113,0,49,0,22,0,14,0,12,
0,234,254,124,255,95,254,228,3,203,252,228,6,188,248,238,249,43,192,0,247,0,243,1,11,0,112,0,48,0,21,0,14,0,12,
0,237,254,164,255,95,254,228,3,203,252,228,6,230,250,238,249,43,192,0,247,0,242,1,10,0,112,0,49,0,21,0,14,0,11,
0,239,254,169,255,77,254,228,3,203,252,228,6,61,250,103,249,209,187,0,248,0,241,1,9,0,111,0,47,0,21,0,13,0,11,
0,238,254,177,255,59,254,228,3,203,252,228,6,198,248,61,250,102,190,0,248,0,240,1,8,0,111,0,48,0,22,0,14,0,12,
0,238,254,177,255,59,254,228,3,203,252,228,6,230,249,55,250,44,193,0,249,0,239,1,7,0,111,0,48,0,21,0,14,0,12,
0,248,254,220,255,56,254,228,3,203,252,228,6,230,249,55,250,240,189,0,250,0,239,1,5,0,110,0,47,0,21,0,14,0,11,
0,22,255,214,255,59,254,125,3,251,252,41,7,128,251,113,249,240,189,0,251,0,239,1,5,0,110,0,47,0,20,0,13,0,11,
0,8,255,213,255,58,254,125,3,251,252,41,7,195,250,100,249,203,188,0,251,0,238,1,3,0,110,0,47,0,21,0,14,0,12,
0,8,255,213,255,58,254,125,3,251,252,41,7,150,249,218,249,150,189,0,252,0,238,1,2,0,109,0,47,0,20,0,13,0,11,
0,243,254,220,255,64,254,125,3,251,252,41,7,74,250,94,250,60,192,0,252,0,237,1,1,0,109,0,47,0,21,0,14,0,12,
0,253,254,235,255,96,254,125,3,251,252,41,7,74,250,94,250,60,192,0,252,0,237,1,0,0,107,0,47,0,21,0,14,0,11,
0,253,254,235,255,56,254,125,3,251,252,41,7,31,252,70,249,97,190,0,252,0,237,0,255,0,108,0,47,0,23,0,14,0,12,
0,246,254,248,255,56,254,125,3,251,252,41,7,187,250,31,249,90,187,0,252,0,236,0,253,0,107,0,46,0,22,0,14,0,12,
0,229,254,0,0,69,254,125,3,251,252,41,7,22,250,201,249,193,190,0,252,0,236,0,253,0,106,0,46,0,21,0,14,0,11,
0,224,254,245,255,94,254,125,3,251,252,41,7,22,250,201,249,69,192,0,252,0,236,0,251,0,106,0,46,0,22,0,14,0,12,
0,224,254,245,255,121,254,125,3,251,252,41,7,144,251,73,249,69,192,0,251,0,235,0,250,0,105,0,46,0,21,0,14,0,12,
0,207,254,238,255,121,254,232,3,216,252,245,6,249,251,180,248,77,189,0,251,0,235,0,249,0,105,0,45,0,21,0,14,0,11,
0,216,254,210,255,122,254,232,3,216,252,245,6,149,251,8,249,181,189,0,251,0,235,0,249,0,104,0,45,0,20,0,13,0,11,
0,15,255,200,255,106,254,232,3,216,252,245,6,75,250,43,249,55,190,0,251,0,235,0,247,0,104,0,45,0,21,0,14,0,12,
0,15,255,200,255,106,254,232,3,216,252,245,6,75,250,43,249,55,190,0,250,0,234,0,246,0,103,0,45,0,21,0,14,0,12,
0,222,254,181,255,109,254,232,3,216,252,245,6,144,251,29,249,41,193,0,250,0,235,0,246,0,103,0,44,0,21,0,14,0,12,
0,151,254,163,255,95,254,232,3,216,252,245,6,122,252,94,248,173,190,0,249,0,234,0,244,0,102,0,44,0,20,0,14,0,11,
0,100,254,173,255,83,254,232,3,216,252,245,6,87,251,104,248,209,188,0,249,0,234,0,244,0,102,0,44,0,21,0,14,0,12,
0,100,254,173,255,83,254,232,3,216,252,245,6,87,251,17,249,227,190,0,249,0,235,0,243,0,100,0,43,0,20,0,13,0,11,
0,127,254,147,255,71,254,232,3,216,252,245,6,178,250,17,249,227,190,0,249,0,234,0,242,0,101,0,43,0,20,0,14,0,11,
0,144,254,114,255,46,254,232,3,216,252,245,6,202,251,238,248,172,193,0,249,0,234,0,240,0,100,0,43,0,20,0,14,0,12,
0,144,254,114,255,68,254,232,3,216,252,245,6,12,253,22,248,153,189,0,249,0,233,0,239,0,99,0,43,0,18,0,13,0,11,
0,111,254,79,255,68,254,191,3,248,252,3,6,209,251,80,248,125,189,0,249,0,233,0,239,0,98,0,36,0,17,0,13,0,12,
0,115,254,66,255,81,254,191,3,248,252,3,6,209,251,80,248,0,192,0,250,0,233,0,239,0,98,0,38,0,17,0,13,0,11,
0,64,254,43,255,90,254,191,3,248,252,3,6,14,251,27,249,0,192,0,249,0,232,0,238,0,99,0,40,0,18,0,13,0,12,
0,64,254,43,255,90,254,191,3,248,252,3,6,137,252,173,248,186,191,0,249,0,233,0,238,0,97,0,40,0,18,0,13,0,12,
0,22,254,26,255,83,254,191,3,248,252,3,6,94,252,90,248,205,188,0,249,0,232,0,237,0,98,0,40,0,18,0,13,0,12,
0,23,254,10,255,67,254,191,3,248,252,3,6,94,252,119,248,43,188,0,249,0,232,0,236,0,97,0,40,0,18,0,13,0,12,
0,32,254,253,254,73,254,191,3,248,252,3,6,214,251,119,248,43,188,0,250,0,232,0,236,0,97,0,40,0,17,0,12,0,11,
0,32,254,253,254,73,254,191,3,248,252,3,6,253,250,243,248,3,190,0,249,0,232,0,235,0,97,0,41,0,18,0,13,0,11,
0,240,253,223,254,54,254,191,3,248,252,3,6,145,251,12,249,139,192,0,250,0,232,0,235,0,96,0,40,0,17,0,12,0,11,
0,234,253,202,254,82,254,191,3,248,252,3,6,132,252,147,248,39,189,0,249,0,232,0,234,0,97,0,41,0,18,0,13,0,11,
0,2,254,171,254,62,254,91,3,250,252,197,6,132,252,147,248,131,188,0,249,0,231,0,235,0,96,0,41,0,18,0,12,0,11,
0,2,254,171,254,62,254,91,3,250,252,197,6,187,251,100,248,131,188,0,249,0,231,0,235,0,95,0,40,0,18,0,13,0,11,
0,12,254,158,254,43,254,91,3,250,252,197,6,46,250,16,249,3,189,0,249,0,231,0,234,0,96,0,41,0,19,0,13,0,11,
0,252,253,144,254,64,254,91,3,250,252,197,6,24,251,6,249,121,192,0,248,0,230,0,233,0,95,0,41,0,18,0,13,0,11,
0,252,253,144,254,87,254,91,3,250,252,197,6,235,251,151,248,211,190,0,249,0,230,0,233,0,95,0,40,0,18,0,12,0,11,
0,222,253,160,254,87,254,91,3,250,252,197,6,235,251,151,248,211,190,0,248,0,229,0,233,0,95,0,41,0,19,0,13,0,11,
0,215,253,155,254,67,254,91,3,250,252,197,6,92,251,233,247,164,188,0,248,0,229,0,232,0,94,0,40,0,17,0,13,0,11,
0,217,253,163,254,67,254,91,3,250,252,197,6,157,249,78,248,205,188,0,247,0,228,0,232,0,95,0,40,0,18,0,13,0,11,
0,217,253,163,254,67,254,91,3,250,252,197,6,155,250,240,248,125,193,0,247,0,228,0,231,0,94,0,40,0,18,0,13,0,11,
0,201,253,164,254,67,254,91,3,250,252,197,6,155,250,251,247,200,189,0,246,0,227,0,230,0,94,0,40,0,18,0,13,0,11,
0,153,253,152,254,71,254,192,3,228,252,152,7,232,251,251,247,200,189,0,246,0,227,0,230,0,94,0,40,0,18,0,13,0,11,
0,141,253,124,254,53,254,192,3,228,252,152,7,61,250,251,247,39,189,0,246,0,226,0,230,0,93,0,40,0,17,0,13,0,11,
0,141,253,124,254,53,254,192,3,228,252,152,7,25,249,130,248,29,190,0,245,0,225,0,228,0,94,0,44,0,19,0,13,0,11,
0,91,253,94,254,48,254,192,3,228,252,152,7,24,250,202,248,195,192,0,245,0,225,0,228,0,93,0,43,0,19,0,13,0,11,
0,96,253,84,254,62,254,192,3,228,252,152,7,24,250,202,248,195,189,0,245,0,224,0,227,0,92,0,42,0,18,0,12,0,11,
0,96,253,112,254,49,254,192,3,228,252,152,7,225,250,59,248,208,189,0,245,0,223,0,226,0,93,0,42,0,19,0,13,0,11,
0,96,253,112,254,49,254,192,3,228,252,152,7,21,250,22,248,225,187,0,245,0,223,0,226,0,92,0,41,0,18,0,12,0,11,
0,73,253,132,254,28,254,192,3,228,252,152,7,202,248,210,248,205,188,0,245,0,222,0,224,0,92,0,41,0,19,0,13,0,11,
0,102,253,121,254,27,254,192,3,228,252,152,7,202,248,5,249,199,192,0,245,0,222,0,224,0,91,0,40,0,19,0,13,0,11,
0,102,253,121,254,38,254,192,3,228,252,152,7,137,249,5,249,199,192,0,245,0,221,0,223,0,91,0,40,0,20,0,13,0,11,
0,86,253,125,254,38,254,130,3,10,253,128,6,218,250,30,248,7,189,0,244,0,220,0,223,0,91,0,40,0,20,0,14,0,12,
0,49,253,153,254,63,254,130,3,10,253,128,6,162,249,163,248,173,188,0,245,0,220,0,222,0,90,0,39,0,19,0,13,0,11,
0,58,253,136,254,36,254,130,3,10,253,128,6,122,248,50,249,118,190,0,244,0,220,0,222,0,90,0,40,0,20,0,13,0,12,
0,58,253,136,254,36,254,130,3,10,253,128,6,122,248,50,249,133,191,0,245,0,219,0,221,0,90,0,39,0,19,0,13,0,11,
0,18,253,178,254,30,254,130,3,10,253,128,6,10,250,230,248,133,191,0,245,0,219,0,220,0,90,0,39,0,19,0,13,0,11,
0,32,253,220,254,30,254,130,3,10,253,128,6,43,250,114,248,13,188,0,244,0,218,0,220,0,89,0,38,0,19,0,13,0,11,
0,29,253,245,254,31,254,130,3,10,253,128,6,216,248,31,249,156,189,0,245,0,218,0,220,0,88,0,38,0,17,0,13,0,11,
0,29,253,245,254,31,254,130,3,10,253,128,6,89,250,240,248,68,191,0,245,0,217,0,219,0,88,0,38,0,19,0,13,0,11,
0,8,253,229,254,25,254,130,3,10,253,128,6,89,250,240,248,68,191,0,245,0,217,0,219,0,88,0,37,0,19,0,13,0,11,
0,34,253,223,254,36,254,130,3,10,253,128,6,245,249,35,249,207,188,0,245,0,217,0,218,0,88,0,37,0,17,0,12,0,11,
0,61,253,3,255,35,254,130,3,10,253,208,6,138,249,30,249,173,189,0,245,0,216,0,217,0,88,0,38,0,18,0,13,0,12,
0,61,253,3,255,35,254,188,3,179,252,208,6,19,250,2,249,93,190,0,245,0,216,0,217,0,87,0,37,0,17,0,13,0,11,
0,22,253,7,255,248,253,188,3,179,252,208,6,19,250,2,248,134,188,0,244,0,215,0,216,0,87,0,38,0,18,0,13,0,11,
0,7,253,8,255,237,253,188,3,179,252,208,6,133,250,195,248,134,188,0,244,0,215,0,215,0,87,0,37,0,18,0,13,0,11,
0,7,253,8,255,5,254,188,3,179,252,208,6,100,249,31,249,122,188,0,244,0,215,0,215,0,87,0,37,0,18,0,13,0,11,
0,216,252,5,255,5,254,188,3,179,252,208,6,4,250,75,249,38,191,0,244,0,215,0,215,0,86,0,37,0,17,0,13,0,11,
0,234,252,31,255,19,254,188,3,179,252,208,6,9,251,104,248,193,187,0,244,0,215,0,214,0,86,0,36,0,17,0,13,0,11,
0,35,253,82,255,41,254,188,3,179,252,208,6,9,251,104,248,193,187,0,244,0,214,0,213,0,86,0,37,0,18,0,13,0,11,
0,35,253,82,255,41,254,188,3,179,252,208,6,154,248,62,249,32,188,0,243,0,214,0,212,0,86,0,37,0,18,0,13,0,12,
0,237,252,111,255,21,254,188,3,179,252,208,6,158,250,52,249,21,192,0,243,0,214,0,212,0,86,0,37,0,18,0,13,0,11,
0,218,252,136,255,235,253,188,3,179,252,208,6,146,251,57,248,151,186,0,243,0,214,0,211,0,85,0,37,0,18,0,13,0,11,
0,229,252,112,255,204,253,193,3,197,252,152,6,146,251,252,248,221,188,0,243,0,214,0,211,0,84,0,36,0,17,0,12,0,11,
0,229,252,112,255,204,253,193,3,197,252,152,6,92,249,252,248,221,188,0,243,0,213,0,210,0,84,0,36,0,18,0,13,0,11,
0,223,252,100,255,182,253,193,3,197,252,152,6,8,251,56,249,148,191,0,242,0,213,0,209,0,84,0,36,0,18,0,13,0,11,
0,227,252,158,255,234,253,193,3,197,252,152,6,154,251,147,248,200,188,0,242,0,213,0,209,0,84,0,36,0,17,0,12,0,11,
0,204,252,187,255,229,253,193,3,197,252,152,6,17,250,205,248,206,187,0,242,0,213,0,209,0,83,0,35,0,16,0,12,0,11,
0,204,252,187,255,229,253,193,3,197,252,152,6,17,250,205,248,64,190,0,241,0,212,0,208,0,83,0,36,0,18,0,13,0,11,
0,161,252,196,255,206,253,193,3,197,252,152,6,203,250,19,249,64,190,0,241,0,212,0,208,0,83,0,35,0,17,0,13,0,11,
0,179,252,229,255,218,253,193,3,197,252,152,6,155,250,194,248,103,188,0,239,0,214,0,210,0,83,0,35,0,17,0,12,0,11,
0,179,252,229,255,201,253,193,3,197,252,152,6,179,249,147,249,179,191,0,225,0,217,0,211,0,83,0,35,0,17,0,13,0,11,
0,187,252,224,255,201,253,193,3,197,252,152,6,179,251,212,249,31,194,0,204,0,233,0,233,0,85,0,35,0,15,0,12,0,11,
0,183,252,209,255,177,253,209,3,199,252,24,7,169,251,212,249,31,194,0,206,1,1,1,29,0,93,0,37,0,18,0,13,0,11,
0,248,252,141,255,185,253,209,3,199,252,24,7,81,252,206,248,57,199,0,241,1,43,1,81,0,104,0,39,0,18,0,13,0,11,
0,248,252,141,255,185,253,209,3,199,252,24,7,65,254,140,246,7,203,0,148,1,78,1,83,0,111,0,40,0,17,0,11,0,9,
0,129,253,95,255,191,253,209,3,199,252,24,7,248,12,2,202,238,210,0,132,1,78,1,83,0,118,0,43,0,19,0,12,0,9,
0,182,254,78,255,15,253,209,3,199,252,24,7,248,12,2,202,22,213,0,208,1,78,1,80,0,124,0,46,0,21,0,14,0,12,
0,119,1,94,254,80,251,209,3,199,252,24,7,223,36,166,35,22,213,0,133,1,72,1,59,0,127,0,50,0,22,0,15,0,14,
0,119,1,94,254,80,251,209,3,199,252,24,7,66,47,90,78,91,29,0,134,1,41,0,208,0,117,0,50,0,23,0,15,0,13,
0,115,6,130,1,244,252,209,3,199,252,24,7,130,246,254,70,46,241,0,136,0,221,0,169,0,103,0,45,0,17,0,12,0,14,
0,98,17,253,4,189,0,209,3,199,252,24,7,43,246,41,75,167,56,0,136,0,172,0,143,0,94,0,46,0,22,0,16,0,15,
0,161,27,253,254,50,6,209,3,199,252,24,7,43,246,41,75,167,56,0,137,0,155,0,135,0,89,0,47,0,24,0,16,0,14,
0,161,27,167,254,50,6,187,3,16,253,193,7,181,24,104,84,217,33,0,138,0,144,0,134,0,80,0,43,0,22,0,16,0,15,
0,130,35,171,246,71,12,187,3,16,253,193,7,77,35,159,91,82,36,0,140,0,143,0,133,0,71,0,36,0,18,0,14,0,16,
0,175,39,253,243,162,16,187,3,16,253,193,7,108,25,240,50,43,30,0,157,0,142,0,134,0,67,0,36,0,19,0,14,0,14,
0,175,39,253,243,165,14,187,3,16,253,193,7,108,25,226,23,207,10,0,225,0,150,0,134,0,65,0,35,0,20,0,14,0,11,
0,136,41,62,245,165,14,187,3,16,253,193,7,32,245,226,23,207,10,0,152,0,160,0,133,0,58,0,29,0,14,0,12,0,11,
0,14,41,46,247,236,5,187,3,16,253,193,7,116,225,108,250,113,191,1,61,0,151,0,132,0,52,0,23,0,9,0,8,0,9,
0,121,33,1,247,113,251,187,3,16,253,193,7,48,196,149,162,67,148,1,59,0,138,0,132,0,52,0,23,0,11,0,9,0,9,
0,121,33,1,247,113,251,187,3,16,253,193,7,240,197,121,184,153,184,0,201,0,134,0,131,0,54,0,28,0,17,0,13,0,9,
0,73,20,103,245,77,245,187,3,16,253,193,7,240,197,121,184,82,165,0,149,0,133,0,133,0,51,0,25,0,12,0,11,0,9,
0,161,3,70,245,91,246,187,3,16,253,193,7,120,217,133,194,82,165,0,137,0,132,0,135,0,45,0,18,0,7,0,8,0,9,
0,99,243,49,249,128,250,233,3,127,253,206,6,139,220,240,184,32,161,0,134,0,134,0,140,0,49,0,23,0,12,0,11,0,9,
0,99,243,49,249,128,250,233,3,127,253,206,6,211,219,233,185,249,145,0,134,0,133,1,72,0,73,0,30,0,17,0,14,0,10,
0,98,231,127,254,102,253,233,3,127,253,206,6,211,219,93,202,14,149,0,135,0,135,1,85,0,85,0,28,0,14,0,11,0,10,
0,31,225,74,2,109,253,233,3,127,253,206,6,0,228,93,202,14,149,0,135,0,136,1,82,0,93,0,28,0,12,0,10,0,11,
0,154,224,74,2,90,251,233,3,127,253,206,6,59,243,206,222,181,151,0,134,0,137,1,81,0,107,0,37,0,18,0,14,0,11,
0,154,224,230,3,90,251,233,3,127,253,206,6,129,3,43,241,130,148,0,134,0,141,1,79,0,116,0,42,0,18,0,13,0,10,
0,211,228,143,3,244,248,233,3,127,253,206,6,14,15,88,253,237,146,0,134,0,150,1,75,0,118,0,41,0,16,0,11,0,12,
0,86,236,23,1,12,248,233,3,127,253,206,6,14,15,88,253,11,159,0,135,0,192,1,70,0,121,0,43,0,17,0,12,0,12,
0,86,236,23,1,2,249,233,3,127,253,206,6,45,19,171,0,11,159,0,136,1,28,1,65,0,127,0,43,0,20,0,14,0,11,
0,27,245,12,253,2,249,233,3,127,253,206,6,4,24,250,247,11,158,0,136,1,89,1,32,0,126,0,46,0,20,0,14,0,11,
0,100,254,42,248,119,251,233,3,127,253,206,6,55,15,8,254,161,172,0,137,1,81,0,228,0,115,0,43,0,16,0,11,0,11,
0,215,6,55,243,73,254,168,3,40,253,125,7,25,255,124,3,134,178,0,138,1,77,0,155,0,104,0,44,0,20,0,13,0,11,
0,215,6,55,243,73,254,168,3,40,253,125,7,25,255,124,3,134,178,0,139,1,74,0,134,0,95,0,45,0,21,0,14,0,10,
0,190,12,66,240,173,1,168,3,40,253,125,7,184,239,209,2,82,193,0,144,1,71,0,133,0,85,0,42,0,19,0,13,0,10,
0,241,15,38,240,77,5,168,3,40,253,125,7,39,226,189,252,38,199,0,176,1,65,0,133,0,75,0,36,0,16,0,11,0,11,
0,37,17,127,242,219,7,168,3,40,253,125,7,8,215,170,250,56,213,1,18,1,56,0,132,0,71,0,36,0,18,0,13,0,10,
0,37,17,127,242,219,7,168,3,40,253,125,7,8,215,199,252,196,223,1,86,1,50,0,132,0,69,0,37,0,20,0,14,0,11,
0,190,16,215,246,190,8,168,3,40,253,125,7,70,210,199,252,196,223,1,80,1,43,0,133,0,63,0,32,0,17,0,13,0,12,
0,251,14,111,252,49,8,168,3,40,253,125,7,6,207,123,250,16,227,1,79,1,32,0,134,0,57,0,27,0,13,0,11,0,12,
0,251,11,111,252,155,6,168,3,40,253,125,7,162,206,10,246,34,223,1,75,1,15,0,134,0,58,0,29,0,16,0,13,0,11,
0,252,11,174,2,155,6,168,3,40,253,125,7,39,212,42,242,22,216,1,73,0,253,0,136,0,57,0,29,0,16,0,13,0,11,
0,45,8,217,8,146,4,35,4,92,253,29,7,39,212,42,242,22,216,1,74,0,238,0,136,0,53,0,25,0,13,0,11,0,11,
0,30,4,4,14,70,2,35,4,92,253,29,7,63,224,10,237,159,209,1,73,0,227,0,137,0,51,0,23,0,12,0,11,0,11,
0,30,4,4,14,158,0,35,4,92,253,29,7,234,237,140,234,44,197,1,72,0,217,0,139,0,53,0,26,0,15,0,12,0,10,
0,169,0,73,17,158,0,35,4,92,253,29,7,223,248,8,232,110,186,1,72,0,209,0,142,0,53,0,25,0,15,0,12,0,11,
0,168,253,254,17,222,255,35,4,92,253,29,7,223,248,224,229,250,181,1,74,0,204,0,148,0,51,0,21,0,12,0,10,0,11,
0,121,251,87,16,137,255,35,4,92,253,29,7,143,0,224,229,250,181,1,73,0,200,0,161,0,54,0,23,0,12,0,11,0,11,
0,121,251,87,16,137,255,35,4,92,253,29,7,215,5,234,229,233,180,1,73,0,194,0,192,0,60,0,27,0,15,0,13,0,11,
0,130,250,212,12,114,255,35,4,92,253,29,7,100,10,215,229,143,176,1,73,0,186,0,255,0,69,0,27,0,15,0,11,0,11,
0,87,250,96,8,93,255,35,4,92,253,29,7,72,8,127,232,121,177,1,73,0,180,1,88,0,84,0,28,0,14,0,11,0,12,
0,189,250,38,4,28,255,35,4,92,253,29,7,72,8,127,232,93,183,1,71,0,176,1,79,0,97,0,37,0,16,0,12,0,11,
0,189,250,38,4,28,255,214,3,78,253,137,7,159,4,230,234,93,183,1,70,0,174,1,78,0,108,0,41,0,18,0,13,0,11,
0,154,251,207,0,11,255,214,3,78,253,137,7,245,2,144,235,142,182,1,68,0,175,1,73,0,113,0,41,0,17,0,12,0,11,
0,159,252,161,254,3,255,214,3,78,253,137,7,217,2,3,237,210,183,1,68,0,175,1,72,0,117,0,43,0,17,0,12,0,11,
0,159,253,161,254,230,254,214,3,78,253,137,7,217,1,75,239,110,185,1,65,0,174,1,68,0,123,0,47,0,20,0,13,0,11,
0,146,253,131,253,230,254,214,3,78,253,137,7,93,1,75,239,110,185,1,64,0,174,1,69,0,126,0,49,0,20,0,13,0,10,
0,81,254,115,253,93,254,214,3,78,253,137,7,165,2,116,242,204,186,1,61,0,171,1,67,0,128,0,52,0,20,0,13,0,11,
0,161,254,31,254,139,253,214,3,78,253,137,7,43,5,122,244,252,190,1,60,0,167,1,66,0,129,0,53,0,21,0,13,0,11,
0,161,254,31,254,187,252,214,3,78,253,137,7,60,8,90,246,109,190,1,58,0,165,1,63,0,132,0,55,0,25,0,14,0,11,
0,191,254,14,255,187,252,214,3,78,253,137,7,60,8,90,246,139,187,1,57,0,163,1,64,0,133,0,55,0,22,0,14,0,11,
0,120,254,11,0,56,252,214,3,78,253,137,7,99,9,11,247,139,187,1,58,0,161,1,59,0,131,0,54,0,23,0,13,0,11,
0,238,253,27,1,81,252,218,3,48,253,18,7,179,9,125,246,32,189,1,58,0,159,1,56,0,133,0,56,0,25,0,15,0,12,
0,238,253,27,1,81,252,218,3,48,253,18,7,130,10,99,247,186,190,1,59,0,158,1,55,0,134,0,58,0,27,0,16,0,12,
0,55,253,31,2,146,252,218,3,48,253,18,7,170,11,17,248,75,190,1,59,0,157,1,53,0,133,0,57,0,25,0,15,0,12,
0,173,252,210,2,220,252,218,3,48,253,18,7,170,11,17,248,75,190,1,60,0,159,1,52,0,131,0,55,0,23,0,14,0,12,
0,116,252,5,3,54,253,218,3,48,253,18,7,56,12,205,247,34,187,1,59,0,161,1,50,0,132,0,57,0,25,0,15,0,12,
0,116,252,5,3,54,253,218,3,48,253,18,7,250,10,171,247,207,184,1,58,0,163,1,47,0,133,0,59,0,26,0,16,0,12,
0,124,252,123,2,137,253,218,3,48,253,18,7,60,10,96,247,7,187,1,59,0,165,1,45,0,130,0,56,0,23,0,15,0,13,
0,146,252,93,1,4,254,218,3,48,253,18,7,60,10,217,246,202,183,1,60,0,167,1,42,0,129,0,55,0,23,0,14,0,12,
0,146,252,93,1,106,254,218,3,48,253,18,7,62,11,217,246,202,183,1,59,0,168,1,39,0,129,0,57,0,25,0,16,0,12,
0,219,252,233,255,106,254,218,3,48,253,18,7,20,7,201,246,121,182,1,59,0,169,1,34,0,128,0,59,0,25,0,15,0,12,
0,51,253,136,254,179,254,218,3,48,253,18,7,242,2,136,245,3,186,1,59,0,168,1,26,0,125,0,57,0,26,0,16,0,13,
0,150,253,42,253,221,254,244,3,115,253,132,6,111,1,246,243,85,189,1,59,0,166,1,16,0,123,0,56,0,26,0,16,0,12,
0,150,253,42,253,204,254,244,3,115,253,132,6,111,1,246,243,154,187,1,58,0,164,1,3,0,121,0,56,0,25,0,16,0,12,
0,158,253,254,251,204,254,244,3,115,253,132,6,238,0,146,241,154,187,1,59,0,160,0,246,0,116,0,54,0,25,0,15,0,11,
0,147,253,0,251,162,254,244,3,115,253,132,6,82,255,241,240,192,188,1,60,0,155,0,230,0,111,0,52,0,22,0,14,0,12,
0,94,253,252,249,95,254,244,3,115,253,132,6,75,254,111,240,71,192,1,60,0,152,0,215,0,106,0,51,0,25,0,15,0,12,
0,94,253,252,249,95,254,244,3,115,253,132,6,75,254,198,239,56,194,1,60,0,149,0,200,0,101,0,50,0,23,0,15,0,11,
0,23,253,233,248,33,254,244,3,115,253,132,6,72,255,198,239,56,194,1,61,0,146,0,184,0,94,0,46,0,22,0,14,0,11,
0,173,252,201,247,204,253,244,3,115,253,132,6,173,255,107,239,73,192,1,63,0,145,0,170,0,88,0,43,0,19,0,14,0,11,
0,37,252,146,246,125,253,244,3,115,253,132,6,30,254,220,239,31,190,1,63,0,142,0,159,0,82,0,41,0,21,0,13,0,10,
0,37,252,146,246,125,253,244,3,115,253,132,6,227,251,176,241,119,190,1,63,0,141,0,150,0,77,0,40,0,21,0,14,0,11,
0,167,251,176,245,78,253,254,3,61,253,0,7,227,251,176,241,93,191,1,63,0,140,0,145,0,72,0,36,0,19,0,13,0,11,
0,64,251,35,245,24,253,254,3,61,253,0,7,178,250,14,242,93,191,1,63,0,140,0,142,0,67,0,33,0,16,0,12,0,11,
0,64,251,35,245,241,252,254,3,61,253,0,7,142,249,167,241,254,187,1,63,0,140,0,139,0,63,0,32,0,16,0,12,0,10,
0,213,250,218,244,241,252,254,3,61,253,0,7,244,246,136,242,167,182,1,62,0,139,0,138,0,61,0,31,0,16,0,12,0,11,
0,75,250,207,244,175,252,254,3,61,253,0,7,177,244,224,243,163,184,1,62,0,140,0,137,0,58,0,28,0,14,0,11,0,11,
0,223,249,38,245,87,252,254,3,61,253,0,7,177,244,224,243,163,184,1,62,0,140,0,136,0,55,0,27,0,13,0,12,0,11,
0,223,249,38,245,87,252,254,3,61,253,0,7,118,244,119,244,97,183,1,61,0,140,0,136,0,55,0,27,0,15,0,12,0,10,
0,149,249,246,245,30,252,254,3,61,253,0,7,184,242,15,245,105,179,1,61,0,141,0,136,0,53,0,25,0,13,0,12,0,11,
0,120,249,25,247,254,251,254,3,61,253,0,7,123,241,231,246,128,180,1,62,0,141,0,136,0,51,0,23,0,11,0,11,0,11,
0,145,249,73,248,209,251,254,3,61,253,0,7,123,241,231,248,87,181,1,60,0,142,0,136,0,52,0,24,0,13,0,12,0,11,
0,145,249,73,248,209,251,80,4,232,252,138,6,216,242,86,248,87,181,1,60,0,142,0,136,0,51,0,24,0,14,0,12,0,10,
0,144,249,61,249,182,251,80,4,232,252,138,6,194,242,191,249,238,179,1,59,0,142,0,136,0,50,0,23,0,12,0,11,0,11,
0,210,249,245,249,173,251,80,4,232,252,138,6,39,242,89,251,112,180,1,59,0,143,0,136,0,49,0,23,0,12,0,11,0,11,
0,19,250,109,250,231,251,80,4,232,252,138,6,58,242,201,251,85,180,1,57,0,144,0,136,0,49,0,23,0,12,0,11,0,10,
0,19,250,109,250,231,251,80,4,232,252,138,6,58,242,201,251,85,180,1,55,0,144,0,136,0,50,0,23,0,13,0,11,0,11,
0,88,250,181,250,243,251,80,4,232,252,138,6,149,240,204,251,206,177,1,54,0,144,0,136,0,48,0,22,0,11,0,11,0,11,
0,124,250,8,251,13,252,80,4,232,252,138,6,173,237,152,252,163,178,1,53,0,144,0,136,0,48,0,22,0,11,0,11,0,10,
0,124,250,8,251,8,252,80,4,232,252,138,6,208,235,111,252,144,179,1,51,0,145,0,136,0,49,0,22,0,12,0,11,0,10,
0,168,250,182,251,8,252,80,4,232,252,138,6,208,235,77,252,37,181,1,49,0,145,0,136,0,49,0,23,0,12,0,11,0,11,
0,187,250,197,252,237,251,80,4,232,252,138,6,4,236,77,252,37,181,1,47,0,147,0,137,0,48,0,22,0,11,0,11,0,11,
0,239,250,4,254,221,251,67,4,15,253,188,6,242,234,48,252,203,178,1,45,0,148,0,138,0,49,0,22,0,12,0,11,0,11,
0,239,250,4,254,221,251,67,4,15,253,188,6,43,235,57,253,149,180,1,41,0,150,0,140,0,49,0,23,0,13,0,11,0,11,
0,28,251,43,255,221,251,67,4,15,253,188,6,24,237,4,254,155,182,1,40,0,153,0,142,0,49,0,22,0,11,0,11,0,11,
0,63,251,57,0,254,251,67,4,15,253,188,6,24,237,4,254,85,180,1,37,0,155,0,145,0,50,0,22,0,14,0,11,0,11,
0,87,251,32,1,46,252,67,4,15,253,188,6,9,239,233,253,85,180,1,34,0,158,0,151,0,52,0,23,0,14,0,12,0,11,
0,87,251,32,1,46,252,67,4,15,253,188,6,186,237,65,254,78,178,1,30,0,160,0,160,0,54,0,23,0,12,0,11,0,11,
0,146,251,229,1,74,252,67,4,15,253,188,6,198,236,9,255,8,184,1,27,0,163,0,171,0,55,0,23,0,12,0,11,0,11,
0,230,251,162,2,149,252,67,4,15,253,188,6,198,237,90,253,247,183,1,24,0,167,0,185,0,58,0,23,0,13,0,11,0,11,
0,31,252,60,3,202,252,67,4,15,253,188,6,20,237,90,253,247,183,1,19,0,170,0,198,0,63,0,26,0,13,0,12,0,11,
0,31,252,60,3,202,252,67,4,15,253,188,6,116,235,228,252,227,181,1,13,0,175,0,212,0,67,0,26,0,15,0,12,0,11,
0,57,252,227,3,27,253,67,4,15,253,188,6,214,231,126,251,115,183,1,8,0,180,0,226,0,72,0,28,0,13,0,11,0,11,
0,107,252,169,4,182,253,56,4,20,253,49,7,64,228,138,255,235,184,1,2,0,188,0,240,0,77,0,29,0,16,0,11,0,11,
0,107,252,169,4,236,254,56,4,20,253,49,7,64,228,138,255,7,186,1,0,0,196,1,2,0,83,0,31,0,15,0,12,0,11,
0,185,252,110,5,236,254,56,4,20,253,49,7,26,231,150,253,7,186,0,249,0,205,1,17,0,89,0,32,0,16,0,12,0,11,
0,204,252,176,6,196,255,56,4,20,253,49,7,186,232,167,253,185,187,0,244,0,212,1,30,0,95,0,35,0,17,0,12,0,11,
0,235,252,31,8,179,255,56,4,20,253,49,7,157,234,199,255,170,185,0,239,0,217,1,40,0,101,0,32,0,15,0,13,0,12,
0,235,252,31,8,179,255,56,4,20,253,49,7,61,235,186,1,63,187,0,234,0,220,1,46,0,107,0,36,0,16,0,12,0,11,
0,46,253,70,9,105,255,56,4,20,253,49,7,61,235,186,1,63,187,0,233,0,223,1,52,0,111,0,38,0,17,0,13,0,12,
0,45,253,233,9,67,255,56,4,20,253,49,7,126,237,220,1,76,188,0,231,0,225,1,57,0,115,0,40,0,17,0,12,0,11,
0,61,253,130,10,41,255,56,4,20,253,49,7,118,239,97,2,211,187,0,228,0,227,1,59,0,120,0,44,0,20,0,13,0,11,
0,61,253,130,10,41,255,56,4,20,253,49,7,198,239,238,3,243,184,0,225,0,228,1,59,0,123,0,47,0,21,0,14,0,12,
0,108,253,234,10,249,254,225,3,25,253,153,6,198,239,220,4,82,186,0,223,0,229,1,59,0,125,0,48,0,20,0,13,0,11,
0,203,253,73,11,131,254,225,3,25,253,153,6,102,239,220,4,82,186,0,221,0,229,1,59,0,126,0,49,0,21,0,13,0,11,
0,28,254,194,11,247,253,225,3,25,253,153,6,243,239,115,4,17,186,0,219,0,229,1,59,0,129,0,52,0,23,0,14,0,12,
0,28,254,194,11,247,253,225,3,25,253,153,6,10,242,58,3,52,185,0,217,0,230,1,60,0,130,0,53,0,23,0,14,0,12,
0,126,254,75,12,105,253,225,3,25,253,153,6,24,244,90,2,208,185,0,215,0,229,1,60,0,131,0,53,0,23,0,14,0,12,
0,17,255,173,12,241,252,225,3,25,253,153,6,24,244,90,2,208,186,0,214,0,230,1,59,0,131,0,54,0,23,0,15,0,12,
0,17,255,173,12,161,252,225,3,25,253,153,6,133,247,216,1,186,186,0,212,0,232,1,58,0,132,0,55,0,24,0,15,0,12,
0,131,255,246,12,161,252,225,3,25,253,153,6,217,249,214,0,20,185,0,211,0,234,1,59,0,132,0,55,0,23,0,14,0,11,
0,254,255,245,12,123,252,225,3,25,253,153,6,179,251,142,0,213,185,0,210,0,235,1,57,0,133,0,55,0,24,0,15,0,12,
0,66,0,143,12,115,252,225,3,25,253,153,6,179,251,245,255,9,187,0,209,0,236,1,56,0,133,0,56,0,25,0,15,0,12,
0,66,0,143,12,115,252,103,3,1,253,148,6,191,253,245,255,9,187,0,206,0,237,1,56,0,133,0,57,0,25,0,15,0,12,
0,158,0,246,11,84,252,103,3,1,253,148,6,179,253,101,255,59,187,0,203,0,237,1,55,0,132,0,56,0,24,0,15,0,12,
0,207,0,110,11,47,252,103,3,1,253,148,6,143,254,130,253,247,186,0,199,0,236,1,54,0,133,0,57,0,25,0,15,0,12,
0,219,0,255,10,31,252,103,3,1,253,148,6,95,254,130,251,72,186,0,195,0,236,1,53,0,133,0,57,0,25,0,16,0,12,
0,219,0,255,10,31,252,103,3,1,253,148,6,95,254,130,251,65,186,0,191,0,235,1,53,0,132,0,57,0,25,0,16,0,12,
0,249,0,171,10,5,252,103,3,1,253,148,6,153,254,173,250,65,186,0,187,0,235,1,53,0,131,0,56,0,24,0,15,0,12,
0,210,0,89,10,3,252,103,3,1,253,148,6,144,0,46,249,212,189,0,182,0,234,1,52,0,132,0,61,0,26,0,15,0,12,
0,150,0,89,9,245,251,103,3,1,253,148,6,55,3,176,247,49,189,0,178,0,234,1,52,0,132,0,60,0,26,0,15,0,11,
0,150,0,224,9,245,251,103,3,1,253,148,6,141,4,92,246,30,186,0,174,0,233,1,52,0,132,0,60,0,27,0,16,0,12,
0,94,0,96,9,1,252,103,3,1,253,148,6,141,4,92,246,30,186,0,171,0,233,1,52,0,132,0,59,0,26,0,16,0,12,
0,15,0,191,8,62,252,100,3,5,253,142,6,86,5,155,246,200,185,0,168,0,232,1,53,0,132,0,59,0,26,0,16,0,12,
0,15,0,191,8,120,252,100,3,5,253,142,6,175,5,18,247,64,187,0,163,0,232,1,53,0,132,0,59,0,27,0,16,0,12,
0,203,255,230,7,120,252,100,3,5,253,142,6,30,6,243,246,157,187,0,159,0,232,1,53,0,131,0,58,0,25,0,15,0,12,
0,132,255,247,6,146,252,100,3,5,253,142,6,30,6,243,246,159,187,0,156,0,232,1,53,0,132,0,58,0,26,0,16,0,12,
0,95,255,28,6,132,252,100,3,5,253,142,6,69,7,77,246,159,187,0,152,0,232,1,52,0,132,0,58,0,26,0,16,0,12,
0,95,255,28,6,132,252,100,3,5,253,142,6,233,6,112,245,151,184,0,149,0,233,1,51,0,131,0,57,0,25,0,15,0,12,
0,34,255,123,5,125,252,100,3,5,253,142,6,104,6,85,245,193,184,0,146,0,233,1,50,0,131,0,57,0,26,0,16,0,12,
0,201,254,235,4,130,252,100,3,5,253,142,6,171,6,130,245,89,186,0,144,0,234,1,49,0,130,0,57,0,24,0,15,0,11,
0,115,254,128,4,166,252,100,3,5,253,142,6,171,6,130,245,89,186,0,142,0,235,1,48,0,131,0,58,0,26,0,16,0,12,
0,115,254,128,4,166,252,100,3,5,253,142,6,235,6,152,245,227,186,0,141,0,236,1,47,0,130,0,57,0,23,0,15,0,12,
0,80,254,53,4,196,252,100,3,4,253,228,6,169,7,203,245,184,186,0,140,0,238,1,46,0,129,0,56,0,23,0,14,0,12,
0,229,253,211,3,216,252,50,3,4,253,228,6,229,7,216,246,246,187,0,140,0,239,1,45,0,129,0,56,0,23,0,14,0,11,
0,190,253,211,3,214,252,50,3,4,253,228,6,229,7,186,247,151,186,0,139,0,241,1,44,0,129,0,57,0,25,0,16,0,12,
0,190,253,48,3,214,252,50,3,4,253,228,6,59,8,186,247,151,186,0,139,0,243,1,42,0,128,0,59,0,25,0,15,0,11,
0,146,253,164,2,3,253,50,3,4,253,228,6,69,7,0,249,84,186,0,139,0,244,1,41,0,128,0,61,0,25,0,15,0,12,
0,148,253,0,2,53,253,50,3,4,253,228,6,96,7,13,250,108,188,0,139,0,246,1,40,0,127,0,59,0,24,0,15,0,12,
0,148,253,0,2,99,253,50,3,4,253,228,6,135,6,56,250,33,187,0,139,0,247,1,36,0,127,0,59,0,26,0,16,0,12,
0,213,253,95,1,99,253,50,3,4,253,228,6,135,6,56,250,110,186,0,140,0,248,1,34,0,125,0,57,0,25,0,15,0,12,
0,29,254,199,0,155,253,50,3,4,253,228,6,113,5,115,250,110,186,0,139,0,248,1,29,0,124,0,57,0,27,0,16,0,12,
0,109,254,85,0,216,253,50,3,4,253,228,6,100,4,132,250,91,187,0,140,0,249,1,25,0,123,0,56,0,27,0,16,0,12,
0,109,254,85,0,216,253,50,3,4,253,228,6,190,4,152,250,246,188,0,140,0,249,1,21,0,122,0,55,0,26,0,16,0,12,
0,145,254,31,0,232,253,40,3,43,253,197,6,190,4,198,250,53,188,0,141,0,249,1,16,0,120,0,54,0,25,0,16,0,12,
0,173,254,227,255,242,253,40,3,43,253,197,6,69,4,198,250,53,188,0,142,0,249,1,13,0,118,0,53,0,22,0,14,0,12,
0,161,254,179,255,22,254,40,3,43,253,197,6,227,4,236,250,63,188,0,142,0,248,1,9,0,117,0,53,0,23,0,15,0,12,
0,161,254,179,255,22,254,40,3,43,253,197,6,144,5,115,250,162,188,0,142,0,247,1,6,0,115,0,52,0,23,0,15,0,12,
0,164,254,79,255,60,254,40,3,43,253,197,6,130,5,190,250,27,187,0,143,0,245,1,4,0,113,0,51,0,22,0,14,0,11,
0,169,254,213,254,88,254,40,3,43,253,197,6,130,5,190,250,100,188,0,144,0,244,1,2,0,112,0,50,0,22,0,14,0,12,
0,141,254,213,254,104,254,40,3,43,253,197,6,26,4,60,251,100,188,0,145,0,242,1,1,0,111,0,49,0,22,0,14,0,11,
0,141,254,67,254,104,254,40,3,43,253,197,6,250,3,224,250,14,190,0,146,0,239,0,255,0,110,0,49,0,24,0,14,0,12,
0,106,254,179,253,147,254,40,3,43,253,197,6,74,4,46,249,93,187,0,148,0,237,0,255,0,109,0,48,0,23,0,14,0,12,
0,79,254,67,253,172,254,40,3,43,253,197,6,39,2,18,249,80,186,0,148,0,235,0,255,0,108,0,48,0,23,0,14,0,12,
0,79,254,67,253,135,254,64,3,229,252,207,6,39,2,18,249,80,186,0,149,0,233,0,254,0,108,0,47,0,23,0,14,0,11,
0,41,254,239,252,135,254,64,3,229,252,207,6,92,1,122,248,133,187,0,150,0,232,0,254,0,106,0,46,0,21,0,13,0,11,
0,240,253,190,252,136,254,64,3,229,252,207,6,82,1,175,248,74,189,0,151,0,231,0,254,0,106,0,46,0,22,0,14,0,11,
0,164,253,179,252,180,254,64,3,229,252,207,6,190,2,241,247,122,188,0,151,0,230,0,254,0,106,0,47,0,22,0,14,0,12,
0,164,253,179,252,180,254,64,3,229,252,207,6,190,2,140,247,242,184,0,151,0,229,0,254,0,105,0,46,0,21,0,14,0,11,
0,155,253,155,252,158,254,64,3,229,252,207,6,123,2,140,247,242,184,0,153,0,229,0,254,0,105,0,45,0,20,0,14,0,12,
0,72,253,131,252,157,254,64,3,229,252,207,6,106,1,40,248,52,186,0,153,0,228,0,255,0,105,0,45,0,20,0,13,0,11,
0,228,252,79,252,158,254,64,3,229,252,207,6,207,1,229,248,27,189,0,153,0,227,0,255,0,105,0,46,0,22,0,14,0,12,
0,228,252,79,252,158,254,64,3,229,252,207,6,22,3,189,248,51,188,0,153,0,227,1,0,0,106,0,46,0,19,0,14,0,11,
0,186,252,252,251,178,254,64,3,229,252,207,6,22,3,189,248,51,188,0,154,0,227,1,1,0,105,0,44,0,19,0,13,0,11,
0,193,252,181,251,203,254,79,3,226,252,191,6,213,2,205,247,231,185,0,153,0,226,1,1,0,106,0,46,0,20,0,14,0,12,
0,193,252,181,251,226,254,79,3,226,252,191,6,67,1,40,248,181,187,0,153,0,226,1,1,0,106,0,45,0,19,0,13,0,11,
0,167,252,119,251,226,254,79,3,226,252,191,6,153,255,54,248,159,187,0,153,0,226,1,1,0,106,0,46,0,20,0,14,0,12,
0,143,252,117,251,212,254,79,3,226,252,191,6,153,255,193,247,80,189,0,153,0,226,1,1,0,106,0,46,0,20,0,14,0,11,
0,135,252,106,251,219,254,79,3,226,252,191,6,98,255,193,247,80,189,0,153,0,227,1,1,0,106,0,45,0,20,0,13,0,11,
0,135,252,106,251,185,254,79,3,226,252,191,6,148,255,50,247,24,188,0,153,0,228,1,1,0,106,0,45,0,20,0,13,0,11,
0,141,252,119,251,185,254,79,3,226,252,191,6,99,254,96,247,105,186,0,153,0,229,1,1,0,106,0,45,0,20,0,14,0,12,
0,71,252,170,251,172,254,79,3,226,252,191,6,80,254,231,247,90,188,0,153,0,230,1,0,0,106,0,45,0,20,0,13,0,11,
0,55,252,184,251,182,254,79,3,226,252,191,6,80,254,231,247,179,189,0,153,0,232,0,255,0,106,0,46,0,22,0,14,0,11,
0,55,252,184,251,182,254,79,3,226,252,191,6,45,254,60,248,179,189,0,154,0,233,0,255,0,106,0,45,0,20,0,13,0,11,
0,30,252,177,251,190,254,53,3,204,252,176,6,89,255,125,248,67,189,0,155,0,234,0,254,0,105,0,45,0,20,0,14,0,11,
0,236,251,133,251,220,254,53,3,204,252,176,6,99,255,64,248,205,188,0,155,0,235,0,253,0,105,0,45,0,20,0,13,0,11,
0,213,251,85,251,221,254,53,3,204,252,176,6,99,253,155,248,191,187,0,155,0,235,0,251,0,105,0,45,0,21,0,14,0,11,
0,213,251,85,251,221,254,53,3,204,252,176,6,83,253,155,248,191,187,0,156,0,235,0,249,0,104,0,45,0,21,0,14,0,11,
0,203,251,23,251,229,254,53,3,204,252,176,6,123,252,70,248,74,189,0,157,0,236,0,247,0,104,0,44,0,20,0,14,0,11,
0,206,251,207,250,230,254,53,3,204,252,176,6,169,252,44,248,100,189,0,158,0,236,0,244,0,102,0,44,0,20,0,14,0,11,
0,206,251,207,250,224,254,53,3,204,252,176,6,173,251,218,247,87,188,0,159,0,236,0,242,0,102,0,43,0,20,0,13,0,11,
0,181,251,221,250,224,254,53,3,204,252,176,6,173,251,218,247,237,188,0,159,0,237,0,239,0,101,0,44,0,19,0,13,0,11,
0,128,251,216,250,220,254,53,3,204,252,176,6,186,251,134,247,237,188,0,160,0,237,0,237,0,100,0,43,0,19,0,13,0,11,
0,89,251,190,250,216,254,53,3,204,252,176,6,131,251,235,247,55,188,0,161,0,237,0,235,0,99,0,43,0,18,0,13,0,11,
0,89,251,190,250,206,254,53,3,204,252,176,6,36,251,21,248,253,187,0,162,0,238,0,232,0,98,0,42,0,19,0,13,0,11,
0,33,251,212,250,206,254,101,3,222,252,211,6,176,250,102,248,189,188,0,163,0,238,0,230,0,97,0,42,0,19,0,13,0,11,
0,11,251,219,250,175,254,101,3,222,252,211,6,176,250,102,248,189,188,0,163,0,238,0,228,0,96,0,36,0,18,0,14,0,12,
0,10,251,216,250,163,254,101,3,222,252,211,6,172,251,11,249,120,189,0,164,0,238,0,225,0,95,0,37,0,18,0,14,0,12,
0,10,251,216,250,163,254,101,3,222,252,211,6,188,251,255,248,48,187,0,165,0,238,0,223,0,94,0,38,0,19,0,13,0,11,
0,241,250,161,250,159,254,101,3,222,252,211,6,203,250,157,248,37,186,0,165,0,238,0,222,0,92,0,38,0,18,0,13,0,11,
0,235,250,126,250,129,254,101,3,222,252,211,6,203,250,237,248,147,186,0,165,0,237,0,220,0,92,0,38,0,19,0,13,0,12,
0,234,250,144,250,123,254,101,3,222,252,211,6,29,249,237,248,147,186,0,165,0,237,0,218,0,91,0,39,0,19,0,13,0,11,
0,234,250,144,250,123,254,101,3,222,252,211,6,55,249,56,249,252,188,0,165,0,237,0,217,0,90,0,38,0,18,0,13,0,11,
0,244,250,156,250,93,254,101,3,222,252,211,6,18,250,184,248,53,188,0,165,0,238,0,216,0,89,0,38,0,17,0,12,0,11,
0,219,250,215,250,74,254,101,3,222,252,211,6,29,249,81,248,11,184,0,164,0,238,0,215,0,89,0,38,0,18,0,13,0,11,
0,219,250,215,250,77,254,93,3,190,252,129,6,29,249,81,248,11,186,0,164,0,239,0,216,0,87,0,37,0,17,0,12,0,11,
0,173,250,39,251,77,254,93,3,190,252,129,6,176,248,12,249,244,186,0,164,0,240,0,215,0,87,0,38,0,18,0,13,0,11,
0,174,250,106,251,61,254,93,3,190,252,129,6,190,248,211,249,192,187,0,163,0,240,0,215,0,87,0,37,0,18,0,13,0,11,
0,207,250,155,251,55,254,93,3,190,252,129,6,147,249,245,249,182,188,0,162,0,241,0,215,0,87,0,37,0,17,0,13,0,11,
0,207,250,155,251,15,254,93,3,190,252,129,6,147,249,149,249,67,187,0,162,0,242,0,216,0,86,0,36,0,17,0,12,0,11,
0,221,250,175,251,15,254,93,3,190,252,129,6,35,250,149,249,67,187,0,160,0,242,0,216,0,87,0,37,0,18,0,13,0,11,
0,191,250,191,251,20,254,93,3,190,252,129,6,88,249,251,249,207,184,0,159,0,242,0,217,0,87,0,37,0,18,0,13,0,11,
0,160,250,192,251,22,254,93,3,190,252,129,6,81,247,147,250,242,185,0,159,0,242,0,217,0,87,0,37,0,18,0,13,0,11,
0,160,250,192,251,22,254,93,3,190,252,129,6,115,247,157,250,93,189,0,158,0,243,0,218,0,86,0,36,0,17,0,12,0,11,
0,187,250,226,251,19,254,93,3,190,252,129,6,115,247,157,250,2,187,0,157,0,243,0,218,0,87,0,37,0,18,0,13,0,12,
0,193,250,28,252,23,254,188,3,118,252,58,7,248,248,82,249,2,187,0,156,0,244,0,219,0,87,0,36,0,17,0,12,0,11,
0,198,250,99,252,22,254,188,3,118,252,58,7,117,247,187,249,44,186,0,155,0,244,0,219,0,87,0,37,0,18,0,13,0,11,
0,198,250,99,252,22,254,188,3,118,252,58,7,200,245,61,250,35,187,0,154,0,245,0,220,0,87,0,37,0,18,0,13,0,11,
0,196,250,227,252,24,254,188,3,118,252,58,7,126,247,27,250,17,190,0,154,0,246,0,222,0,87,0,41,0,17,0,12,0,11,
0,186,250,30,253,252,253,188,3,118,252,58,7,126,247,27,250,17,190,0,153,0,246,0,223,0,88,0,40,0,19,0,13,0,11,
0,186,250,30,253,207,253,188,3,118,252,58,7,194,248,184,249,21,186,0,153,0,248,0,225,0,88,0,40,0,16,0,12,0,11,
0,182,250,58,253,207,253,188,3,118,252,58,7,19,247,91,250,122,185,0,152,0,248,0,225,0,89,0,40,0,17,0,13,0,11,
0,201,250,98,253,221,253,188,3,118,252,58,7,62,247,11,251,63,188,0,151,0,249,0,227,0,90,0,39,0,17,0,13,0,11,
0,205,250,144,253,247,253,188,3,118,252,58,7,62,247,11,251,33,188,0,151,0,249,0,228,0,90,0,39,0,17,0,12,0,11,
0,205,250,144,253,247,253,188,3,118,252,58,7,110,247,9,251,33,188,0,151,0,250,0,230,0,90,0,38,0,17,0,13,0,11,
0,213,250,208,253,238,253,202,3,149,252,205,6,208,247,28,250,198,186,0,150,0,251,0,232,0,91,0,38,0,17,0,12,0,11,
0,211,250,245,253,242,253,202,3,149,252,205,6,188,246,19,250,128,185,0,149,0,251,0,233,0,92,0,39,0,17,0,13,0,11,
0,202,250,58,254,194,253,202,3,149,252,205,6,51,245,181,250,184,186,0,149,0,251,0,235,0,93,0,40,0,18,0,13,0,11,
0,202,250,58,254,194,253,202,3,149,252,205,6,51,245,181,250,184,186,0,148,0,253,0,237,0,93,0,39,0,17,0,12,0,11,
0,218,250,126,254,167,253,202,3,149,252,205,6,46,246,108,250,225,188,0,148,0,254,0,239,0,94,0,39,0,17,0,13,0,11,
0,200,250,180,254,128,253,202,3,149,252,205,6,207,247,38,250,116,187,0,148,0,255,0,241,0,95,0,40,0,19,0,12,0,11,
0,218,250,21,255,137,253,202,3,149,252,205,6,171,247,58,250,216,185,0,147,0,255,0,242,0,96,0,40,0,20,0,13,0,11,
0,218,250,21,255,137,253,202,3,149,252,205,6,171,247,135,250,107,186,0,147,1,0,0,244,0,96,0,40,0,19,0,13,0,11,
0,254,250,90,255,130,253,202,3,149,252,205,6,140,247,135,250,107,186,0,147,1,1,0,246,0,97,0,40,0,19,0,13,0,11,
0,220,250,114,255,139,253,202,3,149,252,205,6,254,246,28,251,57,187,0,146,1,2,0,247,0,98,0,41,0,20,0,13,0,11,
0,220,250,114,255,154,253,202,3,149,252,205,6,60,248,62,251,254,187,0,146,1,3,0,249,0,98,0,41,0,19,0,13,0,11,
0,232,250,159,255,154,253,126,3,144,252,151,6,75,248,230,250,40,187,0,145,1,3,0,250,0,100,0,41,0,20,0,14,0,12,
0,28,251,199,255,148,253,126,3,144,252,151,6,75,248,230,250,44,187,0,145,1,3,0,251,0,100,0,42,0,20,0,14,0,11,
0,40,251,234,255,131,253,126,3,144,252,151,6,249,247,157,250,44,187,0,145,1,3,0,252,0,101,0,42,0,19,0,13,0,11,
0,40,251,234,255,131,253,126,3,144,252,151,6,199,247,171,250,145,187,0,145,1,4,0,254,0,101,0,42,0,19,0,13,0,11,
0,250,250,255,255,81,253,126,3,144,252,151,6,195,247,96,250,7,187,0,144,1,4,0,254,0,102,0,43,0,20,0,13,0,12,
0,238,250,53,0,60,253,126,3,144,252,151,6,195,247,104,250,64,188,0,144,1,5,0,255,0,103,0,43,0,20,0,14,0,11,
0,238,250,137,0,80,253,126,3,144,252,151,6,123,247,104,250,64,188,0,144,1,5,1,0,0,104,0,43,0,18,0,13,0,11,
0,238,250,137,0,80,253,126,3,144,252,151,6,19,248,127,250,43,189,0,144,1,7,1,2,0,104,0,43,0,18,0,12,0,11,
0,226,250,185,0,93,253,126,3,144,252,151,6,120,249,126,250,146,188,0,144,1,7,1,2,0,104,0,44,0,19,0,13,0,11,
0,206,250,207,0,89,253,126,3,144,252,151,6,243,249,86,250,151,187,0,144,1,8,1,3,0,105,0,43,0,18,0,13,0,11,
0,194,250,226,0,84,253,221,3,84,252,194,6,243,249,86,250,65,187,0,144,1,8,1,4,0,106,0,45,0,20,0,13,0,11,
0,194,250,226,0,84,253,221,3,84,252,194,6,48,250,112,250,65,187,0,144,1,8,1,4,0,106,0,44,0,20,0,13,0,11,
0,226,250,229,0,68,253,221,3,84,252,194,6,2,249,196,250,121,188,0,144,1,8,1,5,0,106,0,45,0,19,0,13,0,11,
0,190,250,246,0,96,253,221,3,84,252,194,6,207,249,185,250,3,190,0,144,1,8,1,5,0,107,0,45,0,20,0,13,0,11,
0,190,250,246,0,97,253,221,3,84,252,194,6,250,250,89,250,180,189,0,144,1,8,1,6,0,107,0,45,0,19,0,13,0,11,
0,191,250,241,0,97,253,221,3,84,252,194,6,250,250,89,250,180,189,0,144,1,8,1,6,0,107,0,45,0,20,0,13,0,11,
0,201,250,1,1,44,253,221,3,84,252,194,6,72,250,175,249,59,187,0,144,1,8,1,5,0,108,0,46,0,20,0,13,0,12,
0,232,250,7,1,19,253,221,3,84,252,194,6,205,249,194,249,107,187,0,144,1,8,1,6,0,108,0,46,0,19,0,13,0,11,
0,232,250,7,1,19,253,221,3,84,252,194,6,143,249,99,250,97,189,0,144,1,9,1,6,0,108,0,46,0,21,0,13,0,11,
0,195,250,42,1,2,253,221,3,84,252,194,6,143,249,62,250,227,190,0,144,1,9,1,7,0,108,0,46,0,20,0,13,0,11,
0,141,250,51,1,21,253,172,3,121,252,111,6,2,251,62,250,227,190,0,144,1,9,1,6,0,109,0,46,0,21,0,14,0,11,
0,122,250,53,1,251,252,172,3,121,252,111,6,194,251,189,249,232,188,0,144,1,9,1,6,0,109,0,46,0,21,0,14,0,12,
0,122,250,53,1,251,252,172,3,121,252,111,6,74,252,181,249,227,187,0,144,1,9,1,7,0,109,0,46,0,20,0,13,0,11,
0,127,250,70,1,227,252,172,3,121,252,111,6,232,251,78,250,98,188,0,145,1,9,1,8,0,109,0,46,0,20,0,14,0,12,
0,103,250,12,1,252,252,172,3,121,252,111,6,232,251,78,250,98,188,0,145,1,9,1,8,0,108,0,46,0,20,0,13,0,11,
0,78,250,196,0,25,253,172,3,121,252,111,6,230,251,69,250,184,189,0,145,1,8,1,7,0,109,0,46,0,21,0,14,0,11,
0,78,250,196,0,25,253,172,3,121,252,111,6,88,252,33,250,133,189,0,145,1,8,1,8,0,109,0,47,0,20,0,14,0,12,
0,74,250,162,0,75,253,172,3,121,252,111,6,156,252,148,249,167,188,0,145,1,7,1,8,0,109,0,46,0,20,0,13,0,11,
0,114,250,128,0,96,253,172,3,121,252,111,6,156,252,127,249,39,189,0,146,1,7,1,8,0,109,0,46,0,20,0,13,0,11,
0,114,250,128,0,84,253,172,3,121,252,111,6,95,252,127,249,39,189,0,145,1,6,1,8,0,110,0,47,0,21,0,14,0,11,
0,67,250,112,0,84,253,138,3,77,252,214,6,115,252,139,249,225,188,0,146,1,6,1,8,0,109,0,46,0,20,0,13,0,11,
0,24,250,102,0,80,253,138,3,77,252,214,6,91,252,18,249,241,188,0,146,1,6,1,8,0,110,0,47,0,21,0,14,0,11,
0,9,250,96,0,47,253,138,3,77,252,214,6,53,252,67,249,4,189,0,146,1,6,1,9,0,109,0,46,0,20,0,13,0,11,
0,9,250,96,0,47,253,138,3,77,252,214,6,53,252,67,249,249,190,0,146,1,5,1,8,0,110,0,47,0,21,0,14,0,11,
0,222,249,91,0,40,253,138,3,77,252,214,6,189,252,174,249,249,190,0,147,1,5,1,8,0,109,0,46,0,20,0,13,0,11,
0,239,249,54,0,48,253,138,3,77,252,214,6,246,253,154,249,245,189,0,146,1,4,1,8,0,110,0,47,0,21,0,13,0,11,
0,8,250,8,0,62,253,138,3,77,252,214,6,71,254,120,249,101,188,0,146,1,4,1,8,0,110,0,47,0,21,0,14,0,11,
0,8,250,8,0,62,253,138,3,77,252,214,6,71,254,66,249,103,187,0,139,1,13,1,14,0,110,0,47,0,20,0,13,0,11,
0,244,249,202,255,35,253,138,3,77,252,214,6,191,253,66,249,103,187,0,133,1,42,1,42,0,114,0,47,0,21,0,14,0,12,
0,0,250,128,255,18,253,138,3,77,252,214,6,206,251,186,245,252,195,0,136,1,73,1,82,0,121,0,49,0,23,0,14,0,11,
0,190,250,128,254,0,253,138,3,77,252,214,6,10,7,124,5,205,222,0,247,1,81,1,87,0,127,0,51,0,24,0,15,0,12,
0,190,250,247,254,0,253,162,3,34,252,162,6,26,30,180,255,227,217,1,26,1,82,1,88,0,131,0,52,0,22,0,13,0,11,
0,110,252,100,254,160,251,162,3,34,252,162,6,26,30,180,255,75,225,0,188,1,81,1,88,0,133,0,53,0,22,0,13,0,10,
0,207,254,71,254,208,248,162,3,34,252,162,6,3,31,253,249,75,225,0,133,1,80,1,74,0,136,0,55,0,22,0,14,0,11,
0,207,254,71,254,95,247,162,3,34,252,162,6,167,36,112,25,5,17,0,134,1,69,1,52,0,134,0,56,0,24,0,14,0,12,
0,202,3,186,251,95,247,162,3,34,252,162,6,235,28,229,49,43,34,0,135,1,22,0,159,0,117,0,54,0,23,0,14,0,12,
0,188,10,121,245,35,248,162,3,34,252,162,6,52,22,176,57,249,32,0,136,0,188,0,132,0,104,0,52,0,23,0,15,0,13,
0,145,17,228,239,115,252,162,3,34,252,162,6,52,22,176,57,249,32,0,136,0,139,0,133,0,93,0,48,0,22,0,14,0,12,
0,145,17,228,239,115,252,162,3,34,252,162,6,230,26,140,59,218,20,0,136,0,135,0,133,0,83,0,44,0,21,0,14,0,12,
0,135,23,249,238,221,2,162,3,34,252,162,6,202,24,0,56,7,30,0,137,0,134,0,133,0,76,0,36,0,20,0,15,0,15,
0,100,27,202,242,24,8,162,3,34,252,162,6,246,17,98,41,134,36,0,138,0,135,0,133,0,71,0,35,0,20,0,15,0,14,
0,59,30,235,247,157,9,140,3,212,252,151,6,246,17,103,28,132,28,0,140,0,136,0,134,0,65,0,32,0,17,0,13,0,13,
0,59,30,235,247,157,9,140,3,212,252,151,6,210,1,103,28,132,28,0,143,0,136,0,133,0,62,0,30,0,16,0,13,0,13,
0,15,32,51,252,173,6,140,3,212,252,151,6,119,247,155,23,70,0,0,148,0,135,0,132,0,57,0,28,0,15,0,12,0,12,
0,17,32,65,255,149,1,140,3,212,252,151,6,77,228,94,235,3,229,0,154,0,135,0,132,0,54,0,25,0,12,0,10,0,10,
0,14,29,65,0,142,253,140,3,212,252,151,6,230,220,43,234,254,233,0,160,0,134,0,132,0,54,0,26,0,14,0,12,0,11,
0,14,29,106,0,142,253,140,3,212,252,151,6,230,220,43,234,254,219,0,167,0,134,0,133,0,52,0,25,0,13,0,11,0,11,
0,130,23,253,255,239,252,140,3,212,252,151,6,212,213,37,231,245,219,0,174,0,135,0,147,0,50,0,21,0,12,0,9,0,9,
0,62,16,51,255,56,255,140,3,212,252,151,6,18,204,158,224,199,210,0,175,0,135,1,86,0,72,0,25,0,13,0,11,0,10,
0,62,16,51,255,83,2,140,3,212,252,151,6,81,201,188,214,168,201,0,172,0,137,1,87,0,87,0,29,0,14,0,11,0,9,
0,204,8,57,254,83,2,140,3,212,252,151,6,81,201,102,208,116,189,0,169,0,139,1,80,0,97,0,33,0,15,0,11,0,9,
0,11,2,53,252,215,3,216,3,171,252,179,7,66,202,102,208,116,189,0,164,0,146,1,80,0,105,0,34,0,14,0,10,0,9,
0,51,253,4,249,248,2,216,3,171,252,179,7,201,207,46,211,13,180,0,159,0,156,1,79,0,113,0,39,0,15,0,11,0,11,
0,51,253,4,249,248,2,216,3,171,252,179,7,58,216,66,219,235,160,0,155,0,169,1,76,0,119,0,42,0,17,0,12,0,11,
0,150,250,147,245,43,1,216,3,171,252,179,7,140,225,123,228,248,156,0,152,0,183,1,74,0,123,0,44,0,17,0,12,0,11,
0,219,249,29,243,187,0,216,3,171,252,179,7,140,225,123,228,66,157,0,149,0,198,1,68,0,127,0,47,0,20,0,13,0,12,
0,130,250,232,241,228,1,216,3,171,252,179,7,192,232,126,234,66,157,0,148,0,215,1,59,0,128,0,52,0,22,0,13,0,12,
0,130,250,232,241,228,1,216,3,171,252,179,7,191,237,169,239,152,154,0,147,0,238,1,43,0,128,0,55,0,22,0,14,0,11,
0,46,252,230,241,233,3,216,3,171,252,179,7,92,239,128,248,237,158,0,147,1,11,1,15,0,125,0,55,0,22,0,14,0,12,
0,35,255,140,242,147,5,216,3,171,252,179,7,92,240,106,1,8,169,0,148,1,37,0,225,0,118,0,54,0,23,0,14,0,12,
0,234,2,140,242,33,6,216,3,171,252,179,7,157,240,106,1,8,169,0,149,1,57,0,167,0,106,0,52,0,23,0,14,0,11,
0,234,2,226,243,33,6,16,4,1,253,245,6,134,241,69,10,171,183,0,151,1,65,0,137,0,95,0,53,0,23,0,14,0,11,
0,171,6,162,245,29,5,16,4,1,253,245,6,52,240,97,17,43,196,0,155,1,66,0,133,0,85,0,48,0,22,0,14,0,11,
0,243,9,157,247,169,3,16,4,1,253,245,6,85,238,104,19,196,202,0,158,1,63,0,133,0,78,0,45,0,21,0,14,0,11,
0,243,9,157,247,222,2,16,4,1,253,245,6,85,238,104,19,203,213,0,162,1,61,0,133,0,72,0,41,0,20,0,13,0,11,
0,97,12,43,250,222,2,16,4,1,253,245,6,140,237,154,16,203,213,0,166,1,56,0,133,0,68,0,39,0,20,0,14,0,11,
0,181,13,17,253,218,2,16,4,1,253,245,6,14,237,150,9,252,216,0,170,1,50,0,133,0,63,0,35,0,18,0,14,0,11,
0,209,13,207,255,16,3,16,4,1,253,245,6,86,235,141,3,133,215,0,175,1,43,0,134,0,59,0,31,0,17,0,13,0,11,
0,209,13,207,255,16,3,16,4,1,253,245,6,186,235,121,255,0,213,0,179,1,36,0,134,0,58,0,31,0,16,0,13,0,12,
0,3,13,37,2,56,3,16,4,1,253,245,6,186,235,121,255,0,213,0,183,1,29,0,134,0,55,0,28,0,15,0,12,0,11,
0,126,11,3,4,79,3,16,4,1,253,245,6,11,237,250,249,43,209,0,187,1,23,0,136,0,54,0,27,0,14,0,12,0,11,
0,78,9,163,5,172,3,16,4,93,253,191,6,156,239,169,243,126,203,0,192,1,19,0,136,0,53,0,26,0,14,0,12,0,11,
0,78,9,163,5,172,3,28,4,93,253,191,6,65,242,228,238,245,196,0,197,1,16,0,139,0,52,0,25,0,14,0,11,0,11,
0,218,6,74,6,50,4,28,4,93,253,191,6,65,242,23,236,181,189,0,202,1,14,0,144,0,52,0,24,0,16,0,12,0,11,
0,9,5,4,6,153,4,28,4,93,253,191,6,60,244,23,236,181,189,0,208,1,16,0,154,0,53,0,23,0,14,0,11,0,11,
0,9,3,4,6,172,4,28,4,93,253,191,6,15,247,214,236,126,190,0,214,1,17,0,166,0,55,0,25,0,13,0,11,0,11,
0,170,3,160,4,172,4,28,4,93,253,191,6,246,250,174,238,130,192,0,222,1,19,0,186,0,59,0,25,0,15,0,12,0,11,
0,181,2,141,2,126,4,28,4,93,253,191,6,46,254,114,239,12,189,0,229,1,20,0,207,0,63,0,25,0,12,0,11,0,11,
0,95,2,121,0,74,4,28,4,93,253,191,6,46,254,114,239,110,187,0,238,1,24,0,236,0,70,0,27,0,14,0,12,0,11,
0,95,2,121,0,248,3,28,4,93,253,191,6,243,252,34,241,110,187,0,248,1,26,1,15,0,80,0,29,0,14,0,11,0,11,
0,194,2,246,254,248,3,28,4,93,253,191,6,221,252,197,242,141,193,1,3,1,29,1,32,0,88,0,32,0,15,0,12,0,11,
0,144,3,148,254,182,3,28,4,93,253,191,6,84,254,39,243,204,197,1,15,1,30,1,55,0,97,0,35,0,17,0,12,0,11,
0,136,4,179,254,87,3,68,4,29,253,25,7,84,254,11,242,243,199,1,29,1,30,1,68,0,106,0,37,0,16,0,12,0,11,
0,136,4,179,254,87,3,68,4,29,253,25,7,31,0,11,242,243,199,1,45,1,29,1,70,0,112,0,40,0,17,0,12,0,11,
0,83,5,132,255,235,2,68,4,29,253,25,7,16,1,79,241,126,199,1,59,1,27,1,70,0,119,0,43,0,19,0,13,0,11,
0,3,6,185,0,224,2,68,4,29,253,25,7,244,0,163,240,166,203,1,69,1,26,1,70,0,123,0,46,0,19,0,13,0,11,
0,127,6,0,2,14,3,68,4,29,253,25,7,98,3,228,237,22,207,1,71,1,24,1,70,0,126,0,48,0,20,0,14,0,12,
0,127,6,0,2,14,3,68,4,29,253,25,7,98,3,228,237,110,203,1,75,1,23,1,70,0,129,0,49,0,20,0,13,0,11,
0,56,6,39,3,41,3,68,4,29,253,25,7,165,4,111,234,110,203,1,69,1,22,1,70,0,131,0,52,0,21,0,14,0,12,
0,183,5,79,4,69,3,68,4,29,253,25,7,227,2,197,231,171,201,1,64,1,22,1,69,0,133,0,53,0,22,0,14,0,12,
0,183,5,79,4,82,3,68,4,29,253,25,7,31,2,22,230,133,203,1,63,1,20,1,68,0,134,0,55,0,23,0,14,0,12,
0,35,5,49,5,82,3,68,4,29,253,25,7,18,3,196,227,46,202,1,63,1,18,1,67,0,135,0,55,0,23,0,15,0,12,
0,33,4,196,5,108,3,245,3,98,253,164,6,18,3,196,227,46,202,1,86,1,17,1,65,0,136,0,56,0,23,0,14,0,12,
0,208,2,217,5,112,3,245,3,98,253,164,6,32,4,186,225,177,198,1,88,1,14,1,62,0,135,0,56,0,25,0,14,0,11,
0,208,2,217,5,115,3,245,3,98,253,164,6,83,3,30,225,25,193,1,80,1,10,1,57,0,136,0,57,0,27,0,16,0,12,
0,194,1,78,5,115,3,245,3,98,253,164,6,109,2,168,225,3,193,1,73,1,4,1,51,0,134,0,57,0,26,0,16,0,12,
0,41,1,37,4,81,3,245,3,98,253,164,6,109,2,252,224,180,190,1,72,0,252,1,43,0,132,0,57,0,23,0,15,0,12,
0,102,0,218,2,52,3,245,3,98,253,164,6,52,4,252,224,180,190,1,71,0,244,1,32,0,130,0,57,0,23,0,14,0,11,
0,102,0,218,2,52,3,245,3,98,253,164,6,24,2,22,224,56,186,1,70,0,233,1,20,0,127,0,56,0,25,0,15,0,11,
0,150,255,180,1,29,3,245,3,98,253,164,6,198,1,53,224,200,188,1,68,0,221,1,4,0,123,0,56,0,24,0,15,0,12,
0,10,255,129,0,218,2,245,3,98,253,164,6,188,1,176,223,42,185,1,68,0,210,0,242,0,118,0,55,0,25,0,15,0,12,
0,163,254,94,255,151,2,245,3,98,253,164,6,188,1,176,223,42,184,1,68,0,200,0,222,0,112,0,52,0,25,0,15,0,12,
0,163,254,94,255,151,2,249,3,74,253,105,8,139,255,38,224,189,184,1,67,0,187,0,200,0,105,0,50,0,22,0,14,0,11,
0,7,254,73,254,82,2,249,3,74,253,105,8,194,255,10,224,41,185,1,66,0,174,0,176,0,97,0,48,0,23,0,15,0,11,
0,65,253,70,253,208,1,249,3,74,253,105,8,235,255,68,224,185,180,1,67,0,163,0,156,0,89,0,44,0,21,0,14,0,11,
0,65,253,70,253,90,1,249,3,74,253,105,8,235,255,19,226,26,179,1,66,0,153,0,144,0,81,0,43,0,21,0,14,0,11,
0,127,252,98,252,90,1,249,3,74,253,105,8,79,253,19,226,26,179,1,66,0,147,0,137,0,75,0,40,0,18,0,14,0,11,
0,191,251,159,251,227,0,249,3,74,253,105,8,47,252,178,227,69,180,1,67,0,144,0,136,0,69,0,36,0,17,0,12,0,11,
0,30,251,75,251,99,0,249,3,74,253,105,8,77,251,73,229,241,178,1,66,0,141,0,134,0,65,0,34,0,17,0,13,0,11,
0,30,251,75,251,99,0,249,3,74,253,105,8,109,250,203,230,19,174,1,67,0,139,0,134,0,61,0,31,0,16,0,12,0,11,
0,148,250,68,251,1,0,249,3,74,253,105,8,109,250,203,230,191,174,1,66,0,138,0,134,0,59,0,30,0,16,0,12,0,11,
0,67,250,88,251,130,255,249,3,74,253,105,8,154,247,174,233,191,174,1,66,0,138,0,134,0,56,0,28,0,15,0,12,0,11,
0,246,249,125,251,249,254,21,4,11,253,255,6,132,248,151,235,77,177,1,66,0,138,0,134,0,54,0,26,0,13,0,11,0,11,
0,246,249,125,251,249,254,21,4,11,253,255,6,49,250,211,236,7,174,1,66,0,138,0,134,0,53,0,26,0,14,0,12,0,11,
0,203,249,124,251,134,254,21,4,11,253,255,6,49,247,118,239,34,170,1,67,0,138,0,134,0,51,0,24,0,13,0,11,0,11,
0,174,249,160,251,43,254,21,4,11,253,255,6,129,247,118,239,34,170,1,66,0,138,0,134,0,51,0,24,0,13,0,11,0,11,
0,133,249,231,251,164,253,21,4,11,253,255,6,242,248,193,241,43,175,1,67,0,138,0,134,0,50,0,23,0,13,0,11,0,11,
0,133,249,231,251,164,253,21,4,11,253,255,6,10,249,48,243,103,172,1,67,0,138,0,134,0,49,0,23,0,12,0,11,0,10,
0,111,249,9,252,33,253,21,4,11,253,255,6,141,247,194,245,142,172,1,67,0,138,0,133,0,49,0,23,0,12,0,11,0,11,
0,118,249,22,252,236,252,21,4,11,253,255,6,141,247,194,245,3,175,1,67,0,139,0,133,0,48,0,22,0,11,0,10,0,10,
0,118,249,22,252,172,252,21,4,11,253,255,6,82,248,245,247,3,175,1,67,0,138,0,133,0,48,0,22,0,12,0,11,0,11,
0,139,249,58,252,172,252,21,4,11,253,255,6,26,248,110,249,149,172,1,67,0,139,0,134,0,48,0,22,0,12,0,11,0,11,
0,156,249,107,252,131,252,21,4,11,253,255,6,78,247,159,251,145,174,1,67,0,139,0,135,0,47,0,21,0,11,0,10,0,11,
0,114,249,139,252,107,252,255,3,9,253,1,7,249,246,130,252,192,173,1,67,0,139,0,134,0,48,0,22,0,12,0,11,0,11,
0,114,249,139,252,107,252,255,3,9,253,1,7,249,246,130,252,192,173,1,67,0,139,0,136,0,47,0,21,0,11,0,10,0,10,
0,173,249,238,252,62,252,255,3,9,253,1,7,66,246,134,253,103,171,1,67,0,139,0,136,0,48,0,22,0,12,0,11,0,11,
0,198,249,150,253,30,252,255,3,9,253,1,7,170,243,240,254,135,171,1,67,0,140,0,136,0,48,0,22,0,12,0,11,0,11,
0,193,249,105,254,248,251,255,3,9,253,1,7,186,243,244,255,22,174,1,66,0,141,0,136,0,48,0,22,0,11,0,11,0,10,
0,193,249,105,254,248,251,255,3,9,253,1,7,186,243,45,0,63,174,1,66,0,142,0,137,0,47,0,16,0,12,0,11,0,11,
0,184,249,123,255,213,251,255,3,9,253,1,7,46,245,45,0,63,174,1,66,0,142,0,137,0,48,0,18,0,11,0,11,0,11,
0,219,249,111,0,167,251,255,3,9,253,1,7,61,245,170,0,3,171,1,65,0,143,0,137,0,49,0,20,0,12,0,11,0,11,
0,30,250,51,1,169,251,255,3,9,253,1,7,230,244,80,2,155,173,1,63,0,144,0,137,0,49,0,21,0,11,0,11,0,11,
0,30,250,51,1,169,251,255,3,9,253,1,7,145,246,141,2,211,175,1,63,0,146,0,138,0,48,0,21,0,11,0,11,0,11,
0,113,250,0,2,182,251,53,4,190,252,20,7,145,246,141,2,152,173,1,63,0,147,0,139,0,48,0,21,0,12,0,11,0,11,
0,137,250,187,2,202,251,53,4,190,252,20,7,134,246,103,2,152,173,1,62,0,149,0,139,0,49,0,21,0,11,0,11,0,10,
0,137,250,187,2,189,251,53,4,190,252,20,7,21,245,72,2,57,173,1,61,0,150,0,140,0,49,0,22,0,12,0,11,0,11,
0,150,250,141,3,189,251,53,4,190,252,20,7,204,243,140,2,189,176,1,59,0,152,0,142,0,50,0,23,0,12,0,11,0,11,
0,169,250,14,4,210,251,53,4,190,252,20,7,204,243,222,1,249,178,1,58,0,155,0,143,0,50,0,22,0,11,0,11,0,11,
0,152,250,158,4,228,251,53,4,190,252,20,7,202,244,222,1,249,178,1,57,0,157,0,146,0,50,0,22,0,14,0,11,0,11,
0,152,250,158,4,228,251,53,4,190,252,20,7,47,245,188,0,239,176,1,55,0,159,0,150,0,51,0,22,0,13,0,11,0,11,
0,164,250,105,5,246,251,53,4,190,252,20,7,196,244,3,1,25,177,1,53,0,161,0,154,0,53,0,23,0,14,0,11,0,11,
0,171,250,18,6,230,251,53,4,190,252,20,7,192,244,202,1,4,180,1,51,0,164,0,163,0,54,0,23,0,12,0,11,0,11,
0,166,250,143,6,199,251,53,4,190,252,20,7,192,244,202,1,11,183,1,49,0,167,0,175,0,57,0,23,0,12,0,11,0,11,
0,166,250,143,6,199,251,236,3,252,252,162,6,41,247,79,1,11,183,1,47,0,169,0,193,0,60,0,24,0,13,0,11,0,11,
0,140,250,2,7,192,251,236,3,252,252,162,6,220,247,62,0,26,181,1,44,0,171,0,215,0,65,0,25,0,14,0,11,0,11,
0,116,250,42,7,175,251,236,3,252,252,162,6,44,246,130,0,141,180,1,40,0,172,0,243,0,73,0,27,0,16,0,12,0,11,
0,104,250,53,7,200,251,236,3,252,252,162,6,168,247,255,0,249,185,1,38,0,174,1,27,0,83,0,30,0,16,0,12,0,12,
0,104,250,53,7,200,251,236,3,252,252,162,6,168,247,255,0,249,185,1,34,0,175,1,73,0,95,0,33,0,14,0,12,0,11,
0,105,250,40,7,216,251,236,3,252,252,162,6,18,250,65,255,234,183,1,30,0,177,1,79,0,104,0,36,0,16,0,12,0,11,
0,70,250,9,7,209,251,236,3,252,252,162,6,91,248,113,254,1,181,1,27,0,179,1,75,0,111,0,40,0,16,0,12,0,11,
0,70,250,9,7,220,251,236,3,252,252,162,6,109,248,189,254,135,185,1,23,0,180,1,71,0,118,0,47,0,19,0,13,0,11,
0,100,250,225,6,220,251,236,3,252,252,162,6,109,248,184,253,248,184,1,19,0,181,1,69,0,122,0,48,0,20,0,13,0,12,
0,86,250,179,6,165,251,236,3,252,252,162,6,211,249,184,253,248,184,1,16,0,183,1,68,0,125,0,49,0,20,0,12,0,11,
0,50,250,155,6,185,251,134,3,235,252,32,7,142,248,35,253,231,181,1,14,0,185,1,67,0,128,0,55,0,22,0,14,0,12,
0,50,250,155,6,185,251,134,3,235,252,32,7,7,249,57,253,234,184,1,11,0,188,1,65,0,129,0,55,0,22,0,13,0,11,
0,246,249,130,6,253,251,134,3,235,252,32,7,219,249,215,253,158,184,1,9,0,190,1,63,0,131,0,55,0,25,0,14,0,11,
0,20,250,91,6,33,252,134,3,235,252,32,7,219,249,215,253,158,183,1,9,0,192,1,59,0,132,0,55,0,25,0,14,0,12,
0,31,250,44,6,89,252,134,3,235,252,32,7,109,248,194,255,85,183,1,11,0,191,1,55,0,132,0,56,0,24,0,14,0,11,
0,31,250,44,6,89,252,134,3,235,252,32,7,71,242,202,4,137,183,1,13,0,192,1,55,0,131,0,55,0,25,0,15,0,11,
0,223,250,192,5,227,253,134,3,235,252,32,7,202,239,102,3,159,181,1,12,0,191,1,44,0,131,0,56,0,23,0,14,0,11,
0,95,251,217,5,123,254,134,3,235,252,32,7,100,240,102,3,159,181,1,13,0,190,1,41,0,129,0,56,0,23,0,14,0,11,
0,95,251,217,5,123,254,134,3,235,252,32,7,69,239,146,4,15,181,1,16,0,189,1,39,0,128,0,59,0,23,0,14,0,11,
0,8,252,112,6,161,254,134,3,235,252,32,7,160,236,106,5,184,182,1,20,0,186,1,40,0,127,0,58,0,24,0,15,0,11,
0,53,253,43,7,229,254,173,3,189,252,142,7,124,235,56,3,147,183,1,22,0,183,1,40,0,127,0,56,0,23,0,14,0,11,
0,53,253,43,7,97,255,173,3,189,252,142,7,124,235,56,3,196,182,1,22,0,179,1,39,0,127,0,57,0,24,0,14,0,11,
0,134,254,189,7,97,255,173,3,189,252,142,7,150,235,74,0,196,182,1,23,0,175,1,38,0,126,0,56,0,24,0,15,0,12,
0,144,255,20,8,241,255,173,3,189,252,142,7,81,235,221,254,70,181,1,21,0,174,1,40,0,125,0,55,0,23,0,14,0,11,
0,58,0,48,8,43,0,173,3,189,252,142,7,42,235,0,254,47,184,1,19,0,174,1,44,0,126,0,55,0,24,0,15,0,12,
0,58,0,48,8,43,0,173,3,189,252,142,7,106,236,223,252,232,185,1,18,0,174,1,51,0,127,0,55,0,25,0,14,0,11,
0,130,0,65,8,37,0,173,3,189,252,142,7,106,236,223,252,232,185,1,17,0,174,1,55,0,128,0,58,0,26,0,15,0,12,
0,89,0,44,8,231,255,173,3,189,252,142,7,100,236,86,252,183,183,1,15,0,175,1,58,0,129,0,58,0,26,0,16,0,12,
0,5,0,93,8,157,255,173,3,189,252,142,7,153,234,205,252,221,184,1,12,0,177,1,58,0,130,0,57,0,25,0,15,0,11,
0,5,0,93,8,157,255,173,3,189,252,142,7,162,235,95,252,204,186,1,8,0,178,1,57,0,131,0,57,0,26,0,16,0,12,
0,190,255,203,8,110,255,96,3,213,252,83,6,162,235,95,252,111,186,1,2,0,180,1,57,0,131,0,57,0,25,0,15,0,12,
0,150,255,50,9,19,255,96,3,213,252,83,6,122,236,142,251,111,186,0,251,0,181,1,55,0,132,0,57,0,25,0,16,0,12,
0,103,255,50,9,175,254,96,3,213,252,83,6,209,237,97,251,215,185,0,244,0,183,1,56,0,132,0,57,0,25,0,15,0,12,
0,103,255,164,9,175,254,96,3,213,252,83,6,125,238,169,251,61,186,0,235,0,184,1,56,0,132,0,57,0,25,0,15,0,12,
0,7,255,227,9,69,254,96,3,213,252,83,6,245,240,52,252,128,188,0,226,0,187,1,58,0,132,0,57,0,25,0,15,0,12,
0,197,254,236,9,209,253,96,3,213,252,83,6,245,240,52,252,128,188,0,216,0,188,1,59,0,133,0,58,0,26,0,16,0,12,
0,197,254,236,9,110,253,96,3,213,252,83,6,29,243,90,251,185,186,0,207,0,190,1,60,0,134,0,58,0,25,0,15,0,12,
0,143,254,228,9,110,253,96,3,213,252,83,6,2,244,38,251,15,186,0,197,0,192,1,61,0,133,0,57,0,25,0,15,0,12,
0,42,254,171,9,60,253,96,3,213,252,83,6,162,244,149,251,201,186,0,187,0,194,1,61,0,134,0,57,0,25,0,15,0,12,
0,219,253,132,9,39,253,96,3,213,252,83,6,162,244,141,251,199,187,0,177,0,196,1,61,0,134,0,57,0,25,0,15,0,12,
0,219,253,132,9,39,253,40,3,162,252,108,7,237,246,141,251,199,187,0,167,0,197,1,60,0,135,0,58,0,26,0,16,0,12,
0,185,253,67,9,46,253,40,3,162,252,108,7,97,247,229,250,50,186,0,158,0,200,1,60,0,135,0,58,0,25,0,16,0,12,
0,178,253,238,8,54,253,40,3,162,252,108,7,34,248,240,250,215,185,0,151,0,203,1,61,0,134,0,57,0,25,0,15,0,12,
0,206,253,147,8,59,253,40,3,162,252,108,7,126,248,209,250,181,185,0,147,0,206,1,60,0,135,0,58,0,26,0,16,0,12,
0,206,253,147,8,59,253,40,3,162,252,108,7,126,248,209,250,137,185,0,144,0,209,1,60,0,135,0,59,0,26,0,16,0,13,
0,217,253,105,8,70,253,40,3,162,252,108,7,69,249,204,250,137,185,0,141,0,212,1,59,0,135,0,59,0,25,0,16,0,12,
0,192,253,100,8,112,253,40,3,162,252,108,7,69,249,224,250,85,185,0,139,0,215,1,58,0,136,0,59,0,26,0,16,0,13,
0,198,253,100,8,139,253,40,3,162,252,108,7,106,250,154,251,153,186,0,137,0,218,1,58,0,135,0,59,0,26,0,16,0,12,
0,198,253,102,8,139,253,40,3,162,252,108,7,106,250,149,251,89,187,0,137,0,221,1,58,0,134,0,58,0,25,0,15,0,12,
0,1,254,74,8,151,253,40,3,162,252,108,7,157,252,149,251,89,187,0,136,0,224,1,58,0,135,0,58,0,26,0,16,0,12,
0,74,254,27,8,178,253,191,2,205,252,107,6,208,253,98,251,132,185,0,137,0,227,1,58,0,134,0,58,0,25,0,16,0,12,
0,74,254,27,8,187,253,191,2,205,252,107,6,158,254,114,251,4,186,0,136,0,230,1,57,0,135,0,59,0,26,0,16,0,12,
0,173,254,240,7,187,253,191,2,205,252,107,6,172,253,56,252,158,187,0,136,0,232,1,57,0,134,0,58,0,26,0,16,0,12,
0,229,254,194,7,201,253,191,2,205,252,107,6,172,253,56,252,125,189,0,137,0,236,1,57,0,134,0,57,0,25,0,15,0,11,
0,29,255,139,7,234,253,191,2,205,252,107,6,255,255,157,251,125,189,0,136,0,238,1,56,0,134,0,58,0,26,0,16,0,12,
0,29,255,139,7,234,253,191,2,205,252,107,6,56,0,169,250,168,186,0,137,0,241,1,57,0,134,0,58,0,25,0,15,0,12,
0,109,255,58,7,242,253,191,2,205,252,107,6,150,255,245,250,241,187,0,137,0,244,1,56,0,134,0,59,0,26,0,16,0,12,
0,164,255,230,6,21,254,191,2,205,252,107,6,63,0,126,250,24,191,0,137,0,247,1,55,0,133,0,58,0,26,0,16,0,12,
0,188,255,136,6,67,254,191,2,205,252,107,6,63,0,126,250,24,191,0,137,0,250,1,55,0,133,0,58,0,25,0,15,0,12,
0,188,255,136,6,67,254,191,2,205,252,107,6,116,1,182,249,73,189,0,137,0,253,1,54,0,132,0,58,0,25,0,15,0,12,
0,219,255,42,6,86,254,191,2,205,252,145,6,39,2,111,249,250,188,0,137,0,255,1,53,0,133,0,58,0,26,0,16,0,12,
0,230,255,222,5,125,254,206,2,223,252,145,6,201,2,188,249,152,189,0,137,1,1,1,52,0,133,0,57,0,26,0,16,0,12,
0,221,255,222,5,161,254,206,2,223,252,145,6,201,2,251,249,215,190,0,137,1,3,1,50,0,132,0,57,0,26,0,16,0,12,
0,221,255,104,5,161,254,206,2,223,252,145,6,42,3,251,249,215,190,0,137,1,5,1,49,0,132,0,57,0,25,0,15,0,12,
0,1,0,210,4,212,254,206,2,223,252,145,6,151,4,129,249,111,191,0,138,1,6,1,47,0,131,0,57,0,24,0,15,0,12,
0,2,0,27,4,252,254,206,2,223,252,145,6,1,5,247,248,92,190,0,138,1,8,1,45,0,130,0,57,0,23,0,15,0,12,
0,2,0,27,4,21,255,206,2,223,252,145,6,218,4,207,248,13,188,0,138,1,8,1,43,0,130,0,57,0,24,0,15,0,12,
0,236,255,94,3,21,255,206,2,223,252,145,6,218,4,207,248,13,188,0,138,1,8,1,40,0,129,0,57,0,24,0,16,0,12,
0,251,255,152,2,66,255,206,2,223,252,145,6,38,4,59,249,11,191,0,139,1,8,1,38,0,127,0,56,0,24,0,15,0,12,
0,6,0,0,2,79,255,206,2,223,252,145,6,240,4,169,248,219,192,0,139,1,7,1,35,0,127,0,56,0,24,0,15,0,12,
0,6,0,0,2,79,255,206,2,223,252,145,6,72,6,83,248,152,190,0,139,1,7,1,33,0,126,0,55,0,23,0,14,0,11,
0,249,255,115,1,113,255,238,2,174,252,203,6,72,6,174,247,220,189,0,139,1,6,1,31,0,125,0,55,0,26,0,16,0,12,
0,208,255,229,0,142,255,238,2,174,252,203,6,220,5,174,247,220,189,0,139,1,5,1,28,0,124,0,55,0,25,0,15,0,12,
0,132,255,112,0,161,255,238,2,174,252,203,6,167,4,222,247,175,189,0,139,1,5,1,27,0,122,0,48,0,23,0,15,0,12,
0,132,255,112,0,161,255,238,2,174,252,203,6,237,5,228,247,182,192,0,140,1,5,1,25,0,121,0,49,0,23,0,15,0,12,
0,104,255,235,255,214,255,238,2,174,252,203,6,155,7,109,247,125,190,0,140,1,4,1,23,0,121,0,50,0,23,0,15,0,12,
0,106,255,71,255,215,255,238,2,174,252,203,6,155,7,109,247,204,187,0,140,1,4,1,21,0,119,0,50,0,23,0,15,0,12,
0,106,255,71,255,230,255,238,2,174,252,203,6,206,6,41,247,204,187,0,140,1,3,1,20,0,119,0,50,0,23,0,15,0,12,
0,61,255,153,254,230,255,238,2,174,252,203,6,75,5,216,247,244,189,0,140,1,3,1,19,0,118,0,50,0,22,0,14,0,11,
0,218,254,243,253,19,0,238,2,174,252,203,6,236,5,74,247,39,192,0,140,1,3,1,16,0,117,0,51,0,23,0,15,0,12,
0,127,254,123,253,68,0,238,2,174,252,203,6,236,6,213,246,90,190,0,141,1,3,1,16,0,116,0,50,0,22,0,14,0,11,
0,127,254,123,253,86,0,222,2,224,252,220,6,196,6,213,246,90,190,0,140,1,3,1,13,0,116,0,50,0,21,0,14,0,12,
0,70,254,254,252,86,0,222,2,224,252,220,6,76,5,140,246,204,188,0,141,1,3,1,12,0,115,0,50,0,21,0,14,0,12,
0,52,254,120,252,95,0,222,2,224,252,220,6,162,3,38,247,41,189,0,141,1,4,1,10,0,113,0,49,0,21,0,14,0,11,
0,41,254,31,252,129,0,222,2,224,252,220,6,37,4,38,247,57,192,0,141,1,4,1,8,0,113,0,49,0,22,0,14,0,12,
0,41,254,31,252,129,0,222,2,224,252,220,6,37,4,38,247,176,190,0,141,1,5,1,7,0,112,0,49,0,20,0,14,0,11,
0,246,253,208,251,174,0,222,2,224,252,220,6,108,5,33,247,176,190,0,141,1,5,1,5,0,112,0,49,0,22,0,14,0,12,
0,231,253,128,251,196,0,222,2,224,252,220,6,33,4,18,247,242,187,0,141,1,6,1,3,0,111,0,49,0,22,0,14,0,12,
0,205,253,54,251,246,0,222,2,224,252,220,6,134,2,241,247,65,190,0,141,1,6,1,1,0,110,0,47,0,21,0,13,0,11,
0,205,253,54,251,246,0,222,2,224,252,220,6,186,2,76,248,95,193,0,142,1,7,0,255,0,108,0,47,0,22,0,14,0,11,
0,180,253,217,250,20,1,222,2,224,252,220,6,186,2,76,248,95,193,0,142,1,7,0,253,0,108,0,47,0,23,0,15,0,12,
0,148,253,135,250,78,1,169,2,194,252,70,7,192,3,191,247,28,191,0,142,1,8,0,251,0,107,0,47,0,22,0,14,0,11,
0,148,253,135,250,96,1,169,2,194,252,70,7,180,1,233,247,66,189,0,143,1,8,0,249,0,106,0,46,0,22,0,14,0,12,
0,153,253,29,250,96,1,169,2,194,252,70,7,139,255,194,248,69,191,0,143,1,8,0,247,0,105,0,46,0,22,0,14,0,12,
0,156,253,225,249,128,1,169,2,194,252,70,7,139,255,127,248,54,193,0,144,1,8,0,246,0,104,0,46,0,21,0,14,0,12,
0,120,253,171,249,177,1,169,2,194,252,70,7,144,0,127,248,54,193,0,144,1,8,0,245,0,103,0,49,0,21,0,13,0,11,
0,120,253,171,249,174,1,169,2,194,252,70,7,171,0,6,248,197,189,0,145,1,9,0,244,0,103,0,48,0,21,0,13,0,11,
0,152,253,112,249,174,1,169,2,194,252,70,7,211,254,52,248,241,188,0,146,1,9,0,243,0,102,0,47,0,21,0,13,0,11,
0,148,253,69,249,210,1,169,2,194,252,70,7,110,253,37,249,26,191,0,147,1,10,0,243,0,101,0,46,0,21,0,13,0,11,
0,119,253,28,249,235,1,169,2,194,252,70,7,110,253,37,249,105,192,0,148,1,11,0,242,0,101,0,45,0,21,0,14,0,11,
0,119,253,28,249,235,1,169,2,194,252,70,7,90,254,82,249,105,192,0,149,1,12,0,242,0,100,0,44,0,20,0,13,0,11,
0,93,253,18,249,233,1,243,2,203,252,153,6,44,254,240,248,173,189,0,150,1,12,0,241,0,100,0,44,0,21,0,14,0,12,
0,75,253,252,248,21,2,243,2,203,252,153,6,72,253,81,249,44,189,0,151,1,12,0,241,0,100,0,44,0,20,0,14,0,12,
0,60,253,24,249,41,2,243,2,203,252,153,6,72,253,229,249,17,190,0,152,1,13,0,241,0,99,0,43,0,20,0,14,0,11,
0,60,253,24,249,41,2,243,2,203,252,153,6,121,251,229,249,17,190,0,154,1,14,0,241,0,98,0,43,0,20,0,13,0,11,
0,39,253,43,249,80,2,243,2,203,252,153,6,83,252,223,249,120,192,0,155,1,14,0,240,0,99,0,43,0,20,0,14,0,12,
0,45,253,12,249,49,2,243,2,203,252,153,6,245,251,51,249,215,188,0,156,1,14,0,240,0,99,0,43,0,20,0,13,0,11,
0,45,253,12,249,68,2,243,2,203,252,153,6,224,250,253,249,102,188,0,158,1,14,0,239,0,98,0,43,0,18,0,13,0,11,
0,52,253,1,249,68,2,243,2,203,252,153,6,224,250,253,249,68,191,0,160,1,15,0,239,0,98,0,42,0,18,0,13,0,11,
0,23,253,11,249,136,2,243,2,203,252,153,6,198,249,101,250,68,191,0,161,1,15,0,239,0,98,0,42,0,19,0,13,0,11,
0,245,252,78,249,123,2,243,2,203,252,153,6,179,250,187,249,41,190,0,162,1,16,0,239,0,97,0,42,0,18,0,13,0,11,
0,245,252,78,249,123,2,243,2,203,252,153,6,233,249,164,249,222,187,0,163,1,16,0,239,0,98,0,42,0,19,0,13,0,11,
0,195,252,115,249,104,2,71,3,156,252,80,7,141,249,78,250,5,189,0,165,1,16,0,239,0,98,0,42,0,19,0,13,0,11,
0,190,252,113,249,96,2,71,3,156,252,80,7,141,249,78,250,5,189,0,167,1,16,0,239,0,97,0,41,0,18,0,12,0,11,
0,233,252,141,249,110,2,71,3,156,252,80,7,57,249,167,250,93,190,0,168,1,16,0,239,0,97,0,41,0,18,0,13,0,11,
0,233,252,141,249,110,2,71,3,156,252,80,7,252,249,32,250,240,188,0,169,1,16,0,239,0,97,0,42,0,19,0,13,0,11,
0,224,252,137,249,107,2,71,3,156,252,80,7,188,248,255,249,63,187,0,171,1,16,0,238,0,97,0,42,0,19,0,13,0,11,
0,212,252,153,249,84,2,71,3,156,252,80,7,188,248,255,250,133,189,0,173,1,16,0,238,0,97,0,41,0,19,0,13,0,11,
0,216,252,197,249,73,2,71,3,156,252,80,7,37,248,127,250,133,189,0,175,1,16,0,238,0,97,0,41,0,18,0,13,0,11,
0,216,252,197,249,73,2,71,3,156,252,80,7,255,248,126,250,93,189,0,176,1,16,0,238,0,97,0,41,0,19,0,13,0,11,
0,233,252,11,250,67,2,71,3,156,252,80,7,237,247,85,250,120,187,0,178,1,17,0,238,0,97,0,41,0,17,0,12,0,11,
0,207,252,72,250,50,2,71,3,156,252,80,7,208,247,98,250,217,188,0,180,1,16,0,238,0,97,0,41,0,19,0,13,0,11,
0,207,252,72,250,29,2,66,3,149,252,61,7,208,247,98,250,217,188,0,181,1,16,0,237,0,97,0,41,0,19,0,13,0,11,
0,195,252,113,250,29,2,66,3,149,252,61,7,227,247,83,250,67,188,0,183,1,17,0,238,0,97,0,41,0,18,0,13,0,11,
0,221,252,200,250,36,2,66,3,149,252,61,7,252,247,137,250,149,188,0,184,1,17,0,237,0,97,0,41,0,19,0,13,0,12,
0,227,252,243,250,18,2,66,3,149,252,61,7,23,248,82,250,23,187,0,186,1,18,0,237,0,96,0,41,0,18,0,13,0,11,
0,227,252,243,250,18,1,66,3,149,252,61,7,23,248,238,250,101,188,0,187,1,18,0,236,0,97,0,41,0,19,0,13,0,12,
0,217,252,253,250,251,1,66,3,149,252,61,7,180,246,238,250,101,188,0,188,1,18,0,235,0,96,0,41,0,19,0,13,0,11,
0,193,252,38,251,27,2,66,3,149,252,61,7,33,247,187,250,167,189,0,189,1,19,0,235,0,96,0,41,0,18,0,13,0,11,
0,213,252,98,251,38,2,66,3,149,252,61,7,18,247,159,250,88,188,0,190,1,19,0,234,0,96,0,41,0,19,0,13,0,11,
0,213,252,98,251,38,2,66,3,149,252,61,7,16,246,237,250,200,187,0,192,1,20,0,233,0,95,0,40,0,18,0,13,0,11,
0,242,252,125,251,1,2,66,3,149,252,61,7,16,246,237,250,170,190,0,192,1,20,0,232,0,95,0,41,0,18,0,13,0,11,
0,20,253,186,251,13,2,117,3,122,252,5,7,170,246,238,250,170,190,0,194,1,21,0,232,0,95,0,41,0,19,0,14,0,11,
0,81,253,245,251,39,2,117,3,122,252,5,7,129,246,131,250,135,188,0,194,1,22,0,231,0,95,0,40,0,18,0,13,0,11,
0,81,253,245,251,39,2,117,3,122,252,5,7,250,245,120,250,68,187,0,196,1,22,0,230,0,95,0,40,0,18,0,13,0,11,
0,60,253,47,252,32,2,117,3,122,252,5,7,250,245,18,251,190,188,0,197,1,23,0,229,0,93,0,40,0,17,0,12,0,11,
0,20,253,122,252,45,2,117,3,122,252,5,7,164,245,18,251,190,188,0,198,1,23,0,228,0,94,0,40,0,19,0,13,0,11,
0,20,253,122,252,39,2,117,3,122,252,5,7,6,246,53,251,225,189,0,199,1,23,0,227,0,93,0,40,0,18,0,13,0,11,
0,47,253,209,252,39,2,117,3,122,252,5,7,56,247,33,251,65,189,0,200,1,24,0,227,0,92,0,40,0,18,0,13,0,11,
0,70,253,2,253,73,2,117,3,122,252,5,7,158,245,28,251,25,188,0,201,1,24,0,226,0,92,0,40,0,18,0,13,0,11,
0,69,253,38,253,61,2,117,3,122,252,5,7,158,245,28,251,51,190,0,202,1,25,0,227,0,92,0,39,0,17,0,12,0,11,
0,69,253,38,253,61,2,117,3,122,252,5,7,149,245,188,251,51,190,0,203,1,25,0,226,0,92,0,40,0,17,0,12,0,11,
0,18,253,95,253,35,2,90,3,132,252,140,6,81,246,116,251,187,189,0,204,1,25,0,226,0,92,0,39,0,18,0,13,0,11,
0,64,253,139,253,18,2,90,3,132,252,140,6,29,246,95,251,212,188,0,205,1,26,0,227,0,91,0,38,0,17,0,12,0,11,
0,97,253,214,253,238,1,90,3,132,252,140,6,218,245,142,251,189,187,0,206,1,26,0,227,0,92,0,40,0,18,0,13,0,11,
0,97,253,214,253,238,1,90,3,132,252,140,6,218,245,142,251,189,187,0,207,1,27,0,227,0,91,0,39,0,17,0,12,0,11,
0,113,253,31,254,11,2,90,3,132,252,140,6,213,245,30,252,69,188,0,208,1,27,0,228,0,92,0,40,0,18,0,13,0,11,
0,132,253,83,254,6,2,90,3,132,252,140,6,36,246,126,251,16,189,0,209,1,27,0,228,0,92,0,40,0,18,0,13,0,11,
0,89,253,161,254,254,1,90,3,132,252,140,6,166,245,24,252,21,189,0,210,1,29,0,229,0,92,0,39,0,17,0,12,0,11,
0,89,253,161,254,254,1,90,3,132,252,140,6,166,245,149,252,221,189,0,210,1,29,0,230,0,92,0,40,0,18,0,13,0,11,
0,116,253,237,254,242,1,90,3,132,252,140,6,134,246,149,252,221,189,0,211,1,30,0,231,0,92,0,39,0,17,0,12,0,11,
0,146,253,40,255,221,1,90,3,132,252,140,6,248,246,75,252,58,189,0,212,1,30,0,232,0,93,0,39,0,18,0,13,0,11,
0,146,253,40,255,0,2,90,3,132,252,140,6,183,246,49,252,37,187,0,213,1,31,0,233,0,93,0,39,0,17,0,12,0,11,
0,218,253,83,255,0,2,175,3,31,252,66,7,20,247,195,252,119,189,0,214,1,31,0,234,0,93,0,39,0,17,0,12,0,11,
0,231,253,148,255,21,2,175,3,31,252,66,7,20,247,195,252,119,190,0,215,1,32,0,235,0,94,0,39,0,18,0,13,0,11,
0,220,253,219,255,30,2,175,3,31,252,66,7,127,247,25,253,194,190,0,215,1,32,0,236,0,94,0,39,0,17,0,12,0,11,
0,220,253,219,255,30,2,175,3,31,252,66,7,226,247,105,252,92,189,0,215,1,32,0,237,0,95,0,40,0,18,0,13,0,11,
0,4,254,241,255,11,2,175,3,31,252,66,7,27,247,88,252,131,188,0,216,1,32,0,238,0,95,0,40,0,18,0,13,0,11,
0,60,254,22,0,237,1,175,3,31,252,66,7,27,247,79,252,80,189,0,217,1,33,0,239,0,95,0,40,0,17,0,12,0,11,
0,53,254,94,0,6,2,175,3,31,252,66,7,130,247,79,252,80,189,0,217,1,32,0,241,0,96,0,40,0,20,0,13,0,11,
0,53,254,94,0,6,2,175,3,31,252,66,7,122,247,12,253,214,190,0,218,1,33,0,243,0,96,0,40,0,19,0,13,0,11,
0,78,254,138,0,1,2,175,3,31,252,66,7,79,249,76,252,189,188,0,219,1,33,0,244,0,97,0,40,0,19,0,13,0,11,
0,71,254,212,0,243,1,175,3,31,252,66,7,136,248,173,252,130,189,0,219,1,33,0,245,0,98,0,35,0,19,0,14,0,12,
0,53,254,248,0,230,1,122,3,154,252,97,6,136,248,173,252,215,189,0,220,1,33,0,247,0,98,0,36,0,18,0,13,0,11,
0,53,254,248,0,230,1,122,3,154,252,97,6,41,249,127,252,215,189,0,220,1,34,0,249,0,99,0,38,0,17,0,13,0,11,
0,94,254,20,1,219,1,122,3,154,252,97,6,51,249,59,252,235,190,0,220,1,33,0,250,0,100,0,40,0,19,0,14,0,12,
0,119,254,38,1,220,1,122,3,154,252,97,6,213,250,21,252,102,190,0,221,1,33,0,251,0,101,0,40,0,19,0,13,0,11,
0,119,254,38,1,227,1,122,3,154,252,97,6,229,249,240,251,171,189,0,222,1,33,0,253,0,102,0,41,0,19,0,14,0,12,
0,143,254,28,1,227,1,122,3,154,252,97,6,229,249,240,251,171,189,0,223,1,34,0,255,0,102,0,41,0,19,0,13,0,12,
0,159,254,45,1,236,1,122,3,154,252,97,6,130,249,24,252,112,190,0,223,1,33,0,255,0,103,0,42,0,20,0,14,0,12,
0,173,254,42,1,202,1,122,3,154,252,97,6,246,249,6,252,209,191,0,223,1,34,1,1,0,104,0,42,0,17,0,13,0,11,
0,173,254,42,1,202,1,122,3,154,252,97,6,238,250,66,251,162,190,0,223,1,33,1,2,0,104,0,43,0,18,0,13,0,11,
0,187,254,53,1,176,1,122,3,154,252,97,6,238,250,66,251,79,190,0,224,1,33,1,3,0,105,0,44,0,19,0,13,0,11,
0,180,254,67,1,191,1,79,3,128,252,0,7,82,250,40,251,79,190,0,225,1,34,1,5,0,105,0,44,0,19,0,13,0,11,
0,176,254,73,1,196,1,79,3,128,252,0,7,178,250,136,251,17,191,0,225,1,33,1,5,0,106,0,44,0,19,0,13,0,11,
0,176,254,73,1,196,1,79,3,128,252,0,7,228,250,177,251,80,193,0,225,1,34,1,7,0,106,0,44,0,19,0,13,0,11,
0,181,254,86,1,191,1,79,3,128,252,0,7,206,251,80,251,215,190,0,225,1,33,1,7,0,107,0,44,0,20,0,13,0,11,
0,205,254,86,1,197,1,79,3,128,252,0,7,206,251,80,251,215,190,0,226,1,33,1,8,0,108,0,45,0,20,0,13,0,11,
0,246,254,86,1,206,1,79,3,128,252,0,7,253,251,222,250,183,191,0,226,1,34,1,9,0,108,0,45,0,19,0,13,0,11,
0,246,254,102,1,206,1,79,3,128,252,0,7,207,251,240,250,215,190,0,227,1,33,1,9,0,108,0,45,0,19,0,13,0,11,
0,234,254,66,1,228,1,79,3,128,252,0,7,59,251,78,251,181,192,0,226,1,32,1,9,0,109,0,46,0,20,0,14,0,11,
0,199,254,33,1,227,1,79,3,128,252,0,7,59,251,226,250,143,193,0,227,1,32,1,9,0,109,0,46,0,20,0,13,0,11,
0,199,254,33,1,245,1,79,3,128,252,0,7,85,252,226,250,143,193,0,227,1,31,1,9,0,109,0,47,0,20,0,13,0,12,
0,214,254,11,1,245,1,140,3,106,252,213,6,20,253,166,250,96,191,0,228,1,31,1,10,0,109,0,46,0,20,0,13,0,11,
0,226,254,242,0,251,1,140,3,106,252,213,6,36,252,77,250,85,191,0,227,1,30,1,9,0,110,0,51,0,22,0,14,0,12,
0,240,254,215,0,219,1,140,3,106,252,213,6,45,251,217,250,132,193,0,228,1,31,1,9,0,110,0,50,0,21,0,13,0,11,
0,240,254,215,0,219,1,140,3,106,252,213,6,45,251,217,250,10,195,0,228,1,30,1,9,0,110,0,50,0,22,0,14,0,12,
0,238,254,200,0,2,2,140,3,106,252,213,6,247,252,156,250,10,195,0,229,1,29,1,8,0,110,0,49,0,22,0,14,0,12,
0,188,254,160,0,34,2,140,3,106,252,213,6,146,253,6,250,146,191,0,229,1,29,1,8,0,110,0,49,0,21,0,13,0,11,
0,195,254,151,0,29,2,140,3,106,252,213,6,11,252,234,250,232,191,0,230,1,29,1,8,0,110,0,49,0,22,0,14,0,12,
0,195,254,151,0,29,2,140,3,106,252,213,6,11,252,145,250,74,194,0,231,1,28,1,8,0,109,0,47,0,21,0,14,0,11,
0,220,254,154,0,25,2,140,3,106,252,213,6,132,253,145,250,74,194,0,231,1,27,1,6,0,110,0,48,0,21,0,14,0,12,
0,226,254,124,0,21,2,140,3,106,252,213,6,217,252,183,250,210,190,0,232,1,27,1,6,0,110,0,47,0,21,0,14,0,12,
0,198,254,124,0,33,2,140,3,106,252,213,6,176,252,10,251,234,192,0,232,1,27,1,5,0,109,0,47,0,20,0,14,0,11,
0,198,254,102,0,33,2,86,3,121,252,111,6,30,253,198,250,17,193,0,232,1,26,1,4,0,109,0,47,0,21,0,14,0,11,
0,214,254,46,0,61,2,86,3,121,252,111,6,30,253,198,250,162,191,0,233,1,26,1,4,0,108,0,46,0,20,0,13,0,11,
0,172,254,26,0,60,2,86,3,121,252,111,6,159,253,113,250,162,191,0,233,1,25,1,3,0,108,0,47,0,21,0,14,0,11,
0,172,254,26,0,76,2,86,3,121,252,111,6,223,251,76,251,170,192,0,234,1,25,1,2,0,108,0,47,0,21,0,14,0,11,
0,125,254,240,255,76,2,86,3,121,252,111,6,186,253,218,250,128,193,0,235,1,24,1,1,0,108,0,47,0,21,0,14,0,11,
0,147,254,200,255,52,2,86,3,121,252,111,6,150,253,98,250,151,190,0,235,1,24,0,255,0,107,0,46,0,23,0,14,0,11,
0,183,254,159,255,63,2,86,3,121,252,111,6,150,253,98,250,151,190,0,236,1,23,0,255,0,106,0,45,0,21,0,13,0,11,
0,183,254,159,255,63,2,86,3,121,252,111,6,77,252,21,251,129,190,0,237,1,23,0,253,0,106,0,46,0,21,0,14,0,11,
0,188,254,147,255,59,2,86,3,121,252,111,6,177,252,132,251,109,195,0,237,1,23,0,252,0,106,0,46,0,22,0,14,0,12,
0,183,254,155,255,62,2,86,3,121,252,111,6,5,254,201,250,85,191,0,238,1,22,0,252,0,105,0,45,0,21,0,14,0,11,
0,212,254,163,255,71,2,143,3,66,252,31,7,5,254,25,251,54,190,0,238,1,21,0,250,0,105,0,46,0,21,0,14,0,12,
0,212,254,163,255,71,2,143,3,66,252,31,7,27,253,25,251,54,190,0,239,1,21,0,250,0,104,0,45,0,20,0,13,0,11,
0,238,254,130,255,97,2,143,3,66,252,31,7,147,251,222,251,134,191,0,239,1,20,0,249,0,104,0,45,0,21,0,14,0,11,
0,5,255,117,255,94,2,143,3,66,252,31,7,65,252,255,251,13,194,0,239,1,19,0,248,0,104,0,45,0,21,0,14,0,12,
0,242,254,117,255,78,2,143,3,66,252,31,7,112,253,191,251,38,192,0,241,1,19,0,247,0,103,0,44,0,20,0,13,0,11,
0,242,254,82,255,78,2,143,3,66,252,31,7,112,253,191,251,38,188,0,241,1,19,0,247,0,102,0,44,0,20,0,13,0,11,
0,250,254,69,255,67,2,143,3,66,252,31,7,53,253,77,251,154,188,0,241,1,18,0,246,0,103,0,45,0,21,0,14,0,12,
0,229,254,58,255,71,2,143,3,66,252,31,7,182,250,96,252,11,191,0,241,1,17,0,245,0,102,0,44,0,20,0,14,0,11,
0,229,254,58,255,62,2,143,3,66,252,31,7,214,252,12,252,207,193,0,242,1,17,0,245,0,101,0,44,0,21,0,14,0,11,
0,224,254,41,255,62,2,143,3,66,252,31,7,214,252,90,251,187,189,0,243,1,16,0,244,0,101,0,43,0,20,0,13,0,11,
0,234,254,24,255,61,2,161,3,116,252,199,6,49,253,90,251,187,189,0,244,1,16,0,244,0,101,0,43,0,20,0,14,0,11,
0,251,254,11,255,74,2,161,3,116,252,199,6,73,252,216,251,179,189,0,245,1,16,0,245,0,100,0,43,0,20,0,13,0,11,
0,251,254,11,255,74,2,161,3,116,252,199,6,140,251,120,252,206,191,0,245,1,16,0,244,0,100,0,43,0,20,0,13,0,11,
0,215,254,19,255,92,2,161,3,116,252,199,6,4,252,129,252,144,193,0,246,1,16,0,244,0,100,0,43,0,20,0,14,0,11,
0,190,254,239,254,116,2,161,3,116,252,199,6,4,252,129,252,99,191,0,248,1,16,0,244,0,100,0,43,0,20,0,13,0,11,
0,197,254,254,254,116,2,161,3,116,252,199,6,3,253,3,252,99,191,0,249,1,16,0,244,0,100,0,43,0,20,0,13,0,11,
0,197,254,254,254,116,2,161,3,116,252,199,6,43,252,9,252,181,188,0,250,1,16,0,244,0,99,0,42,0,19,0,13,0,11,
0,224,254,247,254,140,2,161,3,116,252,199,6,136,250,147,252,217,190,0,251,1,15,0,244,0,100,0,42,0,20,0,14,0,12,
0,27,255,248,254,140,2,161,3,116,252,199,6,120,251,111,252,25,193,0,251,1,15,0,244,0,100,0,43,0,20,0,14,0,12,
0,27,255,248,254,130,2,161,3,116,252,199,6,120,251,111,252,25,193,0,252,1,16,0,245,0,99,0,42,0,19,0,13,0,11,
0,8,255,6,255,130,2,117,3,144,252,246,6,47,253,233,251,105,191,0,253,1,16,0,245,0,100,0,42,0,19,0,13,0,11,
0,20,255,239,254,125,2,117,3,144,252,246,6,72,252,11,252,233,189,0,253,1,15,0,245,0,100,0,43,0,20,0,14,0,12,
0,42,255,253,254,125,2,117,3,144,252,246,6,46,251,119,252,151,189,0,254,1,15,0,245,0,100,0,43,0,20,0,14,0,11,
0,42,255,253,254,101,2,117,3,144,252,246,6,46,251,119,252,115,193,0,254,1,15,0,246,0,100,0,43,0,20,0,14,0,12,
0,32,255,19,255,101,2,117,3,144,252,246,6,127,251,145,252,115,193,0,255,1,16,0,246,0,100,0,43,0,20,0,13,0,11,
0,18,255,20,255,86,2,117,3,144,252,246,6,219,252,16,252,171,191,1,0,1,16,0,247,0,101,0,43,0,20,0,14,0,12,
0,40,255,3,255,98,2,117,3,144,252,246,6,109,252,194,251,121,188,1,0,1,16,0,247,0,100,0,43,0,19,0,13,0,11,
0,40,255,3,255,98,2,117,3,144,252,246,6,29,251,51,252,229,189,1,0,1,16,0,247,0,101,0,43,0,20,0,13,0,11,
0,68,255,241,254,90,2,117,3,144,252,246,6,29,251,51,252,229,189,1,0,1,16,0,248,0,101,0,43,0,20,0,14,0,11,
0,74,255,247,254,78,2,117,3,144,252,246,6,98,251,150,252,11,193,1,1,1,16,0,249,0,101,0,43,0,20,0,13,0,11,
0,95,255,40,255,49,2,117,3,53,252,147,6,91,253,205,251,150,192,1,1,1,17,0,250,0,101,0,43,0,20,0,14,0,11,
0,95,255,40,255,49,2,177,3,53,252,147,6,31,252,92,251,121,189,1,1,1,18,0,251,0,101,0,43,0,19,0,13,0,11,
0,155,255,33,255,49,2,177,3,53,252,147,6,31,252,255,251,146,191,1,1,1,18,0,251,0,102,0,43,0,20,0,13,0,11,
0,154,255,50,255,38,2,177,3,53,252,147,6,149,250,255,251,146,191,1,1,1,18,0,252,0,102,0,43,0,20,0,14,0,11,
0,154,255,50,255,63,2,177,3,53,252,147,6,171,251,201,251,15,194,1,2,1,19,0,253,0,102,0,43,0,20,0,13,0,11,
0,186,255,64,255,63,2,177,3,53,252,147,6,34,253,64,251,208,191,1,2,1,19,0,253,0,103,0,43,0,20,0,13,0,12,
0,189,255,63,255,72,2,177,3,53,252,147,6,127,252,28,251,51,190,1,3,1,20,0,254,0,103,0,43,0,20,0,13,0,11,
0,188,255,88,255,77,2,177,3,53,252,147,6,127,252,28,251,17,191,1,2,1,20,0,254,0,104,0,43,0,20,0,13,0,11,
0,188,255,88,255,52,2,177,3,53,252,147,6,133,251,10,251,17,191,1,3,1,20,0,254,0,104,0,44,0,20,0,14,0,12,
0,148,255,73,255,52,2,177,3,53,252,147,6,178,251,88,251,75,193,1,3,1,21,0,255,0,104,0,44,0,20,0,13,0,11,
0,142,255,68,255,37,2,177,3,53,252,147,6,189,252,214,250,28,193,1,4,1,21,0,255,0,104,0,44,0,20,0,13,0,11,
0,200,255,59,255,20,2,141,3,73,252,187,6,189,252,184,250,166,191,1,4,1,20,0,255,0,105,0,44,0,21,0,14,0,12,
0,200,255,59,255,20,2,141,3,73,252,187,6,98,252,184,250,166,191,1,4,1,20,0,255,0,104,0,44,0,20,0,13,0,11,
0,247,255,68,255,21,2,141,3,73,252,187,6,9,252,115,250,149,191,1,4,1,20,1,0,0,105,0,45,0,19,0,14,0,12,
0,203,255,90,255,1,2,141,3,73,252,187,6,198,251,123,250,144,191,1,6,1,21,1,0,0,105,0,44,0,19,0,13,0,11,
0,173,255,72,255,17,2,141,3,73,252,187,6,176,251,199,250,104,193,1,6,1,21,1,0,0,105,0,44,0,19,0,13,0,11,
0,173,255,72,255,17,2,141,3,73,252,187,6,176,251,199,250,192,191,1,6,1,21,1,0,0,105,0,45,0,20,0,14,0,12,
0,171,255,58,255,27,2,141,3,73,252,187,6,247,252,10,250,192,191,1,7,1,21,1,0,0,105,0,45,0,20,0,14,0,12,
0,157,255,54,255,2,2,141,3,73,252,187,6,154,251,239,249,154,190,1,7,1,20,1,0,0,105,0,40,0,19,0,14,0,12,
0,157,255,54,255,241,1,141,3,73,252,187,6,212,251,99,250,145,194,1,8,1,21,1,0,0,105,0,41,0,18,0,13,0,11,
0,96,255,99,255,241,1,141,3,73,252,187,6,29,253,243,249,112,193,1,8,1,21,1,0,0,105,0,41,0,18,0,13,0,11,
0,89,255,120,255,245,1,117,3,104,252,199,6,29,253,243,249,112,193,1,8,1,20,0,255,0,105,0,43,0,21,0,14,0,11,
0,161,255,99,255,1,2,117,3,104,252,199,6,152,252,48,249,24,192,1,8,1,20,0,255,0,105,0,43,0,20,0,14,0,11,
0,161,255,99,255,1,1,117,3,104,252,199,6,39,251,165,249,71,191,1,8,1,20,0,254,0,105,0,43,0,20,0,13,0,11,
0,170,255,81,255,239,1,117,3,104,252,199,6,205,251,200,249,250,195,1,9,1,21,0,254,0,105,0,43,0,20,0,13,0,11,
0,153,255,43,255,227,1,117,3,104,252,199,6,205,251,250,248,185,192,1,8,1,20,0,253,0,105,0,44,0,21,0,14,0,12,
0,131,255,39,255,215,1,117,3,104,252,199,6,56,253,250,248,185,192,1,8,1,21,0,253,0,104,0,43,0,20,0,13,0,11,
0,131,255,39,255,215,1,117,3,104,252,199,6,158,251,247,248,203,189,1,8,1,20,0,252,0,104,0,44,0,20,0,14,0,11,
0,116,255,53,255,211,1,117,3,104,252,199,6,178,250,140,249,230,193,1,8,1,20,0,251,0,104,0,44,0,20,0,14,0,12,
0,127,255,18,255,202,1,117,3,104,252,199,6,82,253,214,248,230,193,1,8,1,20,0,251,0,104,0,44,0,20,0,13,0,11,
0,151,255,41,255,209,1,117,3,104,252,199,6,82,253,214,248,230,189,1,7,1,20,0,250,0,104,0,44,0,21,0,14,0,12,
0,151,255,41,255,209,1,202,3,41,252,178,6,204,251,145,248,215,189,1,8,1,21,0,250,0,103,0,44,0,20,0,13,0,11,
0,129,255,26,255,220,1,202,3,41,252,178,6,45,251,1,249,223,192,1,6,1,20,0,248,0,104,0,44,0,20,0,13,0,11,
0,81,255,49,255,219,1,202,3,41,252,178,6,239,251,37,249,53,194,1,6,1,20,0,247,0,103,0,44,0,20,0,14,0,11,
0,81,255,49,255,217,1,202,3,41,252,178,6,239,251,138,248,51,192,1,6,1,20,0,246,0,102,0,44,0,20,0,13,0,11,
0,72,255,69,255,217,1,202,3,41,252,178,6,239,252,138,248,51,192,1,5,1,19,0,245,0,102,0,44,0,21,0,14,0,12,
0,72,255,53,255,169,1,202,3,41,252,178,6,195,251,162,248,110,190,1,6,1,20,0,244,0,101,0,43,0,20,0,13,0,11,
0,54,255,62,255,156,1,202,3,41,252,178,6,225,250,37,249,106,192,1,4,1,18,0,243,0,101,0,43,0,20,0,13,0,11,
0,54,255,62,255,156,1,202,3,41,252,178,6,230,251,6,249,111,193,1,4,1,17,0,242,0,101,0,43,0,20,0,14,0,11,
0,52,255,33,255,147,1,202,3,41,252,178,6,230,251,6,249,154,192,1,4,1,18,0,242,0,100,0,47,0,20,0,13,0,11,
0,12,255,53,255,103,1,202,3,41,252,178,6,193,252,216,248,154,192,1,4,1,16,0,240,0,100,0,46,0,21,0,13,0,11,
0,27,255,67,255,104,1,107,3,128,252,175,5,173,251,186,248,61,190,1,4,1,16,0,239,0,99,0,45,0,18,0,12,0,10,
0,27,255,67,255,104,1,107,3,128,252,175,5,105,251,58,249,239,191,1,3,1,15,0,238,0,99,0,44,0,19,0,13,0,11,
0,42,255,49,255,130,1,107,3,128,252,175,5,105,250,221,249,117,193,1,3,1,15,0,237,0,98,0,44,0,19,0,13,0,11,
0,36,255,31,255,149,1,107,3,128,252,175,5,141,250,221,249,117,193,1,3,1,15,0,237,0,97,0,43,0,18,0,13,0,11,
0,35,255,25,255,129,1,107,3,128,252,175,5,91,252,117,249,205,193,1,2,1,14,0,236,0,97,0,43,0,19,0,13,0,11,
0,35,255,25,255,129,1,107,3,128,252,175,5,149,251,60,249,162,189,1,2,1,14,0,235,0,96,0,42,0,18,0,13,0,11,
0,16,255,23,255,98,1,107,3,128,252,175,5,149,250,223,249,19,192,1,2,1,13,0,233,0,96,0,42,0,19,0,13,0,11,
0,26,255,7,255,106,1,107,3,128,252,175,5,149,250,223,249,125,193,1,1,1,12,0,233,0,96,0,42,0,19,0,13,0,11,
0,26,255,7,255,91,1,107,3,128,252,175,5,79,251,41,250,125,193,1,1,1,12,0,233,0,95,0,41,0,18,0,13,0,11,
0,34,255,13,255,91,1,107,3,128,252,175,5,44,252,199,249,235,190,1,0,1,11,0,232,0,95,0,41,0,19,0,13,0,12,
0,67,255,20,255,94,1,107,3,128,252,175,5,250,250,1,250,166,189,1,0,1,11,0,232,0,95,0,40,0,18,0,13,0,11,
0,44,255,15,255,102,1,169,3,77,252,205,7,117,250,115,250,170,191,1,0,1,10,0,230,0,95,0,41,0,19,0,13,0,12,
0,44,255,15,255,102,1,169,3,77,252,205,7,117,250,115,250,170,191,1,0,1,9,0,229,0,94,0,41,0,19,0,13,0,11,
0,7,255,30,255,86,1,169,3,77,252,205,7,19,251,201,250,95,193,1,0,1,9,0,229,0,93,0,40,0,18,0,12,0,11,
0,252,254,55,255,93,1,169,3,77,252,205,7,190,251,158,250,223,190,0,255,1,8,0,229,0,93,0,40,0,17,0,13,0,11,
0,7,255,63,255,81,1,169,3,77,252,205,7,239,250,91,250,157,188,0,255,1,8,0,228,0,94,0,40,0,19,0,13,0,12,
0,7,255,63,255,81,1,169,3,77,252,205,7,239,250,2,251,185,190,0,254,1,7,0,227,0,93,0,40,0,18,0,13,0,11,
0,7,255,63,255,60,1,169,3,77,252,205,7,73,250,2,251,185,190,0,255,1,6,0,226,0,93,0,40,0,18,0,13,0,11,
0,78,255,85,255,41,1,169,3,77,252,205,7,165,250,115,251,209,192,0,255,1,6,0,226,0,92,0,40,0,17,0,12,0,11,
0,76,255,84,255,36,1,169,3,77,252,205,7,91,251,39,251,157,190,0,254,1,5,0,226,0,92,0,39,0,18,0,13,0,11,
0,76,255,84,255,36,1,169,3,77,252,205,7,2,251,243,250,211,188,0,255,1,5,0,226,0,91,0,38,0,17,0,12,0,11,
0,21,255,72,255,50,1,166,3,105,252,250,6,2,251,243,250,25,190,0,254,1,4,0,226,0,91,0,39,0,17,0,12,0,11,
0,5,255,50,255,37,1,166,3,105,252,250,6,81,250,97,251,25,190,0,254,1,4,0,225,0,91,0,39,0,18,0,13,0,11,
0,5,255,50,255,4,1,166,3,105,252,250,6,64,250,237,251,113,192,0,254,1,3,0,225,0,91,0,38,0,17,0,12,0,11,
0,38,255,66,255,4,1,166,3,105,252,250,6,22,251,148,251,209,191,0,254,1,3,0,225,0,91,0,39,0,18,0,13,0,11,
0,48,255,89,255,0,1,166,3,105,252,250,6,22,251,0,251,193,189,0,254,1,3,0,225,0,90,0,38,0,17,0,12,0,11,
0,72,255,114,255,4,1,166,3,105,252,250,6,207,251,0,251,193,189,0,254,1,2,0,225,0,91,0,38,0,18,0,12,0,11,
0,72,255,114,255,4,1,166,3,105,252,250,6,163,250,98,251,165,188,0,253,1,2,0,226,0,91,0,38,0,18,0,13,0,11,
0,89,255,141,255,16,1,166,3,105,252,250,6,34,250,48,252,124,191,0,254,1,2,0,226,0,91,0,38,0,17,0,12,0,11,
0,57,255,145,255,3,1,166,3,105,252,250,6,41,251,213,251,152,192,0,254,1,2,0,225,0,90,0,38,0,17,0,12,0,11,
0,73,255,148,255,255,0,166,3,105,252,250,6,41,251,213,251,80,190,0,254,1,1,0,225,0,91,0,39,0,18,0,13,0,11,
0,73,255,148,255,255,0,154,3,140,252,239,6,42,252,79,251,80,190,0,254,1,1,0,225,0,91,0,39,0,18,0,13,0,11,
0,99,255,153,255,17,1,154,3,140,252,239,6,61,251,106,251,234,188,0,254,1,1,0,226,0,91,0,39,0,18,0,13,0,11,
0,112,255,159,255,1,1,154,3,140,252,239,6,28,250,169,251,91,189,0,254,1,1,0,227,0,91,0,38,0,17,0,13,0,11,
0,96,255,172,255,20,1,154,3,140,252,239,6,180,250,194,251,90,192,0,253,1,1,0,227,0,91,0,38,0,18,0,13,0,11,
0,96,255,172,255,20,1,154,3,140,252,239,6,180,250,194,251,90,192,0,254,1,2,0,227,0,91,0,38,0,17,0,12,0,11,
0,98,255,168,255,14,1,154,3,140,252,239,6,205,251,133,251,174,191,0,254,1,1,0,227,0,91,0,39,0,17,0,13,0,11,
0,138,255,169,255,25,1,154,3,140,252,239,6,163,251,112,251,149,189,0,254,1,1,0,227,0,91,0,39,0,18,0,13,0,11,
0,138,255,169,255,222,0,154,3,140,252,239,6,159,250,95,251,208,189,0,254,1,1,0,228,0,91,0,38,0,17,0,13,0,11,
0,150,255,193,255,222,0,154,3,140,252,239,6,159,250,95,251,244,191,0,254,1,1,0,228,0,91,0,39,0,18,0,13,0,11,
0,121,255,214,255,213,0,154,3,140,252,239,6,188,250,243,251,244,191,0,255,1,2,0,229,0,91,0,38,0,17,0,12,0,11,
0,99,255,194,255,241,0,240,3,59,252,245,6,235,251,182,251,190,191,0,254,1,2,0,230,0,92,0,39,0,17,0,12,0,11,
0,99,255,194,255,241,0,240,3,59,252,245,6,125,251,134,251,198,190,0,254,1,2,0,231,0,92,0,39,0,17,0,13,0,11,
0,172,255,185,255,255,0,240,3,59,252,245,6,138,251,75,251,203,190,0,255,1,3,0,232,0,92,0,38,0,17,0,12,0,11,
0,186,255,192,255,251,0,240,3,59,252,245,6,138,251,75,251,203,190,0,255,1,2,0,232,0,93,0,39,0,18,0,13,0,11,
0,148,255,181,255,249,0,240,3,59,252,245,6,179,251,92,251,86,190,0,255,1,3,0,233,0,93,0,39,0,17,0,12,0,11,
0,148,255,181,255,249,0,240,3,59,252,245,6,43,251,92,251,75,192,0,255,1,3,0,233,0,93,0,39,0,18,0,12,0,11,
0,133,255,192,255,232,0,240,3,59,252,245,6,154,252,203,250,143,191,0,255,1,3,0,233,0,94,0,40,0,18,0,13,0,11,
0,146,255,207,255,222,0,240,3,59,252,245,6,154,252,147,250,88,190,1,0,1,3,0,234,0,94,0,39,0,17,0,12,0,11,
0,154,255,207,255,219,0,240,3,59,252,245,6,10,252,147,250,88,190,1,0,1,3,0,234,0,94,0,40,0,18,0,13,0,11,
0,154,255,199,255,219,0,240,3,59,252,245,6,236,250,31,251,57,191,1,0,1,4,0,235,0,94,0,40,0,17,0,12,0,11,
0,128,255,209,255,219,0,240,3,59,252,245,6,70,252,247,250,128,192,1,0,1,4,0,235,0,95,0,40,0,18,0,13,0,11,
0,132,255,190,255,203,0,156,3,96,252,150,6,42,252,133,250,200,191,1,0,1,4,0,235,0,95,0,40,0,18,0,13,0,11,
0,132,255,190,255,200,0,156,3,96,252,150,6,42,252,133,250,216,189,1,1,1,4,0,236,0,95,0,40,0,17,0,12,0,11,
0,164,255,196,255,200,0,156,3,96,252,150,6,126,252,61,250,216,189,1,0,1,4,0,236,0,95,0,40,0,18,0,13,0,11,
0,115,255,183,255,187,0,156,3,96,252,150,6,212,251,238,250,25,192,1,1,1,5,0,237,0,95,0,40,0,17,0,12,0,11,
0,99,255,195,255,179,0,156,3,96,252,150,6,232,251,253,250,155,192,1,1,1,5,0,237,0,96,0,40,0,18,0,12,0,11,
0,99,255,195,255,179,0,156,3,96,252,150,6,232,252,26,250,206,190,1,1,1,5,0,237,0,96,0,40,0,18,0,13,0,11,
0,135,255,187,255,188,0,156,3,96,252,150,6,185,252,26,250,206,190,1,2,1,6,0,237,0,95,0,40,0,17,0,12,0,11,
0,119,255,179,255,197,0,156,3,96,252,150,6,20,251,23,250,33,190,1,1,1,5,0,237,0,96,0,40,0,18,0,13,0,11,
0,107,255,181,255,191,0,156,3,96,252,150,6,244,250,159,250,33,194,1,2,1,6,0,238,0,95,0,40,0,17,0,12,0,10,
0,107,255,181,255,191,0,156,3,96,252,150,6,195,252,180,249,27,192,1,2,1,6,0,238,0,96,0,40,0,18,0,12,0,10,
0,115,255,178,255,171,0,143,3,67,252,99,7,195,252,180,249,147,189,1,2,1,6,0,237,0,96,0,41,0,18,0,13,0,11,
0,125,255,152,255,158,0,143,3,67,252,99,7,181,251,195,249,147,189,1,3,1,6,0,238,0,96,0,40,0,17,0,12,0,11,
0,109,255,152,255,157,0,143,3,67,252,99,7,143,250,144,250,12,193,1,3,1,6,0,238,0,96,0,41,0,19,0,13,0,11,
0,109,255,142,255,157,0,143,3,67,252,99,7,179,252,238,249,78,193,1,4,1,6,0,238,0,96,0,40,0,17,0,13,0,11,
0,56,255,150,255,158,0,143,3,67,252,99,7,23,252,165,249,90,189,1,3,1,6,0,237,0,96,0,35,0,17,0,13,0,11,
0,68,255,155,255,122,0,143,3,67,252,99,7,23,252,165,249,90,189,1,4,1,6,0,237,0,96,0,37,0,17,0,13,0,12,
0,68,255,155,255,123,0,143,3,67,252,99,7,210,250,71,250,60,191,1,4,1,6,0,238,0,96,0,38,0,17,0,13,0,11,
0,58,255,142,255,123,0,143,3,67,252,99,7,216,251,105,250,173,193,1,3,1,6,0,238,0,96,0,39,0,18,0,13,0,12,
0,77,255,135,255,131,0,143,3,67,252,99,7,167,252,223,249,244,190,1,4,1,7,0,238,0,96,0,39,0,17,0,12,0,11,
0,66,255,129,255,142,0,143,3,67,252,99,7,167,252,99,250,75,190,1,3,1,7,0,237,0,96,0,40,0,18,0,13,0,11,
0,66,255,129,255,142,0,156,3,105,252,216,6,210,250,99,250,75,190,1,3,1,6,0,236,0,96,0,40,0,18,0,13,0,12,
0,98,255,122,255,116,0,156,3,105,252,216,6,97,251,111,250,92,192,1,3,1,7,0,236,0,96,0,40,0,17,0,12,0,11,
0,113,255,123,255,74,0,156,3,105,252,216,6,6,252,251,249,240,191,1,3,1,6,0,235,0,96,0,40,0,18,0,13,0,11,
0,84,255,135,255,90,0,156,3,105,252,216,6,83,251,108,250,177,190,1,2,1,6,0,236,0,96,0,40,0,17,0,12,0,11,
0,84,255,135,255,90,0,156,3,105,252,216,6,83,251,108,250,39,192,1,2,1,6,0,235,0,96,0,40,0,18,0,12,0,11,
0,63,255,98,255,88,0,156,3,105,252,216,6,180,251,167,250,39,192,1,1,1,6,0,235,0,96,0,40,0,18,0,13,0,11,
0,60,255,127,255,91,0,156,3,105,252,216,6,181,251,133,250,21,191,1,1,1,7,0,234,0,95,0,40,0,17,0,12,0,11,
0,89,255,127,255,90,0,156,3,105,252,216,6,39,251,207,250,38,191,1,1,1,6,0,233,0,95,0,40,0,19,0,13,0,11,
0,89,255,135,255,90,0,156,3,105,252,216,6,39,251,241,250,50,191,1,1,1,7,0,233,0,95,0,40,0,17,0,12,0,11,
0,58,255,122,255,60,0,156,3,105,252,216,6,131,250,241,250,50,191,1,0,1,6,0,232,0,95,0,40,0,18,0,13,0,11,
0,53,255,107,255,52,0,103,3,99,252,125,6,182,251,60,251,174,192,1,0,1,6,0,232,0,94,0,40,0,18,0,13,0,11,
0,53,255,107,255,41,0,103,3,99,252,125,6,178,251,244,250,107,191,1,0,1,6,0,232,0,94,0,40,0,17,0,12,0,11,
0,63,255,123,255,41,0,103,3,99,252,125,6,85,250,105,251,207,188,0,255,1,6,0,231,0,94,0,40,0,18,0,13,0,11,
0,60,255,122,255,19,0,103,3,99,252,125,6,85,250,105,251,123,193,0,255,1,6,0,231,0,94,0,40,0,17,0,12,0,11,
0,63,255,117,255,7,0,103,3,99,252,125,6,238,250,216,251,123,193,0,255,1,6,0,230,0,94,0,40,0,18,0,13,0,11,
0,63,255,117,255,7,0,103,3,99,252,125,6,73,252,47,251,144,190,0,255,1,5,0,229,0,94,0,44,0,19,0,13,0,11,
0,65,255,138,255,243,255,103,3,99,252,125,6,75,250,178,251,232,189,0,255,1,6,0,229,0,93,0,43,0,18,0,12,0,11,
0,49,255,162,255,240,255,103,3,99,252,125,6,206,249,139,252,141,192,0,254,1,6,0,228,0,93,0,43,0,19,0,13,0,11,
0,29,255,184,255,254,255,103,3,99,252,125,6,206,249,139,252,141,192,0,255,1,6,0,229,0,93,0,41,0,18,0,13,0,11,
0,29,255,184,255,254,255,103,3,99,252,125,6,2,252,6,252,199,192,0,255,1,6,0,228,0,93,0,41,0,19,0,13,0,11,
0,63,255,192,255,15,0,103,3,99,252,78,7,55,251,175,251,179,188,0,255,1,6,0,228,0,93,0,41,0,19,0,13,0,11,
0,67,255,176,255,2,0,162,3,60,252,78,7,219,249,165,252,202,190,0,255,1,6,0,228,0,92,0,40,0,18,0,13,0,11,
0,67,255,176,255,250,255,162,3,60,252,78,7,219,249,230,252,127,192,0,255,1,6,0,228,0,93,0,40,0,19,0,13,0,11,
0,41,255,171,255,250,255,162,3,60,252,78,7,193,250,230,252,127,192,1,0,1,6,0,228,0,92,0,40,0,18,0,12,0,11,
0,32,255,191,255,2,0,162,3,60,252,78,7,27,252,109,252,54,191,0,255,1,6,0,228,0,92,0,40,0,18,0,13,0,11,
0,52,255,178,255,242,255,162,3,60,252,78,7,33,251,67,252,216,187,0,255,1,6,0,228,0,92,0,40,0,18,0,13,0,11,
0,52,255,178,255,0,0,162,3,60,252,78,7,191,249,98,253,119,190,1,0,1,6,0,228,0,92,0,39,0,17,0,12,0,11,
0,53,255,169,255,0,0,162,3,60,252,78,7,191,249,98,253,119,190,1,0,1,6,0,228,0,92,0,39,0,18,0,13,0,11,
0,35,255,171,255,232,255,162,3,60,252,78,7,114,251,189,252,129,192,1,0,1,7,0,229,0,92,0,38,0,17,0,12,0,11,
0,27,255,169,255,202,255,162,3,60,252,78,7,7,252,195,252,110,189,1,0,1,6,0,229,0,92,0,39,0,17,0,12,0,11,
0,27,255,169,255,202,255,162,3,60,252,78,7,35,251,79,253,225,188,1,0,1,6,0,230,0,92,0,39,0,17,0,13,0,11,
0,35,255,174,255,210,255,209,3,85,252,228,6,35,251,123,253,0,191,1,0,1,7,0,230,0,92,0,39,0,17,0,12,0,11,
0,70,255,174,255,180,255,209,3,85,252,228,6,146,250,123,253,0,191,1,0,1,7,0,230,0,92,0,39,0,18,0,13,0,11,
0,39,255,201,255,180,255,209,3,85,252,228,6,74,252,82,253,205,191,1,1,1,7,0,232,0,92,0,39,0,17,0,12,0,11,
0,39,255,201,255,180,255,209,3,85,252,228,6,29,252,9,253,53,189,1,0,1,6,0,232,0,93,0,40,0,18,0,13,0,11,
0,19,255,188,255,176,255,209,3,85,252,228,6,4,251,125,253,18,190,1,0,1,7,0,233,0,93,0,40,0,18,0,13,0,11,
0,2,255,192,255,185,255,209,3,85,252,228,6,4,251,125,253,200,191,1,0,1,7,0,233,0,94,0,40,0,18,0,13,0,11,
0,2,255,192,255,198,255,209,3,85,252,228,6,176,251,159,253,200,191,1,0,1,8,0,234,0,94,0,40,0,18,0,13,0,12,
0,14,255,192,255,198,255,209,3,85,252,228,6,115,252,73,253,74,191,1,1,1,8,0,235,0,94,0,39,0,17,0,12,0,11,
0,46,255,170,255,190,255,209,3,85,252,228,6,244,251,13,253,135,189,1,0,1,8,0,235,0,94,0,40,0,18,0,13,0,11,
0,51,255,150,255,207,255,209,3,85,252,228,6,244,251,165,253,102,190,1,0,1,8,0,236,0,95,0,40,0,18,0,13,0,12,
0,51,255,150,255,206,255,173,3,150,252,166,6,157,251,165,253,102,190,1,0,1,8,0,237,0,94,0,40,0,17,0,12,0,11,
0,36,255,148,255,206,255,173,3,150,252,166,6,174,251,177,253,9,191,1,0,1,8,0,238,0,95,0,40,0,18,0,13,0,11,
0,78,255,158,255,188,255,173,3,150,252,166,6,185,252,96,253,58,191,1,0,1,8,0,239,0,95,0,40,0,18,0,13,0,11,
0,106,255,189,255,191,255,173,3,150,252,166,6,226,252,64,253,160,190,0,255,1,8,0,239,0,96,0,41,0,18,0,13,0,11,
0,106,255,189,255,191,255,173,3,150,252,166,6,226,252,64,253,128,188,0,255,1,8,0,239,0,96,0,40,0,18,0,13,0,11,
0,108,255,191,255,202,255,173,3,150,252,166,6,87,252,87,253,128,188,0,255,1,9,0,240,0,96,0,40,0,20,0,13,0,11,
0,124,255,167,255,190,255,173,3,150,252,166,6,110,251,220,253,158,191,0,255,1,9,0,241,0,96,0,40,0,19,0,13,0,11,
0,106,255,123,255,216,255,173,3,150,252,166,6,107,253,51,253,9,192,0,255,1,8,0,241,0,97,0,41,0,20,0,13,0,11,
0,106,255,123,255,216,255,173,3,150,252,166,6,185,252,155,252,165,188,0,254,1,9,0,242,0,97,0,41,0,19,0,13,0,11,
0,116,255,160,255,233,255,173,3,150,252,166,6,185,252,155,252,165,188,0,254,1,9,0,243,0,98,0,41,0,19,0,13,0,11,
0,102,255,195,255,238,255,234,3,19,252,171,6,7,252,118,253,202,191,0,254,1,9,0,243,0,98,0,40,0,19,0,12,0,11,
0,102,255,195,255,226,255,234,3,19,252,171,6,102,253,39,253,89,191,0,254,1,9,0,244,0,98,0,41,0,19,0,13,0,11,
0,104,255,169,255,226,255,234,3,19,252,171,6,141,252,156,252,155,189,0,253,1,9,0,244,0,99,0,42,0,20,0,14,0,12,
0,108,255,143,255,220,255,234,3,19,252,171,6,141,252,238,252,187,191,0,253,1,9,0,244,0,99,0,42,0,19,0,13,0,11,
0,125,255,128,255,243,255,234,3,19,252,171,6,12,252,238,252,187,191,0,252,1,9,0,244,0,99,0,42,0,20,0,14,0,12,
0,125,255,128,255,243,255,234,3,19,252,171,6,251,252,155,252,246,190,0,253,1,10,0,245,0,99,0,42,0,19,0,13,0,11,
0,137,255,127,255,238,255,234,3,19,252,171,6,12,253,5,252,2,190,0,252,1,9,0,245,0,100,0,43,0,20,0,14,0,12,
0,121,255,131,255,238,255,234,3,19,252,171,6,219,251,186,252,190,191,0,252,1,10,0,246,0,99,0,42,0,19,0,13,0,11,
0,139,255,140,255,1,0,234,3,19,252,171,6,219,251,186,252,65,192,0,251,1,9,0,246,0,100,0,42,0,20,0,13,0,11,
0,139,255,140,255,1,0,234,3,19,252,171,6,102,253,34,252,65,192,0,251,1,9,0,246,0,100,0,42,0,20,0,14,0,12,
0,119,255,134,255,27,0,137,3,76,252,46,6,53,253,160,251,144,190,0,252,1,10,0,247,0,100,0,42,0,19,0,13,0,11,
0,105,255,141,255,42,0,137,3,76,252,46,6,217,252,146,251,18,191,0,251,1,9,0,247,0,101,0,43,0,20,0,14,0,12,
0,96,255,131,255,34,0,137,3,76,252,46,6,217,252,184,251,110,190,0,251,1,10,0,247,0,100,0,42,0,20,0,13,0,11,
0,96,255,131,255,34,0,137,3,76,252,46,6,46,252,184,251,110,190,0,250,1,9,0,247,0,101,0,43,0,20,0,13,0,12,
0,82,255,118,255,43,0,137,3,76,252,46,6,221,252,122,251,172,192,0,250,1,9,0,247,0,101,0,43,0,20,0,13,0,11,
0,78,255,119,255,57,0,137,3,76,252,46,6,79,253,198,250,33,190,0,251,1,9,0,247,0,100,0,42,0,19,0,13,0,11,
0,78,255,119,255,50,0,137,3,76,252,46,6,79,251,30,251,45,189,0,250,1,9,0,246,0,101,0,43,0,20,0,13,0,11,
0,109,255,130,255,50,0,137,3,76,252,46,6,79,251,30,251,83,195,0,250,1,9,0,246,0,100,0,42,0,19,0,13,0,11,
0,111,255,112,255,37,0,137,3,76,252,46,6,31,253,73,251,83,195,0,249,1,9,0,245,0,101,0,43,0,20,0,13,0,11,
0,121,255,95,255,38,0,137,3,76,252,46,6,80,253,64,250,77,189,0,249,1,9,0,245,0,101,0,43,0,20,0,13,0,11,
0,121,255,95,255,38,0,137,3,76,252,46,6,76,251,129,251,33,192,0,249,1,8,0,244,0,101,0,43,0,20,0,14,0,11,
0,71,255,75,255,42,0,181,3,107,252,201,6,123,252,230,250,25,193,0,249,1,8,0,244,0,100,0,43,0,20,0,14,0,11,
0,58,255,60,255,28,0,181,3,107,252,201,6,123,252,230,250,25,193,0,250,1,8,0,243,0,99,0,42,0,19,0,13,0,11,
0,68,255,83,255,29,0,181,3,107,252,201,6,197,252,36,250,230,190,0,249,1,8,0,243,0,100,0,42,0,19,0,13,0,11,
0,68,255,83,255,29,0,181,3,107,252,201,6,0,252,143,250,82,190,0,249,1,8,0,241,0,99,0,42,0,20,0,14,0,12,
0,60,255,75,255,33,0,181,3,107,252,201,6,139,251,225,250,100,192,0,249,1,8,0,241,0,99,0,42,0,19,0,13,0,11,
0,62,255,86,255,21,0,181,3,107,252,201,6,139,251,147,250,10,192,0,249,1,7,0,239,0,99,0,43,0,18,0,13,0,12,
0,45,255,102,255,26,0,181,3,107,252,201,6,19,252,147,250,10,192,0,249,1,8,0,239,0,98,0,42,0,17,0,13,0,11,
0,45,255,102,255,26,0,181,3,107,252,201,6,7,252,36,250,39,191,0,249,1,6,0,238,0,99,0,43,0,19,0,13,0,12,
0,18,255,84,255,24,0,181,3,107,252,201,6,211,251,61,250,111,190,0,249,1,6,0,238,0,98,0,42,0,19,0,13,0,11,
0,40,255,79,255,27,0,181,3,107,252,201,6,39,251,231,250,26,191,0,249,1,7,0,237,0,98,0,42,0,19,0,13,0,11,
0,40,255,79,255,22,0,159,3,109,252,205,6,39,251,231,250,26,193,0,249,1,7,0,236,0,97,0,36,0,18,0,14,0,12,
0,61,255,86,255,22,0,159,3,109,252,205,6,251,251,188,250,143,193,0,249,1,7,0,236,0,97,0,37,0,17,0,13,0,11,
0,29,255,105,255,5,0,159,3,109,252,205,6,46,252,9,250,162,190,0,249,1,7,0,235,0,96,0,38,0,17,0,13,0,11,
0,31,255,99,255,28,0,159,3,109,252,205,6,94,251,95,250,47,190,0,249,1,6,0,234,0,96,0,39,0,17,0,13,0,12,
0,31,255,99,255,28,0,159,3,109,252,205,6,94,251,147,250,22,192,0,249,1,7,0,233,0,95,0,39,0,17,0,13,0,11,
0,53,255,59,255,41,0,159,3,109,252,205,6,101,251,147,250,22,192,0,249,1,6,0,232,0,95,0,39,0,17,0,12,0,11,
0,31,255,48,255,24,0,159,3,109,252,205,6,170,251,124,250,51,192,0,249,1,6,0,232,0,95,0,40,0,18,0,13,0,11,
0,33,255,57,255,33,0,159,3,109,252,205,6,60,252,150,250,76,191,0,249,1,6,0,232,0,95,0,40,0,17,0,12,0,11,
0,33,255,57,255,33,0,159,3,109,252,205,6,53,251,118,250,175,189,0,248,1,6,0,232,0,95,0,40,0,18,0,13,0,11,
0,65,255,38,255,9,0,159,3,109,252,205,6,53,251,118,250,166,190,0,249,1,6,0,232,0,94,0,40,0,17,0,12,0,11,
0,41,255,47,255,8,0,180,3,56,252,122,7,116,250,160,250,166,190,0,248,1,6,0,231,0,94,0,40,0,18,0,13,0,11,
0,23,255,38,255,6,0,180,3,56,252,122,7,109,250,33,251,69,192,0,248,1,7,0,230,0,93,0,40,0,17,0,12,0,11,
0,23,255,38,255,6,0,180,3,56,252,122,7,50,251,29,251,53,192,0,248,1,6,0,228,0,93,0,40,0,18,0,12,0,11,
0,50,255,45,255,2,0,180,3,56,252,122,7,50,252,197,250,53,191,0,249,1,6,0,228,0,93,0,40,0,17,0,12,0,11,
0,38,255,38,255,2,0,180,3,56,252,122,7,24,252,197,250,53,191,0,249,1,5,0,228,0,93,0,40,0,18,0,13,0,11,
0,38,255,38,255,0,0,180,3,56,252,122,7,144,251,182,250,193,188,0,248,1,5,0,228,0,93,0,40,0,19,0,13,0,12,
0,34,255,51,255,0,0,180,3,56,252,122,7,96,249,108,251,200,190,0,248,1,6,0,229,0,92,0,39,0,17,0,13,0,11,
0,11,255,69,255,248,255,180,3,56,252,122,7,119,251,46,251,21,193,0,247,1,5,0,228,0,93,0,40,0,18,0,13,0,12,
0,34,255,79,255,225,255,180,3,56,252,122,7,119,251,46,251,145,188,0,247,1,6,0,228,0,92,0,40,0,18,0,13,0,11,
0,34,255,79,255,225,255,180,3,56,252,122,7,38,252,83,250,145,188,0,248,1,6,0,227,0,92,0,40,0,17,0,12,0,11,
0,251,254,101,255,218,255,195,3,46,252,13,7,249,249,167,251,93,190,0,248,1,5,0,225,0,92,0,40,0,18,0,13,0,12,
0,238,254,102,255,205,255,195,3,46,252,13,7,66,250,150,251,125,192,0,249,1,5,0,226,0,91,0,39,0,17,0,12,0,11,
0,250,254,118,255,244,255,195,3,46,252,13,7,147,251,83,251,32,191,0,248,1,5,0,227,0,92,0,43,0,19,0,13,0,11,
0,250,254,118,255,244,255,195,3,46,252,13,7,147,251,83,251,32,191,0,248,1,5,0,228,0,92,0,42,0,18,0,13,0,11,
0,3,255,132,255,239,255,195,3,46,252,13,7,5,251,238,250,174,188,0,247,1,5,0,228,0,92,0,41,0,19,0,13,0,11,
0,18,255,121,255,188,255,195,3,46,252,13,7,138,249,116,251,38,190,0,247,1,5,0,228,0,92,0,41,0,19,0,13,0,11,
0,240,254,134,255,183,255,195,3,46,252,13,7,6,251,177,251,56,192,0,248,1,6,0,228,0,91,0,40,0,17,0,12,0,10,
0,240,254,134,255,183,255,195,3,46,252,13,7,6,251,77,251,131,189,0,248,1,5,0,227,0,92,0,40,0,18,0,13,0,11,
0,38,255,142,255,181,255,195,3,46,252,13,7,147,251,77,251,131,189,0,248,1,5,0,227,0,91,0,40,0,18,0,13,0,11,
0,45,255,138,255,174,255,195,3,46,252,13,7,40,250,133,251,36,189,0,248,1,5,0,228,0,91,0,39,0,17,0,12,0,11,
0,45,255,138,255,169,255,195,3,46,252,13,7,138,250,249,251,56,191,0,247,1,5,0,229,0,92,0,40,0,18,0,13,0,11,
0,243,254,142,255,169,255,183,3,77,252,6,7,120,251,156,251,158,190,0,247,1,6,0,230,0,92,0,39,0,17,0,12,0,11,
0,236,254,155,255,182,255,183,3,77,252,6,7,120,251,156,251,173,188,0,247,1,6,0,230,0,92,0,40,0,17,0,12,0,11,
0,248,254,163,255,223,255,183,3,77,252,6,7,186,250,145,251,173,188,0,247,1,6,0,230,0,92,0,40,0,18,0,13,0,11,
0,248,254,163,255,223,255,183,3,77,252,6,7,99,250,247,251,224,190,0,247,1,6,0,230,0,92,0,39,0,18,0,13,0,11,
0,220,254,155,255,230,255,183,3,77,252,6,7,14,251,0,252,111,190,0,246,1,5,0,229,0,93,0,40,0,18,0,13,0,11,
0,240,254,154,255,230,255,183,3,77,252,6,7,14,251,186,251,85,189,0,247,1,6,0,230,0,92,0,39,0,17,0,12,0,11,
0,21,255,165,255,217,255,183,3,77,252,6,7,16,251,186,251,85,189,0,246,1,6,0,230,0,93,0,40,0,17,0,13,0,11,
0,21,255,165,255,217,255,183,3,77,252,6,7,152,250,168,251,133,189,0,246,1,6,0,232,0,93,0,40,0,18,0,13,0,12,
0,74,255,195,255,221,255,183,3,77,252,6,7,209,250,245,251,63,189,0,246,1,6,0,232,0,93,0,39,0,17,0,12,0,12,
0,59,255,225,255,221,255,183,3,77,252,6,7,135,250,201,251,19,190,0,245,1,6,0,233,0,94,0,40,0,18,0,13,0,12,
0,56,255,225,255,212,255,170,3,164,252,162,6,135,250,201,251,7,191,0,245,1,8,0,233,0,93,0,40,0,17,0,12,0,11,
0,56,255,243,255,212,255,170,3,164,252,162,6,251,250,38,252,7,191,0,245,1,7,0,233,0,94,0,40,0,17,0,12,0,11,
0,34,255,2,0,183,255,170,3,164,252,162,6,93,251,2,252,24,191,0,245,1,7,0,233,0,94,0,40,0,18,0,13,0,11,
0,37,255,40,0,192,255,170,3,164,252,162,6,163,251,134,251,69,189,0,245,1,8,0,234,0,94,0,40,0,17,0,12,0,11,
0,37,255,40,0,214,255,170,3,164,252,162,6,252,250,248,251,217,188,0,245,1,7,0,234,0,94,0,40,0,18,0,13,0,11,
0,78,255,51,0,214,255,170,3,164,252,162,6,252,250,248,251,217,188,0,245,1,8,0,235,0,94,0,39,0,17,0,12,0,11,
0,96,255,45,0,225,255,170,3,164,252,162,6,178,250,162,251,214,189,0,244,1,8,0,235,0,95,0,40,0,18,0,13,0,11,
0,98,255,35,0,217,255,170,3,164,252,162,6,252,250,14,252,86,190,0,244,1,8,0,236,0,95,0,40,0,18,0,13,0,11,
0,98,255,35,0,217,255,170,3,164,252,162,6,228,250,10,252,77,190,0,245,1,8,0,237,0,94,0,40,0,17,0,12,0,11,
0,89,255,51,0,212,255,170,3,164,252,162,6,228,250,10,251,24,190,0,244,1,8,0,237,0,95,0,40,0,18,0,13,0,11,
0,88,255,81,0,245,255,165,3,129,252,198,6,114,251,147,251,24,190,0,245,1,8,0,238,0,95,0,40,0,17,0,12,0,11,
0,94,255,115,0,213,255,165,3,129,252,198,6,76,251,229,251,49,190,0,244,1,8,0,238,0,96,0,40,0,18,0,12,0,11,
0,94,255,115,0,213,255,165,3,129,252,198,6,128,251,204,251,60,189,0,244,1,8,0,238,0,96,0,41,0,18,0,13,0,12,
0,129,255,145,0,193,255,165,3,129,252,198,6,217,251,67,251,44,190,0,244,1,9,0,239,0,96,0,40,0,18,0,13,0,12,
0,152,255,131,0,197,255,165,3,129,252,198,6,217,251,67,251,44,190,0,244,1,9,0,239,0,96,0,40,0,18,0,13,0,11,
0,150,255,131,0,217,255,165,3,129,252,198,6,221,251,104,251,128,189,0,244,1,8,0,239,0,97,0,41,0,19,0,13,0,12,
0,150,255,145,0,217,255,165,3,129,252,198,6,243,250,79,251,77,189,0,244,1,9,0,239,0,97,0,41,0,18,0,13,0,11,
0,128,255,156,0,208,255,165,3,129,252,198,6,66,251,145,251,253,191,0,243,1,8,0,239,0,97,0,41,0,19,0,13,0,11,
0,107,255,154,0,218,255,165,3,129,252,198,6,66,251,233,250,110,191,0,243,1,9,0,240,0,97,0,41,0,20,0,13,0,11,
0,107,255,154,0,222,255,165,3,129,252,198,6,51,252,233,250,110,191,0,243,1,8,0,240,0,97,0,41,0,20,0,14,0,12,
0,135,255,170,0,222,255,180,3,67,252,135,6,35,252,27,250,80,188,0,243,1,9,0,241,0,97,0,41,0,19,0,13,0,11,
0,175,255,137,0,232,255,180,3,67,252,135,6,246,251,130,250,65,189,0,242,1,9,0,241,0,98,0,41,0,19,0,13,0,11,
0,159,255,117,0,199,255,180,3,67,252,135,6,123,251,135,250,206,189,0,241,1,9,0,241,0,98,0,41,0,20,0,14,0,12,
0,159,255,117,0,199,255,180,3,67,252,135,6,123,251,135,250,206,190,0,241,1,9,0,242,0,98,0,41,0,20,0,14,0,11,
0,227,255,105,0,216,255,180,3,67,252,135,6,58,251,162,250,206,190,0,240,1,9,0,242,0,98,0,42,0,20,0,13,0,11,
0,205,255,109,0,209,255,180,3,67,252,135,6,210,251,167,250,190,190,0,240,1,9,0,243,0,98,0,41,0,19,0,12,0,11,
0,142,255,130,0,211,255,180,3,67,252,135,6,102,252,77,250,112,190,0,239,1,9,0,243,0,98,0,41,0,19,0,12,0,11,
0,142,255,130,0,211,255,180,3,67,252,135,6,102,252,85,250,116,190,0,238,1,9,0,243,0,99,0,42,0,20,0,13,0,11,
0,120,255,130,0,209,255,180,3,67,252,135,6,108,252,85,250,116,190,0,238,1,9,0,243,0,98,0,41,0,19,0,13,0,11,
0,135,255,86,0,214,255,180,3,67,252,135,6,43,252,18,250,149,189,0,237,1,9,0,243,0,99,0,42,0,20,0,13,0,11,
0,142,255,86,0,223,255,180,3,67,252,135,6,27,252,17,250,109,190,0,236,1,9,0,243,0,98,0,41,0,19,0,13,0,11,
0,142,255,102,0,223,255,133,3,76,252,169,6,178,251,209,249,218,190,0,235,1,9,0,243,0,99,0,42,0,19,0,13,0,11,
0,142,255,110,0,214,255,133,3,76,252,169,6,178,251,209,249,143,191,0,235,1,9,0,243,0,99,0,42,0,20,0,13,0,12,
0,139,255,105,0,206,255,133,3,76,252,169,6,61,252,157,249,143,191,0,235,1,9,0,243,0,99,0,42,0,20,0,14,0,12,
0,139,255,105,0,215,255,133,3,76,252,169,6,125,252,127,249,56,190,0,234,1,8,0,242,0,99,0,42,0,20,0,13,0,12,
0,141,255,104,0,215,255,133,3,76,252,169,6,121,251,53,249,107,189,0,233,1,8,0,243,0,99,0,42,0,19,0,13,0,11,
0,172,255,133,0,197,255,133,3,76,252,169,6,142,251,134,249,131,191,0,232,1,8,0,241,0,99,0,42,0,19,0,13,0,11,
0,158,255,161,0,176,255,133,3,76,252,169,6,142,251,134,249,131,191,0,232,1,8,0,241,0,99,0,42,0,20,0,14,0,12,
0,158,255,161,0,176,255,133,3,76,252,169,6,10,252,69,249,100,191,0,231,1,7,0,240,0,99,0,42,0,20,0,14,0,12,
0,183,255,113,0,191,255,133,3,76,252,169,6,54,252,85,249,149,189,0,231,1,6,0,240,0,98,0,42,0,20,0,14,0,12,
0,120,255,88,0,189,255,133,3,76,252,169,6,150,251,73,249,107,189,0,230,1,7,0,240,0,98,0,41,0,19,0,13,0,11,
0,70,255,61,0,164,255,190,3,95,252,226,6,150,251,42,249,118,191,0,230,1,6,0,239,0,98,0,42,0,17,0,13,0,11,
0,70,255,61,0,164,255,190,3,95,252,226,6,93,251,42,249,118,191,0,229,1,5,0,239,0,98,0,42,0,18,0,13,0,11,
0,74,255,66,0,147,255,190,3,95,252,226,6,191,251,95,249,149,191,0,229,1,5,0,238,0,98,0,42,0,19,0,13,0,11,
0,94,255,85,0,150,255,190,3,95,252,226,6,10,252,44,249,186,189,0,229,1,5,0,237,0,97,0,41,0,18,0,13,0,11,
0,94,255,85,0,174,255,190,3,95,252,226,6,191,251,231,248,18,189,0,229,1,4,0,237,0,96,0,41,0,17,0,12,0,11,
0,127,255,69,0,174,255,190,3,95,252,226,6,191,251,231,248,18,189,0,228,1,3,0,236,0,97,0,41,0,18,0,12,0,11,
0,120,255,68,0,176,255,190,3,95,252,226,6,42,251,98,249,97,190,0,228,1,3,0,235,0,96,0,41,0,19,0,13,0,11,
0,148,255,54,0,170,255,190,3,95,252,226,6,192,250,162,249,214,191,0,228,1,3,0,235,0,95,0,35,0,17,0,13,0,12,
0,148,255,54,0,161,255,190,3,95,252,226,6,164,251,78,249,139,191,0,228,1,3,0,234,0,95,0,36,0,16,0,13,0,11,
0,171,255,43,0,161,255,190,3,95,252,226,6,164,251,13,249,224,189,0,228,1,2,0,233,0,96,0,38,0,17,0,13,0,11,
0,151,255,17,0,170,255,92,3,160,252,100,6,216,251,13,249,224,189,0,228,1,1,0,232,0,95,0,38,0,17,0,12,0,11,
0,195,255,249,255,156,255,92,3,160,252,100,6,93,251,134,249,149,189,0,228,1,1,0,232,0,95,0,39,0,18,0,13,0,11,
0,195,255,249,255,156,255,92,3,160,252,100,6,69,250,145,249,99,189,0,228,1,0,0,232,0,94,0,39,0,17,0,13,0,11,
0,151,255,242,255,101,255,92,3,160,252,100,6,163,250,173,249,198,191,0,229,1,0,0,231,0,94,0,39,0,17,0,12,0,11,
0,145,255,235,255,87,255,92,3,160,252,100,6,163,250,173,249,74,191,0,229,0,255,0,230,0,94,0,40,0,18,0,13,0,12,
0,170,255,248,255,114,255,92,3,160,252,100,6,225,251,138,249,74,191,0,229,0,255,0,229,0,94,0,40,0,17,0,13,0,11,
0,170,255,248,255,114,255,92,3,160,252,100,6,134,251,62,249,87,187,0,229,0,254,0,228,0,94,0,40,0,18,0,13,0,12,
0,153,255,8,0,147,255,92,3,160,252,100,6,139,249,238,249,150,189,0,230,0,254,0,228,0,93,0,40,0,17,0,13,0,11,
0,164,255,237,255,113,255,92,3,160,252,100,6,139,250,241,249,123,192,0,230,0,253,0,227,0,93,0,40,0,18,0,13,0,12,
0,164,255,237,255,69,255,92,3,160,252,100,6,231,250,241,249,123,192,0,231,0,253,0,227,0,92,0,39,0,17,0,12,0,11,
0,130,255,242,255,69,255,186,3,56,252,41,7,36,252,91,249,87,188,0,231,0,252,0,226,0,92,0,40,0,18,0,13,0,11,
0,137,255,217,255,29,255,186,3,56,252,41,7,112,251,184,249,85,189,0,231,0,252,0,226,0,92,0,40,0,18,0,13,0,11,
0,130,255,205,255,34,255,186,3,56,252,41,7,221,249,105,250,24,191,0,232,0,252,0,226,0,91,0,39,0,17,0,12,0,11,
0,130,255,205,255,39,255,186,3,56,252,41,7,221,249,105,250,11,192,0,232,0,252,0,226,0,91,0,39,0,17,0,12,0,11,
0,104,255,196,255,39,255,186,3,56,252,41,7,159,251,32,250,11,192,0,232,0,251,0,225,0,92,0,39,0,18,0,13,0,11,
0,118,255,173,255,28,255,186,3,56,252,41,7,226,251,117,249,36,189,0,233,0,251,0,225,0,91,0,38,0,17,0,12,0,11,
0,126,255,166,255,38,255,186,3,56,252,41,7,121,250,206,249,68,188,0,233,0,251,0,225,0,91,0,39,0,18,0,13,0,11,
0,126,255,166,255,38,255,186,3,56,252,41,7,216,249,58,250,229,189,0,234,0,251,0,225,0,91,0,38,0,17,0,12,0,11,
0,125,255,170,255,25,255,186,3,56,252,41,7,216,249,58,250,229,189,0,235,0,251,0,225,0,90,0,38,0,17,0,12,0,11,
0,152,255,180,255,10,255,186,3,56,252,41,7,36,251,117,250,231,192,0,235,0,250,0,225,0,91,0,43,0,19,0,13,0,11,
0,129,255,182,255,11,255,186,3,124,252,119,6,48,252,195,249,139,189,0,235,0,250,0,226,0,91,0,42,0,18,0,12,0,11,
0,129,255,182,255,11,255,126,3,124,252,119,6,57,251,240,249,163,188,0,235,0,250,0,226,0,91,0,41,0,19,0,13,0,11,
0,110,255,165,255,17,255,126,3,124,252,119,6,57,251,141,250,245,189,0,236,0,250,0,227,0,91,0,40,0,18,0,13,0,11,
0,97,255,166,255,33,255,126,3,124,252,119,6,233,249,141,250,245,189,0,236,0,251,0,227,0,91,0,40,0,18,0,12,0,11,
0,97,255,166,255,22,255,126,3,124,252,119,6,87,251,147,250,116,192,0,236,0,250,0,227,0,92,0,40,0,19,0,13,0,12,
0,140,255,145,255,22,255,126,3,124,252,119,6,57,252,184,249,22,190,0,237,0,251,0,228,0,91,0,40,0,18,0,13,0,11,
0,182,255,130,255,247,254,126,3,124,252,119,6,110,251,213,249,95,188,0,237,0,251,0,228,0,92,0,40,0,18,0,13,0,12,
0,162,255,139,255,238,254,126,3,124,252,119,6,110,251,213,249,222,190,0,238,0,251,0,229,0,92,0,40,0,18,0,13,0,12,
0,162,255,139,255,238,254,126,3,124,252,119,6,201,249,226,250,222,190,0,238,0,251,0,230,0,91,0,39,0,17,0,13,0,11,
0,159,255,137,255,235,254,126,3,124,252,119,6,149,251,58,250,57,193,0,238,0,251,0,230,0,92,0,40,0,18,0,13,0,11,
0,132,255,113,255,233,254,126,3,124,252,119,6,119,252,166,249,69,189,0,238,0,251,0,231,0,92,0,39,0,17,0,12,0,11,
0,164,255,83,255,242,254,84,3,129,252,217,6,119,252,218,249,251,188,0,238,0,251,0,231,0,93,0,40,0,18,0,13,0,11,
0,164,255,83,255,242,254,84,3,129,252,217,6,154,251,218,249,251,188,0,238,0,251,0,232,0,93,0,40,0,18,0,13,0,11,
0,163,255,83,255,236,254,84,3,129,252,217,6,148,250,56,250,247,191,0,238,0,251,0,232,0,93,0,40,0,18,0,13,0,11,
0,149,255,109,255,243,254,84,3,129,252,217,6,245,251,2,250,75,192,0,239,0,252,0,233,0,93,0,39,0,17,0,12,0,11,
0,145,255,105,255,253,254,84,3,129,252,217,6,18,252,78,249,149,188,0,238,0,252,0,233,0,93,0,39,0,17,0,12,0,11,
0,145,255,105,255,253,254,84,3,129,252,217,6,18,252,78,249,161,190,0,238,0,251,0,234,0,94,0,40,0,18,0,13,0,11,
0,127,255,112,255,244,254,84,3,129,252,217,6,199,250,8,250,161,190,0,239,0,252,0,234,0,94,0,40,0,17,0,12,0,11,
0,127,255,133,255,248,254,84,3,129,252,217,6,76,251,23,250,122,193,0,239,0,252,0,235,0,94,0,40,0,17,0,12,0,11,
0,127,255,133,255,244,254,84,3,129,252,217,6,65,252,153,249,145,191,0,238,0,252,0,235,0,95,0,40,0,18,0,13,0,11,
0,147,255,143,255,244,254,84,3,129,252,217,6,0,252,224,248,93,189,0,238,0,252,0,236,0,95,0,40,0,17,0,12,0,11,
0,165,255,124,255,237,254,174,3,107,252,232,6,0,252,224,248,93,189,0,239,0,252,0,236,0,95,0,40,0,18,0,13,0,11,
0,182,255,101,255,236,254,174,3,107,252,232,6,248,250,121,249,40,190,0,239,0,253,0,237,0,95,0,40,0,17,0,13,0,11,
0,182,255,101,255,236,254,174,3,107,252,232,6,234,250,17,250,189,191,0,238,0,252,0,237,0,96,0,40,0,18,0,13,0,12,
0,138,255,77,255,20,255,174,3,107,252,232,6,68,251,132,249,123,193,0,239,0,253,0,238,0,96,0,40,0,17,0,13,0,12,
0,107,255,56,255,25,255,174,3,107,252,232,6,68,251,132,248,162,191,0,239,0,253,0,238,0,96,0,40,0,18,0,12,0,11,
0,136,255,65,255,13,255,174,3,107,252,232,6,61,252,224,248,162,191,0,239,0,253,0,239,0,96,0,40,0,18,0,13,0,12,
0,136,255,65,255,13,255,174,3,107,252,232,6,6,252,240,248,34,189,0,239,0,253,0,239,0,97,0,40,0,18,0,13,0,11,
0,137,255,79,255,13,255,174,3,107,252,232,6,141,250,67,249,154,190,0,239,0,253,0,238,0,96,0,40,0,18,0,13,0,11,
0,116,255,55,255,20,255,174,3,107,252,232,6,237,250,130,249,146,192,0,238,0,253,0,238,0,97,0,41,0,19,0,13,0,12,
0,100,255,58,255,52,255,174,3,107,252,232,6,237,250,130,249,146,192,0,238,0,253,0,238,0,97,0,40,0,18,0,12,0,11,
0,100,255,58,255,52,255,159,3,118,252,116,6,85,252,21,249,210,192,0,238,0,253,0,238,0,97,0,41,0,19,0,13,0,11,
0,161,255,51,255,49,255,159,3,118,252,116,6,37,252,105,248,246,189,0,238,0,254,0,238,0,96,0,40,0,18,0,12,0,11,
0,194,255,40,255,43,255,159,3,118,252,116,6,105,249,247,248,168,190,0,237,0,253,0,237,0,97,0,41,0,19,0,13,0,11,
0,194,255,40,255,58,255,159,3,118,252,116,6,105,249,216,248,114,194,0,238,0,254,0,237,0,96,0,40,0,17,0,12,0,11,
0,98,255,51,255,58,255,159,3,118,252,116,6,210,251,216,248,114,194,0,237,0,254,0,237,0,96,0,40,0,17,0,12,0,10,
0,103,255,27,255,61,255,159,3,118,252,116,6,203,251,81,248,225,189,0,237,0,253,0,236,0,96,0,41,0,19,0,13,0,11,
0,107,255,32,255,37,255,159,3,118,252,116,6,100,249,235,248,232,189,0,237,0,254,0,235,0,96,0,41,0,18,0,13,0,11,
0,107,255,32,255,37,255,159,3,118,252,116,6,223,251,208,248,242,193,0,237,0,253,0,235,0,96,0,41,0,19,0,13,0,11,
0,83,255,37,255,35,255,159,3,118,252,116,6,223,251,208,248,16,191,0,237,0,254,0,235,0,95,0,40,0,17,0,13,0,11,
0,96,255,27,255,25,255,159,3,118,252,116,6,253,250,96,248,16,191,0,237,0,254,0,234,0,96,0,40,0,18,0,13,0,11,
0,106,255,21,255,26,255,115,3,94,252,236,6,184,250,182,248,69,191,0,237,0,254,0,233,0,96,0,41,0,19,0,13,0,12,
0,106,255,21,255,26,255,115,3,94,252,236,6,38,251,11,249,247,192,0,236,0,254,0,233,0,95,0,41,0,19,0,13,0,12,
0,98,255,17,255,47,255,115,3,94,252,236,6,38,250,121,248,174,191,0,236,0,254,0,232,0,95,0,41,0,19,0,13,0,12,
0,58,255,12,255,70,255,115,3,94,252,236,6,144,250,121,248,174,191,0,237,0,254,0,232,0,94,0,40,0,18,0,12,0,11,
0,57,255,238,254,88,255,115,3,94,252,236,6,113,250,155,248,146,190,0,236,0,253,0,231,0,95,0,41,0,19,0,13,0,11,
0,57,255,238,254,88,255,115,3,94,252,236,6,83,250,6,249,58,192,0,236,0,253,0,230,0,94,0,40,0,19,0,13,0,11,
0,44,255,244,254,73,255,115,3,94,252,236,6,96,250,155,248,54,191,0,237,0,253,0,230,0,94,0,40,0,18,0,13,0,11,
0,38,255,245,254,72,255,115,3,94,252,236,6,96,250,155,248,136,190,0,236,0,253,0,229,0,93,0,40,0,18,0,12,0,11,
0,38,255,245,254,81,255,115,3,94,252,236,6,81,250,186,248,136,190,0,236,0,253,0,227,0,94,0,40,0,19,0,13,0,11,
0,46,255,252,254,81,255,115,3,94,252,236,6,140,249,2,249,120,191,0,237,0,253,0,227,0,92,0,40,0,17,0,13,0,11,
0,82,255,2,255,76,255,115,3,94,252,236,6,93,250,243,248,146,192,0,237,0,252,0,225,0,93,0,40,0,18,0,13,0,11,
0,82,255,244,254,101,255,131,3,145,252,39,7,220,249,154,248,156,191,0,237,0,252,0,225,0,92,0,39,0,17,0,12,0,11,
0,82,255,244,254,101,255,131,3,145,252,39,7,220,249,154,248,156,191,0,237,0,252,0,224,0,92,0,40,0,18,0,13,0,11,
0,61,255,2,255,95,255,131,3,145,252,39,7,216,249,211,248,208,189,0,237,0,252,0,223,0,91,0,38,0,19,0,12,0,11,
0,83,255,0,255,91,255,131,3,145,252,39,7,29,249,24,249,107,191,0,237,0,251,0,222,0,91,0,38,0,19,0,13,0,11,
0,58,255,244,254,101,255,131,3,145,252,39,7,10,250,74,249,75,192,0,237,0,251,0,221,0,90,0,39,0,19,0,13,0,11,
0,58,255,244,254,101,255,131,3,145,252,39,7,10,250,205,248,120,189,0,238,0,251,0,220,0,89,0,38,0,18,0,13,0,11,
0,19,255,16,255,69,255,131,3,145,252,39,7,32,250,205,248,120,189,0,237,0,251,0,219,0,89,0,38,0,19,0,13,0,11,
0,45,255,35,255,68,255,131,3,145,252,39,7,205,248,139,249,248,189,0,238,0,251,0,219,0,89,0,37,0,18,0,12,0,11,
0,48,255,35,255,78,255,131,3,145,252,39,7,202,248,123,249,206,192,0,237,0,250,0,217,0,88,0,38,0,17,0,12,0,11,
0,48,255,28,255,78,255,131,3,145,252,39,7,6,250,245,248,221,191,0,238,0,250,0,216,0,88,0,38,0,19,0,13,0,11,
0,53,255,27,255,91,255,158,3,81,252,201,6,6,250,245,248,97,190,0,237,0,250,0,216,0,87,0,37,0,18,0,13,0,11,
0,45,255,39,255,80,255,158,3,81,252,201,6,55,249,86,249,97,190,0,237,0,249,0,215,0,87,0,38,0,19,0,13,0,11,
0,45,255,39,255,63,255,158,3,81,252,201,6,106,248,169,249,107,189,0,237,0,250,0,215,0,87,0,37,0,17,0,12,0,11,
0,46,255,24,255,63,255,158,3,81,252,201,6,208,247,239,249,131,191,0,237,0,249,0,214,0,87,0,37,0,17,0,13,0,11,
0,54,255,23,255,49,255,158,3,81,252,201,6,208,247,142,249,104,191,0,237,0,249,0,213,0,86,0,31,0,17,0,14,0,12,
0,42,255,48,255,47,255,158,3,81,252,201,6,195,249,142,249,104,191,0,238,0,249,0,213,0,86,0,32,0,16,0,13,0,12,
0,42,255,48,255,47,255,158,3,81,252,201,6,153,248,93,249,94,188,0,237,0,249,0,213,0,86,0,34,0,17,0,13,0,12,
0,17,255,49,255,59,255,158,3,81,252,201,6,133,247,115,250,107,189,0,238,0,249,0,213,0,85,0,34,0,16,0,12,0,11,
0,228,254,29,255,55,255,158,3,81,252,201,6,85,248,98,250,240,191,0,238,0,249,0,213,0,86,0,35,0,17,0,13,0,11,
0,235,254,44,255,47,255,158,3,81,252,201,6,85,248,98,250,62,189,0,238,0,249,0,212,0,85,0,35,0,17,0,13,0,11,
0,235,254,44,255,47,255,172,3,61,252,241,6,231,249,169,249,62,189,0,238,0,249,0,213,0,85,0,35,0,17,0,13,0,11,
0,10,255,81,255,82,255,172,3,61,252,241,6,121,248,241,249,77,188,0,238,0,249,0,213,0,85,0,36,0,17,0,12,0,11,
0,44,255,104,255,73,255,172,3,61,252,241,6,121,247,26,251,44,190,0,238,0,249,0,214,0,84,0,35,0,16,0,12,0,11,
0,25,255,104,255,56,255,172,3,61,252,241,6,90,249,207,250,241,191,0,238,0,249,0,214,0,85,0,35,0,17,0,13,0,11,
0,25,255,110,255,56,255,172,3,61,252,241,6,90,249,207,250,241,191,0,238,0,249,0,215,0,85,0,36,0,17,0,13,0,11,
0,17,255,99,255,39,255,172,3,61,252,241,6,79,249,83,250,147,187,0,238,0,249,0,215,0,85,0,36,0,18,0,13,0,11,
0,43,255,99,255,24,255,172,3,61,252,241,6,41,247,9,251,45,189,0,238,0,249,0,216,0,86,0,36,0,17,0,13,0,11,
0,43,255,99,255,3,255,172,3,61,252,241,6,167,248,60,251,189,192,0,238,0,250,0,217,0,85,0,35,0,17,0,12,0,11,
0,83,255,100,255,3,255,172,3,61,252,241,6,167,248,60,250,220,189,0,238,0,249,0,217,0,86,0,36,0,18,0,13,0,11,
0,109,255,101,255,18,255,172,3,61,252,241,6,161,249,194,250,220,189,0,238,0,249,0,218,0,86,0,36,0,17,0,13,0,11,
0,90,255,118,255,64,255,180,3,124,252,227,6,238,248,136,250,205,186,0,238,0,249,0,219,0,87,0,36,0,18,0,13,0,12,
0,90,255,118,255,64,255,180,3,124,252,227,6,169,247,103,251,152,190,0,238,0,250,0,219,0,87,0,36,0,18,0,13,0,11,
0,107,255,117,255,37,255,180,3,124,252,227,6,150,249,29,251,254,191,0,238,0,250,0,221,0,87,0,36,0,17,0,12,0,11,
0,131,255,115,255,18,255,180,3,124,252,227,6,150,249,29,251,254,191,0,238,0,250,0,221,0,87,0,37,0,18,0,13,0,11,
0,126,255,126,255,62,255,180,3,124,252,227,6,87,249,194,250,19,188,0,238,0,250,0,222,0,88,0,37,0,18,0,13,0,11,
0,126,255,126,255,62,255,180,3,124,252,227,6,2,248,90,251,11,190,0,238,0,251,0,222,0,88,0,37,0,18,0,13,0,11,
0,118,255,128,255,70,255,180,3,124,252,227,6,0,250,4,251,97,190,0,238,0,251,0,223,0,89,0,41,0,19,0,13,0,11,
0,104,255,141,255,43,255,180,3,124,252,227,6,0,250,253,250,221,188,0,239,0,252,0,225,0,89,0,40,0,16,0,12,0,11,
0,120,255,141,255,27,255,180,3,124,252,227,6,142,248,253,250,221,188,0,238,0,251,0,225,0,90,0,40,0,17,0,12,0,11,
0,120,255,174,255,27,255,180,3,124,252,227,6,134,248,163,251,82,190,0,239,0,252,0,226,0,90,0,40,0,17,0,12,0,11,
0,134,255,194,255,34,255,180,3,124,252,227,6,200,249,37,251,156,190,0,239,0,252,0,227,0,90,0,40,0,18,0,13,0,11,
0,163,255,220,255,52,255,178,3,109,252,130,7,124,249,34,251,166,189,0,239,0,253,0,228,0,90,0,40,0,18,0,13,0,11,
0,163,255,220,255,54,255,178,3,109,252,130,7,124,249,34,251,135,189,0,239,0,254,0,229,0,90,0,38,0,17,0,12,0,10,
0,157,255,189,255,54,255,178,3,109,252,130,7,46,248,122,251,135,189,0,239,0,254,0,230,0,91,0,39,0,17,0,13,0,11,
0,133,255,183,255,66,255,178,3,109,252,130,7,5,250,24,251,198,191,0,239,0,254,0,231,0,92,0,39,0,18,0,12,0,11,
0,138,255,227,255,66,255,178,3,109,252,130,7,41,250,113,250,85,188,0,240,0,254,0,232,0,92,0,38,0,17,0,13,0,11,
0,138,255,227,255,66,255,178,3,109,252,130,7,41,248,196,250,222,188,0,240,0,255,0,233,0,92,0,38,0,17,0,12,0,11,
0,163,255,255,255,59,255,178,3,109,252,130,7,195,248,196,250,222,188,0,240,0,255,0,233,0,93,0,40,0,18,0,13,0,11,
0,194,255,220,255,64,255,178,3,109,252,130,7,214,248,79,251,16,192,0,240,0,255,0,234,0,93,0,39,0,17,0,12,0,11,
0,186,255,243,255,62,255,178,3,109,252,130,7,226,250,227,249,3,190,0,240,1,0,0,234,0,94,0,39,0,18,0,13,0,11,
0,186,255,243,255,62,255,178,3,109,252,130,7,78,249,77,250,0,188,0,240,1,0,0,235,0,94,0,40,0,18,0,13,0,11,
0,196,255,9,0,63,255,203,3,119,252,194,6,78,249,77,250,213,190,0,240,1,0,0,236,0,95,0,40,0,18,0,13,0,12,
0,198,255,244,255,53,255,203,3,119,252,194,6,211,248,210,250,213,190,0,241,1,1,0,237,0,94,0,40,0,17,0,12,0,11,
0,198,255,244,255,50,255,203,3,119,252,194,6,23,250,101,250,29,193,0,240,1,1,0,238,0,95,0,40,0,17,0,13,0,11,
0,208,255,253,255,50,255,203,3,119,252,194,6,8,251,121,249,205,188,0,241,1,1,0,238,0,96,0,40,0,18,0,13,0,11,
0,239,255,39,0,73,255,203,3,119,252,194,6,171,248,21,250,247,190,0,241,1,2,0,238,0,95,0,40,0,18,0,13,0,11,
0,241,255,43,0,110,255,203,3,119,252,194,6,171,248,21,250,247,190,0,241,1,2,0,238,0,96,0,41,0,18,0,13,0,11,
0,241,255,43,0,109,255,203,3,119,252,194,6,194,249,213,249,195,192,0,241,1,3,0,239,0,96,0,40,0,18,0,13,0,11,
0,207,255,44,0,109,255,203,3,119,252,194,6,127,250,1,249,147,188,0,241,1,2,0,239,0,96,0,40,0,17,0,12,0,11,
0,178,255,42,0,99,255,203,3,119,252,194,6,147,249,216,249,200,190,0,240,1,3,0,240,0,97,0,41,0,20,0,13,0,11,
0,196,255,51,0,108,255,203,3,119,252,194,6,147,249,61,249,104,191,0,241,1,4,0,240,0,97,0,40,0,19,0,13,0,11,
0,196,255,51,0,108,255,89,3,115,252,11,6,180,250,61,249,104,191,0,240,1,4,0,240,0,97,0,41,0,20,0,13,0,11,
0,246,255,37,0,102,255,89,3,115,252,11,6,71,250,33,249,232,190,0,241,1,4,0,240,0,97,0,40,0,19,0,13,0,11,
0,4,0,31,0,104,255,89,3,115,252,11,6,144,249,4,249,250,190,0,240,1,4,0,240,0,97,0,41,0,20,0,13,0,11,
0,208,255,29,0,131,255,89,3,115,252,11,6,73,250,85,249,77,191,0,240,1,4,0,240,0,97,0,41,0,19,0,13,0,11,
0,208,255,29,0,131,255,89,3,115,252,11,6,73,250,85,249,186,190,0,240,1,4,0,241,0,97,0,40,0,18,0,13,0,11,
0,194,255,34,0,147,255,89,3,115,252,11,6,16,251,191,248,186,190,0,240,1,4,0,241,0,97,0,41,0,19,0,12,0,11,
0,201,255,26,0,164,255,89,3,115,252,11,6,50,249,238,248,106,189,0,239,1,4,0,241,0,98,0,41,0,20,0,13,0,11,
0,201,255,26,0,165,255,89,3,115,252,11,6,84,250,232,248,215,192,0,240,1,4,0,240,0,97,0,41,0,19,0,13,0,11,
0,204,255,22,0,165,255,89,3,115,252,11,6,84,250,43,248,128,190,0,240,1,4,0,240,0,97,0,41,0,20,0,13,0,12,
0,201,255,31,0,151,255,89,3,115,252,11,6,136,251,43,248,128,190,0,240,1,4,0,239,0,97,0,41,0,17,0,13,0,11,
0,134,255,51,0,160,255,151,3,108,252,80,7,178,249,28,248,157,187,0,240,1,3,0,239,0,98,0,41,0,18,0,13,0,12,
0,134,255,51,0,143,255,151,3,108,252,80,7,117,249,219,248,76,193,0,241,1,4,0,239,0,97,0,41,0,18,0,12,0,11,
0,141,255,23,0,143,255,151,3,108,252,80,7,116,251,80,248,198,191,0,240,1,3,0,239,0,98,0,41,0,19,0,14,0,12,
0,138,255,11,0,165,255,151,3,108,252,80,7,116,251,80,248,47,188,0,240,1,3,0,238,0,98,0,42,0,19,0,13,0,12,
0,123,255,9,0,160,255,151,3,108,252,80,7,170,250,204,247,47,188,0,241,1,3,0,238,0,97,0,41,0,18,0,13,0,11,
0,123,255,9,0,160,255,151,3,108,252,80,7,56,249,142,248,67,190,0,240,1,3,0,237,0,97,0,42,0,19,0,14,0,12,
0,117,255,8,0,181,255,151,3,108,252,80,7,11,250,147,248,203,193,0,241,1,3,0,237,0,97,0,41,0,18,0,13,0,11,
0,127,255,255,255,197,255,151,3,108,252,80,7,116,251,184,247,243,189,0,241,1,2,0,236,0,97,0,42,0,19,0,13,0,11,
0,155,255,229,255,179,255,151,3,108,252,80,7,116,251,184,247,243,189,0,241,1,2,0,235,0,96,0,41,0,18,0,13,0,11,
0,155,255,229,255,179,255,151,3,108,252,80,7,201,249,210,247,243,188,0,242,1,2,0,235,0,96,0,40,0,17,0,12,0,11,
0,152,255,216,255,171,255,151,3,108,252,64,6,92,249,143,248,49,191,0,242,1,1,0,234,0,96,0,41,0,18,0,13,0,11,
0,138,255,208,255,189,255,143,3,124,252,64,6,76,250,117,248,238,192,0,243,1,1,0,233,0,95,0,40,0,17,0,12,0,11,
0,138,255,208,255,206,255,143,3,124,252,64,6,76,250,181,247,79,190,0,243,1,1,0,232,0,95,0,41,0,18,0,13,0,11,
0,119,255,194,255,206,255,143,3,124,252,64,6,196,250,181,247,79,190,0,244,1,1,0,232,0,95,0,40,0,18,0,13,0,11,
0,97,255,207,255,193,255,143,3,124,252,64,6,43,249,98,248,161,188,0,244,1,1,0,231,0,94,0,40,0,17,0,12,0,11,
0,117,255,200,255,196,255,143,3,124,252,64,6,174,249,127,248,32,192,0,245,1,0,0,230,0,95,0,40,0,18,0,13,0,11,
0,117,255,200,255,217,255,143,3,124,252,64,6,211,250,50,248,137,190,0,246,1,1,0,230,0,94,0,40,0,18,0,12,0,11,
0,76,255,196,255,217,255,143,3,124,252,64,6,211,250,50,248,137,188,0,246,1,0,0,229,0,94,0,40,0,18,0,13,0,11,
0,50,255,171,255,224,255,143,3,124,252,64,6,243,248,61,248,213,188,0,246,1,0,0,228,0,93,0,40,0,18,0,13,0,12,
0,66,255,171,255,211,255,143,3,124,252,64,6,196,249,83,248,102,191,0,247,1,0,0,228,0,92,0,40,0,17,0,12,0,11,
0,66,255,171,255,211,255,143,3,124,252,64,6,83,250,10,248,51,189,0,247,0,255,0,227,0,93,0,40,0,18,0,13,0,11,
0,97,255,176,255,244,255,105,3,139,252,102,6,83,250,138,248,112,190,0,248,0,255,0,226,0,92,0,40,0,18,0,13,0,11,
0,47,255,169,255,6,0,105,3,139,252,102,6,146,249,138,248,112,190,0,248,0,255,0,225,0,92,0,40,0,18,0,13,0,11,
0,41,255,182,255,19,0,105,3,139,252,102,6,127,249,220,248,192,191,0,248,0,255,0,225,0,92,0,40,0,18,0,13,0,11,
0,41,255,182,255,19,0,105,3,139,252,102,6,202,250,129,248,170,189,0,249,0,255,0,224,0,92,0,40,0,18,0,13,0,11,
0,58,255,160,255,240,255,105,3,139,252,102,6,198,249,99,248,116,188,0,249,0,254,0,223,0,91,0,39,0,20,0,13,0,11,
0,52,255,157,255,2,0,105,3,139,252,102,6,198,249,99,248,187,190,0,250,0,255,0,223,0,91,0,39,0,19,0,13,0,11,
0,52,255,157,255,22,0,105,3,139,252,102,6,176,248,11,249,187,190,0,250,0,254,0,223,0,91,0,39,0,19,0,13,0,11,
0,47,255,187,255,22,0,105,3,139,252,102,6,146,250,245,248,135,191,0,251,0,254,0,222,0,91,0,39,0,19,0,13,0,11,
0,46,255,195,255,0,0,105,3,139,252,102,6,232,249,124,248,221,186,0,251,0,253,0,222,0,90,0,39,0,19,0,13,0,11,
0,9,255,178,255,246,255,105,3,139,252,102,6,232,247,124,249,89,189,0,252,0,253,0,222,0,90,0,38,0,18,0,13,0,11,
0,9,255,178,255,246,0,126,3,146,252,172,6,253,247,124,249,89,189,0,253,0,254,0,222,0,89,0,37,0,17,0,12,0,11,
0,12,255,161,255,15,0,126,3,146,252,172,6,64,249,114,249,115,192,0,253,0,253,0,221,0,89,0,32,0,17,0,13,0,11,
0,5,255,150,255,23,0,126,3,146,252,172,6,168,250,186,248,155,188,0,253,0,253,0,221,0,89,0,34,0,17,0,13,0,11,
0,7,255,143,255,16,0,126,3,146,252,172,6,17,249,53,249,205,187,0,254,0,253,0,221,0,88,0,34,0,17,0,13,0,11,
0,7,255,143,255,16,0,126,3,146,252,172,6,17,249,53,249,11,192,0,254,0,252,0,220,0,89,0,35,0,17,0,13,0,11,
0,255,254,116,255,255,255,126,3,146,252,172,6,159,248,5,250,11,192,0,255,0,253,0,221,0,88,0,35,0,16,0,12,0,11,
0,34,255,142,255,238,255,126,3,146,252,172,6,144,250,82,249,13,190,0,254,0,252,0,221,0,89,0,36,0,17,0,12,0,11,
0,14,255,171,255,235,255,126,3,146,252,172,6,60,249,123,249,163,187,0,254,0,252,0,221,0,89,0,37,0,18,0,13,0,12,
0,14,255,171,255,235,255,126,3,146,252,172,6,115,248,189,249,45,189,0,255,0,252,0,221,0,88,0,37,0,17,0,13,0,11,
0,236,254,150,255,234,255,126,3,146,252,172,6,115,248,189,249,45,189,0,255,0,252,0,221,0,89,0,37,0,18,0,13,0,11,
0,249,254,133,255,223,255,203,3,134,252,146,6,178,249,48,250,133,191,0,255,0,252,0,222,0,89,0,37,0,17,0,12,0,11,
0,249,254,133,255,201,255,203,3,134,252,146,6,251,249,183,249,162,190,0,254,0,252,0,222,0,89,0,38,0,18,0,13,0,12,
0,8,255,151,255,201,255,203,3,134,252,146,6,173,249,150,249,248,186,0,254,0,252,0,222,0,89,0,37,0,18,0,13,0,11,
0,16,255,192,255,187,255,203,3,134,252,146,6,173,249,91,250,233,189,0,255,0,252,0,222,0,89,0,38,0,18,0,13,0,11,
0,6,255,187,255,244,255,203,3,134,252,146,6,103,248,91,250,233,189,0,254,0,252,0,223,0,89,0,38,0,18,0,13,0,11,
0,6,255,187,255,244,255,203,3,134,252,146,6,197,249,6,250,89,191,0,255,0,253,0,224,0,89,0,37,0,16,0,12,0,11,
0,33,255,169,255,25,0,203,3,134,252,146,6,205,249,245,249,61,188,0,254,0,253,0,224,0,89,0,37,0,16,0,12,0,11,
0,36,255,167,255,15,0,203,3,134,252,146,6,79,249,127,250,218,189,0,254,0,253,0,224,0,90,0,38,0,17,0,13,0,11,
0,77,255,160,255,247,255,203,3,134,252,146,6,79,249,127,250,40,190,0,254,0,254,0,225,0,89,0,37,0,16,0,12,0,11,
0,77,255,160,255,247,255,203,3,134,252,146,6,6,250,31,250,40,190,0,253,0,254,0,226,0,90,0,38,0,17,0,13,0,11,
0,114,255,182,255,16,0,124,3,175,252,236,6,147,248,254,249,75,187,0,254,0,255,0,227,0,90,0,37,0,16,0,12,0,11,
0,41,255,190,255,22,0,124,3,175,252,236,6,220,249,21,250,161,190,0,254,0,255,0,227,0,90,0,37,0,16,0,12,0,11,
0,251,254,195,255,24,0,124,3,175,252,236,6,220,249,88,250,253,190,0,253,0,255,0,228,0,91,0,38,0,17,0,13,0,11,
0,251,254,195,255,24,0,124,3,175,252,236,6,250,249,88,250,253,190,0,254,0,255,0,229,0,91,0,42,0,17,0,13,0,11,
0,19,255,220,255,32,0,124,3,175,252,236,6,16,250,226,249,164,189,0,254,1,0,0,230,0,91,0,41,0,17,0,12,0,10,
0,64,255,234,255,11,0,124,3,175,252,236,6,205,249,163,249,13,189,0,253,1,0,0,230,0,92,0,41,0,18,0,12,0,11,
0,64,255,234,255,239,255,124,3,175,252,236,6,124,249,11,250,19,190,0,253,1,0,0,231,0,92,0,40,0,17,0,12,0,11,
0,75,255,238,255,239,255,124,3,175,252,236,6,124,249,11,250,150,191,0,253,1,0,0,231,0,92,0,40,0,18,0,13,0,11,
0,109,255,237,255,242,255,124,3,175,252,236,6,218,250,203,249,150,191,0,253,1,1,0,232,0,93,0,40,0,19,0,13,0,11,
0,108,255,253,255,0,0,124,3,175,252,236,6,9,250,93,249,41,187,0,253,1,1,0,232,0,93,0,40,0,18,0,13,0,11,
0,108,255,253,255,0,0,124,3,175,252,236,6,231,248,105,250,58,190,0,253,1,2,0,233,0,93,0,40,0,17,0,12,0,11,
0,89,255,1,0,53,0,163,3,85,252,88,6,0,250,233,249,215,191,0,253,1,2,0,233,0,93,0,40,0,17,0,12,0,11,
0,121,255,16,0,71,0,163,3,85,252,88,6,0,250,233,249,215,191,0,252,1,2,0,233,0,94,0,40,0,18,0,13,0,12,
0,82,255,9,0,47,0,163,3,85,252,88,6,178,250,123,249,240,189,0,252,1,3,0,234,0,94,0,40,0,18,0,13,0,12,
0,82,255,9,0,47,0,163,3,85,252,88,6,151,250,107,249,160,188,0,251,1,3,0,234,0,95,0,40,0,18,0,13,0,11,
0,113,255,246,255,15,0,163,3,85,252,88,6,21,250,183,249,192,188,0,252,1,4,0,235,0,94,0,40,0,18,0,12,0,11,
0,137,255,249,255,18,0,163,3,85,252,88,6,21,250,209,249,147,190,0,251,1,4,0,236,0,95,0,40,0,17,0,12,0,11,
0,93,255,241,255,38,0,163,3,85,252,88,6,252,249,209,249,147,190,0,251,1,4,0,236,0,95,0,40,0,18,0,13,0,11,
0,93,255,241,255,38,0,163,3,85,252,88,6,197,250,186,249,64,191,0,250,1,4,0,236,0,95,0,40,0,18,0,13,0,11,
0,96,255,220,255,46,0,163,3,85,252,88,6,18,251,21,249,183,188,0,250,1,5,0,236,0,95,0,40,0,18,0,13,0,11,
0,107,255,230,255,30,0,163,3,85,252,88,6,32,250,140,249,223,188,0,249,1,6,0,237,0,95,0,40,0,17,0,12,0,11,
0,107,255,230,255,29,0,179,3,103,252,42,7,32,250,140,249,223,191,0,249,1,5,0,237,0,96,0,40,0,18,0,13,0,11,
0,70,255,253,255,29,0,179,3,103,252,42,7,90,250,83,249,21,191,0,249,1,6,0,238,0,96,0,40,0,18,0,13,0,11,
0,73,255,251,255,37,0,179,3,103,252,42,7,149,250,82,249,218,190,0,248,1,7,0,238,0,95,0,40,0,18,0,13,0,11,
0,125,255,250,255,62,0,179,3,103,252,42,7,206,250,242,248,9,190,0,248,1,7,0,238,0,95,0,40,0,17,0,12,0,11,
0,125,255,250,255,62,0,179,3,103,252,42,7,206,250,9,249,87,189,0,247,1,7,0,238,0,96,0,41,0,18,0,13,0,11,
0,131,255,2,0,71,0,179,3,103,252,42,7,22,250,9,249,87,189,0,247,1,7,0,239,0,96,0,40,0,18,0,12,0,11,
0,116,255,255,255,54,0,179,3,103,252,42,7,73,250,61,249,166,190,0,246,1,8,0,239,0,97,0,41,0,19,0,13,0,11,
0,125,255,230,255,54,0,179,3,103,252,42,7,127,250,55,249,104,190,0,246,1,8,0,239,0,96,0,40,0,18,0,12,0,11,
0,125,255,230,255,54,0,179,3,103,252,42,7,184,250,51,249,195,189,0,245,1,8,0,238,0,97,0,41,0,19,0,13,0,11,
0,142,255,248,255,51,0,179,3,103,252,42,7,184,250,51,249,4,190,0,245,1,8,0,239,0,96,0,41,0,18,0,13,0,11,
0,158,255,2,0,62,0,156,3,144,252,190,6,220,250,50,249,4,190,0,244,1,8,0,239,0,97,0,41,0,19,0,13,0,12,
0,67,255,2,0,85,0,156,3,144,252,190,6,48,251,224,248,98,190,0,244,1,8,0,238,0,97,0,41,0,19,0,13,0,12,
0,67,255,3,0,85,0,156,3,144,252,190,6,196,250,173,248,74,188,0,244,1,8,0,238,0,97,0,41,0,19,0,13,0,12,
0,39,255,4,0,85,0,156,3,144,252,190,6,196,250,18,249,111,189,0,244,1,8,0,238,0,97,0,41,0,18,0,13,0,11,
0,72,255,249,255,72,0,156,3,144,252,190,6,56,250,18,249,111,189,0,243,1,8,0,238,0,97,0,41,0,19,0,13,0,11,
0,72,255,249,255,68,0,156,3,144,252,190,6,63,250,168,249,229,190,0,243,1,8,0,238,0,97,0,41,0,18,0,12,0,11,
0,116,255,248,255,68,0,156,3,144,252,190,6,129,251,48,249,163,190,0,243,1,8,0,238,0,96,0,41,0,19,0,13,0,11,
0,126,255,4,0,115,0,156,3,144,252,190,6,38,251,165,248,67,187,0,242,1,8,0,237,0,96,0,41,0,18,0,12,0,11,
0,107,255,253,255,114,0,156,3,144,252,190,6,38,251,165,248,228,188,0,241,1,8,0,237,0,97,0,41,0,19,0,13,0,11,
0,107,255,253,255,114,0,156,3,144,252,190,6,218,249,50,249,228,188,0,242,1,8,0,237,0,96,0,40,0,17,0,13,0,11,
0,65,255,7,0,104,0,144,3,128,252,206,6,143,250,148,249,154,191,0,241,1,7,0,236,0,97,0,41,0,19,0,13,0,11,
0,59,255,13,0,117,0,144,3,128,252,206,6,172,250,106,249,186,190,0,241,1,8,0,236,0,96,0,41,0,19,0,13,0,11,
0,93,255,4,0,101,0,144,3,128,252,206,6,18,251,53,249,103,189,0,241,1,8,0,235,0,96,0,40,0,18,0,13,0,11,
0,93,255,4,0,101,0,144,3,128,252,206,6,18,251,53,249,103,189,0,240,1,8,0,235,0,96,0,41,0,19,0,13,0,11,
0,92,255,16,0,104,0,144,3,128,252,206,6,165,250,21,249,55,187,0,241,1,7,0,235,0,95,0,40,0,17,0,13,0,11,
0,86,255,17,0,127,0,144,3,128,252,206,6,179,249,6,250,64,189,0,240,1,7,0,235,0,95,0,40,0,17,0,12,0,11,
0,68,255,17,0,125,0,144,3,128,252,206,6,144,250,31,250,165,191,0,240,1,6,0,234,0,96,0,41,0,19,0,13,0,11,
0,68,255,12,0,125,0,144,3,128,252,206,6,144,250,171,249,100,189,0,240,1,6,0,234,0,95,0,40,0,19,0,13,0,11,
0,67,255,11,0,139,0,144,3,128,252,206,6,193,251,171,249,100,189,0,240,1,6,0,234,0,95,0,40,0,18,0,13,0,11,
0,81,255,0,0,114,0,144,3,128,252,206,6,71,251,116,249,72,187,0,240,1,5,0,233,0,95,0,41,0,19,0,13,0,11,
0,81,255,0,0,111,0,144,3,128,252,206,6,59,250,181,249,191,187,0,240,1,5,0,233,0,95,0,40,0,18,0,13,0,11,
0,65,255,246,255,111,0,98,3,175,252,234,5,205,250,50,250,75,190,0,240,1,5,0,232,0,95,0,41,0,18,0,13,0,12,
0,78,255,231,255,90,0,98,3,175,252,234,5,205,250,50,250,162,190,0,240,1,4,0,232,0,95,0,40,0,19,0,13,0,11,
0,71,255,231,255,107,0,98,3,175,252,234,5,91,251,236,249,162,190,0,240,1,4,0,232,0,95,0,40,0,19,0,13,0,11,
0,71,255,231,255,107,0,98,3,175,252,234,5,24,251,159,249,15,188,0,241,1,4,0,232,0,94,0,40,0,17,0,12,0,11,
0,75,255,239,255,87,0,98,3,175,252,234,5,91,250,239,249,181,187,0,241,1,4,0,232,0,94,0,40,0,17,0,12,0,11,
0,101,255,236,255,87,0,98,3,175,252,234,5,91,250,133,250,248,189,0,241,1,3,0,232,0,94,0,40,0,19,0,13,0,11,
0,84,255,221,255,125,0,98,3,175,252,234,5,167,250,133,250,248,189,0,241,1,4,0,232,0,94,0,40,0,18,0,13,0,11,
0,84,255,221,255,125,0,98,3,175,252,234,5,14,251,119,250,187,190,0,241,1,3,0,232,0,94,0,40,0,17,0,12,0,11,
0,79,255,222,255,120,0,98,3,175,252,234,5,109,251,50,250,120,188,0,241,1,3,0,231,0,94,0,40,0,18,0,13,0,11,
0,18,255,214,255,75,0,98,3,175,252,234,5,105,251,215,249,215,186,0,241,1,3,0,232,0,93,0,39,0,17,0,12,0,11,
0,25,255,214,255,82,0,182,3,121,252,51,7,105,251,215,249,36,190,0,241,1,2,0,231,0,94,0,40,0,18,0,13,0,11,
0,25,255,212,255,82,0,182,3,121,252,51,7,17,251,125,250,36,190,0,242,1,2,0,231,0,93,0,40,0,18,0,13,0,11,
0,56,255,209,255,87,0,182,3,121,252,51,7,60,251,183,250,11,190,0,242,1,2,0,231,0,94,0,40,0,18,0,13,0,11,
0,74,255,210,255,75,0,182,3,121,252,51,7,227,251,237,249,193,188,0,243,1,2,0,231,0,93,0,39,0,17,0,12,0,11,
0,74,255,210,255,55,0,182,3,121,252,51,7,131,251,8,250,232,188,0,242,1,2,0,231,0,93,0,39,0,17,0,12,0,11,
0,59,255,218,255,55,0,182,3,121,252,51,7,131,251,8,250,232,188,0,242,1,1,0,231,0,94,0,40,0,18,0,13,0,11,
0,88,255,232,255,74,0,182,3,121,252,51,7,81,251,129,250,108,189,0,243,1,1,0,232,0,93,0,39,0,17,0,12,0,11,
0,109,255,215,255,102,0,182,3,121,252,51,7,66,251,44,250,125,188,0,243,1,1,0,231,0,94,0,40,0,18,0,13,0,11,
0,109,255,215,255,102,0,182,3,121,252,51,7,173,250,119,250,71,189,0,243,1,1,0,232,0,93,0,34,0,16,0,13,0,12,
0,104,255,255,255,98,0,182,3,121,252,51,7,173,250,119,250,58,190,0,243,1,1,0,232,0,93,0,35,0,16,0,13,0,11,
0,124,255,247,255,76,0,126,3,136,252,177,5,128,251,69,250,58,190,0,243,1,0,0,232,0,94,0,37,0,17,0,13,0,12,
0,121,255,234,255,82,0,126,3,136,252,177,5,195,251,89,250,208,190,0,243,1,0,0,232,0,94,0,38,0,17,0,13,0,12,
0,121,255,234,255,82,0,126,3,136,252,177,5,189,251,227,249,49,188,0,243,1,0,0,232,0,94,0,38,0,17,0,13,0,11,
0,107,255,226,255,87,0,126,3,136,252,177,5,84,251,20,250,169,188,0,244,1,0,0,232,0,93,0,38,0,17,0,13,0,11,
0,125,255,210,255,73,0,126,3,136,252,177,5,84,251,20,250,169,188,0,243,1,0,0,232,0,93,0,38,0,17,0,12,0,11,
0,125,255,210,255,94,0,126,3,136,252,177,5,237,250,36,250,240,189,0,243,1,0,0,232,0,94,0,39,0,18,0,13,0,11,
0,113,255,213,255,94,0,126,3,136,252,177,5,90,251,40,250,206,190,0,244,1,0,0,233,0,94,0,39,0,17,0,13,0,11,
0,99,255,211,255,85,0,126,3,136,252,177,5,143,252,199,249,129,189,0,244,1,0,0,233,0,94,0,39,0,17,0,12,0,11,
0,80,255,221,255,79,0,126,3,136,252,177,5,143,252,185,249,145,187,0,244,1,0,0,233,0,94,0,40,0,18,0,13,0,11,
0,80,255,221,255,89,0,126,3,136,252,177,5,151,251,185,249,145,187,0,244,1,0,0,234,0,94,0,39,0,17,0,12,0,11,
0,101,255,239,255,89,0,94,3,150,252,230,6,4,251,223,249,94,188,0,244,0,255,0,234,0,95,0,40,0,18,0,13,0,11,
0,103,255,232,255,98,0,94,3,150,252,230,6,90,251,37,250,39,191,0,244,0,255,0,235,0,94,0,40,0,17,0,12,0,11,
0,103,255,232,255,113,0,94,3,150,252,230,6,35,252,8,250,152,191,0,244,0,255,0,235,0,95,0,40,0,18,0,13,0,11,
0,103,255,232,255,113,0,94,3,150,252,230,6,35,252,8,250,145,188,0,244,0,255,0,235,0,94,0,40,0,18,0,13,0,11,
0,86,255,252,255,106,0,94,3,150,252,230,6,114,252,79,249,145,188,0,244,1,0,0,235,0,95,0,40,0,17,0,12,0,11,
0,83,255,234,255,87,0,94,3,150,252,230,6,191,251,110,249,46,188,0,245,0,255,0,236,0,95,0,40,0,18,0,13,0,11,
0,82,255,244,255,108,0,94,3,150,252,230,6,30,251,42,250,202,190,0,245,0,255,0,236,0,95,0,40,0,18,0,13,0,11,
0,82,255,244,255,108,0,94,3,150,252,230,6,30,251,169,249,235,190,0,244,0,255,0,236,0,96,0,41,0,19,0,13,0,11,
0,81,255,249,255,114,0,94,3,150,252,230,6,226,251,169,249,235,190,0,245,0,255,0,237,0,95,0,40,0,17,0,13,0,11,
0,88,255,220,255,97,0,94,3,150,252,230,6,69,252,85,249,226,190,0,244,0,255,0,237,0,95,0,40,0,18,0,13,0,11,
0,88,255,220,255,95,0,94,3,150,252,230,6,135,252,65,249,161,189,0,244,0,255,0,237,0,96,0,45,0,20,0,13,0,11,
0,101,255,238,255,95,0,173,3,152,252,131,7,241,251,43,249,24,191,0,244,0,255,0,237,0,96,0,44,0,19,0,13,0,11,
0,144,255,231,255,93,0,173,3,152,252,131,7,241,251,43,249,152,190,0,244,0,255,0,237,0,96,0,43,0,19,0,13,0,11,
0,113,255,235,255,89,0,173,3,152,252,131,7,132,251,77,249,152,190,0,244,0,255,0,238,0,96,0,42,0,19,0,13,0,11,
0,113,255,235,255,100,0,173,3,152,252,131,7,242,251,85,249,128,191,0,244,0,255,0,237,0,96,0,42,0,19,0,13,0,11,
0,86,255,208,255,100,0,173,3,152,252,131,7,48,252,58,249,150,190,0,244,0,255,0,237,0,97,0,42,0,20,0,13,0,11,
0,37,255,216,255,93,0,173,3,152,252,131,7,134,252,29,249,206,190,0,244,0,255,0,237,0,96,0,41,0,19,0,13,0,11,
0,68,255,203,255,66,0,173,3,152,252,131,7,134,252,29,249,206,190,0,244,0,254,0,236,0,96,0,42,0,19,0,13,0,11,
0,68,255,203,255,66,0,173,3,152,252,131,7,30,252,14,249,127,190,0,244,0,255,0,237,0,95,0,41,0,18,0,13,0,11,
0,55,255,223,255,63,0,173,3,152,252,131,7,194,251,58,249,31,190,0,244,0,255,0,237,0,95,0,41,0,18,0,12,0,11,
0,37,255,242,255,84,0,173,3,152,252,131,7,224,251,56,249,238,191,0,243,0,255,0,236,0,96,0,41,0,19,0,13,0,11,
0,250,254,217,255,93,0,134,3,176,252,125,6,224,251,77,249,249,191,0,243,0,255,0,236,0,96,0,41,0,18,0,13,0,11,
0,250,254,217,255,93,0,134,3,176,252,125,6,109,252,77,249,249,191,0,244,0,255,0,236,0,95,0,40,0,18,0,12,0,11,
0,233,254,209,255,111,0,134,3,176,252,125,6,231,252,210,248,65,190,0,243,0,254,0,235,0,96,0,41,0,19,0,13,0,11,
0,251,254,226,255,128,0,134,3,176,252,125,6,31,252,159,248,154,189,0,243,0,255,0,235,0,95,0,40,0,18,0,12,0,11,
0,251,254,226,255,145,0,134,3,176,252,125,6,96,251,110,249,116,191,0,243,0,255,0,235,0,96,0,41,0,18,0,13,0,11,
0,21,255,223,255,145,0,134,3,176,252,125,6,96,251,110,249,116,191,0,243,0,255,0,235,0,96,0,41,0,19,0,13,0,12,
0,242,254,195,255,143,0,134,3,176,252,125,6,120,252,20,249,238,191,0,243,0,254,0,234,0,96,0,41,0,19,0,13,0,11,
0,233,254,182,255,135,0,134,3,176,252,125,6,49,253,246,248,185,190,0,243,0,255,0,235,0,95,0,40,0,18,0,13,0,11,
0,233,254,182,255,135,0,134,3,176,252,125,6,130,252,224,248,233,189,0,243,0,255,0,234,0,95,0,40,0,18,0,13,0,11,
0,242,254,194,255,102,0,134,3,176,252,125,6,130,252,112,249,219,190,0,243,0,254,0,233,0,95,0,41,0,19,0,13,0,12,
0,253,254,182,255,112,0,130,3,133,252,213,6,186,251,112,249,219,190,0,243,0,254,0,233,0,95,0,40,0,18,0,13,0,11,
0,7,255,160,255,117,0,130,3,133,252,213,6,211,251,102,249,46,192,0,243,0,254,0,233,0,95,0,41,0,18,0,13,0,11,
0,7,255,160,255,117,0,130,3,133,252,213,6,89,253,24,249,166,191,0,243,0,254,0,233,0,95,0,40,0,18,0,13,0,11,
0,241,254,194,255,95,0,130,3,133,252,213,6,12,253,187,248,48,189,0,243,0,254,0,232,0,95,0,40,0,19,0,13,0,11,
0,1,255,174,255,96,0,130,3,133,252,213,6,12,253,187,248,54,189,0,243,0,254,0,232,0,95,0,41,0,19,0,13,0,11,
0,20,255,134,255,93,0,130,3,133,252,213,6,158,251,41,249,54,189,0,243,0,254,0,232,0,94,0,40,0,18,0,13,0,11,
0,20,255,134,255,93,0,130,3,133,252,213,6,14,252,197,249,70,191,0,243,0,254,0,232,0,94,0,40,0,17,0,13,0,11,
0,255,254,147,255,101,0,130,3,133,252,213,6,184,252,168,249,31,192,0,242,0,253,0,231,0,94,0,40,0,18,0,13,0,11,
0,241,254,132,255,128,0,130,3,133,252,213,6,184,253,81,249,158,190,0,243,0,254,0,231,0,94,0,40,0,17,0,12,0,11,
0,241,254,132,255,127,0,130,3,133,252,213,6,59,253,81,249,158,190,0,242,0,253,0,230,0,94,0,40,0,18,0,13,0,11,
0,233,254,138,255,127,0,103,3,147,252,65,6,51,253,55,249,155,188,0,242,0,253,0,230,0,93,0,40,0,17,0,12,0,11,
0,234,254,135,255,133,0,103,3,147,252,65,6,153,252,151,249,78,190,0,242,0,253,0,230,0,93,0,40,0,18,0,13,0,11,
0,229,254,130,255,129,0,103,3,147,252,65,6,125,252,243,249,212,190,0,241,0,253,0,228,0,93,0,40,0,18,0,13,0,11,
0,229,254,130,255,129,0,103,3,147,252,65,6,125,252,243,249,85,191,0,242,0,253,0,229,0,92,0,39,0,17,0,12,0,11,
0,212,254,102,255,129,0,103,3,147,252,65,6,51,252,51,250,85,191,0,241,0,253,0,228,0,93,0,40,0,18,0,13,0,11,
0,227,254,116,255,101,0,103,3,147,252,65,6,246,252,194,249,246,190,0,241,0,253,0,228,0,92,0,39,0,18,0,13,0,11,
0,218,254,150,255,79,0,103,3,147,252,65,6,106,252,77,250,132,190,0,241,0,253,0,227,0,92,0,40,0,18,0,13,0,11,
0,218,254,150,255,79,0,103,3,147,252,65,6,137,252,73,250,207,191,0,241,0,253,0,227,0,92,0,39,0,17,0,13,0,11,
0,202,254,127,255,53,0,103,3,147,252,65,6,137,252,73,250,207,191,0,241,0,253,0,226,0,92,0,39,0,17,0,13,0,11,
0,204,254,114,255,52,0,103,3,147,252,65,6,61,253,203,249,175,190,0,241,0,253,0,226,0,92,0,40,0,18,0,13,0,12,
0,215,254,114,255,63,0,103,3,147,252,158,6,201,252,78,250,117,188,0,241,0,253,0,225,0,92,0,40,0,18,0,13,0,11,
0,215,254,114,255,63,0,160,3,111,252,158,6,39,252,89,250,120,190,0,240,0,253,0,225,0,92,0,40,0,18,0,13,0,11,
0,219,254,114,255,61,0,160,3,111,252,158,6,39,252,172,250,220,191,0,241,0,254,0,225,0,91,0,39,0,17,0,12,0,11,
0,195,254,104,255,43,0,160,3,111,252,158,6,75,252,172,250,220,191,0,240,0,253,0,225,0,91,0,39,0,17,0,12,0,11,
0,195,254,104,255,56,0,160,3,111,252,158,6,92,253,114,250,157,191,0,240,0,253,0,224,0,91,0,39,0,18,0,13,0,11,
0,198,254,112,255,56,0,160,3,111,252,158,6,85,253,247,249,250,187,0,240,0,253,0,224,0,91,0,39,0,18,0,13,0,11,
0,244,254,103,255,53,0,160,3,111,252,158,6,28,252,97,250,140,189,0,240,0,253,0,224,0,91,0,39,0,18,0,13,0,11,
0,236,254,102,255,42,0,160,3,111,252,158,6,28,252,97,250,140,191,0,241,0,253,0,224,0,90,0,38,0,17,0,12,0,11,
0,236,254,102,255,42,0,160,3,111,252,158,6,81,252,220,250,5,191,0,240,0,253,0,224,0,90,0,38,0,17,0,12,0,11,
0,151,254,79,255,32,0,160,3,111,252,158,6,165,252,178,250,187,190,0,240,0,253,0,224,0,90,0,38,0,18,0,13,0,11,
0,169,254,65,255,24,0,160,3,111,252,158,6,112,253,62,250,10,190,0,240,0,253,0,224,0,90,0,38,0,17,0,13,0,11,
0,201,254,68,255,24,0,81,3,133,252,132,6,112,253,41,250,56,189,0,240,0,253,0,224,0,90,0,38,0,17,0,13,0,11,
0,201,254,68,255,24,0,81,3,133,252,132,6,226,252,41,250,56,189,0,241,0,253,0,224,0,90,0,38,0,17,0,12,0,11,
0,193,254,71,255,22,0,81,3,133,252,132,6,195,251,126,250,189,188,0,240,0,253,0,224,0,91,0,38,0,18,0,13,0,11,
0,185,254,59,255,29,0,81,3,133,252,132,6,153,252,156,250,78,191,0,241,0,253,0,224,0,90,0,38,0,17,0,13,0,11,
0,199,254,32,255,50,0,81,3,133,252,132,6,145,253,73,250,102,190,0,241,0,253,0,224,0,90,0,38,0,17,0,13,0,11,
0,199,254,32,255,50,0,81,3,133,252,132,6,145,253,73,250,158,187,0,241,0,254,0,224,0,90,0,39,0,18,0,13,0,11,
0,208,254,34,255,46,0,81,3,133,252,132,6,222,252,72,250,158,187,0,242,0,254,0,224,0,90,0,38,0,17,0,12,0,11,
0,166,254,37,255,26,0,81,3,133,252,132,6,201,251,241,250,183,189,0,241,0,253,0,224,0,91,0,39,0,18,0,13,0,11,
0,166,254,37,255,17,0,81,3,133,252,132,6,183,252,159,250,60,191,0,242,0,253,0,224,0,90,0,38,0,17,0,13,0,11,
0,174,254,28,255,17,0,81,3,133,252,132,6,171,253,52,250,76,190,0,242,0,253,0,224,0,91,0,38,0,17,0,13,0,11,
0,184,254,47,255,19,0,133,3,139,252,222,6,171,253,52,250,76,190,0,242,0,253,0,224,0,90,0,38,0,17,0,13,0,11,
0,198,254,44,255,18,0,133,3,139,252,222,6,250,252,117,250,39,190,0,243,0,253,0,225,0,90,0,38,0,17,0,12,0,11,
0,198,254,44,255,18,0,133,3,139,252,222,6,72,252,146,250,193,189,0,242,0,253,0,224,0,90,0,38,0,18,0,13,0,11,
0,195,254,11,255,13,0,133,3,139,252,222,6,90,252,123,250,171,189,0,243,0,253,0,224,0,90,0,38,0,17,0,13,0,11,
0,200,254,253,254,17,0,133,3,139,252,222,6,90,252,123,250,132,189,0,243,0,253,0,225,0,90,0,38,0,17,0,12,0,11,
0,217,254,9,255,9,0,133,3,139,252,222,6,58,252,146,250,132,189,0,243,0,253,0,224,0,90,0,32,0,16,0,13,0,12,
0,217,254,9,255,9,0,133,3,139,252,222,6,213,252,154,250,50,190,0,243,0,253,0,225,0,89,0,33,0,15,0,12,0,11,
0,192,254,38,255,7,0,133,3,139,252,222,6,186,252,53,250,148,189,0,243,0,253,0,225,0,90,0,35,0,16,0,12,0,11,
0,209,254,38,255,9,0,133,3,139,252,222,6,2,252,109,250,175,189,0,243,0,252,0,224,0,90,0,36,0,16,0,12,0,11,
0,194,254,3,255,25,0,133,3,139,252,222,6,2,252,109,250,175,189,0,244,0,253,0,225,0,90,0,36,0,17,0,13,0,11,
0,194,254,3,255,25,0,99,3,134,252,25,7,105,252,126,250,207,189,0,243,0,252,0,224,0,90,0,37,0,17,0,12,0,11,
0,171,254,251,254,1,0,99,3,134,252,25,7,94,252,85,250,99,191,0,244,0,252,0,225,0,90,0,37,0,16,0,12,0,11,
0,164,254,246,254,254,255,99,3,134,252,25,7,245,251,209,249,197,188,0,244,0,252,0,225,0,90,0,37,0,16,0,12,0,11,
0,164,254,246,254,5,0,99,3,134,252,25,7,245,251,6,250,105,190,0,244,0,251,0,224,0,90,0,38,0,17,0,13,0,11,
0,155,254,10,255,5,0,99,3,134,252,25,7,135,251,6,250,105,190,0,244,0,252,0,225,0,90,0,39,0,17,0,13,0,11,
0,171,254,29,255,8,0,99,3,134,252,25,7,110,252,1,250,117,191,0,245,0,252,0,225,0,90,0,38,0,17,0,12,0,11,
0,158,254,33,255,249,255,99,3,134,252,25,7,157,252,167,249,227,188,0,244,0,251,0,224,0,91,0,38,0,18,0,13,0,11,
0,158,254,33,255,249,255,99,3,134,252,25,7,245,250,228,249,30,189,0,244,0,251,0,225,0,90,0,38,0,17,0,12,0,11,
0,131,254,49,255,234,255,99,3,134,252,25,7,245,250,228,249,226,191,0,244,0,251,0,225,0,91,0,38,0,17,0,13,0,11,
0,161,254,60,255,210,255,99,3,134,252,25,7,156,251,225,249,226,191,0,244,0,251,0,225,0,90,0,38,0,17,0,12,0,11,
0,177,254,56,255,238,255,126,3,114,252,237,6,169,252,143,249,157,191,0,244,0,251,0,224,0,91,0,38,0,18,0,13,0,11,
0,177,254,56,255,238,255,126,3,114,252,237,6,249,251,31,249,255,188,0,244,0,251,0,225,0,90,0,38,0,17,0,12,0,11,
0,184,254,44,255,237,255,126,3,114,252,237,6,249,251,162,249,6,190,0,244,0,251,0,225,0,90,0,38,0,17,0,12,0,11,
0,168,254,41,255,238,255,126,3,114,252,237,6,51,251,162,249,6,190,0,244,0,250,0,224,0,90,0,38,0,18,0,13,0,11,
0,150,254,41,255,245,255,126,3,114,252,237,6,18,251,169,249,140,191,0,244,0,250,0,224,0,90,0,39,0,17,0,13,0,11,
0,150,254,56,255,245,255,126,3,114,252,237,6,97,252,67,249,217,190,0,244,0,249,0,223,0,90,0,39,0,20,0,13,0,11,
0,168,254,75,255,220,255,126,3,114,252,237,6,174,251,100,249,99,190,0,244,0,249,0,224,0,90,0,38,0,16,0,12,0,11,
0,163,254,79,255,203,255,126,3,114,252,237,6,174,251,100,249,148,189,0,244,0,249,0,223,0,90,0,42,0,20,0,13,0,11,
0,163,254,79,255,204,255,126,3,114,252,237,6,48,251,39,249,148,189,0,244,0,248,0,223,0,90,0,41,0,20,0,13,0,11,
0,150,254,72,255,204,255,126,3,114,252,237,6,167,250,223,249,177,191,0,243,0,248,0,222,0,90,0,41,0,20,0,13,0,11,
0,121,254,77,255,216,255,126,3,114,252,237,6,40,252,17,249,21,192,0,243,0,248,0,222,0,90,0,40,0,19,0,13,0,11,
0,104,254,68,255,219,255,85,3,141,252,186,6,89,251,229,248,96,190,0,244,0,248,0,222,0,89,0,39,0,18,0,13,0,11,
0,104,254,68,255,219,255,85,3,141,252,186,6,89,251,229,248,96,190,0,244,0,248,0,221,0,89,0,39,0,18,0,12,0,11,
0,81,254,84,255,197,255,85,3,141,252,186,6,151,250,43,249,176,189,0,243,0,247,0,220,0,89,0,39,0,19,0,13,0,11,
0,67,254,61,255,212,255,85,3,141,252,186,6,89,250,110,249,208,191,0,244,0,247,0,220,0,89,0,39,0,19,0,13,0,11,
0,80,254,61,255,205,255,85,3,141,252,186,6,117,251,114,249,79,191,0,243,0,247,0,219,0,89,0,39,0,19,0,13,0,11,
0,80,254,61,255,205,255,85,3,141,252,186,6,117,251,55,249,167,190,0,244,0,247,0,219,0,88,0,37,0,18,0,13,0,11,
0,124,254,102,255,165,255,85,3,141,252,186,6,72,251,55,249,167,190,0,244,0,247,0,219,0,88,0,38,0,18,0,13,0,11,
0,113,254,98,255,162,255,85,3,141,252,186,6,199,250,75,249,154,189,0,244,0,246,0,218,0,88,0,38,0,19,0,13,0,11,
0,82,254,98,255,167,255,85,3,141,252,186,6,110,250,249,249,244,191,0,244,0,246,0,218,0,87,0,38,0,17,0,13,0,12,
0,82,254,97,255,167,255,85,3,141,252,186,6,114,251,174,249,184,190,0,244,0,246,0,217,0,88,0,37,0,18,0,13,0,11,
0,65,254,103,255,191,255,108,3,107,252,60,7,114,251,174,249,184,191,0,244,0,246,0,217,0,87,0,37,0,18,0,13,0,11,
0,101,254,107,255,190,255,108,3,107,252,60,7,24,251,204,249,38,191,0,244,0,245,0,216,0,87,0,38,0,19,0,13,0,12,
0,101,254,107,255,186,255,108,3,107,252,60,7,131,250,159,249,49,190,0,244,0,245,0,216,0,87,0,37,0,18,0,13,0,11,
0,48,254,122,255,186,255,108,3,107,252,60,7,85,250,155,249,49,190,0,244,0,245,0,216,0,87,0,37,0,17,0,12,0,11,
0,6,254,143,255,172,255,108,3,107,252,60,7,85,250,56,250,21,190,0,244,0,244,0,216,0,87,0,37,0,18,0,13,0,11,
0,4,254,162,255,165,255,108,3,107,252,60,7,130,250,56,250,21,190,0,245,0,245,0,216,0,86,0,36,0,17,0,12,0,11,
0,4,254,162,255,165,255,108,3,107,252,60,7,4,250,23,250,23,190,0,245,0,245,0,215,0,86,0,36,0,17,0,12,0,11,
0,0,254,147,255,164,255,108,3,107,252,60,7,209,250,53,250,115,191,0,244,0,244,0,215,0,86,0,37,0,18,0,13,0,11,
0,248,253,148,255,147,255,108,3,107,252,60,7,194,250,59,250,121,189,0,245,0,244,0,216,0,86,0,37,0,18,0,13,0,11,
0,3,254,161,255,141,255,108,3,107,252,60,7,194,250,59,250,85,189,0,245,0,244,0,216,0,86,0,36,0,18,0,13,0,11,
0,3,254,161,255,141,255,131,3,109,252,134,6,98,250,28,250,85,189,0,244,0,244,0,215,0,86,0,36,0,18,0,13,0,11,
0,71,254,174,255,132,255,131,3,109,252,134,6,133,250,118,250,37,190,0,245,0,245,0,215,0,86,0,36,0,17,0,12,0,11,
0,70,254,192,255,102,255,131,3,109,252,134,6,82,250,240,250,187,190,0,244,0,244,0,215,0,86,0,36,0,18,0,13,0,11,
0,77,254,192,255,94,255,131,3,109,252,134,6,82,251,214,250,122,191,0,244,0,245,0,216,0,86,0,36,0,18,0,13,0,11,
0,77,254,207,255,94,255,131,3,109,252,134,6,4,251,214,250,122,191,0,244,0,245,0,216,0,86,0,36,0,17,0,12,0,11,
0,92,254,194,255,110,255,131,3,109,252,134,6,159,251,124,250,27,190,0,243,0,244,0,215,0,86,0,37,0,18,0,13,0,12,
0,93,254,208,255,109,255,131,3,109,252,134,6,40,251,1,251,55,188,0,243,0,245,0,216,0,86,0,36,0,17,0,12,0,11,
0,93,254,208,255,104,255,131,3,109,252,134,6,27,250,75,251,64,189,0,242,0,245,0,216,0,86,0,36,0,18,0,13,0,11,
0,115,254,228,255,104,255,131,3,109,252,134,6,27,250,75,251,129,192,0,243,0,245,0,216,0,86,0,36,0,17,0,12,0,11,
0,117,254,1,0,71,255,131,3,109,252,134,6,188,250,198,251,129,192,0,242,0,245,0,217,0,86,0,36,0,18,0,13,0,11,
0,121,254,241,255,94,255,102,3,114,252,130,6,251,251,10,251,106,190,0,242,0,246,0,217,0,86,0,36,0,17,0,12,0,11,
0,121,254,241,255,94,255,102,3,114,252,130,6,242,250,41,251,47,190,0,241,0,246,0,217,0,87,0,37,0,18,0,13,0,11,
0,164,254,221,255,83,255,102,3,114,252,130,6,82,251,106,251,49,190,0,241,0,246,0,218,0,86,0,37,0,18,0,13,0,11,
0,167,254,216,255,88,255,102,3,114,252,130,6,82,251,106,251,49,190,0,240,0,247,0,218,0,87,0,37,0,18,0,13,0,11,
0,109,254,213,255,85,255,102,3,114,252,130,6,46,251,187,251,136,190,0,240,0,247,0,219,0,87,0,37,0,18,0,13,0,11,
0,109,254,213,255,85,255,102,3,114,252,130,6,55,251,150,251,197,189,0,240,0,248,0,220,0,87,0,36,0,17,0,12,0,11,
0,108,254,218,255,64,255,102,3,114,252,130,6,56,251,167,251,99,190,0,239,0,247,0,220,0,87,0,37,0,18,0,13,0,11,
0,124,254,220,255,65,255,102,3,114,252,130,6,56,251,31,252,158,191,0,239,0,248,0,220,0,87,0,37,0,18,0,13,0,11,
0,124,254,220,255,83,255,102,3,114,252,130,6,248,250,31,252,158,191,0,239,0,249,0,221,0,87,0,37,0,18,0,13,0,11,
0,119,254,219,255,83,255,102,3,114,252,130,6,43,252,116,251,24,191,0,239,0,248,0,222,0,88,0,37,0,18,0,12,0,11,
0,155,254,235,255,46,255,102,3,114,252,130,6,243,251,127,251,165,189,0,239,0,249,0,223,0,87,0,36,0,17,0,12,0,11,
0,142,254,225,255,14,255,171,3,104,252,248,6,118,251,112,251,195,189,0,239,0,250,0,223,0,88,0,36,0,17,0,12,0,11,
0,142,254,225,255,27,255,171,3,104,252,248,6,118,251,112,251,195,191,0,238,0,250,0,223,0,89,0,38,0,18,0,13,0,11,
0,121,254,237,255,27,255,171,3,104,252,248,6,56,251,25,252,122,191,0,238,0,250,0,224,0,89,0,37,0,16,0,13,0,11,
0,143,254,226,255,32,255,171,3,104,252,248,6,79,252,117,251,107,191,0,238,0,250,0,225,0,89,0,38,0,17,0,12,0,11,
0,166,254,192,255,59,255,171,3,104,252,248,6,236,251,79,251,94,189,0,238,0,251,0,226,0,89,0,37,0,16,0,12,0,11,
0,166,254,192,255,59,255,171,3,104,252,248,6,236,251,197,251,137,189,0,238,0,251,0,227,0,90,0,38,0,16,0,12,0,11,
0,164,254,204,255,31,255,171,3,104,252,248,6,133,251,197,251,137,189,0,238,0,251,0,227,0,91,0,38,0,17,0,13,0,11,
0,176,254,215,255,238,254,171,3,104,252,248,6,115,251,4,252,130,191,0,238,0,251,0,228,0,91,0,38,0,16,0,13,0,11,
0,160,254,212,255,251,254,171,3,104,252,248,6,148,252,77,251,32,191,0,238,0,252,0,228,0,90,0,38,0,17,0,12,0,11,
0,160,254,212,255,251,254,171,3,104,252,248,6,135,252,251,250,3,189,0,237,0,251,0,228,0,91,0,39,0,17,0,13,0,11,
0,134,254,211,255,22,255,107,3,141,252,30,6,135,252,251,250,151,189,0,237,0,252,0,229,0,91,0,38,0,17,0,12,0,11,
0,159,254,176,255,19,255,107,3,141,252,30,6,151,251,79,251,151,189,0,237,0,252,0,229,0,92,0,39,0,18,0,13,0,11,
0,159,254,176,255,255,254,107,3,141,252,30,6,249,251,132,251,2,192,0,237,0,253,0,230,0,92,0,38,0,17,0,13,0,11,
0,177,254,167,255,255,254,107,3,141,252,30,6,249,252,224,250,33,189,0,237,0,252,0,230,0,93,0,39,0,18,0,13,0,11,
0,205,254,165,255,244,254,107,3,141,252,30,6,197,251,73,251,18,190,0,237,0,253,0,230,0,92,0,38,0,17,0,12,0,11,
0,189,254,136,255,224,254,107,3,141,252,30,6,197,251,73,251,18,190,0,237,0,253,0,231,0,92,0,39,0,17,0,12,0,10,
0,189,254,136,255,0,255,107,3,141,252,30,6,75,252,8,251,235,190,0,237,0,253,0,231,0,93,0,39,0,18,0,13,0,11,
0,148,254,134,255,0,255,107,3,141,252,30,6,216,252,211,250,177,189,0,237,0,254,0,232,0,93,0,40,0,18,0,13,0,11,
0,125,254,161,255,252,254,107,3,141,252,30,6,54,252,2,251,181,189,0,237,0,253,0,231,0,93,0,40,0,18,0,13,0,11,
0,105,254,159,255,253,254,107,3,141,252,30,6,54,252,2,251,186,190,0,237,0,254,0,232,0,92,0,39,0,17,0,12,0,11,
0,105,254,159,255,253,254,174,3,138,252,225,7,39,252,10,251,186,190,0,237,0,253,0,232,0,93,0,40,0,18,0,13,0,11,
0,139,254,136,255,246,254,174,3,138,252,225,7,170,252,201,250,178,190,0,237,0,253,0,232,0,93,0,40,0,18,0,13,0,11,
0,144,254,132,255,249,254,174,3,138,252,225,7,96,252,217,250,116,190,0,237,0,253,0,232,0,93,0,34,0,17,0,14,0,12,
0,127,254,94,255,27,255,174,3,138,252,225,7,253,252,171,250,248,189,0,237,0,253,0,231,0,93,0,35,0,17,0,13,0,12,
0,127,254,94,255,27,255,174,3,138,252,225,7,253,252,171,250,248,189,0,238,0,254,0,231,0,93,0,36,0,16,0,12,0,11,
0,135,254,50,255,35,255,174,3,138,252,225,7,46,252,163,250,72,190,0,238,0,254,0,231,0,93,0,37,0,16,0,12,0,11,
0,119,254,65,255,40,255,174,3,138,252,225,7,219,251,167,250,126,191,0,237,0,253,0,230,0,94,0,38,0,17,0,13,0,12,
0,119,254,65,255,38,255,174,3,138,252,225,7,101,252,129,250,197,190,0,238,0,253,0,230,0,94,0,38,0,17,0,13,0,12,
0,105,254,76,255,38,255,174,3,138,252,225,7,101,252,97,250,35,190,0,238,0,253,0,230,0,93,0,38,0,17,0,13,0,12,
0,87,254,57,255,2,255,174,3,138,252,225,7,141,252,97,250,35,190,0,238,0,252,0,229,0,93,0,39,0,17,0,13,0,11,
0,110,254,47,255,246,254,129,3,91,252,86,6,174,251,52,250,155,189,0,239,0,252,0,229,0,92,0,39,0,17,0,12,0,11,
0,110,254,47,255,246,255,129,3,91,252,86,6,59,251,113,250,210,191,0,238,0,252,0,228,0,93,0,40,0,18,0,13,0,11,
0,148,254,11,255,49,255,129,3,91,252,86,6,59,252,21,250,192,190,0,239,0,252,0,228,0,93,0,39,0,18,0,13,0,11,
0,98,254,249,254,62,255,129,3,91,252,86,6,59,252,21,250,119,189,0,238,0,251,0,227,0,93,0,39,0,18,0,12,0,11,
0,48,254,243,254,40,255,129,3,91,252,86,6,8,251,2,250,119,189,0,239,0,251,0,227,0,92,0,38,0,17,0,12,0,11,
0,48,254,243,254,40,255,129,3,91,252,86,6,120,251,83,250,164,192,0,239,0,251,0,226,0,91,0,39,0,17,0,12,0,11,
0,35,254,223,254,34,255,129,3,91,252,86,6,5,252,209,249,157,189,0,239,0,251,0,225,0,92,0,40,0,18,0,13,0,11,
0,73,254,222,254,8,255,129,3,91,252,86,6,5,252,60,250,5,189,0,239,0,251,0,225,0,92,0,39,0,18,0,13,0,11,
0,71,254,213,254,12,255,129,3,91,252,86,6,107,250,60,250,5,189,0,239,0,250,0,225,0,91,0,38,0,18,0,13,0,11,
0,71,254,213,254,12,255,129,3,91,252,86,6,115,250,249,250,96,192,0,239,0,250,0,224,0,91,0,39,0,18,0,13,0,11,
0,71,254,203,254,37,255,129,3,91,252,86,6,0,252,117,250,113,191,0,239,0,250,0,224,0,91,0,38,0,16,0,12,0,11,
0,110,254,199,254,54,255,104,3,145,252,201,6,24,251,49,250,190,189,0,239,0,249,0,223,0,91,0,38,0,20,0,13,0,11,
0,110,254,199,254,48,255,104,3,145,252,201,6,24,251,49,250,138,189,0,239,0,249,0,223,0,91,0,38,0,19,0,13,0,11,
0,84,254,209,254,48,255,104,3,145,252,201,6,10,250,77,250,138,189,0,239,0,249,0,222,0,90,0,38,0,19,0,13,0,11,
0,26,254,215,254,41,255,104,3,145,252,201,6,190,249,66,251,35,194,0,239,0,249,0,222,0,90,0,42,0,18,0,13,0,11,
0,34,254,233,254,28,255,104,3,145,252,201,6,162,251,99,250,196,191,0,239,0,248,0,221,0,90,0,42,0,20,0,13,0,11,
0,34,254,233,254,28,255,104,3,145,252,201,6,134,250,63,250,58,188,0,239,0,248,0,221,0,90,0,41,0,19,0,13,0,11,
0,52,254,226,254,30,255,104,3,145,252,201,6,134,250,63,250,58,188,0,240,0,248,0,221,0,89,0,40,0,19,0,13,0,11,
0,56,254,223,254,38,255,104,3,145,252,201,6,186,248,28,251,222,190,0,240,0,248,0,220,0,89,0,39,0,18,0,13,0,11,
0,64,254,236,254,23,255,104,3,145,252,201,6,28,250,232,250,77,193,0,239,0,247,0,220,0,89,0,40,0,19,0,13,0,11,
0,64,254,236,254,23,255,104,3,145,252,201,6,244,250,152,250,229,190,0,240,0,248,0,220,0,88,0,38,0,18,0,13,0,11,
0,67,254,235,254,37,255,134,3,73,252,74,7,244,250,192,250,170,189,0,239,0,247,0,219,0,89,0,39,0,19,0,13,0,11,
0,50,254,247,254,37,255,134,3,73,252,74,7,125,250,192,250,170,189,0,240,0,247,0,219,0,88,0,38,0,19,0,13,0,11,
0,78,254,7,255,22,255,134,3,73,252,74,7,177,248,96,251,246,189,0,241,0,247,0,219,0,88,0,38,0,19,0,13,0,11,
0,78,254,7,255,22,255,134,3,73,252,74,7,145,249,136,251,32,193,0,241,0,247,0,218,0,88,0,38,0,18,0,13,0,11,
0,37,254,249,254,31,255,134,3,73,252,74,7,163,250,45,251,184,191,0,241,0,247,0,218,0,87,0,37,0,17,0,12,0,11,
0,32,254,7,255,27,255,134,3,73,252,74,7,163,250,45,251,184,187,0,241,0,247,0,217,0,87,0,38,0,18,0,13,0,11,
0,32,254,7,255,26,255,134,3,73,252,74,7,53,250,2,251,208,187,0,241,0,247,0,218,0,87,0,37,0,18,0,13,0,11,
0,58,254,54,255,26,255,134,3,73,252,74,7,212,248,164,251,83,190,0,242,0,247,0,217,0,87,0,36,0,17,0,12,0,11,
0,46,254,25,255,14,255,134,3,73,252,74,7,36,249,171,251,125,191,0,242,0,247,0,217,0,87,0,37,0,18,0,13,0,11,
0,248,253,8,255,3,255,134,3,73,252,74,7,36,249,149,251,8,191,0,242,0,247,0,217,0,87,0,36,0,17,0,12,0,11,
0,248,253,8,255,3,255,159,3,82,252,225,6,254,250,149,251,8,191,0,242,0,247,0,217,0,87,0,37,0,18,0,13,0,11,
0,36,254,3,255,0,255,159,3,82,252,225,6,245,249,85,251,14,190,0,243,0,247,0,217,0,87,0,37,0,18,0,13,0,11,
0,30,254,13,255,239,254,159,3,82,252,225,6,79,249,130,251,98,189,0,243,0,247,0,217,0,87,0,37,0,18,0,13,0,11,
0,220,253,33,255,244,254,159,3,82,252,225,6,46,249,13,252,40,191,0,243,0,248,0,218,0,87,0,36,0,17,0,12,0,11,
0,220,253,33,255,244,254,159,3,82,252,225,6,46,249,13,252,132,190,0,244,0,248,0,218,0,87,0,36,0,17,0,12,0,11,
0,215,253,25,255,244,254,159,3,82,252,225,6,144,249,251,251,132,190,0,243,0,248,0,218,0,87,0,37,0,18,0,13,0,11,
0,11,254,34,255,215,254,159,3,82,252,225,6,254,249,248,251,102,190,0,244,0,249,0,219,0,87,0,37,0,18,0,13,0,11,
0,63,254,13,255,212,254,159,3,82,252,225,6,216,249,154,251,16,189,0,244,0,249,0,219,0,87,0,37,0,18,0,13,0,11,
0,63,254,13,255,212,254,159,3,82,252,225,6,100,249,18,252,207,189,0,244,0,249,0,220,0,87,0,36,0,17,0,12,0,11,
0,24,254,29,255,216,254,159,3,82,252,225,6,100,249,18,252,207,189,0,244,0,250,0,220,0,87,0,36,0,17,0,12,0,11,
0,34,254,53,255,233,254,139,3,147,252,67,6,35,249,48,252,126,190,0,244,0,250,0,221,0,88,0,37,0,18,0,13,0,11,
0,34,254,53,255,221,254,139,3,147,252,67,6,179,249,2,252,92,190,0,244,0,250,0,222,0,88,0,37,0,18,0,13,0,11,
0,93,254,78,255,221,254,139,3,147,252,67,6,99,250,57,252,24,190,0,244,0,251,0,222,0,88,0,37,0,18,0,13,0,11,
0,123,254,111,255,201,254,139,3,147,252,67,6,99,250,57,252,20,189,0,245,0,252,0,223,0,88,0,37,0,17,0,12,0,11,
0,132,254,111,255,188,254,139,3,147,252,67,6,77,250,54,252,20,189,0,245,0,252,0,224,0,88,0,37,0,16,0,12,0,11,
0,132,254,111,255,188,254,139,3,147,252,67,6,205,249,41,252,181,188,0,245,0,252,0,224,0,89,0,37,0,17,0,13,0,11,
0,101,254,125,255,183,254,139,3,147,252,67,6,213,249,88,252,66,190,0,245,0,253,0,225,0,89,0,37,0,17,0,13,0,11,
0,111,254,139,255,207,254,139,3,147,252,67,6,138,250,101,252,96,190,0,245,0,254,0,226,0,90,0,38,0,17,0,12,0,11,
0,100,254,143,255,209,254,139,3,147,252,67,6,138,250,101,252,96,190,0,245,0,255,0,227,0,89,0,37,0,16,0,12,0,11,
0,100,254,143,255,209,254,139,3,147,252,67,6,194,250,29,252,47,188,0,245,0,255,0,228,0,90,0,37,0,16,0,12,0,11,
0,121,254,171,255,178,254,139,3,7,252,221,6,113,250,58,252,203,189,0,245,0,255,0,228,0,91,0,38,0,17,0,13,0,12,
0,145,254,166,255,173,254,192,3,7,252,221,6,4,251,10,252,252,189,0,246,1,0,0,229,0,91,0,37,0,17,0,12,0,11,
0,160,254,176,255,150,254,192,3,7,252,221,6,4,251,69,252,107,190,0,245,1,0,0,230,0,92,0,38,0,17,0,13,0,11,
0,160,254,176,255,150,254,192,3,7,252,221,6,48,250,69,252,107,190,0,245,1,1,0,231,0,92,0,39,0,18,0,13,0,11,
0,188,254,191,255,199,254,192,3,7,252,221,6,109,251,217,251,162,190,0,245,1,2,0,232,0,92,0,38,0,17,0,12,0,11,
0,185,254,178,255,247,254,192,3,7,252,221,6,181,251,184,251,157,189,0,245,1,2,0,232,0,93,0,39,0,18,0,13,0,11,
0,185,254,178,255,3,255,192,3,7,252,221,6,33,251,96,251,241,187,0,245,1,3,0,233,0,93,0,40,0,18,0,13,0,12,
0,195,254,167,255,3,255,192,3,7,252,221,6,33,251,96,251,67,190,0,246,1,3,0,235,0,93,0,39,0,17,0,13,0,12,
0,229,254,159,255,246,254,192,3,7,252,221,6,111,250,246,251,67,190,0,245,1,4,0,235,0,94,0,40,0,18,0,13,0,11,
0,208,254,169,255,244,254,192,3,7,252,221,6,46,251,241,251,188,191,0,246,1,4,0,236,0,94,0,40,0,17,0,12,0,11,
0,208,254,169,255,244,254,192,3,7,252,221,6,66,252,103,251,146,190,0,246,1,5,0,237,0,95,0,40,0,18,0,13,0,11,
0,185,254,182,255,214,254,162,3,63,252,227,6,66,252,29,251,188,189,0,246,1,6,0,238,0,95,0,40,0,18,0,13,0,11,
0,161,254,196,255,204,254,162,3,63,252,227,6,139,251,29,251,188,189,0,246,1,6,0,238,0,95,0,40,0,18,0,13,0,11,
0,171,254,190,255,201,254,162,3,63,252,227,6,126,251,60,251,68,188,0,247,1,7,0,239,0,95,0,40,0,17,0,12,0,11,
0,171,254,190,255,201,254,162,3,63,252,227,6,31,251,139,251,189,190,0,247,1,8,0,240,0,96,0,40,0,19,0,12,0,11,
0,192,254,202,255,225,254,162,3,63,252,227,6,69,252,67,251,80,191,0,246,1,7,0,240,0,97,0,40,0,20,0,13,0,11,
0,214,254,198,255,212,254,162,3,63,252,227,6,69,252,67,251,163,189,0,247,1,8,0,240,0,97,0,40,0,20,0,13,0,11,
0,225,254,198,255,235,254,162,3,63,252,227,6,174,252,4,251,163,189,0,247,1,8,0,241,0,97,0,40,0,19,0,13,0,11,
0,225,254,209,255,235,254,162,3,63,252,227,6,255,251,1,251,205,188,0,247,1,8,0,241,0,97,0,41,0,19,0,13,0,11,
0,228,254,186,255,1,255,162,3,63,252,227,6,80,251,176,251,118,190,0,248,1,8,0,242,0,97,0,40,0,19,0,13,0,11,
0,210,254,176,255,40,255,162,3,63,252,227,6,2,252,60,251,249,191,0,248,1,8,0,241,0,98,0,41,0,20,0,13,0,11,
0,210,254,176,255,36,255,100,3,91,252,32,7,2,252,60,251,249,191,0,249,1,8,0,241,0,98,0,41,0,19,0,13,0,11,
0,184,254,153,255,36,255,100,3,91,252,32,7,121,252,137,250,11,190,0,249,1,8,0,242,0,98,0,41,0,19,0,13,0,11,
0,201,254,164,255,5,255,100,3,91,252,32,7,229,251,242,250,91,190,0,249,1,9,0,242,0,98,0,41,0,19,0,13,0,11,
0,224,254,173,255,17,255,100,3,91,252,32,7,34,252,166,250,115,189,0,249,1,8,0,241,0,98,0,42,0,20,0,13,0,12,
0,224,254,173,255,17,255,100,3,91,252,32,7,34,252,166,250,88,189,0,249,1,8,0,241,0,98,0,42,0,20,0,13,0,11,
0,143,254,171,255,18,255,100,3,91,252,32,7,237,251,145,250,88,189,0,250,1,8,0,241,0,98,0,41,0,19,0,13,0,12,
0,135,254,172,255,19,255,100,3,91,252,32,7,221,251,196,250,109,190,0,250,1,8,0,240,0,98,0,42,0,19,0,13,0,11,
0,178,254,132,255,31,255,100,3,91,252,32,7,18,252,162,250,176,190,0,251,1,8,0,240,0,98,0,41,0,19,0,13,0,11,
0,178,254,132,255,31,255,100,3,91,252,32,7,77,252,63,250,38,190,0,251,1,8,0,239,0,98,0,41,0,17,0,13,0,11,
0,174,254,112,255,27,255,100,3,91,252,32,7,77,252,63,250,38,190,0,251,1,8,0,239,0,97,0,36,0,18,0,13,0,12,
0,136,254,120,255,47,255,160,3,81,252,147,6,241,251,53,250,19,190,0,251,1,8,0,238,0,97,0,37,0,17,0,13,0,12,
0,122,254,120,255,63,255,160,3,81,252,147,6,190,251,73,250,126,190,0,251,1,8,0,238,0,97,0,38,0,17,0,12,0,11,
0,122,254,141,255,63,255,160,3,81,252,147,6,173,251,68,250,20,191,0,251,1,8,0,237,0,97,0,40,0,18,0,13,0,11,
0,142,254,146,255,50,255,160,3,81,252,147,6,173,251,171,249,248,189,0,252,1,8,0,237,0,96,0,39,0,17,0,12,0,11,
0,134,254,140,255,42,255,160,3,81,252,147,6,186,251,171,249,248,189,0,251,1,8,0,235,0,97,0,40,0,18,0,13,0,11,
0,134,254,140,255,36,255,160,3,81,252,147,6,162,251,208,249,133,189,0,251,1,7,0,235,0,96,0,40,0,18,0,13,0,11,
0,116,254,132,255,36,255,160,3,81,252,147,6,61,251,50,250,17,190,0,252,1,7,0,234,0,96,0,40,0,17,0,13,0,11,
0,126,254,118,255,54,255,160,3,81,252,147,6,125,251,49,250,88,190,0,252,1,7,0,234,0,95,0,40,0,17,0,12,0,11,
0,167,254,126,255,30,255,160,3,81,252,147,6,125,251,49,250,89,190,0,252,1,6,0,233,0,96,0,40,0,19,0,13,0,11,
0,167,254,126,255,30,255,160,3,81,252,147,6,144,251,219,249,89,190,0,252,1,6,0,233,0,95,0,40,0,18,0,13,0,11,
0,112,254,130,255,38,255,118,3,101,252,245,5,96,251,201,249,111,189,0,252,1,6,0,232,0,95,0,40,0,18,0,13,0,11,
0,51,254,125,255,52,255,118,3,101,252,245,5,223,250,27,250,11,190,0,252,1,6,0,232,0,95,0,40,0,18,0,13,0,11,
0,67,254,93,255,71,255,118,3,101,252,245,5,223,250,50,250,175,191,0,253,1,6,0,232,0,94,0,40,0,17,0,12,0,11,
0,67,254,93,255,71,255,118,3,101,252,245,5,248,250,50,250,175,191,0,252,1,5,0,231,0,94,0,40,0,18,0,13,0,11,
0,114,254,83,255,87,255,118,3,101,252,245,5,243,250,61,250,193,190,0,252,1,5,0,230,0,94,0,40,0,18,0,13,0,12,
0,108,254,73,255,76,255,118,3,101,252,245,5,112,251,251,249,58,189,0,253,1,5,0,230,0,94,0,40,0,18,0,13,0,11,
0,85,254,73,255,46,255,118,3,101,252,245,5,151,250,50,250,16,189,0,252,1,4,0,229,0,94,0,40,0,18,0,13,0,11,
0,85,254,104,255,46,255,118,3,101,252,245,5,151,250,50,250,54,190,0,253,1,4,0,229,0,93,0,40,0,17,0,13,0,12,
0,79,254,112,255,40,255,118,3,101,252,245,5,14,250,116,250,54,190,0,253,1,4,0,229,0,93,0,40,0,17,0,12,0,11,
0,109,254,85,255,11,255,118,3,101,252,245,5,203,250,177,250,10,192,0,253,1,4,0,228,0,93,0,40,0,18,0,13,0,11,
0,109,254,85,255,8,255,118,3,101,252,245,5,98,251,243,249,40,189,0,254,1,4,0,227,0,93,0,40,0,18,0,13,0,11,
0,107,254,67,255,8,255,176,3,44,252,137,7,169,250,56,250,186,188,0,253,1,3,0,227,0,92,0,43,0,18,0,12,0,11,
0,99,254,64,255,255,254,176,3,44,252,137,7,169,250,56,250,186,188,0,254,1,3,0,227,0,92,0,42,0,18,0,12,0,10,
0,89,254,106,255,241,254,176,3,44,252,137,7,203,249,141,250,235,189,0,254,1,3,0,227,0,91,0,41,0,18,0,12,0,11,
0,89,254,106,255,241,254,176,3,44,252,137,7,142,250,113,250,159,191,0,254,1,3,0,226,0,92,0,41,0,18,0,13,0,11,
0,106,254,109,255,247,254,176,3,44,252,137,7,247,250,34,250,189,188,0,254,1,3,0,226,0,92,0,40,0,18,0,13,0,11,
0,126,254,102,255,244,254,176,3,44,252,137,7,247,250,193,250,217,188,0,254,1,2,0,226,0,91,0,40,0,18,0,13,0,11,
0,100,254,112,255,228,254,176,3,44,252,137,7,1,250,193,250,217,188,0,255,1,3,0,226,0,91,0,40,0,18,0,12,0,11,
0,100,254,112,255,228,254,176,3,44,252,137,7,175,250,218,250,101,190,0,255,1,3,0,226,0,91,0,39,0,17,0,12,0,11,
0,144,254,137,255,222,254,176,3,44,252,137,7,239,250,50,250,150,188,0,255,1,2,0,226,0,91,0,40,0,18,0,13,0,11,
0,121,254,171,255,209,254,176,3,44,252,137,7,221,249,46,251,56,189,0,255,1,3,0,226,0,91,0,39,0,18,0,13,0,11,
0,121,254,171,255,218,254,55,3,117,252,103,6,221,249,46,251,160,190,0,255,1,2,0,226,0,91,0,40,0,17,0,13,0,11,
0,147,254,185,255,218,254,55,3,117,252,103,6,34,251,191,250,160,190,1,0,1,3,0,226,0,91,0,39,0,18,0,13,0,12,
0,145,254,156,255,211,254,55,3,117,252,103,6,96,251,121,250,153,187,1,0,1,3,0,227,0,91,0,38,0,17,0,12,0,11,
0,163,254,135,255,200,254,55,3,117,252,103,6,102,249,238,250,27,188,1,0,1,3,0,227,0,91,0,39,0,18,0,13,0,11,
0,163,254,135,255,215,254,55,3,117,252,103,6,102,249,48,251,196,191,1,1,1,3,0,227,0,91,0,38,0,18,0,13,0,12,
0,130,254,164,255,215,254,55,3,117,252,103,6,141,250,48,251,196,191,1,1,1,3,0,228,0,91,0,38,0,17,0,12,0,11,
0,125,254,188,255,215,254,55,3,117,252,103,6,114,251,151,250,152,189,1,0,1,3,0,227,0,92,0,39,0,18,0,13,0,11,
0,143,254,175,255,201,254,55,3,117,252,103,6,29,251,202,250,101,188,1,1,1,3,0,228,0,91,0,38,0,17,0,12,0,11,
0,143,254,175,255,201,254,55,3,117,252,103,6,11,250,36,251,68,189,1,0,1,3,0,228,0,91,0,39,0,18,0,13,0,11,
0,170,254,198,255,194,254,55,3,117,252,103,6,11,250,36,251,197,191,1,1,1,3,0,229,0,92,0,39,0,18,0,13,0,11,
0,175,254,224,255,172,254,116,3,108,252,112,6,211,250,53,251,197,191,1,1,1,4,0,229,0,91,0,39,0,17,0,12,0,11,
0,161,254,222,255,178,254,116,3,108,252,112,6,146,251,180,250,77,190,1,0,1,3,0,229,0,92,0,39,0,18,0,13,0,11,
0,161,254,222,255,178,254,116,3,108,252,112,6,120,251,168,250,215,187,1,1,1,4,0,230,0,92,0,38,0,17,0,12,0,11,
0,152,254,242,255,194,254,116,3,108,252,112,6,102,250,83,251,166,189,1,0,1,4,0,230,0,92,0,39,0,18,0,13,0,11,
0,171,254,255,255,210,254,116,3,108,252,112,6,102,250,83,251,166,189,1,1,1,4,0,231,0,92,0,39,0,17,0,13,0,11,
0,171,254,255,255,213,254,116,3,108,252,112,6,48,251,6,251,0,192,1,1,1,4,0,231,0,92,0,39,0,17,0,12,0,11,
0,156,254,232,255,213,254,116,3,108,252,112,6,50,252,123,250,99,190,1,1,1,5,0,232,0,92,0,38,0,17,0,12,0,11,
0,153,254,224,255,176,254,116,3,108,252,112,6,150,251,102,250,49,188,1,1,1,5,0,232,0,93,0,39,0,17,0,12,0,11,
0,167,254,219,255,170,254,116,3,108,252,112,6,150,251,102,251,144,190,1,1,1,5,0,232,0,93,0,40,0,18,0,13,0,11,
0,167,254,219,255,184,254,116,3,108,252,112,6,4,250,49,251,144,190,1,2,1,5,0,232,0,93,0,40,0,18,0,13,0,11,
0,173,254,196,255,184,254,222,3,17,252,190,6,159,252,188,250,253,191,1,2,1,5,0,232,0,94,0,40,0,18,0,13,0,11,
0,186,254,179,255,174,254,222,3,17,252,190,6,201,252,241,249,195,188,1,3,1,6,0,233,0,93,0,39,0,17,0,12,0,11,
0,189,254,190,255,144,254,222,3,17,252,190,6,165,250,242,250,126,189,1,3,1,5,0,233,0,94,0,40,0,18,0,13,0,12,
0,189,254,190,255,144,254,222,3,17,252,190,6,165,250,242,250,126,189,1,3,1,5,0,233,0,94,0,40,0,18,0,13,0,11,
0,197,254,226,255,131,254,222,3,17,252,190,6,122,251,39,251,38,193,1,4,1,5,0,233,0,94,0,40,0,18,0,13,0,11,
0,186,254,244,255,162,254,222,3,17,252,190,6,183,252,209,249,37,188,1,4,1,5,0,233,0,94,0,40,0,18,0,13,0,11,
0,175,254,220,255,171,254,222,3,17,252,190,6,11,251,147,250,125,189,1,4,1,6,0,233,0,94,0,40,0,17,0,12,0,11,
0,175,254,220,255,171,254,222,3,17,252,190,6,11,251,169,250,165,191,1,5,1,6,0,233,0,94,0,40,0,17,0,13,0,11,
0,159,254,200,255,192,254,222,3,17,252,190,6,167,252,169,250,165,191,1,5,1,5,0,233,0,94,0,40,0,18,0,13,0,11,
0,110,254,213,255,185,254,222,3,17,252,190,6,104,251,52,250,195,187,1,5,1,5,0,233,0,94,0,40,0,18,0,13,0,11,
0,110,254,213,255,173,254,222,3,17,252,190,6,113,253,169,250,49,192,1,5,1,5,0,233,0,94,0,40,0,18,0,13,0,11,
0,101,254,225,255,173,254,163,3,93,252,133,6,12,253,241,249,80,187,1,6,1,5,0,234,0,94,0,40,0,18,0,13,0,11,
0,126,254,201,255,171,254,163,3,93,252,133,6,12,253,241,249,48,191,1,6,1,5,0,233,0,94,0,40,0,17,0,12,0,11,
0,129,254,185,255,183,254,163,3,93,252,133,6,19,251,235,250,48,191,1,6,1,5,0,232,0,94,0,40,0,18,0,13,0,11,
0,129,254,185,255,183,254,163,3,93,252,133,6,131,253,86,250,10,191,1,6,1,5,0,232,0,94,0,40,0,18,0,13,0,11,
0,141,254,186,255,199,254,163,3,93,252,133,6,56,252,255,249,22,187,1,6,1,4,0,232,0,94,0,40,0,18,0,13,0,11,
0,147,254,168,255,189,254,163,3,93,252,133,6,56,251,232,250,118,190,1,6,1,4,0,232,0,94,0,40,0,18,0,13,0,11,
0,152,254,160,255,153,254,163,3,93,252,133,6,114,251,232,250,118,190,1,7,1,5,0,232,0,94,0,39,0,17,0,12,0,11,
0,152,254,160,255,153,254,163,3,93,252,133,6,228,252,16,250,230,189,1,6,1,4,0,231,0,94,0,40,0,18,0,13,0,11,
0,161,254,173,255,172,254,163,3,93,252,133,6,249,251,12,250,113,188,1,6,1,4,0,231,0,94,0,40,0,18,0,13,0,11,
0,138,254,171,255,178,254,163,3,93,252,133,6,113,252,100,250,167,190,1,6,1,4,0,230,0,94,0,40,0,18,0,13,0,11,
0,142,254,173,255,191,254,77,3,92,252,12,7,113,252,100,250,176,189,1,7,1,4,0,230,0,93,0,40,0,17,0,13,0,11,
0,142,254,173,255,191,254,77,3,92,252,12,7,115,253,26,250,176,189,1,6,1,3,0,230,0,93,0,40,0,17,0,12,0,11,
0,149,254,171,255,170,254,77,3,92,252,12,7,130,251,41,250,215,187,1,6,1,3,0,229,0,93,0,40,0,18,0,13,0,11,
0,135,254,138,255,152,254,77,3,92,252,12,7,99,252,155,250,33,192,1,6,1,3,0,228,0,93,0,40,0,18,0,13,0,11,
0,135,254,138,255,164,254,77,3,92,252,12,7,163,253,79,249,23,188,1,6,1,2,0,228,0,93,0,40,0,18,0,13,0,11,
0,139,254,122,255,164,254,77,3,92,252,12,7,163,253,79,249,23,188,1,6,1,2,0,228,0,92,0,39,0,17,0,13,0,11,
0,97,254,106,255,165,254,77,3,92,252,12,7,203,250,67,250,210,188,1,6,1,2,0,228,0,92,0,39,0,17,0,12,0,11,
0,55,254,83,255,182,254,77,3,92,252,12,7,50,252,46,250,239,191,1,6,1,1,0,227,0,92,0,40,0,18,0,13,0,11,
0,55,254,83,255,182,254,77,3,92,252,12,7,26,253,139,249,50,188,1,5,1,0,0,226,0,92,0,39,0,18,0,13,0,11,
0,66,254,73,255,195,254,77,3,92,252,12,7,26,253,251,249,80,188,1,5,1,0,0,226,0,91,0,39,0,17,0,13,0,11,
0,64,254,76,255,201,254,136,3,56,252,226,6,143,251,251,249,80,188,1,6,1,0,0,225,0,91,0,38,0,17,0,13,0,11,
0,52,254,83,255,182,254,136,3,56,252,226,6,73,251,79,250,202,190,1,6,1,0,0,225,0,91,0,38,0,17,0,12,0,11,
0,52,254,83,255,182,254,136,3,56,252,226,6,132,252,211,249,53,190,1,5,0,255,0,223,0,91,0,39,0,20,0,13,0,11,
0,41,254,67,255,197,254,136,3,56,252,226,6,252,251,88,249,97,187,1,6,0,255,0,223,0,90,0,38,0,18,0,12,0,11,
0,13,254,57,255,202,254,136,3,56,252,226,6,252,251,88,249,30,191,1,5,0,254,0,223,0,90,0,39,0,19,0,13,0,11,
0,13,254,56,255,177,254,136,3,56,252,226,6,226,250,94,250,30,191,1,6,0,254,0,222,0,90,0,38,0,19,0,13,0,11,
0,13,254,56,255,177,254,136,3,56,252,226,6,9,252,142,249,57,188,1,6,0,254,0,222,0,89,0,32,0,17,0,13,0,11,
0,6,254,65,255,156,254,136,3,56,252,226,6,161,250,15,250,82,188,1,5,0,253,0,221,0,90,0,34,0,17,0,13,0,12,
0,241,253,43,255,155,254,136,3,56,252,226,6,161,250,4,250,24,191,1,6,0,252,0,220,0,89,0,35,0,17,0,13,0,11,
0,241,253,43,255,157,254,136,3,56,252,226,6,90,252,4,250,24,191,1,6,0,252,0,220,0,89,0,36,0,17,0,13,0,11,
0,29,254,38,255,157,254,138,3,68,252,213,6,165,251,235,248,27,184,1,5,0,251,0,219,0,89,0,36,0,18,0,13,0,12,
0,51,254,26,255,177,254,138,3,68,252,213,6,255,249,93,250,23,191,1,5,0,251,0,219,0,88,0,36,0,17,0,12,0,11,
0,76,254,45,255,191,254,138,3,68,252,213,6,103,252,76,249,59,189,1,5,0,250,0,218,0,88,0,37,0,18,0,13,0,11,
0,76,254,45,255,191,254,138,3,68,252,213,6,103,252,76,249,141,186,1,5,0,250,0,218,0,88,0,36,0,17,0,12,0,11,
0,74,254,48,255,188,254,138,3,68,252,213,6,244,250,24,249,141,186,1,4,0,249,0,217,0,88,0,37,0,18,0,13,0,11,
0,24,254,31,255,169,254,138,3,68,252,213,6,121,250,181,249,185,189,1,5,0,249,0,217,0,87,0,37,0,17,0,13,0,11,
0,8,254,18,255,142,254,138,3,68,252,213,6,120,251,50,249,157,188,1,4,0,249,0,217,0,87,0,36,0,17,0,12,0,11,
0,8,254,18,255,142,254,138,3,68,252,213,6,31,250,146,249,108,188,1,3,0,249,0,216,0,87,0,37,0,18,0,13,0,11,
0,24,254,3,255,150,254,138,3,68,252,213,6,31,250,146,249,108,188,1,3,0,248,0,216,0,87,0,37,0,18,0,13,0,11,
0,12,254,245,254,128,254,138,3,68,252,213,6,46,252,76,249,57,191,1,3,0,248,0,216,0,87,0,36,0,18,0,13,0,11,
0,236,253,1,255,116,254,138,3,68,252,1,7,163,249,41,249,21,185,1,3,0,248,0,216,0,86,0,36,0,17,0,12,0,11,
0,236,253,1,255,116,254,128,3,87,252,1,7,67,250,137,249,168,191,1,3,0,247,0,215,0,87,0,37,0,18,0,13,0,11,
0,212,253,245,254,112,254,128,3,87,252,1,7,67,250,137,248,79,188,1,2,0,247,0,215,0,86,0,36,0,18,0,13,0,11,
0,215,253,17,255,99,254,128,3,87,252,1,7,58,252,137,248,79,188,1,2,0,247,0,215,0,86,0,36,0,18,0,13,0,11,
0,215,253,17,255,107,254,128,3,87,252,1,7,186,249,126,249,135,187,1,2,0,246,0,215,0,86,0,36,0,17,0,13,0,11,
0,229,253,17,255,107,254,128,3,87,252,1,7,10,251,90,249,31,191,1,2,0,247,0,215,0,85,0,36,0,17,0,12,0,11,
0,234,253,27,255,78,254,128,3,87,252,1,7,46,250,50,249,151,187,1,2,0,246,0,214,0,86,0,36,0,18,0,13,0,11,
0,204,253,40,255,76,254,128,3,87,252,1,7,46,250,50,249,119,190,1,1,0,246,0,214,0,85,0,36,0,17,0,13,0,11,
0,204,253,40,255,76,254,128,3,87,252,1,7,18,250,154,249,119,190,1,1,0,246,0,214,0,85,0,40,0,17,0,12,0,11,
0,166,253,45,255,84,254,128,3,87,252,1,7,140,251,143,248,78,187,1,1,0,245,0,213,0,86,0,40,0,18,0,12,0,10,
0,168,253,50,255,79,254,128,3,87,252,1,7,73,248,213,249,44,188,1,1,0,246,0,213,0,85,0,38,0,17,0,12,0,11,
0,191,253,50,255,88,254,162,3,81,252,214,6,73,248,27,249,82,191,1,0,0,245,0,212,0,85,0,38,0,19,0,13,0,11,
0,191,253,50,255,88,254,162,3,81,252,214,6,236,250,27,249,82,191,1,0,0,245,0,212,0,85,0,38,0,18,0,13,0,11,
0,184,253,40,255,75,254,162,3,81,252,214,6,107,250,117,248,88,185,1,0,0,245,0,212,0,84,0,37,0,17,0,13,0,11,
0,143,253,64,255,63,254,162,3,81,252,214,6,14,249,134,249,143,189,1,0,0,244,0,212,0,85,0,37,0,18,0,13,0,11,
0,134,253,60,255,53,254,162,3,81,252,214,6,48,251,236,248,189,188,1,0,0,244,0,211,0,85,0,37,0,18,0,13,0,11,
0,134,253,60,255,53,254,162,3,81,252,214,6,48,251,236,248,158,188,1,0,0,244,0,212,0,84,0,36,0,17,0,12,0,11,
0,94,253,70,255,39,254,162,3,81,252,214,6,47,249,109,249,158,188,0,255,0,244,0,211,0,84,0,36,0,18,0,13,0,11,
0,84,253,28,255,24,254,162,3,81,252,214,6,234,250,16,249,24,190,0,255,0,244,0,211,0,84,0,36,0,18,0,13,0,11,
0,84,253,28,255,35,254,162,3,81,252,214,6,197,249,214,248,90,185,1,0,0,244,0,211,0,83,0,35,0,17,0,12,0,11,
0,83,253,40,255,35,254,162,3,81,252,214,6,75,249,201,249,203,190,0,255,0,243,0,211,0,84,0,36,0,17,0,13,0,11,
0,94,253,69,255,25,254,71,3,98,252,108,6,75,249,201,249,203,190,1,0,0,244,0,211,0,84,0,35,0,17,0,12,0,11,
0,129,253,91,255,2,254,71,3,98,252,108,6,225,250,29,249,217,190,0,255,0,243,0,211,0,84,0,36,0,18,0,13,0,11,
0,129,253,91,255,2,254,71,3,98,252,108,6,48,250,157,248,58,186,1,0,0,244,0,211,0,83,0,35,0,17,0,13,0,11,
0,121,253,94,255,242,253,71,3,98,252,108,6,93,248,243,249,109,189,1,0,0,244,0,211,0,83,0,35,0,17,0,12,0,11,
0,79,253,90,255,228,253,71,3,98,252,108,6,93,248,94,249,135,190,0,255,0,243,0,211,0,84,0,36,0,17,0,13,0,11,
0,70,253,87,255,204,253,71,3,98,252,108,6,176,250,94,249,135,190,1,0,0,244,0,212,0,83,0,35,0,17,0,12,0,11,
0,70,253,87,255,204,253,71,3,98,252,108,6,88,250,240,248,252,186,1,0,0,243,0,212,0,84,0,35,0,18,0,13,0,11,
0,56,253,77,255,200,253,71,3,98,252,108,6,110,249,120,249,5,188,1,0,0,243,0,212,0,84,0,35,0,17,0,13,0,11,
0,83,253,79,255,176,253,71,3,98,252,108,6,185,249,189,249,155,189,1,0,0,243,0,212,0,84,0,35,0,17,0,13,0,11,
0,45,253,79,255,150,253,71,3,98,252,108,6,185,249,189,249,155,188,1,0,0,244,0,213,0,83,0,35,0,16,0,12,0,12,
0,45,253,81,255,150,253,182,3,13,252,48,7,3,251,30,249,35,188,1,0,0,244,0,213,0,84,0,35,0,16,0,12,0,11,
0,7,253,109,255,156,253,182,3,13,252,48,7,202,249,83,249,93,188,1,0,0,244,0,212,0,84,0,36,0,17,0,12,0,11,
0,230,252,124,255,179,253,182,3,13,252,48,7,100,250,132,249,242,189,0,255,0,244,0,212,0,84,0,36,0,18,0,13,0,11,
0,230,252,124,255,194,253,182,3,13,252,48,7,100,250,24,249,58,188,0,255,0,244,0,212,0,85,0,36,0,17,0,13,0,11,
0,223,252,120,255,194,253,182,3,13,252,48,7,201,250,24,249,58,188,1,0,0,244,0,213,0,84,0,35,0,17,0,12,0,11,
0,235,252,150,255,164,253,182,3,13,252,48,7,177,249,174,249,181,188,0,255,0,244,0,213,0,84,0,36,0,18,0,13,0,11,
0,217,252,140,255,154,253,182,3,13,252,48,7,2,251,182,249,39,191,0,255,0,244,0,213,0,85,0,36,0,17,0,13,0,11,
0,217,252,140,255,154,253,182,3,13,252,48,7,24,251,29,249,209,186,0,255,0,244,0,214,0,84,0,35,0,17,0,13,0,11,
0,231,252,130,255,152,253,182,3,13,252,48,7,24,251,29,249,240,187,0,255,0,244,0,214,0,84,0,35,0,17,0,12,0,11,
0,209,252,104,255,137,253,182,3,13,252,48,7,214,248,195,249,240,187,0,255,0,244,0,214,0,85,0,36,0,17,0,13,0,11,
0,184,252,99,255,138,253,88,3,75,252,92,5,169,250,252,249,173,192,0,255,0,244,0,214,0,84,0,35,0,16,0,12,0,11,
0,184,252,99,255,138,253,88,3,75,252,92,5,18,251,36,249,38,189,0,254,0,244,0,214,0,85,0,36,0,17,0,13,0,11,
0,172,252,88,255,116,253,88,3,75,252,92,5,18,250,39,249,141,186,0,254,0,244,0,214,0,85,0,36,0,17,0,12,0,11,
0,177,252,130,255,118,253,88,3,75,252,92,5,134,250,39,249,141,186,0,254,0,244,0,215,0,84,0,35,0,17,0,12,0,11,
0,138,252,130,255,116,253,88,3,75,252,92,5,96,249,114,249,91,188,0,253,0,244,0,215,0,85,0,36,0,18,0,13,0,11,
0,138,252,135,255,116,253,88,3,75,252,92,5,13,250,142,249,70,192,0,238,0,251,0,221,0,85,0,35,0,17,0,12,0,11,
0,136,252,143,255,115,253,88,3,75,252,92,5,63,250,255,243,83,189,0,144,1,10,0,235,0,87,0,36,0,16,0,13,0,11,
0,141,252,126,255,129,253,88,3,75,252,92,5,63,250,255,243,101,191,0,134,1,43,1,24,0,94,0,37,0,18,0,13,0,11,
0,141,252,126,255,150,252,88,3,75,252,92,5,125,7,186,0,101,191,0,168,1,78,1,86,0,106,0,40,0,19,0,13,0,11,
0,224,252,185,255,150,252,88,3,75,252,92,5,250,30,219,243,253,223,1,87,1,82,1,88,0,114,0,42,0,19,0,12,0,11,
0,235,253,49,0,199,248,88,3,75,252,92,5,65,36,207,249,130,225,0,240,1,83,1,86,0,120,0,45,0,20,0,13,0,12,
0,26,1,134,254,193,245,160,3,35,252,148,6,80,32,48,4,76,237,0,132,1,80,1,81,0,125,0,48,0,20,0,13,0,11,
0,26,1,134,254,193,245,160,3,35,252,148,6,80,32,48,4,76,237,0,133,1,73,1,51,0,126,0,49,0,21,0,13,0,11,
0,86,6,235,250,218,245,160,3,35,252,148,6,148,25,118,21,161,1,0,135,1,48,0,222,0,117,0,48,0,20,0,13,0,11,
0,198,13,79,245,90,248,160,3,35,252,148,6,181,26,41,47,175,13,0,136,0,241,0,140,0,103,0,47,0,19,0,13,0,11,
0,237,21,136,240,185,251,160,3,35,252,148,6,206,14,139,55,242,16,0,136,0,159,0,132,0,93,0,46,0,21,0,14,0,12,
0,237,21,136,240,185,251,160,3,35,252,148,6,206,14,31,52,43,20,0,136,0,136,0,133,0,83,0,43,0,20,0,14,0,14,
0,53,28,152,239,179,0,160,3,35,252,148,6,224,249,31,52,43,20,0,137,0,135,0,133,0,76,0,40,0,20,0,15,0,14,
0,106,31,78,241,15,7,160,3,35,252,148,6,179,252,81,33,192,30,0,138,0,137,0,135,0,72,0,38,0,20,0,15,0,14,
0,120,32,78,241,248,10,160,3,35,252,148,6,188,242,171,18,93,28,0,140,0,141,0,135,0,66,0,35,0,18,0,14,0,13,
0,120,32,154,244,248,10,160,3,35,252,148,6,170,235,68,8,18,10,0,144,0,140,0,132,0,62,0,32,0,17,0,14,0,13,
0,46,32,59,248,247,10,164,3,229,252,109,6,170,235,68,8,23,228,0,160,0,136,0,132,0,58,0,29,0,15,0,12,0,12,
0,134,29,29,253,152,7,164,3,229,252,109,6,214,212,198,237,23,228,0,177,0,134,0,132,0,55,0,27,0,14,0,11,0,11,
0,134,29,29,253,126,4,164,3,229,252,109,6,60,212,58,239,156,217,0,197,0,133,0,132,0,54,0,27,0,15,0,12,0,11,
0,15,23,11,2,126,4,164,3,229,252,109,6,24,203,155,231,110,204,0,220,0,134,0,134,0,52,0,24,0,12,0,11,0,10,
0,169,13,112,6,133,3,164,3,229,252,109,6,24,203,151,221,216,200,0,233,0,134,0,137,0,49,0,22,0,10,0,9,0,9,
0,245,2,176,8,217,3,164,3,229,252,109,6,181,200,151,221,216,200,0,234,0,134,1,0,0,63,0,25,0,13,0,11,0,10,
0,245,2,176,8,217,3,164,3,229,252,109,6,143,205,240,214,184,187,0,228,0,136,1,85,0,81,0,29,0,16,0,11,0,10,
0,1,249,63,8,240,3,164,3,229,252,109,6,145,209,129,216,70,172,0,221,0,138,1,86,0,92,0,30,0,14,0,10,0,9,
0,49,241,128,5,152,2,164,3,229,252,109,6,201,216,42,227,116,164,0,213,0,143,1,81,0,102,0,33,0,15,0,11,0,10,
0,108,236,130,1,84,0,164,3,229,252,109,6,201,216,42,227,240,156,0,204,0,167,1,80,0,111,0,38,0,17,0,12,0,10,
0,108,236,130,1,84,0,152,3,149,252,65,7,32,226,65,245,240,156,0,191,0,217,1,79,0,118,0,42,0,17,0,13,0,12,
0,208,235,68,253,172,253,152,3,149,252,65,7,178,229,78,4,22,151,0,180,1,18,1,76,0,122,0,44,0,17,0,12,0,12,
0,238,238,247,249,225,251,152,3,149,252,65,7,242,236,169,12,189,145,0,171,1,68,1,72,0,126,0,46,0,18,0,12,0,12,
0,238,244,247,249,183,251,152,3,149,252,65,7,74,248,111,12,215,147,0,168,1,76,1,69,0,128,0,46,0,19,0,13,0,11,
0,82,244,171,247,183,251,152,3,149,252,65,7,74,248,111,12,215,147,0,162,1,74,1,45,0,128,0,51,0,21,0,14,0,12,
0,147,251,70,246,206,252,152,3,149,252,65,7,52,251,135,14,238,153,0,161,1,71,1,9,0,124,0,51,0,20,0,14,0,12,
0,134,3,158,245,100,254,152,3,149,252,65,7,211,250,252,15,217,148,0,163,1,70,0,216,0,115,0,51,0,23,0,14,0,11,
0,134,3,158,245,99,0,152,3,149,252,65,7,77,249,171,13,35,168,0,166,1,71,0,155,0,104,0,49,0,23,0,13,0,10,
0,213,9,205,245,99,0,152,3,149,252,65,7,77,249,152,11,165,183,0,170,1,68,0,135,0,93,0,46,0,21,0,14,0,11,
0,93,14,45,247,8,2,152,3,149,252,65,7,107,246,152,11,165,183,0,179,1,63,0,133,0,83,0,43,0,19,0,13,0,11,
0,248,16,143,249,10,3,174,3,184,252,50,7,92,245,205,7,133,190,0,191,1,54,0,133,0,76,0,40,0,19,0,13,0,11,
0,248,16,143,249,10,3,174,3,184,252,50,7,26,241,143,1,29,199,0,201,1,47,0,133,0,71,0,38,0,20,0,14,0,11,
0,31,18,200,252,103,3,174,3,184,252,50,7,62,235,135,254,159,207,0,210,1,39,0,133,0,66,0,35,0,18,0,13,0,11,
0,228,17,81,0,73,3,174,3,184,252,50,7,62,235,135,254,159,212,0,221,1,26,0,133,0,62,0,32,0,16,0,13,0,11,
0,26,16,180,3,253,2,174,3,184,252,50,7,142,235,139,247,252,212,0,233,1,9,0,133,0,59,0,30,0,16,0,12,0,11,
0,26,16,180,3,253,2,174,3,184,252,50,7,222,237,202,239,241,207,0,245,0,246,0,133,0,58,0,30,0,16,0,13,0,11,
0,43,13,248,6,115,2,174,3,184,252,50,7,102,239,206,234,167,207,0,255,0,229,0,134,0,55,0,27,0,15,0,12,0,12,
0,237,9,253,9,176,1,174,3,184,252,50,7,102,239,157,229,52,202,1,7,0,217,0,138,0,53,0,25,0,13,0,11,0,11,
0,237,9,253,9,36,1,174,3,184,252,50,7,101,245,157,229,52,202,1,14,0,208,0,192,0,58,0,26,0,14,0,12,0,12,
0,27,7,39,12,36,1,174,3,184,252,50,7,59,249,189,223,54,194,1,20,0,201,1,43,0,74,0,28,0,14,0,12,0,11,
0,178,4,204,12,37,1,174,3,184,252,50,7,167,254,85,219,195,192,1,26,0,198,1,76,0,87,0,31,0,15,0,12,0,12,
0,157,2,151,11,93,1,191,3,229,252,71,7,182,4,119,217,18,189,1,35,0,196,1,73,0,98,0,34,0,16,0,12,0,11,
0,157,2,151,11,103,1,191,3,229,252,71,7,182,4,119,217,55,185,1,45,0,195,1,72,0,107,0,38,0,17,0,13,0,11,
0,98,1,214,8,103,1,191,3,229,252,71,7,202,7,180,218,55,185,1,57,0,195,1,70,0,113,0,40,0,17,0,12,0,11,
0,203,0,51,5,86,1,191,3,229,252,71,7,0,10,147,222,50,188,1,65,0,197,1,68,0,117,0,42,0,17,0,12,0,11,
0,141,0,205,1,54,1,191,3,229,252,71,7,124,11,222,225,73,188,1,68,0,200,1,68,0,123,0,50,0,20,0,13,0,11,
0,141,0,205,1,54,1,191,3,229,252,71,7,10,10,203,228,104,186,1,73,0,202,1,67,0,126,0,52,0,21,0,13,0,11,
0,206,0,17,255,45,1,191,3,229,252,71,7,10,10,203,228,104,186,1,68,0,207,1,68,0,128,0,55,0,22,0,13,0,11,
0,51,1,52,253,255,0,191,3,229,252,71,7,216,7,129,233,99,189,1,65,0,211,1,67,0,130,0,55,0,22,0,13,0,11,
0,167,1,112,252,123,0,191,3,229,252,71,7,4,8,25,238,130,195,1,63,0,212,1,66,0,132,0,56,0,23,0,14,0,11,
0,167,1,112,252,123,0,191,3,229,252,71,7,70,10,71,241,68,197,1,62,0,211,1,64,0,134,0,57,0,25,0,15,0,11,
0,27,2,200,252,32,0,145,3,54,253,79,6,70,10,71,243,219,197,1,67,0,208,1,63,0,134,0,57,0,26,0,15,0,12,
0,86,2,204,253,224,255,145,3,54,253,79,6,30,11,203,243,219,197,1,90,0,204,1,63,0,134,0,57,0,26,0,15,0,11,
0,86,2,204,253,168,255,145,3,54,253,79,6,125,11,224,244,18,199,1,92,0,198,1,65,0,136,0,57,0,23,0,15,0,12,
0,63,2,21,255,168,255,145,3,54,253,79,6,28,13,170,245,30,202,1,77,0,191,1,65,0,136,0,59,0,24,0,15,0,11,
0,73,2,67,0,159,255,145,3,54,253,79,6,197,15,217,244,4,201,1,73,0,184,1,63,0,136,0,59,0,27,0,16,0,12,
0,234,1,90,1,160,255,145,3,54,253,79,6,197,15,217,244,4,201,1,72,0,178,1,63,0,136,0,59,0,27,0,16,0,12,
0,234,1,90,1,160,255,145,3,54,253,79,6,227,14,78,243,14,197,1,71,0,173,1,63,0,137,0,59,0,27,0,16,0,12,
0,123,1,6,2,223,255,145,3,54,253,79,6,12,13,238,242,41,198,1,71,0,169,1,63,0,136,0,59,0,26,0,16,0,12,
0,255,0,239,1,107,0,145,3,54,253,79,6,127,12,249,240,177,200,1,70,0,166,1,63,0,136,0,58,0,26,0,16,0,12,
0,139,0,69,1,245,0,145,3,54,253,79,6,127,12,79,239,5,195,1,69,0,164,1,61,0,136,0,59,0,27,0,16,0,12,
0,139,0,69,1,245,0,173,3,245,252,237,6,181,12,79,239,5,195,1,69,0,162,1,59,0,136,0,59,0,27,0,16,0,12,
0,20,0,9,0,85,1,173,3,245,252,237,6,24,10,249,238,151,191,1,68,0,159,1,55,0,136,0,60,0,26,0,16,0,12,
0,181,255,103,254,153,1,173,3,245,252,237,6,65,6,45,239,251,191,1,67,0,156,1,52,0,134,0,58,0,25,0,15,0,12,
0,68,255,194,252,202,1,173,3,245,252,237,6,126,5,100,238,240,193,1,66,0,154,1,45,0,133,0,59,0,25,0,16,0,12,
0,68,255,194,252,202,1,173,3,245,252,237,6,126,5,100,238,95,191,1,65,0,151,1,37,0,131,0,59,0,25,0,16,0,12,
0,5,255,6,251,216,1,173,3,245,252,237,6,144,4,226,236,95,191,1,65,0,149,1,27,0,128,0,60,0,27,0,16,0,12,
0,176,254,86,249,224,1,173,3,245,252,237,6,224,2,48,236,135,188,1,64,0,146,1,14,0,125,0,59,0,25,0,15,0,12,
0,176,254,86,249,196,1,173,3,245,252,237,6,110,1,81,236,178,190,1,64,0,144,0,255,0,121,0,57,0,27,0,16,0,12,
0,47,254,169,247,196,1,173,3,245,252,237,6,110,1,109,236,191,192,1,64,0,142,0,238,0,116,0,55,0,23,0,14,0,11,
0,246,253,42,246,111,1,173,3,245,252,237,6,4,2,109,236,191,192,1,64,0,140,0,219,0,110,0,53,0,25,0,15,0,12,
0,162,253,255,244,15,1,206,3,251,252,40,7,39,1,142,235,163,189,1,63,0,139,0,199,0,104,0,50,0,23,0,15,0,12,
0,162,253,255,244,15,1,206,3,251,252,40,7,2,255,184,235,13,189,1,63,0,138,0,179,0,96,0,48,0,23,0,14,0,11,
0,36,253,31,244,201,0,206,3,251,252,40,7,67,252,246,235,213,187,1,63,0,137,0,161,0,89,0,45,0,21,0,14,0,11,
0,150,252,138,243,132,0,206,3,251,252,40,7,67,252,246,235,190,189,1,63,0,137,0,149,0,81,0,41,0,21,0,13,0,11,
0,25,252,52,243,46,0,206,3,251,252,40,7,57,251,218,236,190,189,1,63,0,137,0,141,0,75,0,40,0,19,0,13,0,11,
0,25,252,52,243,46,0,206,3,251,252,40,7,67,250,192,237,251,187,1,65,0,137,0,137,0,70,0,37,0,18,0,13,0,11,
0,113,251,68,243,205,255,206,3,251,252,40,7,132,248,68,238,192,182,1,66,0,138,0,136,0,65,0,33,0,16,0,12,0,11,
0,20,251,170,243,135,255,206,3,251,252,40,7,24,244,38,240,50,183,1,65,0,138,0,134,0,62,0,32,0,16,0,13,0,11,
0,198,250,37,244,82,255,206,3,251,252,40,7,24,244,38,240,50,183,1,66,0,138,0,135,0,59,0,29,0,14,0,12,0,10,
0,198,250,37,244,82,255,206,3,251,252,40,7,174,244,90,241,205,184,1,65,0,138,0,134,0,57,0,28,0,15,0,12,0,11,
0,162,250,198,244,3,255,206,3,251,252,5,7,241,242,239,241,193,177,1,66,0,139,0,134,0,54,0,26,0,13,0,11,0,11,
0,134,250,125,245,182,254,55,4,195,252,5,7,171,240,186,243,230,178,1,66,0,139,0,134,0,53,0,25,0,14,0,11,0,11,
0,134,250,125,245,131,254,55,4,195,252,5,7,171,240,208,245,118,180,1,66,0,140,0,134,0,52,0,25,0,14,0,12,0,11,
0,160,250,110,246,131,254,55,4,195,252,5,7,216,239,208,245,118,180,1,66,0,140,0,134,0,51,0,24,0,12,0,11,0,11,
0,177,250,48,247,77,254,55,4,195,252,5,7,169,240,193,246,130,179,1,66,0,141,0,134,0,51,0,23,0,13,0,11,0,11,
0,201,250,211,247,20,254,55,4,195,252,5,7,187,239,17,248,210,175,1,65,0,141,0,134,0,50,0,23,0,12,0,11,0,11,
0,201,250,211,247,20,254,55,4,195,252,5,7,203,237,137,250,211,176,1,65,0,142,0,134,0,49,0,22,0,12,0,11,0,10,
0,226,250,117,248,6,254,55,4,195,252,5,7,203,237,137,250,211,179,1,64,0,142,0,133,0,49,0,23,0,12,0,11,0,11,
0,242,250,31,249,236,253,55,4,195,252,5,7,96,237,56,252,134,179,1,64,0,143,0,133,0,48,0,21,0,11,0,10,0,10,
0,246,250,164,249,185,253,55,4,195,252,5,7,192,236,86,252,192,176,1,63,0,143,0,133,0,48,0,22,0,12,0,11,0,11,
0,246,250,164,249,185,253,55,4,195,252,5,7,167,233,130,253,243,174,1,62,0,144,0,134,0,48,0,22,0,12,0,11,0,11,
0,68,251,113,250,145,253,78,4,223,252,108,6,167,233,228,254,57,177,1,62,0,144,0,135,0,47,0,21,0,11,0,10,0,10,
0,133,251,122,251,64,253,78,4,223,252,108,6,75,232,228,254,57,177,1,61,0,144,0,135,0,48,0,22,0,12,0,11,0,11,
0,144,251,182,252,246,252,78,4,223,252,108,6,72,232,245,255,246,177,1,61,0,145,0,136,0,48,0,22,0,11,0,11,0,10,
0,144,251,182,252,246,252,78,4,223,252,108,6,56,232,14,0,87,174,1,60,0,146,0,136,0,48,0,22,0,12,0,11,0,11,
0,176,251,0,254,166,252,78,4,223,252,108,6,107,232,22,2,86,176,1,59,0,147,0,137,0,48,0,22,0,12,0,11,0,11,
0,198,251,116,255,97,252,78,4,223,252,108,6,107,232,22,2,119,175,1,59,0,148,0,138,0,48,0,21,0,11,0,11,0,11,
0,198,251,116,255,76,252,78,4,223,252,108,6,207,233,154,2,119,175,1,57,0,149,0,139,0,49,0,22,0,12,0,11,0,11,
0,239,251,227,0,76,252,78,4,223,252,108,6,113,234,232,2,211,173,1,56,0,151,0,141,0,49,0,22,0,11,0,11,0,10,
0,79,252,22,2,58,252,78,4,223,252,108,6,131,234,123,4,232,177,1,54,0,153,0,144,0,50,0,23,0,14,0,11,0,11,
0,204,252,97,3,19,252,78,4,223,252,108,6,42,236,237,3,11,177,1,52,0,154,0,150,0,51,0,23,0,14,0,12,0,11,
0,204,252,97,3,19,252,225,3,221,252,105,6,42,236,237,3,11,177,1,51,0,156,0,164,0,52,0,23,0,11,0,11,0,11,
0,42,253,147,4,38,252,225,3,221,252,105,6,74,235,233,3,104,175,1,47,0,158,0,192,0,58,0,24,0,13,0,11,0,11,
0,139,253,189,5,22,252,225,3,221,252,105,6,113,234,122,4,207,179,1,45,0,160,0,233,0,65,0,24,0,12,0,11,0,11,
0,177,253,250,6,30,252,225,3,221,252,105,6,54,237,4,3,201,180,1,41,0,161,1,25,0,77,0,28,0,16,0,12,0,11,
0,177,253,250,6,30,252,225,3,221,252,105,6,54,237,4,2,89,177,1,38,0,163,1,68,0,89,0,31,0,14,0,12,0,12,
0,219,253,51,8,16,252,225,3,221,252,105,6,237,236,79,2,89,177,1,35,0,165,1,73,0,99,0,33,0,14,0,11,0,11,
0,244,253,103,9,233,251,225,3,221,252,105,6,52,236,216,2,198,180,1,31,0,166,1,70,0,107,0,37,0,16,0,12,0,11,
0,253,253,126,10,190,251,225,3,221,252,105,6,27,239,234,1,126,184,1,27,0,168,1,70,0,113,0,40,0,16,0,12,0,11,
0,253,253,126,10,190,251,225,3,221,252,105,6,100,241,110,1,177,182,1,22,0,169,1,68,0,119,0,43,0,18,0,13,0,11,
0,5,254,94,11,186,251,225,3,221,252,105,6,100,241,110,1,177,182,1,19,0,170,1,68,0,121,0,44,0,18,0,12,0,11,
0,226,253,2,12,191,251,234,3,204,252,248,6,205,241,151,1,71,181,1,13,0,171,1,67,0,125,0,42,0,19,0,13,0,12,
0,226,253,2,12,238,251,234,3,204,252,248,6,67,243,100,1,140,183,1,9,0,172,1,67,0,128,0,47,0,19,0,13,0,12,
0,211,253,113,12,238,251,234,3,204,252,248,6,194,245,239,0,162,186,1,4,0,172,1,66,0,130,0,50,0,21,0,14,0,12,
0,186,253,167,12,29,252,234,3,204,252,248,6,194,245,150,255,134,183,0,255,0,173,1,65,0,131,0,52,0,21,0,14,0,12,
0,148,253,172,12,65,252,234,3,204,252,248,6,201,247,150,255,134,183,0,250,0,174,1,65,0,133,0,53,0,22,0,14,0,12,
0,148,253,172,12,65,252,234,3,204,252,248,6,182,246,85,255,153,182,0,246,0,175,1,64,0,134,0,54,0,22,0,14,0,12,
0,153,253,148,12,125,252,234,3,204,252,248,6,72,247,221,254,29,186,0,240,0,175,1,63,0,135,0,55,0,25,0,15,0,12,
0,161,253,127,12,127,252,234,3,204,252,248,6,94,249,214,253,189,185,0,236,0,177,1,63,0,134,0,56,0,24,0,14,0,11,
0,154,253,107,12,176,252,234,3,204,252,248,6,94,249,214,253,109,183,0,231,0,178,1,62,0,136,0,57,0,25,0,16,0,12,
0,154,253,107,12,176,252,234,3,204,252,248,6,12,248,211,253,109,183,0,227,0,180,1,61,0,136,0,58,0,25,0,16,0,12,
0,153,253,191,12,243,252,127,3,253,252,44,6,19,249,3,254,208,186,0,223,0,181,1,59,0,135,0,58,0,25,0,15,0,12,
0,218,253,225,12,76,253,127,3,253,252,44,6,72,248,159,254,132,185,0,220,0,183,1,56,0,135,0,58,0,26,0,16,0,12,
0,37,254,225,12,209,253,127,3,253,252,44,6,72,248,12,0,167,184,0,219,0,185,1,56,0,134,0,57,0,25,0,15,0,11,
0,37,254,241,12,209,253,127,3,253,252,44,6,201,245,12,0,167,184,0,217,0,187,1,55,0,134,0,58,0,25,0,16,0,12,
0,184,254,1,13,141,254,127,3,253,252,44,6,240,241,202,0,175,184,0,214,0,190,1,54,0,134,0,58,0,25,0,15,0,12,
0,117,255,39,13,153,255,127,3,253,252,44,6,160,242,87,255,79,185,0,211,0,192,1,53,0,133,0,57,0,25,0,15,0,11,
0,117,255,39,13,78,0,127,3,253,252,44,6,115,243,70,255,51,187,0,209,0,194,1,53,0,132,0,58,0,25,0,15,0,12,
0,79,0,117,13,78,0,127,3,253,252,44,6,115,243,70,255,53,187,0,206,0,195,1,51,0,132,0,57,0,24,0,14,0,11,
0,246,0,230,13,142,0,127,3,253,252,44,6,159,244,46,255,53,187,0,204,0,195,1,49,0,132,0,57,0,25,0,15,0,11,
0,114,1,80,14,185,0,127,3,253,252,44,6,221,244,132,254,72,186,0,203,0,194,1,47,0,131,0,57,0,23,0,15,0,11,
0,114,1,80,14,185,0,127,3,253,252,44,6,92,245,229,253,158,187,0,203,0,193,1,47,0,131,0,57,0,23,0,14,0,11,
0,7,2,129,14,233,0,99,3,214,252,167,6,160,246,247,252,148,188,0,203,0,192,1,46,0,129,0,56,0,23,0,14,0,11,
0,138,2,105,14,209,0,99,3,214,252,167,6,160,246,247,252,148,188,0,202,0,192,1,46,0,130,0,61,0,25,0,15,0,11,
0,181,2,68,14,127,0,99,3,214,252,167,6,8,247,186,252,17,187,0,200,0,192,1,48,0,130,0,60,0,27,0,15,0,11,
0,181,2,68,14,127,0,99,3,214,252,167,6,224,247,235,251,92,186,0,196,0,192,1,50,0,129,0,59,0,27,0,16,0,12,
0,78,2,33,14,35,0,99,3,214,252,167,6,54,248,236,251,210,187,0,193,0,192,1,52,0,130,0,58,0,26,0,15,0,11,
0,189,1,223,13,129,255,99,3,214,252,167,6,54,248,205,251,245,186,0,189,0,193,1,54,0,130,0,57,0,26,0,16,0,12,
0,74,1,223,13,229,254,99,3,214,252,167,6,2,250,205,251,245,186,0,185,0,194,1,55,0,131,0,57,0,25,0,15,0,11,
0,74,1,156,13,229,254,99,3,214,252,167,6,195,251,117,251,165,184,0,180,0,194,1,54,0,131,0,58,0,26,0,16,0,12,
0,196,0,80,13,112,254,99,3,214,252,167,6,96,252,25,251,44,185,0,177,0,195,1,54,0,131,0,57,0,25,0,16,0,12,
0,60,0,12,13,238,253,99,3,214,252,167,6,212,254,29,251,104,186,0,173,0,195,1,54,0,131,0,57,0,25,0,15,0,12,
0,60,0,12,13,121,253,81,3,173,252,55,7,212,254,29,251,104,186,0,168,0,195,1,54,0,132,0,58,0,26,0,16,0,13,
0,202,255,198,12,121,253,81,3,173,252,55,7,75,0,168,250,107,186,0,164,0,195,1,55,0,131,0,57,0,25,0,15,0,12,
0,126,255,128,12,10,253,81,3,173,252,55,7,189,2,235,249,29,186,0,158,0,195,1,55,0,132,0,57,0,26,0,16,0,13,
0,27,255,27,12,202,252,81,3,173,252,55,7,26,4,115,249,121,183,0,154,0,196,1,56,0,133,0,58,0,26,0,16,0,12,
0,27,255,27,12,202,252,81,3,173,252,55,7,26,4,174,249,246,185,0,150,0,198,1,57,0,132,0,57,0,25,0,15,0,12,
0,210,254,128,11,155,252,81,3,173,252,55,7,180,4,174,249,246,185,0,147,0,198,1,57,0,133,0,58,0,26,0,16,0,12,
0,161,254,169,10,123,252,81,3,173,252,55,7,179,7,23,249,124,184,0,144,0,200,1,57,0,132,0,57,0,25,0,15,0,12,
0,136,254,180,9,117,252,81,3,173,252,55,7,103,7,142,249,234,182,0,142,0,201,1,57,0,133,0,58,0,26,0,16,0,12,
0,136,254,180,9,117,252,81,3,173,252,55,7,104,8,211,249,30,185,0,140,0,203,1,56,0,133,0,58,0,25,0,16,0,12,
0,76,254,192,8,131,252,81,3,173,252,55,7,104,8,211,249,247,182,0,139,0,204,1,56,0,133,0,57,0,25,0,15,0,12,
0,40,254,253,7,140,252,210,2,215,252,11,7,125,9,139,249,247,182,0,139,0,206,1,55,0,132,0,57,0,25,0,15,0,12,
0,35,254,253,7,154,252,210,2,215,252,11,7,43,8,165,249,213,182,0,138,0,208,1,54,0,133,0,58,0,26,0,16,0,12,
0,35,254,61,7,154,252,210,2,215,252,11,7,39,8,142,250,69,185,0,137,0,210,1,54,0,133,0,58,0,26,0,16,0,12,
0,65,254,202,6,186,252,210,2,215,252,11,7,58,9,167,250,7,185,0,137,0,212,1,52,0,132,0,58,0,26,0,16,0,12,
0,72,254,68,6,189,252,210,2,215,252,11,7,58,9,167,250,7,185,0,137,0,214,1,52,0,132,0,57,0,25,0,15,0,11,
0,72,254,68,6,231,252,210,2,215,252,11,7,237,9,199,250,165,182,0,137,0,217,1,51,0,132,0,57,0,25,0,16,0,12,
0,102,254,202,5,231,252,210,2,215,252,11,7,192,8,127,251,156,183,0,137,0,218,1,50,0,131,0,57,0,25,0,15,0,12,
0,133,254,110,5,14,253,210,2,215,252,11,7,64,9,93,252,181,187,0,137,0,220,1,47,0,131,0,57,0,24,0,16,0,12,
0,235,254,24,5,41,253,210,2,215,252,11,7,64,9,93,252,2,187,0,137,0,222,1,46,0,131,0,57,0,24,0,15,0,12,
0,235,254,24,5,41,253,210,2,215,252,11,7,0,11,14,252,2,187,0,138,0,223,1,45,0,130,0,56,0,23,0,14,0,11,
0,44,255,189,4,112,253,130,2,236,252,176,6,226,9,43,252,7,184,0,137,0,225,1,43,0,130,0,57,0,25,0,15,0,12,
0,101,255,70,4,192,253,130,2,236,252,176,6,75,8,221,252,182,187,0,138,0,227,1,41,0,128,0,59,0,24,0,15,0,11,
0,172,255,204,3,240,253,130,2,236,252,176,6,27,9,223,252,150,190,0,138,0,228,1,40,0,128,0,61,0,26,0,15,0,12,
0,172,255,204,3,240,253,130,2,236,252,176,6,27,9,223,252,150,190,0,139,0,229,1,37,0,127,0,59,0,25,0,16,0,12,
0,212,255,94,3,34,254,130,2,236,252,176,6,84,9,187,251,25,187,0,139,0,230,1,36,0,126,0,58,0,25,0,15,0,12,
0,248,255,2,3,81,254,130,2,236,252,176,6,175,7,81,251,177,186,0,140,0,232,1,33,0,126,0,57,0,25,0,16,0,12,
0,248,0,2,3,108,254,130,2,236,252,176,6,152,6,183,251,8,191,0,141,0,232,1,33,0,124,0,56,0,24,0,15,0,11,
0,47,0,182,2,108,254,130,2,236,252,176,6,152,6,130,250,113,190,0,141,0,232,1,31,0,124,0,55,0,27,0,16,0,12,
0,67,0,81,2,115,254,130,2,236,252,176,6,66,8,130,250,113,190,0,142,0,232,1,29,0,123,0,55,0,26,0,16,0,12,
0,31,0,207,1,127,254,130,2,236,252,176,6,248,7,107,249,191,187,0,143,0,232,1,28,0,122,0,54,0,25,0,16,0,12,
0,31,0,207,1,167,254,130,2,236,252,176,6,92,7,84,249,122,188,0,144,0,232,1,26,0,122,0,55,0,25,0,16,0,12,
0,250,255,58,1,167,254,171,2,226,252,161,5,222,6,22,249,230,190,0,145,0,231,1,25,0,120,0,53,0,24,0,15,0,12,
0,210,255,127,0,210,254,171,2,226,252,161,5,222,6,22,249,216,191,0,145,0,230,1,23,0,120,0,53,0,25,0,16,0,12,
0,142,255,168,255,237,254,171,2,226,252,161,5,199,7,189,248,216,191,0,146,0,228,1,22,0,119,0,53,0,24,0,16,0,12,
0,142,255,168,255,237,254,171,2,226,252,161,5,192,8,174,247,181,189,0,147,0,227,1,21,0,119,0,52,0,23,0,15,0,12,
0,27,255,204,254,4,255,171,2,226,252,161,5,62,7,76,247,183,186,0,148,0,226,1,19,0,118,0,52,0,24,0,15,0,12,
0,206,254,43,254,17,255,171,2,226,252,161,5,62,7,149,247,70,189,0,149,0,225,1,17,0,117,0,51,0,23,0,14,0,12,
0,91,254,155,253,32,255,171,2,226,252,161,5,197,5,149,247,70,189,0,150,0,223,1,16,0,117,0,52,0,23,0,15,0,12,
0,91,254,155,253,32,255,171,2,226,252,161,5,137,6,106,247,255,190,0,150,0,223,1,14,0,116,0,51,0,22,0,14,0,12,
0,18,254,18,253,12,255,171,2,226,252,161,5,8,8,159,246,38,188,0,151,0,222,1,12,0,115,0,51,0,21,0,14,0,11,
0,199,253,159,252,18,255,171,2,226,252,161,5,20,6,73,247,112,186,0,151,0,222,1,11,0,114,0,50,0,21,0,14,0,11,
0,199,253,159,252,14,255,178,2,247,252,166,6,20,6,73,247,161,188,0,152,0,221,1,9,0,114,0,50,0,22,0,14,0,12,
0,113,253,64,252,14,255,178,2,247,252,166,6,234,5,136,247,161,188,0,153,0,221,1,8,0,113,0,50,0,22,0,14,0,11,
0,41,253,253,251,243,254,178,2,247,252,166,6,40,6,235,247,168,190,0,153,0,221,1,6,0,112,0,49,0,22,0,14,0,12,
0,181,252,206,251,239,254,178,2,247,252,166,6,36,7,249,247,159,188,0,153,0,222,1,5,0,111,0,49,0,21,0,14,0,11,
0,181,252,206,251,5,255,178,2,247,252,166,6,37,6,209,247,1,185,0,154,0,223,1,4,0,110,0,48,0,22,0,14,0,12,
0,110,252,126,251,5,255,178,2,247,252,166,6,37,6,209,247,1,185,0,155,0,223,1,3,0,109,0,47,0,20,0,13,0,11,
0,43,252,59,251,20,255,178,2,247,252,166,6,65,4,216,248,13,188,0,155,0,224,1,1,0,109,0,47,0,21,0,14,0,12,
0,49,252,244,250,30,255,178,2,247,252,166,6,211,4,12,249,61,191,0,155,0,225,1,0,0,109,0,47,0,21,0,14,0,11,
0,49,252,244,250,30,255,178,2,247,252,166,6,46,5,90,248,38,187,0,156,0,226,0,255,0,107,0,46,0,23,0,14,0,11,
0,24,252,144,250,34,255,178,2,247,252,166,6,46,5,211,248,131,186,0,156,0,227,0,252,0,107,0,47,0,22,0,14,0,11,
0,228,251,77,250,92,255,119,2,220,252,96,7,163,2,211,248,131,186,0,157,0,229,0,251,0,106,0,46,0,21,0,14,0,11,
0,219,251,13,250,110,255,119,2,220,252,96,7,248,1,96,249,124,190,0,157,0,230,0,249,0,105,0,46,0,22,0,14,0,12,
0,219,251,13,250,110,255,119,2,220,252,96,7,200,3,67,249,221,189,0,158,0,231,0,247,0,105,0,45,0,21,0,14,0,11,
0,208,251,241,249,135,255,119,2,220,252,96,7,13,2,62,249,60,186,0,159,0,232,0,245,0,104,0,45,0,21,0,13,0,11,
0,148,251,197,249,156,255,119,2,220,252,96,7,13,2,62,249,60,189,0,161,0,233,0,244,0,102,0,44,0,20,0,14,0,12,
0,148,251,197,249,158,255,119,2,220,252,96,7,41,1,207,249,60,189,0,163,0,234,0,242,0,102,0,44,0,20,0,14,0,11,
0,140,251,146,249,158,255,119,2,220,252,96,7,99,1,26,250,227,189,0,163,0,234,0,239,0,101,0,44,0,19,0,14,0,11,
0,160,251,65,249,172,255,119,2,220,252,96,7,38,2,162,249,113,189,0,165,0,235,0,239,0,100,0,38,0,18,0,14,0,12,
0,129,251,3,249,194,255,119,2,220,252,96,7,38,2,110,249,248,186,0,167,0,235,0,238,0,99,0,40,0,18,0,13,0,11,
0,129,251,3,249,194,255,119,2,220,252,96,7,164,0,110,249,248,186,0,169,0,235,0,237,0,99,0,40,0,17,0,13,0,12,
0,57,251,209,248,235,255,240,2,234,252,118,7,5,255,227,249,13,188,0,171,0,236,0,236,0,98,0,40,0,17,0,13,0,11,
0,62,251,163,248,3,0,240,2,234,252,118,7,187,254,43,250,93,190,0,172,0,235,0,235,0,98,0,41,0,19,0,13,0,12,
0,54,251,135,248,242,255,240,2,234,252,118,7,98,254,138,249,93,190,0,174,0,236,0,235,0,97,0,41,0,18,0,13,0,11,
0,54,251,135,248,242,255,240,2,234,252,118,7,98,254,138,249,146,188,0,176,0,236,0,235,0,97,0,41,0,18,0,13,0,11,
0,50,251,118,248,19,0,240,2,234,252,118,7,210,254,104,249,146,188,0,178,0,237,0,235,0,96,0,40,0,18,0,12,0,11,
0,32,251,107,248,252,255,240,2,234,252,118,7,211,253,45,249,14,186,0,180,0,237,0,235,0,97,0,41,0,19,0,13,0,11,
0,35,251,151,248,208,255,240,2,234,252,118,7,54,252,205,249,145,187,0,182,0,238,0,236,0,96,0,41,0,19,0,13,0,11,
0,35,251,151,248,208,255,240,2,234,252,118,7,54,252,233,249,228,189,0,183,0,238,0,236,0,96,0,41,0,19,0,13,0,11,
0,247,250,154,248,194,255,240,2,234,252,118,7,227,252,233,249,228,189,0,185,0,239,0,237,0,96,0,40,0,17,0,12,0,11,
0,244,250,161,248,176,255,240,2,234,252,118,7,161,253,0,250,169,187,0,187,0,240,0,238,0,96,0,40,0,18,0,13,0,11,
0,244,250,161,248,178,255,240,2,234,252,118,6,95,252,147,249,117,184,0,189,0,240,0,238,0,96,0,40,0,18,0,12,0,11,
0,17,251,174,248,178,255,185,2,152,252,73,6,235,250,229,249,128,186,0,190,0,240,0,238,0,97,0,41,0,19,0,13,0,12,
0,248,250,195,248,172,255,185,2,152,252,73,6,235,250,229,249,52,188,0,191,0,241,0,238,0,97,0,41,0,19,0,13,0,11,
0,219,250,226,248,167,255,185,2,152,252,73,6,132,250,48,250,52,188,0,192,0,242,0,239,0,96,0,41,0,18,0,13,0,11,
0,219,250,226,248,167,255,185,2,152,252,73,6,235,250,240,249,207,187,0,192,0,241,0,239,0,97,0,41,0,19,0,13,0,11,
0,184,250,241,248,185,255,185,2,152,252,73,6,245,249,232,249,253,185,0,193,0,242,0,239,0,96,0,41,0,18,0,13,0,11,
0,136,250,32,249,168,255,185,2,152,252,73,6,129,249,229,249,88,185,0,192,0,242,0,238,0,97,0,41,0,19,0,13,0,11,
0,181,250,62,249,161,255,185,2,152,252,73,6,129,249,229,249,88,185,0,192,0,243,0,238,0,97,0,41,0,19,0,13,0,11,
0,181,250,62,249,161,255,185,2,152,252,73,6,216,248,75,250,113,186,0,192,0,244,0,238,0,97,0,41,0,18,0,13,0,11,
0,196,250,106,249,157,255,185,2,152,252,73,6,147,248,109,250,143,187,0,192,0,244,0,237,0,96,0,45,0,18,0,12,0,11,
0,180,250,173,249,117,255,185,2,152,252,73,6,125,248,160,250,177,186,0,192,0,244,0,236,0,97,0,45,0,20,0,13,0,11,
0,188,250,208,249,102,255,3,3,183,252,58,6,125,248,243,250,124,187,0,191,0,244,0,235,0,97,0,44,0,20,0,13,0,11,
0,188,250,208,249,102,255,3,3,183,252,58,6,46,248,243,250,124,187,0,190,0,244,0,235,0,96,0,43,0,20,0,13,0,11,
0,191,250,251,249,110,255,3,3,183,252,58,6,211,247,249,250,43,187,0,190,0,245,0,234,0,96,0,42,0,18,0,13,0,11,
0,149,250,66,250,128,255,3,3,183,252,58,6,134,247,34,251,59,185,0,189,0,245,0,233,0,95,0,41,0,19,0,13,0,11,
0,149,250,66,250,93,255,3,3,183,252,58,6,137,246,62,251,37,186,0,188,0,245,0,233,0,95,0,41,0,18,0,12,0,11,
0,169,250,136,250,93,255,3,3,183,252,58,6,137,246,62,251,114,187,0,187,0,245,0,232,0,95,0,41,0,19,0,13,0,11,
0,190,250,196,250,68,255,3,3,183,252,58,6,121,246,80,251,114,187,0,185,0,246,0,232,0,95,0,41,0,18,0,13,0,11,
0,179,250,252,250,27,255,3,3,183,252,58,6,69,247,251,250,81,187,0,185,0,246,0,232,0,95,0,40,0,17,0,13,0,11,
0,179,250,252,250,27,255,3,3,183,252,58,6,126,246,217,250,215,185,0,184,0,247,0,232,0,94,0,40,0,17,0,13,0,11,
0,187,250,80,251,15,255,3,3,183,252,58,6,126,246,144,251,113,187,0,183,0,247,0,231,0,94,0,41,0,19,0,13,0,11,
0,199,250,179,251,25,255,59,3,185,252,55,6,124,245,144,251,113,187,0,182,0,248,0,231,0,94,0,40,0,18,0,13,0,11,
0,223,250,246,251,28,255,59,3,185,252,55,6,191,245,140,251,190,187,0,182,0,249,0,231,0,94,0,40,0,18,0,13,0,11,
0,223,250,246,251,28,255,59,3,185,252,55,6,235,245,132,251,28,187,0,181,0,250,0,231,0,94,0,40,0,17,0,12,0,11,
0,238,250,75,252,23,255,59,3,185,252,55,6,49,246,184,251,110,186,0,180,0,251,0,231,0,93,0,40,0,17,0,12,0,11,
0,239,250,133,252,10,255,59,3,185,252,55,6,49,246,184,251,158,185,0,179,0,251,0,231,0,94,0,40,0,18,0,13,0,12,
0,12,251,226,252,7,255,59,3,185,252,55,6,223,245,59,252,158,185,0,178,0,251,0,232,0,94,0,40,0,18,0,13,0,11,
0,12,251,226,252,7,255,59,3,185,252,55,6,157,244,142,252,166,187,0,178,0,252,0,232,0,94,0,40,0,18,0,13,0,11,
0,52,251,34,253,251,254,59,3,185,252,55,6,222,245,58,252,252,188,0,177,0,253,0,232,0,93,0,40,0,17,0,13,0,11,
0,35,251,117,253,230,254,59,3,185,252,55,6,24,246,209,251,178,185,0,176,0,253,0,232,0,94,0,40,0,18,0,13,0,11,
0,35,251,117,253,226,254,59,3,185,252,55,6,24,246,209,251,178,185,0,175,0,254,0,233,0,93,0,40,0,17,0,12,0,11,
0,5,251,223,253,226,254,97,3,73,252,15,7,100,245,99,252,152,185,0,174,0,253,0,232,0,94,0,40,0,18,0,13,0,11,
0,37,251,36,254,197,254,97,3,73,252,15,7,20,245,133,252,44,187,0,174,0,254,0,233,0,94,0,40,0,18,0,13,0,11,
0,73,251,150,254,180,254,97,3,73,252,15,7,183,245,23,253,166,189,0,173,0,254,0,234,0,94,0,40,0,17,0,12,0,11,
0,73,251,150,254,180,254,97,3,73,252,15,7,183,245,23,252,237,186,0,172,0,254,0,235,0,94,0,40,0,18,0,13,0,11,
0,57,251,226,254,188,254,97,3,73,252,15,7,50,247,189,252,237,186,0,172,0,254,0,236,0,94,0,40,0,17,0,12,0,11,
0,89,251,26,255,190,254,97,3,73,252,15,7,248,245,252,252,91,184,0,170,0,254,0,237,0,95,0,40,0,18,0,13,0,11,
0,95,251,85,255,192,254,97,3,73,252,15,7,88,246,199,253,225,187,0,170,0,254,0,238,0,95,0,40,0,18,0,13,0,11,
0,95,251,85,255,192,254,97,3,73,252,15,7,235,247,81,253,233,186,0,169,0,254,0,239,0,95,0,40,0,18,0,13,0,11,
0,120,251,138,255,176,254,97,3,73,252,15,7,235,247,81,253,233,186,0,168,0,254,0,242,0,96,0,40,0,20,0,12,0,11,
0,92,251,196,255,137,254,97,3,73,252,15,7,176,246,79,253,180,184,0,168,0,254,0,243,0,97,0,41,0,20,0,13,0,11,
0,116,251,196,0,110,254,97,3,116,252,147,6,126,247,222,253,126,187,0,167,0,254,0,244,0,97,0,41,0,20,0,13,0,11,
0,116,251,41,0,110,254,41,3,116,252,147,6,80,248,213,253,96,187,0,166,0,254,0,246,0,98,0,41,0,20,0,13,0,12,
0,162,251,114,0,107,254,41,3,116,252,147,6,80,248,107,253,57,185,0,165,0,254,0,247,0,99,0,41,0,19,0,13,0,11,
0,152,251,159,0,100,254,41,3,116,252,147,6,16,248,107,253,57,185,0,165,0,255,0,249,0,99,0,41,0,19,0,13,0,11,
0,152,251,159,0,81,254,41,3,116,252,147,6,250,247,174,253,23,187,0,164,0,255,0,250,0,100,0,42,0,20,0,14,0,12,
0,144,251,191,0,81,254,41,3,116,252,147,6,237,248,144,253,245,186,0,163,0,255,0,252,0,101,0,42,0,20,0,14,0,11,
0,151,251,224,0,91,254,41,3,116,252,147,6,45,250,213,253,70,187,0,163,0,255,0,253,0,102,0,43,0,20,0,14,0,12,
0,156,251,13,1,85,254,41,3,116,252,147,6,45,250,213,253,201,185,0,162,0,255,0,255,0,102,0,43,0,19,0,13,0,11,
0,156,251,13,1,85,254,41,3,116,252,147,6,115,250,190,253,201,185,0,162,0,255,1,0,0,103,0,43,0,17,0,14,0,11,
0,146,251,56,1,79,254,41,3,116,252,147,6,134,250,106,253,44,186,0,161,1,0,1,1,0,103,0,43,0,18,0,13,0,11,
0,195,251,107,1,70,254,41,3,116,252,147,6,93,250,231,253,195,186,0,160,0,255,1,2,0,104,0,44,0,19,0,13,0,11,
0,235,251,122,1,47,254,100,3,65,252,211,6,93,250,235,253,156,188,0,160,0,255,1,3,0,105,0,44,0,19,0,13,0,11,
0,235,251,122,1,47,254,100,3,65,252,211,6,197,250,235,253,156,188,0,159,1,0,1,4,0,105,0,44,0,19,0,13,0,11,
0,253,251,139,1,16,254,100,3,65,252,211,6,234,251,253,252,158,186,0,159,0,255,1,5,0,106,0,44,0,20,0,13,0,11,
0,210,251,150,1,18,254,100,3,65,252,211,6,191,250,31,253,243,185,0,159,1,0,1,7,0,106,0,44,0,19,0,13,0,11,
0,230,251,150,1,36,254,100,3,65,252,211,6,218,251,41,253,49,188,0,158,0,255,1,7,0,107,0,45,0,20,0,13,0,11,
0,230,251,151,1,36,254,100,3,65,252,211,6,218,251,41,253,113,187,0,158,1,0,1,8,0,107,0,44,0,19,0,13,0,11,
0,2,252,175,1,39,254,100,3,65,252,211,6,159,252,2,253,113,187,0,157,0,255,1,9,0,108,0,46,0,19,0,13,0,11,
0,240,251,196,1,12,254,100,3,65,252,211,6,189,252,233,252,241,185,0,157,0,255,1,10,0,109,0,46,0,20,0,13,0,11,
0,240,251,196,1,240,253,100,3,65,252,211,6,239,252,252,252,240,187,0,157,0,255,1,11,0,109,0,46,0,20,0,13,0,11,
0,218,251,182,1,240,253,100,3,65,252,211,6,27,254,231,252,49,188,0,156,0,255,1,12,0,110,0,47,0,21,0,14,0,12,
0,205,251,193,1,231,253,54,3,92,252,48,6,27,254,231,252,49,188,0,156,0,255,1,13,0,110,0,47,0,20,0,14,0,11,
0,251,251,169,1,236,253,54,3,92,252,48,6,4,254,231,252,152,188,0,156,0,255,1,14,0,111,0,47,0,20,0,13,0,11,
0,251,251,169,1,236,253,54,3,92,252,48,6,157,254,104,252,189,187,0,156,0,255,1,16,0,111,0,47,0,23,0,14,0,12,
0,30,252,178,1,244,253,54,3,92,252,48,6,192,253,153,252,171,186,0,156,1,0,1,16,0,111,0,46,0,21,0,14,0,11,
0,2,252,130,1,252,253,54,3,92,252,48,6,192,253,42,252,189,188,0,156,0,255,1,17,0,112,0,47,0,22,0,14,0,12,
0,248,251,87,1,248,253,54,3,92,252,48,6,100,254,42,252,189,188,0,156,0,255,1,17,0,113,0,48,0,22,0,14,0,12,
0,248,251,87,1,248,253,54,3,92,252,48,6,231,254,39,252,238,188,0,156,0,255,1,18,0,113,0,48,0,22,0,14,0,11,
0,18,252,89,1,19,254,54,3,92,252,48,6,22,255,251,251,200,188,0,156,1,0,1,19,0,113,0,47,0,21,0,14,0,11,
0,0,252,84,1,38,254,54,3,92,252,48,6,35,255,138,251,62,187,0,156,0,255,1,19,0,114,0,49,0,22,0,14,0,12,
0,212,251,84,1,38,254,54,3,92,252,48,6,35,255,138,251,21,189,0,156,1,0,1,19,0,114,0,49,0,22,0,14,0,12,
0,212,251,48,1,38,254,23,3,10,252,218,6,184,254,77,252,21,189,0,157,0,255,1,19,0,114,0,49,0,22,0,14,0,12,
0,211,251,19,1,26,254,23,3,10,252,218,6,56,255,187,251,135,189,0,157,0,255,1,19,0,114,0,48,0,21,0,14,0,11,
0,222,251,224,0,24,254,23,3,10,252,218,6,255,255,187,251,110,189,0,157,0,254,1,19,0,115,0,49,0,22,0,14,0,12,
0,222,251,224,0,38,254,23,3,10,252,218,6,255,255,30,251,18,189,0,158,0,255,1,19,0,114,0,48,0,21,0,14,0,11,
0,187,251,176,0,38,254,23,3,10,252,218,6,120,0,30,251,18,189,0,158,0,254,1,17,0,114,0,43,0,21,0,15,0,12,
0,184,251,108,0,50,254,23,3,10,252,218,6,129,255,94,251,59,187,0,159,0,253,1,17,0,114,0,45,0,21,0,14,0,12,
0,190,251,37,0,57,254,23,3,10,252,218,6,255,254,186,251,67,190,0,159,0,252,1,16,0,114,0,46,0,21,0,14,0,12,
0,190,251,37,0,57,254,23,3,10,252,218,6,24,0,66,251,110,190,0,159,0,252,1,16,0,114,0,47,0,21,0,14,0,12,
0,159,251,244,255,36,254,23,3,10,252,218,6,24,0,66,251,32,187,0,160,0,251,1,16,0,113,0,46,0,20,0,13,0,11,
0,135,251,212,255,16,254,23,3,10,252,218,6,215,255,210,250,32,187,0,160,0,251,1,14,0,114,0,47,0,20,0,14,0,11,
0,112,251,200,255,15,254,236,2,12,252,121,6,133,255,1,251,168,188,0,161,0,250,1,13,0,113,0,48,0,20,0,14,0,11,
0,112,251,200,255,15,254,236,2,12,252,121,6,5,255,94,251,34,190,0,161,0,250,1,13,0,113,0,48,0,20,0,13,0,11,
0,116,251,176,255,16,254,236,2,12,252,121,6,52,0,208,250,186,189,0,155,0,253,1,14,0,113,0,48,0,21,0,14,0,12,
0,124,251,149,255,23,254,236,2,12,252,121,6,52,0,208,250,186,189,0,145,1,12,1,27,0,114,0,48,0,22,0,14,0,11,
0,124,251,149,255,38,254,236,2,12,252,121,6,3,0,114,251,208,191,0,134,1,44,1,63,0,119,0,50,0,23,0,15,0,12,
0,76,251,80,255,38,254,236,2,12,252,121,6,199,255,186,251,188,204,0,134,1,76,1,83,0,125,0,51,0,23,0,15,0,12,
0,218,251,190,254,16,254,236,2,12,252,121,6,216,15,10,243,192,206,0,136,1,80,1,86,0,129,0,52,0,23,0,14,0,12,
0,11,253,65,254,14,253,236,2,12,252,121,6,216,15,10,11,131,222,0,168,1,80,1,87,0,134,0,54,0,24,0,15,0,12,
0,11,253,65,254,44,250,236,2,12,252,121,6,22,37,38,11,131,222,0,163,1,83,1,88,0,136,0,55,0,23,0,14,0,11,
0,192,254,252,253,44,250,236,2,12,252,121,6,44,56,81,17,199,250,0,133,1,76,1,75,0,138,0,57,0,23,0,14,0,11,
0,202,2,29,251,135,247,236,2,12,252,121,6,134,44,184,21,114,22,0,134,1,59,0,225,0,126,0,55,0,22,0,13,0,10,
0,100,9,228,243,40,246,49,3,13,252,129,6,79,49,194,53,147,22,0,135,0,255,0,133,0,108,0,51,0,20,0,12,0,10,
0,100,9,228,243,40,246,49,3,13,252,129,6,79,49,194,53,147,22,0,135,0,164,0,132,0,97,0,49,0,22,0,14,0,11,
0,25,16,178,235,208,246,49,3,13,252,129,6,40,46,142,77,0,19,0,136,0,137,0,133,0,87,0,46,0,22,0,14,0,11,
0,241,20,97,232,38,250,49,3,13,252,129,6,65,31,160,80,143,12,0,137,0,135,0,133,0,79,0,43,0,21,0,14,0,13,
0,108,23,205,234,84,0,49,3,13,252,129,6,202,16,21,57,30,24,0,139,0,136,0,134,0,72,0,39,0,19,0,14,0,14,
0,108,23,205,234,84,0,49,3,13,252,129,6,202,16,31,42,117,25,0,141,0,140,0,135,0,69,0,42,0,21,0,14,0,13,
0,155,25,155,238,198,6,49,3,13,252,129,6,97,15,31,42,117,25,0,145,0,146,0,135,0,65,0,39,0,20,0,14,0,12,
0,235,27,14,242,61,10,49,3,13,252,129,6,243,7,133,32,62,5,0,151,0,144,0,133,0,60,0,33,0,17,0,12,0,12,
0,235,28,14,242,82,9,49,3,13,252,129,6,93,253,143,17,224,240,0,154,0,137,0,132,0,56,0,30,0,15,0,12,0,12,
0,174,28,89,244,82,9,49,3,13,252,129,6,44,243,90,5,133,222,0,163,0,134,0,132,0,55,0,30,0,16,0,13,0,11,
0,114,27,237,245,126,5,179,3,228,252,176,6,44,243,90,5,62,197,0,184,0,133,0,132,0,52,0,26,0,13,0,11,0,10,
0,48,24,100,246,45,1,179,3,228,252,176,6,30,204,26,205,62,197,0,178,0,134,0,132,0,49,0,23,0,11,0,10,0,10,
0,48,24,100,246,240,255,179,3,228,252,176,6,235,207,105,210,67,213,0,178,0,134,0,134,0,51,0,25,0,14,0,12,0,10,
0,248,18,22,245,240,255,179,3,228,252,176,6,222,206,130,204,53,200,0,183,0,134,0,160,0,53,0,25,0,14,0,11,0,9,
0,184,11,184,244,241,1,179,3,228,252,176,6,222,206,148,195,73,192,0,184,0,136,1,21,0,65,0,24,0,13,0,11,0,11,
0,104,4,15,246,14,5,179,3,228,252,176,6,66,207,148,195,73,192,0,181,0,142,1,80,0,80,0,27,0,12,0,10,0,10,
0,104,4,15,246,14,5,179,3,228,252,176,6,206,205,202,193,52,191,0,178,0,158,1,80,0,94,0,33,0,16,0,11,0,9,
0,35,254,106,247,248,6,179,3,228,252,176,6,232,208,152,204,52,190,0,171,0,193,1,81,0,104,0,35,0,16,0,11,0,9,
0,49,250,55,247,220,6,179,3,228,252,176,6,96,214,68,221,32,182,0,162,0,239,1,79,0,110,0,37,0,14,0,11,0,12,
0,221,248,54,245,179,5,179,3,228,252,176,6,96,214,68,221,99,174,0,154,1,28,1,76,0,117,0,41,0,16,0,12,0,12,
0,221,248,54,245,179,5,177,3,188,252,171,6,232,219,14,234,99,174,0,150,1,68,1,73,0,123,0,45,0,19,0,13,0,11,
0,136,249,112,242,82,5,177,3,188,252,171,6,62,226,251,240,44,165,0,147,1,73,1,64,0,125,0,47,0,20,0,14,0,12,
0,153,251,58,240,142,6,177,3,188,252,171,6,90,229,90,243,240,162,0,146,1,72,1,42,0,124,0,47,0,18,0,12,0,12,
0,153,251,58,240,212,8,177,3,188,252,171,6,6,229,182,246,230,168,0,145,1,70,0,254,0,120,0,49,0,23,0,13,0,11,
0,43,255,35,239,212,8,177,3,188,252,171,6,6,229,182,246,230,168,0,146,1,68,0,193,0,112,0,50,0,23,0,14,0,11,
0,105,3,57,239,164,10,177,3,188,252,171,6,123,229,40,253,147,171,0,147,1,67,0,142,0,99,0,47,0,20,0,13,0,11,
0,194,7,175,240,240,10,177,3,188,252,171,6,81,230,12,3,113,179,0,149,1,67,0,133,0,87,0,42,0,18,0,12,0,11,
0,194,7,175,240,77,9,177,3,188,252,171,6,45,225,160,7,200,193,0,151,1,66,0,133,0,80,0,41,0,20,0,13,0,10,
0,194,11,235,242,77,9,177,3,188,252,171,6,45,225,207,9,173,203,0,154,1,63,0,133,0,76,0,41,0,21,0,14,0,11,
0,71,14,123,245,181,6,177,3,188,252,171,6,245,222,207,9,173,203,0,157,1,61,0,133,0,68,0,36,0,17,0,13,0,11,
0,107,15,227,248,175,4,95,4,252,252,5,7,198,221,161,4,143,209,0,160,1,57,0,134,0,63,0,32,0,16,0,12,0,11,
0,107,15,227,248,175,4,95,4,252,252,5,7,160,219,43,1,43,212,0,163,1,51,0,135,0,61,0,32,0,19,0,14,0,11,
0,183,15,35,253,45,3,95,4,252,252,5,7,136,219,27,254,198,210,0,165,1,43,0,137,0,59,0,31,0,16,0,13,0,11,
0,102,15,110,1,117,2,95,4,252,252,5,7,136,219,27,254,198,212,0,168,1,33,0,140,0,56,0,27,0,14,0,12,0,11,
0,42,14,118,5,79,2,95,4,252,252,5,7,75,223,80,251,191,212,0,171,1,24,0,147,0,56,0,27,0,16,0,12,0,11,
0,42,14,118,5,79,2,95,4,252,252,5,7,100,229,134,248,154,208,0,174,1,18,0,162,0,58,0,28,0,15,0,12,0,11,
0,153,12,167,8,53,2,95,4,252,252,5,7,35,234,86,245,191,202,0,176,1,11,0,185,0,61,0,27,0,16,0,12,0,11,
0,196,10,217,10,87,2,95,4,252,252,5,7,35,234,228,242,204,199,0,180,1,5,0,208,0,63,0,25,0,13,0,11,0,11,
0,196,10,217,10,171,2,95,4,252,252,5,7,39,239,228,242,204,199,0,184,1,1,0,224,0,70,0,28,0,14,0,12,0,11,
0,81,9,156,11,171,2,95,4,252,252,5,7,32,243,252,241,57,196,0,187,1,0,0,237,0,77,0,30,0,15,0,12,0,11,
0,26,8,241,10,64,3,95,4,252,252,5,7,211,246,174,243,203,195,0,191,1,1,0,247,0,80,0,30,0,15,0,11,0,11,
0,105,7,252,8,133,3,202,3,71,253,139,5,86,250,114,245,113,194,0,198,1,2,1,1,0,84,0,30,0,12,0,11,0,11,
0,105,7,252,8,133,3,202,3,71,253,139,5,86,250,114,245,255,194,0,204,1,3,1,11,0,91,0,35,0,16,0,12,0,11,
0,61,7,41,6,164,3,202,3,71,253,139,5,195,251,251,246,255,194,0,211,1,4,1,23,0,97,0,37,0,19,0,13,0,11,
0,143,7,123,3,186,3,202,3,71,253,139,5,34,251,236,247,250,193,0,220,1,5,1,40,0,102,0,38,0,16,0,12,0,11,
0,82,8,197,1,113,3,202,3,71,253,139,5,136,248,50,248,174,197,0,231,1,6,1,57,0,108,0,39,0,18,0,12,0,11,
0,82,8,197,1,113,3,202,3,71,253,139,5,136,248,54,248,149,202,0,243,1,5,1,67,0,115,0,43,0,19,0,13,0,11,
0,66,9,52,1,15,3,202,3,71,253,139,5,206,248,54,248,149,202,0,255,1,4,1,68,0,120,0,46,0,19,0,13,0,11,
0,247,9,164,1,157,2,202,3,71,253,139,5,140,249,31,247,61,202,1,13,1,2,1,68,0,123,0,47,0,19,0,13,0,11,
0,144,10,250,2,92,2,202,3,71,253,139,5,221,249,106,245,240,205,1,28,1,0,1,69,0,127,0,49,0,20,0,13,0,12,
0,144,10,250,2,92,2,202,3,71,253,139,5,59,253,79,243,44,208,1,45,0,253,1,69,0,131,0,52,0,22,0,14,0,11,
0,198,10,194,4,37,2,185,3,46,253,117,7,59,253,79,243,225,204,1,61,0,249,1,70,0,132,0,53,0,22,0,14,0,12,
0,123,10,81,6,249,1,185,3,46,253,117,7,115,255,80,240,225,204,1,70,0,245,1,68,0,132,0,53,0,21,0,13,0,12,
0,123,10,81,6,44,2,185,3,46,253,117,7,115,0,95,237,45,203,1,74,0,241,1,67,0,135,0,55,0,24,0,15,0,12,
0,201,9,155,7,44,2,185,3,46,253,117,7,236,0,188,234,48,201,1,71,0,239,1,65,0,136,0,57,0,25,0,16,0,12,
0,197,8,151,8,98,2,185,3,46,253,117,7,74,1,235,231,54,200,1,66,0,238,1,63,0,136,0,57,0,26,0,15,0,12,
0,154,7,80,9,121,2,185,3,46,253,117,7,74,1,235,231,54,200,1,63,0,235,1,60,0,135,0,56,0,25,0,15,0,12,
0,154,7,80,9,121,2,185,3,46,253,117,7,189,1,197,228,235,196,1,64,0,233,1,58,0,135,0,57,0,25,0,15,0,11,
0,73,6,177,9,146,2,185,3,46,253,117,7,80,0,250,226,94,193,1,90,0,229,1,53,0,136,0,59,0,27,0,16,0,12,
0,33,5,127,9,131,2,185,3,46,253,117,7,144,0,182,225,123,192,1,95,0,225,1,47,0,133,0,57,0,23,0,15,0,12,
0,23,4,237,8,95,2,185,3,46,253,117,7,144,0,245,224,48,191,1,77,0,221,1,39,0,130,0,56,0,23,0,14,0,11,
0,23,4,237,8,95,2,178,3,113,253,130,6,44,3,245,224,48,191,1,74,0,215,1,27,0,129,0,58,0,27,0,16,0,12,
0,54,3,238,7,63,2,178,3,113,253,130,6,122,2,6,224,191,185,1,73,0,208,1,14,0,125,0,56,0,23,0,15,0,11,
0,142,2,173,6,255,1,178,3,113,253,130,6,211,0,147,222,214,183,1,72,0,200,0,255,0,121,0,54,0,25,0,14,0,12,
0,9,2,98,5,168,1,178,3,113,253,130,6,160,1,193,221,57,185,1,72,0,191,0,238,0,116,0,54,0,23,0,15,0,12,
0,9,2,98,5,168,1,178,3,113,253,130,6,160,1,193,221,208,183,1,70,0,182,0,220,0,111,0,52,0,25,0,15,0,11,
0,105,1,15,4,83,1,178,3,113,253,130,6,246,1,206,220,208,183,1,70,0,173,0,202,0,104,0,49,0,21,0,14,0,11,
0,187,0,212,2,191,0,178,3,113,253,130,6,94,2,126,219,76,182,1,69,0,164,0,181,0,96,0,47,0,23,0,14,0,12,
0,187,0,212,2,33,0,178,3,113,253,130,6,160,0,243,218,171,180,1,68,0,156,0,162,0,89,0,45,0,21,0,14,0,11,
0,1,0,210,1,33,0,178,3,113,253,130,6,160,0,218,219,80,183,1,67,0,150,0,148,0,83,0,43,0,22,0,14,0,11,
0,18,255,0,1,122,255,178,3,113,253,130,6,90,1,218,219,80,183,1,67,0,146,0,140,0,75,0,39,0,17,0,13,0,11,
0,24,254,87,0,5,255,172,3,108,253,192,6,169,2,22,220,66,181,1,66,0,142,0,136,0,70,0,36,0,17,0,13,0,11,
0,24,254,87,0,5,255,172,3,108,253,192,6,129,1,222,221,109,178,1,66,0,141,0,135,0,65,0,28,0,16,0,13,0,11,
0,68,253,211,255,133,254,172,3,108,253,192,6,74,0,214,224,48,177,1,65,0,139,0,134,0,62,0,28,0,16,0,13,0,12,
0,160,252,178,255,255,253,172,3,108,253,192,6,74,0,214,224,217,177,1,65,0,138,0,134,0,58,0,27,0,14,0,12,0,11,
0,17,252,172,255,148,253,172,3,108,253,192,6,15,255,72,227,217,177,1,65,0,137,0,134,0,56,0,26,0,14,0,12,0,11,
0,17,252,172,255,148,253,172,3,108,253,192,6,151,255,226,229,232,178,1,63,0,137,0,134,0,55,0,26,0,14,0,12,0,11,
0,189,251,200,255,31,253,172,3,108,253,192,6,52,0,36,232,131,176,1,63,0,137,0,134,0,53,0,24,0,12,0,11,0,11,
0,112,251,235,255,207,252,172,3,108,253,192,6,26,0,129,234,15,176,1,63,0,137,0,134,0,52,0,23,0,12,0,11,0,11,
0,82,251,18,0,130,252,172,3,108,253,192,6,26,0,129,234,15,176,1,63,0,137,0,134,0,51,0,23,0,13,0,11,0,11,
0,82,251,18,0,130,252,172,3,108,253,192,6,106,0,58,237,78,177,1,63,0,137,0,134,0,51,0,23,0,12,0,11,0,10,
0,58,251,40,0,35,252,172,3,108,253,199,6,150,1,34,239,102,178,1,63,0,137,0,134,0,49,0,22,0,12,0,11,0,11,
0,62,251,25,0,202,251,164,3,18,253,199,6,238,1,203,240,246,176,1,63,0,137,0,134,0,48,0,21,0,11,0,10,0,10,
0,62,251,25,0,137,251,164,3,18,253,199,6,238,1,213,242,41,176,1,63,0,137,0,134,0,49,0,23,0,13,0,11,0,11,
0,41,251,251,255,137,251,164,3,18,253,199,6,193,0,213,242,41,176,1,63,0,137,0,133,0,49,0,23,0,13,0,11,0,11,
0,12,251,14,0,107,251,164,3,18,253,199,6,62,0,5,245,81,177,1,65,0,137,0,133,0,47,0,21,0,11,0,10,0,10,
0,247,250,40,0,91,251,164,3,18,253,199,6,135,0,186,246,186,177,1,66,0,137,0,133,0,47,0,21,0,12,0,11,0,11,
0,247,250,40,0,91,251,164,3,18,253,199,6,6,0,142,248,67,176,1,65,0,137,0,134,0,47,0,22,0,12,0,11,0,10,
0,247,250,89,0,33,251,164,3,18,253,199,6,6,0,142,248,67,176,1,65,0,137,0,134,0,48,0,22,0,12,0,11,0,11,
0,5,251,133,0,235,250,164,3,18,253,199,6,8,255,176,249,89,175,1,65,0,137,0,134,0,47,0,21,0,11,0,11,0,11,
0,243,250,212,0,231,250,164,3,18,253,199,6,209,253,159,250,175,174,1,65,0,137,0,135,0,47,0,21,0,11,0,11,0,11,
0,243,250,212,0,231,250,164,3,18,253,199,6,51,253,147,251,55,175,1,64,0,137,0,136,0,48,0,22,0,12,0,11,0,11,
0,209,250,98,1,208,250,128,3,63,253,203,6,51,253,177,251,72,174,1,63,0,137,0,136,0,47,0,21,0,11,0,11,0,10,
0,162,250,13,2,130,250,128,3,63,253,203,6,107,252,177,251,72,174,1,63,0,137,0,136,0,47,0,22,0,12,0,11,0,11,
0,197,250,13,2,66,250,128,3,63,253,203,6,8,252,34,252,38,174,1,62,0,137,0,136,0,48,0,26,0,13,0,11,0,11,
0,197,250,200,2,66,250,128,3,63,253,203,6,202,252,146,252,88,174,1,61,0,138,0,137,0,49,0,25,0,12,0,11,0,10,
0,235,250,98,3,43,250,128,3,63,253,203,6,176,253,24,253,19,175,1,60,0,139,0,137,0,48,0,23,0,12,0,10,0,10,
0,255,250,205,3,11,250,128,3,63,253,203,6,176,253,24,253,123,173,1,59,0,139,0,137,0,48,0,23,0,12,0,11,0,11,
0,255,250,205,3,26,250,128,3,63,253,203,6,184,255,241,252,123,173,1,57,0,139,0,138,0,49,0,23,0,13,0,11,0,11,
0,233,250,239,3,26,250,128,3,63,253,203,6,64,254,63,253,48,172,1,56,0,139,0,139,0,49,0,23,0,12,0,11,0,11,
0,6,251,250,3,72,250,128,3,63,253,203,6,166,254,74,253,11,176,1,55,0,140,0,139,0,48,0,21,0,11,0,10,0,10,
0,34,251,243,3,93,250,128,3,63,253,203,6,166,254,247,251,162,174,1,53,0,140,0,140,0,49,0,22,0,12,0,11,0,11,
0,34,251,243,3,93,250,13,3,82,253,153,6,138,254,247,251,162,174,1,52,0,141,0,141,0,49,0,22,0,12,0,11,0,10,
0,90,251,245,3,110,250,13,3,82,253,153,6,131,252,174,251,191,174,1,49,0,142,0,141,0,50,0,22,0,12,0,11,0,11,
0,62,251,44,4,99,250,13,3,82,253,153,6,215,250,94,251,89,175,1,47,0,143,0,142,0,49,0,22,0,11,0,11,0,11,
0,29,251,148,4,147,250,13,3,82,253,153,6,68,251,153,250,223,179,1,45,0,144,0,144,0,50,0,22,0,13,0,11,0,10,
0,29,251,148,4,147,250,13,3,82,253,153,6,68,251,153,250,113,176,1,43,0,145,0,145,0,51,0,23,0,13,0,11,0,11,
0,220,250,7,5,129,250,13,3,82,253,153,6,13,253,157,249,113,176,1,41,0,146,0,146,0,51,0,23,0,14,0,11,0,11,
0,151,250,85,5,88,250,13,3,82,253,153,6,250,251,204,249,101,177,1,39,0,148,0,149,0,51,0,23,0,13,0,11,0,11,
0,112,250,85,5,77,250,13,3,82,253,153,6,22,253,92,250,63,182,1,37,0,149,0,152,0,53,0,23,0,14,0,12,0,11,
0,112,250,76,5,77,250,13,3,82,253,153,6,217,255,208,249,221,181,1,35,0,151,0,156,0,54,0,23,0,13,0,11,0,11,
0,78,250,85,5,71,250,13,3,82,253,153,6,217,255,208,249,221,181,1,34,0,154,0,163,0,54,0,23,0,12,0,11,0,11,
0,250,249,33,5,86,250,85,3,24,253,150,6,159,254,154,249,129,178,1,33,0,156,0,171,0,57,0,23,0,11,0,11,0,11,
0,250,249,33,5,108,250,85,3,24,253,150,6,154,253,247,249,3,182,1,30,0,158,0,181,0,60,0,25,0,15,0,12,0,11,
0,232,249,152,4,108,250,85,3,24,253,150,6,239,253,212,249,236,184,1,28,0,161,0,195,0,63,0,26,0,13,0,12,0,11,
0,233,249,20,4,153,250,85,3,24,253,150,6,239,253,114,249,85,183,1,26,0,165,0,210,0,67,0,26,0,14,0,11,0,11,
0,205,249,153,3,180,250,85,3,24,253,150,6,207,254,114,249,85,183,1,25,0,169,0,229,0,73,0,28,0,13,0,12,0,11,
0,205,249,153,3,180,250,85,3,24,253,150,6,45,253,250,248,129,180,1,23,0,173,0,251,0,79,0,30,0,16,0,12,0,11,
0,149,249,35,3,211,250,85,3,24,253,150,6,228,251,11,249,83,182,1,21,0,178,1,21,0,87,0,32,0,16,0,12,0,11,
0,100,249,231,2,4,251,85,3,24,253,150,6,224,251,67,249,11,185,1,19,0,184,1,53,0,95,0,35,0,17,0,13,0,12,
0,80,249,137,2,12,251,85,3,24,253,150,6,224,251,67,249,181,184,1,18,0,190,1,72,0,105,0,38,0,16,0,12,0,12,
0,80,249,137,2,12,251,85,3,24,253,150,6,129,252,60,249,181,184,1,17,0,196,1,74,0,112,0,41,0,17,0,13,0,11,
0,36,249,86,2,36,251,50,3,23,253,107,6,138,251,224,249,67,181,1,17,0,202,1,72,0,117,0,42,0,17,0,12,0,11,
0,58,249,10,2,136,251,50,3,23,253,107,6,200,250,117,251,130,183,1,18,0,208,1,67,0,122,0,45,0,19,0,13,0,11,
0,91,249,10,2,239,251,50,3,23,253,107,6,200,250,13,253,238,185,1,19,0,213,1,64,0,125,0,48,0,20,0,13,0,12,
0,91,249,168,1,239,251,50,3,23,253,107,6,80,249,13,253,238,185,1,22,0,217,1,61,0,127,0,49,0,22,0,13,0,11,
0,126,249,68,1,148,252,50,3,23,253,107,6,16,243,127,254,53,187,1,25,0,223,1,58,0,128,0,53,0,22,0,13,0,11,
0,0,250,217,0,6,254,50,3,23,253,107,6,94,241,159,255,116,183,1,27,0,227,1,55,0,129,0,54,0,23,0,14,0,12,
0,0,250,217,0,192,255,50,3,23,253,107,6,128,238,23,0,15,184,1,30,0,232,1,58,0,131,0,55,0,24,0,14,0,11,
0,152,250,173,0,192,255,50,3,23,253,107,6,128,238,23,0,252,186,1,32,0,236,1,55,0,131,0,55,0,24,0,14,0,12,
0,111,251,0,1,203,0,50,3,23,253,107,6,133,234,25,1,252,186,1,35,0,237,1,49,0,129,0,54,0,23,0,14,0,11,
0,69,252,189,1,19,1,50,3,23,253,107,6,172,235,45,1,93,187,1,38,0,236,1,48,0,130,0,55,0,24,0,15,0,12,
0,69,252,189,1,19,1,50,3,23,253,107,6,141,236,251,0,112,184,1,43,0,235,1,49,0,130,0,55,0,24,0,15,0,11,
0,255,252,168,2,43,1,8,3,245,252,22,7,15,236,188,1,219,184,1,47,0,232,1,49,0,130,0,56,0,25,0,15,0,12,
0,128,253,92,3,53,1,8,3,245,252,22,7,15,236,188,1,219,184,1,51,0,230,1,54,0,130,0,56,0,24,0,15,0,12,
0,254,253,16,4,52,1,8,3,245,252,22,7,86,235,105,2,102,184,1,53,0,227,1,56,0,131,0,56,0,24,0,15,0,11,
0,254,253,16,4,52,1,8,3,245,252,22,7,78,235,226,2,203,186,1,52,0,223,1,60,0,132,0,57,0,26,0,15,0,12,
0,123,254,153,4,233,0,8,3,245,252,22,7,52,236,159,2,101,186,1,52,0,221,1,63,0,132,0,56,0,24,0,14,0,11,
0,210,254,41,5,90,0,8,3,245,252,22,7,52,236,159,1,73,183,1,50,0,219,1,65,0,134,0,57,0,23,0,14,0,12,
0,210,255,41,5,193,255,8,3,245,252,22,7,130,236,171,1,73,183,1,47,0,218,1,65,0,135,0,58,0,24,0,15,0,12,
0,13,255,155,5,193,255,8,3,245,252,22,7,107,236,242,0,153,183,1,44,0,217,1,65,0,135,0,57,0,23,0,14,0,11,
0,36,255,211,5,16,255,8,3,245,252,22,7,59,237,72,0,156,186,1,41,0,217,1,65,0,135,0,57,0,23,0,14,0,11,
0,255,254,11,6,109,254,8,3,245,252,22,7,32,240,89,255,1,186,1,36,0,217,1,63,0,136,0,58,0,27,0,16,0,12,
0,255,254,11,6,192,253,194,2,238,252,34,6,32,240,89,255,1,186,1,32,0,217,1,63,0,136,0,59,0,26,0,15,0,12,
0,162,254,49,6,192,253,194,2,238,252,34,6,2,241,235,254,244,183,1,27,0,218,1,63,0,136,0,59,0,27,0,16,0,12,
0,82,254,98,6,38,253,194,2,238,252,34,6,170,240,168,255,58,185,1,21,0,220,1,62,0,136,0,58,0,25,0,15,0,12,
0,245,253,168,6,220,252,194,2,238,252,34,6,121,243,251,255,124,188,1,15,0,222,1,63,0,136,0,59,0,26,0,16,0,12,
0,245,253,168,6,220,252,194,2,238,252,34,6,121,243,141,254,211,183,1,6,0,224,1,63,0,136,0,59,0,26,0,16,0,12,
0,184,253,229,6,111,252,194,2,238,252,34,6,19,245,141,254,211,183,0,253,0,226,1,62,0,136,0,59,0,26,0,16,0,12,
0,112,253,241,6,23,252,194,2,238,252,34,6,195,244,201,254,151,184,0,243,0,228,1,62,0,136,0,59,0,26,0,16,0,13,
0,110,253,183,6,242,251,194,2,238,252,34,6,127,246,163,254,7,188,0,232,0,230,1,62,0,136,0,59,0,26,0,16,0,12,
0,110,253,183,6,242,251,194,2,238,252,34,6,56,249,203,253,99,187,0,222,0,233,1,62,0,136,0,59,0,27,0,16,0,13,
0,99,253,105,6,219,251,194,2,238,252,34,6,56,249,203,253,252,182,0,211,0,235,1,61,0,136,0,59,0,25,0,16,0,12,
0,78,253,65,6,242,251,169,2,253,252,254,5,45,250,56,252,252,182,0,200,0,236,1,59,0,136,0,59,0,26,0,16,0,12,
0,78,253,65,6,23,252,169,2,253,252,254,5,90,249,133,252,189,185,0,190,0,239,1,59,0,136,0,59,0,27,0,16,0,12,
0,108,253,240,5,23,252,169,2,253,252,254,5,55,251,87,252,204,188,0,179,0,241,1,59,0,136,0,59,0,26,0,16,0,12,
0,121,253,172,5,28,252,169,2,253,252,254,5,55,253,252,250,168,184,0,169,0,244,1,58,0,136,0,59,0,26,0,16,0,12,
0,164,253,88,5,66,252,169,2,253,252,254,5,27,253,252,250,168,184,0,161,0,247,1,59,0,135,0,59,0,25,0,15,0,12,
0,164,253,88,5,69,252,169,2,253,252,254,5,34,252,167,251,43,184,0,153,0,250,1,58,0,135,0,59,0,27,0,16,0,12,
0,198,253,8,5,69,252,169,2,253,252,254,5,59,253,242,251,26,187,0,148,0,254,1,58,0,135,0,59,0,26,0,16,0,12,
0,247,253,221,4,114,252,169,2,253,252,254,5,34,255,83,251,143,185,0,144,1,1,1,57,0,134,0,58,0,25,0,15,0,12,
0,40,254,206,4,166,252,169,2,253,252,254,5,34,255,83,251,178,185,0,142,1,6,1,57,0,134,0,52,0,24,0,16,0,12,
0,40,254,206,4,166,252,169,2,253,252,254,5,129,254,0,252,178,185,0,139,1,9,1,57,0,134,0,54,0,25,0,16,0,12,
0,96,254,163,4,206,252,174,2,239,252,120,6,110,255,236,251,43,187,0,138,1,13,1,56,0,134,0,55,0,24,0,15,0,12,
0,193,254,101,4,252,252,174,2,239,252,120,6,0,0,184,251,139,188,0,137,1,16,1,55,0,133,0,55,0,25,0,16,0,12,
0,38,255,77,4,23,253,174,2,239,252,120,6,213,255,79,251,128,187,0,137,1,20,1,55,0,133,0,56,0,24,0,15,0,12,
0,38,255,77,4,23,253,174,2,239,252,120,6,213,255,79,251,128,187,0,137,1,23,1,54,0,133,0,57,0,25,0,16,0,12,
0,80,255,84,4,58,253,174,2,239,252,120,6,238,254,85,251,180,187,0,137,1,27,1,53,0,132,0,56,0,24,0,15,0,11,
0,133,255,50,4,111,253,174,2,239,252,120,6,201,255,23,251,170,190,0,137,1,30,1,52,0,132,0,57,0,25,0,15,0,12,
0,133,255,50,4,168,253,174,2,239,252,120,6,204,0,178,250,101,190,0,137,1,33,1,50,0,132,0,57,0,25,0,16,0,12,
0,182,255,6,4,168,253,174,2,239,252,120,6,204,0,194,250,112,190,0,137,1,36,1,49,0,131,0,56,0,25,0,15,0,12,
0,41,0,191,3,193,253,174,2,239,252,120,6,118,0,194,250,112,190,0,137,1,38,1,47,0,131,0,57,0,23,0,15,0,12,
0,77,0,115,3,215,253,174,2,239,252,120,6,198,1,13,251,77,193,0,137,1,40,1,46,0,130,0,56,0,23,0,15,0,12,
0,77,0,115,3,215,254,174,2,239,252,120,6,78,3,6,250,198,190,0,137,1,41,1,44,0,130,0,57,0,24,0,15,0,12,
0,63,0,1,3,21,254,141,2,11,253,29,6,28,2,73,250,229,191,0,137,1,41,1,43,0,129,0,57,0,24,0,15,0,12,
0,96,0,94,2,69,254,141,2,11,253,29,6,28,2,73,250,35,195,0,137,1,41,1,41,0,129,0,56,0,24,0,15,0,12,
0,163,0,201,1,116,254,141,2,11,253,29,6,213,1,99,250,35,195,0,138,1,41,1,40,0,128,0,59,0,25,0,16,0,12,
0,163,0,201,1,116,254,141,2,11,253,29,6,8,4,239,248,28,192,0,138,1,41,1,39,0,127,0,58,0,24,0,15,0,12,
0,189,0,16,1,153,254,141,2,11,253,29,6,49,2,196,248,196,189,0,138,1,40,1,37,0,127,0,57,0,25,0,15,0,12,
0,179,0,97,0,194,254,141,2,11,253,29,6,49,2,236,248,166,193,0,138,1,39,1,36,0,126,0,56,0,25,0,15,0,12,
0,150,0,223,255,231,254,141,2,11,253,29,6,211,1,236,248,166,193,0,138,1,38,1,35,0,125,0,55,0,24,0,15,0,12,
0,150,0,223,255,231,254,141,2,11,253,29,6,128,3,215,247,173,192,0,139,1,37,1,34,0,124,0,55,0,23,0,14,0,11,
0,67,0,103,255,247,254,141,2,11,253,29,6,11,3,91,247,232,188,0,139,1,36,1,33,0,124,0,55,0,24,0,15,0,12,
0,237,255,5,255,9,255,141,2,11,253,29,6,219,2,194,247,40,191,0,139,1,36,1,32,0,124,0,59,0,25,0,14,0,11,
0,237,255,5,255,51,255,133,2,22,253,231,6,219,2,194,247,145,192,0,139,1,35,1,32,0,123,0,58,0,25,0,15,0,11,
0,170,255,138,254,51,255,133,2,22,253,231,6,148,3,232,247,145,192,0,139,1,35,1,31,0,122,0,56,0,26,0,14,0,11,
0,108,255,49,254,61,255,133,2,22,253,231,6,131,5,116,247,13,191,0,139,1,35,1,31,0,122,0,55,0,25,0,14,0,11,
0,255,254,189,253,71,255,133,2,22,253,231,6,180,4,94,247,41,187,0,139,1,34,1,31,0,122,0,55,0,26,0,16,0,12,
0,255,254,189,253,71,255,133,2,22,253,231,6,32,4,27,248,189,190,0,139,1,34,1,31,0,122,0,55,0,25,0,15,0,12,
0,197,254,55,253,88,255,133,2,22,253,231,6,32,4,27,248,189,190,0,139,1,34,1,31,0,121,0,54,0,25,0,15,0,12,
0,155,254,184,252,134,255,133,2,22,253,231,6,147,4,171,247,29,191,0,139,1,34,1,31,0,121,0,53,0,23,0,15,0,11,
0,116,254,57,252,178,255,133,2,22,253,231,6,185,4,101,247,191,188,0,139,1,34,1,30,0,121,0,54,0,25,0,15,0,12,
0,116,254,57,252,178,255,133,2,22,253,231,6,209,3,149,247,230,187,0,139,1,35,1,30,0,121,0,53,0,23,0,15,0,12,
0,94,254,220,251,213,255,133,2,22,253,231,6,209,3,149,248,131,189,0,139,1,35,1,29,0,121,0,53,0,24,0,15,0,12,
0,50,254,166,251,1,0,121,2,12,253,184,5,149,2,50,248,131,189,0,139,1,36,1,30,0,121,0,53,0,24,0,15,0,12,
0,20,254,107,251,44,0,121,2,12,253,184,5,88,3,108,248,28,191,0,139,1,36,1,30,0,120,0,52,0,23,0,15,0,11,
0,20,254,107,251,44,0,121,2,12,253,184,5,138,3,59,248,8,189,0,139,1,38,1,29,0,120,0,52,0,23,0,14,0,11,
0,232,253,89,251,55,0,121,2,12,253,184,5,163,2,96,248,165,187,0,139,1,38,1,28,0,120,0,53,0,23,0,15,0,12,
0,235,253,31,251,88,0,121,2,12,253,184,5,163,2,96,248,165,187,0,139,1,38,1,28,0,120,0,52,0,23,0,15,0,12,
0,235,253,31,251,109,0,121,2,12,253,184,5,206,1,90,249,255,189,0,140,1,40,1,28,0,119,0,52,0,23,0,14,0,11,
0,244,253,250,250,109,0,121,2,12,253,184,5,104,2,115,249,6,191,0,140,1,40,1,27,0,119,0,52,0,23,0,14,0,12,
0,220,253,173,250,168,0,121,2,12,253,184,5,166,2,67,249,215,189,0,140,1,40,1,27,0,119,0,52,0,23,0,15,0,12,
0,214,253,94,250,216,0,121,2,12,253,184,5,166,2,208,248,168,187,0,140,1,40,1,27,0,119,0,51,0,23,0,14,0,11,
0,214,253,94,250,216,0,121,2,12,253,184,5,79,1,208,248,168,187,0,140,1,40,1,26,0,119,0,52,0,23,0,14,0,12,
0,201,253,38,250,18,1,197,2,20,253,241,5,237,255,154,249,50,190,0,140,1,40,1,25,0,119,0,51,0,23,0,14,0,12,
0,190,253,220,249,65,1,197,2,20,253,241,5,251,255,114,249,12,192,0,141,1,40,1,25,0,119,0,51,0,23,0,15,0,12,
0,177,253,171,249,81,1,197,2,20,253,241,5,96,0,238,248,117,189,0,141,1,40,1,26,0,119,0,52,0,23,0,14,0,12,
0,177,253,171,249,81,1,197,2,20,253,241,5,96,0,238,248,195,188,0,142,1,41,1,26,0,118,0,51,0,22,0,14,0,11,
0,152,253,130,249,116,1,197,2,20,253,241,5,10,254,59,249,195,188,0,142,1,41,1,27,0,119,0,51,0,23,0,14,0,11,
0,136,253,114,249,149,1,197,2,20,253,241,5,166,254,83,249,58,191,0,143,1,41,1,27,0,119,0,51,0,23,0,15,0,12,
0,116,253,110,249,171,1,197,2,20,253,241,5,14,254,228,248,229,188,0,144,1,42,1,28,0,119,0,51,0,23,0,14,0,11,
0,116,253,110,249,171,1,197,2,20,253,241,5,14,253,107,249,192,189,0,144,1,42,1,28,0,119,0,51,0,23,0,15,0,12,
0,85,253,108,249,171,1,197,2,20,253,241,5,47,253,107,249,192,189,0,145,1,42,1,29,0,119,0,51,0,23,0,14,0,11,
0,73,253,98,249,211,1,197,2,20,253,241,5,211,253,107,249,53,191,0,146,1,41,1,29,0,119,0,51,0,23,0,15,0,11,
0,73,253,98,249,254,1,197,2,20,253,241,5,124,253,26,249,157,187,0,147,1,41,1,30,0,119,0,52,0,23,0,15,0,12,
0,64,253,82,249,254,1,4,3,199,252,217,7,24,252,109,249,203,188,0,149,1,41,1,31,0,119,0,51,0,22,0,14,0,12,
0,67,253,63,249,254,1,4,3,199,252,217,7,24,252,109,249,166,190,0,150,1,41,1,31,0,119,0,51,0,23,0,14,0,11,
0,70,253,60,249,11,2,4,3,199,252,217,7,54,251,96,249,166,190,0,151,1,41,1,30,0,120,0,52,0,23,0,15,0,12,
0,70,253,60,249,11,2,4,3,199,252,217,7,217,251,232,248,150,189,0,153,1,40,1,31,0,120,0,52,0,23,0,14,0,11,
0,76,253,33,249,17,2,4,3,199,252,217,7,89,251,197,248,212,188,0,155,1,40,1,31,0,120,0,52,0,23,0,15,0,12,
0,58,253,65,249,51,2,4,3,199,252,217,7,113,250,210,248,136,188,0,157,1,40,1,31,0,120,0,52,0,23,0,14,0,11,
0,27,253,90,249,49,2,4,3,199,252,217,7,113,250,210,248,136,188,0,159,1,39,1,31,0,121,0,52,0,23,0,15,0,12,
0,27,253,90,249,49,2,4,3,199,252,217,7,235,249,85,249,33,189,0,161,1,39,1,31,0,120,0,52,0,23,0,14,0,11,
0,2,253,86,249,14,2,4,3,199,252,217,7,91,250,134,249,183,189,0,163,1,38,1,30,0,121,0,52,0,23,0,15,0,12,
0,249,252,114,249,13,2,4,3,199,252,217,7,18,251,31,249,51,188,0,165,1,38,1,30,0,121,0,52,0,23,0,15,0,12,
0,232,252,155,249,28,2,252,2,246,252,115,6,18,251,117,249,238,187,0,166,1,37,1,30,0,120,0,52,0,23,0,14,0,12,
0,232,252,155,249,28,2,252,2,246,252,115,6,117,249,117,249,238,187,0,168,1,36,1,28,0,121,0,52,0,23,0,15,0,12,
0,220,252,182,249,23,2,252,2,246,252,115,6,139,248,203,249,134,189,0,169,1,36,1,28,0,119,0,52,0,23,0,14,0,11,
0,241,252,209,249,38,2,252,2,246,252,115,6,152,249,157,249,223,188,0,170,1,35,1,27,0,120,0,52,0,23,0,15,0,12,
0,241,252,209,249,54,2,252,2,246,252,115,6,9,249,166,249,53,187,0,171,1,35,1,27,0,120,0,52,0,23,0,15,0,12,
0,218,252,26,250,54,2,252,2,246,252,115,6,9,249,166,249,199,187,0,172,1,35,1,26,0,119,0,51,0,23,0,14,0,11,
0,199,252,107,250,44,2,252,2,246,252,115,6,210,247,149,249,199,187,0,173,1,35,1,25,0,119,0,52,0,23,0,15,0,12,
0,173,252,145,250,60,2,252,2,246,252,115,6,181,247,159,249,91,188,0,174,1,35,1,24,0,118,0,51,0,23,0,14,0,11,
0,173,252,145,250,60,2,252,2,246,252,115,6,115,247,254,249,184,188,0,174,1,34,1,23,0,119,0,52,0,23,0,15,0,12,
0,194,252,185,250,30,2,252,2,246,252,115,6,115,247,48,250,108,188,0,174,1,34,1,22,0,118,0,51,0,23,0,15,0,12,
0,16,253,21,251,10,2,48,3,197,252,177,6,100,248,48,250,108,188,0,175,1,34,1,21,0,117,0,51,0,23,0,14,0,11,
0,13,253,79,251,251,1,48,3,197,252,177,6,162,247,35,250,20,189,0,175,1,35,1,20,0,117,0,51,0,23,0,14,0,11,
0,13,253,79,251,251,1,48,3,197,252,177,6,229,246,182,250,93,188,0,175,1,34,1,19,0,117,0,51,0,23,0,15,0,12,
0,198,252,137,251,7,2,48,3,197,252,177,6,41,247,223,250,175,188,0,175,1,34,1,18,0,116,0,51,0,23,0,14,0,12,
0,222,252,174,251,17,2,48,3,197,252,177,6,41,247,223,250,25,188,0,175,1,35,1,17,0,116,0,51,0,23,0,15,0,12,
0,251,252,174,251,28,2,48,3,197,252,177,6,81,247,217,250,25,188,0,175,1,35,1,17,0,115,0,50,0,22,0,14,0,11,
0,251,252,190,251,28,2,48,3,197,252,177,6,75,246,198,250,198,186,0,175,1,35,1,16,0,115,0,50,0,23,0,14,0,12,
0,249,252,232,251,57,2,48,3,197,252,177,6,202,245,50,251,83,189,0,176,1,35,1,16,0,114,0,49,0,22,0,14,0,11,
0,237,252,25,252,42,2,48,3,197,252,177,6,183,246,52,251,89,189,0,175,1,35,1,14,0,115,0,50,0,21,0,14,0,11,
0,237,252,25,252,31,2,48,3,197,252,177,6,183,246,52,251,89,189,0,175,1,35,1,14,0,114,0,49,0,21,0,14,0,11,
0,237,252,88,252,31,2,157,3,139,252,75,6,159,246,39,251,230,185,0,175,1,36,1,14,0,113,0,49,0,20,0,14,0,11,
0,5,253,148,252,251,1,157,3,139,252,75,6,12,246,139,251,238,188,0,176,1,36,1,13,0,113,0,49,0,21,0,14,0,12,
0,14,253,248,252,28,2,157,3,139,252,75,6,247,245,250,251,240,189,0,176,1,36,1,14,0,113,0,48,0,21,0,13,0,11,
0,14,253,248,252,28,2,157,3,139,252,75,6,247,245,250,251,237,189,0,176,1,36,1,13,0,113,0,49,0,21,0,14,0,11,
0,16,253,97,253,28,2,157,3,139,252,75,6,171,247,122,251,237,189,0,177,1,36,1,13,0,113,0,49,0,21,0,14,0,12,
0,45,253,178,253,239,1,157,3,139,252,75,6,31,247,115,251,158,186,0,177,1,37,1,14,0,112,0,43,0,20,0,14,0,12,
0,71,253,244,253,198,1,157,3,139,252,75,6,64,246,134,252,209,188,0,177,1,37,1,14,0,113,0,44,0,20,0,14,0,12,
0,71,253,244,253,198,1,157,3,139,252,75,6,36,247,186,252,152,190,0,178,1,37,1,15,0,112,0,45,0,20,0,14,0,11,
0,74,253,22,254,227,1,157,3,139,252,75,6,36,247,186,252,152,190,0,178,1,37,1,15,0,113,0,46,0,20,0,14,0,12,
0,54,253,66,254,208,1,157,3,139,252,75,6,81,247,26,252,11,188,0,178,1,37,1,16,0,113,0,47,0,23,0,14,0,12,
0,81,253,66,254,202,1,157,3,159,252,47,5,238,246,39,252,141,186,0,179,1,38,1,17,0,113,0,47,0,22,0,14,0,11,
0,81,253,128,254,202,1,88,3,159,252,47,5,130,246,135,252,3,189,0,180,1,38,1,17,0,113,0,47,0,22,0,14,0,12,
0,106,253,196,254,222,1,88,3,159,252,47,5,130,246,49,252,97,189,0,180,1,38,1,18,0,113,0,47,0,21,0,14,0,11,
0,87,253,27,255,204,1,88,3,159,252,47,5,213,246,49,252,97,189,0,180,1,38,1,19,0,114,0,48,0,22,0,14,0,12,
0,87,253,27,255,190,1,88,3,159,252,47,5,42,247,151,252,123,189,0,181,1,39,1,19,0,114,0,48,0,22,0,14,0,12,
0,117,253,74,255,190,1,88,3,159,252,47,5,74,248,40,252,77,188,0,183,1,40,1,21,0,114,0,48,0,21,0,14,0,11,
0,164,253,143,255,164,1,88,3,159,252,47,5,12,247,181,252,195,186,0,183,1,40,1,22,0,115,0,49,0,22,0,14,0,12,
0,176,253,216,255,157,1,88,3,159,252,47,5,12,247,181,252,109,191,0,184,1,40,1,23,0,115,0,48,0,21,0,14,0,11,
0,176,253,216,255,157,1,88,3,159,252,47,5,211,247,7,253,109,191,0,185,1,40,1,23,0,116,0,49,0,22,0,14,0,11,
0,178,253,8,0,184,1,88,3,159,252,47,5,232,249,66,252,50,188,0,186,1,40,1,25,0,116,0,49,0,22,0,14,0,12,
0,195,253,56,0,202,1,88,3,159,252,47,5,113,247,213,252,79,187,0,187,1,40,1,26,0,116,0,49,0,22,0,14,0,11,
0,188,253,86,0,205,1,48,3,174,252,66,7,113,248,17,253,239,191,0,188,1,39,1,27,0,117,0,50,0,23,0,14,0,12,
0,188,253,86,0,205,1,48,3,174,252,66,7,205,248,17,253,239,191,0,189,1,40,1,28,0,117,0,49,0,22,0,14,0,11,
0,208,253,122,0,193,1,48,3,174,252,66,7,90,250,37,252,161,189,0,190,1,39,1,29,0,118,0,50,0,23,0,14,0,12,
0,239,253,146,0,184,1,48,3,174,252,66,7,112,248,57,252,36,187,0,190,1,39,1,30,0,119,0,50,0,23,0,15,0,12,
0,26,254,146,0,197,1,48,3,174,252,66,7,154,248,101,252,118,190,0,191,1,40,1,31,0,119,0,50,0,22,0,14,0,11,
0,26,254,169,0,197,1,48,3,174,252,66,7,154,248,101,252,55,190,0,192,1,39,1,32,0,120,0,51,0,21,0,14,0,12,
0,48,254,227,0,194,1,48,3,174,252,66,7,17,250,11,252,55,190,0,193,1,40,1,34,0,120,0,55,0,21,0,13,0,11,
0,59,254,27,1,175,1,48,3,174,252,66,7,11,250,142,251,234,188,0,193,1,39,1,34,0,121,0,55,0,23,0,14,0,11,
0,59,254,27,1,156,1,48,3,174,252,66,7,61,249,58,252,220,190,0,194,1,39,1,35,0,121,0,55,0,23,0,14,0,11,
0,58,254,73,1,156,1,48,3,174,252,66,7,81,251,211,251,168,190,0,195,1,39,1,37,0,121,0,54,0,23,0,14,0,11,
0,81,254,112,1,170,1,115,3,169,252,178,6,81,251,211,251,168,190,0,197,1,39,1,38,0,122,0,54,0,23,0,14,0,11,
0,89,254,95,1,152,1,115,3,169,252,178,6,19,251,154,251,47,190,0,198,1,38,1,38,0,123,0,54,0,24,0,15,0,12,
0,89,254,95,1,152,1,115,3,169,252,178,6,134,250,202,251,240,189,0,200,1,38,1,39,0,123,0,54,0,23,0,14,0,11,
0,84,254,92,1,157,1,115,3,169,252,178,6,83,251,123,251,236,190,0,202,1,38,1,40,0,123,0,53,0,23,0,14,0,11,
0,137,254,100,1,151,1,115,3,169,252,178,6,83,251,39,251,13,191,0,203,1,38,1,40,0,124,0,54,0,23,0,14,0,11,
0,172,254,115,1,130,1,115,3,169,252,178,6,164,251,39,251,13,191,0,205,1,37,1,40,0,124,0,54,0,23,0,15,0,12,
0,172,254,115,1,130,1,115,3,169,252,178,6,16,251,223,250,137,189,0,208,1,37,1,41,0,124,0,53,0,23,0,14,0,11,
0,176,254,120,1,109,1,115,3,169,252,178,6,139,250,8,251,120,191,0,209,1,36,1,41,0,125,0,54,0,23,0,15,0,12,
0,178,254,98,1,141,1,115,3,169,252,178,6,176,252,83,250,218,191,0,212,1,36,1,41,0,125,0,54,0,23,0,15,0,12,
0,178,254,98,1,143,1,115,3,169,252,178,6,176,252,83,250,193,189,0,215,1,37,1,42,0,125,0,54,0,23,0,14,0,11,
0,168,254,81,1,143,1,147,3,129,252,98,6,71,251,83,250,193,189,0,216,1,36,1,41,0,126,0,54,0,23,0,15,0,12,
0,140,254,79,1,129,1,147,3,129,252,98,6,207,251,185,250,181,192,0,219,1,36,1,41,0,125,0,54,0,23,0,14,0,11,
0,175,254,53,1,132,1,147,3,129,252,98,6,174,252,123,250,38,193,0,221,1,35,1,40,0,126,0,54,0,24,0,15,0,12,
0,175,254,53,1,130,1,147,3,129,252,98,6,174,252,136,249,110,190,0,223,1,35,1,40,0,125,0,54,0,23,0,14,0,11,
0,233,254,60,1,130,1,147,3,129,252,98,6,88,253,136,249,110,190,0,225,1,34,1,40,0,125,0,54,0,23,0,14,0,12,
0,202,254,42,1,145,1,147,3,129,252,98,6,252,250,107,250,34,191,0,227,1,34,1,40,0,125,0,54,0,23,0,14,0,12,
0,122,254,29,1,180,1,147,3,129,252,98,6,21,253,68,250,223,194,0,229,1,33,1,38,0,126,0,55,0,24,0,15,0,12,
0,122,254,29,1,180,1,147,3,129,252,98,6,171,253,254,248,67,190,0,231,1,32,1,37,0,125,0,54,0,24,0,15,0,12,
0,93,254,239,0,186,1,147,3,129,252,98,6,171,253,254,248,158,191,0,232,1,32,1,36,0,125,0,55,0,24,0,15,0,12,
0,156,254,211,0,197,1,147,3,129,252,98,6,191,251,134,249,158,191,0,235,1,32,1,36,0,124,0,54,0,23,0,14,0,12,
0,134,254,221,0,207,1,93,3,148,252,175,6,54,253,162,249,62,195,0,236,1,31,1,35,0,124,0,55,0,24,0,15,0,12,
0,134,254,221,0,207,1,93,3,148,252,175,6,46,254,23,249,249,192,0,238,1,31,1,35,0,124,0,54,0,23,0,14,0,12,
0,188,254,176,0,215,1,93,3,148,252,175,6,3,253,207,248,142,190,0,239,1,30,1,33,0,124,0,54,0,23,0,15,0,11,
0,137,254,157,0,241,1,93,3,148,252,175,6,3,253,207,248,142,190,0,241,1,30,1,33,0,123,0,54,0,24,0,15,0,12,
0,137,254,157,0,239,1,93,3,148,252,175,6,145,252,58,249,221,192,0,243,1,30,1,32,0,123,0,54,0,23,0,14,0,11,
0,92,254,119,0,239,1,93,3,148,252,175,6,96,253,124,249,219,193,0,245,1,30,1,31,0,122,0,53,0,25,0,14,0,11,
0,110,254,102,0,247,1,93,3,148,252,175,6,135,254,33,249,235,192,0,247,1,29,1,30,0,122,0,54,0,25,0,16,0,12,
0,104,254,89,0,2,2,93,3,148,252,175,6,135,254,33,248,34,190,0,249,1,28,1,29,0,122,0,53,0,24,0,15,0,12,
0,104,254,89,0,251,1,93,3,148,252,175,6,113,253,202,248,34,190,0,250,1,28,1,28,0,121,0,53,0,24,0,15,0,12,
0,110,254,43,0,251,1,93,3,148,252,175,6,239,252,83,249,104,192,0,252,1,27,1,27,0,120,0,52,0,23,0,14,0,11,
0,135,254,24,0,245,1,93,3,148,252,175,6,84,253,50,249,252,193,0,253,1,27,1,25,0,120,0,52,0,23,0,15,0,12,
0,159,254,6,0,225,1,95,3,119,252,18,6,219,253,41,249,166,193,0,255,1,26,1,25,0,119,0,52,0,23,0,14,0,11,
0,159,254,6,0,225,1,95,3,119,252,18,6,219,253,41,249,166,193,1,0,1,25,1,23,0,119,0,52,0,23,0,14,0,11,
0,183,254,227,255,214,1,95,3,119,252,18,6,153,253,76,248,35,190,1,1,1,24,1,22,0,119,0,52,0,23,0,15,0,12,
0,133,254,212,255,231,1,95,3,119,252,18,6,249,252,5,249,216,191,1,3,1,23,1,21,0,118,0,52,0,23,0,15,0,12,
0,108,254,189,255,236,1,95,3,119,252,18,6,199,252,110,249,206,193,1,3,1,23,1,20,0,118,0,52,0,24,0,15,0,12,
0,108,254,189,255,236,1,95,3,119,252,18,6,199,252,248,248,122,194,1,5,1,23,1,19,0,117,0,51,0,23,0,14,0,11,
0,97,254,159,255,226,1,95,3,119,252,18,6,40,254,248,248,122,194,1,6,1,22,1,18,0,117,0,51,0,23,0,15,0,11,
0,81,254,132,255,227,1,95,3,119,252,18,6,73,254,171,248,139,191,1,7,1,21,1,16,0,116,0,51,0,23,0,15,0,12,
0,81,254,132,255,251,1,95,3,119,252,18,6,105,253,61,249,208,190,1,8,1,21,1,16,0,115,0,50,0,22,0,14,0,11,
0,97,254,76,255,251,1,95,3,119,252,18,6,140,252,122,249,219,192,1,10,1,20,1,15,0,115,0,50,0,20,0,14,0,11,
0,100,254,65,255,10,2,104,3,107,252,252,6,140,252,122,249,62,193,1,10,1,19,1,13,0,115,0,51,0,22,0,14,0,12,
0,75,254,48,255,7,2,104,3,107,252,252,6,49,253,98,249,62,193,1,12,1,19,1,13,0,114,0,50,0,22,0,14,0,11,
0,75,254,48,255,7,1,104,3,107,252,252,6,99,254,39,249,51,193,1,13,1,18,1,12,0,113,0,49,0,22,0,14,0,11,
0,109,254,40,255,254,1,104,3,107,252,252,6,163,253,251,248,22,189,1,15,1,17,1,11,0,113,0,49,0,21,0,14,0,11,
0,127,254,28,255,1,2,104,3,107,252,252,6,163,252,188,249,183,191,1,16,1,17,1,11,0,112,0,48,0,21,0,13,0,11,
0,161,254,15,255,4,2,104,3,107,252,252,6,62,252,188,249,183,191,1,17,1,16,1,10,0,112,0,49,0,22,0,14,0,12,
0,161,254,15,255,4,2,104,3,107,252,252,6,241,252,50,250,235,194,1,18,1,16,1,9,0,112,0,48,0,21,0,14,0,11,
0,153,254,25,255,18,2,104,3,107,252,252,6,47,254,61,249,37,192,1,20,1,15,1,9,0,111,0,48,0,21,0,14,0,11,
0,138,254,3,255,5,2,104,3,107,252,252,6,138,252,218,249,38,189,1,21,1,15,1,9,0,111,0,47,0,20,0,13,0,11,
0,147,254,238,254,255,1,104,3,107,252,252,6,138,252,218,249,12,195,1,22,1,14,1,8,0,111,0,48,0,21,0,14,0,11,
0,147,254,238,254,255,1,64,3,136,252,62,6,243,252,184,250,12,195,1,23,1,14,1,8,0,110,0,47,0,20,0,13,0,11,
0,188,254,222,254,2,2,64,3,136,252,62,6,201,253,41,250,82,193,1,23,1,13,1,8,0,111,0,47,0,21,0,14,0,12,
0,200,254,199,254,233,1,64,3,136,252,62,6,59,253,193,249,102,190,1,25,1,13,1,8,0,110,0,47,0,21,0,14,0,12,
0,200,254,199,254,198,1,64,3,136,252,62,6,191,251,203,250,154,192,1,26,1,14,1,8,0,110,0,47,0,20,0,13,0,11,
0,181,254,162,254,198,1,64,3,136,252,62,6,191,251,203,250,154,192,1,27,1,13,1,7,0,110,0,47,0,20,0,13,0,11,
0,220,254,161,254,189,1,64,3,136,252,62,6,186,253,33,250,227,192,1,27,1,12,1,6,0,110,0,47,0,21,0,14,0,12,
0,207,254,151,254,175,1,64,3,136,252,62,6,157,252,63,250,32,191,1,27,1,11,1,5,0,110,0,47,0,21,0,14,0,11,
0,207,254,151,254,175,1,64,3,136,252,62,6,198,252,101,250,156,192,1,27,1,11,1,5,0,109,0,47,0,21,0,14,0,12,
0,229,254,182,254,161,1,64,3,136,252,62,6,198,252,13,250,169,191,1,28,1,11,1,5,0,109,0,47,0,20,0,13,0,11,
0,9,255,213,254,195,1,64,3,136,252,62,6,92,253,13,250,169,191,1,28,1,10,1,5,0,109,0,47,0,21,0,14,0,12,
0,12,255,249,254,202,1,111,3,120,252,114,6,157,252,83,250,121,190,1,28,1,10,1,5,0,108,0,46,0,20,0,13,0,11,
0,12,255,249,254,202,1,111,3,120,252,114,6,209,252,53,250,227,192,1,28,1,9,1,4,0,108,0,46,0,20,0,13,0,11,
0,26,255,245,254,180,1,111,3,120,252,114,6,239,252,103,250,174,192,1,28,1,9,1,4,0,108,0,41,0,20,0,14,0,12,
0,47,255,215,254,175,1,111,3,120,252,114,6,239,252,103,250,200,190,1,29,1,9,1,4,0,107,0,42,0,19,0,13,0,11,
0,33,255,216,254,201,1,111,3,120,252,114,6,20,254,213,249,200,190,1,29,1,9,1,4,0,107,0,43,0,19,0,13,0,11,
0,33,255,216,254,201,1,111,3,120,252,114,6,170,251,135,250,110,191,1,28,1,8,1,4,0,108,0,44,0,20,0,13,0,12,
0,32,255,198,254,175,1,111,3,120,252,114,6,95,252,108,250,248,193,1,28,1,8,1,4,0,108,0,44,0,20,0,13,0,11,
0,44,255,201,254,157,1,111,3,120,252,114,6,95,252,178,249,221,191,1,28,1,8,1,4,0,108,0,45,0,20,0,13,0,12,
0,44,255,201,254,130,1,111,3,120,252,114,6,15,254,178,249,221,191,1,28,1,8,1,4,0,107,0,44,0,19,0,13,0,11,
0,63,255,189,254,130,1,111,3,120,252,114,6,77,252,125,249,105,191,1,28,1,8,1,4,0,107,0,45,0,19,0,13,0,11,
0,0,255,190,254,104,1,111,3,120,252,114,6,34,252,183,249,19,192,1,27,1,8,1,3,0,108,0,46,0,20,0,14,0,12,
0,36,255,200,254,97,1,88,3,133,252,250,6,191,252,121,249,97,193,1,27,1,8,1,3,0,108,0,46,0,20,0,13,0,11,
0,36,255,200,254,97,1,88,3,133,252,250,6,191,252,121,249,219,192,1,27,1,8,1,3,0,108,0,46,0,20,0,14,0,12,
0,57,255,210,254,93,1,88,3,133,252,250,6,205,252,171,249,219,192,1,27,1,8,1,4,0,107,0,45,0,20,0,13,0,11,
0,55,255,197,254,99,1,88,3,133,252,250,6,221,252,138,249,239,191,1,27,1,8,1,4,0,107,0,45,0,20,0,13,0,11,
0,59,255,202,254,112,1,88,3,133,252,250,6,35,253,31,249,87,192,1,26,1,8,1,3,0,108,0,46,0,21,0,14,0,12,
0,59,255,202,254,112,1,88,3,133,252,250,6,154,253,35,249,244,191,1,25,1,8,1,3,0,108,0,46,0,20,0,14,0,11,
0,66,255,196,254,83,1,88,3,133,252,250,6,154,253,35,249,244,191,1,25,1,8,1,3,0,108,0,46,0,20,0,14,0,12,
0,92,255,215,254,80,1,88,3,133,252,250,6,175,252,14,249,146,191,1,25,1,7,1,2,0,107,0,46,0,20,0,14,0,12,
0,78,255,222,254,67,1,88,3,133,252,250,6,55,252,37,249,32,193,1,25,1,7,1,2,0,107,0,46,0,20,0,14,0,12,
0,78,255,222,254,67,1,88,3,133,252,250,6,9,253,225,248,217,193,1,25,1,7,1,2,0,107,0,45,0,20,0,13,0,11,
0,87,255,192,254,70,1,114,3,132,252,227,6,9,253,225,248,143,193,1,23,1,6,1,2,0,107,0,46,0,20,0,13,0,11,
0,90,255,162,254,60,1,114,3,132,252,227,6,203,252,188,248,143,193,1,23,1,6,1,2,0,107,0,46,0,20,0,13,0,11,
0,90,255,162,254,45,1,114,3,132,252,227,6,139,253,30,248,45,191,1,23,1,6,1,1,0,107,0,45,0,20,0,14,0,11,
0,53,255,185,254,45,1,114,3,132,252,227,6,48,252,67,248,162,191,1,22,1,6,1,1,0,107,0,50,0,21,0,13,0,11,
0,36,255,184,254,27,1,114,3,132,252,227,6,37,252,22,249,201,193,1,22,1,6,1,0,0,106,0,49,0,20,0,13,0,10,
0,36,255,194,254,252,0,114,3,132,252,227,6,37,252,22,249,201,193,1,22,1,5,1,0,0,107,0,48,0,21,0,13,0,11,
0,36,255,194,254,252,0,114,3,132,252,227,6,23,253,134,248,119,194,1,21,1,5,0,255,0,106,0,47,0,23,0,14,0,11,
0,51,255,202,254,15,1,114,3,132,252,227,6,163,253,227,247,125,192,1,21,1,5,0,255,0,105,0,46,0,22,0,13,0,11,
0,51,255,200,254,26,1,114,3,132,252,227,6,150,252,243,247,223,190,1,21,1,5,0,255,0,106,0,47,0,22,0,14,0,11,
0,9,255,173,254,8,1,114,3,132,252,227,6,150,252,127,248,145,192,1,20,1,5,0,255,0,105,0,46,0,21,0,14,0,11,
0,9,255,173,254,8,1,125,3,127,252,34,6,221,251,127,248,145,192,1,20,1,4,0,254,0,105,0,46,0,21,0,14,0,11,
0,196,254,164,254,9,1,125,3,127,252,34,6,103,252,100,248,127,193,1,20,1,4,0,253,0,105,0,46,0,22,0,14,0,12,
0,186,254,184,254,253,0,125,3,127,252,34,6,130,252,122,248,249,193,1,20,1,5,0,253,0,105,0,45,0,20,0,14,0,12,
0,209,254,168,254,245,0,125,3,127,252,34,6,80,252,165,247,194,191,1,19,1,4,0,252,0,105,0,45,0,21,0,14,0,12,
0,209,254,168,254,245,0,125,3,127,252,34,6,80,252,165,247,206,191,1,19,1,4,0,251,0,104,0,45,0,20,0,14,0,11,
0,229,254,181,254,253,0,125,3,127,252,34,6,100,251,26,248,206,191,1,18,1,4,0,250,0,104,0,45,0,21,0,14,0,11,
0,186,254,212,254,227,0,125,3,127,252,34,6,165,251,119,248,47,193,1,18,1,4,0,249,0,104,0,45,0,21,0,14,0,12,
0,186,254,212,254,196,0,125,3,127,252,34,6,41,252,37,248,100,193,1,18,1,4,0,249,0,103,0,44,0,20,0,13,0,12,
0,168,254,247,254,196,0,125,3,127,252,34,6,41,252,39,248,164,192,1,17,1,2,0,247,0,103,0,45,0,21,0,14,0,12,
0,210,254,220,254,180,0,125,3,127,252,34,6,221,251,39,248,164,192,1,18,1,3,0,247,0,102,0,44,0,20,0,13,0,11,
0,190,254,226,254,231,0,92,3,118,252,152,6,127,251,26,248,236,191,1,17,1,2,0,245,0,102,0,44,0,20,0,14,0,11,
0,190,254,226,254,231,0,92,3,118,252,152,6,90,251,65,248,131,192,1,17,1,2,0,244,0,102,0,44,0,21,0,14,0,12,
0,149,254,226,254,252,0,92,3,118,252,152,6,235,250,141,248,67,193,1,17,1,2,0,243,0,101,0,43,0,20,0,13,0,11,
0,138,254,216,254,214,0,92,3,118,252,152,6,235,250,141,248,53,193,1,16,1,1,0,242,0,100,0,43,0,21,0,14,0,11,
0,149,254,191,254,181,0,92,3,118,252,152,6,75,251,96,248,53,193,1,17,1,0,0,241,0,100,0,43,0,20,0,13,0,11,
0,149,254,191,254,181,0,92,3,118,252,152,6,56,251,10,248,105,190,1,16,1,0,0,240,0,99,0,43,0,20,0,13,0,11,
0,116,254,229,254,173,0,92,3,118,252,152,6,10,250,198,248,201,193,1,16,0,255,0,240,0,99,0,43,0,20,0,14,0,11,
0,78,254,251,254,205,0,92,3,118,252,152,6,61,252,150,248,205,193,1,16,0,255,0,240,0,99,0,42,0,19,0,13,0,11,
0,114,254,251,255,210,0,92,3,118,252,152,6,61,252,150,248,205,193,1,16,0,255,0,239,0,98,0,43,0,18,0,13,0,11,
0,114,254,13,255,210,0,92,3,118,252,152,6,174,250,34,248,193,189,1,16,0,255,0,238,0,97,0,41,0,17,0,12,0,11,
0,125,254,56,255,193,0,92,3,118,252,37,7,218,249,44,249,37,193,1,16,0,254,0,236,0,97,0,42,0,18,0,13,0,11,
0,114,254,69,255,158,0,145,3,134,252,37,7,208,250,214,248,225,194,1,16,0,254,0,235,0,97,0,42,0,19,0,13,0,12,
0,114,254,69,255,153,0,145,3,134,252,37,7,208,250,162,248,132,192,1,16,0,253,0,236,0,96,0,41,0,18,0,13,0,11,
0,109,254,49,255,153,0,145,3,134,252,37,7,253,251,162,248,132,192,1,16,0,253,0,236,0,97,0,41,0,19,0,13,0,11,
0,62,254,64,255,146,0,145,3,134,252,37,7,108,250,183,248,132,189,1,16,0,253,0,236,0,96,0,41,0,18,0,13,0,11,
0,89,254,99,255,144,0,145,3,134,252,37,7,127,249,187,249,141,192,1,14,0,252,0,235,0,96,0,41,0,19,0,13,0,11,
0,89,254,99,255,144,0,145,3,134,252,37,7,225,250,99,249,17,194,1,15,0,252,0,234,0,96,0,41,0,19,0,13,0,12,
0,121,254,104,255,137,0,145,3,134,252,37,7,225,250,99,249,17,191,1,15,0,252,0,233,0,95,0,41,0,18,0,13,0,11,
0,110,254,113,255,134,0,145,3,134,252,37,7,13,251,212,248,75,191,1,14,0,251,0,232,0,95,0,41,0,19,0,13,0,11,
0,82,254,130,255,154,0,145,3,134,252,37,7,213,249,128,249,89,189,1,15,0,251,0,232,0,94,0,40,0,17,0,12,0,11,
0,82,254,130,255,154,0,145,3,134,252,37,7,235,249,56,250,173,193,1,14,0,250,0,232,0,95,0,40,0,18,0,13,0,11,
0,53,254,149,255,146,0,53,3,153,252,143,6,235,249,1,250,138,193,1,13,0,249,0,232,0,95,0,41,0,19,0,13,0,12,
0,75,254,148,255,144,0,53,3,153,252,143,6,183,250,1,250,138,193,1,12,0,250,0,233,0,95,0,41,0,19,0,13,0,11,
0,122,254,148,255,140,0,53,3,153,252,143,6,117,251,102,249,137,190,1,12,0,250,0,232,0,94,0,40,0,19,0,13,0,11,
0,122,254,171,255,140,0,53,3,153,252,143,6,100,250,221,249,26,189,1,12,0,250,0,232,0,94,0,40,0,17,0,12,0,11,
0,127,254,187,255,135,0,53,3,153,252,143,6,205,249,195,250,23,193,1,12,0,249,0,230,0,94,0,40,0,18,0,13,0,11,
0,90,254,239,255,111,0,53,3,153,252,143,6,205,249,195,250,17,192,1,11,0,249,0,230,0,94,0,40,0,18,0,13,0,11,
0,90,254,239,255,95,0,53,3,153,252,143,6,45,252,14,250,17,192,1,12,0,249,0,230,0,93,0,39,0,17,0,12,0,11,
0,92,254,10,0,95,0,53,3,153,252,143,6,157,250,26,250,135,188,1,11,0,249,0,231,0,93,0,40,0,18,0,13,0,11,
0,109,254,244,255,90,0,53,3,153,252,143,6,204,249,226,250,8,191,1,10,0,249,0,232,0,93,0,39,0,17,0,12,0,11,
0,112,254,248,255,121,0,53,3,153,252,143,6,234,250,124,250,66,192,1,9,0,249,0,232,0,94,0,40,0,18,0,13,0,11,
0,112,254,248,255,121,0,110,3,127,252,224,6,234,250,124,250,66,192,1,9,0,249,0,232,0,94,0,40,0,18,0,13,0,11,
0,139,254,23,0,112,0,110,3,127,252,224,6,79,251,234,250,223,192,1,8,0,249,0,232,0,93,0,40,0,17,0,13,0,11,
0,189,254,43,0,100,0,110,3,127,252,224,6,106,251,129,250,236,190,1,8,0,249,0,232,0,94,0,40,0,18,0,13,0,12,
0,185,254,49,0,103,0,110,3,127,252,224,6,140,251,138,250,129,189,1,8,0,249,0,232,0,93,0,40,0,17,0,13,0,11,
0,185,254,49,0,103,0,110,3,127,252,224,6,140,251,138,250,53,190,1,7,0,248,0,232,0,94,0,40,0,18,0,13,0,11,
0,177,254,54,0,100,0,110,3,127,252,224,6,168,250,220,250,53,190,1,6,0,248,0,233,0,94,0,40,0,19,0,13,0,12,
0,108,254,73,0,76,0,110,3,127,252,224,6,187,250,96,251,161,192,1,6,0,249,0,234,0,94,0,40,0,17,0,13,0,11,
0,115,254,73,0,90,0,110,3,127,252,224,6,220,252,241,250,51,192,1,6,0,249,0,235,0,94,0,40,0,17,0,12,0,11,
0,115,254,114,0,90,0,110,3,127,252,224,6,4,252,184,250,82,189,1,5,0,249,0,235,0,95,0,40,0,19,0,13,0,11,
0,159,254,87,0,83,0,110,3,127,252,224,6,4,252,184,250,82,189,1,4,0,249,0,236,0,95,0,40,0,18,0,13,0,11,
0,182,254,80,0,121,0,153,3,77,252,220,6,28,251,230,250,219,189,1,4,0,249,0,237,0,95,0,40,0,17,0,13,0,11,
0,182,254,80,0,87,0,153,3,77,252,220,6,140,251,51,251,242,192,1,4,0,249,0,237,0,95,0,40,0,18,0,12,0,11,
0,162,254,96,0,87,0,153,3,77,252,220,6,46,252,76,251,211,192,1,4,0,249,0,238,0,95,0,40,0,17,0,12,0,11,
0,187,254,117,0,65,0,153,3,77,252,220,6,46,252,122,250,114,189,1,3,0,248,0,238,0,96,0,40,0,18,0,13,0,11,
0,213,254,100,0,74,0,153,3,77,252,220,6,100,252,122,250,114,189,1,3,0,248,0,238,0,96,0,40,0,18,0,12,0,11,
0,213,254,100,0,74,0,153,3,77,252,220,6,63,251,224,250,28,190,1,3,0,249,0,239,0,96,0,40,0,17,0,12,0,11,
0,200,254,96,0,63,0,153,3,77,252,220,6,163,251,32,251,125,192,1,3,0,249,0,239,0,96,0,40,0,18,0,12,0,11,
0,171,254,82,0,22,0,153,3,77,252,220,6,126,252,235,250,222,191,1,3,0,249,0,240,0,96,0,40,0,19,0,12,0,11,
0,193,254,72,0,30,0,153,3,77,252,220,6,126,252,235,250,156,190,1,2,0,248,0,240,0,97,0,41,0,20,0,13,0,11,
0,193,254,72,0,30,0,153,3,77,252,220,6,177,252,192,250,156,190,1,1,0,248,0,241,0,97,0,35,0,19,0,13,0,12,
0,204,254,53,0,61,0,134,3,38,252,137,7,223,252,160,250,154,190,1,1,0,249,0,241,0,97,0,37,0,19,0,14,0,12,
0,186,254,62,0,64,0,134,3,38,252,137,7,43,252,217,250,5,192,1,0,0,249,0,242,0,97,0,38,0,18,0,13,0,11,
0,186,254,62,0,60,0,134,3,38,252,137,7,43,252,188,250,89,193,1,0,0,249,0,243,0,98,0,39,0,18,0,13,0,11,
0,139,254,70,0,60,0,134,3,38,252,137,7,198,252,188,250,89,193,0,255,0,249,0,243,0,98,0,40,0,19,0,14,0,12,
0,178,254,61,0,69,0,134,3,38,252,137,7,33,253,54,250,89,190,0,254,0,249,0,244,0,99,0,40,0,19,0,13,0,11,
0,234,254,44,0,66,0,134,3,38,252,137,7,147,251,101,250,246,189,0,253,0,250,0,244,0,98,0,40,0,18,0,13,0,11,
0,234,254,44,0,75,0,134,3,38,252,137,7,6,252,182,250,80,193,0,252,0,249,0,244,0,99,0,41,0,19,0,13,0,11,
0,182,254,46,0,75,0,134,3,38,252,137,7,6,252,182,250,120,192,0,251,0,250,0,245,0,99,0,41,0,19,0,13,0,11,
0,143,254,51,0,74,0,134,3,38,252,137,7,77,253,111,250,120,192,0,250,0,249,0,244,0,99,0,42,0,20,0,13,0,11,
0,170,254,23,0,56,0,134,3,38,252,137,7,17,253,6,250,13,190,0,249,0,249,0,245,0,100,0,42,0,19,0,13,0,11,
0,170,254,23,0,56,0,134,3,38,252,137,7,11,252,61,250,82,190,0,248,0,249,0,245,0,100,0,42,0,20,0,14,0,11,
0,158,254,40,0,28,0,148,3,30,252,250,6,51,252,71,250,131,193,0,247,0,251,0,246,0,99,0,41,0,19,0,13,0,11,
0,105,254,51,0,24,0,148,3,30,252,250,6,51,252,71,250,131,193,0,245,0,250,0,246,0,100,0,43,0,20,0,14,0,11,
0,134,254,50,0,30,0,148,3,30,252,250,6,228,252,19,250,89,193,0,244,0,251,0,245,0,100,0,42,0,19,0,13,0,11,
0,134,254,50,0,30,0,148,3,30,252,250,6,218,252,159,249,3,190,0,243,0,250,0,244,0,100,0,42,0,20,0,13,0,11,
0,151,254,9,0,47,0,148,3,30,252,250,6,29,252,245,249,200,190,0,242,0,250,0,243,0,100,0,42,0,20,0,13,0,11,
0,133,254,228,255,33,0,148,3,30,252,250,6,29,252,161,250,188,193,0,242,0,250,0,243,0,99,0,41,0,19,0,13,0,11,
0,133,254,228,255,45,0,148,3,30,252,250,6,175,251,161,250,188,193,0,241,0,249,0,242,0,99,0,42,0,20,0,13,0,11,
0,89,254,202,255,45,0,148,3,30,252,250,6,231,252,231,249,73,192,0,240,0,249,0,242,0,99,0,42,0,19,0,13,0,11,
0,121,254,196,255,44,0,148,3,30,252,250,6,125,252,192,249,236,190,0,239,0,249,0,242,0,99,0,42,0,20,0,14,0,11,
0,146,254,195,255,36,0,148,3,30,252,250,6,149,251,247,249,185,190,0,239,0,249,0,241,0,99,0,42,0,20,0,14,0,12,
0,146,254,195,255,37,0,48,3,102,252,96,6,149,251,247,249,185,190,0,238,0,249,0,241,0,99,0,46,0,20,0,13,0,11,
0,133,254,184,255,37,0,48,3,102,252,96,6,109,251,182,250,90,193,0,238,0,249,0,239,0,99,0,46,0,19,0,13,0,11,
0,126,254,187,255,36,0,48,3,102,252,96,6,90,252,151,250,5,193,0,239,0,249,0,239,0,98,0,44,0,18,0,13,0,11,
0,169,254,193,255,48,0,48,3,102,252,96,6,107,252,28,250,194,189,0,238,0,248,0,238,0,98,0,44,0,19,0,13,0,11,
0,169,254,193,255,48,0,48,3,102,252,96,6,107,252,175,250,167,190,0,238,0,248,0,238,0,98,0,43,0,20,0,13,0,12,
0,171,254,191,255,18,0,48,3,102,252,96,6,2,251,175,250,167,190,0,238,0,248,0,238,0,97,0,43,0,19,0,13,0,11,
0,132,254,159,255,250,255,48,3,102,252,96,6,76,251,19,251,109,193,0,238,0,248,0,237,0,97,0,43,0,20,0,14,0,12,
0,108,254,139,255,249,255,48,3,102,252,96,6,147,252,192,250,45,192,0,238,0,248,0,237,0,97,0,42,0,19,0,13,0,11,
0,108,254,139,255,249,255,48,3,102,252,96,6,30,252,228,250,56,189,0,238,0,247,0,236,0,97,0,42,0,20,0,13,0,12,
0,132,254,140,255,250,255,48,3,102,252,96,6,30,252,228,250,117,189,0,239,0,247,0,235,0,96,0,42,0,19,0,13,0,11,
0,113,254,131,255,21,0,135,3,8,252,176,7,155,250,179,251,117,189,0,239,0,247,0,234,0,96,0,41,0,18,0,13,0,11,
0,113,254,131,255,29,0,135,3,8,252,176,7,4,251,219,251,163,193,0,239,0,247,0,234,0,95,0,41,0,18,0,13,0,11,
0,61,254,126,255,29,0,135,3,8,252,176,7,80,252,19,251,53,191,0,239,0,247,0,234,0,96,0,41,0,19,0,13,0,11,
0,55,254,170,255,18,0,135,3,8,252,176,7,80,250,177,251,221,187,0,239,0,247,0,234,0,95,0,41,0,18,0,13,0,11,
0,115,254,170,255,248,255,135,3,8,252,176,7,162,250,177,251,221,187,0,239,0,247,0,233,0,95,0,41,0,19,0,13,0,11,
0,115,254,170,255,248,255,135,3,8,252,176,7,105,250,101,252,33,193,0,240,0,247,0,233,0,95,0,40,0,18,0,13,0,11,
0,125,254,150,255,237,255,135,3,8,252,176,7,75,252,245,251,247,191,0,241,0,247,0,232,0,94,0,40,0,18,0,13,0,11,
0,124,254,138,255,224,255,135,3,8,252,176,7,19,251,8,252,129,188,0,241,0,246,0,231,0,95,0,40,0,19,0,13,0,11,
0,115,254,142,255,206,255,135,3,8,252,176,7,19,251,8,252,72,190,0,242,0,246,0,232,0,94,0,40,0,18,0,13,0,11,
0,115,254,142,255,206,255,135,3,8,252,176,7,109,250,233,252,72,190,0,242,0,246,0,232,0,94,0,40,0,18,0,13,0,11,
0,155,254,158,255,201,255,137,3,91,252,210,6,86,251,204,252,69,192,0,242,0,247,0,232,0,94,0,40,0,18,0,12,0,11,
0,154,254,164,255,193,255,137,3,91,252,210,6,27,252,124,252,107,190,0,243,0,247,0,232,0,94,0,40,0,17,0,13,0,11,
0,126,254,182,255,164,255,137,3,91,252,210,6,140,250,227,252,194,188,0,242,0,246,0,232,0,95,0,40,0,19,0,13,0,12,
0,126,254,182,255,164,255,137,3,91,252,210,6,140,250,227,252,194,188,0,243,0,246,0,231,0,94,0,40,0,18,0,13,0,11,
0,162,254,205,255,197,255,137,3,91,252,210,6,37,251,94,253,89,191,0,244,0,246,0,232,0,94,0,40,0,18,0,13,0,11,
0,159,254,187,255,193,255,137,3,91,252,210,6,235,251,197,252,230,189,0,244,0,247,0,232,0,94,0,40,0,17,0,12,0,11,
0,159,254,187,255,191,255,137,3,91,252,210,6,210,250,71,253,125,189,0,244,0,247,0,233,0,94,0,40,0,18,0,13,0,11,
0,171,254,182,255,191,255,137,3,91,252,210,6,210,250,85,253,0,191,0,244,0,247,0,234,0,95,0,40,0,19,0,13,0,12,
0,184,254,159,255,207,255,137,3,91,252,210,6,47,251,85,253,0,191,0,244,0,247,0,234,0,94,0,40,0,18,0,13,0,11,
0,186,254,179,255,224,255,137,3,91,252,210,6,111,252,41,253,118,189,0,244,0,248,0,235,0,95,0,40,0,18,0,13,0,11,
0,186,254,179,255,224,255,137,3,91,252,210,6,238,250,71,253,176,188,0,245,0,249,0,235,0,94,0,40,0,17,0,12,0,11,
0,201,254,221,255,215,255,61,3,132,252,251,5,64,251,107,253,138,190,0,245,0,248,0,235,0,95,0,40,0,18,0,13,0,11,
0,198,254,221,255,200,255,61,3,132,252,251,5,64,251,107,253,160,190,0,246,0,249,0,236,0,95,0,40,0,17,0,12,0,11,
0,224,254,234,255,189,255,61,3,132,252,251,5,165,251,107,253,160,190,0,245,0,249,0,237,0,95,0,40,0,18,0,12,0,11,
0,224,254,234,255,189,255,61,3,132,252,251,5,37,252,253,252,134,188,0,245,0,249,0,238,0,95,0,40,0,18,0,13,0,11,
0,9,255,253,255,190,255,61,3,132,252,251,5,70,251,81,253,218,187,0,245,0,250,0,239,0,95,0,40,0,17,0,12,0,11,
0,8,255,243,255,182,255,61,3,132,252,251,5,70,251,151,253,179,191,0,245,0,250,0,239,0,96,0,40,0,18,0,12,0,11,
0,15,255,227,255,180,255,61,3,132,252,251,5,5,251,151,253,179,191,0,245,0,251,0,240,0,96,0,40,0,19,0,13,0,11,
0,15,255,227,255,180,255,61,3,132,252,251,5,39,252,198,252,237,190,0,244,0,251,0,240,0,97,0,41,0,20,0,14,0,12,
0,27,255,249,255,204,255,61,3,132,252,251,5,228,251,238,252,104,188,0,245,0,251,0,241,0,97,0,41,0,20,0,14,0,12,
0,24,255,27,0,234,255,61,3,132,252,251,5,207,251,41,253,94,189,0,245,0,252,0,242,0,97,0,41,0,19,0,13,0,11,
0,24,255,27,0,233,255,184,3,37,252,105,7,207,251,41,253,135,190,0,245,0,253,0,243,0,98,0,41,0,19,0,13,0,11,
0,19,255,14,0,233,255,184,3,37,252,105,7,175,251,2,253,135,190,0,244,0,253,0,244,0,99,0,42,0,20,0,14,0,12,
0,253,254,14,0,206,255,184,3,37,252,105,7,73,252,71,253,118,191,0,245,0,254,0,245,0,99,0,42,0,19,0,13,0,11,
0,218,254,2,0,205,255,184,3,37,252,105,7,148,252,197,252,38,189,0,244,0,254,0,246,0,99,0,42,0,20,0,14,0,12,
0,218,254,2,0,205,255,184,3,37,252,105,7,224,251,213,252,237,188,0,244,0,254,0,247,0,100,0,42,0,20,0,14,0,12,
0,17,255,240,255,207,255,184,3,37,252,105,7,224,251,213,252,237,188,0,245,0,255,0,247,0,100,0,42,0,20,0,13,0,12,
0,79,255,240,255,217,255,184,3,37,252,105,7,155,251,229,252,122,190,0,245,0,255,0,249,0,100,0,42,0,19,0,13,0,11,
0,98,255,246,255,211,255,184,3,37,252,105,7,81,252,178,252,194,190,0,245,0,255,0,249,0,101,0,42,0,20,0,13,0,11,
0,98,255,246,255,211,255,184,3,37,252,105,7,103,252,147,252,25,190,0,245,1,0,0,250,0,101,0,42,0,19,0,13,0,11,
0,101,255,13,0,211,255,184,3,37,252,105,7,103,252,147,252,238,189,0,245,1,0,0,250,0,101,0,42,0,19,0,13,0,11,
0,76,255,11,0,240,255,61,3,98,252,208,6,132,252,43,252,238,189,0,245,1,0,0,251,0,102,0,43,0,20,0,13,0,11,
0,110,255,9,0,223,255,61,3,98,252,208,6,219,252,63,252,110,191,0,246,1,1,0,251,0,102,0,42,0,19,0,13,0,11,
0,110,255,9,0,223,255,61,3,98,252,208,6,97,252,37,252,155,189,0,246,1,0,0,252,0,103,0,43,0,20,0,13,0,11,
0,100,255,28,0,217,255,61,3,98,252,208,6,56,252,253,251,254,190,0,245,1,1,0,252,0,103,0,43,0,20,0,14,0,11,
0,94,255,7,0,224,255,61,3,98,252,208,6,56,252,253,251,254,190,0,246,1,1,0,252,0,102,0,43,0,19,0,13,0,11,
0,94,255,7,0,208,255,61,3,98,252,208,6,9,253,42,252,124,191,0,246,1,1,0,253,0,103,0,43,0,19,0,13,0,11,
0,84,255,255,255,208,255,61,3,98,252,208,6,138,253,223,251,102,190,0,246,1,1,0,253,0,104,0,44,0,20,0,14,0,11,
0,73,255,249,255,231,255,61,3,98,252,208,6,65,253,82,251,177,189,0,246,1,1,0,253,0,104,0,44,0,20,0,13,0,11,
0,81,255,211,255,237,255,61,3,98,252,208,6,65,253,136,251,155,189,0,246,1,1,0,253,0,104,0,44,0,20,0,14,0,11,
0,81,255,211,255,237,255,61,3,98,252,208,6,198,252,136,251,155,189,0,247,1,1,0,254,0,104,0,44,0,20,0,13,0,11,
0,100,255,202,255,225,255,101,3,131,252,38,7,210,251,243,251,254,190,0,246,1,1,0,253,0,104,0,44,0,21,0,14,0,12,
0,96,255,196,255,249,255,101,3,131,252,38,7,113,252,83,251,186,192,0,247,1,2,0,254,0,104,0,44,0,20,0,13,0,11,
0,103,255,184,255,0,0,101,3,131,252,38,7,169,253,197,250,80,191,0,247,1,2,0,253,0,104,0,44,0,21,0,13,0,11,
0,103,255,184,255,0,0,101,3,131,252,38,7,169,253,197,250,141,188,0,247,1,2,0,253,0,104,0,44,0,20,0,14,0,11,
0,125,255,212,255,10,0,101,3,131,252,38,7,51,253,180,250,141,188,0,247,1,2,0,253,0,104,0,44,0,20,0,13,0,11,
0,138,255,202,255,32,0,101,3,131,252,38,7,34,251,61,251,252,189,0,248,1,2,0,253,0,104,0,44,0,20,0,13,0,11,
0,90,255,190,255,30,0,101,3,131,252,38,7,139,252,237,250,95,193,0,248,1,2,0,252,0,104,0,39,0,20,0,14,0,12,
0,90,255,190,255,30,0,101,3,131,252,38,7,139,253,156,250,30,191,0,249,1,2,0,252,0,104,0,40,0,19,0,13,0,11,
0,79,255,187,255,251,255,101,3,131,252,38,7,129,253,156,250,30,191,0,249,1,3,0,252,0,104,0,41,0,19,0,14,0,12,
0,70,255,179,255,247,255,101,3,131,252,38,7,111,252,67,250,126,188,0,250,1,3,0,252,0,104,0,41,0,19,0,13,0,11,
0,70,255,179,255,16,0,101,3,131,252,38,7,125,251,206,250,42,190,0,250,1,3,0,251,0,104,0,42,0,20,0,13,0,12,
0,20,255,166,255,16,0,140,3,49,252,247,6,34,252,216,250,137,192,0,251,1,3,0,251,0,103,0,42,0,19,0,13,0,11,
0,12,255,151,255,10,0,140,3,49,252,247,6,34,252,216,250,218,191,0,251,1,3,0,250,0,104,0,43,0,20,0,13,0,11,
0,43,255,128,255,35,0,140,3,49,252,247,6,11,253,136,250,218,191,0,251,1,3,0,249,0,103,0,43,0,20,0,13,0,11,
0,43,255,128,255,35,0,140,3,49,252,247,6,229,252,255,249,165,188,0,252,1,3,0,249,0,102,0,43,0,20,0,13,0,11,
0,48,255,87,255,39,0,140,3,49,252,247,6,174,251,59,250,215,189,0,252,1,3,0,248,0,103,0,43,0,20,0,14,0,11,
0,31,255,75,255,30,0,140,3,49,252,247,6,88,251,163,250,153,192,0,253,1,3,0,247,0,102,0,43,0,19,0,13,0,11,
0,27,255,78,255,37,0,140,3,49,252,247,6,88,251,163,250,153,192,0,252,1,2,0,246,0,102,0,43,0,20,0,13,0,11,
0,27,255,78,255,37,0,140,3,49,252,247,6,92,253,216,249,181,191,0,252,1,2,0,246,0,102,0,43,0,20,0,14,0,12,
0,20,255,105,255,42,0,140,3,49,252,247,6,79,251,33,250,50,188,0,253,1,2,0,246,0,101,0,43,0,20,0,13,0,11,
0,251,254,104,255,36,0,140,3,49,252,247,6,9,251,3,251,138,192,0,252,1,2,0,245,0,102,0,43,0,20,0,14,0,12,
0,23,255,104,255,21,0,45,3,99,252,71,6,9,251,69,250,241,192,0,252,1,3,0,245,0,101,0,43,0,20,0,13,0,11,
0,23,255,100,255,21,0,45,3,99,252,71,6,216,252,69,250,241,192,0,252,1,2,0,244,0,101,0,43,0,20,0,14,0,12,
0,52,255,108,255,31,0,45,3,99,252,71,6,164,251,17,250,255,188,0,252,1,3,0,242,0,101,0,43,0,20,0,14,0,12,
0,45,255,107,255,80,0,45,3,99,252,71,6,228,250,174,250,157,191,0,253,1,3,0,241,0,100,0,43,0,19,0,13,0,11,
0,45,255,107,255,88,0,45,3,99,252,71,6,195,251,90,250,107,193,0,253,1,2,0,240,0,100,0,43,0,20,0,14,0,12,
0,48,255,98,255,88,0,45,3,99,252,71,6,195,251,90,250,7,190,0,254,1,2,0,241,0,99,0,42,0,19,0,13,0,11,
0,27,255,95,255,60,0,45,3,99,252,71,6,173,251,10,250,7,190,0,254,1,2,0,241,0,99,0,43,0,20,0,14,0,12,
0,25,255,105,255,43,0,45,3,99,252,71,6,124,250,94,250,228,190,0,254,1,2,0,241,0,99,0,47,0,21,0,13,0,11,
0,25,255,105,255,43,0,45,3,99,252,71,6,160,250,180,250,224,191,0,255,1,3,0,241,0,99,0,45,0,20,0,12,0,11,
0,30,255,125,255,49,0,45,3,99,252,71,6,160,250,109,250,4,191,0,255,1,3,0,239,0,99,0,45,0,19,0,13,0,11,
0,38,255,152,255,42,0,105,3,100,252,214,6,100,251,109,250,4,191,1,1,1,3,0,239,0,98,0,43,0,18,0,12,0,10,
0,50,255,160,255,33,0,105,3,100,252,214,6,94,251,159,250,161,191,1,2,1,2,0,239,0,98,0,43,0,19,0,13,0,11,
0,50,255,160,255,33,0,105,3,100,252,214,6,93,250,125,250,149,189,1,2,1,2,0,239,0,98,0,43,0,19,0,13,0,11,
0,3,255,166,255,29,0,105,3,100,252,214,6,194,249,43,251,254,190,1,3,1,2,0,240,0,97,0,42,0,20,0,13,0,11,
0,224,254,131,255,31,0,105,3,100,252,214,6,194,249,43,251,85,191,1,3,1,2,0,241,0,98,0,42,0,21,0,14,0,11,
0,248,254,131,255,59,0,105,3,100,252,214,6,14,251,180,250,85,191,1,4,1,3,0,241,0,97,0,41,0,19,0,13,0,11,
0,248,254,114,255,59,0,105,3,100,252,214,6,206,250,254,250,108,189,1,5,1,3,0,240,0,98,0,42,0,19,0,13,0,11,
0,17,255,104,255,47,0,105,3,100,252,214,6,243,249,59,251,173,189,1,6,1,2,0,239,0,98,0,42,0,18,0,13,0,11,
0,17,255,105,255,12,0,105,3,100,252,214,6,158,250,67,251,152,190,1,7,1,2,0,239,0,97,0,41,0,18,0,13,0,11,
0,17,255,105,255,12,0,105,3,100,252,214,6,158,250,67,251,152,190,1,8,1,2,0,241,0,97,0,41,0,20,0,13,0,11,
0,14,255,131,255,12,0,88,3,89,252,80,7,202,250,127,251,177,190,1,7,1,2,0,242,0,98,0,42,0,21,0,14,0,12,
0,245,254,131,255,24,0,88,3,89,252,80,7,209,250,90,251,189,190,1,8,1,3,0,243,0,98,0,42,0,19,0,13,0,11,
0,236,254,165,255,5,0,88,3,89,252,80,7,88,250,67,251,133,188,1,8,1,3,0,242,0,99,0,42,0,20,0,14,0,12,
0,236,254,165,255,5,0,88,3,89,252,80,7,88,250,67,251,2,189,1,8,1,3,0,242,0,98,0,42,0,19,0,13,0,11,
0,219,254,188,255,227,255,88,3,89,252,80,7,58,250,158,251,2,189,1,9,1,3,0,241,0,98,0,42,0,20,0,14,0,12,
0,230,254,176,255,223,255,88,3,89,252,80,7,97,250,33,252,240,190,1,9,1,3,0,241,0,98,0,41,0,19,0,13,0,11,
0,15,255,204,255,229,255,88,3,89,252,80,7,88,251,187,251,12,191,1,9,1,2,0,242,0,99,0,42,0,20,0,13,0,12,
0,15,255,204,255,229,255,88,3,89,252,80,7,178,251,128,251,105,189,1,9,1,3,0,244,0,99,0,42,0,20,0,13,0,11,
0,46,255,221,255,216,255,88,3,89,252,80,7,178,251,128,251,105,189,1,9,1,4,0,245,0,98,0,41,0,19,0,13,0,11,
0,25,255,231,255,195,255,88,3,89,252,80,7,218,250,124,251,85,187,1,8,1,4,0,245,0,99,0,42,0,20,0,13,0,11,
0,223,254,231,255,194,255,88,3,134,252,7,6,187,249,39,252,246,188,1,9,1,4,0,245,0,99,0,41,0,19,0,13,0,11,
0,223,254,251,255,194,255,71,3,134,252,7,6,243,250,230,251,203,190,1,8,1,4,0,244,0,99,0,42,0,20,0,13,0,11,
0,198,254,38,0,228,255,71,3,134,252,7,6,243,250,223,251,18,191,1,8,1,4,0,244,0,99,0,42,0,20,0,13,0,11,
0,246,254,74,0,250,255,71,3,134,252,7,6,175,251,223,251,18,191,1,9,1,4,0,246,0,99,0,42,0,19,0,13,0,11,
0,246,254,74,0,237,255,71,3,134,252,7,6,5,252,100,251,162,187,1,8,1,5,0,246,0,99,0,41,0,19,0,13,0,11,
0,12,255,61,0,237,255,71,3,134,252,7,6,111,250,214,251,14,188,1,7,1,5,0,247,0,100,0,42,0,20,0,14,0,11,
0,35,255,62,0,210,255,71,3,134,252,7,6,44,251,8,252,66,193,1,7,1,5,0,249,0,101,0,42,0,19,0,13,0,11,
0,42,255,85,0,232,255,71,3,134,252,7,6,44,251,8,252,109,189,1,6,1,6,0,250,0,101,0,43,0,20,0,13,0,12,
0,42,255,85,0,232,255,71,3,134,252,7,6,196,252,237,250,109,189,1,5,1,7,0,251,0,101,0,42,0,20,0,13,0,11,
0,52,255,94,0,242,255,71,3,134,252,7,6,50,251,96,251,100,187,1,5,1,7,0,251,0,101,0,42,0,19,0,13,0,11,
0,59,255,79,0,248,255,71,3,134,252,7,6,15,251,194,251,46,191,1,4,1,7,0,251,0,102,0,43,0,20,0,14,0,12,
0,51,255,72,0,248,255,91,3,106,252,65,6,15,251,75,251,26,192,1,3,1,7,0,251,0,102,0,43,0,20,0,13,0,11,
0,51,255,72,0,248,255,91,3,106,252,65,6,6,252,75,251,26,192,1,3,1,7,0,252,0,103,0,43,0,20,0,14,0,12,
0,89,255,98,0,234,255,91,3,106,252,65,6,49,253,186,250,143,189,1,2,1,8,0,253,0,103,0,43,0,20,0,13,0,11,
0,70,255,115,0,225,255,91,3,106,252,65,6,248,251,139,250,24,188,1,1,1,7,0,253,0,104,0,44,0,20,0,14,0,12,
0,70,255,115,0,235,255,91,3,106,252,65,6,188,250,51,251,58,190,1,1,1,8,0,255,0,104,0,43,0,20,0,13,0,11,
0,41,255,112,0,235,255,91,3,106,252,65,6,188,250,51,251,72,192,1,0,1,8,0,255,0,104,0,44,0,20,0,13,0,11,
0,22,255,117,0,248,255,91,3,106,252,65,6,25,252,150,250,72,192,0,255,1,8,0,255,0,104,0,44,0,20,0,14,0,12,
0,12,255,103,0,240,255,91,3,106,252,65,6,87,253,252,249,113,190,0,255,1,8,1,0,0,104,0,44,0,18,0,13,0,11,
0,12,255,103,0,233,255,91,3,106,252,65,6,58,252,107,250,79,188,0,254,1,8,1,0,0,105,0,44,0,19,0,13,0,11,
0,36,255,97,0,233,255,91,3,106,252,65,6,24,251,235,250,48,191,0,254,1,8,1,0,0,104,0,44,0,18,0,13,0,11,
0,54,255,96,0,227,255,92,3,104,252,49,6,24,251,235,250,48,191,0,254,1,8,1,0,0,105,0,44,0,19,0,13,0,11,
0,32,255,66,0,255,255,92,3,104,252,49,6,200,252,115,250,9,193,0,253,1,8,1,0,0,105,0,44,0,20,0,13,0,11,
0,32,255,66,0,255,255,92,3,104,252,49,6,110,253,126,249,135,188,0,253,1,8,1,0,0,105,0,44,0,19,0,13,0,11,
0,4,255,67,0,16,0,92,3,104,252,49,6,130,251,228,249,110,189,0,252,1,7,1,0,0,105,0,45,0,20,0,13,0,11,
0,239,254,93,0,21,0,92,3,104,252,49,6,130,251,72,250,141,191,0,252,1,7,1,1,0,105,0,44,0,19,0,13,0,11,
0,255,254,74,0,4,0,92,3,104,252,49,6,195,251,72,250,141,191,0,251,1,6,1,1,0,106,0,45,0,20,0,14,0,12,
0,255,254,74,0,4,0,92,3,104,252,49,6,39,253,169,249,185,190,0,251,1,6,1,1,0,106,0,45,0,20,0,14,0,11,
0,5,255,50,0,26,0,92,3,104,252,49,6,109,252,50,249,199,187,0,250,1,6,1,1,0,106,0,45,0,20,0,14,0,12,
0,251,254,58,0,49,0,92,3,104,252,49,6,218,251,235,249,57,190,0,249,1,6,1,1,0,106,0,45,0,20,0,14,0,12,
0,251,254,58,0,51,0,92,3,104,252,49,6,218,251,235,249,57,191,0,250,1,6,1,1,0,105,0,44,0,19,0,13,0,11,
0,247,254,74,0,51,0,123,3,69,252,165,7,192,252,255,249,171,191,0,249,1,5,0,255,0,106,0,46,0,23,0,14,0,12,
0,35,255,39,0,26,0,123,3,69,252,165,7,188,252,173,249,139,191,0,249,1,5,0,255,0,106,0,45,0,22,0,14,0,12,
0,29,255,26,0,26,0,123,3,69,252,165,7,90,253,16,249,36,189,0,249,1,5,0,255,0,105,0,45,0,21,0,13,0,11,
0,29,255,26,0,41,0,123,3,69,252,165,7,90,253,244,248,158,188,0,249,1,4,0,255,0,105,0,45,0,21,0,14,0,12,
0,236,254,25,0,41,0,123,3,69,252,165,7,90,252,244,248,158,188,0,249,1,4,0,255,0,105,0,44,0,20,0,14,0,11,
0,217,254,8,0,34,0,123,3,69,252,165,7,117,251,176,249,102,191,0,248,1,4,0,255,0,105,0,45,0,20,0,13,0,11,
0,153,254,20,0,22,0,123,3,69,252,165,7,171,252,115,249,5,192,0,248,1,4,0,254,0,105,0,45,0,21,0,14,0,12,
0,153,254,20,0,22,0,123,3,69,252,165,7,141,253,139,248,158,188,0,248,1,4,0,254,0,105,0,44,0,20,0,13,0,12,
0,157,254,252,255,4,0,123,3,69,252,165,7,141,253,139,248,95,189,0,248,1,3,0,252,0,104,0,44,0,20,0,13,0,11,
0,173,254,238,255,0,0,123,3,69,252,165,7,223,251,81,249,95,189,0,247,1,2,0,251,0,104,0,45,0,21,0,14,0,11,
0,178,254,255,255,5,0,74,3,105,252,215,6,165,251,201,249,35,192,0,247,1,2,0,251,0,104,0,44,0,20,0,13,0,11,
0,178,254,255,255,5,0,74,3,105,252,215,6,27,253,54,249,94,192,0,247,1,1,0,250,0,104,0,44,0,21,0,14,0,11,
0,182,254,4,0,0,0,74,3,105,252,215,6,73,252,136,248,235,186,0,247,1,2,0,251,0,104,0,44,0,20,0,13,0,12,
0,133,254,14,0,252,255,74,3,105,252,215,6,73,252,136,248,235,186,0,246,1,1,0,250,0,104,0,39,0,20,0,14,0,12,
0,133,254,14,0,231,255,74,3,105,252,215,6,46,251,87,249,53,190,0,246,1,1,0,250,0,102,0,40,0,19,0,13,0,11,
0,131,254,225,255,231,255,74,3,105,252,215,6,153,252,255,248,30,192,0,246,1,1,0,248,0,103,0,41,0,19,0,13,0,11,
0,117,254,245,255,241,255,74,3,105,252,215,6,213,252,182,248,44,190,0,246,1,1,0,247,0,102,0,42,0,20,0,14,0,12,
0,106,254,251,255,21,0,74,3,105,252,215,6,213,252,182,248,49,188,0,246,1,0,0,246,0,102,0,42,0,19,0,13,0,11,
0,106,254,251,255,21,0,74,3,105,252,215,6,253,251,245,248,49,188,0,245,1,0,0,245,0,102,0,43,0,20,0,14,0,12,
0,107,254,10,0,7,0,74,3,105,252,215,6,19,251,134,249,136,191,0,246,0,255,0,245,0,101,0,43,0,19,0,13,0,11,
0,102,254,255,255,240,255,74,3,105,252,215,6,159,252,27,249,82,190,0,245,0,255,0,244,0,101,0,43,0,20,0,13,0,11,
0,107,254,250,255,234,255,59,3,100,252,164,6,77,252,50,249,104,190,0,244,0,255,0,244,0,101,0,43,0,20,0,14,0,12,
0,107,254,250,255,234,255,59,3,100,252,164,6,77,252,50,249,104,190,0,244,0,255,0,244,0,100,0,43,0,20,0,13,0,12,
0,96,254,228,255,225,255,59,3,100,252,164,6,234,250,104,249,102,188,0,244,0,254,0,242,0,101,0,43,0,20,0,14,0,12,
0,85,254,245,255,245,255,59,3,100,252,164,6,146,251,88,249,160,190,0,244,0,255,0,242,0,100,0,43,0,19,0,13,0,11,
0,86,254,7,0,3,0,59,3,100,252,164,6,0,252,227,248,40,189,0,243,0,254,0,240,0,100,0,43,0,20,0,13,0,11,
0,86,254,7,0,3,0,59,3,100,252,164,6,0,252,40,249,77,189,0,242,0,254,0,239,0,99,0,43,0,18,0,13,0,11,
0,56,254,19,0,245,255,59,3,100,252,164,6,162,251,40,249,77,189,0,243,0,254,0,239,0,99,0,42,0,18,0,13,0,11,
0,79,254,239,255,253,255,59,3,100,252,164,6,40,251,40,249,68,188,0,242,0,254,0,239,0,98,0,42,0,18,0,12,0,11,
0,79,254,239,255,3,0,59,3,100,252,164,6,215,250,116,249,246,189,0,241,0,252,0,238,0,98,0,42,0,19,0,13,0,11,
0,111,254,240,255,3,0,59,3,100,252,164,6,200,251,112,249,185,190,0,241,0,252,0,238,0,98,0,42,0,18,0,13,0,11,
0,78,254,2,0,19,0,118,3,12,252,48,7,200,251,112,249,120,190,0,240,0,252,0,238,0,97,0,42,0,19,0,13,0,11,
0,63,254,10,0,13,0,118,3,12,252,48,7,240,251,107,249,120,190,0,240,0,252,0,238,0,97,0,41,0,18,0,13,0,11,
0,63,254,10,0,13,255,118,3,12,252,48,7,230,250,87,249,109,187,0,239,0,252,0,238,0,97,0,41,0,18,0,12,0,11,
0,52,254,25,0,251,255,118,3,12,252,48,7,63,251,171,249,94,190,0,239,0,251,0,237,0,97,0,41,0,19,0,13,0,11,
0,86,254,16,0,9,0,118,3,12,252,48,7,63,251,134,249,215,189,0,239,0,251,0,237,0,97,0,45,0,19,0,12,0,11,
0,91,254,14,0,239,255,118,3,12,252,48,7,181,251,134,249,215,189,0,238,0,251,0,237,0,97,0,44,0,20,0,13,0,11,
0,91,254,14,0,239,255,118,3,12,252,48,7,185,251,59,249,0,189,0,238,0,251,0,237,0,96,0,44,0,19,0,13,0,11,
0,84,254,39,0,237,255,118,3,12,252,48,7,184,250,110,249,117,188,0,237,0,250,0,236,0,97,0,43,0,20,0,13,0,11,
0,78,254,35,0,246,255,118,3,12,252,48,7,204,250,189,249,195,188,0,237,0,251,0,237,0,96,0,42,0,19,0,13,0,11,
0,93,254,33,0,235,255,118,3,12,252,48,7,204,250,189,249,112,190,0,237,0,250,0,237,0,97,0,43,0,19,0,13,0,11,
0,93,254,33,0,235,255,98,3,75,252,226,6,230,251,92,249,112,190,0,236,0,250,0,236,0,97,0,43,0,20,0,13,0,12,
0,107,254,15,0,241,255,98,3,75,252,226,6,215,251,27,249,141,189,0,236,0,250,0,237,0,96,0,41,0,19,0,13,0,12,
0,110,254,22,0,214,255,98,3,75,252,226,6,98,251,228,248,56,187,0,235,0,249,0,236,0,97,0,42,0,19,0,13,0,11,
0,110,254,22,0,201,255,98,3,75,252,226,6,119,250,176,249,240,188,0,235,0,249,0,236,0,96,0,41,0,18,0,13,0,11,
0,117,254,35,0,201,255,98,3,75,252,226,6,119,250,176,249,240,188,0,234,0,249,0,236,0,96,0,41,0,19,0,13,0,11,
0,97,254,28,0,185,255,98,3,75,252,226,6,31,251,189,249,213,190,0,234,0,249,0,235,0,96,0,41,0,19,0,13,0,11,
0,65,254,41,0,199,255,98,3,75,252,226,6,221,251,97,249,178,189,0,233,0,248,0,235,0,96,0,41,0,19,0,13,0,11,
0,65,254,41,0,199,255,98,3,75,252,226,6,181,251,57,249,237,187,0,232,0,248,0,235,0,96,0,41,0,19,0,13,0,11,
0,61,254,17,0,208,255,98,3,75,252,226,6,181,251,112,249,229,187,0,232,0,249,0,235,0,95,0,40,0,17,0,12,0,11,
0,84,254,40,0,204,255,98,3,75,252,226,6,28,251,112,249,229,187,0,232,0,249,0,235,0,95,0,41,0,17,0,12,0,11,
0,74,254,46,0,231,255,29,3,102,252,148,6,187,250,242,249,80,189,0,231,0,248,0,235,0,95,0,40,0,19,0,13,0,11,
0,74,254,46,0,231,255,29,3,102,252,148,6,254,250,197,249,188,191,0,230,0,249,0,235,0,95,0,40,0,18,0,13,0,11,
0,54,254,32,0,223,255,29,3,102,252,148,6,77,252,68,249,2,190,0,229,0,248,0,234,0,95,0,41,0,19,0,13,0,11,
0,37,254,44,0,230,255,29,3,102,252,148,6,77,252,68,249,2,190,0,229,0,249,0,235,0,95,0,40,0,17,0,12,0,11,
0,67,254,62,0,236,255,29,3,102,252,148,6,17,252,106,249,8,187,0,228,0,248,0,234,0,95,0,41,0,19,0,13,0,11,
0,67,254,62,0,236,255,29,3,102,252,148,6,89,250,214,249,242,188,0,227,0,248,0,234,0,95,0,40,0,18,0,13,0,11,
0,82,254,81,0,235,255,29,3,102,252,148,6,248,250,246,249,107,191,0,227,0,249,0,234,0,95,0,40,0,18,0,13,0,11,
0,48,254,90,0,237,255,29,3,102,252,148,6,248,250,161,249,143,190,0,226,0,249,0,233,0,95,0,40,0,17,0,13,0,11,
0,48,254,90,0,230,255,29,3,102,252,148,6,61,252,161,249,143,190,0,225,0,248,0,233,0,95,0,41,0,19,0,14,0,12,
0,51,254,70,0,230,255,29,3,102,252,148,6,16,252,20,249,169,187,0,224,0,248,0,233,0,95,0,40,0,18,0,13,0,11,
0,76,254,54,0,220,255,29,3,102,252,148,6,200,250,76,249,23,188,0,224,0,248,0,232,0,95,0,40,0,19,0,13,0,12,
0,52,254,43,0,235,255,156,3,8,252,2,6,53,251,250,249,37,191,0,223,0,248,0,232,0,94,0,40,0,18,0,13,0,11,
0,52,254,43,0,235,255,156,3,8,252,2,6,53,251,250,249,252,190,0,223,0,248,0,232,0,94,0,40,0,18,0,13,0,11,
0,27,254,48,0,203,255,156,3,8,252,2,6,50,251,22,250,252,190,0,222,0,247,0,232,0,95,0,40,0,18,0,13,0,12,
0,128,254,32,0,202,255,156,3,8,252,2,6,35,252,120,249,53,189,0,222,0,247,0,231,0,94,0,40,0,17,0,12,0,11,
0,160,254,40,0,207,255,156,3,8,252,2,6,159,250,179,249,87,188,0,221,0,247,0,231,0,94,0,40,0,18,0,13,0,11,
0,160,254,40,0,207,255,156,3,8,252,2,6,159,251,113,250,139,191,0,221,0,247,0,231,0,93,0,40,0,17,0,12,0,11,
0,109,254,44,0,206,255,156,3,8,252,2,6,8,251,113,250,139,191,0,220,0,247,0,230,0,93,0,40,0,17,0,12,0,11,
0,67,254,40,0,221,255,156,3,8,252,2,6,176,252,16,250,200,190,0,219,0,246,0,230,0,94,0,40,0,18,0,13,0,11,
0,112,254,31,0,203,255,156,3,8,252,2,6,228,251,203,249,18,188,0,219,0,246,0,230,0,93,0,39,0,17,0,12,0,11,
0,112,254,31,0,203,255,156,3,8,252,2,6,178,250,232,249,197,188,0,218,0,246,0,229,0,93,0,40,0,18,0,13,0,11,
0,113,254,249,255,189,255,66,3,72,252,225,6,178,250,232,249,87,191,0,218,0,246,0,229,0,93,0,40,0,17,0,12,0,11,
0,66,254,236,255,166,255,66,3,72,252,225,6,75,251,10,250,87,191,0,217,0,246,0,229,0,93,0,40,0,18,0,13,0,11,
0,66,254,236,255,185,255,66,3,72,252,225,6,32,251,72,250,8,191,0,217,0,246,0,229,0,93,0,40,0,17,0,13,0,11,
0,26,254,254,255,185,255,66,3,72,252,225,6,155,251,225,249,136,190,0,217,0,245,0,229,0,93,0,40,0,17,0,12,0,11,
0,86,254,2,0,159,255,66,3,72,252,225,6,27,251,11,250,94,188,0,216,0,245,0,228,0,93,0,40,0,18,0,13,0,12,
0,34,254,244,255,162,255,66,3,72,252,225,6,27,251,11,250,94,188,0,215,0,245,0,229,0,92,0,40,0,17,0,13,0,11,
0,34,254,244,255,162,255,66,3,72,252,225,6,46,251,95,250,160,189,0,215,0,245,0,228,0,92,0,39,0,17,0,12,0,11,
0,253,253,236,255,183,255,66,3,72,252,225,6,34,251,60,250,187,190,0,215,0,244,0,228,0,93,0,40,0,18,0,13,0,11,
0,48,254,244,255,170,255,66,3,72,252,225,6,55,251,63,250,20,190,0,214,0,244,0,228,0,92,0,40,0,17,0,12,0,11,
0,57,254,250,255,150,255,66,3,72,252,225,6,55,251,88,250,245,189,0,214,0,244,0,228,0,92,0,40,0,18,0,13,0,11,
0,57,254,250,255,150,255,45,3,25,252,254,6,132,251,88,250,245,189,0,214,0,243,0,228,0,92,0,39,0,17,0,12,0,11,
0,37,254,1,0,153,255,45,3,25,252,254,6,35,251,35,250,21,191,0,213,0,243,0,227,0,92,0,40,0,18,0,13,0,12,
0,27,254,249,255,166,255,45,3,25,252,254,6,250,250,182,249,215,188,0,213,0,243,0,227,0,92,0,39,0,17,0,12,0,11,
0,21,254,249,255,183,255,45,3,25,252,254,6,75,250,40,250,182,189,0,212,0,243,0,227,0,92,0,39,0,17,0,12,0,11,
0,21,254,236,255,183,255,45,3,25,252,254,6,75,250,40,250,18,191,0,212,0,242,0,227,0,92,0,39,0,18,0,13,0,11,
0,30,254,240,255,187,255,45,3,25,252,254,6,158,250,159,250,18,191,0,212,0,242,0,227,0,91,0,38,0,17,0,12,0,11,
0,14,254,9,0,202,255,45,3,25,252,254,6,58,251,19,250,171,190,0,211,0,242,0,226,0,92,0,39,0,17,0,13,0,11,
0,14,254,9,0,207,255,45,3,25,252,254,6,97,251,37,250,24,189,0,211,0,242,0,227,0,91,0,38,0,17,0,12,0,11,
0,13,254,252,255,207,255,45,3,25,252,254,6,97,251,109,250,29,189,0,211,0,241,0,226,0,91,0,38,0,17,0,12,0,11,
0,39,254,228,255,183,255,45,3,25,252,254,6,147,250,109,250,29,189,0,210,0,241,0,226,0,91,0,39,0,17,0,13,0,11,
0,7,254,222,255,159,255,98,3,22,252,153,6,151,250,176,250,84,190,0,210,0,241,0,226,0,91,0,38,0,17,0,12,0,11,
0,7,254,222,255,159,255,98,3,22,252,153,6,159,250,151,250,97,191,0,209,0,241,0,226,0,91,0,39,0,18,0,13,0,11,
0,250,253,236,255,135,255,98,3,22,252,153,6,130,251,80,250,51,190,0,209,0,241,0,226,0,91,0,38,0,17,0,12,0,11,
0,249,253,6,0,155,255,98,3,22,252,153,6,130,251,80,250,66,188,0,209,0,240,0,226,0,91,0,38,0,17,0,12,0,11,
0,19,254,233,255,159,255,98,3,22,252,153,6,162,250,27,250,66,188,0,208,0,240,0,225,0,91,0,39,0,18,0,13,0,11,
0,19,254,233,255,159,255,98,3,22,252,153,6,137,250,94,250,57,188,0,208,0,240,0,226,0,91,0,38,0,17,0,12,0,11,
0,61,254,227,255,136,255,98,3,22,252,153,6,37,250,162,250,234,189,0,208,0,240,0,226,0,91,0,39,0,18,0,13,0,11,
0,82,254,233,255,169,255,98,3,22,252,153,6,164,250,198,250,112,190,0,208,0,240,0,226,0,91,0,38,0,17,0,12,0,11,
0,30,254,233,255,147,255,98,3,22,252,153,6,164,250,198,250,112,190,0,207,0,240,0,225,0,91,0,39,0,18,0,13,0,11,
0,30,254,241,255,147,255,98,3,22,252,153,6,253,250,190,250,200,190,0,207,0,240,0,225,0,91,0,39,0,18,0,13,0,11,
0,33,254,230,255,165,255,98,3,22,252,153,6,121,250,171,250,154,189,0,207,0,239,0,226,0,91,0,33,0,17,0,13,0,12,
0,78,254,219,255,174,255,83,3,48,252,251,6,72,250,249,250,197,190,0,207,0,240,0,226,0,91,0,35,0,17,0,13,0,12,
0,78,254,219,255,150,255,83,3,48,252,251,6,72,250,249,250,101,190,0,207,0,240,0,226,0,90,0,35,0,16,0,12,0,11,
0,100,254,235,255,150,255,83,3,48,252,251,6,122,251,232,250,101,190,0,207,0,240,0,226,0,91,0,36,0,16,0,12,0,11,
0,69,254,237,255,170,255,83,3,48,252,251,6,212,250,129,250,33,189,0,207,0,240,0,226,0,91,0,37,0,17,0,13,0,11,
0,51,254,233,255,177,255,83,3,48,252,251,6,64,250,231,250,196,189,0,207,0,239,0,226,0,91,0,37,0,17,0,13,0,11,
0,51,254,233,255,177,255,83,3,48,252,251,6,244,249,94,251,165,190,0,207,0,239,0,226,0,91,0,37,0,17,0,12,0,11,
0,39,254,248,255,177,255,83,3,48,252,251,6,244,249,94,251,165,190,0,208,0,239,0,226,0,90,0,37,0,16,0,12,0,11,
0,75,254,253,255,165,255,83,3,48,252,251,6,50,251,97,251,145,192,0,208,0,239,0,226,0,91,0,37,0,16,0,12,0,11,
0,109,254,0,0,139,255,83,3,48,252,251,6,180,251,144,250,114,190,0,208,0,239,0,226,0,91,0,38,0,17,0,13,0,11,
0,109,254,0,0,139,255,83,3,48,252,251,6,192,250,210,250,140,188,0,209,0,239,0,226,0,90,0,37,0,17,0,12,0,11,
0,106,254,15,0,154,255,158,3,9,252,46,7,192,250,79,251,94,190,0,209,0,239,0,226,0,91,0,38,0,17,0,13,0,11,
0,112,254,21,0,134,255,158,3,9,252,46,7,141,250,79,251,94,190,0,210,0,239,0,226,0,91,0,37,0,16,0,12,0,11,
0,130,254,21,0,153,255,158,3,9,252,46,7,59,250,126,251,48,191,0,211,0,239,0,225,0,91,0,38,0,17,0,12,0,11,
0,130,254,39,0,153,255,158,3,9,252,46,7,219,250,174,251,94,191,0,211,0,239,0,225,0,91,0,38,0,17,0,13,0,11,
0,129,254,15,0,177,255,158,3,9,252,46,7,155,251,47,251,74,190,0,212,0,239,0,225,0,91,0,38,0,17,0,12,0,11,
0,121,254,236,255,156,255,158,3,9,252,46,7,155,251,47,251,76,190,0,212,0,239,0,225,0,91,0,38,0,18,0,13,0,11,
0,121,254,236,255,153,255,158,3,9,252,46,7,210,250,141,251,76,190,0,213,0,239,0,225,0,91,0,38,0,17,0,12,0,11,
0,112,254,228,255,153,255,158,3,9,252,46,7,195,250,195,251,152,190,0,214,0,239,0,224,0,91,0,39,0,18,0,13,0,11,
0,121,254,230,255,155,255,158,3,9,252,46,7,93,250,138,251,206,190,0,214,0,239,0,224,0,91,0,39,0,18,0,13,0,11,
0,118,254,244,255,160,255,158,3,9,252,46,7,93,250,207,251,118,190,0,215,0,239,0,225,0,90,0,38,0,17,0,12,0,11,
0,118,254,244,255,160,255,88,3,25,252,64,6,102,251,207,251,118,190,0,215,0,239,0,224,0,91,0,38,0,18,0,13,0,11,
0,130,254,226,255,152,255,88,3,25,252,64,6,106,250,223,251,175,191,0,216,0,239,0,224,0,90,0,42,0,18,0,12,0,11,
0,146,254,208,255,161,255,88,3,25,252,64,6,236,250,6,252,244,191,0,217,0,239,0,224,0,91,0,41,0,17,0,12,0,11,
0,147,254,210,255,165,255,88,3,25,252,64,6,234,251,167,251,162,190,0,217,0,239,0,224,0,91,0,41,0,19,0,13,0,11,
0,147,254,210,255,165,255,88,3,25,252,64,6,234,251,167,251,239,188,0,218,0,239,0,224,0,90,0,40,0,18,0,13,0,11,
0,119,254,214,255,148,255,88,3,25,252,64,6,124,251,135,251,239,188,0,219,0,239,0,224,0,90,0,40,0,18,0,13,0,11,
0,108,254,222,255,129,255,88,3,25,252,64,6,148,250,0,252,125,189,0,220,0,239,0,225,0,90,0,39,0,17,0,12,0,11,
0,108,254,222,255,121,255,88,3,25,252,64,6,163,250,48,252,249,189,0,220,0,239,0,225,0,90,0,39,0,17,0,12,0,11,
0,134,254,191,255,121,255,88,3,25,252,64,6,29,251,20,252,97,191,0,220,0,239,0,225,0,90,0,39,0,18,0,13,0,11,
0,160,254,174,255,126,255,88,3,25,252,64,6,29,251,20,252,97,191,0,221,0,240,0,225,0,90,0,38,0,17,0,12,0,11,
0,169,254,168,255,131,255,60,3,47,252,60,7,153,251,4,252,155,190,0,222,0,240,0,226,0,90,0,38,0,17,0,12,0,11,
0,169,254,168,255,117,255,60,3,47,252,60,7,67,251,224,251,75,190,0,222,0,240,0,226,0,91,0,39,0,18,0,13,0,11,
0,181,254,161,255,117,255,60,3,47,252,60,7,59,251,206,251,173,189,0,223,0,240,0,226,0,91,0,38,0,17,0,12,0,11,
0,177,254,166,255,113,255,60,3,47,252,60,7,59,251,206,251,125,189,0,223,0,241,0,227,0,91,0,39,0,18,0,13,0,11,
0,131,254,179,255,124,255,60,3,47,252,60,7,52,251,254,251,125,189,0,223,0,241,0,227,0,91,0,38,0,17,0,13,0,11,
0,131,254,179,255,124,255,60,3,47,252,60,7,66,251,13,252,138,190,0,223,0,241,0,227,0,91,0,39,0,18,0,13,0,11,
0,134,254,159,255,104,255,60,3,47,252,60,7,110,251,6,252,96,190,0,224,0,241,0,228,0,91,0,38,0,17,0,12,0,11,
0,159,254,140,255,95,255,60,3,47,252,60,7,133,251,220,251,50,189,0,224,0,242,0,228,0,91,0,39,0,17,0,13,0,11,
0,187,254,121,255,102,255,60,3,47,252,60,7,133,251,220,251,50,189,0,224,0,242,0,229,0,92,0,40,0,18,0,13,0,12,
0,187,254,121,255,102,255,60,3,47,252,60,7,161,251,195,251,147,189,0,225,0,242,0,229,0,91,0,39,0,17,0,13,0,11,
0,232,254,130,255,110,255,60,3,26,252,212,6,144,251,223,251,222,188,0,225,0,242,0,229,0,92,0,40,0,18,0,13,0,12,
0,246,254,130,255,73,255,72,3,26,252,212,6,186,251,202,251,82,189,0,226,0,243,0,230,0,92,0,39,0,17,0,12,0,11,
0,246,254,130,255,55,255,72,3,26,252,212,6,186,251,37,252,156,190,0,226,0,243,0,230,0,93,0,40,0,18,0,13,0,11,
0,13,255,112,255,55,255,72,3,26,252,212,6,235,250,37,252,156,190,0,226,0,243,0,231,0,92,0,39,0,18,0,13,0,11,
0,249,254,79,255,98,255,72,3,26,252,212,6,155,251,227,251,15,191,0,227,0,244,0,232,0,92,0,39,0,17,0,12,0,11,
0,23,255,86,255,118,255,72,3,26,252,212,6,172,252,85,251,62,190,0,226,0,244,0,232,0,93,0,39,0,18,0,13,0,11,
0,23,255,86,255,121,255,72,3,26,252,212,6,80,251,67,251,147,187,0,227,0,244,0,233,0,93,0,39,0,17,0,12,0,11,
0,14,255,105,255,121,255,72,3,26,252,212,6,80,251,67,251,144,189,0,227,0,244,0,233,0,93,0,39,0,17,0,12,0,11,
0,20,255,107,255,152,255,72,3,26,252,212,6,10,251,171,251,144,189,0,227,0,244,0,233,0,94,0,40,0,18,0,13,0,11,
0,18,255,85,255,157,255,72,3,26,252,212,6,95,251,236,251,28,191,0,227,0,245,0,234,0,94,0,39,0,17,0,13,0,11,
0,18,255,85,255,157,255,72,3,26,252,212,6,145,252,186,251,234,190,0,227,0,245,0,235,0,94,0,40,0,18,0,13,0,11,
0,36,255,94,255,177,255,26,3,77,252,53,6,145,252,29,251,145,189,0,228,0,246,0,235,0,94,0,40,0,17,0,12,0,11,
0,48,255,111,255,141,255,26,3,77,252,53,6,229,251,29,251,145,189,0,228,0,246,0,235,0,95,0,40,0,18,0,13,0,11,
0,34,255,93,255,134,255,26,3,77,252,53,6,79,251,58,251,230,188,0,228,0,246,0,236,0,95,0,40,0,18,0,13,0,11,
0,34,255,93,255,134,255,26,3,77,252,53,6,46,251,138,251,165,190,0,229,0,246,0,237,0,95,0,40,0,17,0,13,0,11,
0,20,255,71,255,154,255,26,3,77,252,53,6,207,251,130,251,136,190,0,229,0,247,0,237,0,95,0,40,0,17,0,12,0,11,
0,38,255,30,255,139,255,26,3,77,252,53,6,207,251,130,251,236,189,0,229,0,247,0,237,0,96,0,40,0,18,0,13,0,11,
0,38,255,30,255,117,255,26,3,77,252,53,6,239,251,203,250,236,189,0,230,0,247,0,238,0,96,0,40,0,18,0,12,0,11,
0,45,255,47,255,117,255,26,3,77,252,53,6,167,251,228,250,198,189,0,230,0,246,0,238,0,96,0,41,0,19,0,13,0,12,
0,68,255,49,255,121,255,26,3,77,252,53,6,122,251,55,251,134,190,0,230,0,247,0,239,0,96,0,41,0,18,0,13,0,11,
0,18,255,63,255,132,255,26,3,77,252,53,6,125,251,194,250,94,190,0,231,0,247,0,239,0,96,0,41,0,18,0,13,0,11,
0,18,255,63,255,132,255,86,3,2,252,23,7,125,251,194,250,94,190,0,231,0,247,0,239,0,97,0,41,0,19,0,14,0,11,
0,245,254,62,255,153,255,86,3,2,252,23,7,169,251,167,250,27,190,0,232,0,247,0,239,0,97,0,41,0,18,0,13,0,11,
0,1,255,76,255,127,255,86,3,2,252,23,7,229,250,18,251,132,191,0,232,0,247,0,239,0,97,0,41,0,19,0,13,0,11,
0,42,255,117,255,129,255,86,3,2,252,23,7,76,251,139,250,79,192,0,232,0,247,0,239,0,97,0,41,0,18,0,12,0,11,
0,42,255,117,255,129,255,86,3,2,252,23,7,76,251,14,250,219,190,0,232,0,247,0,239,0,97,0,41,0,19,0,13,0,11,
0,13,255,99,255,133,255,86,3,2,252,23,7,175,252,14,250,219,190,0,233,0,248,0,239,0,97,0,41,0,18,0,12,0,11,
0,236,254,101,255,122,255,86,3,2,252,23,7,105,251,57,250,152,188,0,233,0,247,0,239,0,97,0,41,0,17,0,12,0,11,
0,37,255,93,255,110,255,86,3,2,252,23,7,125,250,153,250,213,190,0,233,0,247,0,239,0,97,0,41,0,19,0,13,0,11,
0,37,255,93,255,110,255,86,3,2,252,23,7,18,251,215,250,193,193,0,233,0,248,0,239,0,97,0,40,0,18,0,13,0,11,
0,78,255,73,255,121,255,86,3,2,252,23,7,18,251,215,250,193,190,0,234,0,248,0,239,0,97,0,40,0,18,0,12,0,10,
0,84,255,78,255,151,255,131,3,249,251,58,7,141,252,234,249,219,190,0,233,0,247,0,239,0,98,0,41,0,19,0,13,0,11,
0,84,255,78,255,176,255,131,3,249,251,58,7,163,251,56,250,32,190,0,234,0,248,0,239,0,97,0,41,0,18,0,13,0,11,
0,97,255,61,255,176,255,131,3,249,251,58,7,178,250,135,250,252,190,0,234,0,247,0,238,0,97,0,41,0,19,0,13,0,11,
0,54,255,77,255,151,255,131,3,249,251,58,7,178,250,211,250,173,192,0,234,0,248,0,238,0,97,0,41,0,18,0,13,0,11,
0,10,255,77,255,151,255,131,3,249,251,58,7,193,250,211,250,173,192,0,235,0,248,0,238,0,97,0,41,0,18,0,13,0,12,
0,10,255,77,255,151,255,131,3,249,251,58,7,3,252,175,250,220,192,0,235,0,247,0,237,0,97,0,41,0,19,0,13,0,12,
0,46,255,88,255,161,255,131,3,249,251,58,7,253,251,54,250,9,190,0,235,0,247,0,237,0,97,0,41,0,18,0,13,0,11,
0,66,255,110,255,148,255,131,3,249,251,58,7,86,250,206,250,82,189,0,235,0,247,0,236,0,97,0,42,0,19,0,13,0,11,
0,32,255,106,255,143,255,131,3,249,251,58,7,86,250,206,250,167,193,0,236,0,247,0,236,0,96,0,41,0,18,0,13,0,11,
0,32,255,106,255,143,255,131,3,249,251,58,7,151,250,93,251,167,193,0,236,0,247,0,235,0,96,0,41,0,19,0,13,0,12,
0,13,255,95,255,134,255,29,3,97,252,131,6,101,252,228,250,234,191,0,236,0,247,0,235,0,96,0,41,0,18,0,12,0,11,
0,43,255,102,255,139,255,29,3,97,252,131,6,98,251,222,250,106,190,0,236,0,247,0,234,0,96,0,41,0,19,0,13,0,11,
0,66,255,104,255,130,255,29,3,97,252,131,6,98,251,216,250,115,189,0,236,0,247,0,233,0,96,0,41,0,19,0,13,0,11,
0,66,255,104,255,130,255,29,3,97,252,131,6,120,251,216,250,115,189,0,237,0,247,0,233,0,95,0,40,0,18,0,13,0,11,
0,34,255,93,255,146,255,29,3,97,252,131,6,190,250,120,251,13,191,0,236,0,247,0,232,0,95,0,41,0,19,0,13,0,11,
0,24,255,60,255,137,255,29,3,97,252,131,6,209,251,163,251,233,192,0,237,0,247,0,232,0,94,0,40,0,18,0,12,0,11,
0,24,255,60,255,151,255,29,3,97,252,131,6,75,252,254,250,50,190,0,237,0,246,0,232,0,94,0,40,0,18,0,12,0,11,
0,43,255,56,255,151,255,29,3,97,252,131,6,75,252,254,250,181,188,0,237,0,246,0,231,0,94,0,35,0,17,0,13,0,12,
0,62,255,84,255,158,255,29,3,97,252,131,6,250,250,26,251,181,188,0,237,0,247,0,231,0,93,0,36,0,16,0,12,0,11,
0,16,255,82,255,157,255,29,3,97,252,131,6,188,250,6,252,152,192,0,237,0,246,0,230,0,94,0,37,0,17,0,13,0,11,
0,16,255,82,255,157,255,29,3,97,252,131,6,213,251,209,251,238,191,0,237,0,246,0,230,0,93,0,37,0,16,0,12,0,11,
0,23,255,78,255,156,255,124,3,200,251,29,7,230,251,149,251,39,191,0,237,0,246,0,229,0,93,0,38,0,18,0,13,0,11,
0,54,255,76,255,138,255,124,3,200,251,29,7,230,251,149,251,39,191,0,237,0,246,0,228,0,93,0,38,0,18,0,13,0,11,
0,55,255,89,255,134,255,124,3,200,251,29,7,196,251,172,251,171,189,0,238,0,246,0,228,0,93,0,38,0,17,0,13,0,11,
0,55,255,89,255,134,255,124,3,200,251,29,7,210,250,63,252,49,190,0,238,0,246,0,228,0,92,0,39,0,17,0,12,0,11,
0,78,255,58,255,112,255,124,3,200,251,29,7,239,250,69,252,63,191,0,238,0,246,0,227,0,93,0,40,0,18,0,13,0,12,
0,82,255,37,255,103,255,124,3,200,251,29,7,239,250,41,252,104,191,0,238,0,246,0,227,0,92,0,39,0,17,0,12,0,11,
0,88,255,66,255,118,255,124,3,200,251,29,7,75,251,41,252,104,191,0,238,0,246,0,227,0,92,0,40,0,18,0,13,0,12,
0,88,255,66,255,118,255,124,3,200,251,29,7,93,251,50,252,214,190,0,238,0,246,0,227,0,92,0,39,0,17,0,13,0,11,
0,36,255,68,255,120,255,124,3,200,251,29,7,21,251,13,252,2,190,0,238,0,245,0,227,0,92,0,39,0,18,0,13,0,11,
0,31,255,33,255,112,255,124,3,200,251,29,7,9,251,68,252,36,190,0,238,0,246,0,228,0,92,0,39,0,17,0,12,0,11,
0,31,255,33,255,88,255,71,3,8,252,200,6,9,251,68,252,156,190,0,238,0,245,0,227,0,92,0,40,0,18,0,13,0,11,
0,44,255,30,255,88,255,71,3,8,252,200,6,122,251,57,252,156,190,0,238,0,245,0,228,0,92,0,39,0,18,0,13,0,11,
0,44,255,71,255,89,255,71,3,8,252,200,6,146,251,58,252,55,190,0,238,0,245,0,228,0,92,0,39,0,18,0,13,0,11,
0,77,255,75,255,93,255,71,3,8,252,200,6,130,251,251,251,163,189,0,239,0,245,0,228,0,92,0,39,0,17,0,13,0,11,
0,77,255,75,255,93,255,71,3,8,252,200,6,130,251,115,252,113,189,0,239,0,246,0,229,0,91,0,38,0,17,0,12,0,11,
0,63,255,49,255,126,255,71,3,8,252,200,6,122,251,115,252,113,189,0,239,0,245,0,230,0,92,0,38,0,17,0,12,0,11,
0,54,255,50,255,113,255,71,3,8,252,200,6,147,251,178,252,129,190,0,239,0,246,0,230,0,92,0,39,0,18,0,13,0,11,
0,101,255,72,255,110,255,71,3,8,252,200,6,41,252,53,252,77,190,0,240,0,246,0,231,0,92,0,39,0,17,0,13,0,11,
0,101,255,72,255,110,255,71,3,8,252,200,6,29,251,119,252,29,189,0,241,0,246,0,232,0,92,0,43,0,17,0,12,0,10,
0,109,255,81,255,89,255,71,3,8,252,200,6,29,251,119,252,117,190,0,240,0,245,0,232,0,93,0,42,0,19,0,12,0,11,
0,99,255,57,255,87,255,32,3,75,252,79,6,251,250,145,252,117,190,0,241,0,245,0,232,0,93,0,41,0,18,0,12,0,10,
0,104,255,57,255,120,255,32,3,75,252,79,6,169,251,116,252,179,190,0,241,0,245,0,233,0,94,0,42,0,19,0,13,0,11,
0,104,255,54,255,120,255,32,3,75,252,79,6,61,252,29,252,85,189,0,242,0,246,0,234,0,94,0,41,0,18,0,13,0,11,
0,89,255,96,255,144,255,32,3,75,252,79,6,125,251,38,252,60,189,0,242,0,246,0,235,0,94,0,40,0,18,0,13,0,11,
0,105,255,107,255,131,255,32,3,75,252,79,6,125,251,38,252,60,189,0,242,0,245,0,235,0,95,0,41,0,19,0,13,0,12,
0,105,255,107,255,101,255,32,3,75,252,79,6,9,252,223,251,50,190,0,243,0,245,0,235,0,95,0,40,0,18,0,13,0,11,
0,111,255,123,255,101,255,32,3,75,252,79,6,197,251,2,252,14,189,0,243,0,245,0,236,0,95,0,41,0,19,0,13,0,11,
0,142,255,123,255,115,255,32,3,75,252,79,6,251,250,235,251,150,190,0,244,0,246,0,237,0,95,0,41,0,18,0,13,0,12,
0,159,255,130,255,149,255,32,3,75,252,79,6,251,250,235,251,98,191,0,244,0,246,0,237,0,95,0,40,0,18,0,13,0,11,
0,159,255,130,255,149,255,32,3,75,252,79,6,235,251,127,251,98,191,0,244,0,246,0,238,0,96,0,41,0,19,0,13,0,12,
0,176,255,147,255,120,255,69,3,71,252,69,6,58,252,41,251,219,189,0,245,0,246,0,238,0,96,0,40,0,18,0,13,0,11,
0,201,255,146,255,109,255,69,3,71,252,69,6,167,251,251,250,55,190,0,245,0,247,0,239,0,96,0,41,0,19,0,13,0,11,
0,235,255,156,255,91,255,69,3,71,252,69,6,2,251,124,251,165,190,0,246,0,247,0,240,0,96,0,40,0,20,0,13,0,11,
0,235,255,156,255,91,255,69,3,71,252,69,6,2,251,124,251,165,190,0,246,0,247,0,240,0,96,0,40,0,19,0,12,0,11,
0,255,255,164,255,114,255,69,3,71,252,69,6,18,252,21,251,164,191,0,246,0,247,0,241,0,97,0,41,0,20,0,13,0,11,
0,184,255,145,255,148,255,69,3,71,252,69,6,176,252,150,250,251,189,0,246,0,247,0,241,0,97,0,41,0,19,0,13,0,11,
0,145,255,145,255,138,255,69,3,71,252,69,6,116,251,103,250,147,188,0,246,0,248,0,242,0,98,0,41,0,20,0,13,0,11,
0,145,255,141,255,138,255,69,3,71,252,69,6,116,251,165,250,78,191,0,247,0,248,0,243,0,97,0,41,0,19,0,13,0,11,
0,105,255,143,255,124,255,69,3,71,252,69,6,80,251,165,250,78,191,0,247,0,249,0,243,0,97,0,41,0,18,0,13,0,11,
0,139,255,139,255,123,255,69,3,71,252,69,6,252,252,15,250,192,191,0,247,0,249,0,243,0,99,0,42,0,20,0,13,0,11,
0,139,255,139,255,146,255,69,3,71,252,69,6,233,251,24,250,40,190,0,247,0,249,0,244,0,98,0,41,0,19,0,13,0,11,
0,138,255,145,255,146,255,27,3,60,252,135,6,224,251,22,250,45,191,0,247,0,249,0,244,0,99,0,42,0,20,0,13,0,12,
0,168,255,158,255,130,255,27,3,60,252,135,6,224,251,22,250,250,191,0,247,0,249,0,244,0,99,0,41,0,19,0,13,0,11,
0,104,255,173,255,125,255,27,3,60,252,135,6,61,252,44,250,250,191,0,247,0,249,0,244,0,99,0,42,0,20,0,14,0,12,
0,104,255,173,255,125,255,27,3,60,252,135,6,157,252,132,249,248,191,0,247,0,250,0,244,0,99,0,42,0,19,0,13,0,11,
0,114,255,175,255,135,255,27,3,60,252,135,6,37,252,77,249,131,190,0,247,0,249,0,244,0,99,0,42,0,19,0,13,0,11,
0,118,255,145,255,111,255,27,3,60,252,135,6,37,252,175,249,227,191,0,247,0,250,0,244,0,100,0,43,0,20,0,14,0,12,
0,159,255,135,255,126,255,27,3,60,252,135,6,252,251,175,249,227,191,0,247,0,250,0,244,0,100,0,43,0,20,0,14,0,12,
0,159,255,135,255,126,255,27,3,60,252,135,6,125,252,78,249,229,191,0,246,0,249,0,244,0,100,0,43,0,20,0,14,0,12,
0,155,255,141,255,153,255,27,3,60,252,135,6,28,252,16,249,158,190,0,247,0,250,0,245,0,99,0,42,0,19,0,13,0,11,
0,167,255,150,255,158,255,27,3,60,252,135,6,176,251,42,249,247,191,0,247,0,250,0,244,0,99,0,42,0,19,0,13,0,11,
0,146,255,150,255,129,255,106,3,40,252,255,6,176,251,42,249,79,192,0,246,0,250,0,243,0,100,0,42,0,20,0,13,0,12,
0,146,255,141,255,129,255,106,3,40,252,255,6,45,252,74,249,79,192,0,247,0,250,0,244,0,99,0,42,0,19,0,13,0,11,
0,135,255,133,255,131,255,106,3,40,252,255,6,156,252,179,248,166,191,0,246,0,250,0,243,0,100,0,42,0,20,0,13,0,11,
0,113,255,148,255,145,255,106,3,40,252,255,6,16,252,195,248,14,191,0,246,0,250,0,243,0,99,0,42,0,19,0,13,0,11,
0,113,255,148,255,144,255,106,3,40,252,255,6,16,251,45,249,125,192,0,246,0,250,0,242,0,99,0,42,0,19,0,13,0,11,
0,113,255,134,255,144,255,106,3,40,252,255,6,16,251,45,249,125,192,0,246,0,249,0,241,0,99,0,42,0,20,0,14,0,12,
0,68,255,122,255,130,255,106,3,40,252,255,6,25,253,217,248,23,193,0,246,0,249,0,241,0,99,0,42,0,19,0,13,0,11,
0,38,255,126,255,122,255,106,3,40,252,255,6,225,251,77,248,143,188,0,246,0,249,0,241,0,98,0,42,0,19,0,13,0,11,
0,38,255,126,255,122,255,106,3,40,252,255,6,104,251,24,249,77,192,0,245,0,249,0,240,0,99,0,42,0,20,0,13,0,11,
0,242,254,111,255,147,255,106,3,40,252,255,6,104,251,79,249,229,193,0,245,0,248,0,240,0,98,0,42,0,19,0,13,0,11,
0,206,254,107,255,170,255,95,3,25,252,97,6,92,252,79,249,229,193,0,244,0,248,0,239,0,98,0,42,0,18,0,13,0,11,
0,13,255,118,255,154,255,95,3,25,252,97,6,139,252,188,248,104,191,0,245,0,248,0,239,0,98,0,41,0,18,0,13,0,11,
0,13,255,118,255,154,255,95,3,25,252,97,6,165,251,220,248,202,188,0,244,0,247,0,238,0,98,0,42,0,19,0,13,0,12,
0,244,254,97,255,169,255,95,3,25,252,97,6,234,250,133,249,32,193,0,244,0,247,0,238,0,97,0,41,0,18,0,13,0,11,
0,202,254,91,255,169,255,95,3,25,252,97,6,234,250,133,249,32,193,0,244,0,247,0,237,0,97,0,41,0,18,0,13,0,11,
0,202,254,91,255,149,255,95,3,25,252,97,6,113,252,59,249,49,193,0,243,0,247,0,236,0,97,0,42,0,19,0,13,0,12,
0,214,254,74,255,149,255,95,3,25,252,97,6,79,252,235,248,219,189,0,243,0,246,0,236,0,97,0,41,0,19,0,13,0,11,
0,220,254,84,255,158,255,95,3,25,252,97,6,109,250,77,249,39,190,0,243,0,247,0,235,0,96,0,41,0,18,0,13,0,11,
0,229,254,93,255,124,255,95,3,25,252,97,6,109,250,255,249,151,193,0,242,0,246,0,235,0,97,0,42,0,19,0,13,0,12,
0,229,254,93,255,93,255,95,3,25,252,97,6,23,251,255,249,151,193,0,242,0,246,0,235,0,96,0,41,0,18,0,12,0,11,
0,239,254,121,255,93,255,108,3,46,252,69,6,247,252,115,249,115,191,0,242,0,246,0,234,0,96,0,41,0,19,0,13,0,11,
0,3,255,138,255,81,255,108,3,46,252,69,6,116,251,134,249,166,189,0,241,0,245,0,233,0,95,0,41,0,19,0,13,0,11,
0,3,255,125,255,99,255,108,3,46,252,69,6,57,250,127,250,218,191,0,241,0,245,0,233,0,95,0,41,0,19,0,13,0,11,
0,3,255,125,255,99,255,108,3,46,252,69,6,57,250,127,250,14,193,0,241,0,245,0,233,0,95,0,40,0,18,0,12,0,11,
0,208,254,92,255,126,255,108,3,46,252,69,6,35,252,36,250,14,193,0,239,0,245,0,232,0,95,0,41,0,18,0,13,0,11,
0,220,254,61,255,135,255,108,3,46,252,69,6,85,252,253,249,206,189,0,239,0,244,0,232,0,95,0,40,0,18,0,13,0,11,
0,219,254,58,255,154,255,108,3,46,252,69,6,114,251,125,250,3,190,0,239,0,245,0,231,0,94,0,40,0,18,0,13,0,11,
0,219,254,58,255,154,255,108,3,46,252,69,6,152,250,208,250,250,190,0,238,0,244,0,231,0,94,0,40,0,18,0,13,0,11,
0,211,254,80,255,137,255,108,3,46,252,69,6,152,250,208,250,250,190,0,238,0,245,0,230,0,93,0,40,0,17,0,12,0,10,
0,209,254,99,255,105,255,108,3,46,252,69,6,0,252,211,250,119,192,0,237,0,244,0,230,0,93,0,40,0,17,0,12,0,11,
0,209,254,99,255,108,255,108,3,46,252,50,6,62,252,115,250,58,189,0,236,0,244,0,229,0,94,0,40,0,19,0,13,0,11,
0,212,254,112,255,108,255,161,3,20,252,50,6,123,251,224,250,87,190,0,236,0,244,0,228,0,93,0,40,0,19,0,13,0,11,
0,240,254,121,255,104,255,161,3,20,252,50,6,123,251,224,251,228,190,0,235,0,244,0,228,0,92,0,40,0,17,0,12,0,11,
0,241,254,111,255,68,255,161,3,20,252,50,6,114,250,115,251,228,190,0,234,0,244,0,227,0,93,0,40,0,18,0,13,0,11,
0,241,254,111,255,44,255,161,3,20,252,50,6,117,251,136,251,39,193,0,234,0,244,0,227,0,92,0,33,0,16,0,13,0,11,
0,252,254,113,255,44,255,161,3,20,252,50,6,18,252,73,251,120,191,0,234,0,244,0,226,0,92,0,36,0,17,0,13,0,12,
0,250,254,128,255,53,255,161,3,20,252,50,6,154,251,6,251,121,189,0,233,0,244,0,226,0,92,0,36,0,16,0,12,0,11,
0,245,254,124,255,89,255,161,3,20,252,50,6,154,251,6,251,121,189,0,233,0,244,0,226,0,92,0,37,0,17,0,13,0,11,
0,245,254,124,255,89,255,161,3,20,252,50,6,49,250,181,251,8,190,0,233,0,244,0,226,0,91,0,37,0,16,0,12,0,11,
0,225,254,109,255,101,255,161,3,20,252,50,6,197,250,66,252,183,193,0,232,0,244,0,225,0,92,0,38,0,17,0,13,0,11,
0,220,254,146,255,109,255,161,3,20,252,50,6,97,252,219,251,28,191,0,232,0,244,0,225,0,91,0,38,0,17,0,13,0,11,
0,247,254,182,255,112,255,52,3,71,252,103,6,97,252,153,251,255,189,0,232,0,244,0,225,0,91,0,38,0,17,0,13,0,11,
0,247,254,182,255,112,255,52,3,71,252,103,6,139,251,153,251,255,189,0,232,0,244,0,225,0,91,0,38,0,17,0,13,0,11,
0,32,255,198,255,87,255,52,3,71,252,103,6,156,249,26,252,69,189,0,232,0,244,0,225,0,90,0,38,0,16,0,12,0,11,
0,12,255,180,255,75,255,52,3,71,252,103,6,242,250,193,252,102,193,0,232,0,244,0,226,0,90,0,38,0,16,0,12,0,11,
0,12,255,180,255,85,255,52,3,71,252,103,6,236,251,205,251,21,190,0,232,0,244,0,225,0,91,0,38,0,17,0,13,0,11,
0,20,255,167,255,85,255,52,3,71,252,103,6,236,251,205,251,140,188,0,232,0,244,0,225,0,91,0,38,0,17,0,13,0,11,
0,28,255,179,255,111,255,52,3,71,252,103,6,222,250,52,252,140,188,0,232,0,244,0,226,0,91,0,38,0,17,0,13,0,11,
0,249,254,182,255,93,255,52,3,71,252,103,6,252,249,209,252,55,190,0,232,0,244,0,227,0,90,0,38,0,17,0,12,0,11,
0,249,254,182,255,70,255,52,3,71,252,103,6,152,251,70,252,246,191,0,232,0,244,0,227,0,90,0,38,0,17,0,12,0,11,
0,216,254,185,255,70,255,52,3,71,252,103,6,152,251,239,251,186,188,0,232,0,244,0,227,0,91,0,39,0,18,0,13,0,11,
0,14,255,165,255,99,255,47,3,84,252,6,7,197,251,239,251,186,188,0,232,0,244,0,227,0,91,0,39,0,18,0,13,0,12,
0,33,255,184,255,92,255,47,3,84,252,6,7,48,251,104,252,25,189,0,232,0,244,0,227,0,91,0,39,0,18,0,13,0,11,
0,33,255,184,255,92,255,47,3,84,252,6,7,160,250,161,252,229,190,0,232,0,245,0,228,0,91,0,38,0,17,0,12,0,11,
0,48,255,219,255,81,255,47,3,84,252,6,7,211,251,93,252,24,191,0,232,0,245,0,228,0,91,0,38,0,17,0,12,0,11,
0,48,255,207,255,104,255,47,3,84,252,6,7,211,251,93,252,97,188,0,231,0,244,0,228,0,92,0,39,0,18,0,13,0,12,
0,26,255,181,255,121,255,47,3,84,252,6,7,184,251,251,251,97,188,0,231,0,245,0,229,0,92,0,43,0,18,0,13,0,11,
0,26,255,181,255,121,255,47,3,84,252,6,7,166,250,98,252,132,190,0,231,0,245,0,229,0,92,0,42,0,19,0,13,0,11,
0,37,255,217,255,128,255,47,3,84,252,6,7,39,252,0,252,162,190,0,232,0,245,0,230,0,92,0,41,0,18,0,12,0,11,
0,65,255,223,255,115,255,47,3,84,252,6,7,230,250,5,252,232,188,0,231,0,245,0,230,0,92,0,41,0,18,0,13,0,11,
0,65,255,223,255,128,255,47,3,84,252,6,7,230,250,5,252,232,188,0,231,0,245,0,231,0,93,0,41,0,19,0,13,0,11,
0,77,255,223,255,128,255,87,3,86,252,169,6,136,251,114,252,76,191,0,232,0,246,0,231,0,93,0,40,0,18,0,13,0,11,
0,54,255,223,255,138,255,87,3,86,252,169,6,95,252,200,251,35,190,0,231,0,246,0,232,0,93,0,40,0,18,0,13,0,11,
0,51,255,245,255,135,255,87,3,86,252,169,6,6,251,201,251,79,188,0,232,0,246,0,232,0,93,0,40,0,17,0,12,0,11,
0,51,255,245,255,135,255,87,3,86,252,169,6,6,251,32,252,213,190,0,232,0,246,0,232,0,93,0,40,0,18,0,13,0,11,
0,22,255,214,255,127,255,87,3,86,252,169,6,98,251,32,252,213,190,0,232,0,246,0,233,0,94,0,40,0,18,0,13,0,11,
0,48,255,186,255,123,255,87,3,86,252,169,6,192,251,15,252,177,190,0,232,0,247,0,234,0,93,0,40,0,17,0,13,0,11,
0,28,255,193,255,122,255,87,3,86,252,169,6,23,252,177,251,104,189,0,232,0,246,0,234,0,94,0,40,0,18,0,13,0,11,
0,28,255,193,255,122,255,87,3,86,252,169,6,245,251,21,251,43,188,0,233,0,247,0,234,0,94,0,40,0,17,0,13,0,11,
0,7,255,198,255,150,255,87,3,86,252,169,6,245,251,21,251,43,191,0,233,0,247,0,235,0,94,0,40,0,17,0,12,0,11,
0,15,255,181,255,157,255,87,3,86,252,169,6,96,251,218,251,99,191,0,233,0,247,0,235,0,95,0,40,0,18,0,13,0,11,
0,33,255,188,255,170,255,114,3,34,252,128,6,83,252,138,251,87,191,0,234,0,247,0,236,0,94,0,40,0,18,0,12,0,11,
0,33,255,188,255,170,255,114,3,34,252,128,6,215,251,115,251,121,189,0,234,0,247,0,236,0,95,0,40,0,19,0,13,0,11,
0,42,255,195,255,194,255,114,3,34,252,128,6,215,251,242,250,101,188,0,235,0,247,0,237,0,95,0,40,0,19,0,13,0,11,
0,22,255,188,255,230,255,114,3,34,252,128,6,245,251,242,250,101,188,0,235,0,247,0,237,0,95,0,40,0,17,0,13,0,11,
0,22,255,188,255,218,255,114,3,34,252,128,6,239,250,114,251,102,190,0,236,0,247,0,237,0,96,0,40,0,19,0,13,0,12,
0,21,255,207,255,218,255,114,3,34,252,128,6,116,252,46,251,201,191,0,236,0,247,0,238,0,96,0,40,0,18,0,13,0,11,
0,50,255,221,255,217,255,114,3,34,252,128,6,121,252,139,250,226,188,0,237,0,247,0,238,0,97,0,41,0,19,0,13,0,11,
0,46,255,235,255,222,255,114,3,34,252,128,6,121,252,139,250,7,188,0,237,0,248,0,238,0,96,0,40,0,18,0,13,0,11,
0,46,255,235,255,222,255,114,3,34,252,128,6,239,250,238,250,7,188,0,237,0,247,0,238,0,97,0,41,0,19,0,13,0,11,
0,63,255,205,255,219,255,114,3,34,252,128,6,187,251,34,251,55,193,0,237,0,247,0,238,0,96,0,41,0,19,0,13,0,11,
0,64,255,212,255,225,255,114,3,34,252,128,6,165,252,51,250,139,189,0,238,0,248,0,239,0,96,0,40,0,18,0,12,0,11,
0,70,255,226,255,233,255,93,3,46,252,71,7,120,251,188,250,88,189,0,238,0,248,0,239,0,97,0,40,0,18,0,13,0,11,
0,70,255,226,255,233,255,93,3,46,252,71,7,120,251,188,250,88,189,0,238,0,248,0,239,0,97,0,41,0,19,0,13,0,11,
0,94,255,219,255,240,255,93,3,46,252,71,7,151,250,41,251,206,191,0,238,0,249,0,239,0,96,0,40,0,17,0,12,0,11,
0,84,255,207,255,8,0,93,3,46,252,71,7,29,252,155,250,197,192,0,239,0,249,0,239,0,97,0,41,0,19,0,13,0,11,
0,73,255,202,255,7,0,93,3,46,252,71,7,138,252,252,249,87,189,0,238,0,249,0,239,0,97,0,41,0,18,0,13,0,11,
0,73,255,202,255,7,0,93,3,46,252,71,7,138,252,252,250,23,189,0,239,0,249,0,239,0,97,0,41,0,18,0,12,0,11,
0,53,255,203,255,8,0,93,3,46,252,71,7,142,251,81,250,23,189,0,238,0,249,0,238,0,97,0,41,0,19,0,13,0,11,
0,50,255,189,255,254,255,93,3,46,252,71,7,16,251,94,251,129,191,0,238,0,249,0,239,0,97,0,41,0,17,0,12,0,11,
0,50,255,189,255,235,255,93,3,46,252,71,7,220,251,163,250,222,192,0,239,0,249,0,238,0,97,0,41,0,19,0,13,0,11,
0,58,255,181,255,235,255,93,3,46,252,71,7,89,252,18,250,53,190,0,239,0,249,0,238,0,97,0,41,0,18,0,13,0,12,
0,62,255,188,255,252,255,45,3,52,252,58,6,89,252,18,250,53,190,0,239,0,249,0,238,0,97,0,41,0,18,0,12,0,11,
0,86,255,198,255,220,255,45,3,52,252,58,6,189,251,66,250,147,189,0,238,0,249,0,238,0,97,0,41,0,19,0,13,0,12,
0,86,255,198,255,220,255,45,3,52,252,58,6,102,250,211,250,149,190,0,238,0,249,0,238,0,97,0,41,0,18,0,13,0,11,
0,65,255,192,255,218,255,45,3,52,252,58,6,83,251,217,250,62,193,0,239,0,250,0,238,0,97,0,42,0,19,0,13,0,12,
0,74,255,201,255,234,255,45,3,52,252,58,6,83,251,99,250,44,192,0,239,0,250,0,237,0,97,0,41,0,19,0,14,0,12,
0,75,255,227,255,237,255,45,3,52,252,58,6,145,252,99,250,44,192,0,239,0,250,0,238,0,96,0,41,0,18,0,13,0,11,
0,75,255,227,255,237,255,45,3,52,252,58,6,154,251,81,250,248,188,0,238,0,249,0,237,0,97,0,42,0,19,0,13,0,12,
0,72,255,224,255,251,255,45,3,52,252,58,6,4,250,251,250,74,190,0,239,0,250,0,237,0,96,0,41,0,18,0,13,0,11,
0,94,255,217,255,1,0,45,3,52,252,58,6,184,251,235,250,168,194,0,239,0,250,0,237,0,96,0,41,0,19,0,13,0,11,
0,90,255,195,255,5,0,45,3,52,252,58,6,184,251,235,250,29,190,0,239,0,250,0,238,0,96,0,41,0,18,0,13,0,12,
0,90,255,195,255,5,0,39,3,100,252,54,6,64,252,37,250,29,190,0,239,0,250,0,237,0,96,0,40,0,18,0,12,0,11,
0,99,255,172,255,254,255,39,3,100,252,54,6,94,251,3,251,105,189,0,238,0,250,0,237,0,97,0,41,0,19,0,13,0,11,
0,136,255,183,255,237,255,39,3,100,252,54,6,77,250,118,251,49,192,0,239,0,250,0,237,0,96,0,41,0,18,0,12,0,11,
0,136,255,183,255,226,255,39,3,100,252,54,6,77,250,239,250,225,192,0,239,0,250,0,237,0,96,0,41,0,19,0,13,0,11,
0,129,255,207,255,226,255,39,3,100,252,54,6,251,252,239,250,225,192,0,239,0,250,0,237,0,96,0,40,0,19,0,13,0,11,
0,113,255,219,255,220,255,39,3,100,252,54,6,196,251,253,250,160,188,0,239,0,251,0,237,0,96,0,40,0,18,0,12,0,11,
0,104,255,232,255,220,255,39,3,100,252,54,6,219,250,137,251,190,191,0,239,0,250,0,237,0,97,0,41,0,19,0,13,0,11,
0,104,255,232,255,220,255,39,3,100,252,54,6,143,251,215,251,64,192,0,239,0,251,0,238,0,96,0,41,0,18,0,12,0,11,
0,123,255,225,255,236,255,39,3,100,252,54,6,143,251,215,251,42,191,0,239,0,250,0,237,0,97,0,41,0,19,0,13,0,11,
0,144,255,207,255,222,255,39,3,100,252,54,6,190,252,77,251,42,191,0,239,0,251,0,238,0,96,0,40,0,18,0,12,0,11,
0,164,255,233,255,213,255,116,3,23,252,250,6,171,251,90,251,150,188,0,240,0,251,0,238,0,96,0,40,0,18,0,13,0,11,
0,164,255,233,255,213,255,116,3,23,252,250,6,162,251,191,251,124,190,0,239,0,251,0,238,0,97,0,41,0,19,0,13,0,11,
0,152,255,249,255,194,255,116,3,23,252,250,6,244,250,67,252,128,193,0,239,0,251,0,238,0,96,0,41,0,18,0,13,0,11,
0,140,255,235,255,230,255,116,3,23,252,250,6,244,250,67,252,128,193,0,240,0,251,0,238,0,97,0,41,0,19,0,13,0,12,
0,123,255,235,255,218,255,116,3,23,252,250,6,218,252,47,251,198,190,0,240,0,251,0,238,0,96,0,41,0,19,0,13,0,11,
0,123,255,212,255,218,255,116,3,23,252,250,6,138,251,171,251,195,188,0,240,0,251,0,238,0,97,0,41,0,19,0,13,0,11,
0,117,255,199,255,200,255,116,3,23,252,250,6,104,251,2,252,70,191,0,240,0,252,0,239,0,96,0,41,0,18,0,13,0,11,
0,91,255,207,255,177,255,116,3,23,252,250,6,104,251,220,251,204,191,0,240,0,252,0,239,0,96,0,41,0,18,0,13,0,11,
0,91,255,207,255,192,255,116,3,23,252,250,6,86,252,220,251,204,191,0,240,0,252,0,239,0,97,0,41,0,19,0,13,0,11,
0,130,255,175,255,192,255,116,3,23,252,250,6,95,252,146,251,17,190,0,240,0,252,0,239,0,97,0,41,0,19,0,13,0,11,
0,107,255,167,255,217,255,116,3,23,252,250,6,191,251,199,251,104,189,0,240,0,252,0,239,0,97,0,41,0,19,0,13,0,11,
0,115,255,193,255,207,255,108,3,56,252,218,6,240,251,76,252,80,191,0,241,0,253,0,239,0,96,0,35,0,17,0,13,0,12,
0,115,255,193,255,207,255,108,3,56,252,218,6,240,251,76,252,80,190,0,240,0,253,0,239,0,97,0,37,0,18,0,13,0,12,
0,144,255,211,255,171,255,108,3,56,252,218,6,249,252,203,251,114,190,0,241,0,253,0,240,0,97,0,38,0,19,0,13,0,11,
0,144,255,213,255,171,255,108,3,56,252,218,6,78,252,5,252,237,189,0,241,0,254,0,240,0,97,0,39,0,19,0,13,0,11,
0,188,255,196,255,204,255,108,3,56,252,218,6,81,252,10,252,116,191,0,241,0,254,0,241,0,97,0,39,0,18,0,13,0,11,
0,188,255,196,255,204,255,108,3,56,252,218,6,81,252,142,251,1,189,0,241,0,254,0,241,0,98,0,40,0,19,0,13,0,11,
0,209,255,194,255,204,255,108,3,56,252,218,6,127,253,142,251,1,189,0,242,0,255,0,242,0,97,0,40,0,18,0,13,0,11,
0,201,255,181,255,180,255,108,3,56,252,218,6,194,251,51,252,103,189,0,242,0,255,0,242,0,98,0,41,0,19,0,13,0,11,
0,185,255,181,255,201,255,108,3,56,252,218,6,95,253,66,252,45,193,0,243,0,255,0,243,0,98,0,41,0,19,0,13,0,11,
0,185,255,176,255,201,255,108,3,56,252,218,6,254,253,29,251,238,187,0,243,0,255,0,243,0,98,0,41,0,19,0,13,0,11,
0,167,255,211,255,206,255,58,3,45,252,30,7,254,253,29,251,21,190,0,243,0,255,0,243,0,99,0,42,0,20,0,14,0,12,
0,209,255,212,255,196,255,58,3,45,252,30,7,181,252,146,251,21,190,0,244,1,0,0,244,0,99,0,41,0,19,0,13,0,11,
0,209,255,212,255,174,255,58,3,45,252,30,7,208,252,28,252,251,191,0,244,1,0,0,244,0,99,0,42,0,20,0,14,0,12,
0,195,255,197,255,174,255,58,3,45,252,30,7,151,254,95,251,41,192,0,244,1,0,0,245,0,99,0,41,0,19,0,13,0,11,
0,165,255,179,255,168,255,58,3,45,252,30,7,117,253,202,250,101,187,0,245,1,0,0,245,0,100,0,42,0,20,0,14,0,12,
0,179,255,187,255,164,255,58,3,45,252,30,7,117,253,202,250,101,187,0,245,1,1,0,246,0,100,0,42,0,19,0,13,0,11,
0,179,255,187,255,164,255,58,3,45,252,30,7,182,251,238,251,86,191,0,246,1,1,0,246,0,100,0,42,0,19,0,13,0,11,
0,232,255,185,255,188,255,58,3,45,252,30,7,54,254,60,251,185,191,0,246,1,1,0,246,0,100,0,43,0,20,0,13,0,12,
0,2,0,199,255,194,255,58,3,45,252,30,7,21,254,137,250,239,188,0,247,1,1,0,246,0,100,0,42,0,20,0,13,0,11,
0,245,255,184,255,201,255,58,3,45,252,30,7,21,254,137,251,230,188,0,248,1,2,0,247,0,100,0,42,0,19,0,13,0,11,
0,245,255,184,255,201,255,59,3,63,252,213,6,61,253,17,251,230,188,0,248,1,1,0,247,0,101,0,43,0,20,0,14,0,11,
0,10,0,163,255,186,255,59,3,63,252,213,6,13,253,53,251,220,191,0,249,1,2,0,247,0,100,0,42,0,19,0,13,0,11,
0,39,0,179,255,203,255,59,3,63,252,213,6,245,254,37,250,238,190,0,249,1,2,0,247,0,101,0,47,0,20,0,13,0,11,
0,228,255,179,255,233,255,59,3,63,252,213,6,99,253,137,250,187,189,0,250,1,2,0,247,0,100,0,45,0,20,0,13,0,11,
0,228,255,197,255,233,255,59,3,63,252,213,6,99,253,137,250,187,189,0,250,1,2,0,247,0,101,0,45,0,21,0,13,0,11,
0,179,255,189,255,246,255,59,3,63,252,213,6,2,254,164,250,155,191,0,251,1,3,0,247,0,100,0,44,0,20,0,13,0,11,
0,183,255,189,255,2,0,59,3,63,252,213,6,42,254,28,250,110,188,0,251,1,3,0,247,0,101,0,44,0,20,0,13,0,11,
0,183,255,189,255,24,0,59,3,63,252,213,6,157,252,169,250,200,190,0,252,1,3,0,247,0,101,0,44,0,21,0,14,0,12,
0,172,255,170,255,24,0,59,3,63,252,213,6,157,252,95,250,157,191,0,252,1,3,0,247,0,101,0,44,0,20,0,14,0,12,
0,170,255,174,255,7,0,59,3,63,252,213,6,106,254,95,250,157,191,0,253,1,4,0,247,0,101,0,43,0,20,0,14,0,11,
0,138,255,164,255,235,255,63,3,67,252,185,6,178,254,104,249,166,188,0,253,1,3,0,246,0,101,0,44,0,21,0,14,0,12,
0,138,255,164,255,235,255,63,3,67,252,185,6,35,253,24,250,74,190,0,254,1,4,0,246,0,101,0,43,0,20,0,13,0,11,
0,112,255,142,255,220,255,63,3,67,252,185,6,41,253,95,250,114,192,0,253,1,3,0,245,0,101,0,43,0,20,0,14,0,12,
0,151,255,140,255,253,255,63,3,67,252,185,6,41,253,95,250,89,191,0,254,1,3,0,245,0,101,0,43,0,20,0,14,0,12,
0,175,255,142,255,48,0,63,3,67,252,185,6,232,254,39,250,89,191,0,254,1,3,0,244,0,101,0,43,0,20,0,13,0,11,
0,175,255,142,255,48,0,63,3,67,252,185,6,48,254,149,249,70,188,0,255,1,4,0,245,0,100,0,43,0,20,0,13,0,11,
0,184,255,162,255,60,0,63,3,67,252,185,6,23,252,67,250,57,190,0,255,1,3,0,244,0,100,0,43,0,19,0,13,0,11,
0,178,255,172,255,70,0,63,3,67,252,185,6,23,253,231,249,185,193,0,255,1,3,0,243,0,100,0,43,0,20,0,14,0,12,
0,178,255,172,255,55,0,63,3,67,252,185,6,138,253,231,249,185,193,0,254,1,3,0,242,0,99,0,43,0,20,0,14,0,12,
0,193,255,131,255,55,0,63,3,67,252,185,6,8,254,65,249,175,189,0,254,1,3,0,241,0,100,0,43,0,20,0,13,0,11,
0,202,255,107,255,81,0,63,3,67,252,185,6,74,252,221,249,53,189,0,255,1,3,0,241,0,99,0,42,0,19,0,13,0,11,
0,190,255,96,255,63,0,87,3,67,252,80,7,87,252,69,250,155,192,0,255,1,2,0,240,0,99,0,43,0,20,0,13,0,11,
0,190,255,96,255,63,0,87,3,67,252,80,7,87,252,69,250,122,193,1,0,1,2,0,240,0,99,0,42,0,20,0,13,0,11,
0,228,255,92,255,63,0,87,3,67,252,80,7,74,253,29,250,122,193,1,0,1,2,0,239,0,98,0,42,0,18,0,13,0,11,
0,206,255,107,255,68,0,87,3,67,252,80,7,137,253,138,249,166,189,1,1,1,1,0,239,0,98,0,42,0,18,0,13,0,11,
0,188,255,124,255,68,0,87,3,67,252,80,7,218,251,224,249,150,188,1,1,1,1,0,239,0,97,0,41,0,17,0,12,0,11,
0,188,255,124,255,68,0,87,3,67,252,80,7,23,252,123,250,63,193,1,1,1,1,0,238,0,98,0,42,0,19,0,13,0,11,
0,192,255,113,255,81,0,87,3,67,252,80,7,23,252,123,250,63,193,1,2,1,0,0,237,0,97,0,41,0,19,0,13,0,11,
0,194,255,92,255,81,0,87,3,67,252,80,7,133,253,221,249,9,191,1,2,1,0,0,236,0,97,0,41,0,18,0,13,0,11,
0,151,255,110,255,73,0,87,3,67,252,80,7,218,251,4,250,175,188,1,2,1,0,0,236,0,97,0,42,0,19,0,13,0,11,
0,151,255,110,255,73,0,87,3,67,252,80,7,26,252,180,250,13,192,1,3,1,0,0,236,0,96,0,40,0,18,0,12,0,11,
0,154,255,131,255,32,0,75,3,91,252,160,6,26,252,65,250,15,191,1,3,1,0,0,235,0,96,0,41,0,19,0,13,0,12,
0,147,255,157,255,12,0,75,3,91,252,160,6,203,252,65,250,15,191,1,3,0,255,0,234,0,96,0,41,0,19,0,13,0,11,
0,147,255,157,255,35,0,75,3,91,252,160,6,144,251,112,250,137,189,1,4,0,255,0,234,0,96,0,41,0,19,0,13,0,11,
0,168,255,159,255,35,0,75,3,91,252,160,6,81,252,167,250,170,190,1,4,0,255,0,233,0,95,0,41,0,19,0,13,0,11,
0,175,255,159,255,40,0,75,3,91,252,160,6,18,252,135,250,156,190,1,5,1,0,0,233,0,95,0,40,0,17,0,12,0,11,
0,181,255,156,255,32,0,75,3,91,252,160,6,18,252,135,250,103,189,1,4,0,255,0,232,0,95,0,41,0,19,0,13,0,11,
0,181,255,156,255,18,0,75,3,91,252,160,6,26,252,16,250,103,189,1,5,0,255,0,232,0,95,0,40,0,19,0,13,0,11,
0,159,255,173,255,18,0,75,3,91,252,160,6,165,251,202,250,229,189,1,5,0,254,0,231,0,94,0,40,0,19,0,13,0,11,
0,131,255,177,255,32,0,75,3,91,252,160,6,216,251,243,250,124,191,1,6,0,254,0,230,0,94,0,40,0,18,0,13,0,11,
0,177,255,176,255,20,0,75,3,91,252,160,6,216,251,65,250,232,187,1,7,0,254,0,230,0,93,0,40,0,17,0,12,0,11,
0,177,255,176,255,20,0,72,3,64,252,184,6,199,252,65,250,232,187,1,7,0,253,0,229,0,94,0,40,0,18,0,13,0,11,
0,163,255,201,255,19,0,72,3,64,252,184,6,247,250,252,250,146,189,1,8,0,253,0,229,0,93,0,40,0,18,0,13,0,11,
0,139,255,224,255,248,255,72,3,64,252,184,6,240,250,88,251,211,191,1,8,0,253,0,229,0,93,0,40,0,18,0,13,0,11,
0,111,255,241,255,237,255,72,3,64,252,184,6,21,253,131,250,239,188,1,8,0,253,0,228,0,93,0,40,0,18,0,13,0,11,
0,111,255,241,255,237,255,72,3,64,252,184,6,21,253,131,250,190,188,1,9,0,253,0,228,0,92,0,39,0,17,0,12,0,11,
0,149,255,231,255,246,255,72,3,64,252,184,6,254,249,116,251,190,188,1,8,0,253,0,227,0,92,0,40,0,18,0,13,0,11,
0,184,255,2,0,1,0,72,3,64,252,184,6,219,251,92,251,231,192,1,9,0,253,0,227,0,92,0,40,0,18,0,13,0,11,
0,184,255,2,0,20,0,72,3,64,252,184,6,243,252,203,250,85,188,1,10,0,253,0,227,0,92,0,40,0,18,0,13,0,11,
0,216,255,12,0,20,0,72,3,64,252,184,6,218,250,133,251,139,189,1,9,0,253,0,227,0,92,0,40,0,18,0,13,0,11,
0,209,255,47,0,21,0,72,3,64,252,184,6,218,250,133,251,139,189,1,11,0,253,0,227,0,91,0,38,0,17,0,12,0,11,
0,188,255,65,0,27,0,110,3,31,252,24,7,147,251,159,251,183,190,1,10,0,253,0,227,0,92,0,40,0,18,0,13,0,11,
0,188,255,65,0,27,0,110,3,31,252,24,7,15,252,105,251,229,190,1,10,0,253,0,227,0,92,0,39,0,18,0,13,0,11,
0,197,255,45,0,18,0,110,3,31,252,24,7,91,252,47,251,36,189,1,11,0,253,0,227,0,92,0,39,0,17,0,13,0,11,
0,190,255,92,0,13,0,110,3,31,252,24,7,91,252,47,251,46,188,1,11,0,252,0,226,0,92,0,40,0,18,0,13,0,11,
0,230,255,125,0,21,0,110,3,31,252,24,7,163,251,130,251,46,188,1,11,0,252,0,227,0,91,0,39,0,17,0,12,0,11,
0,230,255,125,0,21,0,110,3,31,252,24,7,64,251,21,252,44,190,1,11,0,252,0,226,0,92,0,39,0,18,0,13,0,11,
0,10,0,137,0,234,255,110,3,31,252,24,7,48,252,152,251,17,191,1,12,0,252,0,226,0,91,0,39,0,18,0,13,0,11,
0,31,0,159,0,235,255,110,3,31,252,24,7,254,252,33,251,243,188,1,12,0,252,0,227,0,91,0,39,0,18,0,13,0,11,
0,17,0,175,0,0,0,110,3,31,252,24,7,254,252,33,251,243,188,1,13,0,252,0,227,0,91,0,39,0,17,0,12,0,11,
0,17,0,175,0,0,0,110,3,31,252,24,7,221,251,136,251,221,187,1,13,0,252,0,228,0,91,0,38,0,17,0,12,0,10,
0,254,255,159,0,238,255,110,3,54,252,122,6,50,251,29,252,125,189,1,13,0,252,0,227,0,91,0,39,0,18,0,13,0,11,
0,36,0,185,0,237,255,45,3,54,252,122,6,165,252,200,251,202,191,1,14,0,252,0,228,0,92,0,39,0,17,0,12,0,11,
0,36,0,185,0,243,255,45,3,54,252,122,6,165,252,81,251,50,188,1,14,0,252,0,228,0,91,0,39,0,17,0,12,0,11,
0,21,0,190,0,243,255,45,3,54,252,122,6,97,253,81,251,50,188,1,14,0,252,0,229,0,91,0,38,0,17,0,12,0,11,
0,28,0,159,0,230,255,45,3,54,252,122,6,56,252,162,251,56,187,1,15,0,253,0,230,0,91,0,38,0,16,0,12,0,11,
0,33,0,143,0,231,255,45,3,54,252,122,6,46,252,232,251,216,190,1,16,0,253,0,230,0,92,0,38,0,17,0,12,0,11,
0,33,0,143,0,231,255,45,3,54,252,122,6,130,253,66,251,168,189,1,16,0,253,0,231,0,92,0,39,0,18,0,13,0,11,
0,34,0,160,0,218,255,45,3,54,252,122,6,130,253,66,251,78,188,1,16,0,253,0,232,0,92,0,39,0,17,0,12,0,11,
0,39,0,177,0,186,255,45,3,54,252,122,6,53,252,91,251,78,188,1,16,0,253,0,232,0,93,0,34,0,17,0,13,0,12,
0,51,0,216,0,164,255,45,3,54,252,122,6,252,252,195,251,232,189,1,16,0,254,0,233,0,92,0,35,0,16,0,12,0,11,
0,51,0,216,0,164,255,45,3,54,252,122,6,91,253,207,251,14,189,1,16,0,254,0,234,0,94,0,37,0,17,0,13,0,12,
0,105,0,220,0,159,255,50,3,117,252,155,6,91,253,107,251,187,190,1,16,0,254,0,235,0,94,0,37,0,17,0,13,0,12,
0,81,0,208,0,143,255,50,3,117,252,155,6,113,253,107,251,187,190,1,16,0,255,0,236,0,94,0,38,0,16,0,12,0,11,
0,59,0,176,0,165,255,50,3,117,252,155,6,185,253,226,250,51,188,1,15,0,255,0,236,0,95,0,39,0,18,0,13,0,11,
0,59,0,176,0,165,255,50,3,117,252,155,6,12,253,43,251,225,187,1,16,0,255,0,238,0,95,0,39,0,17,0,12,0,11,
0,90,0,125,0,172,255,50,3,117,252,155,6,221,252,139,251,14,190,1,15,0,255,0,238,0,95,0,40,0,18,0,13,0,11,
0,59,0,123,0,181,255,50,3,117,252,155,6,221,252,139,251,87,190,1,15,1,0,0,239,0,96,0,40,0,18,0,13,0,11,
0,59,0,123,0,180,255,50,3,117,252,155,6,153,254,170,250,87,190,1,15,1,0,0,239,0,95,0,40,0,17,0,12,0,11,
0,31,0,117,0,180,255,50,3,117,252,155,6,90,253,79,250,115,187,1,14,1,0,0,240,0,96,0,40,0,20,0,13,0,11,
0,60,0,108,0,186,255,50,3,117,252,155,6,64,253,241,250,150,190,1,15,1,0,0,241,0,96,0,40,0,19,0,13,0,11,
0,62,0,82,0,175,255,50,3,117,252,155,6,107,254,170,250,34,189,1,14,1,0,0,241,0,97,0,40,0,20,0,13,0,11,
0,62,0,82,0,175,255,255,2,127,252,60,6,107,254,170,250,34,189,1,14,1,0,0,242,0,97,0,40,0,19,0,13,0,11,
0,54,0,32,0,149,255,255,2,127,252,60,6,23,254,103,250,166,189,1,14,1,0,0,243,0,97,0,40,0,18,0,12,0,11,
0,7,0,225,255,130,255,255,2,127,252,60,6,163,253,214,249,102,188,1,14,1,0,0,243,0,98,0,41,0,20,0,13,0,11,
0,249,255,216,255,127,255,255,2,127,252,60,6,139,253,245,249,244,189,1,14,1,0,0,244,0,98,0,40,0,19,0,13,0,11,
0,249,255,216,255,127,255,255,2,127,252,60,6,139,253,249,249,97,190,1,13,1,0,0,243,0,99,0,41,0,19,0,13,0,11,
0,25,0,219,255,112,255,255,2,127,252,60,6,229,253,249,249,97,190,1,13,0,255,0,244,0,99,0,42,0,19,0,13,0,12,
0,33,0,251,255,102,255,255,2,127,252,60,6,205,254,162,249,108,189,1,14,1,0,0,244,0,98,0,41,0,19,0,13,0,11,
0,53,0,21,0,98,255,255,2,127,252,60,6,197,253,113,249,12,188,1,13,0,255,0,244,0,99,0,42,0,20,0,13,0,11,
0,53,0,21,0,98,255,255,2,127,252,60,6,186,253,211,249,198,189,1,13,1,0,0,244,0,99,0,41,0,19,0,13,0,11,
0,34,0,40,0,104,255,255,2,127,252,60,6,186,253,211,249,74,189,1,13,0,255,0,244,0,99,0,46,0,20,0,13,0,11,
0,20,0,41,0,115,255,68,3,119,252,155,6,76,254,132,249,74,189,1,12,0,254,0,244,0,100,0,46,0,21,0,14,0,11,
0,20,0,41,0,121,255,68,3,119,252,155,6,227,253,112,249,215,190,1,12,0,255,0,244,0,99,0,45,0,21,0,13,0,11,
0,34,0,18,0,121,255,68,3,119,252,155,6,143,254,218,248,177,188,1,12,0,255,0,244,0,99,0,44,0,20,0,13,0,11,
0,40,0,234,255,125,255,68,3,119,252,155,6,143,254,0,249,25,188,1,11,0,254,0,244,0,100,0,44,0,21,0,14,0,12,
0,12,0,165,255,103,255,68,3,119,252,155,6,197,253,0,249,25,188,1,11,0,255,0,244,0,99,0,43,0,20,0,13,0,11,
0,12,0,165,255,103,255,68,3,119,252,155,6,27,253,226,248,191,189,1,11,0,254,0,243,0,100,0,43,0,20,0,14,0,12,
0,4,0,139,255,74,255,68,3,119,252,155,6,191,253,86,249,176,191,1,11,0,254,0,243,0,99,0,43,0,20,0,13,0,11,
0,22,0,142,255,92,255,68,3,119,252,155,6,21,255,176,248,181,189,1,10,0,254,0,242,0,99,0,42,0,19,0,13,0,11,
0,24,0,170,255,81,255,68,3,119,252,155,6,21,255,176,248,232,186,1,9,0,253,0,241,0,99,0,43,0,20,0,14,0,11,
0,24,0,170,255,81,255,68,3,119,252,155,6,19,254,66,248,232,186,1,9,0,253,0,242,0,98,0,42,0,19,0,13,0,11,
0,16,0,135,255,89,255,63,3,82,252,35,7,8,253,182,248,37,189,1,9,0,252,0,241,0,99,0,43,0,20,0,13,0,11,
0,15,0,113,255,82,255,63,3,82,252,35,7,114,253,192,248,79,191,1,8,0,252,0,240,0,99,0,42,0,20,0,13,0,11,
0,210,255,85,255,76,255,63,3,82,252,35,7,159,254,181,248,30,191,1,8,0,252,0,239,0,99,0,42,0,18,0,13,0,11,
0,210,255,85,255,76,255,63,3,82,252,35,7,159,254,181,248,30,191,1,8,0,252,0,239,0,98,0,41,0,17,0,12,0,11,
0,166,255,74,255,84,255,63,3,82,252,35,7,202,253,100,248,244,188,1,8,0,251,0,239,0,98,0,41,0,17,0,12,0,11,
0,195,255,51,255,63,255,63,3,82,252,35,7,183,253,45,248,52,188,1,7,0,251,0,238,0,98,0,42,0,19,0,13,0,11,
0,195,255,51,255,70,255,63,3,82,252,35,7,153,252,222,248,49,190,1,7,0,251,0,238,0,98,0,42,0,19,0,13,0,11,
0,201,255,21,255,70,255,63,3,82,252,35,7,153,252,222,248,214,191,1,7,0,251,0,238,0,97,0,41,0,18,0,13,0,11,
0,228,255,17,255,67,255,63,3,82,252,35,7,67,253,220,248,214,191,1,6,0,249,0,236,0,97,0,42,0,19,0,13,0,12,
0,202,255,2,255,42,255,63,3,82,252,35,7,21,254,89,248,92,190,1,6,0,250,0,236,0,97,0,41,0,18,0,13,0,11,
0,202,255,2,255,42,255,63,3,82,252,35,7,198,253,75,248,219,188,1,6,0,249,0,235,0,97,0,41,0,19,0,13,0,12,
0,162,255,3,255,51,255,34,3,100,252,243,5,222,252,88,248,234,189,1,6,0,248,0,235,0,96,0,41,0,19,0,14,0,11,
0,148,255,242,254,69,255,34,3,100,252,243,5,222,252,88,248,234,189,1,6,0,248,0,234,0,96,0,41,0,19,0,13,0,11,
0,158,255,253,254,78,255,34,3,100,252,243,5,185,252,97,248,254,190,1,7,0,248,0,234,0,95,0,40,0,17,0,13,0,11,
0,158,255,253,254,78,255,34,3,100,252,243,5,196,253,107,248,198,190,1,6,0,247,0,233,0,96,0,41,0,19,0,13,0,11,
0,141,255,219,254,69,255,34,3,100,252,243,5,227,253,239,247,143,188,1,6,0,247,0,233,0,95,0,41,0,18,0,13,0,11,
0,147,255,189,254,60,255,34,3,100,252,243,5,227,253,117,248,84,189,1,6,0,246,0,232,0,95,0,41,0,19,0,13,0,11,
0,116,255,189,254,64,255,34,3,100,252,243,5,70,252,117,248,84,189,1,6,0,246,0,232,0,95,0,40,0,18,0,13,0,11,
0,116,255,184,254,64,255,34,3,100,252,243,5,121,252,176,248,39,191,1,7,0,246,0,232,0,94,0,40,0,17,0,12,0,11,
0,87,255,196,254,54,255,34,3,100,252,243,5,208,253,53,248,43,190,1,7,0,245,0,231,0,94,0,40,0,17,0,12,0,11,
0,90,255,192,254,58,255,34,3,100,252,243,5,43,253,31,248,173,187,1,7,0,244,0,230,0,94,0,40,0,18,0,13,0,11,
0,90,255,192,254,61,255,72,3,73,252,198,6,43,253,31,248,114,190,1,7,0,244,0,230,0,94,0,40,0,18,0,13,0,11,
0,60,255,189,254,61,255,72,3,73,252,198,6,253,251,215,248,114,190,1,7,0,244,0,229,0,93,0,40,0,17,0,12,0,11,
0,71,255,172,254,35,255,72,3,73,252,198,6,80,253,242,248,219,191,1,7,0,244,0,228,0,93,0,40,0,18,0,13,0,11,
0,18,255,155,254,242,254,72,3,73,252,198,6,94,253,219,247,22,187,1,8,0,244,0,228,0,92,0,39,0,17,0,12,0,11,
0,18,255,155,254,242,254,72,3,73,252,198,6,94,253,240,248,46,189,1,7,0,243,0,227,0,93,0,40,0,18,0,13,0,11,
0,1,255,141,254,232,254,72,3,73,252,198,6,14,251,240,248,46,189,1,7,0,243,0,227,0,93,0,40,0,18,0,13,0,11,
0,10,255,145,254,5,255,72,3,73,252,198,6,207,252,195,248,29,192,1,7,0,243,0,227,0,92,0,39,0,18,0,13,0,11,
0,3,255,135,254,11,255,72,3,73,252,198,6,24,253,53,248,73,188,1,7,0,242,0,226,0,92,0,40,0,18,0,13,0,11,
0,3,255,135,254,11,255,72,3,73,252,198,6,179,251,227,248,163,187,1,8,0,243,0,225,0,91,0,39,0,17,0,12,0,11,
0,7,255,126,254,251,254,72,3,73,252,198,6,179,251,227,248,178,190,1,8,0,242,0,224,0,92,0,40,0,18,0,13,0,12,
0,2,255,138,254,253,254,25,3,125,252,109,6,192,251,127,249,178,190,1,8,0,241,0,224,0,91,0,40,0,18,0,13,0,11,
0,1,255,138,254,186,254,25,3,125,252,109,6,117,252,190,248,154,190,1,8,0,241,0,223,0,91,0,39,0,20,0,13,0,11,
0,1,255,153,254,186,254,25,3,125,252,109,6,251,251,182,248,59,187,1,9,0,241,0,223,0,90,0,38,0,19,0,13,0,11,
0,243,254,147,254,191,254,25,3,125,252,109,6,95,251,83,249,144,190,1,9,0,241,0,223,0,90,0,38,0,18,0,13,0,11,
0,230,254,113,254,214,254,25,3,125,252,109,6,95,251,83,249,144,190,1,9,0,241,0,223,0,90,0,39,0,19,0,13,0,11,
0,230,254,113,254,205,254,25,3,125,252,109,6,41,252,242,248,82,189,1,9,0,241,0,223,0,90,0,38,0,19,0,13,0,11,
0,232,254,94,254,205,254,25,3,125,252,109,6,0,251,50,249,239,187,1,9,0,240,0,222,0,90,0,38,0,18,0,13,0,11,
0,204,254,106,254,185,254,25,3,125,252,109,6,255,251,173,249,182,191,1,10,0,241,0,221,0,89,0,37,0,17,0,12,0,11,
0,208,254,107,254,188,254,25,3,125,252,109,6,255,251,228,248,163,187,1,11,0,240,0,221,0,89,0,37,0,17,0,12,0,11,
0,208,254,107,254,188,254,25,3,125,252,109,6,89,252,228,248,163,187,1,11,0,239,0,220,0,89,0,38,0,18,0,13,0,11,
0,205,254,115,254,207,254,89,3,121,252,183,6,115,250,98,249,121,187,1,11,0,239,0,221,0,88,0,37,0,18,0,13,0,11,
0,147,254,133,254,235,254,89,3,121,252,183,6,72,251,158,249,152,191,1,10,0,239,0,221,0,89,0,38,0,18,0,12,0,11,
0,134,254,105,254,210,254,89,3,121,252,183,6,141,252,209,248,89,189,1,11,0,239,0,221,0,89,0,37,0,18,0,13,0,11,
0,134,254,105,254,210,254,89,3,121,252,183,6,141,252,209,248,197,186,1,11,0,240,0,221,0,88,0,37,0,17,0,12,0,11,
0,135,254,114,254,180,254,89,3,121,252,183,6,228,250,8,249,197,186,1,11,0,239,0,219,0,88,0,37,0,18,0,13,0,11,
0,133,254,124,254,193,254,89,3,121,252,183,6,90,250,187,249,56,190,1,11,0,239,0,219,0,89,0,37,0,18,0,13,0,11,
0,152,254,124,254,223,254,89,3,121,252,183,6,180,251,140,249,7,191,1,11,0,239,0,219,0,88,0,37,0,17,0,13,0,11,
0,152,254,126,254,223,254,89,3,121,252,183,6,180,251,211,248,201,186,1,12,0,239,0,219,0,87,0,37,0,17,0,12,0,11,
0,157,254,122,254,194,254,89,3,121,252,183,6,176,251,211,248,201,186,1,11,0,239,0,220,0,88,0,37,0,18,0,13,0,12,
0,165,254,149,254,162,254,89,3,121,252,183,6,242,249,122,249,215,187,1,11,0,239,0,220,0,88,0,37,0,18,0,13,0,11,
0,165,254,149,254,164,254,89,3,121,252,183,6,124,250,222,249,94,190,1,10,0,239,0,220,0,88,0,37,0,18,0,13,0,11,
0,171,254,164,254,164,254,79,3,80,252,44,7,11,251,104,249,76,190,1,10,0,239,0,220,0,88,0,37,0,18,0,13,0,11,
0,161,254,188,254,172,254,79,3,80,252,44,7,11,251,104,249,40,188,1,10,0,239,0,220,0,87,0,37,0,18,0,13,0,11,
0,194,254,190,254,182,254,79,3,80,252,44,7,206,251,2,249,40,188,1,10,0,239,0,219,0,87,0,36,0,17,0,12,0,11,
0,194,254,190,254,182,254,79,3,80,252,44,7,187,250,128,249,107,187,1,9,0,239,0,219,0,88,0,37,0,18,0,13,0,11,
0,199,254,177,254,186,254,79,3,80,252,44,7,201,249,214,249,177,189,1,9,0,239,0,220,0,87,0,32,0,17,0,13,0,12,
0,185,254,182,254,152,254,79,3,80,252,44,7,80,251,166,249,186,191,1,8,0,239,0,221,0,87,0,33,0,17,0,13,0,12,
0,154,254,176,254,145,254,79,3,80,252,44,7,80,251,166,249,186,191,1,7,0,239,0,221,0,88,0,34,0,17,0,13,0,11,
0,154,254,176,254,145,254,79,3,80,252,44,7,199,251,206,248,158,187,1,7,0,241,0,221,0,87,0,35,0,16,0,12,0,11,
0,165,254,210,254,154,254,79,3,80,252,44,7,74,249,136,249,120,187,1,6,0,239,0,220,0,88,0,35,0,17,0,13,0,11,
0,173,254,239,254,163,254,79,3,80,252,44,7,26,251,181,249,86,191,1,6,0,240,0,220,0,88,0,36,0,17,0,12,0,11,
0,173,254,239,254,156,254,79,3,114,252,94,6,26,251,181,249,189,190,1,5,0,240,0,221,0,87,0,36,0,17,0,12,0,11,
0,132,254,230,254,156,254,79,3,114,252,94,6,31,251,71,249,189,190,1,3,0,240,0,221,0,88,0,37,0,18,0,13,0,11,
0,143,254,242,254,157,254,79,3,114,252,94,6,129,250,216,248,30,187,1,3,0,240,0,222,0,88,0,36,0,17,0,12,0,11,
0,131,254,16,255,165,254,79,3,114,252,94,6,106,249,156,249,65,189,1,1,0,240,0,223,0,89,0,37,0,18,0,13,0,11,
0,131,254,16,255,176,254,79,3,114,252,94,6,222,250,155,249,248,190,1,1,0,241,0,222,0,89,0,37,0,18,0,13,0,11,
0,121,254,11,255,176,254,79,3,114,252,94,6,222,250,155,249,248,190,0,255,0,241,0,222,0,89,0,37,0,17,0,13,0,11,
0,119,254,247,254,160,254,79,3,114,252,94,6,57,251,25,249,197,188,0,255,0,241,0,222,0,89,0,37,0,17,0,13,0,11,
0,105,254,241,254,158,254,79,3,114,252,94,6,166,249,18,249,165,187,0,255,0,241,0,222,0,88,0,37,0,17,0,12,0,11,
0,105,254,241,254,158,254,79,3,114,252,94,6,249,249,163,249,30,191,0,253,0,240,0,222,0,89,0,38,0,18,0,13,0,11,
0,90,254,16,255,151,254,79,3,114,252,94,6,249,249,55,249,30,189,0,252,0,240,0,223,0,89,0,38,0,18,0,13,0,12,
0,69,254,42,255,142,254,67,3,142,252,0,7,200,250,55,249,30,189,0,251,0,241,0,224,0,89,0,37,0,16,0,13,0,11,
0,115,254,41,255,130,254,67,3,142,252,0,7,135,250,133,249,85,189,0,250,0,241,0,224,0,90,0,38,0,17,0,13,0,12,
0,115,254,41,255,130,254,67,3,142,252,0,7,213,249,172,249,146,188,0,250,0,241,0,225,0,89,0,37,0,16,0,12,0,11,
0,127,254,40,255,126,254,67,3,142,252,0,7,171,249,195,249,28,189,0,248,0,240,0,224,0,90,0,38,0,17,0,13,0,11,
0,146,254,44,255,118,254,67,3,142,252,0,7,171,249,195,249,8,190,0,248,0,241,0,224,0,90,0,38,0,17,0,13,0,11,
0,146,254,44,255,92,254,67,3,142,252,0,7,191,249,53,250,8,190,0,247,0,240,0,225,0,90,0,38,0,17,0,12,0,11,
0,121,254,65,255,92,254,67,3,142,252,0,7,93,250,243,249,8,190,0,246,0,241,0,226,0,90,0,41,0,17,0,12,0,10,
0,81,254,90,255,101,254,67,3,142,252,0,7,58,251,125,249,103,188,0,244,0,241,0,227,0,90,0,41,0,17,0,12,0,10,
0,55,254,63,255,110,254,67,3,142,252,0,7,58,251,195,249,248,186,0,243,0,241,0,227,0,91,0,40,0,18,0,13,0,11,
0,55,254,63,255,112,254,67,3,142,252,0,7,202,249,195,249,248,186,0,242,0,241,0,227,0,91,0,40,0,18,0,13,0,11,
0,47,254,70,255,112,254,62,3,97,252,156,6,175,249,159,250,34,189,0,241,0,241,0,227,0,91,0,40,0,18,0,12,0,11,
0,33,254,62,255,104,254,62,3,97,252,156,6,115,250,95,250,196,191,0,241,0,241,0,227,0,91,0,39,0,17,0,12,0,11,
0,59,254,68,255,98,254,62,3,97,252,156,6,37,251,162,249,49,188,0,239,0,241,0,227,0,91,0,39,0,18,0,13,0,11,
0,59,254,68,255,98,254,62,3,97,252,156,6,37,251,162,249,221,186,0,238,0,240,0,228,0,92,0,40,0,18,0,13,0,11,
0,79,254,78,255,91,254,62,3,97,252,156,6,92,249,54,250,221,186,0,238,0,242,0,230,0,91,0,39,0,17,0,12,0,11,
0,77,254,73,255,105,254,62,3,97,252,156,6,242,249,196,250,155,191,0,236,0,242,0,230,0,92,0,40,0,18,0,13,0,11,
0,52,254,88,255,92,254,62,3,97,252,156,6,154,251,2,250,59,188,0,235,0,242,0,230,0,92,0,39,0,17,0,13,0,11,
0,52,254,88,255,92,254,62,3,97,252,156,6,43,250,50,250,151,187,0,235,0,243,0,230,0,92,0,39,0,17,0,13,0,11,
0,30,254,89,255,73,254,62,3,97,252,156,6,43,250,50,250,151,187,0,234,0,242,0,229,0,93,0,40,0,18,0,13,0,11,
0,42,254,102,255,84,254,62,3,97,252,156,6,209,249,211,250,99,190,0,234,0,242,0,229,0,92,0,40,0,18,0,13,0,11,
0,42,254,102,255,74,254,62,3,97,252,235,6,43,251,255,249,178,189,0,233,0,242,0,230,0,92,0,40,0,18,0,13,0,12,
0,71,254,127,255,74,254,57,3,108,252,235,6,198,250,48,250,232,189,0,232,0,242,0,231,0,93,0,40,0,18,0,13,0,11,
0,68,254,109,255,53,254,57,3,108,252,235,6,198,250,76,250,42,188,0,231,0,242,0,232,0,92,0,39,0,17,0,12,0,11,
0,53,254,112,255,79,254,57,3,108,252,235,6,47,250,76,250,42,188,0,230,0,243,0,232,0,93,0,40,0,18,0,13,0,12,
0,53,254,112,255,79,254,57,3,108,252,235,6,244,249,169,250,198,189,0,229,0,243,0,232,0,93,0,40,0,18,0,13,0,11,
0,32,254,103,255,62,254,57,3,108,252,235,6,176,250,123,250,207,190,0,228,0,243,0,231,0,93,0,40,0,18,0,13,0,11,
0,50,254,70,255,43,254,57,3,108,252,235,6,134,251,37,250,16,189,0,228,0,243,0,232,0,92,0,39,0,17,0,12,0,11,
0,69,254,60,255,39,254,57,3,108,252,235,6,134,251,37,250,16,187,0,228,0,243,0,231,0,93,0,39,0,17,0,12,0,11,
0,69,254,60,255,39,254,57,3,108,252,235,6,224,250,63,250,232,187,0,227,0,242,0,231,0,93,0,40,0,18,0,13,0,11,
0,56,254,54,255,62,254,57,3,108,252,235,6,213,249,214,250,141,189,0,227,0,243,0,232,0,93,0,40,0,18,0,13,0,11,
0,27,254,45,255,103,254,57,3,108,252,235,6,44,251,151,250,233,190,0,225,0,242,0,232,0,93,0,40,0,18,0,13,0,11,
0,7,254,62,255,103,254,30,3,149,252,150,6,44,251,119,250,117,190,0,225,0,243,0,233,0,93,0,39,0,17,0,12,0,11,
0,7,254,62,255,103,254,30,3,149,252,150,6,41,251,119,250,117,190,0,225,0,243,0,232,0,93,0,39,0,17,0,12,0,11,
0,40,254,66,255,70,254,30,3,149,252,150,6,50,251,41,250,207,188,0,224,0,243,0,232,0,94,0,40,0,18,0,13,0,11,
0,24,254,75,255,45,254,30,3,149,252,150,6,93,250,157,250,189,187,0,225,0,243,0,232,0,94,0,40,0,17,0,13,0,11,
0,24,254,75,255,35,254,30,3,149,252,150,6,253,249,240,250,53,190,0,225,0,242,0,231,0,94,0,40,0,18,0,13,0,11,
0,36,254,37,255,35,254,30,3,149,252,150,6,253,249,240,250,89,191,0,225,0,242,0,232,0,93,0,40,0,17,0,12,0,11,
0,27,254,11,255,35,254,30,3,149,252,150,6,251,250,170,250,89,191,0,224,0,242,0,232,0,94,0,40,0,19,0,13,0,12,
0,24,254,253,254,62,254,30,3,149,252,150,6,142,251,72,250,80,188,0,224,0,242,0,233,0,94,0,40,0,18,0,13,0,12,
0,24,254,253,254,62,254,30,3,149,252,150,6,127,250,120,250,105,187,0,225,0,242,0,233,0,94,0,40,0,17,0,13,0,11,
0,9,254,253,254,40,254,30,3,149,252,150,6,75,250,84,251,124,190,0,225,0,242,0,232,0,94,0,40,0,18,0,13,0,11,
0,11,254,225,254,55,254,127,3,63,252,220,6,75,250,84,251,124,190,0,225,0,242,0,232,0,94,0,40,0,17,0,12,0,11,
0,12,254,247,254,74,254,127,3,63,252,220,6,163,251,209,250,80,191,0,225,0,242,0,232,0,94,0,40,0,18,0,13,0,11,
0,12,254,247,254,74,254,127,3,63,252,220,6,226,251,223,249,50,187,0,226,0,241,0,232,0,94,0,40,0,18,0,13,0,11,
0,251,253,243,254,92,254,127,3,63,252,220,6,26,250,176,250,172,188,0,227,0,242,0,233,0,94,0,40,0,18,0,13,0,11,
0,231,253,241,254,72,254,127,3,63,252,220,6,26,250,176,251,70,191,0,227,0,242,0,234,0,94,0,40,0,17,0,12,0,11,
0,242,253,228,254,50,254,127,3,63,252,220,6,99,250,82,251,70,191,0,227,0,242,0,233,0,95,0,40,0,18,0,13,0,11,
0,242,253,228,254,50,254,127,3,63,252,220,6,9,252,184,250,15,190,0,228,0,243,0,233,0,94,0,40,0,17,0,12,0,11,
0,22,254,207,254,56,254,127,3,63,252,220,6,0,251,142,250,62,187,0,228,0,242,0,232,0,94,0,40,0,18,0,13,0,11,
0,10,254,195,254,54,254,127,3,63,252,220,6,148,250,83,251,107,190,0,230,0,242,0,232,0,95,0,40,0,18,0,13,0,11,
0,10,254,195,254,55,254,127,3,63,252,220,6,148,250,83,251,107,190,0,230,0,241,0,233,0,94,0,40,0,18,0,13,0,11,
0,247,253,240,254,55,254,98,3,104,252,172,5,17,252,158,250,139,188,0,232,0,242,0,233,0,94,0,40,0,18,0,12,0,11,
0,236,253,242,254,52,254,98,3,104,252,172,5,154,251,56,251,78,188,0,232,0,242,0,233,0,94,0,40,0,18,0,13,0,11,
0,206,253,235,254,65,254,98,3,104,252,172,5,13,251,115,251,172,188,0,233,0,242,0,233,0,94,0,40,0,18,0,13,0,11,
0,206,253,235,254,65,254,98,3,104,252,172,5,13,251,8,251,3,189,0,234,0,242,0,233,0,94,0,40,0,19,0,13,0,11,
0,229,253,240,254,88,254,98,3,104,252,172,5,75,251,8,251,3,189,0,235,0,242,0,233,0,94,0,40,0,18,0,12,0,11,
0,241,253,222,254,78,254,98,3,104,252,172,5,103,251,210,250,57,188,0,235,0,242,0,232,0,95,0,40,0,18,0,13,0,11,
0,239,253,193,254,93,254,98,3,104,252,172,5,61,250,67,251,78,188,0,237,0,242,0,233,0,94,0,40,0,17,0,12,0,11,
0,239,253,193,254,93,254,98,3,104,252,172,5,50,251,6,251,240,189,0,237,0,242,0,232,0,95,0,40,0,18,0,13,0,11,
0,214,253,184,254,107,254,98,3,104,252,172,5,50,251,6,251,204,188,0,238,0,242,0,233,0,94,0,40,0,18,0,13,0,11,
0,248,253,176,254,93,254,98,3,104,252,172,5,134,251,239,250,204,188,0,239,0,242,0,233,0,94,0,40,0,18,0,13,0,11,
0,226,253,211,254,106,254,40,3,123,252,40,7,43,250,248,250,211,186,0,240,0,243,0,233,0,94,0,40,0,17,0,13,0,11,
0,226,253,211,254,106,254,40,3,123,252,40,7,151,250,37,251,227,189,0,241,0,243,0,233,0,94,0,40,0,17,0,13,0,11,
0,174,253,191,254,103,254,40,3,123,252,40,7,151,250,245,250,239,189,0,241,0,242,0,232,0,95,0,40,0,18,0,13,0,11,
0,183,253,175,254,134,254,40,3,123,252,40,7,237,251,245,250,239,189,0,242,0,242,0,232,0,94,0,40,0,18,0,13,0,11,
0,183,253,175,254,134,254,40,3,123,252,40,7,9,251,198,250,207,186,0,242,0,243,0,233,0,94,0,40,0,17,0,12,0,11,
0,216,253,163,254,134,254,40,3,123,252,40,7,19,250,75,251,27,189,0,242,0,243,0,233,0,95,0,40,0,18,0,13,0,11,
0,222,253,170,254,129,254,40,3,123,252,40,7,4,252,64,251,30,192,0,243,0,244,0,234,0,94,0,40,0,17,0,12,0,11,
0,242,253,167,254,95,254,40,3,123,252,40,7,4,252,64,251,206,185,0,244,0,244,0,233,0,94,0,40,0,18,0,13,0,11,
0,242,253,167,254,95,254,40,3,123,252,40,7,43,251,57,250,206,185,0,244,0,243,0,233,0,95,0,40,0,18,0,13,0,11,
0,6,254,187,254,69,254,40,3,123,252,40,7,167,249,110,251,158,190,0,245,0,244,0,232,0,95,0,40,0,18,0,13,0,11,
0,228,253,168,254,93,254,40,3,123,252,40,7,155,251,130,250,138,190,0,246,0,244,0,233,0,94,0,40,0,17,0,12,0,11,
0,212,253,174,254,124,254,125,3,54,252,183,6,92,251,93,250,40,188,0,246,0,244,0,233,0,94,0,40,0,18,0,12,0,11,
0,212,253,174,254,124,254,125,3,54,252,183,6,92,251,93,250,40,188,0,246,0,244,0,233,0,94,0,35,0,18,0,13,0,12,
0,247,253,176,254,130,254,125,3,54,252,183,6,213,249,228,250,44,189,0,247,0,244,0,234,0,94,0,36,0,17,0,13,0,12,
0,199,253,169,254,122,254,125,3,54,252,183,6,46,251,235,250,37,190,0,247,0,244,0,233,0,95,0,38,0,17,0,13,0,12,
0,183,253,171,254,126,254,125,3,54,252,183,6,144,250,228,250,89,187,0,248,0,245,0,234,0,94,0,37,0,16,0,12,0,11,
0,183,253,171,254,126,254,125,3,54,252,183,6,144,250,37,251,163,189,0,249,0,245,0,233,0,94,0,38,0,17,0,12,0,11,
0,173,253,213,254,123,254,125,3,54,252,183,6,60,250,37,251,163,189,0,249,0,245,0,233,0,95,0,40,0,18,0,13,0,11,
0,183,253,229,254,118,254,125,3,54,252,183,6,237,251,146,250,240,189,0,250,0,245,0,233,0,95,0,40,0,18,0,13,0,12,
0,183,253,229,254,126,254,125,3,54,252,183,6,194,249,202,250,73,187,0,251,0,245,0,234,0,94,0,40,0,17,0,12,0,11,
0,188,253,203,254,126,254,125,3,54,252,183,6,226,249,123,251,164,191,0,250,0,245,0,234,0,95,0,40,0,18,0,13,0,12,
0,171,253,192,254,122,254,57,3,65,252,73,6,226,249,123,251,164,190,0,252,0,246,0,235,0,94,0,40,0,17,0,12,0,11,
0,145,253,183,254,123,254,57,3,65,252,73,6,151,251,190,250,15,190,0,251,0,246,0,234,0,95,0,40,0,19,0,13,0,11,
0,145,253,183,254,123,254,57,3,65,252,73,6,145,250,122,250,40,186,0,252,0,246,0,233,0,95,0,40,0,18,0,13,0,11,
0,163,253,192,254,141,254,57,3,65,252,73,6,86,249,115,251,219,189,0,252,0,246,0,233,0,95,0,40,0,18,0,13,0,11,
0,181,253,182,254,168,254,57,3,65,252,73,6,86,249,239,250,57,191,0,253,0,247,0,233,0,94,0,40,0,18,0,12,0,11,
0,187,253,192,254,166,254,57,3,65,252,73,6,117,251,239,250,57,191,0,253,0,246,0,233,0,95,0,40,0,18,0,13,0,11,
0,187,253,192,254,166,254,57,3,65,252,73,6,151,250,57,250,138,186,0,254,0,246,0,233,0,95,0,40,0,18,0,13,0,11,
0,196,253,227,254,146,254,57,3,65,252,73,6,123,249,11,251,96,189,0,254,0,247,0,233,0,94,0,40,0,18,0,13,0,11,
0,169,253,233,254,126,254,57,3,65,252,73,6,167,250,196,250,221,190,0,254,0,247,0,233,0,95,0,40,0,18,0,13,0,11,
0,198,253,233,254,143,254,57,3,65,252,73,6,167,250,196,250,134,187,0,254,0,247,0,233,0,94,0,40,0,17,0,13,0,11,
0,198,253,230,254,143,254,74,3,29,252,146,7,48,250,153,250,134,187,0,255,0,247,0,233,0,94,0,40,0,17,0,12,0,11,
0,233,253,215,254,164,254,74,3,29,252,146,7,83,250,191,250,54,189,0,255,0,247,0,232,0,94,0,40,0,19,0,13,0,11,
0,242,253,222,254,115,254,74,3,29,252,146,7,127,250,180,250,142,189,0,255,0,247,0,232,0,94,0,44,0,19,0,13,0,11,
0,242,253,222,254,116,254,74,3,29,252,146,7,119,250,131,250,109,188,0,255,0,247,0,231,0,94,0,43,0,19,0,13,0,11,
0,221,253,244,254,116,254,74,3,29,252,146,7,119,250,131,250,109,188,0,255,0,247,0,231,0,94,0,43,0,19,0,13,0,11,
0,202,253,214,254,146,254,74,3,29,252,146,7,176,249,184,250,205,189,1,0,0,247,0,232,0,94,0,41,0,18,0,12,0,11,
0,167,253,197,254,165,254,74,3,29,252,146,7,239,249,206,250,74,190,0,255,0,247,0,230,0,94,0,42,0,19,0,13,0,11,
0,167,253,197,254,165,254,74,3,29,252,146,7,136,250,92,250,104,187,0,255,0,247,0,230,0,94,0,41,0,19,0,13,0,11,
0,150,253,199,254,160,254,74,3,29,252,146,7,136,250,92,250,226,187,0,255,0,247,0,230,0,94,0,41,0,18,0,13,0,11,
0,109,253,226,254,143,254,74,3,29,252,146,7,199,248,228,250,226,187,1,0,0,248,0,229,0,93,0,40,0,18,0,12,0,11,
0,107,253,233,254,148,254,129,3,63,252,254,6,181,249,163,250,107,190,1,0,0,248,0,229,0,92,0,40,0,18,0,13,0,11,
0,107,253,233,254,148,254,129,3,63,252,254,6,61,250,203,250,235,189,1,0,0,247,0,228,0,93,0,40,0,18,0,13,0,11,
0,89,253,233,254,152,254,129,3,63,252,254,6,73,250,103,250,170,187,1,1,0,247,0,228,0,93,0,40,0,18,0,13,0,11,
0,80,253,8,255,139,254,129,3,63,252,254,6,73,250,103,250,170,187,1,1,0,248,0,229,0,92,0,39,0,17,0,12,0,11,
0,106,253,8,255,126,254,129,3,63,252,254,6,59,249,163,250,67,187,1,1,0,247,0,228,0,92,0,40,0,18,0,13,0,11,
0,106,253,14,255,126,254,129,3,63,252,254,6,48,249,153,250,129,189,1,1,0,248,0,228,0,92,0,39,0,18,0,12,0,11,
0,132,253,13,255,122,254,129,3,63,252,254,6,169,250,141,250,223,190,1,1,0,248,0,227,0,92,0,40,0,18,0,13,0,11,
0,118,253,255,254,150,254,129,3,63,252,254,6,169,250,53,250,46,186,1,2,0,248,0,227,0,91,0,39,0,18,0,13,0,11,
0,118,253,255,254,159,254,129,3,63,252,254,6,11,250,53,250,46,186,1,2,0,248,0,227,0,91,0,39,0,17,0,13,0,11,
0,93,253,3,255,159,254,129,3,63,252,254,6,99,248,37,251,30,189,1,1,0,247,0,227,0,92,0,40,0,18,0,13,0,11,
0,91,253,32,255,157,254,129,3,63,252,254,6,198,250,127,250,87,190,1,2,0,248,0,228,0,91,0,39,0,17,0,12,0,11,
0,112,253,69,255,143,254,28,3,57,252,42,6,21,250,31,250,72,186,1,2,0,248,0,227,0,92,0,40,0,18,0,13,0,11,
0,112,253,69,255,143,254,28,3,57,252,42,6,21,250,31,250,124,188,1,2,0,248,0,227,0,92,0,39,0,18,0,13,0,11,
0,137,253,85,255,110,254,28,3,57,252,42,6,151,248,224,250,124,188,1,3,0,248,0,227,0,92,0,40,0,18,0,13,0,11,
0,135,253,57,255,121,254,28,3,57,252,42,6,152,249,188,250,206,190,1,2,0,248,0,226,0,92,0,39,0,18,0,13,0,11,
0,81,253,71,255,122,254,28,3,57,252,42,6,16,251,113,250,190,188,1,3,0,248,0,227,0,91,0,38,0,17,0,12,0,11,
0,81,253,71,255,122,254,28,3,57,252,42,6,16,250,6,250,177,185,1,3,0,248,0,227,0,91,0,39,0,18,0,13,0,11,
0,72,253,128,255,110,254,28,3,57,252,42,6,31,250,6,250,177,185,1,3,0,248,0,227,0,91,0,39,0,18,0,13,0,11,
0,47,253,122,255,95,254,28,3,57,252,42,6,207,248,234,250,95,187,1,3,0,248,0,227,0,91,0,39,0,17,0,13,0,11,
0,45,253,122,255,80,254,28,3,57,252,42,6,128,249,234,250,146,190,1,4,0,249,0,227,0,91,0,38,0,16,0,12,0,11,
0,45,253,88,255,80,254,28,3,57,252,42,6,133,250,59,250,158,188,1,4,0,249,0,227,0,91,0,38,0,17,0,12,0,11,
0,59,253,75,255,86,254,153,3,7,252,231,6,133,250,59,250,95,186,1,3,0,248,0,226,0,91,0,39,0,18,0,13,0,12,
0,29,253,79,255,84,254,153,3,7,252,231,6,77,250,56,250,95,186,1,4,0,248,0,227,0,91,0,38,0,17,0,13,0,11,
0,29,253,79,255,78,254,153,3,7,252,231,6,91,248,10,251,241,187,1,3,0,248,0,226,0,91,0,39,0,18,0,13,0,11,
0,237,252,117,255,78,254,153,3,7,252,231,6,150,250,91,250,202,190,1,4,0,248,0,227,0,91,0,38,0,17,0,13,0,11,
0,249,252,165,255,85,254,153,3,7,252,231,6,20,250,224,249,153,186,1,4,0,249,0,227,0,91,0,38,0,17,0,12,0,11,
0,34,253,167,255,90,254,153,3,7,252,231,6,20,250,224,249,153,186,1,4,0,248,0,227,0,92,0,39,0,18,0,13,0,11,
0,34,253,167,255,90,254,153,3,7,252,231,6,65,249,67,250,55,188,1,4,0,248,0,227,0,91,0,38,0,18,0,13,0,12,
0,40,253,140,255,73,254,153,3,7,252,231,6,44,250,52,250,165,189,1,4,0,248,0,227,0,91,0,38,0,17,0,12,0,11,
0,12,253,154,255,44,254,153,3,7,252,231,6,143,250,233,249,9,187,1,4,0,247,0,226,0,91,0,39,0,17,0,13,0,11,
0,217,252,167,255,27,254,153,3,7,252,231,6,143,250,93,250,62,188,1,6,0,248,0,227,0,91,0,38,0,17,0,12,0,11,
0,217,252,167,255,27,254,80,3,44,252,252,6,65,249,93,250,62,188,1,5,0,247,0,227,0,92,0,39,0,18,0,13,0,12,
0,238,252,172,255,45,254,80,3,44,252,252,6,176,249,28,250,222,188,1,5,0,247,0,227,0,92,0,39,0,18,0,13,0,11,
0,16,253,199,255,44,254,80,3,44,252,252,6,61,250,187,249,72,187,1,5,0,247,0,226,0,91,0,39,0,17,0,13,0,11,
0,16,253,199,255,70,254,80,3,44,252,252,6,235,249,29,250,227,187,1,6,0,248,0,226,0,91,0,38,0,17,0,12,0,11,
0,18,253,193,255,70,254,80,3,44,252,252,6,235,249,29,250,8,189,1,5,0,247,0,226,0,91,0,39,0,18,0,13,0,12,
0,217,252,180,255,77,254,80,3,44,252,252,6,237,249,57,250,8,189,1,5,0,247,0,226,0,91,0,39,0,17,0,13,0,11,
0,233,252,163,255,42,254,80,3,44,252,252,6,44,250,161,249,147,188,1,4,0,247,0,226,0,91,0,39,0,18,0,13,0,11,
0,233,252,163,255,20,254,80,3,44,252,252,6,6,250,14,250,160,188,1,5,0,247,0,226,0,90,0,38,0,17,0,12,0,11,
0,186,252,181,255,20,254,80,3,44,252,252,6,6,250,187,249,193,187,1,4,0,247,0,226,0,91,0,39,0,18,0,13,0,11,
0,211,252,183,255,240,253,80,3,44,252,252,6,147,250,187,249,193,187,1,5,0,247,0,226,0,91,0,38,0,17,0,12,0,11,
0,196,252,186,255,20,254,109,3,37,252,49,7,154,249,199,249,146,187,1,4,0,247,0,225,0,91,0,39,0,18,0,13,0,11,
0,196,252,186,255,20,254,109,3,37,252,49,7,153,249,205,249,1,189,1,8,1,0,0,235,0,91,0,38,0,17,0,13,0,11,
0,197,252,214,255,22,254,109,3,37,252,49,7,178,243,147,208,75,188,0,139,1,17,0,232,0,91,0,38,0,16,0,12,0,11,
0,200,252,210,255,23,254,109,3,37,252,49,7,178,243,147,208,82,160,1,87,1,46,1,18,0,97,0,40,0,20,0,13,0,11,
0,219,252,225,255,241,253,109,3,37,252,49,7,125,254,112,15,82,160,1,42,1,75,1,87,0,109,0,43,0,22,0,14,0,11,
0,219,252,225,255,241,253,109,3,37,252,49,7,34,35,216,34,173,249,0,136,1,69,1,86,0,113,0,42,0,17,0,11,0,9,
0,214,0,173,3,37,255,109,3,37,252,49,7,235,18,70,187,124,192,0,134,1,76,1,74,0,116,0,41,0,14,0,11,0,10,
0,80,13,189,8,142,254,109,3,37,252,49,7,94,27,230,11,160,71,0,132,1,80,1,62,0,124,0,49,0,24,0,15,0,12,
0,80,13,189,8,17,253,109,3,37,252,49,7,94,27,230,11,160,71,0,136,1,74,1,25,0,121,0,48,0,21,0,13,0,11,
0,56,28,147,3,17,253,109,3,37,252,49,7,127,84,86,51,172,236,0,136,1,69,1,9,0,119,0,48,0,20,0,14,0,13,
0,190,36,37,247,57,255,109,3,37,252,121,7,198,64,33,102,126,90,0,136,1,11,0,202,0,112,0,51,0,24,0,17,0,17,
0,184,43,15,240,48,3,178,3,113,252,121,7,139,11,157,87,70,28,0,137,0,158,0,168,0,102,0,48,0,23,0,16,0,17,
0,184,43,15,240,218,5,178,3,113,252,121,7,139,11,157,73,114,66,0,136,0,144,0,159,0,96,0,49,0,28,0,19,0,19,
0,225,47,251,234,218,5,178,3,113,252,121,7,186,230,106,73,114,66,0,137,0,167,0,152,0,89,0,47,0,27,0,19,0,20,
0,148,49,84,231,245,9,178,3,113,252,121,7,178,2,216,8,161,5,0,137,0,187,0,152,0,81,0,42,0,23,0,17,0,17,
0,91,47,50,233,1,14,178,3,113,252,121,7,134,252,148,247,150,9,0,139,0,159,0,134,0,75,0,40,0,21,0,16,0,16,
0,91,47,50,233,1,14,178,3,113,252,121,7,88,238,115,222,51,246,0,149,0,136,0,132,0,70,0,38,0,21,0,16,0,16,
0,122,38,239,237,25,13,178,3,113,252,121,7,88,238,115,222,51,246,0,172,0,133,0,132,0,65,0,34,0,19,0,15,0,14,
0,48,24,44,244,188,7,178,3,113,252,121,7,162,234,166,216,221,253,0,212,0,133,0,132,0,60,0,31,0,16,0,13,0,13,
0,142,7,25,252,27,1,178,3,113,252,121,7,178,228,138,210,46,233,1,11,0,133,0,132,0,59,0,25,0,17,0,14,0,13,
0,142,7,25,252,27,1,178,3,113,252,121,7,230,221,134,203,102,223,1,73,0,134,0,133,0,56,0,25,0,15,0,13,0,12,
0,19,247,255,3,239,251,158,3,60,253,165,6,230,221,114,201,96,208,1,74,0,135,0,137,0,54,0,23,0,12,0,11,0,11,
0,122,233,27,8,197,249,158,3,60,253,165,6,162,224,114,201,96,208,1,65,0,134,0,153,0,55,0,24,0,15,0,12,0,11,
0,122,233,27,8,148,249,158,3,60,253,165,6,75,226,67,206,11,193,1,58,0,136,1,26,0,68,0,25,0,13,0,11,0,10,
0,146,224,204,6,148,249,158,3,60,253,165,6,187,236,166,213,244,167,1,47,0,137,1,98,0,86,0,28,0,12,0,11,0,10,
0,13,221,151,0,102,250,158,3,60,253,165,6,165,243,64,226,75,149,1,27,0,142,1,82,0,96,0,31,0,14,0,10,0,9,
0,211,222,7,248,145,251,158,3,60,253,165,6,165,243,64,226,244,130,0,203,0,158,1,81,0,104,0,34,0,13,0,8,0,7,
0,211,222,7,248,145,252,158,3,60,253,165,6,214,248,192,234,244,130,0,159,0,193,1,78,0,110,0,36,0,11,0,8,0,6,
0,52,229,46,239,143,252,158,3,60,253,165,6,89,251,4,245,56,130,0,148,0,229,1,74,0,115,0,38,0,12,0,9,0,8,
0,79,238,137,231,94,253,158,3,60,253,165,6,204,2,95,252,64,128,0,142,1,89,1,63,0,119,0,42,0,17,0,11,0,9,
0,204,248,84,226,88,253,158,3,60,253,165,6,204,2,88,6,8,128,0,140,1,87,1,32,0,119,0,44,0,16,0,11,0,9,
0,204,248,84,226,88,253,13,4,156,252,70,7,81,252,88,6,8,128,0,139,1,78,0,226,0,113,0,44,0,18,0,12,0,10,
0,68,3,88,224,205,252,13,4,156,252,70,7,171,249,146,11,8,128,0,140,1,76,0,153,0,101,0,43,0,20,0,12,0,10,
0,207,11,98,226,245,253,13,4,156,252,70,7,208,242,132,9,95,137,0,141,1,76,0,134,0,90,0,42,0,17,0,12,0,10,
0,23,18,163,231,49,1,13,4,156,252,70,7,250,236,223,4,109,161,0,144,1,74,0,133,0,81,0,40,0,18,0,12,0,11,
0,23,18,163,231,49,1,13,4,156,252,70,7,250,236,223,4,193,190,0,148,1,70,0,132,0,75,0,38,0,19,0,14,0,11,
0,248,21,91,238,39,5,13,4,156,252,70,7,80,243,203,3,193,190,0,155,1,70,0,132,0,70,0,36,0,18,0,13,0,11,
0,127,23,39,244,21,7,13,4,156,252,70,7,68,240,176,4,238,207,0,169,1,67,0,132,0,65,0,33,0,16,0,13,0,10,
0,127,23,39,244,172,5,13,4,156,252,70,7,131,234,98,7,10,225,0,188,1,63,0,133,0,61,0,32,0,16,0,12,0,11,
0,156,23,211,247,172,5,13,4,156,252,70,7,18,231,249,9,109,229,0,207,1,55,0,134,0,59,0,29,0,15,0,12,0,10,
0,176,22,251,249,168,2,13,4,156,252,70,7,18,231,249,9,109,229,0,225,1,37,0,134,0,57,0,32,0,16,0,12,0,11,
0,215,20,86,252,92,0,66,4,38,253,218,6,56,233,47,6,140,226,0,246,1,14,0,135,0,55,0,30,0,16,0,12,0,11,
0,215,20,86,252,92,255,66,4,38,253,218,6,167,237,90,254,170,219,1,19,0,245,0,137,0,54,0,28,0,15,0,11,0,10,
0,66,18,95,255,160,255,66,4,38,253,218,6,205,239,13,245,122,211,1,46,0,223,0,139,0,52,0,26,0,13,0,11,0,11,
0,88,15,132,2,42,0,66,4,38,253,218,6,205,239,136,238,136,208,1,58,0,203,0,142,0,52,0,25,0,13,0,11,0,11,
0,134,12,221,4,242,0,66,4,38,253,218,6,143,241,136,238,136,208,1,63,0,184,0,147,0,53,0,26,0,16,0,12,0,11,
0,134,12,221,4,242,0,66,4,38,253,218,6,126,245,233,231,32,205,1,95,0,168,0,160,0,55,0,25,0,13,0,11,0,11,
0,203,9,102,5,181,1,66,4,38,253,218,6,203,249,209,227,250,201,1,88,0,154,0,186,0,58,0,25,0,15,0,12,0,11,
0,56,7,188,3,70,2,66,4,38,253,218,6,10,252,54,226,4,198,1,77,0,146,0,219,0,64,0,26,0,15,0,12,0,11,
0,185,4,58,0,188,2,66,4,38,253,218,6,10,252,54,226,4,194,1,76,0,143,1,21,0,75,0,27,0,14,0,11,0,11,
0,185,4,58,0,188,2,66,4,38,253,218,6,214,252,32,225,59,194,1,76,0,140,1,85,0,90,0,31,0,16,0,12,0,11,
0,71,2,246,251,8,3,18,4,117,253,15,6,35,253,228,226,253,188,1,75,0,138,1,77,0,101,0,35,0,15,0,13,0,12,
0,76,0,206,247,8,3,18,4,117,253,15,6,133,251,144,230,218,188,1,73,0,139,1,75,0,109,0,38,0,16,0,12,0,11,
0,76,0,206,247,105,2,18,4,117,253,15,6,133,251,31,236,121,189,1,72,0,140,1,75,0,115,0,40,0,16,0,12,0,11,
0,57,255,143,244,105,2,18,4,117,253,15,6,141,249,31,236,121,189,1,71,0,141,1,73,0,120,0,44,0,18,0,12,0,11,
0,186,254,11,243,145,1,18,4,117,253,15,6,15,249,12,242,170,188,1,68,0,142,1,72,0,125,0,47,0,20,0,13,0,12,
0,151,254,102,243,135,0,18,4,117,253,15,6,76,249,128,246,153,184,1,69,0,144,1,72,0,127,0,49,0,20,0,13,0,12,
0,151,254,102,243,135,0,18,4,117,253,15,6,57,249,100,251,60,182,1,68,0,146,1,70,0,130,0,51,0,21,0,13,0,11,
0,219,254,73,245,202,255,18,4,117,253,15,6,57,249,100,251,16,184,1,66,0,149,1,70,0,133,0,53,0,22,0,14,0,12,
0,157,255,224,247,54,255,18,4,117,253,15,6,34,250,18,254,16,184,1,65,0,152,1,69,0,133,0,54,0,22,0,13,0,11,
0,221,0,146,250,238,254,18,4,117,253,15,6,184,251,69,255,62,186,1,64,0,152,1,67,0,135,0,55,0,23,0,14,0,12,
0,221,0,146,250,238,254,18,4,117,253,15,6,101,254,213,255,30,186,1,61,0,154,1,66,0,135,0,56,0,23,0,14,0,12,
0,1,2,31,253,0,255,154,4,34,253,186,7,101,252,50,254,194,183,1,63,0,154,1,65,0,136,0,57,0,24,0,14,0,11,
0,207,2,127,255,81,255,154,4,34,253,186,7,233,252,50,254,194,183,1,61,0,156,1,65,0,136,0,57,0,23,0,14,0,11,
0,31,3,116,1,187,255,154,4,34,253,186,7,156,251,189,251,11,189,1,59,0,157,1,64,0,136,0,58,0,25,0,16,0,12,
0,31,3,116,1,187,255,154,4,34,253,186,7,232,248,178,249,158,191,1,59,0,159,1,63,0,136,0,58,0,27,0,16,0,12,
0,54,3,109,2,63,0,154,4,34,253,186,7,37,247,145,248,32,194,1,58,0,163,1,63,0,136,0,58,0,26,0,15,0,12,
0,21,3,159,2,157,0,154,4,34,253,186,7,37,247,145,248,254,191,1,57,0,167,1,59,0,136,0,58,0,26,0,15,0,11,
0,21,3,159,2,243,0,154,4,34,253,186,7,203,245,85,247,254,191,1,57,0,169,1,57,0,135,0,58,0,26,0,16,0,12,
0,250,2,110,2,243,0,154,4,34,253,186,7,8,243,203,244,194,189,1,56,0,170,1,54,0,134,0,58,0,25,0,15,0,11,
0,211,2,41,2,64,1,154,4,34,253,186,7,88,240,126,242,1,190,1,55,0,168,1,49,0,134,0,59,0,26,0,16,0,12,
0,186,2,172,1,148,1,154,4,34,253,186,7,92,238,216,239,66,191,1,55,0,168,1,45,0,132,0,58,0,24,0,16,0,12,
0,186,2,172,1,148,1,110,4,35,253,177,6,92,238,216,239,66,191,1,55,0,165,1,38,0,131,0,57,0,24,0,15,0,12,
0,168,2,8,1,131,1,110,4,35,253,177,6,173,239,107,236,108,192,1,55,0,163,1,28,0,128,0,59,0,26,0,15,0,12,
0,110,2,55,0,3,1,110,4,35,253,177,6,210,240,241,232,251,192,1,54,0,160,1,16,0,125,0,58,0,26,0,16,0,12,
0,14,2,92,255,79,0,110,4,35,253,177,6,108,241,18,229,219,192,1,52,0,156,1,3,0,122,0,57,0,25,0,16,0,12,
0,14,2,92,255,79,0,110,4,35,253,177,6,108,241,41,226,153,192,1,53,0,153,0,246,0,117,0,56,0,27,0,16,0,12,
0,106,1,90,254,134,255,110,4,35,253,177,6,19,243,41,226,153,192,1,53,0,151,0,230,0,112,0,54,0,23,0,16,0,12,
0,209,0,101,253,200,254,110,4,35,253,177,6,87,245,75,224,48,194,1,54,0,148,0,215,0,107,0,52,0,25,0,16,0,12,
0,11,0,85,252,8,254,110,4,35,253,177,6,60,247,51,224,14,194,1,54,0,146,0,198,0,101,0,49,0,22,0,14,0,11,
0,11,0,85,252,8,254,110,4,35,253,177,6,72,246,22,225,223,190,1,54,0,144,0,182,0,95,0,47,0,24,0,15,0,12,
0,9,255,93,251,118,253,110,4,35,253,177,6,72,246,22,225,144,187,1,54,0,142,0,166,0,88,0,44,0,20,0,14,0,11,
0,16,254,253,250,27,253,95,4,86,253,50,8,105,244,76,226,144,187,1,53,0,141,0,153,0,81,0,41,0,21,0,14,0,11,
0,16,254,253,250,207,252,95,4,86,253,50,8,125,242,84,226,152,187,1,54,0,141,0,146,0,75,0,38,0,20,0,13,0,11,
0,80,253,73,251,207,252,95,4,86,253,50,8,31,240,145,227,29,186,1,52,0,140,0,141,0,71,0,36,0,18,0,13,0,11,
0,189,252,7,252,128,252,95,4,86,253,50,8,31,240,240,228,166,184,1,51,0,139,0,138,0,66,0,34,0,16,0,12,0,11,
0,20,252,67,253,26,252,95,4,86,253,50,8,2,238,240,228,166,184,1,49,0,139,0,136,0,62,0,31,0,16,0,12,0,11,
0,20,252,67,253,26,252,95,4,86,253,50,8,165,238,192,230,246,184,1,48,0,139,0,136,0,59,0,29,0,15,0,12,0,10,
0,114,251,187,254,121,251,95,4,86,253,50,8,43,241,36,232,7,182,1,47,0,140,0,136,0,57,0,28,0,15,0,12,0,11,
0,220,250,69,0,14,251,95,4,86,253,50,8,24,242,149,234,152,178,1,47,0,140,0,136,0,54,0,26,0,13,0,11,0,10,
0,116,250,121,1,149,250,95,4,86,253,50,8,24,242,149,234,117,178,1,47,0,140,0,136,0,54,0,25,0,14,0,12,0,11,
0,116,250,121,1,149,250,95,4,86,253,50,8,23,242,220,237,117,178,1,47,0,140,0,136,0,52,0,25,0,13,0,11,0,11,
0,13,250,63,2,25,250,132,4,46,253,57,7,218,243,201,241,14,179,1,48,0,140,0,136,0,51,0,23,0,12,0,11,0,10,
0,244,249,220,2,208,249,132,4,46,253,57,7,136,244,19,244,159,176,1,47,0,140,0,136,0,51,0,23,0,13,0,11,0,11,
0,26,250,220,3,170,249,132,4,46,253,57,7,39,243,143,246,67,173,1,47,0,141,0,136,0,50,0,23,0,11,0,11,0,10,
0,26,250,98,3,170,249,132,4,46,253,57,7,39,243,143,246,67,173,1,46,0,141,0,136,0,50,0,23,0,12,0,11,0,11,
0,90,250,166,3,149,249,132,4,46,253,57,7,107,241,31,250,128,174,1,45,0,141,0,136,0,49,0,23,0,12,0,11,0,11,
0,101,250,224,3,126,249,132,4,46,253,57,7,27,241,50,253,117,176,1,45,0,141,0,136,0,49,0,22,0,12,0,10,0,10,
0,101,250,224,3,52,249,132,4,46,253,57,7,32,241,184,253,175,174,1,44,0,142,0,137,0,49,0,22,0,11,0,10,0,10,
0,110,250,151,4,52,249,132,4,46,253,57,7,32,241,184,254,245,171,1,41,0,142,0,137,0,49,0,22,0,12,0,11,0,11,
0,169,250,140,5,188,248,132,4,46,253,57,7,246,239,169,254,245,171,1,40,0,142,0,137,0,49,0,22,0,12,0,11,0,11,
0,191,250,162,6,82,248,132,4,46,253,57,7,224,238,99,0,116,172,1,39,0,143,0,138,0,49,0,22,0,12,0,11,0,11,
0,191,250,162,6,82,248,132,4,46,253,57,7,131,240,255,1,52,175,1,37,0,144,0,138,0,49,0,22,0,12,0,10,0,10,
0,204,250,224,7,234,247,11,4,71,253,137,7,92,243,68,3,43,177,1,36,0,145,0,139,0,49,0,22,0,11,0,10,0,10,
0,3,251,206,8,122,247,11,4,71,253,137,7,92,243,68,3,43,177,1,34,0,145,0,140,0,49,0,22,0,11,0,10,0,10,
0,64,251,187,9,53,247,11,4,71,253,137,7,51,247,54,4,161,175,1,31,0,146,0,141,0,50,0,22,0,12,0,11,0,11,
0,64,251,187,9,53,247,11,4,71,253,137,7,219,248,81,5,109,174,1,28,0,147,0,142,0,49,0,22,0,12,0,11,0,11,
0,127,251,90,10,31,247,11,4,71,253,137,7,70,250,28,6,252,175,1,24,0,148,0,144,0,50,0,22,0,14,0,11,0,10,
0,160,251,160,10,41,247,11,4,71,253,137,7,70,250,74,5,249,178,1,21,0,148,0,146,0,50,0,18,0,12,0,11,0,11,
0,230,251,160,10,98,247,11,4,71,253,137,7,206,250,74,5,249,178,1,16,0,149,0,150,0,51,0,19,0,12,0,11,0,11,
0,230,251,187,10,98,247,11,4,71,253,137,7,123,250,174,3,187,177,1,11,0,149,0,153,0,52,0,21,0,13,0,12,0,11,
0,86,252,232,10,91,247,11,4,71,253,137,7,236,248,112,2,191,176,1,4,0,150,0,158,0,54,0,22,0,13,0,11,0,11,
0,98,252,112,11,83,247,11,4,71,253,137,7,71,247,40,2,55,179,1,0,0,151,0,163,0,55,0,23,0,11,0,11,0,11,
0,98,252,112,11,70,247,173,3,53,253,249,6,71,247,40,2,82,183,0,250,0,153,0,169,0,56,0,23,0,11,0,11,0,11,
0,49,252,103,12,70,247,173,3,53,253,249,6,102,248,225,1,82,183,0,244,0,154,0,175,0,59,0,24,0,12,0,11,0,11,
0,53,252,141,13,28,247,173,3,53,253,249,6,176,251,224,0,61,181,0,238,0,155,0,181,0,61,0,25,0,15,0,12,0,11,
0,21,252,110,14,25,247,173,3,53,253,249,6,117,253,189,0,233,181,0,232,0,156,0,187,0,63,0,26,0,15,0,12,0,11,
0,21,252,110,14,25,247,173,3,53,253,249,6,117,253,44,2,145,183,0,227,0,157,0,195,0,65,0,26,0,12,0,11,0,11,
0,178,251,202,14,51,247,173,3,53,253,249,6,123,255,44,2,145,183,0,222,0,158,0,203,0,69,0,27,0,14,0,12,0,11,
0,108,251,206,14,114,247,173,3,53,253,249,6,236,2,167,2,85,185,0,218,0,158,0,213,0,72,0,28,0,15,0,11,0,11,
0,104,251,98,14,212,247,173,3,53,253,249,6,114,4,246,1,195,183,0,213,0,158,0,222,0,76,0,30,0,16,0,12,0,11,
0,104,251,98,14,212,247,173,3,53,253,249,6,98,3,118,1,78,184,0,209,0,158,0,230,0,79,0,31,0,14,0,12,0,11,
0,69,251,188,13,27,248,173,3,53,253,249,6,98,3,118,1,30,185,0,205,0,158,0,239,0,82,0,31,0,14,0,11,0,11,
0,31,251,8,13,102,248,186,3,9,253,192,6,175,1,159,0,30,185,0,200,0,157,0,247,0,86,0,33,0,17,0,12,0,11,
0,233,250,8,13,154,248,186,3,9,253,192,6,153,2,95,255,196,186,0,197,0,157,0,254,0,89,0,34,0,16,0,12,0,11,
0,233,250,61,12,154,248,186,3,9,253,192,6,66,3,121,254,82,186,0,193,0,157,1,5,0,93,0,36,0,16,0,12,0,11,
0,182,250,231,11,186,248,186,3,9,253,192,6,112,3,17,253,127,183,0,188,0,158,1,11,0,97,0,37,0,16,0,12,0,11,
0,89,250,194,11,218,248,186,3,9,253,192,6,112,3,17,253,127,183,0,185,0,159,1,16,0,100,0,39,0,19,0,12,0,11,
0,89,250,194,11,247,248,186,3,9,253,192,6,184,2,155,253,54,184,0,183,0,159,1,22,0,103,0,40,0,18,0,12,0,11,
0,14,250,133,11,247,248,186,3,9,253,192,6,86,5,154,253,38,186,0,180,0,160,1,26,0,107,0,45,0,20,0,13,0,11,
0,239,249,41,11,52,249,186,3,9,253,192,6,157,7,54,253,210,182,0,178,0,162,1,31,0,109,0,46,0,20,0,13,0,11,
0,8,250,178,10,113,249,186,3,9,253,192,6,157,7,89,253,77,181,0,177,0,163,1,35,0,112,0,47,0,19,0,13,0,11,
0,8,250,178,10,113,249,186,3,9,253,192,6,95,6,89,253,77,181,0,174,0,165,1,37,0,114,0,47,0,20,0,13,0,11,
0,220,249,38,10,235,249,31,3,35,253,154,6,234,5,153,252,21,185,0,171,0,166,1,39,0,117,0,48,0,21,0,14,0,12,
0,162,249,93,9,128,250,31,3,35,253,154,6,225,4,165,250,227,184,0,169,0,168,1,39,0,118,0,49,0,20,0,13,0,11,
0,192,249,78,8,69,251,31,3,35,253,154,6,237,255,19,247,177,184,0,166,0,168,1,37,0,119,0,50,0,22,0,14,0,12,
0,192,249,78,8,69,251,31,3,35,253,154,6,237,255,19,247,177,183,0,159,0,172,1,34,0,120,0,51,0,22,0,14,0,12,
0,253,249,59,7,211,252,31,3,35,253,154,6,116,248,52,251,25,183,0,159,0,176,1,31,0,120,0,51,0,24,0,14,0,12,
0,227,249,194,6,14,255,31,3,35,253,154,6,41,249,191,247,133,184,0,156,0,180,1,25,0,120,0,52,0,24,0,15,0,12,
0,227,249,194,6,136,0,31,3,35,253,154,6,82,247,38,247,254,187,0,156,0,182,1,24,0,119,0,51,0,23,0,15,0,12,
0,174,249,52,7,136,0,31,3,35,253,154,6,82,247,114,248,6,188,0,156,0,182,1,19,0,119,0,52,0,23,0,15,0,12,
0,167,249,232,7,248,0,31,3,35,253,154,6,161,246,114,248,6,188,0,158,0,182,1,13,0,116,0,51,0,21,0,14,0,11,
0,135,249,97,8,92,1,31,3,35,253,154,6,29,244,24,249,62,184,0,160,0,183,1,7,0,116,0,51,0,22,0,14,0,11,
0,135,249,97,8,30,2,31,3,35,253,154,6,209,239,162,250,80,185,0,161,0,184,0,253,0,113,0,50,0,23,0,14,0,12,
0,102,249,147,8,30,2,51,3,196,252,103,6,101,240,31,250,151,186,0,162,0,184,0,242,0,110,0,49,0,22,0,14,0,11,
0,83,249,199,8,219,2,51,3,196,252,103,6,101,240,31,250,157,183,0,161,0,183,0,232,0,107,0,48,0,21,0,14,0,11,
0,173,249,96,9,251,2,51,3,196,252,103,6,39,242,149,250,157,183,0,161,0,182,0,227,0,104,0,47,0,21,0,14,0,11,
0,173,249,96,9,251,2,51,3,196,252,103,6,87,239,85,252,33,182,0,163,0,181,0,225,0,100,0,45,0,19,0,13,0,10,
0,63,250,3,10,131,2,51,3,196,252,103,6,98,241,87,253,105,185,0,164,0,178,0,225,0,99,0,45,0,20,0,13,0,11,
0,252,250,211,10,142,1,51,3,196,252,103,6,184,243,80,253,47,184,0,167,0,176,0,228,0,97,0,43,0,19,0,12,0,10,
0,254,251,186,11,178,0,51,3,196,252,103,6,184,243,80,253,47,184,0,169,0,173,0,232,0,97,0,43,0,20,0,13,0,11,
0,254,251,186,11,178,0,51,3,196,252,103,6,215,243,190,252,230,179,0,171,0,172,0,238,0,96,0,42,0,18,0,13,0,11,
0,244,252,131,12,2,0,51,3,196,252,103,6,192,245,46,253,77,183,0,172,0,172,0,244,0,97,0,41,0,21,0,13,0,11,
0,139,253,209,12,107,255,51,3,196,252,103,6,166,249,109,252,22,186,0,172,0,173,0,251,0,98,0,42,0,20,0,13,0,11,
0,139,253,209,12,230,254,227,2,177,252,212,6,166,249,109,252,139,183,0,170,0,175,1,2,0,101,0,43,0,19,0,14,0,12,
0,172,253,203,12,230,254,227,2,177,252,212,6,130,251,54,252,139,183,0,168,0,177,1,8,0,102,0,43,0,19,0,14,0,12,
0,94,253,114,12,94,254,227,2,177,252,212,6,201,251,111,253,67,182,0,165,0,178,1,15,0,104,0,44,0,19,0,14,0,12,
0,239,252,6,12,185,253,227,2,177,252,212,6,124,251,125,254,7,184,0,162,0,178,1,21,0,107,0,44,0,21,0,13,0,11,
0,239,252,6,12,254,252,227,2,177,252,212,6,143,252,235,254,15,187,0,159,0,178,1,27,0,109,0,45,0,20,0,14,0,12,
0,141,252,159,11,254,252,227,2,177,252,212,6,143,252,235,254,15,187,0,157,0,178,1,31,0,111,0,45,0,20,0,13,0,11,
0,50,252,93,11,97,252,227,2,177,252,212,6,198,254,88,254,61,184,0,154,0,177,1,35,0,114,0,47,0,20,0,14,0,12,
0,228,251,41,11,191,251,227,2,177,252,212,6,137,254,251,254,20,183,0,151,0,175,1,39,0,116,0,47,0,20,0,14,0,12,
0,228,251,41,11,191,251,227,2,177,252,212,6,148,0,114,255,213,186,0,148,0,173,1,43,0,118,0,48,0,20,0,14,0,12,
0,164,251,21,11,54,251,227,2,177,252,212,6,148,0,58,254,41,186,0,146,0,172,1,47,0,119,0,48,0,20,0,13,0,11,
0,100,251,195,10,212,250,142,2,240,252,193,6,75,4,58,254,41,186,0,144,0,170,1,51,0,123,0,50,0,23,0,14,0,12,
0,78,251,85,10,133,250,142,2,240,252,193,6,108,6,207,253,119,185,0,142,0,169,1,54,0,124,0,51,0,23,0,14,0,12,
0,78,251,85,10,133,250,142,2,240,252,193,6,120,7,51,254,115,185,0,141,0,168,1,56,0,126,0,52,0,23,0,15,0,12,
0,91,251,154,9,97,250,142,2,240,252,193,6,174,7,165,254,30,186,0,140,0,166,1,57,0,127,0,53,0,23,0,14,0,12,
0,54,251,180,8,105,250,142,2,240,252,193,6,174,7,165,254,203,187,0,139,0,166,1,58,0,128,0,56,0,23,0,15,0,12,
0,54,251,180,8,157,250,142,2,240,252,193,6,152,9,128,254,203,187,0,139,0,165,1,58,0,129,0,56,0,23,0,14,0,11,
0,41,251,183,7,157,250,142,2,240,252,193,6,15,9,213,253,211,183,0,138,0,164,1,57,0,131,0,56,0,25,0,16,0,12,
0,105,251,205,6,250,250,142,2,240,252,193,6,98,7,56,254,42,185,0,138,0,163,1,56,0,131,0,56,0,25,0,15,0,12,
0,163,251,51,6,47,251,142,2,240,252,193,6,98,7,242,253,247,186,0,137,0,164,1,56,0,131,0,56,0,25,0,15,0,12,
0,163,251,51,6,47,251,142,2,240,252,193,6,180,6,242,253,247,186,0,137,0,164,1,55,0,132,0,57,0,25,0,15,0,12,
0,220,251,176,5,74,251,132,2,152,252,254,5,229,6,193,252,174,185,0,137,0,166,1,54,0,131,0,56,0,24,0,15,0,11,
0,255,251,109,5,109,251,132,2,152,252,254,5,224,6,91,252,65,185,0,137,0,168,1,52,0,132,0,57,0,25,0,15,0,12,
0,21,252,59,5,127,251,132,2,152,252,254,5,38,6,160,252,195,186,0,137,0,169,1,51,0,132,0,57,0,25,0,16,0,12,
0,21,252,59,5,127,251,132,2,152,252,254,5,38,6,160,252,77,189,0,137,0,171,1,49,0,131,0,57,0,25,0,15,0,12,
0,74,252,17,5,130,251,132,2,152,252,254,5,131,6,223,252,77,189,0,138,0,174,1,48,0,131,0,57,0,25,0,16,0,12,
0,156,252,196,4,155,251,132,2,152,252,254,5,198,8,71,252,89,189,0,138,0,175,1,46,0,129,0,56,0,23,0,14,0,11,
0,206,252,53,4,240,251,132,2,152,252,254,5,68,8,43,252,249,188,0,137,0,177,1,43,0,129,0,57,0,24,0,15,0,12,
0,206,252,53,4,240,251,132,2,152,252,254,5,224,7,154,252,48,189,0,138,0,178,1,40,0,128,0,59,0,24,0,15,0,12,
0,21,253,104,3,46,252,132,2,152,252,254,5,224,7,154,252,48,189,0,138,0,180,1,38,0,127,0,57,0,24,0,14,0,11,
0,73,253,180,2,93,252,132,2,152,252,254,5,128,7,51,253,27,192,0,138,0,181,1,35,0,127,0,57,0,25,0,15,0,12,
0,73,253,180,2,148,252,132,2,152,252,117,6,241,6,229,251,119,189,0,139,0,182,1,32,0,125,0,56,0,24,0,14,0,11,
0,89,253,250,1,148,252,50,2,187,252,117,6,14,5,78,251,145,191,0,139,0,182,1,29,0,124,0,56,0,26,0,16,0,12,
0,118,253,55,1,200,252,50,2,187,252,117,6,14,5,175,250,0,192,0,139,0,183,1,25,0,123,0,55,0,26,0,16,0,12,
0,101,253,176,0,245,252,50,2,187,252,117,6,95,3,175,250,0,192,0,140,0,183,1,22,0,121,0,55,0,25,0,15,0,11,
0,101,253,176,0,245,253,50,2,187,252,117,6,217,3,59,250,19,192,0,140,0,185,1,19,0,120,0,53,0,24,0,15,0,11,
0,99,253,72,0,18,253,50,2,187,252,117,6,14,4,124,249,141,190,0,140,0,185,1,16,0,119,0,53,0,25,0,16,0,12,
0,14,253,0,0,45,253,50,2,187,252,117,6,126,3,182,249,7,191,0,141,0,186,1,13,0,118,0,53,0,22,0,15,0,12,
0,234,252,173,255,44,253,50,2,187,252,117,6,126,3,182,249,7,192,0,142,0,186,1,9,0,116,0,52,0,22,0,15,0,12,
0,234,252,173,255,44,253,50,2,187,252,117,6,8,5,2,250,93,192,0,142,0,187,1,7,0,114,0,51,0,22,0,14,0,11,
0,219,252,25,255,46,253,50,2,187,252,117,6,203,5,17,250,16,191,0,142,0,186,1,4,0,113,0,51,0,22,0,14,0,12,
0,154,252,93,254,83,253,50,2,187,252,117,6,95,5,113,250,195,189,0,143,0,186,1,2,0,111,0,50,0,21,0,14,0,11,
0,76,252,168,253,99,253,104,2,123,252,19,7,95,5,19,250,210,191,0,143,0,186,0,255,0,111,0,49,0,24,0,15,0,12,
0,76,252,168,253,99,253,104,2,123,252,19,7,112,5,19,250,210,191,0,144,0,185,0,253,0,110,0,49,0,23,0,15,0,13,
0,23,252,34,253,97,253,104,2,123,252,19,7,108,5,222,249,8,191,0,144,0,185,0,251,0,107,0,43,0,22,0,14,0,12,
0,9,252,140,252,154,253,104,2,123,252,19,7,243,3,119,249,51,188,0,144,0,185,0,250,0,106,0,43,0,20,0,14,0,11,
0,9,252,140,252,181,253,104,2,123,252,19,7,208,2,51,250,13,192,0,144,0,185,0,248,0,106,0,44,0,21,0,14,0,12,
0,219,251,8,252,181,253,104,2,123,252,19,7,208,2,51,250,37,191,0,144,0,185,0,246,0,105,0,44,0,20,0,14,0,11,
0,192,251,228,251,197,253,104,2,123,252,19,7,151,3,174,249,37,191,0,145,0,185,0,244,0,104,0,44,0,20,0,14,0,12,
0,134,251,218,251,183,253,104,2,123,252,19,7,237,3,110,249,88,188,0,145,0,186,0,243,0,103,0,44,0,20,0,13,0,11,
0,134,251,218,251,183,253,104,2,123,252,19,7,88,2,148,250,205,188,0,145,0,187,0,242,0,102,0,43,0,20,0,14,0,11,
0,83,251,209,251,189,253,104,2,123,252,19,7,202,3,14,251,115,193,0,146,0,187,0,241,0,101,0,43,0,19,0,13,0,11,
0,48,251,168,251,204,253,120,2,130,252,146,6,202,3,14,251,115,193,0,146,0,188,0,239,0,100,0,43,0,18,0,13,0,11,
0,10,251,125,251,233,253,120,2,130,252,146,6,31,5,41,251,161,190,0,146,0,188,0,239,0,100,0,43,0,19,0,13,0,11,
0,10,251,125,251,233,253,120,2,130,252,146,6,140,3,207,251,43,187,0,147,0,188,0,238,0,99,0,42,0,18,0,12,0,11,
0,242,250,76,251,12,254,120,2,130,252,146,6,128,2,54,253,223,191,0,147,0,189,0,239,0,98,0,42,0,18,0,13,0,11,
0,0,251,13,251,57,254,120,2,130,252,146,6,128,2,54,252,114,190,0,148,0,189,0,239,0,98,0,42,0,18,0,12,0,11,
0,13,251,211,250,76,254,120,2,130,252,146,6,235,3,26,252,114,190,0,147,0,189,0,238,0,98,0,42,0,19,0,13,0,11,
0,13,251,211,250,76,254,120,2,130,252,146,6,210,1,213,251,9,188,0,147,0,189,0,238,0,98,0,42,0,19,0,13,0,11,
0,1,251,155,250,126,254,120,2,130,252,146,6,253,255,31,252,4,190,0,148,0,190,0,239,0,98,0,42,0,18,0,12,0,11,
0,18,251,125,250,145,254,120,2,130,252,146,6,171,0,14,252,125,191,0,148,0,191,0,239,0,97,0,41,0,18,0,13,0,11,
0,18,251,125,250,176,254,120,2,130,252,146,6,171,0,14,252,125,191,0,149,0,191,0,240,0,97,0,41,0,20,0,13,0,11,
0,9,251,147,250,176,254,132,2,178,252,240,5,173,0,139,251,195,188,0,149,0,192,0,241,0,98,0,41,0,20,0,14,0,11,
0,25,251,160,250,192,254,132,2,178,252,240,5,233,255,114,252,160,190,0,150,0,193,0,241,0,98,0,41,0,20,0,14,0,11,
0,52,251,179,250,199,254,132,2,178,252,240,5,98,0,115,252,115,190,0,150,0,194,0,242,0,98,0,41,0,20,0,14,0,11,
0,52,251,179,250,199,254,132,2,178,252,240,5,98,0,90,252,131,189,0,150,0,195,0,244,0,99,0,46,0,20,0,14,0,11,
0,49,251,186,250,17,255,132,2,178,252,240,5,102,0,90,252,131,189,0,151,0,196,0,245,0,99,0,45,0,20,0,13,0,11,
0,14,251,127,250,79,255,132,2,178,252,240,5,110,255,15,253,213,189,0,152,0,196,0,245,0,99,0,44,0,21,0,13,0,11,
0,241,250,86,250,115,255,132,2,178,252,240,5,229,255,222,252,142,192,0,153,0,198,0,247,0,99,0,43,0,20,0,13,0,11,
0,241,250,86,250,115,255,132,2,178,252,240,5,194,254,239,251,99,187,0,153,0,198,0,247,0,100,0,43,0,20,0,13,0,11,
0,18,251,34,250,157,255,132,2,178,252,240,5,194,254,239,251,87,191,0,154,0,198,0,248,0,100,0,43,0,20,0,14,0,11,
0,24,251,254,249,178,255,132,2,178,252,240,5,243,252,133,252,87,191,0,155,0,199,0,248,0,100,0,43,0,20,0,13,0,11,
0,37,251,242,249,233,255,208,2,104,252,15,7,247,253,232,251,225,192,0,155,0,200,0,249,0,101,0,43,0,20,0,14,0,11,
0,37,251,242,249,233,255,208,2,104,252,15,7,241,253,175,250,155,189,0,156,0,200,0,249,0,101,0,43,0,20,0,14,0,12,
0,32,251,20,250,255,255,208,2,104,252,15,7,241,253,14,251,91,190,0,158,0,201,0,250,0,101,0,43,0,20,0,13,0,11,
0,251,250,52,250,22,0,208,2,104,252,15,7,219,251,14,251,91,190,0,159,0,203,0,251,0,101,0,43,0,20,0,14,0,11,
0,251,250,52,250,43,0,208,2,104,252,15,7,60,252,162,251,59,193,0,160,0,203,0,251,0,102,0,43,0,20,0,13,0,11,
0,235,250,77,250,43,0,208,2,104,252,15,7,160,253,140,251,177,192,0,161,0,204,0,250,0,102,0,43,0,20,0,14,0,11,
0,225,250,93,250,37,0,208,2,104,252,15,7,238,252,222,250,67,188,0,163,0,204,0,251,0,102,0,43,0,20,0,14,0,12,
0,240,250,102,250,56,0,208,2,104,252,15,7,238,252,222,250,210,189,0,164,0,205,0,250,0,102,0,43,0,20,0,13,0,11,
0,240,250,102,250,56,0,208,2,104,252,15,7,0,251,247,251,210,189,0,165,0,206,0,250,0,102,0,43,0,20,0,14,0,12,
0,22,251,64,250,107,0,208,2,104,252,15,7,8,252,209,251,195,193,0,167,0,206,0,250,0,102,0,43,0,20,0,13,0,11,
0,18,251,48,250,134,0,208,2,104,252,15,7,152,251,174,250,156,188,0,168,0,206,0,249,0,102,0,43,0,21,0,14,0,11,
0,239,250,29,250,124,0,202,2,62,252,146,6,164,249,246,250,192,189,0,168,0,206,0,247,0,102,0,43,0,20,0,14,0,12,
0,239,250,29,250,124,0,202,2,62,252,146,6,164,249,246,250,192,189,0,169,0,206,0,247,0,102,0,43,0,19,0,13,0,11,
0,244,250,43,250,82,0,202,2,62,252,146,6,84,249,223,250,226,191,0,171,0,207,0,246,0,101,0,43,0,20,0,13,0,11,
0,223,250,99,250,83,0,202,2,62,252,146,6,35,250,210,249,53,189,0,171,0,207,0,245,0,102,0,44,0,20,0,14,0,12,
0,251,250,99,250,83,0,202,2,62,252,146,6,130,248,162,250,137,190,0,173,0,208,0,244,0,101,0,43,0,20,0,14,0,11,
0,251,250,148,250,83,0,202,2,62,252,146,6,130,248,101,250,66,190,0,174,0,208,0,243,0,100,0,43,0,20,0,13,0,11,
0,1,251,177,250,99,0,202,2,62,252,146,6,5,250,101,250,66,190,0,175,0,209,0,242,0,100,0,43,0,19,0,13,0,11,
0,242,250,163,250,85,0,202,2,62,252,146,6,21,249,188,250,16,188,0,176,0,209,0,240,0,100,0,43,0,20,0,14,0,11,
0,242,250,163,250,111,0,202,2,62,252,146,6,167,248,157,251,190,191,0,178,0,210,0,239,0,99,0,43,0,17,0,12,0,11,
0,213,250,183,250,111,0,202,2,62,252,146,6,169,250,83,251,78,191,0,179,0,210,0,238,0,99,0,43,0,19,0,13,0,11,
0,190,250,192,250,141,0,176,2,77,252,21,7,169,250,83,251,78,188,0,180,0,211,0,237,0,98,0,42,0,19,0,13,0,11,
0,229,250,190,250,107,0,176,2,77,252,21,7,233,248,67,251,227,188,0,181,0,211,0,235,0,97,0,42,0,18,0,13,0,11,
0,229,250,190,250,107,0,176,2,77,252,21,7,171,247,39,251,7,188,0,182,0,212,0,235,0,97,0,41,0,18,0,13,0,11,
0,1,251,219,250,121,0,176,2,77,252,21,7,141,246,208,251,234,190,0,183,0,212,0,233,0,97,0,42,0,19,0,13,0,11,
0,236,250,250,250,118,0,176,2,77,252,21,7,141,246,250,250,123,190,0,184,0,212,0,232,0,96,0,41,0,19,0,13,0,11,
0,225,250,44,251,110,0,176,2,77,252,21,7,92,248,250,250,123,190,0,186,0,213,0,231,0,95,0,41,0,19,0,13,0,11,
0,225,250,44,251,110,0,176,2,77,252,21,7,250,246,165,250,33,187,0,187,0,213,0,230,0,95,0,41,0,17,0,13,0,11,
0,215,250,107,251,122,0,176,2,77,252,21,7,63,246,186,251,219,189,0,189,0,214,0,229,0,94,0,40,0,18,0,13,0,11,
0,190,250,152,251,115,0,176,2,77,252,21,7,15,248,199,251,74,192,0,190,0,215,0,228,0,93,0,40,0,17,0,12,0,11,
0,222,250,152,251,117,0,176,2,77,252,21,7,15,248,199,251,15,188,0,191,0,215,0,227,0,94,0,40,0,19,0,13,0,11,
0,222,250,225,251,117,0,33,3,12,252,234,6,1,249,75,251,15,188,0,193,0,215,0,227,0,93,0,40,0,18,0,13,0,11,
0,233,250,254,251,121,0,33,3,12,252,234,6,178,247,59,252,168,187,0,195,0,215,0,227,0,93,0,40,0,17,0,13,0,11,
0,234,250,243,251,164,0,33,3,12,252,234,6,209,246,195,252,183,190,0,197,0,216,0,227,0,92,0,40,0,17,0,13,0,11,
0,234,250,243,251,156,0,33,3,12,252,234,6,226,248,26,252,202,189,0,198,0,216,0,226,0,92,0,40,0,19,0,13,0,12,
0,217,250,7,252,156,0,33,3,12,252,234,6,226,248,26,252,202,189,0,200,0,216,0,226,0,92,0,40,0,19,0,13,0,11,
0,40,251,14,252,162,0,33,3,12,252,234,6,186,246,45,252,154,186,0,201,0,216,0,227,0,91,0,39,0,17,0,12,0,11,
0,131,251,84,252,163,0,33,3,12,252,234,6,65,246,225,252,29,190,0,202,0,216,0,227,0,92,0,39,0,17,0,13,0,11,
0,131,251,84,252,163,0,33,3,12,252,234,6,163,246,39,252,160,188,0,204,0,217,0,227,0,92,0,39,0,18,0,13,0,11,
0,150,251,151,252,178,0,33,3,12,252,234,6,163,246,39,252,77,188,0,205,0,217,0,228,0,91,0,38,0,17,0,12,0,11,
0,107,251,211,252,178,0,33,3,12,252,234,6,211,246,11,252,77,188,0,206,0,218,0,228,0,92,0,39,0,18,0,13,0,11,
0,137,251,51,253,145,0,233,2,71,252,51,6,200,246,181,252,34,189,0,207,0,218,0,229,0,92,0,39,0,18,0,13,0,11,
0,137,251,51,253,145,0,233,2,71,252,51,6,146,247,202,252,193,189,0,209,0,219,0,230,0,92,0,38,0,17,0,12,0,11,
0,202,251,125,253,113,0,233,2,71,252,51,6,201,247,225,252,101,189,0,210,0,219,0,231,0,92,0,39,0,18,0,13,0,11,
0,205,251,170,253,94,0,233,2,71,252,51,6,201,247,225,252,101,189,0,211,0,220,0,232,0,92,0,39,0,17,0,12,0,11,
0,197,251,170,253,143,0,233,2,71,252,51,6,118,248,193,252,0,189,0,212,0,220,0,233,0,93,0,40,0,18,0,13,0,11,
0,197,251,216,253,143,0,233,2,71,252,51,6,237,247,15,253,98,188,0,214,0,221,0,235,0,93,0,39,0,17,0,12,0,11,
0,246,251,249,253,162,0,233,2,71,252,51,6,95,247,43,253,75,189,0,215,0,221,0,236,0,94,0,40,0,17,0,13,0,11,
0,48,252,41,254,161,0,233,2,71,252,51,6,95,247,71,253,211,189,0,216,0,221,0,238,0,95,0,40,0,18,0,13,0,11,
0,48,252,41,254,182,0,233,2,71,252,51,6,110,247,71,253,211,189,0,217,0,222,0,239,0,95,0,40,0,17,0,12,0,11,
0,100,252,74,254,182,0,233,2,71,252,51,6,236,247,199,252,58,190,0,218,0,222,0,240,0,96,0,40,0,20,0,13,0,11,
0,75,252,158,254,184,0,233,2,71,252,51,6,46,248,54,252,110,188,0,219,0,222,0,242,0,96,0,40,0,20,0,13,0,11,
0,83,252,254,254,185,0,22,3,231,251,74,6,253,247,92,252,215,188,0,220,0,223,0,244,0,97,0,40,0,19,0,13,0,11,
0,83,252,254,254,185,0,22,3,231,251,74,6,253,247,92,252,242,188,0,221,0,223,0,245,0,98,0,41,0,20,0,14,0,12,
0,126,252,71,255,169,0,22,3,231,251,74,6,53,247,57,252,242,188,0,222,0,224,0,247,0,98,0,40,0,19,0,13,0,11,
0,122,252,146,255,172,0,22,3,231,251,74,6,225,247,157,252,94,190,0,223,0,224,0,248,0,99,0,41,0,20,0,13,0,11,
0,140,252,208,255,158,0,22,3,231,251,74,6,195,249,161,252,49,190,0,224,0,225,0,250,0,100,0,42,0,20,0,13,0,11,
0,140,252,208,255,158,0,22,3,231,251,74,6,195,249,113,252,165,188,0,225,0,226,0,252,0,101,0,42,0,20,0,13,0,11,
0,150,252,1,0,124,0,22,3,231,251,74,6,198,249,113,252,165,188,0,225,0,225,0,253,0,101,0,42,0,20,0,13,0,11,
0,159,252,253,255,133,0,22,3,231,251,74,6,171,249,147,252,168,188,0,227,0,226,0,255,0,102,0,42,0,19,0,13,0,11,
0,159,252,253,255,192,0,22,3,231,251,74,6,120,249,79,252,63,189,0,228,0,226,0,255,0,103,0,38,0,19,0,14,0,12,
0,214,252,7,0,192,0,22,3,231,251,74,6,86,249,37,252,75,190,0,228,0,226,1,0,0,103,0,39,0,17,0,14,0,12,
0,233,252,17,0,191,0,241,2,42,252,67,6,86,249,37,252,9,190,0,229,0,226,1,1,0,104,0,40,0,16,0,13,0,11,
0,254,252,27,0,171,0,241,2,42,252,67,6,246,248,223,251,9,190,0,231,0,227,1,2,0,104,0,41,0,18,0,13,0,12,
0,254,252,27,0,167,0,241,2,42,252,67,6,1,249,194,251,253,190,0,232,0,227,1,3,0,105,0,42,0,17,0,12,0,11,
0,10,253,73,0,167,0,241,2,42,252,67,6,194,249,110,251,212,190,0,232,0,227,1,3,0,106,0,43,0,19,0,13,0,11,
0,30,253,141,0,171,0,241,2,42,252,67,6,255,249,245,250,211,188,0,233,0,227,1,3,0,106,0,43,0,19,0,13,0,11,
0,48,253,197,0,137,0,241,2,42,252,67,6,255,249,245,250,211,188,0,235,0,228,1,3,0,106,0,44,0,19,0,13,0,11,
0,48,253,197,0,137,0,241,2,42,252,67,6,21,250,75,251,111,189,0,236,0,228,1,4,0,106,0,44,0,19,0,13,0,11,
0,42,253,251,0,132,0,241,2,42,252,67,6,198,249,41,252,211,191,0,237,0,228,1,3,0,107,0,44,0,20,0,14,0,12,
0,80,253,1,1,115,0,241,2,42,252,67,6,195,250,247,251,187,192,0,239,0,228,1,3,0,107,0,45,0,20,0,14,0,12,
0,110,253,234,0,106,0,241,2,42,252,67,6,195,250,159,251,100,190,0,241,0,228,1,3,0,107,0,45,0,20,0,14,0,11,
0,110,253,234,0,106,0,223,2,46,252,36,6,19,252,159,251,100,190,0,242,0,228,1,3,0,107,0,45,0,20,0,13,0,11,
0,132,253,220,0,123,0,223,2,46,252,36,6,98,251,50,251,190,189,0,244,0,228,1,2,0,107,0,45,0,19,0,14,0,12,
0,119,253,233,0,101,0,223,2,46,252,36,6,51,250,69,251,240,189,0,246,0,227,1,2,0,107,0,45,0,20,0,13,0,11,
0,119,253,233,0,117,0,223,2,46,252,36,6,78,250,130,251,111,192,0,247,0,227,1,1,0,107,0,46,0,20,0,14,0,11,
0,111,253,237,0,117,0,223,2,46,252,36,6,78,250,130,251,111,192,0,248,0,226,1,0,0,107,0,46,0,20,0,14,0,12,
0,147,253,236,0,116,0,223,2,46,252,36,6,198,250,28,251,231,191,0,250,0,226,0,255,0,106,0,45,0,22,0,13,0,11,
0,129,253,224,0,88,0,223,2,46,252,36,6,6,252,121,250,23,191,0,251,0,226,0,254,0,106,0,45,0,22,0,14,0,11,
0,129,253,224,0,73,0,223,2,46,252,36,6,201,251,130,250,74,189,0,254,0,226,0,254,0,105,0,45,0,21,0,13,0,11,
0,95,253,223,0,73,0,223,2,46,252,36,6,201,251,102,251,86,190,0,255,0,225,0,252,0,105,0,45,0,22,0,14,0,12,
0,104,253,218,0,73,0,223,2,46,252,36,6,174,250,102,251,86,190,1,1,0,224,0,251,0,105,0,45,0,21,0,14,0,12,
0,99,253,226,0,84,0,77,3,182,251,106,6,46,252,157,251,45,193,1,3,0,224,0,251,0,105,0,49,0,21,0,13,0,11,
0,99,253,226,0,84,0,77,3,182,251,106,6,53,253,8,251,89,191,1,5,0,224,0,250,0,104,0,47,0,21,0,13,0,11,
0,122,253,206,0,111,0,77,3,182,251,106,6,27,253,41,251,24,189,1,7,0,223,0,248,0,104,0,47,0,22,0,14,0,11,
0,109,253,179,0,132,0,77,3,182,251,106,6,27,253,41,251,33,190,1,8,0,222,0,247,0,104,0,47,0,22,0,14,0,11,
0,80,253,109,0,136,0,77,3,182,251,106,6,108,252,252,250,33,190,1,10,0,221,0,246,0,103,0,46,0,22,0,14,0,12,
0,80,253,109,0,136,0,77,3,182,251,106,6,91,252,92,251,14,191,1,12,0,221,0,246,0,102,0,45,0,20,0,13,0,11,
0,89,253,89,0,125,0,77,3,182,251,106,6,98,252,77,251,246,190,1,14,0,220,0,244,0,102,0,45,0,21,0,14,0,12,
0,47,253,68,0,98,0,77,3,182,251,106,6,98,252,0,251,208,190,1,16,0,220,0,244,0,101,0,44,0,20,0,14,0,11,
0,47,253,68,0,98,0,77,3,182,251,106,6,119,252,0,251,208,190,1,17,0,219,0,242,0,101,0,44,0,21,0,14,0,11,
0,19,253,59,0,98,0,77,3,182,251,106,6,3,253,106,250,27,189,1,19,0,219,0,241,0,100,0,44,0,21,0,14,0,12,
0,20,253,120,0,79,0,77,3,182,251,106,6,177,252,7,251,146,190,1,21,0,218,0,240,0,100,0,43,0,20,0,13,0,11,
0,80,253,104,0,86,0,173,2,208,251,83,6,123,253,6,251,130,190,1,23,0,218,0,239,0,99,0,43,0,18,0,13,0,11,
0,80,253,104,0,86,0,173,2,208,251,83,6,123,253,6,251,208,189,1,24,0,217,0,238,0,99,0,43,0,19,0,14,0,12,
0,41,253,90,0,77,0,173,2,208,251,83,6,10,254,41,251,208,189,1,26,0,217,0,237,0,98,0,43,0,19,0,13,0,11,
0,15,253,58,0,108,0,173,2,208,251,83,6,250,253,31,251,196,188,1,28,0,216,0,236,0,98,0,43,0,19,0,13,0,11,
0,0,253,255,255,78,0,173,2,208,251,83,6,187,253,108,251,125,189,1,30,0,215,0,235,0,97,0,42,0,18,0,13,0,11,
0,0,253,255,255,78,0,173,2,208,251,83,6,157,253,157,251,45,190,1,32,0,215,0,235,0,97,0,42,0,19,0,13,0,11,
0,50,253,229,255,62,0,173,2,208,251,83,6,157,253,157,251,45,190,1,33,0,214,0,234,0,96,0,41,0,18,0,12,0,11,
0,55,253,169,255,34,0,173,2,208,251,83,6,24,254,58,251,245,188,1,34,0,213,0,233,0,96,0,41,0,19,0,13,0,11,
0,25,253,169,255,28,0,173,2,208,251,83,6,209,252,8,251,197,187,1,35,0,212,0,232,0,95,0,41,0,18,0,13,0,11,
0,25,253,169,255,28,0,173,2,208,251,83,6,22,253,101,251,250,189,1,36,0,212,0,232,0,95,0,41,0,18,0,12,0,11,
0,27,253,181,255,19,0,209,2,221,251,59,7,22,253,148,251,59,190,1,38,0,212,0,231,0,94,0,40,0,18,0,12,0,11,
0,2,253,201,255,2,0,209,2,221,251,59,7,78,253,148,251,59,190,1,39,0,211,0,230,0,95,0,41,0,19,0,13,0,12,
0,2,253,201,255,10,0,209,2,221,251,59,7,177,253,71,251,79,188,1,40,0,210,0,230,0,94,0,40,0,19,0,13,0,11,
0,26,253,212,255,10,0,209,2,221,251,59,7,120,253,123,251,250,187,1,40,0,210,0,229,0,94,0,40,0,18,0,13,0,12,
0,44,253,183,255,3,0,209,2,221,251,59,7,146,253,201,251,203,188,1,41,0,209,0,229,0,94,0,40,0,17,0,13,0,11,
0,15,253,173,255,5,0,209,2,221,251,59,7,146,253,201,251,155,189,1,42,0,209,0,229,0,93,0,40,0,17,0,12,0,11,
0,15,253,173,255,5,0,209,2,221,251,59,7,200,253,118,252,155,189,1,42,0,209,0,228,0,93,0,40,0,19,0,13,0,12,
0,255,252,117,255,5,0,209,2,221,251,59,7,43,254,255,251,74,188,1,43,0,208,0,228,0,93,0,40,0,18,0,13,0,11,
0,15,253,73,255,231,255,209,2,221,251,59,7,69,253,207,251,175,187,1,43,0,207,0,227,0,93,0,40,0,18,0,13,0,11,
0,21,253,68,255,239,255,209,2,221,251,59,7,69,253,4,252,113,188,1,43,0,207,0,227,0,92,0,40,0,17,0,13,0,11,
0,21,253,68,255,239,255,161,2,226,251,80,6,234,252,4,252,113,188,1,44,0,207,0,227,0,92,0,39,0,17,0,12,0,11,
0,12,253,75,255,247,255,161,2,226,251,80,6,31,253,200,251,8,189,1,43,0,206,0,226,0,92,0,39,0,18,0,13,0,12,
0,24,253,74,255,210,255,161,2,226,251,80,6,232,252,216,251,144,188,1,43,0,206,0,225,0,92,0,40,0,18,0,12,0,11,
0,19,253,59,255,180,255,161,2,226,251,80,6,219,252,190,251,194,188,1,43,0,206,0,225,0,91,0,39,0,18,0,13,0,11,
0,19,253,59,255,180,255,161,2,226,251,80,6,219,252,190,251,84,188,1,43,0,206,0,225,0,91,0,39,0,17,0,12,0,11,
0,1,253,49,255,188,255,161,2,226,251,80,6,243,252,188,251,84,188,1,43,0,206,0,225,0,90,0,38,0,17,0,12,0,11,
0,4,253,63,255,201,255,161,2,226,251,80,6,243,252,21,252,242,188,1,43,0,205,0,223,0,91,0,39,0,20,0,13,0,11,
0,4,253,63,255,169,255,161,2,226,251,80,6,36,253,21,252,222,189,1,42,0,204,0,224,0,91,0,39,0,17,0,13,0,11,
0,41,253,70,255,169,255,161,2,226,251,80,6,46,253,182,251,222,188,1,42,0,204,0,223,0,90,0,39,0,20,0,13,0,11,
0,43,253,52,255,143,255,161,2,226,251,80,6,46,253,182,251,222,188,1,42,0,204,0,223,0,90,0,38,0,18,0,12,0,11,
0,50,253,15,255,204,255,194,2,234,251,221,5,22,253,210,251,146,188,1,42,0,204,0,223,0,89,0,38,0,18,0,13,0,11,
0,50,253,15,255,204,255,194,2,234,251,221,5,241,252,140,251,39,189,1,41,0,203,0,223,0,90,0,38,0,19,0,13,0,12,
0,83,253,253,254,168,255,194,2,234,251,221,5,159,251,165,251,120,188,1,41,0,203,0,223,0,90,0,38,0,18,0,13,0,11,
0,70,253,255,254,143,255,194,2,234,251,221,5,159,251,165,251,70,191,1,40,0,203,0,222,0,90,0,38,0,19,0,13,0,11,
0,49,253,21,255,115,255,194,2,234,251,221,5,3,252,237,251,70,191,1,40,0,203,0,222,0,89,0,38,0,17,0,12,0,11,
0,49,253,21,255,115,255,194,2,234,251,221,5,92,253,34,251,208,189,1,40,0,203,0,222,0,89,0,37,0,17,0,12,0,11,
0,52,253,34,255,97,255,194,2,234,251,221,5,179,251,220,250,23,187,1,38,0,202,0,222,0,90,0,38,0,19,0,13,0,12,
0,61,253,43,255,105,255,194,2,234,251,221,5,122,251,115,251,248,189,1,34,0,203,0,223,0,89,0,38,0,18,0,13,0,11,
0,83,253,24,255,114,255,194,2,234,251,221,5,122,251,115,251,248,189,1,29,0,208,0,228,0,90,0,38,0,16,0,13,0,11,
0,83,253,24,255,114,255,194,2,234,251,221,5,235,252,249,251,22,192,1,11,0,220,0,243,0,92,0,39,0,18,0,12,0,11,
0,61,253,57,255,116,255,194,3,172,251,84,6,239,252,221,249,115,193,0,191,0,243,1,19,0,96,0,39,0,17,0,12,0,11,
0,77,253,10,255,109,255,2,3,172,251,84,6,71,250,190,221,89,193,0,140,1,17,1,68,0,105,0,41,0,17,0,13,0,11,
0,77,253,10,255,251,254,2,3,172,251,84,6,71,250,212,201,168,201,0,144,1,58,1,80,0,113,0,43,0,20,0,13,0,11,
0,34,254,166,254,251,254,2,3,172,251,84,6,174,1,212,201,168,201,0,203,1,75,1,81,0,119,0,45,0,20,0,13,0,11,
0,243,255,49,254,147,253,2,3,172,251,84,6,4,27,56,225,51,226,0,169,1,77,1,79,0,123,0,46,0,17,0,12,0,9,
0,217,2,40,253,148,251,2,3,172,251,84,6,44,38,113,206,175,230,0,132,1,68,1,72,0,126,0,48,0,18,0,11,0,9,
0,217,2,40,253,148,251,2,3,172,251,84,6,18,35,63,220,122,240,0,133,1,52,1,44,0,125,0,49,0,18,0,11,0,9,
0,166,7,199,250,37,249,2,3,172,251,84,6,18,35,63,220,237,6,0,134,1,44,0,238,0,119,0,49,0,20,0,12,0,10,
0,60,13,83,246,154,247,2,3,172,251,84,6,70,39,97,11,237,6,0,136,1,19,0,185,0,109,0,49,0,22,0,13,0,10,
0,101,17,80,242,109,248,2,3,172,251,84,6,127,36,34,33,218,1,0,136,0,225,0,145,0,98,0,47,0,22,0,14,0,11,
0,101,17,80,242,109,248,2,3,172,251,84,6,159,19,102,35,203,6,0,138,0,202,0,137,0,87,0,44,0,20,0,14,0,12,
0,140,19,236,241,195,252,82,3,198,251,238,6,159,19,72,25,252,6,0,139,0,197,0,136,0,80,0,42,0,20,0,14,0,13,
0,219,20,100,243,81,2,82,3,198,251,238,6,150,255,72,25,252,6,0,142,0,216,0,134,0,75,0,40,0,20,0,15,0,13,
0,142,21,115,243,52,6,82,3,198,251,238,6,82,250,193,20,141,3,0,148,0,233,0,135,0,69,0,37,0,20,0,14,0,13,
0,142,21,115,243,52,6,82,3,198,251,238,6,167,244,50,15,92,240,0,170,0,226,0,135,0,63,0,32,0,16,0,12,0,12,
0,129,21,248,242,148,7,82,3,198,251,238,6,24,234,131,14,77,228,0,212,0,191,0,133,0,61,0,32,0,17,0,13,0,12,
0,24,20,115,243,123,6,82,3,198,251,238,6,24,234,131,14,172,216,1,49,0,147,0,133,0,59,0,24,0,15,0,13,0,11,
0,24,20,115,243,152,4,82,3,198,251,238,6,64,230,206,7,172,216,1,72,0,134,0,132,0,56,0,24,0,14,0,12,0,12,
0,239,15,55,245,152,4,82,3,198,251,238,6,251,225,37,252,108,204,1,95,0,134,0,132,0,53,0,23,0,12,0,11,0,11,
0,7,9,179,247,55,3,82,3,198,251,238,6,161,222,35,241,100,191,1,80,0,134,0,133,0,52,0,23,0,13,0,12,0,11,
0,221,0,89,250,225,2,82,3,198,251,238,6,92,227,200,233,119,188,1,74,0,134,0,136,0,51,0,23,0,13,0,12,0,11,
0,221,0,89,250,225,2,67,3,44,252,179,6,92,227,200,233,119,188,1,66,0,135,0,227,0,60,0,24,0,11,0,11,0,11,
0,1,249,123,252,174,2,67,3,44,252,179,6,238,234,34,231,224,177,1,53,0,135,1,83,0,78,0,27,0,15,0,12,0,12,
0,69,242,116,253,250,1,67,3,44,252,179,6,178,242,10,233,22,169,1,33,0,138,1,81,0,91,0,31,0,16,0,12,0,11,
0,89,237,202,252,13,1,67,3,44,252,179,6,76,249,79,239,191,163,0,254,0,148,1,80,0,101,0,34,0,16,0,11,0,10,
0,89,237,202,252,13,1,67,3,44,252,179,6,76,249,31,250,78,164,0,209,0,178,1,78,0,109,0,37,0,14,0,12,0,11,
0,251,234,21,250,232,255,67,3,44,252,179,6,203,254,31,250,78,164,0,166,0,227,1,76,0,114,0,39,0,14,0,11,0,10,
0,147,235,159,245,209,254,67,3,44,252,179,6,194,3,158,5,245,159,0,142,1,20,1,72,0,119,0,43,0,17,0,12,0,10,
0,17,239,159,240,56,254,67,3,44,252,179,6,38,6,220,14,53,152,0,136,1,62,1,68,0,123,0,45,0,18,0,12,0,11,
0,17,239,153,240,56,254,67,3,44,252,179,6,249,3,19,22,45,157,0,134,1,73,1,56,0,124,0,46,0,20,0,12,0,11,
0,214,244,112,236,235,253,67,3,44,252,179,6,249,3,19,22,45,155,0,133,1,70,1,31,0,124,0,48,0,21,0,13,0,11,
0,105,251,247,233,94,254,163,3,7,252,128,6,204,0,147,24,70,155,0,136,1,69,0,249,0,119,0,49,0,21,0,13,0,11,
0,105,251,247,233,228,255,163,3,7,252,128,6,80,255,184,24,223,162,0,137,1,70,0,203,0,111,0,49,0,21,0,14,0,12,
0,212,1,107,233,228,255,163,3,7,252,128,6,52,251,144,22,147,174,0,144,1,71,0,159,0,100,0,47,0,22,0,14,0,11,
0,22,7,226,234,158,1,163,3,7,252,128,6,52,251,73,21,250,189,0,220,1,70,0,139,0,90,0,44,0,19,0,13,0,11,
0,225,10,110,237,180,2,163,3,7,252,128,6,208,246,73,21,250,189,1,71,1,69,0,134,0,83,0,43,0,21,0,14,0,12,
0,225,10,110,237,180,2,163,3,7,252,128,6,101,243,211,19,150,201,1,80,1,69,0,133,0,75,0,40,0,19,0,13,0,11,
0,11,13,182,240,18,3,163,3,7,252,128,6,84,239,238,16,99,210,1,77,1,67,0,133,0,70,0,37,0,19,0,14,0,12,
0,24,14,122,244,2,3,163,3,7,252,128,6,11,237,68,13,149,216,1,75,1,64,0,133,0,66,0,39,0,19,0,13,0,12,
0,2,14,16,248,192,2,163,3,7,252,128,6,11,237,68,13,124,218,1,74,1,59,0,133,0,62,0,35,0,17,0,13,0,11,
0,2,14,16,248,192,2,163,3,7,252,128,6,125,238,104,6,124,218,1,73,1,52,0,134,0,59,0,32,0,16,0,12,0,11,
0,251,12,37,251,190,2,31,4,58,252,189,6,122,242,93,255,11,217,1,72,1,41,0,134,0,57,0,30,0,16,0,12,0,11,
0,110,11,197,253,211,2,31,4,58,252,189,6,99,244,73,250,75,213,1,72,1,31,0,136,0,55,0,29,0,16,0,12,0,11,
0,141,9,197,253,49,3,31,4,58,252,189,6,58,244,78,245,161,210,1,70,1,18,0,139,0,54,0,27,0,14,0,12,0,11,
0,141,9,236,255,49,3,31,4,58,252,189,6,58,244,78,245,161,210,1,70,1,6,0,148,0,53,0,24,0,15,0,11,0,11,
0,97,7,85,1,13,4,31,4,58,252,189,6,105,244,203,239,3,208,1,70,0,250,0,170,0,55,0,25,0,13,0,11,0,11,
0,107,5,93,1,232,4,31,4,58,252,189,6,29,245,100,235,192,203,1,70,0,239,0,201,0,62,0,26,0,14,0,12,0,11,
0,107,5,93,1,225,5,31,4,58,252,189,6,235,244,96,233,107,200,1,70,0,230,0,232,0,68,0,27,0,13,0,11,0,11,
0,222,3,96,0,225,5,31,4,58,252,189,6,235,244,96,234,227,200,1,70,0,221,1,6,0,76,0,29,0,14,0,12,0,11,
0,150,2,138,254,114,6,31,4,58,252,189,6,239,243,42,234,227,200,1,69,0,213,1,34,0,86,0,31,0,14,0,11,0,10,
0,163,1,122,252,129,6,31,4,58,252,189,6,187,243,91,235,125,202,1,69,0,207,1,59,0,95,0,33,0,16,0,12,0,11,
0,163,1,122,252,129,6,31,4,58,252,189,6,24,244,60,236,109,201,1,68,0,202,1,68,0,104,0,36,0,16,0,12,0,11,
0,245,0,146,250,112,6,4,4,61,252,252,6,21,243,9,238,74,200,1,66,0,199,1,67,0,111,0,40,0,17,0,12,0,11,
0,152,0,39,249,65,6,4,4,61,252,252,6,21,243,9,238,74,200,1,65,0,195,1,67,0,116,0,43,0,18,0,13,0,11,
0,78,0,109,248,63,6,4,4,61,252,252,6,220,242,200,240,42,197,1,65,0,195,1,67,0,120,0,44,0,18,0,12,0,11,
0,78,0,109,248,63,6,4,4,61,252,252,6,100,242,214,243,154,196,1,64,0,195,1,66,0,124,0,47,0,19,0,13,0,11,
0,23,0,156,248,238,5,4,4,61,252,252,6,61,243,123,246,119,199,1,63,0,195,1,65,0,126,0,48,0,19,0,13,0,11,
0,2,0,125,249,135,5,4,4,61,252,252,6,61,243,12,248,219,196,1,62,0,194,1,64,0,129,0,51,0,21,0,14,0,12,
0,2,255,125,249,70,5,4,4,61,252,252,6,113,244,12,248,219,196,1,61,0,193,1,63,0,131,0,52,0,23,0,14,0,12,
0,163,255,190,250,70,5,4,4,61,252,252,6,150,243,183,248,70,192,1,61,0,191,1,63,0,131,0,53,0,23,0,14,0,11,
0,124,255,57,252,77,5,4,4,61,252,252,6,112,242,168,249,72,191,1,61,0,190,1,62,0,133,0,55,0,24,0,15,0,12,
0,101,255,4,254,56,5,4,4,61,252,252,6,53,242,17,250,220,191,1,60,0,190,1,62,0,133,0,55,0,23,0,14,0,11,
0,101,255,4,254,4,5,77,4,72,252,31,7,53,242,17,250,76,189,1,60,0,189,1,60,0,133,0,56,0,25,0,15,0,12,
0,35,255,247,255,4,5,77,4,72,252,31,7,208,242,143,249,76,189,1,59,0,190,1,60,0,134,0,57,0,25,0,15,0,12,
0,1,255,178,1,236,4,77,4,72,252,31,7,196,242,135,249,174,187,1,59,0,190,1,60,0,134,0,56,0,24,0,15,0,11,
0,27,255,239,2,231,4,77,4,72,252,31,7,87,243,174,249,66,186,1,57,0,192,1,59,0,134,0,57,0,25,0,16,0,12,
0,27,255,239,2,231,4,77,4,72,252,31,7,87,243,116,249,38,183,1,57,0,193,1,59,0,134,0,56,0,24,0,14,0,11,
0,65,255,103,3,214,4,77,4,72,252,31,7,138,243,116,249,38,183,1,57,0,195,1,57,0,134,0,57,0,25,0,16,0,12,
0,97,255,150,3,236,4,77,4,72,252,31,7,213,242,187,249,43,183,1,57,0,196,1,55,0,134,0,58,0,26,0,16,0,12,
0,125,255,136,3,235,4,77,4,72,252,31,7,94,242,188,249,198,183,1,58,0,196,1,52,0,133,0,57,0,25,0,15,0,12,
0,125,255,136,3,235,4,77,4,72,252,31,7,143,242,34,249,90,184,1,58,0,196,1,48,0,132,0,57,0,25,0,15,0,12,
0,209,255,62,3,196,4,77,4,72,252,31,7,143,242,34,249,147,184,1,57,0,194,1,42,0,131,0,57,0,24,0,16,0,12,
0,15,0,188,2,167,4,232,3,96,252,25,6,73,242,211,247,147,184,1,57,0,193,1,36,0,130,0,57,0,25,0,16,0,12,
0,15,0,188,2,123,4,232,3,96,252,25,6,233,241,64,246,70,185,1,58,0,191,1,28,0,127,0,57,0,26,0,16,0,12,
0,58,0,33,2,123,4,232,3,96,252,25,6,181,241,148,245,174,185,1,59,0,189,1,19,0,124,0,55,0,25,0,15,0,12,
0,120,0,181,1,64,4,232,3,96,252,25,6,249,242,132,244,250,188,1,59,0,185,1,8,0,122,0,55,0,24,0,16,0,12,
0,124,0,73,1,247,3,232,3,96,252,25,6,249,242,132,244,250,188,1,60,0,183,0,253,0,118,0,54,0,25,0,16,0,12,
0,124,0,73,1,148,3,232,3,96,252,25,6,147,243,95,243,227,187,1,60,0,180,0,240,0,115,0,53,0,25,0,16,0,12,
0,86,0,203,0,148,3,232,3,96,252,25,6,246,242,217,242,107,188,1,62,0,178,0,228,0,109,0,51,0,21,0,14,0,12,
0,55,0,114,0,21,3,232,3,96,252,25,6,255,242,243,242,86,189,1,62,0,174,0,216,0,105,0,49,0,24,0,14,0,11,
0,27,0,86,0,148,2,232,3,96,252,25,6,255,242,16,243,185,188,1,62,0,171,0,204,0,100,0,48,0,22,0,15,0,11,
0,27,0,86,0,148,2,232,3,96,252,25,6,236,243,16,243,185,188,1,63,0,169,0,193,0,94,0,45,0,20,0,13,0,11,
0,202,255,75,0,48,2,37,4,33,252,111,7,11,244,18,243,35,188,1,62,0,167,0,182,0,90,0,44,0,22,0,14,0,11,
0,111,255,83,0,10,2,37,4,33,252,111,7,41,243,22,243,80,187,1,62,0,165,0,172,0,85,0,41,0,20,0,14,0,11,
0,6,255,151,0,168,1,37,4,33,252,111,7,176,242,123,243,254,185,1,62,0,163,0,164,0,80,0,40,0,19,0,13,0,11,
0,6,255,151,0,168,1,37,4,33,252,111,7,176,242,123,243,254,185,1,61,0,161,0,156,0,75,0,37,0,20,0,13,0,11,
0,200,254,239,0,69,1,37,4,33,252,111,7,235,241,205,243,187,184,1,62,0,160,0,151,0,71,0,34,0,18,0,12,0,10,
0,142,254,158,1,220,0,37,4,33,252,111,7,247,241,207,243,129,185,1,61,0,158,0,146,0,68,0,33,0,18,0,13,0,11,
0,142,254,158,1,132,0,37,4,33,252,111,7,197,242,229,243,114,183,1,61,0,157,0,144,0,63,0,31,0,17,0,12,0,11,
0,97,254,135,2,132,0,37,4,33,252,111,7,197,242,41,244,32,182,1,61,0,156,0,141,0,61,0,29,0,14,0,11,0,11,
0,60,254,71,3,36,0,37,4,33,252,111,7,17,243,41,244,32,182,1,61,0,155,0,139,0,58,0,28,0,13,0,11,0,10,
0,243,253,243,3,210,255,37,4,33,252,111,7,105,242,143,245,185,181,1,61,0,154,0,138,0,57,0,27,0,14,0,12,0,11,
0,243,253,243,3,169,255,37,4,33,252,111,7,92,243,32,247,147,182,1,61,0,153,0,137,0,55,0,27,0,14,0,12,0,11,
0,145,253,108,4,169,255,167,3,50,252,250,5,237,244,27,248,218,182,1,61,0,152,0,137,0,54,0,25,0,13,0,11,0,11,
0,132,253,193,4,120,255,167,3,50,252,250,5,237,244,27,248,181,181,1,61,0,151,0,137,0,53,0,24,0,13,0,11,0,11,
0,163,253,34,5,102,255,167,3,50,252,250,5,180,244,180,249,181,181,1,60,0,149,0,136,0,52,0,24,0,13,0,11,0,11,
0,163,253,34,5,102,255,167,3,50,252,250,5,24,244,141,250,6,181,1,60,0,148,0,137,0,51,0,23,0,12,0,11,0,10,
0,195,253,116,5,97,255,167,3,50,252,250,5,242,242,208,250,229,179,1,59,0,147,0,136,0,51,0,24,0,13,0,11,0,11,
0,225,253,219,5,60,255,167,3,50,252,250,5,242,242,73,251,248,180,1,58,0,146,0,137,0,51,0,23,0,12,0,11,0,11,
0,229,253,88,6,33,255,167,3,50,252,250,5,34,242,73,251,248,180,1,57,0,145,0,137,0,50,0,23,0,12,0,11,0,10,
0,229,253,88,6,33,255,167,3,50,252,250,5,75,241,58,251,123,179,1,56,0,145,0,138,0,49,0,22,0,11,0,11,0,10,
0,191,253,20,7,206,254,167,3,50,252,250,5,202,240,82,251,185,179,1,55,0,145,0,138,0,50,0,23,0,13,0,11,0,11,
0,110,253,225,7,121,254,167,3,50,252,250,5,34,242,177,251,45,181,1,54,0,145,0,139,0,50,0,23,0,12,0,11,0,11,
0,110,253,225,7,60,254,195,3,81,252,7,7,34,242,177,251,198,181,1,53,0,145,0,140,0,50,0,23,0,12,0,11,0,11,
0,97,253,164,8,60,254,195,3,81,252,7,7,241,243,201,251,198,181,1,52,0,145,0,141,0,49,0,22,0,11,0,11,0,10,
0,148,253,100,9,235,253,195,3,81,252,7,7,3,245,135,251,4,179,1,51,0,146,0,143,0,49,0,17,0,11,0,11,0,11,
0,128,253,209,9,184,253,195,3,81,252,7,7,176,245,84,252,55,178,1,50,0,146,0,145,0,50,0,19,0,12,0,11,0,11,
0,128,253,209,9,184,253,195,3,81,252,7,7,150,245,124,253,90,180,1,49,0,146,0,147,0,51,0,21,0,13,0,11,0,11,
0,119,253,37,10,170,253,195,3,81,252,7,7,150,245,124,253,90,180,1,48,0,147,0,150,0,52,0,22,0,13,0,11,0,11,
0,80,253,94,10,170,253,195,3,81,252,7,7,120,247,137,253,77,183,1,47,0,148,0,154,0,52,0,22,0,12,0,11,0,10,
0,107,253,131,10,158,253,195,3,81,252,7,7,254,247,83,252,62,180,1,46,0,148,0,159,0,54,0,23,0,14,0,11,0,11,
0,107,253,131,10,158,253,195,3,81,252,7,7,27,247,240,251,152,178,1,43,0,149,0,166,0,55,0,23,0,11,0,11,0,10,
0,103,253,179,10,137,253,195,3,81,252,7,7,27,247,241,251,165,181,1,41,0,149,0,169,0,57,0,24,0,12,0,11,0,11,
0,80,253,29,11,128,253,164,3,30,252,7,7,69,246,241,251,165,181,1,40,0,151,0,175,0,59,0,25,0,13,0,11,0,11,
0,75,253,146,11,89,253,164,3,30,252,7,7,40,248,202,251,138,184,1,38,0,152,0,180,0,61,0,25,0,14,0,11,0,10,
0,75,253,146,11,89,253,164,3,30,252,7,7,4,250,16,251,194,182,1,37,0,153,0,184,0,63,0,26,0,15,0,12,0,11,
0,76,253,251,11,54,253,164,3,30,252,7,7,197,250,53,251,249,181,1,37,0,154,0,190,0,65,0,26,0,14,0,11,0,11,
0,61,253,29,12,45,253,164,3,30,252,7,7,197,250,53,251,249,182,1,35,0,155,0,194,0,68,0,28,0,13,0,12,0,11,
0,61,253,29,12,40,253,164,3,30,252,7,7,147,251,191,251,231,182,1,34,0,156,0,199,0,70,0,28,0,13,0,12,0,11,
0,243,252,50,12,40,253,164,3,30,252,7,7,19,253,205,251,58,185,1,33,0,157,0,203,0,72,0,29,0,14,0,12,0,11,
0,196,252,38,12,81,253,164,3,30,252,7,7,188,254,247,251,23,185,1,31,0,158,0,208,0,74,0,30,0,16,0,12,0,11,
0,213,252,218,11,43,253,164,3,30,252,7,7,188,254,137,251,37,185,1,30,0,160,0,213,0,75,0,30,0,16,0,12,0,11,
0,213,252,218,11,43,253,164,3,30,252,7,7,232,255,137,251,37,185,1,28,0,160,0,217,0,78,0,31,0,16,0,12,0,11,
0,213,252,86,11,65,253,85,3,36,252,28,6,92,0,83,251,161,185,1,25,0,161,0,222,0,80,0,32,0,16,0,12,0,11,
0,197,252,170,10,117,253,85,3,36,252,28,6,52,0,200,250,160,186,1,23,0,163,0,226,0,82,0,32,0,14,0,12,0,11,
0,199,252,54,10,163,253,85,3,36,252,28,6,122,0,251,249,153,184,1,22,0,164,0,230,0,84,0,34,0,15,0,12,0,11,
0,199,252,54,10,163,253,85,3,36,252,28,6,122,0,251,249,12,185,1,21,0,167,0,234,0,86,0,33,0,15,0,12,0,11,
0,222,252,238,9,186,253,85,3,36,252,28,6,215,255,14,250,12,185,1,18,0,168,0,237,0,89,0,40,0,17,0,12,0,11,
0,248,252,184,9,0,254,85,3,36,252,28,6,39,253,6,249,153,187,1,17,0,171,0,240,0,90,0,40,0,19,0,12,0,11,
0,254,252,102,9,152,254,85,3,36,252,28,6,71,250,69,250,225,188,1,15,0,175,0,242,0,91,0,39,0,18,0,12,0,11,
0,254,252,102,9,152,254,85,3,36,252,28,6,71,249,184,251,68,185,1,15,0,180,0,245,0,93,0,40,0,18,0,12,0,11,
0,46,253,220,8,217,255,85,3,36,252,28,6,221,249,184,251,68,185,1,13,0,186,0,247,0,95,0,40,0,20,0,13,0,11,
0,103,253,179,8,48,1,85,3,36,252,28,6,186,250,63,252,87,187,1,12,0,191,0,250,0,97,0,41,0,19,0,13,0,11,
0,103,253,179,8,144,1,85,3,36,252,28,7,170,249,18,254,158,187,1,14,0,193,0,251,0,97,0,40,0,19,0,13,0,11,
0,189,253,223,8,144,1,40,3,181,251,170,7,142,249,35,255,72,188,1,14,0,194,0,249,0,98,0,40,0,19,0,13,0,11,
0,68,254,233,8,178,1,40,3,181,251,170,7,142,249,35,255,0,188,1,15,0,195,0,247,0,99,0,41,0,20,0,13,0,11,
0,95,254,245,8,252,1,40,3,181,251,170,7,225,249,243,253,0,188,1,15,0,194,0,245,0,99,0,41,0,19,0,13,0,11,
0,95,254,245,8,252,1,40,3,181,251,170,7,67,250,174,253,205,186,1,15,0,193,0,244,0,99,0,42,0,20,0,13,0,11,
0,140,254,10,9,26,2,40,3,181,251,170,7,228,249,236,254,80,187,1,16,0,193,0,242,0,99,0,42,0,20,0,13,0,11,
0,192,254,41,9,218,1,40,3,181,251,170,7,124,249,141,255,94,188,1,16,0,192,0,241,0,99,0,42,0,19,0,13,0,11,
0,235,254,57,9,146,1,40,3,181,251,170,7,124,249,141,255,94,188,1,16,0,191,0,242,0,99,0,42,0,20,0,13,0,11,
0,235,254,57,9,146,1,40,3,181,251,170,7,54,250,251,254,97,187,1,15,0,189,0,242,0,98,0,41,0,19,0,13,0,11,
0,63,255,99,9,82,1,40,3,181,251,170,7,214,249,132,254,41,185,1,13,0,188,0,243,0,99,0,42,0,19,0,13,0,11,
0,106,255,120,9,11,1,40,3,181,251,170,7,205,250,138,254,97,185,1,11,0,186,0,244,0,99,0,42,0,20,0,13,0,11,
0,104,255,106,9,185,0,189,2,28,252,192,6,205,250,253,254,158,186,1,9,0,184,0,246,0,98,0,42,0,19,0,13,0,11,
0,104,255,106,9,185,0,189,2,28,252,192,6,196,251,253,254,158,186,1,8,0,184,0,247,0,99,0,41,0,18,0,12,0,11,
0,165,255,31,9,93,0,189,2,28,252,192,6,84,252,29,255,55,187,1,4,0,183,0,247,0,100,0,42,0,20,0,13,0,11,
0,208,255,4,9,16,0,189,2,28,252,192,6,197,253,231,254,126,187,1,1,0,182,0,249,0,100,0,42,0,19,0,13,0,11,
0,208,255,4,9,201,255,189,2,28,252,192,6,232,253,82,254,110,185,0,254,0,182,0,250,0,100,0,42,0,19,0,13,0,11,
0,214,255,178,8,201,255,189,2,28,252,192,6,232,253,82,254,110,185,0,250,0,181,0,252,0,101,0,42,0,19,0,13,0,11,
0,216,255,121,8,149,255,189,2,28,252,192,6,226,252,81,254,70,185,0,245,0,181,0,254,0,102,0,43,0,20,0,13,0,11,
0,192,255,78,8,130,255,189,2,28,252,192,6,31,253,219,253,23,188,0,240,0,181,1,2,0,102,0,43,0,17,0,13,0,11,
0,192,255,78,8,130,255,189,2,28,252,192,6,207,253,213,252,220,187,0,234,0,181,1,5,0,104,0,43,0,18,0,13,0,11,
0,135,255,40,8,103,255,189,2,28,252,192,6,207,253,52,252,32,189,0,228,0,181,1,8,0,105,0,44,0,19,0,13,0,12,
0,101,255,240,7,105,255,167,2,249,251,177,6,143,254,52,252,32,189,0,222,0,181,1,12,0,106,0,44,0,19,0,13,0,11,
0,51,255,152,7,61,255,167,2,249,251,177,6,105,254,76,252,155,188,0,216,0,181,1,17,0,107,0,44,0,21,0,13,0,11,
0,51,255,152,7,61,255,167,2,249,251,177,6,82,0,15,252,197,189,0,209,0,181,1,21,0,110,0,46,0,21,0,14,0,12,
0,21,255,43,7,42,255,167,2,249,251,177,6,198,1,31,251,251,187,0,201,0,181,1,26,0,111,0,46,0,21,0,14,0,12,
0,0,255,185,6,49,255,167,2,249,251,177,6,198,1,31,251,35,188,0,195,0,181,1,30,0,113,0,47,0,22,0,14,0,12,
0,47,255,185,6,28,255,167,2,249,251,177,6,68,1,35,251,35,188,0,187,0,181,1,35,0,115,0,47,0,20,0,14,0,12,
0,47,255,46,6,28,255,167,2,249,251,177,6,25,1,74,251,6,189,0,180,0,181,1,38,0,117,0,48,0,20,0,14,0,12,
0,63,255,163,5,52,255,167,2,249,251,177,6,103,1,252,250,21,191,0,173,0,182,1,42,0,118,0,48,0,20,0,14,0,11,
0,31,255,11,5,91,255,167,2,249,251,177,6,184,2,210,249,207,189,0,166,0,182,1,44,0,120,0,50,0,21,0,14,0,12,
0,31,255,11,5,133,255,167,2,249,251,177,6,184,2,210,249,207,189,0,161,0,182,1,45,0,121,0,50,0,21,0,14,0,12,
0,224,254,172,4,133,255,147,2,197,251,246,7,165,2,19,249,106,186,0,155,0,183,1,46,0,123,0,51,0,21,0,14,0,11,
0,249,254,82,4,166,255,147,2,197,251,246,7,68,2,100,249,112,189,0,151,0,183,1,47,0,124,0,52,0,21,0,14,0,11,
0,72,255,251,3,150,255,147,2,197,251,246,7,96,2,111,249,26,189,0,148,0,184,1,47,0,125,0,52,0,23,0,15,0,12,
0,72,255,251,3,150,255,147,2,197,251,246,7,96,2,111,249,217,190,0,145,0,185,1,47,0,126,0,53,0,22,0,14,0,12,
0,56,255,163,3,146,255,147,2,197,251,246,7,82,3,92,249,217,190,0,144,0,187,1,47,0,126,0,53,0,23,0,14,0,12,
0,45,255,56,3,170,255,147,2,197,251,246,7,159,4,75,249,95,189,0,142,0,188,1,47,0,126,0,54,0,23,0,14,0,11,
0,15,255,203,2,181,255,147,2,197,251,246,7,132,4,133,249,177,188,0,141,0,189,1,47,0,127,0,54,0,23,0,14,0,12,
0,15,255,203,2,181,255,147,2,197,251,246,7,103,4,90,249,220,189,0,140,0,191,1,47,0,127,0,54,0,23,0,14,0,11,
0,232,254,69,2,183,255,147,2,197,251,246,7,103,4,90,249,220,189,0,139,0,192,1,46,0,128,0,57,0,24,0,15,0,12,
0,3,255,202,1,211,255,147,2,197,251,246,7,190,3,81,249,26,190,0,138,0,193,1,45,0,128,0,59,0,25,0,15,0,12,
0,65,255,202,1,11,0,147,2,34,252,107,6,130,3,149,249,54,191,0,138,0,195,1,45,0,127,0,58,0,24,0,15,0,12,
0,65,255,105,1,11,0,96,2,34,252,107,6,128,2,61,249,210,190,0,138,0,196,1,44,0,127,0,57,0,24,0,15,0,12,
0,140,255,32,1,1,0,96,2,34,252,107,6,128,2,10,249,64,191,0,138,0,198,1,42,0,127,0,57,0,25,0,16,0,12,
0,168,255,233,0,13,0,96,2,34,252,107,6,253,2,10,249,64,191,0,138,0,200,1,41,0,127,0,57,0,25,0,16,0,12,
0,168,255,233,0,64,0,96,2,34,252,107,6,73,3,255,248,36,191,0,138,0,200,1,39,0,127,0,56,0,25,0,15,0,12,
0,170,255,181,0,64,0,96,2,34,252,107,6,45,3,47,249,35,191,0,138,0,202,1,37,0,126,0,55,0,24,0,15,0,12,
0,214,255,105,0,92,0,96,2,34,252,107,6,119,3,179,249,76,193,0,138,0,203,1,35,0,125,0,55,0,23,0,15,0,12,
0,230,255,6,0,126,0,96,2,34,252,107,6,119,3,179,249,176,192,0,138,0,203,1,32,0,125,0,55,0,25,0,16,0,12,
0,230,255,6,0,126,0,96,2,34,252,107,6,137,4,79,249,176,192,0,139,0,203,1,30,0,124,0,55,0,26,0,15,0,12,
0,247,255,135,255,106,0,96,2,34,252,107,6,83,4,118,249,9,192,0,139,0,204,1,28,0,123,0,55,0,26,0,16,0,12,
0,254,255,245,254,137,0,96,2,34,252,107,6,48,4,211,249,165,192,0,139,0,203,1,26,0,122,0,54,0,25,0,15,0,12,
0,4,0,52,254,174,0,18,2,49,252,85,6,48,4,66,249,74,193,0,139,0,203,1,23,0,121,0,54,0,25,0,15,0,12,
0,4,0,52,254,174,0,18,2,49,252,85,6,147,3,66,249,74,193,0,139,0,203,1,21,0,119,0,52,0,23,0,15,0,11,
0,28,0,160,253,177,0,18,2,49,252,85,6,216,3,73,249,118,194,0,139,0,201,1,17,0,119,0,53,0,24,0,15,0,12,
0,23,0,36,253,181,0,18,2,49,252,85,6,177,3,159,248,168,192,0,140,0,201,1,16,0,118,0,52,0,24,0,15,0,12,
0,13,0,36,253,183,0,18,2,49,252,85,6,0,3,50,248,231,190,0,140,0,200,1,13,0,116,0,51,0,21,0,14,0,11,
0,13,0,204,252,183,0,18,2,49,252,85,6,0,3,50,248,81,191,0,140,0,200,1,11,0,115,0,50,0,21,0,14,0,11,
0,210,255,142,252,237,0,18,2,49,252,85,6,146,2,47,248,81,191,0,140,0,199,1,9,0,115,0,51,0,22,0,14,0,12,
0,137,255,68,252,223,0,18,2,49,252,85,6,145,1,210,248,70,192,0,140,0,199,1,8,0,113,0,50,0,22,0,14,0,11,
0,137,255,68,252,195,0,18,2,49,252,85,6,44,3,154,248,44,194,0,140,0,198,1,6,0,112,0,50,0,22,0,14,0,12,
0,117,255,3,252,195,0,18,2,49,252,85,6,102,4,202,248,167,192,0,141,0,198,1,5,0,111,0,43,0,20,0,14,0,12,
0,94,255,162,251,203,0,120,2,3,252,158,6,102,4,202,248,167,192,0,141,0,198,1,4,0,110,0,44,0,20,0,14,0,11,
0,38,255,70,251,200,0,120,2,3,252,158,6,218,3,165,248,210,190,0,141,0,197,1,2,0,110,0,45,0,21,0,14,0,12,
0,38,255,70,251,200,0,120,2,3,252,158,6,8,3,6,249,113,190,0,141,0,196,1,1,0,110,0,45,0,20,0,14,0,12,
0,21,255,238,250,206,0,120,2,3,252,158,6,107,2,171,249,186,192,0,141,0,196,1,0,0,108,0,46,0,20,0,14,0,12,
0,9,255,135,250,233,0,120,2,3,252,158,6,107,2,171,249,213,191,0,141,0,195,1,0,0,108,0,46,0,20,0,13,0,11,
0,253,254,67,250,5,1,120,2,3,252,158,6,66,2,142,249,213,191,0,141,0,195,0,255,0,107,0,45,0,22,0,13,0,11,
0,253,254,67,250,5,1,120,2,3,252,158,6,26,2,122,249,219,190,0,141,0,195,0,253,0,107,0,46,0,22,0,14,0,12,
0,199,254,57,250,33,1,120,2,3,252,158,6,154,0,159,249,129,189,0,141,0,195,0,252,0,106,0,46,0,21,0,14,0,11,
0,162,254,243,249,20,1,120,2,3,252,158,6,38,0,10,250,139,191,0,141,0,195,0,252,0,106,0,46,0,21,0,14,0,11,
0,162,254,243,249,22,1,120,2,3,252,158,6,38,0,10,250,139,191,0,141,0,195,0,251,0,104,0,45,0,20,0,13,0,11,
0,140,254,190,249,22,1,143,2,225,251,149,6,198,0,12,250,203,191,0,141,0,196,0,250,0,105,0,45,0,21,0,14,0,11,
0,131,254,193,249,45,1,143,2,225,251,149,6,63,0,46,250,189,190,0,141,0,196,0,250,0,104,0,44,0,20,0,13,0,11,
0,170,254,198,249,60,1,143,2,225,251,149,6,13,0,147,250,179,190,0,141,0,196,0,249,0,104,0,45,0,21,0,14,0,11,
0,170,254,198,249,81,1,143,2,225,251,149,6,13,0,77,251,69,190,0,141,0,196,0,248,0,104,0,44,0,20,0,14,0,11,
0,160,254,177,249,81,1,143,2,225,251,149,6,15,255,77,251,69,190,0,142,0,196,0,248,0,103,0,44,0,20,0,13,0,11,
0,170,254,160,249,87,1,143,2,225,251,149,6,0,255,104,251,89,191,0,142,0,196,0,247,0,102,0,44,0,20,0,13,0,11,
0,202,254,157,249,88,1,143,2,225,251,149,6,16,255,85,251,73,191,0,142,0,195,0,246,0,102,0,44,0,21,0,14,0,12,
0,202,254,157,249,88,1,143,2,225,251,149,6,252,253,242,250,107,190,0,142,0,195,0,246,0,102,0,44,0,20,0,13,0,11,
0,196,254,145,249,135,1,143,2,225,251,149,6,252,253,242,250,63,190,0,142,0,195,0,245,0,102,0,43,0,20,0,14,0,12,
0,176,254,118,249,158,1,143,2,225,251,149,6,235,252,97,251,63,190,0,143,0,195,0,246,0,101,0,43,0,20,0,13,0,11,
0,179,254,93,249,186,1,202,2,236,251,76,7,49,252,42,251,225,190,0,144,0,195,0,246,0,101,0,43,0,20,0,13,0,11,
0,179,254,93,249,186,1,202,2,236,251,76,7,226,251,69,251,223,190,0,144,0,195,0,246,0,101,0,47,0,21,0,13,0,11,
0,150,254,92,249,211,1,202,2,236,251,76,7,226,251,50,251,254,190,0,144,0,195,0,246,0,101,0,47,0,21,0,13,0,11,
0,112,254,145,249,202,1,202,2,236,251,76,7,110,252,50,251,254,190,0,144,0,196,0,246,0,101,0,46,0,21,0,13,0,11,
0,112,254,145,249,222,1,202,2,236,251,76,7,127,251,28,251,22,190,0,145,0,196,0,247,0,100,0,44,0,20,0,13,0,11,
0,139,254,183,249,222,1,202,2,236,251,76,7,161,251,252,250,242,189,0,145,0,196,0,247,0,101,0,45,0,21,0,14,0,11,
0,135,254,215,249,243,1,202,2,236,251,76,7,169,250,107,251,197,188,0,146,0,197,0,248,0,100,0,44,0,20,0,13,0,11,
0,190,254,0,250,19,2,202,2,236,251,76,7,169,250,107,251,110,190,0,146,0,197,0,248,0,101,0,44,0,21,0,14,0,12,
0,190,254,0,250,10,2,202,2,236,251,76,7,104,249,63,252,110,190,0,147,0,197,0,248,0,101,0,44,0,20,0,14,0,12,
0,212,254,19,250,10,2,202,2,236,251,76,7,131,250,217,251,137,191,0,148,0,197,0,248,0,101,0,44,0,21,0,14,0,12,
0,206,254,81,250,31,2,202,2,236,251,76,7,68,250,57,251,36,189,0,148,0,197,0,248,0,102,0,43,0,20,0,14,0,11,
0,209,254,101,250,32,2,189,2,11,252,231,5,2,249,27,251,146,188,0,149,0,198,0,249,0,101,0,43,0,19,0,13,0,11,
0,209,254,101,250,32,2,189,2,11,252,231,5,2,249,27,251,146,188,0,150,0,197,0,247,0,101,0,43,0,20,0,13,0,11,
0,210,254,145,250,6,2,189,2,11,252,231,5,198,247,114,251,66,190,0,150,0,197,0,247,0,101,0,43,0,20,0,13,0,11,
0,206,254,205,250,19,2,189,2,11,252,231,5,142,248,103,251,142,191,0,151,0,198,0,247,0,101,0,43,0,20,0,13,0,11,
0,169,254,250,250,15,2,189,2,11,252,231,5,43,249,87,251,118,190,0,151,0,197,0,246,0,101,0,43,0,20,0,14,0,11,
0,169,254,250,250,15,2,189,2,11,252,231,5,43,249,228,250,54,188,0,153,0,197,0,246,0,100,0,42,0,19,0,13,0,11,
0,128,254,20,251,250,1,189,2,11,252,231,5,114,249,228,250,54,188,0,153,0,197,0,244,0,101,0,43,0,20,0,13,0,11,
0,102,254,91,251,233,1,189,2,11,252,231,5,42,248,98,251,144,187,0,154,0,197,0,243,0,100,0,43,0,20,0,14,0,11,
0,102,254,91,251,238,1,189,2,11,252,231,5,56,248,214,251,177,189,0,155,0,197,0,243,0,100,0,43,0,20,0,13,0,11,
0,84,254,167,251,238,1,189,2,11,252,231,5,132,248,176,251,170,190,0,155,0,196,0,241,0,100,0,43,0,20,0,14,0,12,
0,99,254,206,251,253,1,206,2,58,252,115,6,132,248,176,251,170,189,0,156,0,196,0,241,0,99,0,42,0,19,0,13,0,11,
0,139,254,4,252,246,1,206,2,58,252,115,6,120,248,81,251,66,189,0,157,0,196,0,240,0,99,0,42,0,20,0,13,0,11,
0,139,254,4,252,246,1,206,2,58,252,115,6,201,247,164,251,250,187,0,157,0,196,0,239,0,99,0,42,0,18,0,13,0,12,
0,91,254,72,252,246,1,206,2,58,252,115,6,255,246,90,251,227,187,0,158,0,196,0,238,0,98,0,42,0,18,0,13,0,11,
0,30,254,158,252,10,2,206,2,58,252,115,6,255,246,130,251,97,189,0,159,0,196,0,237,0,98,0,42,0,19,0,13,0,11,
0,14,254,206,252,9,2,206,2,58,252,115,6,167,246,130,251,97,189,0,160,0,196,0,236,0,97,0,41,0,18,0,13,0,11,
0,14,254,206,252,9,2,206,2,58,252,115,6,26,247,29,251,107,189,0,160,0,196,0,235,0,97,0,42,0,19,0,13,0,11,
0,32,254,29,253,255,1,206,2,58,252,115,6,90,247,28,251,225,188,0,161,0,196,0,235,0,97,0,41,0,19,0,13,0,11,
0,19,254,101,253,225,1,206,2,58,252,115,6,168,247,253,250,136,188,0,163,0,197,0,235,0,96,0,41,0,18,0,13,0,11,
0,16,254,175,253,220,1,206,2,58,252,115,6,168,247,253,250,6,189,0,163,0,196,0,233,0,96,0,41,0,19,0,13,0,11,
0,16,254,175,253,220,1,2,3,14,252,147,6,226,247,127,251,6,189,0,165,0,197,0,233,0,95,0,40,0,18,0,13,0,11,
0,25,254,230,253,202,1,2,3,14,252,147,6,208,247,63,251,187,188,0,166,0,197,0,232,0,95,0,41,0,18,0,13,0,11,
0,32,254,14,254,229,1,2,3,14,252,147,6,165,246,147,251,123,188,0,167,0,197,0,232,0,95,0,41,0,19,0,13,0,11,
0,32,254,14,254,243,1,2,3,14,252,147,6,165,246,27,252,47,190,0,168,0,197,0,231,0,94,0,40,0,18,0,13,0,11,
0,30,254,66,254,243,1,2,3,14,252,147,6,132,246,27,252,47,190,0,169,0,197,0,230,0,94,0,40,0,18,0,12,0,11,
0,28,254,132,254,238,1,2,3,14,252,147,6,219,247,136,251,62,190,0,169,0,197,0,229,0,94,0,40,0,18,0,13,0,11,
0,43,254,223,254,238,1,2,3,14,252,147,6,120,247,41,251,81,187,0,170,0,197,0,229,0,94,0,40,0,18,0,13,0,11,
0,43,254,223,254,238,1,2,3,14,252,147,6,159,246,130,251,253,187,0,171,0,197,0,228,0,93,0,40,0,18,0,13,0,11,
0,49,254,29,255,246,1,2,3,14,252,147,6,159,246,130,251,101,190,0,172,0,197,0,228,0,93,0,39,0,17,0,13,0,11,
0,65,254,104,255,221,1,2,3,14,252,147,6,60,246,34,252,101,190,0,173,0,197,0,227,0,93,0,40,0,18,0,13,0,11,
0,54,254,199,255,249,1,214,2,64,252,54,6,125,248,63,251,59,190,0,174,0,198,0,227,0,92,0,40,0,17,0,12,0,11,
0,54,254,199,255,249,1,214,2,64,252,54,6,86,248,146,251,197,188,0,174,0,197,0,227,0,92,0,40,0,18,0,13,0,11,
0,42,254,20,0,221,1,214,2,64,252,54,6,213,247,3,252,94,188,0,175,0,197,0,227,0,92,0,40,0,18,0,13,0,11,
0,76,254,88,0,223,1,214,2,64,252,54,6,213,247,3,252,94,188,0,175,0,197,0,227,0,92,0,40,0,18,0,13,0,11,
0,86,254,115,0,3,2,214,2,64,252,54,6,165,247,123,252,174,189,0,175,0,198,0,228,0,92,0,40,0,18,0,13,0,11,
0,86,254,115,0,3,2,214,2,64,252,54,6,148,248,140,252,252,190,0,176,0,198,0,229,0,92,0,38,0,17,0,12,0,11,
0,104,254,98,0,18,2,214,2,64,252,54,6,86,249,33,252,51,188,0,176,0,198,0,229,0,92,0,39,0,18,0,13,0,11,
0,105,254,148,0,20,2,214,2,64,252,54,6,86,249,132,252,19,187,0,177,0,198,0,230,0,92,0,39,0,18,0,13,0,11,
0,105,254,148,0,1,2,214,2,64,252,54,6,214,247,132,252,19,187,0,177,0,199,0,232,0,92,0,38,0,17,0,12,0,11,
0,126,254,220,0,1,2,214,2,64,252,54,6,92,247,47,253,178,190,0,177,0,199,0,232,0,93,0,40,0,18,0,13,0,11,
0,138,254,22,1,229,1,214,2,64,252,54,6,216,248,83,252,210,190,0,177,0,200,0,233,0,92,0,39,0,17,0,12,0,11,
0,160,254,102,1,209,1,233,2,238,251,88,7,90,249,59,252,109,189,0,177,0,200,0,234,0,93,0,39,0,18,0,13,0,11,
0,160,254,102,1,209,1,233,2,238,251,88,7,90,249,59,252,38,187,0,177,0,200,0,235,0,94,0,39,0,18,0,13,0,11,
0,161,254,176,1,183,1,233,2,238,251,88,7,19,249,6,252,38,187,0,177,0,201,0,236,0,94,0,39,0,17,0,12,0,11,
0,163,254,231,1,179,1,233,2,238,251,88,7,105,248,171,252,89,189,0,177,0,201,0,237,0,95,0,40,0,18,0,13,0,11,
0,177,254,1,2,191,1,233,2,238,251,88,7,149,249,47,253,192,190,0,177,0,201,0,238,0,94,0,40,0,17,0,12,0,11,
0,177,254,1,2,191,1,233,2,238,251,88,7,149,249,175,252,133,190,0,177,0,201,0,239,0,95,0,40,0,18,0,13,0,11,
0,196,254,6,2,195,1,233,2,238,251,88,7,189,250,175,252,133,190,0,177,0,201,0,239,0,96,0,40,0,18,0,13,0,11,
0,224,254,16,2,203,1,233,2,238,251,88,7,230,250,168,252,70,189,0,177,0,201,0,240,0,96,0,40,0,20,0,13,0,11,
0,8,255,43,2,193,1,233,2,238,251,88,7,108,250,98,252,231,187,0,177,0,201,0,242,0,96,0,40,0,19,0,13,0,11,
0,8,255,43,2,193,1,233,2,238,251,88,7,74,250,244,252,134,190,0,177,0,201,0,242,0,97,0,41,0,20,0,14,0,12,
0,223,254,99,2,190,1,229,2,216,251,39,6,74,250,244,252,146,190,0,177,0,201,0,243,0,98,0,41,0,20,0,13,0,11,
0,219,254,97,2,181,1,229,2,216,251,39,6,161,250,201,252,146,190,0,177,0,201,0,244,0,98,0,41,0,20,0,13,0,11,
0,219,254,97,2,178,1,229,2,216,251,39,6,238,250,133,252,87,190,0,177,0,202,0,245,0,98,0,41,0,19,0,13,0,11,
0,223,254,113,2,178,1,229,2,216,251,39,6,43,251,162,252,183,190,0,177,0,201,0,246,0,99,0,41,0,19,0,13,0,11,
0,13,255,162,2,164,1,229,2,216,251,39,6,86,251,193,252,230,190,0,177,0,201,0,246,0,99,0,42,0,20,0,13,0,11,
0,229,254,198,2,150,1,229,2,216,251,39,6,86,251,193,252,230,190,0,177,0,201,0,247,0,100,0,42,0,19,0,13,0,11,
0,229,254,198,2,150,1,229,2,216,251,39,6,87,252,104,252,10,190,0,177,0,202,0,248,0,100,0,37,0,19,0,14,0,12,
0,243,254,182,2,164,1,229,2,216,251,39,6,84,252,145,252,30,189,0,177,0,202,0,249,0,100,0,38,0,18,0,13,0,11,
0,250,254,174,2,174,1,229,2,216,251,39,6,149,251,68,253,78,191,0,177,0,202,0,251,0,100,0,39,0,18,0,13,0,11,
0,247,254,157,2,177,1,229,2,216,251,39,6,149,251,68,252,70,193,0,177,0,202,0,251,0,101,0,40,0,19,0,13,0,12,
0,247,254,157,2,177,1,217,2,28,252,199,6,43,253,251,252,70,193,0,178,0,202,0,251,0,102,0,41,0,19,0,13,0,11,
0,240,254,100,2,171,1,217,2,28,252,199,6,19,254,168,252,195,190,0,178,0,202,0,252,0,102,0,41,0,19,0,13,0,11,
0,29,255,65,2,153,1,217,2,28,252,199,6,71,253,101,252,213,188,0,179,0,203,0,253,0,102,0,41,0,19,0,13,0,11,
0,45,255,72,2,156,1,217,2,28,252,199,6,154,252,199,252,145,190,0,179,0,204,0,253,0,103,0,42,0,20,0,13,0,11,
0,45,255,72,2,156,1,217,2,28,252,199,6,154,252,199,252,145,190,0,179,0,204,0,254,0,103,0,42,0,19,0,13,0,11,
0,75,255,32,2,173,1,217,2,28,252,199,6,253,252,17,253,203,192,0,179,0,204,0,254,0,104,0,43,0,20,0,14,0,12,
0,56,255,25,2,173,1,217,2,28,252,199,6,253,253,225,252,109,192,0,180,0,204,0,254,0,104,0,43,0,20,0,14,0,11,
0,56,255,25,2,131,1,217,2,28,252,199,6,251,254,251,251,132,189,0,181,0,205,0,254,0,104,0,43,0,20,0,13,0,11,
0,45,255,13,2,131,1,217,2,28,252,199,6,251,254,96,252,213,189,0,182,0,205,0,254,0,104,0,44,0,20,0,14,0,12,
0,13,255,20,2,115,1,217,2,28,252,199,6,20,254,96,252,213,189,0,183,0,206,0,255,0,104,0,43,0,19,0,13,0,11,
0,42,255,2,2,126,1,250,2,189,251,65,7,87,254,21,253,178,191,0,183,0,205,0,254,0,104,0,44,0,20,0,14,0,11,
0,42,255,2,2,126,1,250,2,189,251,65,7,246,254,142,252,75,192,0,185,0,205,0,254,0,104,0,44,0,21,0,14,0,12,
0,73,255,219,1,123,1,250,2,189,251,65,7,126,255,163,252,78,192,0,186,0,205,0,253,0,104,0,44,0,21,0,14,0,12,
0,130,255,205,1,149,1,250,2,189,251,65,7,126,255,163,252,200,190,0,187,0,205,0,253,0,104,0,45,0,21,0,14,0,12,
0,113,255,152,1,160,1,250,2,189,251,65,7,19,255,197,252,200,190,0,188,0,205,0,253,0,104,0,44,0,20,0,13,0,11,
0,113,255,152,1,160,1,250,2,189,251,65,7,210,254,252,252,37,192,0,189,0,205,0,253,0,104,0,44,0,20,0,13,0,11,
0,119,255,85,1,147,1,250,2,189,251,65,7,58,255,85,252,21,192,0,191,0,205,0,252,0,104,0,44,0,20,0,14,0,11,
0,90,255,70,1,163,1,250,2,189,251,65,7,58,255,211,251,30,190,0,192,0,205,0,252,0,104,0,44,0,20,0,13,0,11,
0,87,255,70,1,176,1,250,2,189,251,65,7,69,255,211,251,30,190,0,193,0,205,0,251,0,104,0,48,0,21,0,13,0,11,
0,87,255,66,1,176,1,250,2,189,251,65,7,227,254,9,252,107,190,0,195,0,205,0,251,0,104,0,47,0,20,0,13,0,11,
0,97,255,47,1,173,1,250,2,189,251,65,7,58,254,187,252,40,192,0,196,0,205,0,250,0,104,0,47,0,21,0,14,0,11,
0,116,255,240,0,194,1,9,3,235,251,250,6,75,255,90,252,111,193,0,197,0,205,0,250,0,104,0,46,0,21,0,14,0,11,
0,116,255,240,0,228,1,9,3,235,251,250,6,75,255,90,252,168,191,0,198,0,205,0,249,0,103,0,46,0,21,0,14,0,11,
0,98,255,197,0,228,1,9,3,235,251,250,6,44,0,219,251,168,191,0,199,0,205,0,249,0,103,0,45,0,21,0,14,0,11,
0,74,255,165,0,8,2,9,3,235,251,250,6,190,255,216,251,1,190,0,200,0,206,0,250,0,102,0,44,0,20,0,13,0,11,
0,78,255,107,0,43,2,9,3,235,251,250,6,16,255,208,251,112,190,0,200,0,205,0,249,0,103,0,44,0,21,0,14,0,11,
0,78,255,107,0,43,2,9,3,235,251,250,6,227,254,48,252,127,191,0,201,0,205,0,248,0,102,0,44,0,21,0,14,0,11,
0,67,255,49,0,66,2,9,3,235,251,250,6,227,254,48,252,127,191,0,203,0,206,0,248,0,102,0,44,0,20,0,13,0,11,
0,84,255,246,255,49,2,9,3,235,251,250,6,206,254,244,251,192,191,0,203,0,206,0,247,0,102,0,44,0,21,0,14,0,12,
0,82,255,10,0,31,2,9,3,235,251,250,6,162,254,123,251,190,191,0,204,0,206,0,248,0,102,0,43,0,20,0,13,0,11,
0,82,255,10,0,31,2,9,3,235,251,250,6,64,255,140,251,43,192,0,204,0,206,0,247,0,102,0,44,0,20,0,14,0,11,
0,81,255,9,0,51,2,155,2,230,251,210,6,64,255,133,251,201,191,0,205,0,206,0,246,0,102,0,44,0,21,0,14,0,12,
0,66,255,237,255,62,2,155,2,230,251,210,6,209,254,133,251,201,191,0,206,0,206,0,246,0,101,0,43,0,20,0,13,0,11,
0,41,255,237,255,80,2,155,2,230,251,210,6,209,254,238,250,252,189,0,207,0,207,0,245,0,101,0,44,0,21,0,14,0,11,
0,41,255,192,255,80,2,155,2,230,251,210,6,180,254,35,251,45,191,0,208,0,206,0,245,0,100,0,43,0,19,0,13,0,11,
0,70,255,160,255,82,2,155,2,230,251,210,6,89,254,117,251,30,191,0,208,0,205,0,244,0,101,0,43,0,20,0,14,0,12,
0,47,255,157,255,84,2,155,2,230,251,210,6,89,254,117,251,30,191,0,209,0,205,0,244,0,100,0,43,0,20,0,14,0,11,
0,47,255,157,255,84,2,155,2,230,251,210,6,193,254,107,251,113,193,0,210,0,206,0,245,0,100,0,43,0,19,0,13,0,11,
0,20,255,137,255,84,2,155,2,230,251,210,6,84,255,39,251,133,191,0,211,0,206,0,244,0,100,0,43,0,20,0,14,0,11,
0,24,255,60,255,91,2,155,2,230,251,210,6,46,254,215,250,150,188,0,212,0,206,0,244,0,99,0,42,0,19,0,13,0,11,
0,26,255,26,255,110,2,155,2,230,251,210,6,46,254,156,251,141,190,0,213,0,205,0,243,0,100,0,43,0,20,0,14,0,11,
0,26,255,26,255,110,2,237,2,5,252,63,6,213,252,156,251,141,190,0,214,0,206,0,243,0,100,0,43,0,20,0,13,0,11,
0,71,255,15,255,120,2,237,2,5,252,63,6,63,253,179,251,196,192,0,216,0,206,0,243,0,99,0,42,0,19,0,13,0,11,
0,84,255,16,255,114,2,237,2,5,252,63,6,164,253,37,251,67,192,0,217,0,205,0,242,0,100,0,42,0,20,0,13,0,11,
0,51,255,36,255,119,2,237,2,5,252,63,6,190,253,137,250,107,189,0,217,0,205,0,243,0,99,0,42,0,19,0,13,0,11,
0,51,255,36,255,119,2,237,2,5,252,63,6,190,253,137,250,101,189,0,218,0,205,0,243,0,99,0,42,0,20,0,13,0,11,
0,50,255,19,255,106,2,237,2,5,252,63,6,24,253,211,250,101,189,0,219,0,206,0,244,0,100,0,43,0,20,0,14,0,12,
0,90,255,241,254,103,2,237,2,5,252,63,6,156,252,52,251,100,190,0,221,0,207,0,244,0,99,0,42,0,20,0,13,0,11,
0,103,255,241,254,114,2,237,2,5,252,63,6,127,253,138,251,21,193,0,222,0,207,0,243,0,100,0,43,0,20,0,14,0,12,
0,103,255,210,254,114,2,237,2,5,252,63,6,127,253,210,250,89,189,0,223,0,206,0,243,0,99,0,42,0,19,0,13,0,11,
0,101,255,223,254,103,2,237,2,5,252,63,6,255,253,210,250,89,189,0,224,0,206,0,242,0,99,0,42,0,20,0,13,0,11,
0,73,255,219,254,116,2,222,2,218,251,73,6,153,252,245,250,81,188,0,226,0,206,0,242,0,99,0,42,0,20,0,14,0,12,
0,73,255,219,254,126,2,222,2,218,251,73,6,64,252,27,251,196,191,0,227,0,207,0,243,0,99,0,42,0,20,0,13,0,11,
0,58,255,179,254,126,2,222,2,218,251,73,6,67,252,181,250,91,191,0,227,0,206,0,243,0,99,0,42,0,20,0,13,0,12,
0,82,255,170,254,128,2,222,2,218,251,73,6,67,252,181,250,177,190,0,228,0,207,0,244,0,99,0,42,0,19,0,13,0,11,
0,99,255,204,254,136,2,222,2,218,251,73,6,191,252,123,250,177,190,0,228,0,206,0,242,0,99,0,43,0,20,0,14,0,11,
0,99,255,204,254,136,2,222,2,218,251,73,6,59,252,105,250,125,189,0,229,0,207,0,242,0,99,0,42,0,20,0,14,0,12,
0,112,255,235,254,98,2,222,2,218,251,73,6,138,251,196,250,94,190,0,231,0,207,0,241,0,98,0,42,0,19,0,13,0,11,
0,110,255,9,255,101,2,222,2,218,251,73,6,174,251,157,250,242,190,0,231,0,206,0,239,0,99,0,42,0,18,0,13,0,11,
0,107,255,15,255,114,2,222,2,218,251,73,6,174,251,157,250,242,190,0,232,0,206,0,240,0,98,0,41,0,19,0,13,0,11,
0,107,255,15,255,114,2,222,2,218,251,73,6,61,252,202,250,115,192,0,232,0,207,0,241,0,98,0,41,0,20,0,13,0,11,
0,127,255,253,254,103,2,222,2,218,251,118,7,229,252,137,250,33,189,0,233,0,206,0,242,0,99,0,42,0,20,0,13,0,11,
0,109,255,237,254,90,2,208,2,151,251,118,7,180,251,188,250,76,191,0,233,0,207,0,243,0,98,0,41,0,19,0,13,0,11,
0,109,255,237,254,103,2,208,2,151,251,118,7,180,251,177,250,62,191,0,233,0,207,0,242,0,98,0,41,0,19,0,13,0,11,
0,112,255,235,254,103,2,208,2,151,251,118,7,213,251,177,250,62,191,0,233,0,207,0,241,0,99,0,42,0,20,0,14,0,12,
0,128,255,252,254,102,2,208,2,151,251,118,7,56,252,250,250,61,191,0,234,0,207,0,240,0,98,0,42,0,20,0,13,0,11,
0,153,255,250,254,85,2,208,2,151,251,118,7,139,251,235,250,136,190,0,235,0,206,0,239,0,98,0,42,0,18,0,13,0,12,
0,153,255,250,254,80,2,208,2,151,251,118,7,96,251,205,250,144,191,0,236,0,206,0,240,0,98,0,41,0,20,0,13,0,11,
0,166,255,35,255,80,2,208,2,151,251,118,7,96,251,205,250,144,190,0,235,0,206,0,241,0,98,0,42,0,20,0,14,0,12,
0,144,255,49,255,81,2,208,2,151,251,118,7,74,252,109,250,204,190,0,236,0,207,0,242,0,98,0,41,0,19,0,13,0,11,
0,133,255,70,255,56,2,208,2,151,251,118,7,24,251,129,250,135,189,0,235,0,206,0,242,0,99,0,42,0,20,0,14,0,12,
0,133,255,70,255,56,2,208,2,151,251,118,7,255,250,232,250,131,190,0,236,0,207,0,243,0,99,0,42,0,20,0,14,0,12,
0,145,255,100,255,46,2,231,2,3,252,83,6,255,250,104,251,211,191,0,237,0,207,0,242,0,99,0,42,0,19,0,13,0,11,
0,143,255,110,255,16,2,231,2,3,252,83,6,9,251,104,251,211,191,0,237,0,207,0,241,0,99,0,42,0,20,0,14,0,12,
0,146,255,113,255,230,1,231,2,3,252,83,6,255,251,26,251,92,192,0,238,0,207,0,242,0,98,0,41,0,19,0,13,0,11,
0,146,255,113,255,230,1,231,2,3,252,83,6,107,252,188,250,152,189,0,238,0,207,0,241,0,98,0,42,0,19,0,13,0,11,
0,146,255,113,255,245,1,231,2,3,252,83,6,149,251,231,250,19,189,0,239,0,206,0,241,0,99,0,42,0,20,0,13,0,11,
0,127,255,137,255,242,1,231,2,3,252,83,6,149,251,231,250,104,190,0,239,0,206,0,242,0,98,0,41,0,19,0,13,0,11,
0,127,255,137,255,2,2,231,2,3,252,83,6,159,250,179,251,104,190,0,239,0,206,0,243,0,99,0,42,0,20,0,13,0,11,
0,131,255,166,255,2,2,231,2,3,252,83,6,142,251,141,251,89,193,0,239,0,207,0,244,0,98,0,41,0,19,0,13,0,11,
0,125,255,172,255,255,1,231,2,3,252,83,6,184,252,171,250,214,190,0,239,0,206,0,243,0,99,0,42,0,20,0,13,0,11,
0,152,255,195,255,219,1,231,2,3,252,83,6,163,251,230,250,117,188,0,239,0,206,0,243,0,99,0,42,0,20,0,13,0,11,
0,152,255,195,255,208,1,184,2,245,251,44,6,163,251,230,250,117,188,0,239,0,206,0,242,0,98,0,41,0,19,0,13,0,11,
0,161,255,210,255,208,1,184,2,245,251,44,6,102,251,60,251,89,191,0,239,0,205,0,241,0,99,0,41,0,20,0,13,0,11,
0,180,255,231,255,181,1,184,2,245,251,44,6,170,251,151,251,22,191,0,239,0,205,0,242,0,98,0,41,0,19,0,13,0,11,
0,163,255,18,0,153,1,184,2,245,251,44,6,18,252,166,251,139,191,0,239,0,205,0,243,0,99,0,36,0,19,0,14,0,12,
0,163,255,18,0,153,1,184,2,245,251,44,6,18,252,166,251,67,190,0,239,0,205,0,243,0,99,0,38,0,19,0,14,0,12,
0,187,255,45,0,179,1,184,2,245,251,44,6,141,252,97,251,67,190,0,239,0,205,0,243,0,99,0,38,0,18,0,13,0,11,
0,145,255,66,0,202,1,184,2,245,251,44,6,27,252,65,251,77,190,0,239,0,205,0,244,0,99,0,40,0,19,0,13,0,12,
0,174,255,72,0,195,1,184,2,245,251,44,6,30,252,86,251,40,190,0,239,0,206,0,244,0,99,0,40,0,18,0,13,0,11,
0,174,255,72,0,195,1,184,2,245,251,44,6,97,251,139,251,218,190,0,238,0,205,0,243,0,99,0,41,0,19,0,13,0,11,
0,179,255,52,0,176,1,184,2,245,251,44,6,97,251,139,251,218,190,0,238,0,206,0,244,0,99,0,41,0,19,0,13,0,11,
0,140,255,62,0,179,1,206,2,181,251,128,7,53,252,31,251,66,191,0,238,0,205,0,243,0,99,0,41,0,19,0,13,0,11,
0,140,255,62,0,174,1,206,2,181,251,128,7,44,252,222,250,59,191,0,236,0,205,0,243,0,100,0,42,0,20,0,14,0,12,
0,132,255,86,0,174,1,206,2,181,251,128,7,176,252,250,250,201,189,0,237,0,206,0,244,0,99,0,41,0,19,0,13,0,11,
0,131,255,123,0,196,1,206,2,181,251,128,7,176,252,238,250,36,190,0,235,0,206,0,244,0,100,0,42,0,20,0,14,0,12,
0,153,255,141,0,189,1,206,2,181,251,128,7,197,251,238,250,36,190,0,235,0,206,0,243,0,99,0,42,0,20,0,13,0,11,
0,153,255,141,0,189,1,206,2,181,251,128,7,123,252,235,250,204,191,0,234,0,206,0,243,0,99,0,42,0,20,0,13,0,11,
0,153,255,162,0,160,1,206,2,181,251,128,7,184,252,194,250,82,190,0,234,0,206,0,243,0,99,0,42,0,20,0,14,0,12,
0,116,255,163,0,166,1,206,2,181,251,128,7,142,252,190,250,168,189,0,234,0,206,0,244,0,99,0,41,0,19,0,13,0,11,
0,125,255,156,0,155,1,206,2,181,251,128,7,142,252,190,250,131,191,0,233,0,206,0,243,0,99,0,42,0,20,0,13,0,11,
0,125,255,156,0,155,1,206,2,181,251,128,7,44,252,241,250,131,191,0,232,0,206,0,243,0,99,0,42,0,19,0,13,0,11,
0,123,255,153,0,154,1,227,2,214,251,75,6,200,252,220,250,122,191,0,232,0,205,0,242,0,99,0,42,0,19,0,13,0,11,
0,136,255,137,0,139,1,227,2,214,251,75,6,209,252,235,250,236,190,0,232,0,205,0,241,0,99,0,42,0,20,0,13,0,11,
0,114,255,149,0,130,1,227,2,214,251,75,6,209,252,111,250,179,189,0,232,0,205,0,241,0,98,0,41,0,19,0,13,0,11,
0,114,255,149,0,130,1,227,2,214,251,75,6,215,252,111,250,179,189,0,230,0,204,0,241,0,99,0,42,0,20,0,13,0,11,
0,98,255,155,0,129,1,227,2,214,251,75,6,155,252,120,250,88,190,0,229,0,204,0,242,0,99,0,42,0,19,0,14,0,11,
0,96,255,166,0,113,1,227,2,214,251,75,6,81,252,117,250,171,189,0,228,0,205,0,243,0,99,0,46,0,20,0,13,0,11,
0,96,255,166,0,108,1,227,2,214,251,75,6,62,252,222,250,97,191,0,227,0,205,0,242,0,99,0,45,0,21,0,13,0,11,
0,88,255,156,0,108,1,227,2,214,251,75,6,62,252,222,250,180,192,0,227,0,205,0,242,0,99,0,44,0,20,0,13,0,11,
0,91,255,159,0,119,1,227,2,214,251,75,6,229,252,151,250,180,192,0,226,0,204,0,241,0,99,0,44,0,21,0,14,0,12,
0,103,255,171,0,129,1,227,2,214,251,75,6,254,253,63,250,62,190,0,225,0,204,0,239,0,99,0,44,0,19,0,13,0,11,
0,103,255,171,0,129,1,227,2,214,251,75,6,246,252,100,250,57,188,0,226,0,203,0,239,0,98,0,43,0,18,0,13,0,11,
0,99,255,144,0,127,1,145,2,251,251,218,6,26,252,222,250,181,190,0,224,0,203,0,239,0,98,0,43,0,19,0,13,0,11,
0,119,255,159,0,120,1,145,2,251,251,218,6,26,252,222,250,181,190,0,224,0,203,0,240,0,98,0,42,0,20,0,13,0,11,
0,100,255,200,0,147,1,145,2,251,251,218,6,154,252,186,250,252,192,0,222,0,203,0,241,0,98,0,42,0,20,0,13,0,11,
0,100,255,200,0,147,1,145,2,251,251,218,6,214,253,63,250,177,190,0,222,0,203,0,241,0,98,0,42,0,20,0,14,0,11,
0,77,255,202,0,128,1,145,2,251,251,218,6,253,252,74,250,87,188,0,222,0,203,0,239,0,97,0,41,0,17,0,12,0,11,
0,83,255,192,0,66,1,145,2,251,251,218,6,253,252,74,250,175,190,0,221,0,202,0,238,0,98,0,42,0,18,0,13,0,11,
0,88,255,203,0,79,1,145,2,251,251,218,6,245,251,240,250,175,190,0,222,0,202,0,238,0,97,0,41,0,17,0,12,0,11,
0,88,255,203,0,79,1,145,2,251,251,218,6,194,252,208,250,164,192,0,220,0,201,0,238,0,97,0,41,0,18,0,13,0,11,
0,79,255,180,0,93,1,145,2,251,251,218,6,63,254,115,250,215,190,0,219,0,201,0,238,0,97,0,41,0,19,0,13,0,11,
0,57,255,210,0,69,1,145,2,251,251,218,6,88,253,125,250,50,188,0,219,0,201,0,239,0,97,0,41,0,18,0,12,0,11,
0,57,255,210,0,93,1,255,2,249,251,53,6,88,253,125,250,50,188,0,218,0,201,0,238,0,97,0,41,0,18,0,13,0,11,
0,93,255,219,0,93,1,255,2,249,251,53,6,13,253,177,250,118,190,0,217,0,200,0,236,0,97,0,41,0,19,0,13,0,11,
0,78,255,198,0,73,1,255,2,249,251,53,6,207,252,127,251,63,191,0,217,0,199,0,235,0,96,0,41,0,18,0,12,0,11,
0,55,255,204,0,76,1,255,2,249,251,53,6,83,253,61,251,219,191,0,217,0,199,0,236,0,96,0,41,0,19,0,13,0,11,
0,55,255,204,0,76,1,255,2,249,251,53,6,83,253,197,250,160,190,0,217,0,199,0,236,0,96,0,41,0,18,0,13,0,11,
0,86,255,199,0,37,1,255,2,249,251,53,6,205,253,197,250,160,190,0,217,0,199,0,236,0,96,0,41,0,18,0,13,0,11,
0,63,255,185,0,75,1,255,2,249,251,53,6,53,253,223,250,57,189,0,216,0,198,0,235,0,96,0,41,0,19,0,13,0,12,
0,45,255,178,0,47,1,255,2,249,251,53,6,130,252,79,251,93,190,0,216,0,198,0,235,0,96,0,41,0,18,0,13,0,11,
0,45,255,178,0,47,1,255,2,249,251,53,6,211,252,67,251,47,192,0,216,0,197,0,235,0,96,0,41,0,19,0,13,0,11,
0,68,255,168,0,20,1,255,2,249,251,53,6,211,252,67,251,205,190,0,216,0,197,0,235,0,95,0,41,0,18,0,13,0,11,
0,88,255,158,0,16,1,199,2,40,252,206,5,51,254,63,251,205,190,0,215,0,196,0,235,0,96,0,41,0,19,0,13,0,11,
0,95,255,166,0,9,1,199,2,40,252,206,5,241,252,98,251,160,190,0,216,0,197,0,235,0,95,0,40,0,18,0,13,0,11,
0,95,255,166,0,9,1,199,2,40,252,206,5,108,253,231,251,75,191,0,215,0,196,0,234,0,95,0,40,0,18,0,13,0,11,
0,99,255,178,0,24,1,199,2,40,252,206,5,108,253,139,251,129,190,0,215,0,196,0,234,0,95,0,40,0,18,0,13,0,11,
0,59,255,159,0,17,1,199,2,40,252,206,5,58,254,139,251,129,190,0,216,0,196,0,234,0,95,0,40,0,18,0,13,0,11,
0,59,255,159,0,5,1,199,2,40,252,206,5,223,253,178,251,193,188,0,216,0,196,0,234,0,95,0,40,0,19,0,13,0,11,
0,37,255,123,0,5,1,199,2,40,252,206,5,104,253,42,252,208,190,0,216,0,196,0,234,0,95,0,40,0,17,0,12,0,11,
0,23,255,126,0,18,1,199,2,40,252,206,5,17,254,93,252,52,192,0,216,0,196,0,234,0,95,0,40,0,18,0,13,0,11,
0,41,255,106,0,27,1,199,2,40,252,206,5,17,254,93,252,89,190,0,216,0,196,0,234,0,95,0,40,0,18,0,13,0,11,
0,41,255,106,0,27,1,199,2,40,252,206,5,217,254,9,252,89,190,0,217,0,196,0,235,0,95,0,40,0,17,0,12,0,11,
0,101,255,90,0,27,1,222,2,180,251,241,6,27,254,31,252,28,189,0,217,0,195,0,234,0,95,0,40,0,18,0,13,0,11,
0,60,255,75,0,32,1,222,2,180,251,241,6,115,253,47,252,141,190,0,218,0,195,0,234,0,94,0,40,0,17,0,12,0,11,
0,19,255,50,0,33,1,222,2,180,251,241,6,105,253,216,252,139,192,0,217,0,194,0,234,0,95,0,40,0,18,0,13,0,11,
0,19,255,50,0,33,1,222,2,180,251,241,6,105,253,216,252,139,192,0,218,0,194,0,233,0,95,0,40,0,19,0,13,0,12,
0,34,255,49,0,20,1,222,2,180,251,241,6,223,254,107,252,230,191,0,218,0,194,0,234,0,95,0,40,0,19,0,13,0,11,
0,74,255,20,0,232,0,222,2,180,251,241,6,116,255,247,251,82,190,0,218,0,194,0,233,0,95,0,40,0,18,0,13,0,12,
0,26,255,31,0,204,0,222,2,180,251,241,6,91,254,71,252,111,189,0,219,0,194,0,233,0,95,0,40,0,17,0,13,0,11,
0,26,255,31,0,204,0,222,2,180,251,241,6,91,254,55,253,152,191,0,219,0,193,0,233,0,95,0,40,0,18,0,13,0,11,
0,18,255,38,0,233,0,222,2,180,251,241,6,107,253,55,253,152,191,0,220,0,193,0,233,0,95,0,40,0,18,0,13,0,12,
0,30,255,43,0,252,0,222,2,180,251,241,6,31,255,218,252,71,192,0,220,0,193,0,234,0,94,0,40,0,18,0,13,0,11,
0,30,255,43,0,244,0,222,2,180,251,241,6,49,255,90,252,99,189,0,220,0,193,0,234,0,95,0,40,0,17,0,13,0,11,
0,34,255,57,0,244,0,236,2,190,251,240,6,146,254,133,252,172,189,0,220,0,193,0,234,0,95,0,40,0,18,0,13,0,11,
0,74,255,52,0,244,0,236,2,190,251,240,6,146,254,133,252,172,191,0,221,0,192,0,233,0,95,0,40,0,18,0,13,0,11,
0,76,255,36,0,243,0,236,2,190,251,240,6,51,253,56,253,174,191,0,221,0,192,0,232,0,95,0,40,0,18,0,13,0,11,
0,76,255,36,0,243,0,236,2,190,251,240,6,56,255,185,252,84,192,0,222,0,192,0,233,0,94,0,40,0,18,0,12,0,11,
0,52,255,247,255,213,0,236,2,190,251,240,6,85,255,58,252,97,189,0,221,0,191,0,233,0,94,0,40,0,18,0,13,0,11,
0,34,255,240,255,195,0,236,2,190,251,240,6,85,255,105,252,42,189,0,221,0,191,0,234,0,94,0,40,0,17,0,12,0,11,
0,6,255,10,0,181,0,236,2,190,251,240,6,171,254,105,252,42,189,0,221,0,191,0,233,0,94,0,40,0,18,0,12,0,11,
0,6,255,10,0,181,0,236,2,190,251,240,6,166,253,205,252,59,190,0,221,0,192,0,233,0,94,0,40,0,17,0,12,0,11,
0,37,255,231,255,198,0,236,2,190,251,240,6,214,254,205,252,142,192,0,222,0,192,0,233,0,94,0,40,0,17,0,12,0,11,
0,16,255,222,255,206,0,236,2,190,251,240,6,166,255,139,252,62,191,0,222,0,191,0,232,0,94,0,40,0,18,0,13,0,11,
0,3,255,222,255,215,0,168,2,8,252,151,6,166,255,139,252,232,189,0,222,0,191,0,233,0,94,0,40,0,17,0,12,0,11,
0,3,255,183,255,215,0,168,2,8,252,151,6,193,254,40,252,232,189,0,222,0,191,0,233,0,95,0,40,0,19,0,13,0,11,
0,43,255,150,255,201,0,168,2,8,252,151,6,65,254,2,252,87,189,0,221,0,191,0,234,0,94,0,40,0,18,0,13,0,11,
0,249,254,175,255,217,0,168,2,8,252,151,6,209,253,155,252,129,191,0,221,0,192,0,234,0,94,0,40,0,17,0,12,0,11,
0,249,254,175,255,221,0,168,2,8,252,151,6,125,254,124,252,18,191,0,221,0,192,0,234,0,94,0,40,0,17,0,13,0,11,
0,229,254,160,255,221,0,168,2,8,252,151,6,125,254,124,252,18,191,0,221,0,191,0,233,0,95,0,40,0,19,0,13,0,11,
0,21,255,161,255,223,0,168,2,8,252,151,6,153,254,241,251,243,189,0,220,0,190,0,232,0,94,0,40,0,18,0,13,0,11,
0,63,255,134,255,230,0,168,2,8,252,151,6,159,254,53,252,10,190,0,220,0,190,0,232,0,94,0,40,0,18,0,13,0,12,
0,63,255,134,255,230,0,168,2,8,252,151,6,69,254,23,252,1,190,0,221,0,191,0,232,0,94,0,40,0,18,0,13,0,11,
0,35,255,104,255,204,0,168,2,8,252,151,6,69,254,23,252,235,189,0,220,0,190,0,232,0,94,0,40,0,19,0,13,0,11,
0,28,255,115,255,209,0,252,2,172,251,136,6,101,254,21,252,235,189,0,220,0,191,0,233,0,94,0,34,0,17,0,13,0,11,
0,41,255,91,255,188,0,252,2,172,251,136,6,111,254,9,252,4,190,0,219,0,191,0,233,0,94,0,36,0,17,0,13,0,12,
0,41,255,91,255,188,0,252,2,172,251,136,6,52,253,32,252,181,190,0,219,0,191,0,233,0,94,0,37,0,17,0,13,0,12,
0,249,254,93,255,196,0,252,2,172,251,136,6,32,254,91,252,199,192,0,218,0,191,0,232,0,94,0,37,0,16,0,12,0,11,
0,245,254,104,255,210,0,252,2,172,251,136,6,32,254,91,252,199,192,0,218,0,191,0,231,0,94,0,38,0,17,0,13,0,11,
0,1,255,104,255,182,0,252,2,172,251,136,6,231,254,176,251,164,190,0,218,0,191,0,230,0,93,0,38,0,17,0,12,0,11,
0,1,255,115,255,182,0,252,2,172,251,136,6,12,254,129,251,184,188,0,217,0,191,0,230,0,94,0,39,0,17,0,13,0,11,
0,242,254,70,255,179,0,252,2,172,251,136,6,97,252,211,251,122,189,0,216,0,191,0,231,0,94,0,39,0,17,0,12,0,11,
0,235,254,86,255,174,0,252,2,172,251,136,6,97,252,51,252,98,191,0,215,0,191,0,232,0,93,0,39,0,17,0,12,0,11,
0,235,254,86,255,175,0,252,2,172,251,136,6,61,253,51,252,98,191,0,214,0,192,0,230,0,94,0,39,0,18,0,13,0,11,
0,5,255,99,255,175,0,218,2,208,251,84,6,181,253,249,251,133,191,0,214,0,193,0,229,0,93,0,38,0,17,0,12,0,11,
0,4,255,67,255,162,0,218,2,208,251,84,6,199,253,203,251,215,190,0,214,0,192,0,228,0,93,0,39,0,17,0,12,0,11,
0,48,255,75,255,160,0,218,2,208,251,84,6,146,253,205,251,197,190,0,213,0,191,0,228,0,93,0,40,0,18,0,13,0,11,
0,48,255,75,255,160,0,218,2,208,251,84,6,146,253,205,251,83,190,0,212,0,192,0,229,0,92,0,39,0,17,0,12,0,11,
0,71,255,96,255,200,0,218,2,208,251,84,6,134,253,186,251,83,190,0,211,0,192,0,228,0,93,0,40,0,18,0,13,0,11,
0,251,254,86,255,192,0,218,2,208,251,84,6,159,253,221,251,22,190,0,211,0,193,0,228,0,92,0,38,0,17,0,12,0,11,
0,246,254,76,255,173,0,218,2,208,251,84,6,68,253,51,252,194,190,0,211,0,193,0,227,0,92,0,39,0,18,0,13,0,12,
0,246,254,76,255,173,0,218,2,208,251,84,6,68,253,123,252,53,191,0,210,0,192,0,227,0,92,0,39,0,18,0,13,0,11,
0,9,255,92,255,163,0,218,2,208,251,84,6,76,253,123,252,53,191,0,210,0,192,0,227,0,92,0,39,0,17,0,13,0,11,
0,211,254,97,255,138,0,218,2,208,251,84,6,51,253,197,251,231,190,0,209,0,191,0,227,0,92,0,40,0,18,0,13,0,11,
0,129,254,97,255,139,0,218,2,208,251,84,6,49,253,249,251,253,189,0,209,0,191,0,227,0,91,0,39,0,17,0,12,0,11,
0,129,254,108,255,139,0,162,2,205,251,85,7,23,253,25,252,83,190,0,208,0,191,0,226,0,92,0,40,0,18,0,13,0,11,
0,169,254,95,255,123,0,162,2,205,251,85,7,23,253,25,252,45,190,0,208,0,191,0,226,0,91,0,43,0,19,0,12,0,11,
0,219,254,109,255,126,0,162,2,205,251,85,7,69,252,96,252,45,190,0,208,0,191,0,227,0,91,0,42,0,17,0,12,0,10,
0,219,254,109,255,112,0,162,2,205,251,85,7,99,252,249,252,87,192,0,208,0,191,0,227,0,91,0,41,0,19,0,13,0,11,
0,202,254,100,255,112,0,162,2,205,251,85,7,170,253,221,252,142,191,0,208,0,191,0,227,0,91,0,40,0,17,0,12,0,10,
0,181,254,114,255,110,0,162,2,205,251,85,7,199,253,149,252,91,189,0,207,0,191,0,227,0,91,0,40,0,18,0,12,0,10,
0,172,254,119,255,113,0,162,2,205,251,85,7,199,253,149,252,91,189,0,207,0,191,0,227,0,91,0,40,0,18,0,13,0,11,
0,172,254,119,255,113,0,162,2,205,251,85,7,197,252,248,252,2,189,0,207,0,191,0,228,0,91,0,39,0,18,0,12,0,11,
0,184,254,87,255,122,0,162,2,205,251,85,7,6,252,157,253,45,191,0,206,0,191,0,228,0,91,0,39,0,18,0,13,0,11,
0,195,254,100,255,115,0,162,2,205,251,85,7,234,253,246,252,100,192,0,206,0,191,0,228,0,91,0,38,0,17,0,12,0,11,
0,216,254,96,255,86,0,33,3,199,251,176,6,234,253,246,252,160,189,0,205,0,190,0,228,0,92,0,40,0,18,0,13,0,11,
0,216,254,96,255,86,0,33,3,199,251,176,6,80,253,191,252,160,189,0,205,0,191,0,228,0,92,0,40,0,18,0,13,0,11,
0,221,254,100,255,58,0,33,3,199,251,176,6,217,252,251,252,1,189,0,205,0,191,0,229,0,91,0,39,0,17,0,12,0,11,
0,227,254,123,255,73,0,33,3,199,251,176,6,15,252,185,253,215,190,0,205,0,191,0,229,0,92,0,39,0,17,0,12,0,11,
0,227,254,123,255,86,0,33,3,199,251,176,6,229,252,144,253,8,193,0,204,0,191,0,229,0,92,0,40,0,18,0,13,0,11,
0,232,254,116,255,86,0,33,3,199,251,176,6,229,252,144,253,8,193,0,204,0,191,0,229,0,92,0,39,0,18,0,13,0,11,
0,15,255,130,255,63,0,33,3,199,251,176,6,237,253,71,253,244,189,0,204,0,191,0,230,0,92,0,40,0,18,0,13,0,12,
0,27,255,127,255,53,0,33,3,199,251,176,6,162,253,122,253,72,189,0,204,0,192,0,230,0,92,0,38,0,17,0,13,0,11,
0,27,255,127,255,47,0,33,3,199,251,176,6,158,252,100,253,14,190,0,204,0,192,0,231,0,92,0,38,0,17,0,12,0,11,
0,246,254,161,255,47,0,33,3,199,251,176,6,158,252,227,253,166,190,0,203,0,192,0,230,0,93,0,39,0,18,0,13,0,12,
0,196,254,179,255,67,0,171,2,222,251,206,5,209,252,227,253,166,190,0,203,0,192,0,231,0,93,0,39,0,17,0,12,0,11,
0,217,254,181,255,89,0,171,2,222,251,206,5,245,252,151,253,27,191,0,203,0,192,0,231,0,93,0,39,0,18,0,13,0,11,
0,217,254,181,255,89,0,171,2,222,251,206,5,80,253,212,253,227,190,0,203,0,192,0,232,0,93,0,39,0,17,0,13,0,11,
0,243,254,169,255,54,0,171,2,222,251,206,5,46,253,16,254,143,190,0,202,0,192,0,232,0,93,0,39,0,17,0,12,0,11,
0,240,254,139,255,17,0,171,2,222,251,206,5,46,253,16,254,246,190,0,202,0,192,0,232,0,93,0,40,0,18,0,13,0,11,
0,20,255,152,255,16,0,171,2,222,251,206,5,40,253,127,253,246,190,0,202,0,193,0,232,0,93,0,39,0,17,0,12,0,11,
0,20,255,152,255,16,0,171,2,222,251,206,5,218,253,113,253,29,190,0,202,0,193,0,233,0,94,0,40,0,18,0,13,0,11,
0,24,255,173,255,49,0,171,2,222,251,206,5,73,253,125,253,129,188,0,202,0,193,0,233,0,93,0,39,0,17,0,13,0,11,
0,236,254,175,255,48,0,171,2,222,251,206,5,73,253,223,253,84,190,0,202,0,194,0,234,0,94,0,39,0,17,0,12,0,11,
0,236,254,175,255,59,0,171,2,222,251,206,5,135,252,223,253,84,190,0,201,0,194,0,234,0,94,0,40,0,18,0,13,0,11,
0,253,254,186,255,59,0,204,2,224,251,206,5,117,253,241,253,178,192,0,202,0,194,0,235,0,94,0,40,0,18,0,12,0,11,
0,251,254,188,255,46,0,204,2,224,251,206,5,60,254,133,253,12,191,0,203,0,194,0,235,0,95,0,40,0,18,0,13,0,11,
0,238,254,203,255,35,0,204,2,224,251,206,5,36,254,53,253,170,187,0,203,0,195,0,235,0,94,0,40,0,17,0,13,0,11,
0,238,254,203,255,49,0,204,2,224,251,206,5,36,254,53,253,7,190,0,202,0,195,0,236,0,95,0,40,0,17,0,12,0,11,
0,244,254,236,255,49,0,204,2,224,251,206,5,189,252,205,253,7,190,0,202,0,195,0,236,0,95,0,40,0,18,0,13,0,12,
0,48,255,232,255,38,0,204,2,224,251,206,5,13,253,211,253,166,191,0,202,0,195,0,236,0,95,0,40,0,18,0,13,0,11,
0,76,255,254,255,36,0,204,2,224,251,206,5,67,254,100,253,192,191,0,203,0,195,0,235,0,95,0,40,0,18,0,13,0,11,
0,76,255,254,255,36,0,204,2,224,251,206,5,246,253,60,253,141,189,0,203,0,195,0,236,0,95,0,40,0,18,0,12,0,11,
0,74,255,5,0,47,0,204,2,224,251,206,5,246,253,60,253,141,189,0,203,0,195,0,236,0,96,0,41,0,19,0,13,0,11,
0,51,255,14,0,35,0,204,2,224,251,206,5,213,253,247,252,79,188,0,204,0,195,0,237,0,95,0,40,0,17,0,13,0,11,
0,31,255,252,255,53,0,204,2,224,251,195,6,9,253,187,253,99,190,0,204,0,195,0,237,0,96,0,41,0,19,0,13,0,11,
0,31,255,252,255,53,0,233,2,187,251,195,6,182,253,81,253,181,191,0,204,0,195,0,236,0,96,0,41,0,18,0,13,0,11,
0,45,255,15,0,63,0,233,2,187,251,195,6,182,253,29,253,174,190,0,205,0,196,0,236,0,95,0,40,0,18,0,13,0,11,
0,34,255,22,0,58,0,233,2,187,251,195,6,70,254,29,253,174,190,0,206,0,195,0,235,0,96,0,41,0,19,0,13,0,11,
0,34,255,22,0,37,0,233,2,187,251,195,6,47,254,188,252,193,188,0,207,0,195,0,236,0,95,0,40,0,17,0,12,0,11,
0,40,255,40,0,37,0,233,2,187,251,195,6,171,252,110,253,34,189,0,207,0,195,0,237,0,95,0,40,0,18,0,12,0,11,
0,46,255,39,0,58,0,233,2,187,251,195,6,53,254,128,253,252,191,0,207,0,196,0,237,0,96,0,41,0,19,0,13,0,11,
0,33,255,49,0,92,0,233,2,187,251,195,6,53,254,128,253,252,189,0,207,0,196,0,238,0,96,0,40,0,17,0,12,0,11,
0,33,255,49,0,92,0,233,2,187,251,195,6,184,254,171,252,107,189,0,208,0,197,0,238,0,96,0,40,0,17,0,12,0,11,
0,45,255,87,0,84,0,233,2,187,251,195,6,192,253,191,252,241,187,0,208,0,196,0,237,0,96,0,41,0,19,0,13,0,11,
0,73,255,89,0,93,0,233,2,187,251,195,6,234,252,98,253,222,190,0,209,0,196,0,236,0,96,0,40,0,17,0,12,0,11,
0,80,255,70,0,115,0,161,2,3,252,193,6,234,252,240,252,24,193,0,209,0,196,0,236,0,96,0,41,0,19,0,13,0,11,
0,80,255,70,0,115,0,161,2,3,252,193,6,94,254,240,252,24,193,0,209,0,197,0,236,0,96,0,40,0,18,0,13,0,11,
0,64,255,64,0,104,0,161,2,3,252,193,6,73,254,31,252,241,188,0,209,0,196,0,237,0,96,0,41,0,19,0,13,0,11,
0,45,255,77,0,114,0,161,2,3,252,193,6,221,252,83,252,47,189,0,210,0,197,0,238,0,96,0,40,0,18,0,13,0,11,
0,32,255,102,0,92,0,161,2,3,252,193,6,44,253,226,252,254,192,0,209,0,197,0,238,0,96,0,41,0,19,0,13,0,12,
0,32,255,102,0,92,0,161,2,3,252,193,6,44,253,226,252,126,191,0,209,0,197,0,238,0,97,0,41,0,19,0,13,0,11,
0,11,255,93,0,85,0,161,2,3,252,193,6,80,254,45,252,126,191,0,210,0,198,0,238,0,96,0,40,0,18,0,12,0,11,
0,51,255,89,0,87,0,161,2,3,252,193,6,133,254,154,251,104,189,0,209,0,198,0,237,0,97,0,41,0,19,0,13,0,11,
0,51,255,89,0,85,0,161,2,3,252,193,6,249,253,228,251,1,189,0,210,0,198,0,237,0,96,0,40,0,18,0,12,0,11,
0,83,255,111,0,85,0,161,2,3,252,193,6,249,253,107,252,103,190,0,210,0,198,0,236,0,96,0,41,0,18,0,12,0,11,
0,79,255,94,0,105,0,33,3,205,251,129,6,31,253,107,252,103,190,0,211,0,198,0,236,0,96,0,40,0,18,0,13,0,11,
0,32,255,84,0,130,0,33,3,205,251,129,6,187,253,182,251,9,192,0,211,0,197,0,236,0,96,0,40,0,18,0,13,0,11,
0,32,255,84,0,130,0,33,3,205,251,129,6,48,254,221,251,116,191,0,210,0,197,0,237,0,96,0,40,0,18,0,13,0,11,
0,12,255,87,0,135,0,33,3,205,251,129,6,249,253,71,251,155,189,0,209,0,197,0,237,0,96,0,41,0,19,0,13,0,11,
0,16,255,92,0,128,0,33,3,205,251,129,6,249,253,71,251,222,189,0,209,0,198,0,238,0,96,0,41,0,18,0,12,0,11,
0,46,255,57,0,80,0,33,3,205,251,129,6,89,253,67,251,222,189,0,209,0,198,0,237,0,96,0,41,0,19,0,13,0,11,
0,46,255,57,0,80,0,33,3,205,251,129,6,124,253,107,251,213,191,0,209,0,198,0,237,0,96,0,40,0,17,0,12,0,11,
0,13,255,56,0,108,0,33,3,205,251,129,6,230,253,48,251,17,191,0,209,0,198,0,236,0,95,0,35,0,17,0,13,0,11,
0,26,255,32,0,103,0,33,3,205,251,129,6,246,253,41,251,183,190,0,209,0,198,0,235,0,96,0,36,0,18,0,13,0,12,
0,27,255,37,0,82,0,33,3,205,251,129,6,246,253,41,251,183,190,0,209,0,198,0,236,0,95,0,37,0,17,0,13,0,11,
0,27,255,37,0,82,0,245,2,197,251,156,6,66,254,195,250,224,189,0,209,0,198,0,238,0,95,0,38,0,17,0,13,0,11,
0,16,255,52,0,102,0,245,2,197,251,156,6,154,253,32,251,68,191,0,208,0,198,0,239,0,96,0,39,0,17,0,13,0,11,
0,26,255,48,0,99,0,245,2,197,251,156,6,68,253,43,251,223,190,0,208,0,199,0,239,0,96,0,39,0,17,0,12,0,11,
0,26,255,48,0,82,0,245,2,197,251,156,6,68,253,21,251,22,191,0,207,0,198,0,238,0,97,0,40,0,19,0,13,0,12,
0,255,254,53,0,82,0,245,2,197,251,156,6,236,253,21,251,22,191,0,208,0,198,0,237,0,96,0,40,0,18,0,12,0,11,
0,225,254,59,0,88,0,245,2,197,251,156,6,216,253,239,250,238,191,0,208,0,198,0,237,0,96,0,40,0,17,0,13,0,12,
0,34,255,68,0,114,0,245,2,197,251,156,6,46,254,114,250,30,190,0,208,0,198,0,238,0,96,0,40,0,18,0,13,0,12,
0,34,255,68,0,114,0,245,2,197,251,156,6,35,253,50,251,27,190,0,208,0,198,0,239,0,97,0,41,0,19,0,13,0,12,
0,70,255,63,0,100,0,245,2,197,251,156,6,35,253,50,251,84,190,0,208,0,199,0,240,0,96,0,40,0,19,0,13,0,11,
0,61,255,64,0,96,0,245,2,197,251,156,6,112,253,235,250,84,190,0,208,0,198,0,239,0,97,0,41,0,18,0,13,0,11,
0,17,255,62,0,113,0,165,2,226,251,83,7,67,254,2,251,213,191,0,208,0,198,0,238,0,97,0,41,0,18,0,13,0,11,
0,17,255,62,0,113,0,165,2,226,251,83,7,171,254,247,250,140,191,0,208,0,198,0,238,0,97,0,41,0,18,0,13,0,11,
0,12,255,49,0,118,0,165,2,226,251,83,7,171,254,178,250,119,189,0,208,0,198,0,239,0,97,0,41,0,18,0,13,0,11,
0,36,255,47,0,124,0,165,2,226,251,83,7,24,254,178,250,119,189,0,208,0,198,0,240,0,96,0,40,0,19,0,13,0,11,
0,15,255,42,0,92,0,165,2,226,251,83,7,107,253,75,251,3,190,0,208,0,198,0,240,0,97,0,41,0,19,0,12,0,11,
0,15,255,42,0,92,0,165,2,226,251,83,7,60,253,28,252,70,191,0,208,0,198,0,239,0,97,0,41,0,18,0,13,0,11,
0,0,255,43,0,69,0,165,2,226,251,83,7,35,254,209,251,94,192,0,208,0,198,0,240,0,97,0,40,0,19,0,13,0,11,
0,4,255,38,0,72,0,165,2,226,251,83,7,35,254,209,251,205,189,0,208,0,198,0,240,0,97,0,41,0,20,0,13,0,12,
0,4,255,38,0,67,0,165,2,226,251,83,7,237,254,99,251,205,189,0,208,0,199,0,241,0,97,0,40,0,19,0,13,0,11,
0,21,255,30,0,67,0,165,2,226,251,83,7,9,254,123,251,150,188,0,208,0,199,0,241,0,98,0,45,0,20,0,12,0,11,
0,14,255,32,0,67,0,165,2,226,251,83,7,187,253,34,252,237,189,0,208,0,200,0,241,0,98,0,45,0,20,0,13,0,11,
0,43,255,34,0,69,0,237,2,191,251,208,6,101,254,95,252,40,191,0,208,0,200,0,241,0,98,0,43,0,20,0,13,0,12,
0,43,255,34,0,69,0,237,2,191,251,208,6,101,254,95,252,40,191,0,208,0,200,0,242,0,98,0,43,0,20,0,13,0,11,
0,57,255,37,0,43,0,237,2,191,251,208,6,194,254,34,252,98,190,0,208,0,200,0,243,0,99,0,43,0,21,0,14,0,12,
0,34,255,108,0,37,0,237,2,191,251,208,6,71,255,30,252,246,189,0,208,0,200,0,244,0,99,0,43,0,20,0,13,0,11,
0,31,255,106,0,5,0,237,2,191,251,208,6,155,254,239,251,225,188,0,208,0,200,0,243,0,99,0,43,0,20,0,14,0,12,
0,31,255,106,0,5,0,237,2,191,251,208,6,155,254,239,252,242,189,0,209,0,201,0,244,0,99,0,42,0,20,0,13,0,11,
0,43,255,75,0,30,0,237,2,191,251,208,6,93,254,114,252,242,189,0,208,0,200,0,244,0,99,0,43,0,20,0,14,0,12,
0,54,255,56,0,22,0,237,2,191,251,208,6,103,254,153,252,219,190,0,208,0,201,0,245,0,99,0,42,0,19,0,13,0,11,
0,55,255,72,0,32,0,237,2,191,251,208,6,104,255,103,252,147,190,0,208,0,201,0,245,0,100,0,43,0,20,0,14,0,12,
0,55,255,72,0,32,0,237,2,191,251,208,6,235,254,255,251,149,187,0,208,0,202,0,246,0,100,0,42,0,20,0,14,0,11,
0,64,255,34,0,43,0,142,2,228,251,22,6,235,254,255,251,149,187,0,208,0,202,0,246,0,100,0,42,0,19,0,13,0,12,
0,90,255,9,0,14,0,142,2,228,251,22,6,114,255,111,252,201,191,0,209,0,203,0,245,0,99,0,42,0,19,0,13,0,11,
0,90,255,9,0,255,255,142,2,228,251,22,6,219,254,149,252,215,190,0,208,0,202,0,245,0,100,0,42,0,20,0,13,0,11,
0,137,255,19,0,255,255,142,2,228,251,22,6,75,255,24,252,81,190,0,209,0,202,0,246,0,100,0,42,0,19,0,13,0,11,
0,131,255,27,0,10,0,142,2,228,251,22,6,75,255,223,251,160,189,0,208,0,203,0,247,0,100,0,42,0,20,0,13,0,11,
0,117,255,16,0,16,0,142,2,228,251,22,6,156,255,223,251,160,189,0,208,0,203,0,247,0,100,0,42,0,19,0,13,0,11,
0,117,255,16,0,16,0,142,2,228,251,22,6,75,255,56,252,221,189,0,208,0,204,0,247,0,101,0,42,0,20,0,13,0,11,
0,132,255,24,0,17,0,142,2,228,251,22,6,105,255,228,251,87,190,0,208,0,205,0,248,0,100,0,42,0,19,0,13,0,11,
0,122,255,16,0,28,0,142,2,228,251,22,6,193,255,10,252,219,190,0,208,0,204,0,247,0,101,0,43,0,20,0,14,0,11,
0,111,255,5,0,3,0,142,2,228,251,22,6,193,255,10,252,114,190,0,208,0,204,0,247,0,101,0,43,0,20,0,14,0,11,
0,111,255,5,0,3,0,209,2,227,251,174,6,32,0,37,252,114,190,0,208,0,204,0,247,0,101,0,43,0,19,0,13,0,11,
0,148,255,19,0,243,255,209,2,227,251,174,6,201,255,73,252,74,191,0,209,0,205,0,247,0,101,0,43,0,19,0,13,0,11,
0,203,255,244,255,248,255,209,2,227,251,174,6,85,0,169,251,250,188,0,208,0,205,0,247,0,101,0,43,0,20,0,14,0,12,
0,206,255,244,255,4,0,209,2,227,251,174,6,85,0,233,251,244,188,0,208,0,205,0,247,0,101,0,43,0,20,0,13,0,11,
0,206,255,193,255,4,0,209,2,227,251,174,6,123,255,233,251,244,188,0,209,0,205,0,247,0,101,0,43,0,20,0,14,0,12,
0,207,255,180,255,12,0,209,2,227,251,174,6,67,255,53,252,208,191,0,209,0,206,0,247,0,101,0,43,0,20,0,14,0,12,
0,201,255,202,255,21,0,209,2,227,251,174,6,12,0,117,251,38,191,0,208,0,205,0,247,0,102,0,43,0,20,0,14,0,12,
0,201,255,202,255,19,0,209,2,227,251,174,6,46,0,112,251,19,189,0,209,0,206,0,247,0,101,0,43,0,19,0,13,0,11,
0,239,255,217,255,19,0,209,2,227,251,174,6,46,0,112,251,11,190,0,209,0,206,0,246,0,101,0,43,0,20,0,14,0,11,
0,243,255,211,255,249,255,209,2,227,251,174,6,89,255,196,251,11,190,0,209,0,206,0,246,0,101,0,43,0,20,0,13,0,11,
0,242,255,208,255,249,255,211,2,207,251,10,6,55,255,207,251,121,191,0,209,0,206,0,246,0,101,0,43,0,20,0,13,0,11,
0,242,255,208,255,249,255,211,2,207,251,10,6,35,0,120,251,38,192,0,209,0,205,0,245,0,101,0,43,0,20,0,14,0,11,
0,253,255,174,255,239,255,211,2,207,251,10,6,161,0,253,250,7,190,0,210,0,206,0,244,0,100,0,42,0,19,0,13,0,11,
0,195,255,189,255,7,0,211,2,207,251,10,6,161,0,253,250,7,190,0,210,0,205,0,244,0,100,0,43,0,20,0,13,0,11,
0,182,255,161,255,30,0,211,2,207,251,10,6,43,255,83,251,252,188,0,210,0,205,0,243,0,100,0,43,0,20,0,13,0,11,
0,182,255,161,255,30,0,211,2,207,251,10,6,0,255,141,251,52,191,0,211,0,205,0,243,0,99,0,42,0,20,0,13,0,11,
0,196,255,151,255,10,0,211,2,207,251,10,6,74,255,52,251,164,191,0,211,0,205,0,242,0,99,0,42,0,19,0,13,0,11,
0,207,255,122,255,22,0,211,2,207,251,10,6,74,255,2,251,225,188,0,211,0,204,0,240,0,99,0,43,0,20,0,14,0,12,
0,221,255,122,255,36,0,211,2,207,251,10,6,173,255,2,251,225,188,0,211,0,203,0,240,0,99,0,42,0,19,0,13,0,11,
0,221,255,103,255,36,0,211,2,207,251,10,6,171,254,6,251,196,188,0,211,0,203,0,239,0,99,0,42,0,18,0,13,0,12,
0,195,255,121,255,11,0,211,2,207,251,10,6,5,254,117,251,122,190,0,212,0,203,0,238,0,98,0,42,0,18,0,13,0,12,
0,144,255,89,255,15,0,169,2,247,251,33,6,123,254,103,251,161,192,0,212,0,203,0,237,0,98,0,42,0,19,0,13,0,11,
0,144,255,89,255,33,0,169,2,247,251,33,6,123,254,103,251,161,189,0,212,0,203,0,237,0,97,0,41,0,18,0,13,0,11,
0,113,255,80,255,33,0,169,2,247,251,33,6,79,255,124,250,219,189,0,212,0,202,0,236,0,97,0,42,0,18,0,13,0,11,
0,155,255,67,255,20,0,169,2,247,251,33,6,59,254,228,250,237,187,0,213,0,202,0,235,0,97,0,42,0,19,0,13,0,12,
0,206,255,47,255,21,0,169,2,247,251,33,6,53,253,67,251,162,190,0,214,0,202,0,234,0,96,0,41,0,19,0,13,0,11,
0,206,255,47,255,21,0,169,2,247,251,33,6,53,253,210,250,253,190,0,213,0,201,0,233,0,96,0,41,0,19,0,13,0,11,
0,237,255,36,255,30,0,169,2,247,251,33,6,189,254,210,250,253,190,0,214,0,201,0,232,0,95,0,41,0,18,0,13,0,11,
0,211,255,38,255,10,0,169,2,247,251,33,6,20,254,152,250,219,187,0,215,0,200,0,232,0,95,0,41,0,18,0,13,0,11,
0,220,255,51,255,251,255,169,2,247,251,33,6,81,253,210,250,8,190,0,215,0,200,0,230,0,95,0,41,0,19,0,13,0,11,
0,220,255,51,255,251,255,169,2,247,251,33,6,79,254,167,250,44,191,0,216,0,200,0,230,0,94,0,40,0,18,0,13,0,11,
0,218,255,37,255,250,255,11,3,193,251,142,6,79,254,167,250,215,189,0,216,0,200,0,229,0,94,0,40,0,18,0,13,0,11,
0,181,255,23,255,254,255,11,3,193,251,142,6,207,253,133,250,215,189,0,217,0,200,0,228,0,93,0,40,0,17,0,12,0,11,
0,165,255,23,255,253,255,11,3,193,251,142,6,63,253,188,250,84,189,0,217,0,199,0,227,0,93,0,40,0,17,0,12,0,11,
0,165,255,22,255,253,255,11,3,193,251,142,6,34,253,230,250,122,190,0,218,0,198,0,225,0,93,0,40,0,18,0,13,0,11,
0,170,255,24,255,7,0,11,3,193,251,142,6,157,253,209,250,87,190,0,219,0,198,0,225,0,92,0,39,0,18,0,13,0,11,
0,187,255,34,255,246,255,11,3,193,251,142,6,157,253,209,250,87,190,0,219,0,196,0,224,0,92,0,40,0,18,0,13,0,11,
0,187,255,34,255,249,255,11,3,193,251,142,6,95,253,189,250,77,188,0,220,0,196,0,223,0,91,0,39,0,19,0,12,0,11,
0,156,255,42,255,249,255,11,3,193,251,142,6,154,252,248,250,150,189,0,220,0,195,0,223,0,91,0,39,0,19,0,13,0,11,
0,158,255,25,255,4,0,11,3,193,251,142,6,111,252,36,251,69,190,0,221,0,195,0,222,0,91,0,39,0,19,0,13,0,12,
0,153,255,47,255,239,255,11,3,193,251,142,6,111,252,36,251,75,190,0,222,0,195,0,222,0,90,0,38,0,19,0,13,0,11,
0,153,255,47,255,239,255,185,2,246,251,242,5,37,252,36,251,75,190,0,222,0,194,0,220,0,90,0,39,0,19,0,13,0,12,
0,106,255,81,255,235,255,185,2,246,251,242,5,87,252,246,250,112,191,0,223,0,194,0,220,0,89,0,38,0,18,0,13,0,11,
0,125,255,94,255,211,255,185,2,246,251,242,5,11,253,14,251,213,189,0,223,0,193,0,219,0,89,0,38,0,18,0,13,0,11,
0,154,255,75,255,210,255,185,2,246,251,242,5,179,252,207,250,194,188,0,224,0,193,0,219,0,89,0,38,0,19,0,13,0,12,
0,154,255,75,255,210,255,185,2,246,251,242,5,179,252,207,250,194,188,0,225,0,193,0,219,0,88,0,32,0,17,0,13,0,12,
0,170,255,78,255,218,255,185,2,246,251,242,5,173,251,247,250,229,188,0,224,0,192,0,218,0,88,0,34,0,18,0,13,0,12,
0,119,255,114,255,205,255,185,2,246,251,242,5,102,251,79,251,19,190,0,225,0,192,0,218,0,87,0,34,0,16,0,12,0,11,
0,119,255,114,255,189,255,185,2,246,251,242,5,195,251,88,251,173,191,0,225,0,191,0,218,0,87,0,35,0,16,0,12,0,11,
0,145,255,110,255,189,255,185,2,246,251,242,5,195,251,241,250,75,190,0,225,0,191,0,218,0,88,0,36,0,17,0,13,0,11,
0,187,255,130,255,200,255,185,2,246,251,242,5,142,252,241,250,75,190,0,226,0,191,0,218,0,87,0,36,0,17,0,12,0,11,
0,165,255,151,255,180,255,175,2,223,251,9,7,29,252,208,250,135,188,0,226,0,191,0,218,0,87,0,36,0,18,0,13,0,11,
0,165,255,151,255,141,255,175,2,223,251,9,7,181,251,254,250,126,189,0,226,0,191,0,219,0,87,0,36,0,16,0,12,0,10,
0,163,255,130,255,141,255,175,2,223,251,9,7,62,251,139,251,48,191,0,225,0,191,0,219,0,87,0,37,0,18,0,13,0,11,
0,165,255,162,255,119,255,175,2,223,251,9,7,62,251,139,251,227,190,0,226,0,191,0,219,0,87,0,36,0,17,0,13,0,11,
0,190,255,183,255,90,255,175,2,223,251,9,7,85,252,21,251,227,190,0,226,0,191,0,219,0,87,0,36,0,17,0,12,0,11,
0,190,255,183,255,90,255,175,2,223,251,9,7,55,252,225,250,182,188,0,225,0,191,0,220,0,87,0,36,0,18,0,13,0,11,
0,182,255,202,255,65,255,175,2,223,251,9,7,218,251,234,250,137,189,0,225,0,191,0,220,0,87,0,36,0,17,0,12,0,10,
0,183,255,227,255,86,255,175,2,223,251,9,7,218,251,248,250,151,189,0,224,0,191,0,221,0,88,0,37,0,17,0,12,0,11,
0,208,255,212,255,75,255,175,2,223,251,9,7,209,251,248,250,151,189,0,224,0,191,0,222,0,87,0,36,0,17,0,13,0,11,
0,208,255,212,255,75,255,175,2,223,251,9,7,5,252,98,251,77,190,0,223,0,191,0,222,0,88,0,37,0,17,0,12,0,11,
0,211,255,218,255,62,255,175,2,223,251,9,7,34,252,64,251,72,190,0,223,0,191,0,223,0,89,0,37,0,18,0,13,0,11,
0,227,255,242,255,65,255,209,2,220,251,52,7,190,251,92,251,46,191,0,223,0,191,0,223,0,88,0,37,0,17,0,13,0,11,
0,227,255,242,255,59,255,209,2,220,251,52,7,190,251,92,251,123,190,0,222,0,191,0,224,0,89,0,38,0,16,0,12,0,11,
0,220,255,250,255,59,255,209,2,220,251,52,7,159,252,51,251,123,190,0,221,0,191,0,224,0,90,0,38,0,17,0,13,0,11,
0,188,255,248,255,53,255,209,2,220,251,52,7,21,252,250,250,189,188,0,221,0,192,0,225,0,89,0,37,0,16,0,12,0,11,
0,184,255,0,0,32,255,209,2,220,251,52,7,110,251,122,251,167,190,0,219,0,191,0,225,0,90,0,42,0,18,0,13,0,11,
0,184,255,0,0,8,255,209,2,220,251,52,7,128,252,99,251,15,192,0,219,0,192,0,227,0,90,0,40,0,17,0,12,0,11,
0,169,255,7,0,8,255,209,2,220,251,52,7,128,252,99,251,15,192,0,219,0,192,0,227,0,90,0,40,0,17,0,12,0,11,
0,198,255,15,0,20,255,209,2,220,251,52,7,1,253,52,251,129,191,0,218,0,193,0,228,0,90,0,40,0,17,0,12,0,11,
0,224,255,24,0,254,254,209,2,220,251,52,7,56,252,250,250,184,188,0,217,0,193,0,228,0,91,0,40,0,18,0,12,0,11,
0,224,255,24,0,254,254,209,2,220,251,52,7,231,251,113,251,222,191,0,217,0,193,0,229,0,91,0,39,0,17,0,12,0,11,
0,211,255,28,0,238,254,184,2,232,251,154,6,231,251,113,251,6,193,0,216,0,193,0,229,0,91,0,40,0,18,0,13,0,11,
0,233,255,47,0,242,254,184,2,232,251,154,6,238,252,35,251,6,193,0,215,0,193,0,230,0,92,0,39,0,17,0,12,0,11,
0,7,0,64,0,3,255,184,2,232,251,154,6,23,253,14,251,133,190,0,215,0,194,0,230,0,92,0,39,0,18,0,13,0,11,
0,7,0,64,0,3,255,184,2,232,251,154,6,118,252,21,251,160,190,0,214,0,194,0,231,0,91,0,38,0,17,0,12,0,11,
0,28,0,85,0,240,254,184,2,232,251,154,6,47,252,100,251,39,192,0,214,0,194,0,231,0,93,0,39,0,18,0,13,0,11,
0,0,0,73,0,255,254,184,2,232,251,154,6,47,252,100,251,39,192,0,213,0,195,0,232,0,92,0,39,0,17,0,12,0,11,
0,0,0,73,0,13,255,184,2,232,251,154,6,250,252,21,251,87,192,0,212,0,195,0,232,0,93,0,39,0,18,0,13,0,11,
0,226,255,46,0,13,255,184,2,232,251,154,6,191,253,200,250,8,191,0,212,0,195,0,232,0,93,0,40,0,18,0,13,0,11,
0,214,255,7,0,228,254,184,2,232,251,154,6,83,253,137,250,122,191,0,212,0,195,0,233,0,93,0,39,0,17,0,12,0,11,
0,239,255,16,0,215,254,184,2,232,251,154,6,83,253,2,251,139,190,0,211,0,195,0,233,0,94,0,40,0,18,0,13,0,11,
0,239,255,16,0,215,254,194,2,240,251,251,6,140,252,2,251,139,190,0,211,0,195,0,234,0,93,0,40,0,17,0,12,0,11,
0,218,255,0,0,200,254,194,2,240,251,251,6,112,252,8,251,31,192,0,210,0,195,0,233,0,94,0,40,0,18,0,13,0,12,
0,236,255,240,255,186,254,194,2,240,251,251,6,12,253,230,250,35,193,0,209,0,196,0,234,0,94,0,40,0,18,0,13,0,11,
0,221,255,230,255,167,254,194,2,240,251,251,6,31,254,224,250,247,191,0,209,0,196,0,235,0,94,0,39,0,17,0,12,0,11,
0,221,255,230,255,167,254,194,2,240,251,251,6,31,254,224,250,149,189,0,209,0,196,0,234,0,95,0,40,0,18,0,13,0,12,
0,218,255,207,255,150,254,194,2,240,251,251,6,181,253,173,250,149,189,0,209,0,196,0,235,0,94,0,40,0,17,0,12,0,11,
0,241,255,211,255,152,254,194,2,240,251,251,6,18,253,225,250,129,190,0,208,0,196,0,235,0,95,0,40,0,18,0,13,0,11,
0,221,255,189,255,150,254,194,2,240,251,251,6,51,253,253,250,48,191,0,208,0,196,0,235,0,95,0,40,0,18,0,13,0,11,
0,221,255,189,255,150,254,194,2,240,251,251,6,51,253,178,250,139,191,0,207,0,197,0,236,0,95,0,40,0,17,0,12,0,11,
0,208,255,173,255,128,254,194,2,240,251,251,6,121,253,178,250,139,191,0,207,0,196,0,236,0,95,0,40,0,18,0,13,0,11,
0,216,255,189,255,118,254,143,2,29,252,238,6,142,253,180,250,87,191,0,207,0,197,0,236,0,95,0,40,0,17,0,12,0,11,
0,216,255,189,255,159,254,143,2,29,252,238,6,133,253,193,250,131,191,0,206,0,196,0,236,0,96,0,40,0,18,0,13,0,11,
0,194,255,153,255,159,254,143,2,29,252,238,6,112,253,90,250,192,190,0,205,0,197,0,236,0,95,0,40,0,18,0,13,0,11,
0,113,255,137,255,171,254,143,2,29,252,238,6,112,253,90,250,237,190,0,205,0,197,0,237,0,95,0,40,0,17,0,12,0,11,
0,152,255,107,255,186,254,143,2,29,252,238,6,169,253,68,250,237,190,0,204,0,197,0,237,0,96,0,40,0,18,0,13,0,11,
0,152,255,107,255,186,254,143,2,29,252,238,6,153,253,59,250,255,188,0,204,0,197,0,237,0,95,0,40,0,17,0,12,0,11,
0,175,255,88,255,164,254,143,2,29,252,238,6,186,252,149,250,160,191,0,203,0,197,0,237,0,95,0,40,0,17,0,12,0,11,
0,160,255,99,255,162,254,143,2,29,252,238,6,86,253,81,250,127,193,0,203,0,198,0,237,0,95,0,40,0,19,0,13,0,11,
0,132,255,84,255,153,254,143,2,29,252,238,6,86,253,81,250,127,193,0,203,0,197,0,237,0,96,0,40,0,17,0,12,0,12,
0,132,255,84,255,153,254,143,2,29,252,238,6,76,254,67,250,207,190,0,202,0,198,0,237,0,96,0,40,0,17,0,12,0,11,
0,84,255,94,255,145,254,143,2,29,251,195,6,10,253,250,249,94,188,0,202,0,198,0,236,0,96,0,41,0,19,0,13,0,11,
0,117,255,82,255,153,254,180,2,245,251,195,6,69,252,182,250,238,190,0,201,0,198,0,236,0,96,0,40,0,17,0,12,0,11,
0,115,255,80,255,147,254,180,2,245,251,195,6,69,252,82,250,96,193,0,201,0,197,0,236,0,96,0,41,0,19,0,13,0,12,
0,115,255,80,255,147,254,180,2,245,251,195,6,25,253,82,250,96,193,0,201,0,198,0,236,0,96,0,40,0,18,0,13,0,12,
0,115,255,81,255,165,254,180,2,245,251,195,6,251,253,194,249,250,189,0,201,0,197,0,235,0,96,0,41,0,19,0,13,0,12,
0,106,255,31,255,163,254,180,2,245,251,195,6,169,252,246,249,197,188,0,201,0,198,0,236,0,95,0,40,0,18,0,13,0,11,
0,106,255,31,255,166,254,180,2,245,251,195,6,215,251,216,250,145,190,0,200,0,197,0,235,0,96,0,41,0,19,0,13,0,11,
0,105,255,28,255,166,254,180,2,245,251,195,6,215,251,216,250,145,192,0,200,0,198,0,235,0,95,0,41,0,19,0,13,0,11,
0,86,255,37,255,185,254,180,2,245,251,195,6,171,252,95,250,66,192,0,201,0,198,0,235,0,95,0,40,0,18,0,13,0,11,
0,93,255,57,255,182,254,180,2,245,251,195,6,171,253,52,250,208,190,0,200,0,197,0,235,0,96,0,41,0,18,0,13,0,11,
0,93,255,57,255,182,254,180,2,245,251,195,6,250,252,141,249,213,188,0,201,0,198,0,235,0,95,0,40,0,17,0,12,0,11,
0,32,255,66,255,181,254,205,2,238,251,170,6,250,252,11,250,91,190,0,200,0,197,0,234,0,95,0,40,0,19,0,13,0,11,
0,26,255,58,255,191,254,205,2,238,251,170,6,19,252,11,250,91,190,0,201,0,197,0,234,0,95,0,40,0,18,0,13,0,11,
0,64,255,24,255,202,254,205,2,238,251,170,6,174,251,141,250,135,192,0,201,0,197,0,234,0,95,0,40,0,17,0,12,0,11,
0,64,255,24,255,202,254,205,2,238,251,170,6,28,253,94,250,72,192,0,201,0,197,0,233,0,94,0,40,0,17,0,12,0,11,
0,65,255,238,254,204,254,205,2,238,251,170,6,138,252,175,249,204,187,0,201,0,196,0,233,0,95,0,40,0,18,0,13,0,11,
0,68,255,211,254,208,254,205,2,238,251,170,6,138,252,175,249,203,189,0,201,0,196,0,234,0,95,0,40,0,17,0,12,0,11,
0,89,255,224,254,223,254,205,2,238,251,170,6,60,251,88,250,203,189,0,201,0,196,0,233,0,95,0,40,0,18,0,13,0,11,
0,89,255,224,254,223,254,205,2,238,251,170,6,148,252,95,250,157,193,0,201,0,196,0,233,0,94,0,40,0,17,0,13,0,11,
0,72,255,228,254,230,254,205,2,238,251,170,6,241,252,205,249,139,189,0,202,0,196,0,233,0,94,0,40,0,18,0,13,0,11,
0,52,255,22,255,247,254,205,2,238,251,170,6,241,252,229,249,137,188,0,202,0,195,0,232,0,95,0,40,0,18,0,13,0,12,
0,52,255,22,255,241,254,136,2,66,252,27,6,26,252,229,249,137,188,0,203,0,195,0,232,0,94,0,40,0,17,0,12,0,11,
0,82,255,43,255,241,254,136,2,66,252,27,6,54,251,61,250,213,190,0,203,0,195,0,232,0,95,0,40,0,18,0,13,0,12,
0,76,255,23,255,234,254,136,2,66,252,27,6,252,251,152,250,156,192,0,203,0,195,0,233,0,94,0,40,0,18,0,13,0,11,
0,27,255,23,255,226,254,136,2,66,252,27,6,19,253,29,250,205,190,0,204,0,195,0,233,0,94,0,40,0,17,0,13,0,11,
0,27,255,23,255,226,254,136,2,66,252,27,6,19,253,29,250,43,188,0,204,0,195,0,232,0,95,0,40,0,19,0,13,0,11,
0,48,255,50,255,234,254,136,2,66,252,27,6,46,252,245,249,43,188,0,204,0,195,0,232,0,94,0,40,0,17,0,12,0,11,
0,55,255,77,255,225,254,136,2,66,252,27,6,198,250,220,250,208,189,0,205,0,194,0,232,0,94,0,40,0,19,0,13,0,11,
0,39,255,49,255,249,254,136,2,66,252,27,6,161,251,48,251,247,192,0,206,0,194,0,232,0,93,0,40,0,17,0,13,0,11,
0,39,255,49,255,249,254,136,2,66,252,27,6,207,252,101,250,99,190,0,206,0,194,0,231,0,94,0,40,0,18,0,13,0,11,
0,37,255,58,255,232,254,136,2,66,252,27,6,207,252,101,250,99,190,0,207,0,194,0,232,0,93,0,39,0,17,0,12,0,11,
0,37,255,81,255,253,254,185,2,222,251,121,6,245,251,99,250,130,187,0,206,0,194,0,232,0,93,0,39,0,17,0,12,0,11,
0,67,255,87,255,240,254,185,2,222,251,121,6,32,251,225,250,231,189,0,207,0,194,0,232,0,93,0,34,0,17,0,13,0,12,
0,67,255,87,255,240,254,185,2,222,251,121,6,254,250,58,251,172,191,0,208,0,194,0,231,0,93,0,35,0,16,0,13,0,11,
0,75,255,74,255,238,254,185,2,222,251,121,6,254,250,171,250,84,191,0,208,0,193,0,230,0,93,0,36,0,17,0,13,0,11,
0,34,255,60,255,253,254,185,2,222,251,121,6,235,252,171,250,84,191,0,208,0,193,0,230,0,92,0,37,0,16,0,12,0,11,
0,34,255,60,255,234,254,185,2,222,251,121,6,122,252,69,250,22,188,0,208,0,193,0,229,0,93,0,37,0,16,0,12,0,11,
0,45,255,44,255,234,254,185,2,222,251,121,6,125,250,33,251,156,188,0,208,0,193,0,229,0,93,0,38,0,17,0,13,0,11,
0,55,255,69,255,241,254,185,2,222,251,121,6,66,251,115,251,145,192,0,209,0,193,0,229,0,92,0,38,0,17,0,12,0,11,
0,39,255,66,255,224,254,185,2,222,251,121,6,66,251,115,251,112,190,0,209,0,193,0,229,0,93,0,39,0,18,0,13,0,12,
0,39,255,66,255,224,254,185,2,222,251,121,6,41,252,70,251,112,190,0,209,0,193,0,229,0,92,0,38,0,17,0,13,0,11,
0,58,255,72,255,210,254,205,2,34,252,232,5,181,251,180,250,213,186,0,209,0,193,0,228,0,92,0,39,0,17,0,12,0,11,
0,60,255,88,255,209,254,205,2,34,252,232,5,12,251,127,251,239,189,0,210,0,193,0,227,0,92,0,39,0,18,0,13,0,11,
0,59,255,71,255,205,254,205,2,34,252,232,5,12,251,21,252,210,191,0,211,0,193,0,227,0,92,0,39,0,17,0,12,0,11,
0,59,255,71,255,205,254,205,2,34,252,232,5,216,250,21,252,210,191,0,211,0,192,0,227,0,92,0,40,0,18,0,13,0,11,
0,78,255,94,255,221,254,205,2,34,252,232,5,15,252,146,251,44,191,0,212,0,193,0,227,0,91,0,38,0,17,0,12,0,11,
0,95,255,109,255,208,254,205,2,34,252,232,5,194,252,66,251,102,189,0,211,0,193,0,227,0,92,0,39,0,17,0,12,0,11,
0,90,255,109,255,176,254,205,2,34,252,232,5,221,251,144,251,240,187,0,212,0,193,0,227,0,92,0,39,0,18,0,13,0,11,
0,90,255,141,255,176,254,205,2,34,252,232,5,221,251,144,251,115,190,0,213,0,193,0,227,0,91,0,38,0,17,0,13,0,11,
0,80,255,154,255,181,254,205,2,34,252,232,5,210,250,39,252,115,190,0,213,0,193,0,226,0,91,0,38,0,17,0,12,0,11,
0,95,255,171,255,195,254,205,2,34,252,232,5,240,251,31,252,236,191,0,213,0,193,0,226,0,91,0,39,0,18,0,13,0,11,
0,95,255,171,255,199,254,205,2,34,252,232,5,94,252,94,251,196,188,0,214,0,193,0,227,0,91,0,38,0,17,0,12,0,11,
0,103,255,159,255,199,254,152,2,38,252,116,6,247,251,249,251,202,188,0,213,0,193,0,227,0,91,0,38,0,17,0,13,0,11,
0,116,255,151,255,207,254,152,2,38,252,116,6,247,251,249,251,202,188,0,214,0,193,0,227,0,91,0,41,0,17,0,13,0,11,
0,122,255,142,255,216,254,152,2,38,252,116,6,137,250,135,252,20,190,0,214,0,194,0,227,0,91,0,41,0,17,0,12,0,10,
0,122,255,142,255,216,254,152,2,38,252,116,6,200,252,29,252,90,192,0,214,0,193,0,227,0,92,0,41,0,19,0,13,0,11,
0,131,255,149,255,176,254,152,2,38,252,116,6,106,252,110,251,149,187,0,214,0,193,0,227,0,91,0,40,0,17,0,12,0,11,
0,137,255,160,255,163,254,152,2,38,252,116,6,106,252,29,252,94,189,0,214,0,193,0,227,0,91,0,40,0,18,0,13,0,11,
0,175,255,203,255,175,254,152,2,38,252,116,6,122,250,29,252,94,189,0,214,0,194,0,228,0,91,0,40,0,18,0,13,0,11,
0,175,255,203,255,175,254,152,2,38,252,116,6,161,251,171,252,161,192,0,214,0,193,0,228,0,92,0,40,0,18,0,13,0,11,
0,142,255,186,255,178,254,152,2,38,252,116,6,193,252,218,251,51,190,0,214,0,194,0,228,0,91,0,39,0,17,0,12,0,11,
0,107,255,164,255,154,254,152,2,38,252,116,6,76,251,45,252,217,187,0,215,0,194,0,228,0,91,0,39,0,17,0,12,0,11,
0,95,255,164,255,149,254,235,2,207,251,132,6,76,251,45,252,217,187,0,214,0,194,0,228,0,92,0,40,0,18,0,13,0,12,
0,95,255,155,255,149,254,235,2,207,251,132,6,37,251,123,252,15,190,0,215,0,194,0,229,0,92,0,39,0,17,0,13,0,11,
0,133,255,182,255,143,254,235,2,207,251,132,6,189,251,124,252,112,192,0,214,0,194,0,230,0,92,0,40,0,18,0,13,0,11,
0,128,255,198,255,153,254,235,2,207,251,132,6,216,252,12,252,97,190,0,215,0,195,0,230,0,92,0,39,0,17,0,12,0,11,
0,128,255,198,255,163,254,235,2,207,251,132,6,216,252,217,251,200,187,0,215,0,195,0,230,0,92,0,40,0,18,0,13,0,11,
0,141,255,216,255,163,254,235,2,207,251,132,6,183,252,217,251,200,187,0,215,0,195,0,230,0,92,0,39,0,18,0,13,0,11,
0,149,255,229,255,181,254,235,2,207,251,132,6,195,250,150,252,167,189,0,215,0,195,0,231,0,92,0,40,0,18,0,13,0,11,
0,160,255,225,255,174,254,235,2,207,251,132,6,152,251,147,252,202,191,0,215,0,195,0,232,0,93,0,40,0,18,0,13,0,11,
0,160,255,225,255,174,254,235,2,207,251,132,6,73,253,209,251,175,190,0,215,0,195,0,233,0,92,0,39,0,17,0,12,0,11,
0,205,255,233,255,157,254,235,2,207,251,132,6,73,253,209,251,1,187,0,216,0,195,0,233,0,93,0,39,0,18,0,13,0,11,
0,186,255,249,255,174,254,168,2,33,252,168,5,7,252,212,251,1,187,0,216,0,196,0,233,0,94,0,40,0,18,0,13,0,11,
0,161,255,17,0,205,254,168,2,33,252,168,5,205,251,110,252,155,189,0,216,0,196,0,234,0,93,0,39,0,17,0,12,0,11,
0,161,255,17,0,205,254,168,2,33,252,168,5,230,251,67,252,196,191,0,216,0,196,0,235,0,94,0,39,0,17,0,12,0,11,
0,134,255,23,0,205,254,168,2,33,252,168,5,230,253,171,251,125,189,0,216,0,196,0,235,0,94,0,40,0,18,0,13,0,11,
0,158,255,15,0,233,254,168,2,33,252,168,5,108,253,171,251,125,189,0,216,0,196,0,236,0,94,0,39,0,17,0,12,0,11,
0,164,255,15,0,207,254,168,2,33,252,168,5,117,252,116,251,187,186,0,216,0,196,0,236,0,95,0,40,0,18,0,13,0,11,
0,164,255,4,0,207,254,168,2,33,252,168,5,33,251,29,252,109,189,0,216,0,197,0,237,0,95,0,40,0,18,0,13,0,11,
0,168,255,247,255,211,254,168,2,33,252,168,5,52,253,234,251,246,191,0,216,0,197,0,237,0,96,0,40,0,18,0,13,0,11,
0,170,255,7,0,235,254,168,2,33,252,168,5,52,253,234,251,131,187,0,216,0,198,0,239,0,95,0,40,0,17,0,13,0,11,
0,170,255,7,0,200,254,168,2,33,252,168,5,64,253,88,251,131,187,0,216,0,198,0,239,0,96,0,40,0,18,0,12,0,11,
0,199,255,39,0,200,254,182,2,14,252,172,6,88,252,220,251,94,190,0,216,0,199,0,239,0,96,0,41,0,19,0,13,0,12,
0,205,255,62,0,200,254,182,2,14,252,172,6,165,252,196,251,196,191,0,216,0,200,0,239,0,96,0,40,0,18,0,13,0,11,
0,221,255,88,0,211,254,182,2,14,252,172,6,130,253,95,251,201,187,0,216,0,200,0,239,0,97,0,41,0,19,0,13,0,11,
0,221,255,88,0,211,254,182,2,14,252,172,6,130,253,95,251,201,187,0,217,0,200,0,239,0,97,0,40,0,18,0,12,0,11,
0,204,255,76,0,236,254,182,2,14,252,172,6,36,253,100,251,5,188,0,216,0,200,0,240,0,97,0,41,0,20,0,13,0,11,
0,173,255,42,0,6,255,182,2,14,252,172,6,89,253,125,251,199,189,0,216,0,201,0,241,0,97,0,41,0,20,0,13,0,11,
0,171,255,44,0,17,255,182,2,14,252,172,6,222,253,90,251,189,189,0,216,0,202,0,241,0,97,0,41,0,19,0,13,0,12,
0,171,255,44,0,17,255,182,2,14,252,172,6,222,253,91,251,7,190,0,216,0,202,0,241,0,97,0,40,0,19,0,12,0,11,
0,185,255,47,0,25,255,182,2,14,252,172,6,217,253,91,251,7,190,0,216,0,202,0,240,0,98,0,41,0,20,0,13,0,11,
0,177,255,51,0,15,255,182,2,14,252,172,6,111,253,228,250,159,188,0,217,0,203,0,240,0,97,0,41,0,19,0,13,0,11,
0,177,255,51,0,2,255,182,2,14,252,172,6,200,252,75,251,165,189,0,217,0,203,0,241,0,98,0,41,0,20,0,14,0,11,
0,174,255,42,0,2,255,240,2,239,251,190,6,240,252,66,251,160,190,0,217,0,203,0,241,0,97,0,41,0,19,0,13,0,11,
0,184,255,30,0,229,254,240,2,239,251,190,6,240,252,66,251,88,190,0,217,0,204,0,242,0,97,0,41,0,19,0,13,0,11,
0,217,255,8,0,224,254,240,2,239,251,190,6,66,254,166,250,88,190,0,217,0,204,0,241,0,98,0,41,0,20,0,14,0,11,
0,217,255,8,0,248,254,240,2,239,251,190,6,149,253,143,250,95,188,0,218,0,204,0,241,0,98,0,41,0,19,0,13,0,11,
0,203,255,235,255,248,254,240,2,239,251,190,6,157,253,238,250,248,189,0,219,0,205,0,240,0,98,0,42,0,20,0,13,0,11,
0,228,255,251,255,1,255,240,2,239,251,190,6,157,253,235,250,36,191,0,220,0,204,0,239,0,98,0,41,0,18,0,13,0,12,
0,210,255,246,255,1,255,240,2,239,251,190,6,242,253,235,250,36,191,0,220,0,204,0,239,0,98,0,42,0,18,0,13,0,11,
0,210,255,246,255,1,255,240,2,239,251,190,6,82,254,51,250,107,188,0,221,0,205,0,240,0,97,0,41,0,20,0,13,0,11,
0,209,255,211,255,0,255,240,2,239,251,190,6,51,253,232,250,168,189,0,221,0,205,0,240,0,98,0,42,0,20,0,14,0,12,
0,187,255,174,255,13,255,240,2,239,251,190,6,246,253,205,250,136,190,0,222,0,205,0,240,0,98,0,42,0,20,0,14,0,12,
0,177,255,177,255,14,255,138,2,94,252,81,6,246,253,205,250,36,189,0,222,0,206,0,239,0,97,0,41,0,17,0,13,0,11,
0,177,255,177,255,14,255,138,2,94,252,81,6,237,253,99,250,36,189,0,223,0,206,0,239,0,97,0,41,0,17,0,12,0,11,
0,186,255,199,255,10,255,138,2,94,252,81,6,255,252,35,250,252,187,0,223,0,206,0,238,0,98,0,42,0,19,0,13,0,12,
0,181,255,169,255,8,255,138,2,94,252,81,6,203,253,216,250,217,191,0,223,0,206,0,238,0,97,0,41,0,18,0,12,0,11,
0,181,255,169,255,18,255,138,2,94,252,81,6,81,254,19,250,3,188,0,224,0,205,0,237,0,97,0,41,0,18,0,13,0,11,
0,188,255,147,255,18,255,138,2,94,252,81,6,81,254,19,250,3,188,0,225,0,206,0,237,0,97,0,41,0,18,0,13,0,11,
0,182,255,134,255,37,255,138,2,94,252,81,6,163,252,116,250,189,187,0,225,0,205,0,236,0,97,0,41,0,19,0,13,0,11,
0,191,255,113,255,42,255,138,2,94,252,81,6,251,252,11,251,117,192,0,226,0,206,0,237,0,96,0,41,0,17,0,12,0,11,
0,191,255,113,255,50,255,138,2,94,252,81,6,29,254,29,250,203,189,0,226,0,206,0,237,0,96,0,40,0,18,0,12,0,11,
0,184,255,112,255,50,255,138,2,94,252,81,6,29,254,29,249,57,187,0,226,0,206,0,236,0,96,0,41,0,19,0,13,0,11,
0,165,255,125,255,43,255,207,2,249,251,253,6,19,253,239,249,57,187,0,227,0,206,0,235,0,96,0,41,0,18,0,13,0,11,
0,141,255,80,255,41,255,207,2,249,251,253,6,167,251,167,250,65,190,0,227,0,206,0,235,0,96,0,41,0,18,0,13,0,11,
0,141,255,80,255,41,255,207,2,249,251,253,6,24,254,55,250,182,191,0,227,0,206,0,235,0,96,0,40,0,17,0,12,0,11,
0,133,255,76,255,53,255,207,2,249,251,253,6,170,253,192,249,197,187,0,227,0,206,0,235,0,96,0,40,0,17,0,12,0,11,
0,131,255,83,255,37,255,207,2,249,251,253,6,170,253,192,249,197,187,0,228,0,206,0,234,0,96,0,40,0,18,0,13,0,11,
0,89,255,83,255,16,255,207,2,249,251,253,6,135,252,56,250,240,187,0,228,0,206,0,234,0,96,0,41,0,18,0,13,0,11,
0,89,255,83,255,16,255,207,2,249,251,253,6,78,252,238,250,13,190,0,228,0,205,0,234,0,95,0,41,0,19,0,13,0,12,
0,78,255,97,255,26,255,207,2,249,251,253,6,217,253,123,250,65,191,0,229,0,206,0,234,0,95,0,40,0,18,0,13,0,11,
0,115,255,52,255,47,255,207,2,249,251,253,6,217,253,238,249,239,187,0,229,0,206,0,233,0,95,0,35,0,17,0,13,0,11,
0,115,255,52,255,56,255,207,2,249,251,253,6,110,253,238,249,239,187,0,230,0,205,0,233,0,95,0,37,0,18,0,13,0,12,
0,133,255,33,255,56,255,105,2,74,252,42,6,67,252,108,250,35,187,0,231,0,205,0,233,0,94,0,37,0,17,0,13,0,12,
0,99,255,0,255,53,255,105,2,74,252,42,6,217,251,222,250,232,189,0,232,0,205,0,233,0,94,0,38,0,17,0,12,0,11,
0,74,255,13,255,47,255,105,2,74,252,42,6,178,252,176,250,48,191,0,231,0,205,0,232,0,95,0,39,0,18,0,13,0,12,
0,74,255,13,255,47,255,105,2,74,252,42,6,178,252,176,250,102,188,0,232,0,205,0,232,0,94,0,38,0,17,0,12,0,11,
0,78,255,23,255,48,255,105,2,74,252,42,6,174,253,26,250,102,188,0,232,0,205,0,232,0,94,0,40,0,18,0,13,0,11,
0,110,255,16,255,54,255,105,2,74,252,42,6,53,252,169,250,225,186,0,232,0,205,0,232,0,94,0,39,0,17,0,12,0,11,
0,109,255,32,255,53,255,105,2,74,252,42,6,83,251,56,251,238,189,0,232,0,204,0,232,0,94,0,40,0,18,0,13,0,11,
0,109,255,32,255,53,255,105,2,74,252,42,6,83,253,209,250,179,190,0,233,0,205,0,232,0,93,0,39,0,17,0,12,0,11,
0,84,255,23,255,38,255,105,2,74,252,42,6,25,253,209,250,179,190,0,233,0,204,0,232,0,94,0,39,0,17,0,12,0,11,
0,62,255,25,255,40,255,105,2,74,252,42,6,103,252,107,250,225,186,0,233,0,204,0,231,0,94,0,40,0,18,0,13,0,11,
0,70,255,15,255,67,255,105,2,74,252,42,6,113,251,17,251,190,188,0,234,0,204,0,231,0,93,0,39,0,17,0,13,0,11,
0,70,255,15,255,67,255,160,2,49,252,199,6,239,251,51,251,126,190,0,234,0,204,0,231,0,93,0,39,0,17,0,12,0,11,
0,93,255,45,255,60,255,160,2,49,252,199,6,239,251,51,251,90,190,0,234,0,204,0,231,0,94,0,40,0,18,0,13,0,11,
0,77,255,55,255,44,255,160,2,49,252,199,6,195,252,224,250,90,190,0,234,0,204,0,231,0,93,0,39,0,17,0,12,0,11,
0,77,255,55,255,45,255,160,2,49,252,199,6,158,252,135,250,17,188,0,234,0,204,0,231,0,94,0,40,0,18,0,13,0,11,
0,99,255,48,255,45,255,160,2,49,252,199,6,189,251,202,250,46,187,0,235,0,204,0,231,0,94,0,40,0,18,0,13,0,11,
0,111,255,37,255,30,255,160,2,49,252,199,6,102,251,21,251,68,189,0,235,0,204,0,231,0,94,0,40,0,18,0,13,0,11,
0,97,255,68,255,26,255,160,2,49,252,199,6,102,251,21,251,68,189,0,235,0,204,0,231,0,93,0,40,0,17,0,13,0,11,
0,97,255,68,255,26,255,160,2,49,252,199,6,230,251,228,250,8,191,0,235,0,204,0,231,0,93,0,39,0,17,0,13,0,11,
0,88,255,83,255,39,255,160,2,49,252,199,6,195,252,139,250,124,189,0,235,0,204,0,231,0,94,0,44,0,19,0,13,0,11,
0,65,255,105,255,56,255,160,2,49,252,199,6,2,252,153,250,230,185,0,235,0,204,0,232,0,93,0,43,0,19,0,13,0,11,
0,87,255,105,255,37,255,5,3,35,252,166,6,2,252,53,251,119,189,0,235,0,204,0,232,0,94,0,43,0,19,0,13,0,11,
0,87,255,105,255,37,255,5,3,35,252,166,6,11,251,53,251,119,189,0,235,0,204,0,232,0,93,0,41,0,18,0,13,0,11,
0,99,255,116,255,20,255,5,3,35,252,166,6,160,252,0,251,164,191,0,235,0,204,0,232,0,93,0,41,0,18,0,12,0,11,
0,87,255,124,255,43,255,5,3,35,252,166,6,149,252,81,250,111,187,0,234,0,204,0,232,0,94,0,41,0,19,0,13,0,11,
0,111,255,116,255,20,255,5,3,35,252,166,6,130,251,240,250,157,187,0,234,0,204,0,232,0,93,0,40,0,19,0,13,0,11,
0,111,255,116,255,20,255,5,3,35,252,166,6,130,251,240,250,114,190,0,234,0,204,0,233,0,94,0,40,0,18,0,12,0,11,
0,110,255,118,255,27,255,5,3,35,252,166,6,18,251,50,251,114,190,0,233,0,204,0,233,0,94,0,40,0,18,0,13,0,11,
0,118,255,128,255,61,255,5,3,35,252,166,6,145,252,233,250,198,190,0,233,0,204,0,233,0,94,0,40,0,17,0,12,0,11,
0,118,255,128,255,67,255,5,3,35,252,166,6,153,252,28,250,141,187,0,233,0,204,0,233,0,94,0,40,0,18,0,13,0,11,
0,99,255,154,255,67,255,5,3,35,252,166,6,153,252,163,250,93,187,0,233,0,205,0,234,0,94,0,40,0,17,0,12,0,11,
0,121,255,162,255,76,255,34,3,5,252,163,6,194,251,163,250,93,187,0,232,0,204,0,233,0,94,0,40,0,18,0,13,0,11,
0,112,255,171,255,60,255,34,3,5,252,163,6,31,251,24,251,254,189,0,232,0,205,0,234,0,94,0,40,0,17,0,12,0,11,
0,112,255,171,255,60,255,34,3,5,252,163,6,72,252,196,250,131,191,0,232,0,204,0,234,0,94,0,40,0,17,0,12,0,11,
0,93,255,188,255,64,255,34,3,5,252,163,6,42,253,34,250,149,188,0,232,0,204,0,235,0,95,0,40,0,19,0,13,0,11,
0,74,255,180,255,54,255,34,3,5,252,163,6,42,253,34,250,80,187,0,232,0,205,0,235,0,94,0,40,0,17,0,12,0,11,
0,37,255,193,255,45,255,34,3,5,252,163,6,48,252,87,250,80,187,0,232,0,204,0,235,0,95,0,40,0,18,0,13,0,11,
0,37,255,193,255,45,255,34,3,5,252,163,6,127,251,236,250,200,189,0,232,0,204,0,235,0,95,0,40,0,17,0,13,0,11,
0,45,255,217,255,48,255,34,3,5,252,163,6,17,252,165,250,58,191,0,232,0,204,0,235,0,95,0,40,0,19,0,13,0,12,
0,68,255,206,255,25,255,34,3,5,252,163,6,169,253,17,250,115,188,0,232,0,204,0,236,0,95,0,40,0,18,0,13,0,11,
0,62,255,217,255,56,255,34,3,5,252,163,6,169,253,17,250,115,188,0,232,0,204,0,236,0,95,0,40,0,18,0,13,0,12,
0,62,255,217,255,56,255,190,2,93,252,170,5,4,252,31,250,179,186,0,231,0,204,0,236,0,96,0,40,0,19,0,13,0,11,
0,51,255,195,255,52,255,190,2,93,252,170,5,188,251,111,250,239,189,0,231,0,204,0,237,0,95,0,40,0,17,0,13,0,11,
0,50,255,192,255,48,255,190,2,93,252,170,5,118,252,85,250,8,191,0,231,0,204,0,237,0,96,0,40,0,18,0,13,0,11,
0,50,255,192,255,53,255,190,2,93,252,170,5,118,252,85,249,191,188,0,231,0,204,0,237,0,96,0,40,0,18,0,13,0,11,
0,34,255,174,255,53,255,190,2,93,252,170,5,216,253,187,249,191,188,0,230,0,204,0,238,0,96,0,40,0,18,0,13,0,11,
0,35,255,179,255,49,255,190,2,93,252,170,5,66,252,27,250,201,186,0,230,0,204,0,238,0,96,0,41,0,18,0,13,0,11,
0,5,255,210,255,36,255,190,2,93,252,170,5,187,251,174,250,106,189,0,230,0,204,0,239,0,96,0,40,0,17,0,12,0,11,
0,5,255,210,255,36,255,190,2,93,252,170,5,59,253,42,250,34,191,0,229,0,203,0,239,0,96,0,40,0,17,0,12,0,11,
0,12,255,219,255,49,255,190,2,93,252,170,5,59,253,42,250,34,191,0,229,0,204,0,239,0,97,0,41,0,19,0,13,0,11,
0,14,255,245,255,42,255,190,2,93,252,170,5,193,253,223,249,130,187,0,228,0,204,0,239,0,96,0,40,0,18,0,13,0,11,
0,6,255,234,255,62,255,190,2,39,252,12,6,53,252,8,250,47,187,0,228,0,203,0,239,0,97,0,41,0,18,0,13,0,11,
0,6,255,234,255,62,255,219,2,39,252,12,6,7,252,119,250,6,190,0,228,0,204,0,239,0,96,0,40,0,17,0,12,0,11,
0,241,254,218,255,44,255,219,2,39,252,12,6,7,252,28,250,66,191,0,227,0,203,0,239,0,97,0,41,0,19,0,13,0,11,
0,237,254,198,255,31,255,219,2,39,252,12,6,164,253,28,250,66,191,0,226,0,203,0,239,0,97,0,41,0,18,0,13,0,11,
0,239,254,177,255,34,255,219,2,39,252,12,6,11,254,59,249,119,186,0,226,0,203,0,240,0,97,0,40,0,20,0,13,0,11,
0,239,254,177,255,34,255,219,2,39,252,12,6,60,252,2,250,139,188,0,225,0,203,0,240,0,97,0,41,0,20,0,13,0,11,
0,1,255,186,255,26,255,219,2,39,252,12,6,63,253,54,250,72,191,0,225,0,203,0,240,0,97,0,41,0,19,0,13,0,11,
0,215,254,218,255,50,255,219,2,39,252,12,6,63,253,54,250,146,188,0,224,0,203,0,240,0,97,0,41,0,19,0,13,0,11,
0,215,254,218,255,41,255,219,2,39,252,12,6,203,253,161,249,146,188,0,223,0,203,0,240,0,98,0,42,0,20,0,14,0,12,
0,242,254,208,255,41,255,219,2,39,252,12,6,236,252,172,249,238,187,0,223,0,203,0,240,0,98,0,42,0,20,0,14,0,12,
0,242,254,221,255,29,255,219,2,39,252,12,6,170,252,249,249,111,190,0,222,0,203,0,240,0,98,0,42,0,20,0,14,0,11,
0,238,254,213,255,50,255,147,2,27,252,1,6,170,253,186,249,180,190,0,222,0,203,0,241,0,97,0,41,0,19,0,13,0,11,
0,238,254,213,255,50,255,147,2,27,252,1,6,102,253,186,249,180,190,0,222,0,203,0,241,0,97,0,41,0,19,0,13,0,11,
0,255,254,225,255,53,255,147,2,27,252,1,6,12,254,73,249,97,188,0,221,0,203,0,240,0,98,0,42,0,20,0,14,0,12,
0,226,254,231,255,55,255,147,2,27,252,1,6,39,253,185,249,181,188,0,221,0,203,0,241,0,97,0,41,0,20,0,14,0,11,
0,226,254,229,255,60,255,147,2,27,252,1,6,165,252,92,250,195,190,0,221,0,203,0,240,0,98,0,42,0,20,0,13,0,11,
0,226,254,229,255,60,255,147,2,27,252,1,6,165,252,92,250,81,190,0,221,0,203,0,241,0,97,0,41,0,19,0,13,0,11,
0,220,254,233,255,36,255,147,2,27,252,1,6,80,253,194,249,81,190,0,220,0,202,0,241,0,98,0,41,0,20,0,13,0,11,
0,185,254,233,255,35,255,147,2,27,252,1,6,184,253,203,249,82,189,0,220,0,202,0,241,0,98,0,41,0,20,0,13,0,11,
0,210,254,233,255,12,255,147,2,27,252,1,6,126,253,123,249,77,188,0,220,0,203,0,241,0,97,0,41,0,20,0,13,0,11,
0,210,254,232,255,12,255,147,2,27,252,1,6,217,252,199,249,117,188,0,220,0,202,0,241,0,97,0,41,0,19,0,13,0,11,
0,208,254,235,255,32,255,233,2,237,251,44,7,217,252,199,249,117,188,0,219,0,202,0,241,0,98,0,41,0,19,0,13,0,11,
0,183,254,205,255,43,255,233,2,237,251,44,7,1,253,34,250,5,191,0,219,0,202,0,241,0,98,0,41,0,19,0,13,0,11,
0,183,254,205,255,41,255,233,2,237,251,44,7,18,254,239,249,26,191,0,219,0,201,0,241,0,98,0,42,0,20,0,14,0,11,
0,192,254,227,255,41,255,233,2,237,251,44,7,163,254,128,249,116,188,0,219,0,202,0,242,0,98,0,41,0,19,0,13,0,11,
0,182,254,228,255,59,255,233,2,237,251,44,7,163,254,190,249,242,187,0,218,0,202,0,242,0,98,0,41,0,19,0,14,0,12,
0,115,254,221,255,44,255,233,2,237,251,44,7,243,252,190,249,242,187,0,218,0,201,0,242,0,98,0,42,0,20,0,14,0,12,
0,115,254,221,255,44,255,233,2,237,251,44,7,5,253,77,250,138,190,0,217,0,201,0,242,0,98,0,41,0,19,0,13,0,11,
0,110,254,231,255,55,255,233,2,237,251,44,7,1,254,20,250,22,191,0,217,0,201,0,242,0,99,0,42,0,20,0,14,0,12,
0,164,254,236,255,32,255,233,2,237,251,44,7,206,254,138,249,198,188,0,217,0,201,0,242,0,98,0,41,0,20,0,14,0,12,
0,165,254,228,255,1,255,233,2,237,251,44,7,206,254,138,249,198,187,0,217,0,201,0,242,0,99,0,42,0,20,0,13,0,11,
0,165,254,228,255,1,255,189,2,26,252,147,6,177,253,205,249,92,187,0,217,0,201,0,242,0,99,0,41,0,19,0,13,0,11,
0,165,254,189,255,30,255,189,2,26,252,147,6,182,252,28,250,59,190,0,216,0,200,0,242,0,99,0,42,0,20,0,13,0,12,
0,172,254,187,255,28,255,189,2,26,252,147,6,161,254,34,250,97,191,0,216,0,200,0,242,0,99,0,42,0,20,0,14,0,11,
0,141,254,187,255,23,255,189,2,26,252,147,6,161,254,149,249,87,189,0,216,0,201,0,242,0,98,0,41,0,20,0,13,0,11,
0,141,254,217,255,23,255,189,2,26,252,147,6,169,254,149,249,87,189,0,216,0,200,0,242,0,99,0,42,0,20,0,13,0,11,
0,110,254,222,255,19,255,189,2,26,252,147,6,254,253,161,249,215,187,0,216,0,200,0,242,0,98,0,36,0,18,0,14,0,12,
0,101,254,205,255,6,255,189,2,26,252,147,6,55,253,46,250,118,188,0,216,0,200,0,242,0,98,0,37,0,17,0,13,0,11,
0,101,254,205,255,7,255,189,2,26,252,147,6,159,253,34,250,25,191,0,215,0,200,0,241,0,99,0,39,0,19,0,13,0,12,
0,90,254,162,255,7,255,189,2,26,252,147,6,159,253,34,250,109,190,0,216,0,200,0,241,0,98,0,39,0,19,0,13,0,11,
0,71,254,178,255,251,254,189,2,26,252,147,6,125,254,74,250,109,190,0,215,0,200,0,241,0,98,0,40,0,19,0,13,0,11,
0,115,254,204,255,28,255,125,2,39,252,167,6,25,255,226,249,116,189,0,215,0,200,0,241,0,98,0,40,0,18,0,13,0,11,
0,115,254,204,255,28,255,125,2,39,252,167,6,121,254,189,249,202,189,0,215,0,200,0,241,0,98,0,40,0,18,0,13,0,11,
0,107,254,179,255,51,255,125,2,39,252,167,6,241,253,31,250,96,189,0,215,0,200,0,240,0,98,0,41,0,19,0,13,0,12,
0,48,254,165,255,63,255,125,2,39,252,167,6,241,253,31,250,96,189,0,215,0,200,0,240,0,97,0,41,0,19,0,14,0,12,
0,51,254,154,255,63,255,125,2,39,252,167,6,165,253,72,250,237,189,0,215,0,200,0,239,0,98,0,41,0,17,0,13,0,11,
0,51,254,154,255,63,255,125,2,39,252,167,6,93,254,214,249,77,190,0,215,0,200,0,239,0,97,0,41,0,17,0,13,0,11,
0,91,254,121,255,37,255,125,2,39,252,167,6,235,253,190,249,24,189,0,215,0,200,0,239,0,97,0,41,0,18,0,13,0,11,
0,43,254,122,255,39,255,125,2,39,252,167,6,235,253,190,249,235,189,0,214,0,200,0,239,0,98,0,42,0,18,0,13,0,12,
0,43,254,122,255,43,255,125,2,39,252,167,6,231,253,216,249,235,189,0,215,0,200,0,239,0,97,0,41,0,18,0,12,0,11,
0,22,254,102,255,43,255,125,2,39,252,167,6,188,253,122,249,44,189,0,214,0,200,0,238,0,98,0,42,0,19,0,13,0,12,
0,28,254,101,255,43,255,125,2,39,252,167,6,52,254,255,249,226,190,0,214,0,200,0,238,0,97,0,41,0,19,0,13,0,11,
0,248,253,109,255,36,255,213,2,185,251,150,6,183,253,159,249,11,190,0,214,0,200,0,238,0,97,0,41,0,18,0,12,0,11,
0,248,253,109,255,40,255,213,2,185,251,150,6,183,253,159,249,11,190,0,214,0,200,0,238,0,97,0,41,0,19,0,13,0,11,
0,16,254,108,255,40,255,213,2,185,251,150,6,91,254,102,249,247,190,0,214,0,200,0,238,0,97,0,41,0,19,0,13,0,11,
0,25,254,106,255,50,255,213,2,185,251,150,6,136,254,71,249,252,188,0,214,0,200,0,237,0,96,0,40,0,18,0,12,0,11,
0,254,253,96,255,64,255,213,2,185,251,150,6,176,253,51,249,135,188,0,214,0,199,0,237,0,97,0,41,0,19,0,13,0,11,
0,254,253,96,255,64,255,213,2,185,251,150,6,176,253,10,250,144,190,0,214,0,200,0,237,0,96,0,44,0,18,0,12,0,10,
0,239,253,89,255,86,255,213,2,185,251,150,6,66,253,10,250,144,190,0,213,0,199,0,236,0,97,0,44,0,19,0,13,0,11,
0,255,253,51,255,93,255,213,2,185,251,150,6,155,254,112,249,125,191,0,213,0,199,0,236,0,96,0,43,0,19,0,12,0,11,
0,246,253,23,255,83,255,213,2,185,251,150,6,213,253,54,249,0,188,0,212,0,198,0,236,0,96,0,43,0,19,0,13,0,11,
0,246,253,23,255,83,255,213,2,185,251,150,6,126,253,220,249,239,191,0,212,0,199,0,236,0,95,0,42,0,18,0,12,0,11,
0,230,253,6,255,69,255,168,2,252,251,139,6,126,253,220,249,146,190,0,212,0,198,0,235,0,95,0,41,0,18,0,13,0,11,
0,246,253,9,255,58,255,168,2,252,251,139,6,19,254,184,249,146,190,0,212,0,198,0,235,0,96,0,42,0,19,0,13,0,11,
0,246,254,9,255,86,255,168,2,252,251,139,6,107,253,29,249,116,188,0,211,0,198,0,235,0,95,0,41,0,18,0,13,0,12,
0,0,254,63,255,86,255,168,2,252,251,139,6,63,253,85,249,182,190,0,211,0,198,0,234,0,96,0,41,0,19,0,13,0,11,
0,244,253,41,255,72,255,168,2,252,251,139,6,63,253,29,249,237,190,0,210,0,198,0,234,0,95,0,40,0,18,0,13,0,11,
0,224,253,38,255,61,255,168,2,252,251,139,6,131,253,29,249,237,190,0,210,0,197,0,234,0,95,0,41,0,18,0,13,0,11,
0,224,253,38,255,92,255,168,2,252,251,139,6,146,253,110,249,239,189,0,209,0,197,0,233,0,95,0,41,0,19,0,13,0,11,
0,189,253,56,255,92,255,168,2,252,251,139,6,97,253,100,249,93,190,0,209,0,197,0,233,0,95,0,41,0,19,0,13,0,11,
0,165,253,37,255,110,255,168,2,252,251,139,6,122,253,37,249,4,190,0,209,0,196,0,232,0,95,0,41,0,19,0,13,0,11,
0,127,253,44,255,108,255,168,2,252,251,139,6,122,253,37,249,87,189,0,209,0,197,0,233,0,94,0,40,0,18,0,13,0,11,
0,127,253,44,255,108,255,127,2,71,252,148,6,224,252,83,249,87,189,0,208,0,197,0,232,0,94,0,40,0,18,0,13,0,11,
0,125,253,21,255,102,255,127,2,71,252,148,6,8,252,142,249,208,190,0,208,0,196,0,232,0,94,0,40,0,18,0,13,0,11,
0,106,253,19,255,76,255,127,2,71,252,148,6,224,252,117,249,9,193,0,208,0,196,0,232,0,94,0,40,0,19,0,13,0,11,
0,97,253,18,255,64,255,127,2,71,252,148,6,215,253,202,248,80,190,0,208,0,196,0,231,0,94,0,40,0,18,0,13,0,11,
0,97,253,18,255,64,255,127,2,71,252,148,6,215,253,202,248,80,190,0,208,0,196,0,232,0,93,0,40,0,17,0,12,0,11,
0,86,253,49,255,52,255,127,2,71,252,148,6,89,252,36,249,171,188,0,207,0,196,0,230,0,94,0,40,0,18,0,13,0,11,
0,82,253,52,255,65,255,127,2,71,252,148,6,154,251,213,249,82,191,0,207,0,196,0,230,0,93,0,40,0,18,0,13,0,11,
0,82,253,52,255,73,255,127,2,71,252,148,6,51,253,120,249,149,191,0,207,0,195,0,230,0,93,0,40,0,18,0,13,0,11,
0,102,253,34,255,73,255,127,2,71,252,148,6,51,253,16,249,68,188,0,207,0,195,0,230,0,93,0,40,0,18,0,13,0,11,
0,85,253,26,255,56,255,127,2,71,252,148,6,252,252,16,249,68,188,0,207,0,195,0,230,0,93,0,39,0,17,0,12,0,11,
0,79,253,16,255,65,255,208,2,238,251,161,6,253,251,197,249,54,190,0,207,0,195,0,229,0,93,0,40,0,18,0,13,0,11,
0,79,253,16,255,68,255,208,2,238,251,161,6,240,251,21,250,68,191,0,207,0,195,0,229,0,93,0,40,0,18,0,13,0,11,
0,84,253,15,255,68,255,208,2,238,251,161,6,179,252,253,249,120,190,0,207,0,195,0,229,0,92,0,39,0,17,0,12,0,11,
0,91,253,33,255,63,255,208,2,238,251,161,6,179,252,253,249,120,190,0,207,0,195,0,228,0,93,0,40,0,18,0,13,0,11,
0,113,253,32,255,71,255,208,2,238,251,161,6,90,253,145,249,218,189,0,207,0,195,0,229,0,92,0,39,0,17,0,12,0,11,
0,113,253,32,255,71,255,208,2,238,251,161,6,81,252,239,249,80,188,0,207,0,194,0,228,0,93,0,40,0,18,0,13,0,11,
0,98,253,38,255,36,255,208,2,238,251,161,6,98,251,127,250,191,189,0,207,0,194,0,228,0,93,0,40,0,18,0,13,0,12,
0,76,253,40,255,36,255,208,2,238,251,161,6,98,251,105,250,2,192,0,206,0,194,0,228,0,92,0,40,0,18,0,13,0,11,
0,87,253,58,255,28,255,208,2,238,251,161,6,143,252,105,250,2,192,0,206,0,194,0,228,0,92,0,40,0,18,0,13,0,11,
0,87,253,58,255,28,255,208,2,238,251,161,6,196,253,46,250,27,190,0,207,0,195,0,228,0,92,0,39,0,17,0,12,0,11,
0,88,253,72,255,46,255,208,2,238,251,161,6,137,252,4,250,209,186,0,206,0,194,0,229,0,92,0,39,0,17,0,12,0,11,
0,27,253,56,255,55,255,164,2,32,252,78,6,11,252,174,250,158,189,0,206,0,194,0,228,0,92,0,39,0,18,0,13,0,11,
0,27,253,56,255,58,255,164,2,32,252,78,6,11,252,174,250,87,191,0,206,0,195,0,229,0,92,0,39,0,18,0,13,0,11,
0,12,253,77,255,58,255,164,2,32,252,78,6,141,252,198,250,87,191,0,206,0,194,0,228,0,92,0,40,0,18,0,13,0,11,
0,228,252,93,255,58,255,164,2,32,252,78,6,77,253,10,251,148,190,0,206,0,195,0,229,0,92,0,39,0,17,0,12,0,11,
0,18,253,72,255,49,255,164,2,32,252,78,6,157,253,105,250,1,189,0,206,0,195,0,229,0,92,0,38,0,17,0,12,0,11,
0,18,253,72,255,49,255,164,2,32,252,78,6,157,253,171,250,55,188,0,206,0,195,0,229,0,92,0,39,0,18,0,13,0,11,
0,52,253,92,255,45,255,164,2,32,252,78,6,110,253,171,250,55,188,0,205,0,195,0,229,0,92,0,39,0,18,0,13,0,11,
0,67,253,73,255,45,255,164,2,32,252,78,6,53,252,71,251,45,189,0,206,0,195,0,230,0,92,0,39,0,18,0,13,0,11,
0,89,253,102,255,48,255,164,2,32,252,78,6,215,252,106,251,232,190,0,206,0,195,0,230,0,92,0,38,0,18,0,13,0,11,
0,89,253,102,255,48,255,164,2,32,252,78,6,37,254,203,250,59,190,0,206,0,195,0,231,0,92,0,39,0,17,0,12,0,11,
0,125,253,129,255,39,255,196,2,222,251,25,7,37,254,203,250,171,188,0,205,0,195,0,231,0,93,0,40,0,18,0,13,0,11,
0,185,253,83,255,32,255,196,2,222,251,25,7,87,253,62,251,171,188,0,206,0,196,0,231,0,92,0,39,0,18,0,13,0,11,
0,187,253,69,255,35,255,196,2,222,251,25,7,126,252,107,251,29,189,0,205,0,195,0,231,0,93,0,39,0,18,0,13,0,11,
0,187,253,69,255,35,255,196,2,222,251,25,7,243,252,86,251,145,190,0,206,0,196,0,232,0,93,0,39,0,17,0,12,0,11,
0,195,253,75,255,21,255,196,2,222,251,25,7,173,253,136,251,225,190,0,205,0,196,0,232,0,93,0,40,0,18,0,13,0,11,
0,167,253,92,255,2,255,196,2,222,251,25,7,173,253,136,251,225,190,0,205,0,196,0,232,0,94,0,40,0,18,0,13,0,11,
0,167,253,92,255,6,255,196,2,222,251,25,7,189,253,81,251,179,188,0,206,0,196,0,232,0,93,0,40,0,18,0,13,0,11,
0,186,253,117,255,6,255,196,2,222,251,25,7,64,253,82,251,146,189,0,206,0,196,0,232,0,93,0,39,0,17,0,13,0,11,
0,178,253,144,255,23,255,196,2,222,251,25,7,3,253,72,251,45,190,0,205,0,196,0,232,0,94,0,40,0,18,0,13,0,11,
0,167,253,146,255,22,255,196,2,222,251,25,7,3,253,138,251,102,190,0,206,0,196,0,233,0,94,0,39,0,17,0,12,0,11,
0,167,253,146,255,22,255,156,2,223,251,2,6,131,253,138,251,102,190,0,206,0,196,0,233,0,94,0,40,0,18,0,13,0,11,
0,184,253,106,255,19,255,156,2,223,251,2,6,48,253,181,251,50,190,0,206,0,196,0,233,0,94,0,40,0,17,0,12,0,11,
0,206,253,110,255,249,254,156,2,223,251,2,6,253,253,27,251,181,190,0,206,0,196,0,233,0,94,0,40,0,17,0,12,0,11,
0,205,253,150,255,16,255,156,2,223,251,2,6,164,253,112,251,103,189,0,206,0,196,0,233,0,94,0,40,0,18,0,13,0,11,
0,205,253,150,255,16,255,156,2,223,251,2,6,164,253,112,251,103,188,0,206,0,197,0,233,0,94,0,40,0,17,0,12,0,11,
0,182,253,141,255,30,255,156,2,223,251,2,6,219,252,37,251,250,188,0,206,0,196,0,233,0,94,0,40,0,18,0,13,0,11,
0,204,253,125,255,40,255,156,2,223,251,2,6,235,252,74,251,16,191,0,206,0,197,0,233,0,94,0,40,0,18,0,13,0,11,
0,229,253,106,255,2,255,156,2,223,251,2,6,27,253,110,251,55,191,0,206,0,197,0,233,0,94,0,40,0,17,0,12,0,11,
0,229,253,106,255,2,255,156,2,223,251,2,6,27,253,86,251,242,189,0,206,0,197,0,233,0,94,0,40,0,18,0,13,0,11,
0,218,253,118,255,238,254,156,2,223,251,2,6,206,253,86,251,242,189,0,206,0,197,0,234,0,94,0,39,0,17,0,12,0,11,
0,202,253,134,255,22,255,122,2,24,252,171,6,155,253,192,250,83,188,0,206,0,197,0,233,0,95,0,40,0,18,0,13,0,11,
0,202,253,134,255,56,255,122,2,24,252,171,6,69,253,6,251,126,189,0,206,0,197,0,234,0,94,0,35,0,17,0,13,0,12,
0,192,253,139,255,56,255,122,2,24,252,171,6,123,252,193,251,220,190,0,206,0,198,0,234,0,94,0,35,0,16,0,12,0,11,
0,176,253,144,255,54,255,122,2,24,252,171,6,123,252,193,251,181,191,0,206,0,197,0,233,0,95,0,37,0,17,0,13,0,12,
0,169,253,119,255,40,255,122,2,24,252,171,6,195,253,67,251,181,191,0,206,0,198,0,233,0,94,0,37,0,16,0,12,0,11,
0,169,253,119,255,40,255,122,2,24,252,171,6,133,254,211,250,207,189,0,205,0,197,0,233,0,95,0,38,0,17,0,13,0,12,
0,178,253,122,255,6,255,122,2,24,252,171,6,248,252,249,250,51,188,0,205,0,197,0,233,0,94,0,39,0,18,0,13,0,12,
0,155,253,134,255,25,255,122,2,24,252,171,6,88,252,100,251,56,190,0,205,0,197,0,233,0,94,0,39,0,18,0,13,0,11,
0,158,253,135,255,250,254,122,2,24,252,171,6,88,252,100,251,56,190,0,206,0,198,0,233,0,94,0,40,0,17,0,13,0,12,
0,158,253,135,255,250,254,122,2,24,252,171,6,178,253,73,251,170,192,0,205,0,198,0,233,0,94,0,39,0,17,0,12,0,11,
0,159,253,131,255,15,255,122,2,24,252,171,7,111,254,105,250,30,188,0,205,0,197,0,232,0,94,0,40,0,18,0,13,0,11,
0,165,253,115,255,29,255,208,2,163,251,10,7,57,253,210,250,119,189,0,205,0,198,0,232,0,94,0,40,0,18,0,13,0,11,
0,159,253,98,255,30,255,208,2,163,251,10,7,57,253,210,251,38,192,0,205,0,198,0,232,0,94,0,40,0,18,0,13,0,11,
0,159,253,98,255,30,255,208,2,163,251,10,7,29,252,127,251,38,192,0,205,0,198,0,232,0,93,0,40,0,17,0,12,0,11,
0,116,253,113,255,40,255,208,2,163,251,10,7,127,253,253,250,226,191,0,205,0,197,0,231,0,94,0,40,0,18,0,13,0,11,
0,125,253,111,255,35,255,208,2,163,251,10,7,133,253,176,250,248,187,0,205,0,197,0,231,0,94,0,40,0,18,0,13,0,11,
0,125,253,111,255,11,255,208,2,163,251,10,7,197,251,4,251,163,189,0,205,0,197,0,230,0,93,0,40,0,18,0,13,0,11,
0,135,253,107,255,11,255,208,2,163,251,10,7,197,251,4,251,163,189,0,205,0,197,0,230,0,93,0,40,0,18,0,13,0,11,
0,123,253,85,255,6,255,208,2,163,251,10,7,2,253,101,251,140,192,0,205,0,198,0,230,0,92,0,39,0,17,0,13,0,11,
0,144,253,67,255,244,254,208,2,163,251,10,7,213,253,169,250,54,189,0,205,0,198,0,230,0,93,0,39,0,17,0,12,0,11,
0,144,253,67,255,244,254,208,2,163,251,10,7,61,252,222,250,66,189,0,205,0,197,0,229,0,93,0,40,0,18,0,13,0,11,
0,170,253,58,255,250,254,184,2,192,251,56,6,61,252,47,251,14,191,0,205,0,197,0,229,0,92,0,39,0,17,0,12,0,11,
0,181,253,78,255,13,255,184,2,192,251,56,6,83,252,47,251,14,191,0,205,0,196,0,228,0,93,0,40,0,18,0,13,0,11,
0,182,253,65,255,13,255,184,2,192,251,56,6,238,252,4,251,144,191,0,205,0,197,0,228,0,92,0,43,0,18,0,12,0,11,
0,182,253,65,255,13,255,184,2,192,251,56,6,97,253,161,250,89,189,0,205,0,196,0,228,0,92,0,42,0,18,0,12,0,11,
0,159,253,57,255,11,255,184,2,192,251,56,6,238,251,55,251,218,189,0,204,0,196,0,228,0,92,0,42,0,19,0,13,0,11,
0,192,253,73,255,252,254,184,2,192,251,56,6,238,251,55,251,168,190,0,205,0,196,0,228,0,92,0,41,0,19,0,13,0,11,
0,176,253,73,255,245,254,184,2,192,251,56,6,203,252,45,251,168,190,0,204,0,195,0,227,0,92,0,41,0,19,0,13,0,11,
0,176,253,82,255,245,254,184,2,192,251,56,6,200,252,171,250,9,189,0,204,0,196,0,228,0,92,0,40,0,18,0,12,0,11,
0,143,253,82,255,242,254,184,2,192,251,56,6,162,251,112,251,26,191,0,204,0,195,0,227,0,92,0,40,0,19,0,13,0,11,
0,111,253,82,255,8,255,184,2,192,251,56,6,162,251,75,251,120,191,0,204,0,195,0,227,0,92,0,40,0,18,0,13,0,11,
0,111,253,82,255,242,254,144,2,202,251,245,6,45,253,75,251,120,191,0,204,0,194,0,226,0,92,0,40,0,18,0,13,0,11,
0,205,253,86,255,242,254,144,2,202,251,245,6,227,252,46,251,163,189,0,204,0,194,0,226,0,91,0,39,0,18,0,13,0,11,
0,205,253,99,255,221,254,144,2,202,251,245,6,211,251,59,251,39,189,0,204,0,194,0,227,0,91,0,38,0,17,0,12,0,11,
0,167,253,104,255,253,254,144,2,202,251,245,6,213,251,90,251,236,191,0,204,0,194,0,226,0,91,0,38,0,17,0,12,0,11,
0,167,253,104,255,253,254,144,2,202,251,245,6,213,251,90,251,187,190,0,203,0,193,0,226,0,91,0,39,0,18,0,13,0,11,
0,149,253,82,255,5,255,144,2,202,251,245,6,191,252,27,251,187,190,0,204,0,194,0,226,0,91,0,39,0,17,0,12,0,11,
0,178,253,69,255,230,254,144,2,202,251,245,6,53,252,233,250,49,189,0,203,0,193,0,226,0,91,0,39,0,18,0,13,0,11,
0,193,253,65,255,243,254,144,2,202,251,245,6,57,252,56,251,74,189,0,204,0,193,0,226,0,91,0,38,0,17,0,12,0,11,
0,193,253,65,255,243,254,144,2,202,251,245,6,141,251,139,251,118,190,0,203,0,193,0,226,0,91,0,39,0,18,0,13,0,11,
0,142,253,100,255,233,254,144,2,202,251,245,6,141,251,139,251,118,190,0,203,0,193,0,226,0,91,0,39,0,17,0,13,0,11,
0,141,253,118,255,233,254,162,2,179,251,14,7,153,252,174,251,39,191,0,203,0,193,0,226,0,91,0,38,0,17,0,12,0,11,
0,182,253,118,255,239,254,162,2,179,251,14,7,77,252,97,251,89,190,0,203,0,193,0,226,0,91,0,39,0,18,0,13,0,11,
0,182,253,102,255,239,254,162,2,179,251,14,7,37,252,117,251,161,189,0,203,0,193,0,226,0,90,0,38,0,17,0,12,0,11,
0,183,253,100,255,254,254,162,2,179,251,14,7,37,252,218,251,51,190,0,203,0,193,0,226,0,90,0,38,0,17,0,13,0,11,
0,158,253,112,255,231,254,162,2,179,251,14,7,188,251,218,251,51,190,0,203,0,193,0,226,0,91,0,39,0,18,0,13,0,11,
0,158,253,112,255,215,254,162,2,179,251,14,7,171,252,213,251,118,191,0,203,0,193,0,226,0,91,0,39,0,18,0,13,0,11,
0,176,253,90,255,215,254,162,2,179,251,14,7,242,252,142,251,148,189,0,203,0,193,0,226,0,91,0,39,0,18,0,13,0,11,
0,198,253,118,255,205,254,162,2,179,251,14,7,143,251,196,251,30,188,0,203,0,193,0,227,0,91,0,38,0,17,0,12,0,11,
0,163,253,122,255,220,254,162,2,179,251,14,7,143,251,196,251,30,192,0,203,0,193,0,226,0,91,0,39,0,18,0,13,0,11,
0,163,253,122,255,220,254,162,2,179,251,14,7,83,252,131,252,173,192,0,203,0,193,0,227,0,91,0,39,0,17,0,13,0,11,
0,146,253,103,255,245,254,189,2,201,251,83,7,220,253,189,251,55,189,0,203,0,193,0,227,0,91,0,38,0,18,0,13,0,11,
0,149,253,86,255,229,254,189,2,201,251,83,7,162,252,14,252,2,189,0,203,0,193,0,227,0,91,0,39,0,17,0,13,0,11,
0,155,253,68,255,185,254,189,2,201,251,83,7,162,252,219,252,45,190,0,204,0,193,0,227,0,91,0,38,0,17,0,12,0,11,
0,155,253,68,255,185,254,189,2,201,251,83,7,226,251,219,252,45,190,0,204,0,193,0,227,0,91,0,39,0,18,0,13,0,11,
0,167,253,96,255,197,254,189,2,201,251,83,7,29,253,207,252,248,191,0,204,0,193,0,227,0,91,0,38,0,17,0,12,0,11,
0,207,253,98,255,211,254,189,2,201,251,83,7,112,253,19,252,8,189,0,205,0,193,0,228,0,91,0,38,0,17,0,12,0,11,
0,227,253,98,255,209,254,189,2,201,251,83,7,79,252,88,252,198,187,0,205,0,194,0,228,0,91,0,38,0,17,0,12,0,11,
0,227,253,106,255,209,254,189,2,201,251,83,7,79,252,88,252,154,191,0,205,0,193,0,227,0,92,0,38,0,17,0,13,0,11,
0,208,253,117,255,203,254,189,2,201,251,83,7,75,252,241,252,154,191,0,206,0,194,0,228,0,91,0,38,0,17,0,12,0,11,
0,222,253,120,255,182,254,189,2,201,251,83,7,100,253,143,252,54,191,0,206,0,193,0,227,0,92,0,39,0,17,0,13,0,11,
0,222,253,120,255,168,254,189,2,201,251,83,7,133,253,7,252,52,188,0,206,0,194,0,228,0,91,0,39,0,17,0,13,0,11,
0,231,253,147,255,168,254,175,2,130,251,28,7,192,252,109,252,238,188,0,207,0,194,0,228,0,91,0,38,0,17,0,12,0,11,
0,250,253,142,255,165,254,175,2,130,251,28,7,192,252,109,252,238,188,0,206,0,194,0,228,0,92,0,39,0,18,0,13,0,11,
0,12,254,126,255,201,254,175,2,130,251,28,7,101,251,94,253,134,191,0,207,0,194,0,228,0,92,0,38,0,17,0,12,0,11,
0,12,254,126,255,201,254,175,2,130,251,28,7,44,254,159,252,82,191,0,207,0,194,0,228,0,92,0,40,0,18,0,13,0,11,
0,0,254,119,255,178,254,175,2,130,251,28,7,122,253,112,252,115,187,0,208,0,194,0,229,0,92,0,39,0,18,0,13,0,11,
0,243,253,116,255,170,254,175,2,130,251,28,7,122,253,112,252,151,189,0,208,0,195,0,229,0,92,0,39,0,17,0,13,0,11,
0,213,253,130,255,166,254,175,2,130,251,28,7,237,251,251,252,151,189,0,208,0,194,0,229,0,92,0,40,0,18,0,13,0,11,
0,213,253,130,255,166,254,175,2,130,251,28,7,23,254,243,252,239,192,0,209,0,195,0,229,0,92,0,39,0,17,0,12,0,11,
0,230,253,115,255,163,254,175,2,130,251,28,7,213,253,133,252,41,188,0,209,0,194,0,229,0,92,0,39,0,18,0,13,0,11,
0,247,253,107,255,186,254,175,2,130,251,28,7,189,252,31,253,101,190,0,209,0,195,0,229,0,92,0,39,0,18,0,13,0,11,
0,247,253,107,255,195,254,131,2,193,251,132,6,189,252,31,253,101,190,0,209,0,195,0,229,0,92,0,39,0,18,0,12,0,11,
0,244,253,72,255,195,254,131,2,193,251,132,6,122,253,31,253,93,192,0,210,0,195,0,230,0,92,0,38,0,17,0,12,0,11,
0,244,253,53,255,183,254,131,2,193,251,132,6,231,253,126,252,211,187,0,210,0,195,0,229,0,92,0,39,0,17,0,12,0,11,
0,9,254,81,255,193,254,131,2,193,251,132,6,226,252,162,253,107,191,0,210,0,194,0,229,0,92,0,39,0,18,0,13,0,11,
0,9,254,81,255,199,254,131,2,193,251,132,6,226,252,199,252,179,189,0,211,0,195,0,230,0,92,0,39,0,17,0,13,0,11,
0,49,254,73,255,199,254,131,2,193,251,132,6,235,253,199,252,179,189,0,211,0,195,0,230,0,92,0,39,0,17,0,12,0,10,
0,36,254,93,255,177,254,131,2,193,251,132,6,35,254,224,252,44,189,0,212,0,195,0,229,0,93,0,40,0,18,0,13,0,11,
0,234,253,78,255,181,254,131,2,193,251,132,6,143,252,77,253,96,190,0,212,0,195,0,230,0,92,0,39,0,17,0,12,0,11,
0,234,253,78,255,181,254,131,2,193,251,132,6,113,254,35,253,188,191,0,212,0,195,0,230,0,92,0,40,0,18,0,13,0,12,
0,238,253,72,255,195,254,131,2,193,251,132,6,113,254,35,253,55,187,0,213,0,195,0,230,0,92,0,39,0,18,0,13,0,11,
0,50,254,76,255,198,254,197,2,190,251,220,5,107,254,151,252,55,187,0,213,0,195,0,229,0,93,0,39,0,18,0,13,0,11,
0,56,254,53,255,182,254,197,2,190,251,220,5,17,253,199,252,221,189,0,214,0,195,0,229,0,92,0,39,0,18,0,13,0,12,
0,56,254,53,255,182,254,197,2,190,251,220,5,72,253,33,253,208,191,0,215,0,196,0,229,0,92,0,39,0,17,0,12,0,11,
0,11,254,47,255,187,254,197,2,190,251,220,5,72,253,179,252,75,190,0,215,0,195,0,229,0,93,0,40,0,18,0,13,0,12,
0,237,253,57,255,189,254,197,2,190,251,220,5,114,254,179,252,75,190,0,216,0,195,0,229,0,93,0,40,0,18,0,13,0,11,
0,237,253,57,255,213,254,197,2,190,251,220,5,237,253,128,252,175,188,0,216,0,195,0,229,0,92,0,39,0,18,0,13,0,11,
0,226,253,41,255,213,254,197,2,190,251,220,5,197,252,148,252,185,188,0,216,0,195,0,228,0,93,0,40,0,18,0,13,0,11,
0,210,253,44,255,225,254,197,2,190,251,220,5,222,252,216,252,226,190,0,217,0,196,0,228,0,92,0,39,0,17,0,12,0,11,
0,168,253,39,255,233,254,197,2,190,251,220,5,222,252,216,252,25,190,0,217,0,195,0,228,0,92,0,34,0,17,0,13,0,12,
0,168,253,39,255,213,254,197,2,190,251,220,5,21,254,153,252,25,190,0,217,0,196,0,228,0,92,0,35,0,17,0,13,0,12,
0,197,253,27,255,213,254,218,2,126,251,201,6,1,254,127,252,101,189,0,218,0,196,0,228,0,92,0,35,0,16,0,12,0,11,
0,214,253,16,255,191,254,218,2,126,251,201,6,110,253,219,252,36,190,0,217,0,195,0,227,0,92,0,37,0,17,0,13,0,11,
0,231,253,3,255,191,254,218,2,126,251,201,6,113,253,75,252,68,189,0,218,0,196,0,227,0,91,0,36,0,16,0,12,0,11,
0,231,253,3,255,191,254,218,2,126,251,201,6,113,253,75,252,68,189,0,218,0,196,0,227,0,92,0,37,0,17,0,13,0,11,
0,242,253,247,254,221,254,218,2,126,251,201,6,31,253,93,252,236,189,0,218,0,196,0,227,0,92,0,38,0,17,0,13,0,11,
0,232,253,221,254,225,254,218,2,126,251,201,6,69,253,98,252,140,189,0,219,0,196,0,227,0,92,0,38,0,17,0,12,0,11,
0,12,254,238,254,213,254,218,2,126,251,201,6,244,252,162,252,230,190,0,219,0,196,0,227,0,91,0,38,0,17,0,12,0,11,
0,12,254,238,254,213,254,218,2,126,251,201,6,244,252,97,252,205,190,0,220,0,196,0,227,0,91,0,38,0,17,0,12,0,11,
0,40,254,244,254,249,254,218,2,126,251,201,6,197,253,97,252,205,190,0,219,0,196,0,226,0,92,0,39,0,17,0,13,0,11,
0,49,254,245,254,228,254,218,2,126,251,201,6,52,253,59,252,224,188,0,220,0,196,0,226,0,91,0,39,0,17,0,13,0,11,
0,49,254,245,254,239,254,218,2,126,251,201,6,186,252,118,252,21,190,0,220,0,196,0,226,0,91,0,39,0,17,0,13,0,11,
0,246,253,7,255,239,254,131,2,204,251,219,6,110,252,106,252,82,191,0,221,0,197,0,227,0,91,0,38,0,17,0,12,0,11,
0,212,253,254,254,240,254,131,2,204,251,219,6,110,252,106,252,82,189,0,221,0,197,0,226,0,91,0,38,0,17,0,12,0,11,
0,203,253,246,254,230,254,131,2,204,251,219,6,77,253,253,251,208,189,0,221,0,196,0,226,0,91,0,39,0,18,0,13,0,11,
0,203,253,246,254,234,254,131,2,204,251,219,6,93,252,9,252,70,188,0,222,0,197,0,226,0,91,0,39,0,18,0,13,0,11,
0,234,253,219,254,234,254,131,2,204,251,219,6,96,252,48,252,199,189,0,222,0,196,0,225,0,91,0,39,0,18,0,13,0,11,
0,247,253,225,254,236,254,131,2,204,251,219,6,96,252,133,252,21,191,0,222,0,197,0,226,0,91,0,38,0,17,0,12,0,11,
0,226,253,213,254,226,254,131,2,204,251,219,6,99,253,133,252,21,191,0,222,0,196,0,225,0,91,0,39,0,18,0,13,0,11,
0,226,253,213,254,226,254,131,2,204,251,219,6,238,252,19,252,162,188,0,222,0,196,0,225,0,91,0,39,0,17,0,13,0,11,
0,235,253,196,254,229,254,131,2,204,251,219,6,93,252,30,252,141,188,0,223,0,196,0,226,0,90,0,38,0,16,0,12,0,11,
0,232,253,227,254,237,254,131,2,204,251,219,6,143,252,13,252,237,189,0,223,0,196,0,225,0,91,0,43,0,18,0,12,0,11,
0,233,253,210,254,229,254,153,2,156,251,39,7,143,252,13,252,194,189,0,223,0,196,0,226,0,90,0,41,0,17,0,12,0,10,
0,233,253,210,254,229,254,153,2,156,251,39,7,84,252,113,252,194,189,0,223,0,196,0,225,0,91,0,41,0,18,0,13,0,11,
0,7,254,225,254,202,254,153,2,156,251,39,7,38,253,241,251,135,189,0,223,0,196,0,225,0,91,0,40,0,18,0,12,0,11,
0,254,253,250,254,203,254,153,2,156,251,39,7,158,252,205,251,212,188,0,223,0,196,0,225,0,91,0,40,0,18,0,13,0,11,
0,254,253,250,254,221,254,153,2,156,251,39,7,158,252,34,252,131,189,0,223,0,196,0,225,0,91,0,40,0,18,0,13,0,11,
0,8,254,251,254,221,254,153,2,156,251,39,7,56,252,34,252,131,189,0,224,0,196,0,225,0,90,0,38,0,17,0,12,0,11,
0,223,253,255,254,246,254,153,2,156,251,39,7,237,251,113,252,171,190,0,223,0,196,0,225,0,91,0,39,0,18,0,13,0,11,
0,204,253,226,254,225,254,153,2,156,251,39,7,175,253,24,252,173,189,0,223,0,196,0,225,0,91,0,39,0,18,0,13,0,11,
0,204,253,226,254,225,254,153,2,156,251,39,7,219,251,141,252,138,189,0,224,0,196,0,226,0,90,0,38,0,17,0,12,0,12,
0,192,253,210,254,234,254,153,2,156,251,39,7,219,251,141,252,18,191,0,223,0,196,0,225,0,91,0,39,0,18,0,13,0,11,
0,195,253,236,254,240,254,162,2,154,251,194,6,233,252,149,252,18,191,0,223,0,196,0,226,0,90,0,38,0,18,0,13,0,11,
0,200,253,24,255,224,254,162,2,154,251,194,6,167,252,145,252,129,188,0,224,0,196,0,226,0,90,0,38,0,17,0,12,0,11,
0,200,253,24,255,224,254,162,2,154,251,194,6,12,251,209,252,91,189,0,223,0,196,0,226,0,91,0,39,0,18,0,13,0,11,
0,184,253,46,255,208,254,162,2,154,251,194,6,45,253,129,252,145,190,0,224,0,196,0,226,0,91,0,39,0,18,0,13,0,11,
0,206,253,31,255,216,254,162,2,154,251,194,6,45,253,129,252,145,190,0,224,0,196,0,227,0,91,0,38,0,18,0,13,0,11,
0,255,253,39,255,193,254,162,2,154,251,194,6,57,253,30,252,160,186,0,223,0,196,0,226,0,91,0,39,0,18,0,13,0,11,
0,255,253,39,255,193,254,162,2,154,251,194,6,200,250,26,253,126,189,0,224,0,196,0,227,0,91,0,38,0,17,0,12,0,11,
0,2,254,82,255,182,254,162,2,154,251,194,6,189,252,192,252,220,191,0,223,0,196,0,226,0,91,0,39,0,17,0,13,0,11,
0,233,253,72,255,201,254,162,2,154,251,194,6,189,252,4,252,225,187,0,224,0,196,0,227,0,91,0,39,0,18,0,13,0,11,
0,233,253,72,255,225,254,162,2,154,251,194,6,227,252,4,252,225,187,0,224,0,196,0,227,0,90,0,38,0,17,0,13,0,11,
0,219,253,76,255,225,254,207,2,153,251,146,6,202,251,95,252,40,187,0,224,0,196,0,227,0,91,0,39,0,17,0,13,0,11,
0,171,253,108,255,218,254,207,2,153,251,146,6,154,251,42,253,179,190,0,224,0,196,0,227,0,91,0,38,0,17,0,12,0,11,
0,210,253,134,255,220,254,207,2,153,251,146,6,203,253,116,252,177,190,0,224,0,196,0,226,0,91,0,38,0,18,0,13,0,11,
0,210,253,134,255,220,254,207,2,153,251,146,6,203,253,116,252,212,186,0,225,0,197,0,226,0,91,0,38,0,17,0,13,0,11,
0,217,253,115,255,211,254,207,2,153,251,146,6,53,252,87,252,212,186,0,225,0,196,0,226,0,91,0,39,0,17,0,13,0,11,
0,228,253,121,255,188,254,207,2,153,251,146,6,137,252,5,253,14,191,0,226,0,197,0,227,0,91,0,38,0,17,0,12,0,11,
0,202,253,151,255,204,254,207,2,153,251,146,6,155,252,123,252,16,189,0,226,0,197,0,226,0,91,0,38,0,17,0,12,0,11,
0,202,253,151,255,204,254,207,2,153,251,146,6,155,252,118,252,69,188,0,226,0,196,0,226,0,91,0,39,0,18,0,13,0,11,
0,203,253,154,255,216,254,207,2,153,251,146,6,247,252,118,252,69,188,0,227,0,196,0,225,0,91,0,38,0,17,0,13,0,11,
0,181,253,160,255,214,254,207,2,153,251,146,6,151,252,145,252,85,188,0,227,0,197,0,225,0,91,0,39,0,17,0,13,0,11,
0,167,253,182,255,220,254,207,2,153,251,146,6,254,251,240,252,116,189,0,228,0,197,0,226,0,90,0,38,0,17,0,12,0,11,
0,167,253,182,255,220,254,189,2,111,251,246,5,242,252,186,252,149,190,0,228,0,197,0,225,0,91,0,38,0,17,0,12,0,11,
0,188,253,162,255,235,254,189,2,111,251,246,5,242,252,186,252,163,187,0,228,0,196,0,225,0,91,0,39,0,18,0,13,0,12,
0,189,253,182,255,235,254,189,2,111,251,246,5,49,253,70,252,163,187,0,228,0,196,0,225,0,91,0,39,0,18,0,13,0,11,
0,189,253,182,255,208,254,189,2,111,251,246,5,43,252,1,253,78,189,0,229,0,196,0,225,0,91,0,38,0,17,0,13,0,11,
0,199,253,173,255,208,254,189,2,111,251,246,5,201,252,162,252,83,189,0,230,0,197,0,225,0,90,0,38,0,17,0,12,0,11,
0,214,253,186,255,192,254,189,2,111,251,246,5,67,253,66,252,237,187,0,230,0,197,0,225,0,90,0,38,0,17,0,12,0,11,
0,166,253,184,255,217,254,189,2,111,251,246,5,67,253,66,252,237,187,0,230,0,196,0,225,0,91,0,39,0,18,0,13,0,12,
0,166,253,184,255,217,254,189,2,111,251,246,5,102,252,149,252,229,188,0,230,0,196,0,224,0,91,0,39,0,17,0,13,0,11,
0,123,253,168,255,240,254,189,2,111,251,246,5,16,253,186,252,243,189,0,230,0,196,0,224,0,90,0,38,0,17,0,13,0,11,
0,112,253,168,255,253,254,189,2,111,251,246,5,154,253,93,252,139,188,0,231,0,196,0,225,0,90,0,38,0,17,0,13,0,11,
0,104,253,174,255,254,254,207,2,138,251,60,6,154,253,191,252,166,188,0,231,0,196,0,224,0,90,0,38,0,16,0,12,0,11,
0,104,253,174,255,254,254,207,2,138,251,60,6,151,252,191,252,166,188,0,231,0,196,0,224,0,90,0,38,0,17,0,13,0,11,
0,100,253,188,255,229,254,207,2,138,251,60,6,2,252,209,252,232,189,0,231,0,196,0,223,0,90,0,38,0,19,0,13,0,11,
0,98,253,196,255,217,254,207,2,138,251,60,6,162,253,117,252,219,189,0,232,0,196,0,223,0,89,0,37,0,18,0,13,0,11,
0,108,253,208,255,212,254,207,2,138,251,60,6,70,253,101,252,104,186,0,231,0,196,0,223,0,90,0,38,0,19,0,13,0,11,
0,108,253,208,255,212,254,207,2,138,251,60,6,70,253,101,252,104,188,0,232,0,196,0,223,0,89,0,37,0,18,0,13,0,11,
0,61,253,220,255,223,254,207,2,138,251,60,6,11,252,254,252,246,188,0,231,0,195,0,222,0,90,0,38,0,19,0,13,0,11,
0,47,253,205,255,216,254,207,2,138,251,60,6,109,253,248,252,3,191,0,232,0,195,0,223,0,89,0,38,0,18,0,13,0,11,
0,47,253,205,255,191,254,207,2,138,251,60,6,54,253,19,252,121,187,0,231,0,195,0,222,0,90,0,38,0,18,0,13,0,11,
0,99,253,215,255,191,254,207,2,138,251,60,6,54,253,105,252,24,187,0,232,0,195,0,222,0,89,0,37,0,18,0,13,0,11,
0,81,253,225,255,210,254,184,2,110,251,17,7,255,251,105,252,24,187,0,231,0,194,0,222,0,89,0,38,0,19,0,13,0,11,
0,42,253,215,255,1,255,184,2,110,251,17,7,55,252,181,252,134,190,0,231,0,194,0,221,0,89,0,38,0,18,0,13,0,11,
0,42,253,215,255,1,255,184,2,110,251,17,7,159,253,110,252,164,191,0,231,0,195,0,221,0,89,0,37,0,18,0,13,0,12,
0,5,253,190,255,253,254,184,2,110,251,17,7,251,252,188,251,211,185,0,231,0,194,0,221,0,88,0,37,0,17,0,12,0,11,
0,7,253,158,255,11,255,184,2,110,251,17,7,251,252,188,251,255,188,0,231,0,194,0,220,0,89,0,38,0,18,0,13,0,11,
0,254,252,192,255,1,255,184,2,110,251,17,7,66,251,155,252,255,188,0,231,0,194,0,220,0,88,0,37,0,17,0,12,0,11,
0,254,252,192,255,1,255,184,2,110,251,17,7,122,253,47,252,5,192,0,231,0,193,0,220,0,89,0,38,0,18,0,13,0,11,
0,167,252,216,255,252,254,184,2,110,251,17,7,254,252,131,251,141,187,0,231,0,193,0,220,0,88,0,37,0,17,0,12,0,11,
0,152,252,213,255,245,254,184,2,110,251,17,7,213,251,55,252,50,189,0,231,0,193,0,219,0,88,0,37,0,18,0,13,0,11,
0,189,252,213,255,229,254,184,2,110,251,17,7,213,251,55,252,50,189,0,232,0,192,0,220,0,87,0,37,0,17,0,12,0,11,
0,189,252,217,255,229,254,183,2,76,251,106,7,239,252,38,252,70,190,0,231,0,192,0,219,0,88,0,37,0,18,0,13,0,11,
0,215,252,227,255,239,254,183,2,76,251,106,7,119,252,48,252,221,189,0,232,0,192,0,219,0,88,0,37,0,18,0,13,0,11,
0,189,252,247,255,4,255,183,2,76,251,106,7,102,252,180,251,8,187,0,232,0,191,0,219,0,87,0,37,0,18,0,13,0,11,
0,189,252,247,255,14,255,183,2,76,251,106,7,102,252,180,252,210,188,0,233,0,191,0,219,0,87,0,37,0,17,0,12,0,11,
0,128,252,0,0,14,255,183,2,76,251,106,7,169,251,21,252,210,188,0,233,0,191,0,219,0,88,0,37,0,18,0,13,0,11,
0,109,252,217,255,28,255,183,2,76,251,106,7,227,251,97,252,146,189,0,218,0,196,0,221,0,87,0,31,0,16,0,13,0,11,
0,109,252,229,255,22,255,183,2,76,251,106,7,115,252,187,252,174,191,0,187,0,210,0,234,0,89,0,33,0,15,0,13,0,12,
0,109,252,229,255,22,255,183,2,76,251,106,7,174,253,203,255,213,200,0,202,0,246,1,45,0,98,0,36,0,16,0,13,0,12,
0,126,252,239,255,249,254,183,2,76,251,106,7,174,253,203,255,213,200,0,220,1,45,1,83,0,108,0,39,0,19,0,13,0,12,
0,44,253,133,255,230,254,183,2,76,251,106,7,143,254,229,1,161,205,0,251,1,80,1,85,0,115,0,41,0,19,0,13,0,11,
0,7,254,0,255,15,255,183,3,95,251,28,6,188,3,233,0,157,212,0,170,1,80,1,84,0,121,0,45,0,20,0,14,0,12,
0,7,254,0,255,15,255,5,3,95,251,28,6,130,30,237,4,59,216,0,132,1,77,1,78,0,125,0,47,0,18,0,13,0,11,
0,131,255,243,254,178,254,5,3,95,251,28,6,130,30,113,249,66,242,0,133,1,68,1,40,0,125,0,48,0,19,0,13,0,10,
0,16,2,61,255,89,251,5,3,95,251,28,6,233,40,113,249,66,242,0,134,1,41,0,218,0,116,0,47,0,20,0,12,0,10,
0,112,7,61,252,28,248,5,3,95,251,28,6,93,41,73,28,62,10,0,135,0,250,0,153,0,104,0,47,0,22,0,13,0,11,
0,112,7,234,252,28,248,5,3,95,251,28,6,58,34,229,39,54,20,0,136,0,200,0,136,0,91,0,43,0,17,0,12,0,9,
0,35,14,33,248,131,248,5,3,95,251,28,6,254,21,255,45,221,3,0,136,0,159,0,133,0,83,0,41,0,17,0,12,0,11,
0,27,20,249,244,220,251,5,3,95,251,28,6,254,21,255,45,125,251,0,136,0,142,0,133,0,75,0,39,0,18,0,13,0,12,
0,27,20,249,244,122,0,5,3,95,251,28,6,46,4,19,40,125,251,0,137,0,137,0,133,0,71,0,37,0,18,0,13,0,12,
0,252,23,118,245,122,0,5,3,95,251,28,6,10,246,207,30,222,249,0,139,0,136,0,133,0,65,0,34,0,17,0,13,0,13,
0,119,25,240,248,19,5,5,3,95,251,28,6,239,234,60,25,177,251,0,143,0,135,0,133,0,61,0,31,0,16,0,13,0,13,
0,115,25,41,253,222,7,196,2,242,251,29,7,239,234,116,21,7,251,0,148,0,134,0,133,0,59,0,30,0,17,0,13,0,13,
0,115,25,41,253,222,7,196,2,242,251,29,7,176,222,116,21,7,251,0,160,0,136,0,133,0,57,0,28,0,16,0,13,0,12,
0,18,24,7,0,138,8,196,2,242,251,29,7,194,215,179,10,102,232,0,180,0,136,0,133,0,54,0,27,0,14,0,12,0,12,
0,174,21,148,1,176,8,196,2,242,251,29,7,73,210,16,249,253,221,0,200,0,136,0,133,0,52,0,25,0,13,0,11,0,11,
0,184,18,121,2,12,9,196,2,242,251,29,7,187,197,159,234,47,214,0,218,0,136,0,135,0,51,0,23,0,12,0,11,0,10,
0,184,18,121,2,12,9,196,2,242,251,29,7,187,197,159,234,217,196,0,235,0,135,0,137,0,51,0,23,0,13,0,11,0,10,
0,152,14,6,2,97,9,196,2,242,251,29,7,243,196,90,222,217,196,0,246,0,135,0,157,0,52,0,26,0,14,0,10,0,10,
0,1,9,175,0,95,9,196,2,242,251,29,7,180,200,47,213,115,185,0,249,0,135,0,215,0,59,0,26,0,14,0,10,0,9,
0,139,2,175,0,62,8,196,2,242,251,29,7,188,204,157,206,11,177,0,247,0,136,1,17,0,70,0,28,0,14,0,11,0,10,
0,139,2,170,255,62,8,196,2,242,251,29,7,24,211,53,206,142,166,0,236,0,136,1,74,0,85,0,31,0,14,0,12,0,11,
0,167,251,25,255,42,6,166,2,18,252,19,6,24,211,53,206,142,166,0,221,0,138,1,76,0,96,0,33,0,14,0,11,0,11,
0,92,245,248,254,94,3,166,2,18,252,19,6,202,219,196,215,224,160,0,206,0,139,1,73,0,105,0,36,0,16,0,12,0,11,
0,92,245,248,254,109,0,166,2,18,252,19,6,99,230,253,231,49,154,0,192,0,141,1,73,0,112,0,40,0,17,0,12,0,11,
0,32,241,115,255,109,0,166,2,18,252,19,6,178,240,132,247,55,151,0,183,0,146,1,73,0,117,0,42,0,17,0,12,0,11,
0,54,239,208,255,65,254,166,2,18,252,19,6,178,240,69,6,61,150,0,174,0,156,1,72,0,121,0,45,0,17,0,11,0,10,
0,26,240,195,255,216,252,166,2,18,252,19,6,67,252,69,6,61,150,0,168,0,177,1,68,0,126,0,48,0,20,0,13,0,11,
0,26,240,195,255,216,252,166,2,18,252,19,6,193,4,18,16,33,153,0,164,0,209,1,60,0,128,0,53,0,23,0,14,0,12,
0,120,243,106,255,78,252,166,2,18,252,19,6,75,8,11,23,23,156,0,163,0,244,1,43,0,127,0,53,0,21,0,13,0,12,
0,203,248,170,254,146,252,166,2,18,252,19,6,169,9,46,28,157,163,0,164,1,21,1,12,0,123,0,52,0,21,0,14,0,11,
0,0,255,12,254,198,253,166,2,18,252,19,6,169,9,46,28,157,173,0,168,1,47,0,222,0,117,0,53,0,25,0,15,0,12,
0,0,255,12,254,198,253,195,2,249,251,57,6,220,9,125,28,30,173,0,172,1,63,0,164,0,105,0,50,0,22,0,14,0,12,
0,231,4,226,253,189,255,195,2,249,251,57,6,191,4,255,24,122,183,0,179,1,66,0,136,0,93,0,46,0,21,0,14,0,11,
0,227,9,73,254,182,1,195,2,249,251,57,6,101,254,150,18,40,191,0,188,1,65,0,133,0,84,0,44,0,21,0,14,0,11,
0,227,13,73,254,76,3,195,2,249,251,57,6,101,254,46,12,140,198,0,198,1,61,0,133,0,77,0,41,0,20,0,13,0,11,
0,45,13,83,255,76,3,195,2,249,251,57,6,35,249,46,12,140,198,0,210,1,55,0,133,0,72,0,38,0,19,0,13,0,11,
0,209,14,246,0,48,4,195,2,249,251,57,6,12,245,146,4,221,202,0,224,1,46,0,133,0,66,0,35,0,18,0,13,0,11,
0,27,15,122,3,151,4,195,2,249,251,57,6,194,244,25,253,143,205,0,238,1,36,0,132,0,63,0,33,0,18,0,14,0,11,
0,27,15,122,3,198,4,195,2,249,251,57,6,191,243,138,246,27,206,0,252,1,26,0,132,0,60,0,31,0,16,0,13,0,11,
0,64,14,115,6,198,4,195,2,249,251,57,6,191,243,138,246,242,206,1,12,1,16,0,133,0,56,0,29,0,15,0,12,0,11,
0,153,12,166,9,126,4,195,2,249,251,57,6,191,244,48,240,242,206,1,28,1,6,0,135,0,55,0,27,0,15,0,12,0,11,
0,137,10,77,12,10,4,164,2,28,252,233,6,251,249,178,233,53,206,1,43,0,254,0,143,0,55,0,27,0,15,0,12,0,11,
0,137,10,77,12,10,4,164,2,28,252,233,6,163,254,166,228,14,201,1,56,0,247,0,244,0,65,0,28,0,17,0,13,0,12,
0,91,8,204,13,160,3,164,2,28,252,233,6,151,3,46,225,240,198,1,63,0,243,1,78,0,82,0,30,0,14,0,12,0,12,
0,79,6,167,13,49,3,164,2,28,252,233,6,151,3,46,225,240,198,1,67,0,242,1,77,0,93,0,32,0,14,0,12,0,11,
0,204,4,8,12,237,2,164,2,28,252,233,6,81,9,243,223,103,196,1,70,0,241,1,74,0,104,0,37,0,16,0,13,0,11,
0,204,4,8,12,237,2,164,2,28,252,233,6,142,13,194,222,134,191,1,68,0,241,1,73,0,111,0,40,0,17,0,12,0,11,
0,173,3,151,9,141,2,164,2,28,252,233,6,114,13,106,224,241,192,1,63,0,243,1,72,0,116,0,42,0,17,0,12,0,11,
0,16,3,191,6,83,2,164,2,28,252,233,6,114,13,106,224,152,193,1,62,0,244,1,71,0,121,0,45,0,19,0,13,0,11,
0,16,2,191,6,41,2,164,2,28,252,233,6,237,13,130,226,152,193,1,61,0,246,1,70,0,125,0,47,0,19,0,13,0,11,
0,168,2,60,4,41,2,164,2,28,252,233,6,34,14,113,228,55,190,1,61,0,245,1,71,0,127,0,48,0,19,0,13,0,11,
0,65,2,103,2,9,2,164,2,28,252,233,6,250,11,217,231,19,194,1,62,0,244,1,68,0,130,0,51,0,21,0,13,0,11,
0,4,2,48,1,234,1,138,2,87,252,205,6,127,12,117,235,200,200,1,89,0,242,1,68,0,132,0,52,0,22,0,13,0,11,
0,4,2,48,1,193,1,138,2,87,252,205,6,127,12,117,235,200,200,1,91,0,241,1,67,0,134,0,54,0,23,0,14,0,11,
0,186,1,193,0,193,1,138,2,87,252,205,6,139,14,136,237,53,200,1,78,0,239,1,67,0,134,0,54,0,22,0,14,0,11,
0,143,1,10,1,169,1,138,2,87,252,205,6,173,13,154,239,204,199,1,73,0,232,1,65,0,136,0,56,0,23,0,15,0,12,
0,32,1,137,1,123,1,138,2,87,252,205,6,97,15,137,241,183,205,1,72,0,226,1,65,0,136,0,57,0,25,0,15,0,12,
0,32,1,137,1,123,1,138,2,87,252,205,6,97,15,243,240,162,200,1,72,0,219,1,63,0,136,0,58,0,27,0,15,0,12,
0,137,0,33,2,119,1,138,2,87,252,205,6,161,17,243,240,162,200,1,71,0,214,1,63,0,136,0,57,0,25,0,15,0,12,
0,254,255,103,2,190,1,138,2,87,252,205,6,215,16,200,241,207,198,1,69,0,207,1,61,0,136,0,58,0,26,0,16,0,12,
0,166,255,156,2,247,1,138,2,87,252,205,6,235,17,96,241,106,198,1,69,0,201,1,59,0,136,0,58,0,25,0,16,0,12,
0,166,255,156,2,247,1,138,2,87,252,205,6,98,16,240,240,91,193,1,68,0,195,1,56,0,136,0,59,0,26,0,16,0,13,
0,250,254,82,2,43,2,99,2,41,252,136,6,98,16,240,240,176,193,1,68,0,191,1,54,0,135,0,59,0,26,0,16,0,13,
0,73,254,143,1,91,2,99,2,41,252,136,6,253,14,181,240,176,193,1,67,0,187,1,51,0,134,0,59,0,26,0,16,0,12,
0,73,254,143,1,140,2,99,2,41,252,136,6,39,15,74,240,154,191,1,66,0,183,1,47,0,132,0,58,0,23,0,15,0,12,
0,190,253,141,0,140,2,99,2,41,252,136,6,186,12,15,240,17,187,1,66,0,180,1,41,0,131,0,57,0,23,0,15,0,12,
0,21,253,79,255,205,2,99,2,41,252,136,6,186,12,125,239,89,185,1,65,0,177,1,33,0,129,0,57,0,25,0,16,0,12,
0,155,252,1,254,220,2,99,2,41,252,136,6,147,10,125,239,89,185,1,63,0,174,1,22,0,127,0,57,0,27,0,16,0,12,
0,155,252,1,254,220,2,99,2,41,252,136,6,65,8,184,239,216,186,1,63,0,171,1,9,0,124,0,56,0,24,0,15,0,11,
0,78,252,168,252,234,2,99,2,41,252,136,6,5,8,164,238,94,186,1,63,0,167,0,249,0,118,0,54,0,25,0,14,0,11,
0,30,252,80,251,190,2,99,2,41,252,136,6,39,6,105,238,45,184,1,63,0,162,0,232,0,113,0,52,0,22,0,14,0,11,
0,211,251,1,250,116,2,99,2,41,252,136,6,39,6,105,238,113,185,1,62,0,158,0,212,0,108,0,52,0,25,0,15,0,12,
0,211,251,1,250,116,2,213,2,11,252,57,7,226,3,192,238,113,185,1,62,0,154,0,191,0,101,0,49,0,24,0,15,0,12,
0,168,251,216,248,18,2,213,2,11,252,57,7,36,3,164,238,166,188,1,62,0,150,0,171,0,93,0,46,0,20,0,14,0,11,
0,163,251,249,247,178,1,213,2,11,252,57,7,179,2,134,238,54,187,1,62,0,147,0,155,0,85,0,43,0,21,0,14,0,11,
0,98,251,8,247,78,1,213,2,11,252,57,7,62,0,173,238,103,185,1,61,0,145,0,144,0,79,0,40,0,20,0,13,0,11,
0,98,251,8,247,78,1,213,2,11,252,57,7,62,0,173,238,103,185,1,61,0,144,0,139,0,73,0,38,0,18,0,13,0,11,
0,41,251,77,246,241,0,213,2,11,252,57,7,153,253,56,239,233,187,1,61,0,143,0,136,0,68,0,35,0,17,0,13,0,11,
0,0,251,228,245,141,0,213,2,11,252,57,7,12,254,88,239,155,189,1,62,0,142,0,135,0,63,0,33,0,16,0,12,0,10,
0,0,251,228,245,39,0,213,2,11,252,57,7,102,251,114,239,242,183,1,63,0,142,0,135,0,60,0,31,0,15,0,12,0,11,
0,196,250,208,245,39,0,213,2,11,252,57,7,102,251,67,241,235,184,1,63,0,142,0,134,0,57,0,28,0,14,0,11,0,11,
0,146,250,244,245,178,255,213,2,11,252,57,7,144,248,67,241,235,184,1,63,0,141,0,134,0,55,0,27,0,14,0,12,0,11,
0,104,250,99,246,90,255,223,2,244,251,89,6,203,248,51,242,205,187,1,63,0,141,0,134,0,54,0,27,0,14,0,12,0,11,
0,104,250,99,246,90,255,223,2,244,251,89,6,194,247,131,242,72,184,1,63,0,142,0,134,0,52,0,25,0,13,0,11,0,10,
0,39,250,213,246,2,255,223,2,244,251,89,6,3,246,34,244,60,181,1,65,0,142,0,135,0,51,0,19,0,11,0,11,0,11,
0,13,250,99,247,204,254,223,2,244,251,89,6,3,246,34,244,60,183,1,65,0,142,0,134,0,50,0,20,0,11,0,11,0,11,
0,49,250,39,248,149,254,223,2,244,251,89,6,14,244,227,245,64,183,1,65,0,142,0,134,0,50,0,21,0,12,0,11,0,11,
0,49,250,39,248,149,254,223,2,244,251,89,6,248,244,28,247,128,182,1,65,0,142,0,134,0,49,0,21,0,12,0,11,0,11,
0,82,250,247,248,137,254,223,2,244,251,89,6,145,243,86,248,252,179,1,65,0,142,0,134,0,49,0,21,0,11,0,11,0,10,
0,97,250,139,249,96,254,223,2,244,251,89,6,145,243,205,249,219,179,1,65,0,143,0,134,0,48,0,21,0,11,0,10,0,10,
0,106,250,15,250,38,254,223,2,244,251,89,6,172,241,205,249,219,179,1,65,0,143,0,134,0,48,0,21,0,11,0,10,0,10,
0,106,250,15,250,38,254,223,2,244,251,89,6,52,240,100,251,96,179,1,63,0,142,0,133,0,48,0,22,0,12,0,11,0,11,
0,141,250,201,250,23,254,223,2,244,251,89,6,231,239,90,252,34,179,1,63,0,142,0,133,0,47,0,21,0,12,0,11,0,11,
0,165,250,162,251,228,253,200,2,241,251,186,6,30,239,195,252,146,178,1,62,0,142,0,133,0,47,0,21,0,12,0,11,0,10,
0,165,250,162,251,149,253,200,2,241,251,186,6,30,239,195,252,183,175,1,62,0,143,0,134,0,47,0,21,0,11,0,11,0,11,
0,146,250,169,252,149,253,200,2,241,251,186,6,150,236,220,253,183,175,1,61,0,143,0,135,0,47,0,21,0,11,0,10,0,10,
0,242,250,218,253,93,253,200,2,241,251,186,6,119,235,14,255,150,177,1,59,0,143,0,135,0,47,0,21,0,12,0,11,0,11,
0,88,251,22,255,253,252,200,2,241,251,186,6,189,235,185,255,92,179,1,58,0,144,0,136,0,47,0,22,0,11,0,11,0,11,
0,88,251,22,255,253,252,200,2,241,251,186,6,219,236,169,255,183,176,1,56,0,144,0,136,0,48,0,22,0,12,0,11,0,10,
0,155,251,76,0,189,252,200,2,241,251,186,6,219,236,169,255,183,176,1,55,0,144,0,137,0,47,0,21,0,11,0,10,0,11,
0,179,251,151,1,126,252,200,2,241,251,186,6,154,236,13,0,60,175,1,53,0,144,0,139,0,48,0,21,0,11,0,11,0,11,
0,209,251,185,2,62,252,200,2,241,251,186,6,42,236,212,0,15,177,1,51,0,145,0,140,0,49,0,22,0,12,0,11,0,11,
0,209,251,185,2,62,252,200,2,241,251,186,6,43,237,125,1,223,179,1,49,0,146,0,144,0,49,0,22,0,14,0,11,0,11,
0,235,251,166,3,13,252,34,3,220,251,173,6,43,237,125,1,10,179,1,47,0,146,0,149,0,50,0,22,0,13,0,11,0,11,
0,11,252,185,4,232,251,34,3,220,251,173,6,123,238,98,1,10,179,1,43,0,146,0,163,0,53,0,23,0,12,0,11,0,11,
0,33,252,188,5,217,251,34,3,220,251,173,6,178,238,241,0,246,175,1,42,0,147,0,190,0,57,0,23,0,13,0,11,0,11,
0,33,252,188,5,217,251,34,3,220,251,173,6,215,237,194,1,151,177,1,38,0,147,0,235,0,66,0,29,0,13,0,11,0,11,
0,59,252,169,6,152,251,34,3,220,251,173,6,155,238,85,2,173,181,1,35,0,148,1,37,0,78,0,31,0,14,0,11,0,11,
0,87,252,183,7,100,251,34,3,220,251,173,6,155,238,85,2,173,181,1,32,0,148,1,73,0,91,0,33,0,15,0,12,0,11,
0,87,252,183,7,88,251,34,3,220,251,173,6,18,241,186,1,245,179,1,29,0,149,1,72,0,100,0,36,0,15,0,12,0,11,
0,110,252,201,8,88,251,34,3,220,251,173,6,159,242,53,1,177,178,1,26,0,150,1,70,0,108,0,39,0,17,0,12,0,11,
0,81,252,156,9,46,251,34,3,220,251,173,6,146,242,226,1,207,178,1,23,0,150,1,69,0,114,0,41,0,17,0,12,0,11,
0,73,252,105,10,13,251,34,3,220,251,173,6,146,242,235,1,154,183,1,20,0,151,1,68,0,118,0,43,0,17,0,12,0,11,
0,73,252,105,10,13,251,191,2,173,251,163,6,154,245,235,1,154,183,1,16,0,151,1,67,0,123,0,46,0,19,0,13,0,11,
0,10,252,18,11,217,250,191,2,173,251,163,6,107,247,104,1,235,182,1,14,0,151,1,67,0,125,0,48,0,20,0,13,0,12,
0,205,251,115,11,195,250,191,2,173,251,163,6,99,249,247,0,241,180,1,11,0,151,1,66,0,127,0,49,0,20,0,13,0,11,
0,222,251,170,11,183,250,191,2,173,251,163,6,218,249,240,0,149,180,1,8,0,151,1,65,0,130,0,52,0,22,0,14,0,12,
0,222,251,170,11,183,250,191,2,173,251,163,6,218,249,240,0,194,182,1,4,0,151,1,63,0,132,0,53,0,24,0,14,0,12,
0,220,251,169,11,191,250,191,2,173,251,163,6,4,251,49,1,194,182,1,1,0,152,1,64,0,132,0,54,0,22,0,14,0,12,
0,177,251,158,11,207,250,191,2,173,251,163,6,59,254,233,0,177,183,0,254,0,151,1,63,0,134,0,55,0,25,0,15,0,12,
0,106,251,131,11,187,250,191,2,173,251,163,6,146,255,169,255,73,181,0,250,0,153,1,63,0,134,0,55,0,24,0,15,0,12,
0,106,251,131,11,187,250,191,2,173,251,163,6,146,255,112,255,109,180,0,247,0,153,1,62,0,135,0,57,0,25,0,16,0,12,
0,65,251,65,11,197,250,191,2,173,251,163,6,80,0,112,255,109,180,0,244,0,154,1,62,0,135,0,57,0,24,0,15,0,12,
0,9,251,227,10,192,250,116,2,150,251,92,6,4,1,207,255,75,182,0,240,0,155,1,61,0,136,0,58,0,26,0,16,0,12,
0,9,251,227,10,181,250,116,2,150,251,92,6,48,3,27,255,15,183,0,237,0,156,1,61,0,135,0,58,0,25,0,15,0,12,
0,252,250,134,10,181,250,116,2,150,251,92,6,125,5,141,254,210,182,0,233,0,158,1,59,0,136,0,58,0,26,0,16,0,13,
0,217,250,49,10,179,250,116,2,150,251,92,6,125,5,141,254,114,180,0,229,0,159,1,59,0,136,0,59,0,26,0,16,0,13,
0,194,250,179,9,215,250,116,2,150,251,92,6,232,6,157,254,114,180,0,226,0,161,1,58,0,134,0,57,0,25,0,15,0,12,
0,194,250,179,9,215,250,116,2,150,251,92,6,63,7,21,255,64,181,0,222,0,163,1,55,0,134,0,58,0,26,0,16,0,12,
0,161,250,20,9,238,250,116,2,150,251,92,6,171,7,103,255,191,181,0,219,0,165,1,54,0,133,0,57,0,25,0,15,0,12,
0,156,250,102,8,39,251,116,2,150,251,92,6,220,7,173,255,126,182,0,216,0,166,1,51,0,133,0,58,0,26,0,15,0,12,
0,171,250,156,7,105,251,116,2,150,251,92,6,220,7,173,255,126,182,0,214,0,167,1,48,0,132,0,58,0,26,0,16,0,12,
0,171,250,156,7,105,251,116,2,150,251,92,6,252,6,3,1,239,181,0,215,0,168,1,43,0,131,0,57,0,23,0,14,0,11,
0,216,250,228,6,191,251,116,2,150,251,173,6,70,3,4,4,159,181,0,216,0,168,1,38,0,130,0,57,0,23,0,15,0,11,
0,71,251,67,6,129,252,35,2,165,251,173,6,247,255,14,6,135,182,0,215,0,169,1,36,0,128,0,59,0,24,0,14,0,11,
0,0,252,67,5,131,253,35,2,165,251,173,6,247,255,127,5,194,181,0,214,0,170,1,31,0,126,0,58,0,26,0,15,0,11,
0,0,252,209,5,131,253,35,2,165,251,173,6,185,255,127,5,194,181,0,212,0,169,1,29,0,126,0,57,0,26,0,16,0,12,
0,183,252,176,5,23,254,35,2,165,251,173,6,139,255,198,5,209,182,0,211,0,168,1,27,0,124,0,56,0,26,0,16,0,12,
0,131,253,213,5,28,254,35,2,165,251,173,6,225,0,230,5,204,183,0,209,0,168,1,24,0,122,0,55,0,25,0,15,0,11,
0,131,253,213,5,57,254,35,2,165,251,173,6,246,0,86,4,47,183,0,207,0,165,1,21,0,121,0,55,0,25,0,16,0,12,
0,77,254,224,5,57,254,35,2,165,251,173,6,246,0,86,4,47,183,0,206,0,164,1,22,0,119,0,53,0,23,0,14,0,11,
0,20,255,155,5,138,254,35,2,165,251,173,6,127,0,5,2,151,182,0,204,0,162,1,22,0,119,0,53,0,24,0,15,0,12,
0,192,255,43,5,215,254,35,2,165,251,173,6,164,255,64,1,8,185,0,203,0,161,1,23,0,119,0,53,0,24,0,15,0,12,
0,192,255,43,5,215,254,35,2,165,251,173,6,174,0,5,0,48,187,0,203,0,160,1,25,0,118,0,52,0,23,0,14,0,11,
0,4,0,240,4,3,255,31,2,207,251,250,6,174,0,51,255,134,186,0,200,0,159,1,27,0,119,0,53,0,24,0,16,0,12,
0,61,0,137,4,236,254,31,2,207,251,250,6,131,255,51,255,134,186,0,198,0,159,1,31,0,119,0,52,0,23,0,15,0,11,
0,56,0,62,4,139,254,31,2,207,251,250,6,91,254,178,254,205,185,0,194,0,158,1,34,0,120,0,52,0,22,0,14,0,12,
0,56,0,62,4,139,254,31,2,207,251,250,6,26,254,170,254,137,187,0,191,0,158,1,37,0,121,0,52,0,22,0,14,0,12,
0,254,255,13,4,247,253,31,2,207,251,250,6,61,255,26,254,123,187,0,188,0,157,1,40,0,121,0,52,0,22,0,14,0,11,
0,171,255,247,3,130,253,31,2,207,251,250,6,61,255,26,254,152,186,0,185,0,157,1,43,0,122,0,52,0,22,0,14,0,12,
0,52,255,247,4,250,252,31,2,207,251,250,6,51,0,192,253,152,186,0,182,0,156,1,45,0,123,0,52,0,22,0,14,0,11,
0,52,255,30,4,250,252,31,2,207,251,250,6,48,0,57,253,127,185,0,179,0,155,1,46,0,124,0,53,0,23,0,15,0,12,
0,188,254,44,4,175,252,31,2,207,251,250,6,99,0,88,253,239,187,0,175,0,154,1,48,0,126,0,54,0,25,0,15,0,12,
0,113,254,41,4,105,252,31,2,207,251,250,6,99,2,55,252,18,187,0,170,0,154,1,50,0,126,0,54,0,24,0,15,0,12,
0,113,254,41,4,48,252,30,2,170,251,179,6,34,2,55,252,18,187,0,166,0,153,1,53,0,127,0,54,0,24,0,15,0,12,
0,17,254,241,3,48,252,30,2,170,251,179,6,79,3,118,251,68,186,0,161,0,153,1,55,0,128,0,57,0,24,0,14,0,12,
0,135,253,168,3,253,251,30,2,170,251,179,6,192,2,102,251,136,184,0,156,0,152,1,55,0,129,0,57,0,25,0,16,0,12,
0,26,253,72,3,202,251,30,2,170,251,179,6,19,3,120,251,80,186,0,151,0,152,1,56,0,130,0,57,0,25,0,15,0,12,
0,26,253,72,3,202,251,30,2,170,251,179,6,19,3,120,251,201,184,0,148,0,151,1,57,0,131,0,57,0,25,0,15,0,12,
0,219,252,172,2,205,251,30,2,170,251,179,6,53,4,211,250,201,184,0,146,0,152,1,57,0,131,0,56,0,24,0,15,0,12,
0,142,252,1,2,243,251,30,2,170,251,179,6,64,3,211,250,187,183,0,143,0,152,1,57,0,132,0,57,0,25,0,16,0,12,
0,65,252,125,1,239,251,30,2,170,251,179,6,37,3,116,251,95,185,0,141,0,153,1,57,0,132,0,57,0,25,0,16,0,12,
0,65,252,125,1,239,251,30,2,170,251,179,6,162,4,31,251,19,181,0,140,0,154,1,57,0,132,0,57,0,25,0,16,0,12,
0,19,252,54,1,4,252,30,2,170,251,179,6,162,4,31,251,19,181,0,139,0,155,1,57,0,132,0,57,0,25,0,15,0,12,
0,0,252,219,0,80,252,205,1,121,251,146,6,196,2,47,253,170,183,0,138,0,156,1,57,0,133,0,58,0,25,0,16,0,12,
0,17,252,219,0,111,252,205,1,121,251,146,6,179,3,208,253,49,186,0,138,0,159,1,56,0,132,0,57,0,24,0,15,0,11,
0,17,252,134,0,111,252,205,1,121,251,146,6,245,4,181,253,77,181,0,137,0,160,1,55,0,133,0,57,0,25,0,16,0,12,
0,57,252,58,0,109,252,205,1,121,251,146,6,245,4,61,255,161,182,0,137,0,163,1,54,0,132,0,57,0,26,0,16,0,12,
0,160,252,13,0,89,252,205,1,121,251,146,6,150,2,61,255,161,182,0,137,0,165,1,53,0,132,0,57,0,25,0,15,0,11,
0,160,252,13,0,68,252,205,1,121,251,146,6,56,3,100,0,110,186,0,137,0,168,1,52,0,132,0,57,0,25,0,15,0,11,
0,14,253,26,0,68,252,205,1,121,251,146,6,222,4,125,0,53,186,0,137,0,170,1,50,0,132,0,57,0,26,0,15,0,12,
0,80,253,45,0,116,252,205,1,121,251,146,6,42,4,144,0,76,184,0,137,0,173,1,48,0,131,0,57,0,25,0,16,0,12,
0,161,253,66,0,160,252,205,1,121,251,146,6,42,4,144,0,44,186,0,137,0,176,1,47,0,131,0,57,0,23,0,15,0,12,
0,161,253,66,0,160,252,205,1,121,251,146,6,102,2,170,1,44,186,0,138,0,179,1,45,0,129,0,51,0,22,0,15,0,12,
0,188,253,63,0,180,252,232,1,146,251,156,5,167,3,41,2,99,190,0,138,0,181,1,43,0,129,0,52,0,23,0,15,0,12,
0,219,253,58,0,196,252,232,1,146,251,156,5,165,4,64,2,69,190,0,139,0,185,1,41,0,128,0,55,0,23,0,15,0,12,
0,14,254,43,0,203,252,232,1,146,251,156,5,165,4,98,1,39,187,0,139,0,186,1,38,0,128,0,58,0,24,0,16,0,12,
0,14,254,43,0,203,252,232,1,146,251,156,5,120,4,98,1,39,187,0,139,0,189,1,36,0,126,0,57,0,24,0,15,0,12,
0,89,254,9,0,196,252,232,1,146,251,156,5,209,2,130,1,49,188,0,140,0,190,1,34,0,126,0,57,0,25,0,15,0,12,
0,176,254,181,255,186,252,232,1,146,251,156,5,168,3,212,1,144,192,0,141,0,192,1,32,0,125,0,55,0,24,0,15,0,12,
0,176,254,181,255,209,252,232,1,146,251,156,5,90,5,101,0,103,190,0,142,0,192,1,30,0,124,0,55,0,26,0,15,0,12,
0,202,254,85,255,209,252,232,1,146,251,156,5,90,5,101,0,151,187,0,142,0,192,1,27,0,123,0,55,0,26,0,16,0,12,
0,214,254,10,255,185,252,232,1,146,251,156,5,12,4,143,255,151,187,0,143,0,192,1,25,0,122,0,55,0,25,0,16,0,12,
0,231,254,173,254,195,252,232,1,146,251,156,5,190,2,129,255,194,190,0,144,0,192,1,24,0,121,0,54,0,25,0,15,0,12,
0,231,254,173,254,208,252,232,1,146,251,156,5,2,5,85,254,95,191,0,144,0,193,1,23,0,120,0,53,0,23,0,15,0,12,
0,199,254,110,254,208,252,214,1,86,251,167,6,98,5,136,253,227,189,0,145,0,192,1,21,0,119,0,53,0,25,0,16,0,12,
0,138,254,34,254,238,252,214,1,86,251,167,6,98,5,136,253,227,189,0,145,0,192,1,20,0,119,0,52,0,24,0,15,0,12,
0,97,254,170,253,227,252,214,1,86,251,167,6,216,4,55,253,133,188,0,146,0,191,1,19,0,118,0,52,0,23,0,15,0,12,
0,97,254,170,253,227,252,214,1,86,251,167,6,119,4,75,253,235,190,0,146,0,191,1,18,0,117,0,52,0,23,0,15,0,11,
0,26,254,56,253,209,252,214,1,86,251,167,6,72,6,133,252,146,191,0,147,0,192,1,17,0,116,0,51,0,23,0,14,0,11,
0,197,253,242,252,178,252,214,1,86,251,167,6,72,6,254,251,180,189,0,147,0,191,1,17,0,116,0,51,0,23,0,14,0,11,
0,126,253,151,252,177,252,214,1,86,251,167,6,27,7,254,251,180,189,0,147,0,191,1,16,0,116,0,51,0,23,0,15,0,12,
0,126,253,151,252,177,252,214,1,86,251,167,6,83,6,106,251,98,187,0,147,0,191,1,16,0,115,0,50,0,22,0,14,0,11,
0,73,253,43,252,197,252,214,1,86,251,167,6,130,5,91,252,31,190,0,147,0,191,1,15,0,115,0,50,0,21,0,14,0,11,
0,11,253,229,251,197,252,214,1,86,251,167,6,99,6,20,252,21,191,0,147,0,192,1,15,0,114,0,49,0,21,0,14,0,11,
0,11,253,229,251,183,252,213,1,132,251,134,6,99,6,20,252,21,191,0,146,0,192,1,14,0,114,0,54,0,22,0,14,0,11,
0,204,252,193,251,183,252,213,1,132,251,134,6,53,7,154,251,175,189,0,146,0,193,1,14,0,114,0,52,0,22,0,14,0,12,
0,131,252,151,251,180,252,213,1,132,251,134,6,6,6,96,251,116,187,0,146,0,193,1,14,0,113,0,52,0,22,0,14,0,11,
0,99,252,132,251,216,252,213,1,132,251,134,6,180,5,246,251,17,188,0,146,0,195,1,13,0,113,0,51,0,22,0,14,0,11,
0,99,252,132,251,247,252,213,1,132,251,134,6,180,5,152,252,89,189,0,146,0,196,1,13,0,113,0,50,0,21,0,14,0,11,
0,82,252,108,251,247,252,213,1,132,251,134,6,85,5,152,252,89,189,0,145,0,197,1,12,0,113,0,50,0,22,0,14,0,12,
0,58,252,83,251,32,253,213,1,132,251,134,6,132,5,109,252,160,190,0,145,0,198,1,12,0,112,0,50,0,22,0,14,0,12,
0,34,252,64,251,73,253,213,1,132,251,134,6,188,5,89,252,161,189,0,146,0,200,1,11,0,112,0,49,0,22,0,14,0,11,
0,34,252,64,251,73,253,213,1,132,251,134,6,52,5,156,252,246,187,0,145,0,200,1,11,0,112,0,49,0,21,0,14,0,11,
0,249,251,45,251,108,253,213,1,132,251,134,6,52,5,156,252,61,188,0,146,0,201,1,11,0,111,0,48,0,22,0,14,0,12,
0,220,251,1,251,162,253,22,2,116,251,130,6,52,4,191,252,61,188,0,146,0,202,1,11,0,111,0,48,0,21,0,13,0,11,
0,207,251,229,250,171,253,22,2,116,251,130,6,255,3,172,252,172,189,0,146,0,202,1,10,0,111,0,48,0,21,0,14,0,12,
0,207,251,229,250,171,253,22,2,116,251,130,6,146,3,222,252,82,189,0,147,0,203,1,10,0,111,0,48,0,21,0,14,0,12,
0,220,251,206,250,165,253,22,2,116,251,130,6,146,3,29,253,154,189,0,147,0,204,1,10,0,111,0,47,0,20,0,13,0,11,
0,228,251,164,250,168,253,22,2,116,251,130,6,102,3,29,253,154,189,0,148,0,204,1,9,0,111,0,48,0,22,0,14,0,12,
0,228,251,164,250,197,253,22,2,116,251,130,6,254,2,253,252,64,189,0,148,0,205,1,10,0,110,0,47,0,20,0,13,0,11,
0,208,251,130,250,197,253,22,2,116,251,130,6,122,2,207,252,206,188,0,148,0,205,1,10,0,111,0,47,0,21,0,14,0,11,
0,170,251,108,250,236,253,22,2,116,251,130,6,142,1,235,252,65,188,0,149,0,206,1,10,0,111,0,47,0,21,0,14,0,12,
0,158,251,70,250,32,254,22,2,116,251,130,6,142,1,235,252,112,190,0,150,0,206,1,10,0,111,0,47,0,21,0,14,0,12,
0,158,251,70,250,32,254,22,2,116,251,130,6,233,0,45,253,112,190,0,151,0,206,1,10,0,111,0,48,0,21,0,14,0,12,
0,136,251,29,250,67,254,13,2,142,251,5,6,2,1,103,253,250,189,0,152,0,207,1,11,0,110,0,47,0,20,0,13,0,11,
0,97,251,6,250,79,254,13,2,142,251,5,6,130,0,12,253,25,189,0,153,0,207,1,11,0,111,0,47,0,21,0,14,0,12,
0,87,251,0,250,96,254,13,2,142,251,5,6,165,255,77,253,179,188,0,154,0,208,1,11,0,111,0,48,0,21,0,14,0,12,
0,87,251,0,250,96,254,13,2,142,251,5,6,165,255,77,253,179,188,0,155,0,208,1,11,0,111,0,47,0,21,0,13,0,11,
0,57,251,247,249,118,254,13,2,142,251,5,6,79,255,161,253,232,189,0,156,0,209,1,11,0,111,0,47,0,20,0,13,0,12,
0,25,251,3,250,116,254,13,2,142,251,5,6,149,255,225,252,219,187,0,158,0,209,1,11,0,111,0,47,0,20,0,13,0,11,
0,24,251,31,250,119,254,13,2,142,251,5,6,46,254,253,252,219,188,0,159,0,209,1,10,0,111,0,48,0,21,0,14,0,12,
0,24,251,31,250,119,254,13,2,142,251,5,6,46,254,102,253,155,189,0,160,0,209,1,9,0,111,0,47,0,21,0,14,0,11,
0,14,251,45,250,114,254,13,2,142,251,5,6,93,254,102,253,155,189,0,161,0,210,1,9,0,111,0,47,0,21,0,13,0,11,
0,238,250,46,250,85,254,13,2,142,251,5,6,137,254,20,253,81,187,0,163,0,210,1,8,0,111,0,48,0,21,0,14,0,11,
0,238,250,46,250,77,254,13,2,142,251,5,6,74,253,64,253,87,186,0,164,0,211,1,8,0,110,0,47,0,20,0,13,0,11,
0,199,250,66,250,77,254,75,2,94,251,238,6,33,253,145,253,156,188,0,165,0,211,1,7,0,110,0,47,0,21,0,14,0,11,
0,166,250,77,250,54,254,75,2,94,251,238,6,33,253,145,253,138,188,0,166,0,211,1,6,0,110,0,47,0,21,0,14,0,12,
0,151,250,101,250,52,254,75,2,94,251,238,6,67,253,174,253,138,188,0,167,0,211,1,5,0,110,0,47,0,20,0,13,0,11,
0,151,250,101,250,52,254,75,2,94,251,238,6,194,252,197,253,44,187,0,168,0,212,1,5,0,109,0,47,0,20,0,13,0,11,
0,155,250,94,250,50,254,75,2,94,251,238,6,228,251,180,253,163,186,0,169,0,212,1,3,0,109,0,47,0,21,0,14,0,11,
0,172,250,116,250,59,254,75,2,94,251,238,6,228,251,69,254,90,187,0,169,0,212,1,2,0,108,0,47,0,21,0,14,0,12,
0,163,250,171,250,59,254,75,2,94,251,238,6,88,251,69,254,90,187,0,170,0,212,1,0,0,108,0,47,0,21,0,14,0,12,
0,163,250,171,250,59,254,75,2,94,251,238,6,98,251,97,254,203,188,0,171,0,212,0,255,0,107,0,46,0,22,0,13,0,11,
0,125,250,225,250,42,254,75,2,94,251,238,6,69,252,209,253,252,185,0,172,0,212,0,255,0,106,0,46,0,21,0,14,0,12,
0,69,250,30,251,18,254,75,2,94,251,238,6,56,250,179,254,83,186,0,173,0,213,0,253,0,106,0,46,0,21,0,14,0,11,
0,61,250,67,251,6,254,148,2,8,251,162,6,56,250,179,254,253,188,0,173,0,212,0,252,0,106,0,46,0,22,0,14,0,12,
0,61,250,67,251,6,254,148,2,8,251,162,6,165,250,203,254,253,188,0,174,0,213,0,251,0,105,0,46,0,22,0,14,0,12,
0,69,250,84,251,3,254,148,2,8,251,162,6,147,251,142,254,136,187,0,175,0,214,0,250,0,104,0,45,0,21,0,13,0,11,
0,63,250,137,251,34,254,148,2,8,251,162,6,212,250,194,254,3,185,0,175,0,214,0,249,0,104,0,46,0,22,0,14,0,12,
0,63,250,137,251,32,254,148,2,8,251,162,6,151,249,87,255,183,186,0,176,0,215,0,248,0,104,0,45,0,20,0,14,0,11,
0,59,250,188,251,32,254,148,2,8,251,162,6,151,249,87,255,183,186,0,177,0,215,0,247,0,104,0,45,0,21,0,14,0,12,
0,83,250,240,251,16,254,148,2,8,251,162,6,193,249,139,255,245,188,0,178,0,215,0,246,0,103,0,45,0,21,0,14,0,12,
0,65,250,16,252,24,254,148,2,8,251,162,6,163,250,245,254,37,187,0,179,0,216,0,245,0,102,0,44,0,20,0,13,0,11,
0,65,250,16,252,24,254,148,2,8,251,162,6,242,249,83,255,229,184,0,179,0,216,0,244,0,102,0,44,0,21,0,14,0,12,
0,57,250,63,252,11,254,148,2,8,251,162,6,242,249,83,255,1,187,0,181,0,217,0,244,0,101,0,43,0,20,0,13,0,11,
0,77,250,129,252,21,254,120,2,79,251,38,6,184,248,250,255,1,187,0,181,0,217,0,243,0,101,0,44,0,21,0,14,0,12,
0,112,250,207,252,20,254,120,2,79,251,38,6,101,249,255,255,43,188,0,182,0,218,0,243,0,100,0,43,0,20,0,13,0,11,
0,112,250,207,252,20,254,120,2,79,251,38,6,194,249,93,0,152,187,0,183,0,218,0,242,0,100,0,43,0,20,0,13,0,11,
0,105,250,35,253,14,254,120,2,79,251,38,6,124,249,235,255,96,186,0,184,0,219,0,242,0,99,0,42,0,20,0,13,0,11,
0,108,250,79,253,242,253,120,2,79,251,38,6,124,249,235,255,96,186,0,185,0,219,0,241,0,100,0,43,0,20,0,13,0,11,
0,132,250,143,253,235,253,120,2,79,251,38,6,109,249,17,0,233,186,0,186,0,220,0,241,0,99,0,42,0,20,0,14,0,12,
0,132,250,143,253,235,253,120,2,79,251,38,6,75,249,66,0,15,187,0,187,0,220,0,241,0,99,0,43,0,20,0,13,0,11,
0,155,250,200,253,4,254,120,2,79,251,38,6,132,249,158,0,126,186,0,187,0,220,0,242,0,99,0,42,0,20,0,13,0,11,
0,144,250,210,253,7,254,120,2,79,251,38,6,132,249,192,0,217,186,0,188,0,221,0,242,0,98,0,42,0,19,0,13,0,11,
0,144,250,210,253,243,253,120,2,79,251,38,6,142,249,192,0,217,186,0,189,0,221,0,243,0,98,0,41,0,19,0,13,0,11,
0,156,250,1,254,243,253,81,2,5,251,24,7,74,250,141,0,22,187,0,190,0,221,0,244,0,99,0,42,0,20,0,14,0,12,
0,157,250,60,254,254,253,81,2,5,251,24,7,187,249,227,0,172,186,0,190,0,221,0,245,0,100,0,43,0,20,0,13,0,11,
0,186,250,139,254,255,253,81,2,5,251,24,7,140,249,216,0,189,186,0,191,0,222,0,246,0,99,0,42,0,19,0,13,0,11,
0,186,250,139,254,255,253,81,2,5,251,24,7,140,249,216,0,33,187,0,191,0,222,0,247,0,100,0,42,0,20,0,13,0,12,
0,158,250,211,254,242,253,81,2,5,251,24,7,163,249,196,0,33,187,0,192,0,223,0,249,0,100,0,42,0,19,0,13,0,11,
0,181,250,27,255,224,253,81,2,5,251,24,7,19,250,200,0,249,186,0,192,0,223,0,250,0,101,0,43,0,20,0,14,0,12,
0,194,250,98,255,241,253,81,2,5,251,24,7,133,250,156,0,254,185,0,193,0,223,0,253,0,101,0,37,0,19,0,14,0,12,
0,194,250,98,255,241,253,81,2,5,251,24,7,133,250,141,0,132,186,0,193,0,223,0,254,0,102,0,39,0,19,0,13,0,11,
0,205,250,141,255,226,253,81,2,5,251,24,7,104,250,141,0,132,186,0,193,0,224,0,255,0,103,0,40,0,19,0,14,0,12,
0,181,250,198,255,208,253,81,2,5,251,24,7,4,250,194,0,69,187,0,194,0,225,1,1,0,103,0,40,0,16,0,13,0,11,
0,196,250,255,255,196,253,81,2,5,251,24,7,130,251,179,0,107,188,0,193,0,225,1,2,0,104,0,42,0,18,0,13,0,12,
0,196,250,255,255,196,253,142,2,241,250,153,6,156,251,72,0,50,187,0,193,0,225,1,3,0,105,0,43,0,18,0,13,0,11,
0,241,250,33,0,234,253,142,2,241,250,153,6,156,251,72,0,18,185,0,193,0,225,1,5,0,105,0,43,0,19,0,13,0,11,
0,28,251,49,0,245,253,142,2,241,250,153,6,104,251,17,0,18,185,0,193,0,225,1,6,0,106,0,43,0,18,0,13,0,11,
0,28,251,49,0,252,253,142,2,241,250,153,6,155,250,76,0,109,187,0,193,0,225,1,7,0,107,0,44,0,19,0,13,0,11,
0,28,251,81,0,252,253,142,2,241,250,153,6,186,251,13,0,72,189,0,193,0,225,1,8,0,107,0,44,0,19,0,13,0,11,
0,13,251,139,0,248,253,142,2,241,250,153,6,154,251,238,253,80,186,0,174,0,231,1,14,0,108,0,45,0,19,0,13,0,11,
0,250,250,189,0,238,253,142,2,241,250,153,6,154,251,238,253,80,186,0,136,0,239,1,24,0,109,0,44,0,20,0,12,0,11,
0,250,250,189,0,238,253,142,2,241,250,153,6,77,245,8,216,151,179,0,176,1,6,1,51,0,115,0,47,0,22,0,14,0,12,
0,32,251,203,0,173,253,142,2,241,250,153,6,89,9,225,248,1,200,1,85,1,43,1,80,0,122,0,48,0,23,0,14,0,12,
0,242,251,222,0,162,252,142,2,241,250,153,6,41,25,21,10,230,221,0,202,1,74,1,82,0,126,0,50,0,22,0,14,0,12,
0,57,253,254,255,224,251,135,2,23,251,46,6,41,25,219,210,61,210,0,133,1,74,1,80,0,129,0,51,0,22,0,13,0,11,
0,57,253,254,255,224,251,135,2,23,251,46,6,157,9,219,210,61,210,0,133,1,76,1,77,0,131,0,52,0,20,0,13,0,11,
0,151,0,229,253,74,251,135,2,23,251,46,6,100,6,62,227,81,220,0,134,1,77,1,76,0,134,0,54,0,21,0,14,0,11,
0,149,5,173,250,88,251,135,2,23,251,46,6,1,17,94,1,81,251,0,135,1,76,1,72,0,136,0,55,0,22,0,13,0,10,
0,88,11,173,247,209,251,135,2,23,251,46,6,234,18,112,17,208,7,0,136,1,70,1,50,0,134,0,55,0,24,0,14,0,11,
0,88,11,22,247,209,251,135,2,23,251,46,6,234,18,112,17,208,20,0,136,1,44,0,255,0,127,0,55,0,24,0,14,0,12,
0,166,16,17,244,155,252,135,2,23,251,46,6,56,12,135,27,146,20,0,136,1,0,0,179,0,115,0,53,0,24,0,14,0,11,
0,179,19,170,241,89,254,135,2,23,251,46,6,58,10,123,32,223,6,0,136,0,227,0,142,0,103,0,56,0,23,0,14,0,11,
0,179,19,170,241,131,1,135,2,23,251,46,6,224,2,0,32,13,3,0,137,0,217,0,137,0,91,0,51,0,22,0,14,0,12,
0,2,20,0,241,131,1,135,2,23,251,46,6,224,2,44,31,146,252,0,137,0,214,0,137,0,82,0,46,0,21,0,14,0,12,
0,90,19,209,242,211,4,204,2,27,251,136,6,222,0,44,31,146,252,0,138,0,195,0,136,0,76,0,43,0,22,0,14,0,12,
0,5,18,130,246,123,6,204,2,27,251,136,6,252,247,112,31,15,248,0,140,0,151,0,134,0,70,0,40,0,20,0,13,0,11,
0,5,18,130,246,123,6,204,2,27,251,136,6,201,239,73,28,147,237,0,143,0,136,0,133,0,63,0,35,0,17,0,13,0,11,
0,234,14,48,250,247,5,204,2,27,251,136,6,113,239,192,19,25,222,0,147,0,134,0,133,0,60,0,31,0,16,0,12,0,11,
0,57,10,155,253,3,4,204,2,27,251,136,6,113,239,192,19,99,211,0,152,0,134,0,132,0,59,0,31,0,17,0,13,0,12,
0,147,4,245,0,207,1,204,2,27,251,136,6,101,243,154,9,99,211,0,161,0,134,0,133,0,56,0,29,0,16,0,13,0,12,
0,147,4,245,0,207,1,204,2,27,251,136,6,7,244,163,4,12,211,0,170,0,135,0,135,0,53,0,26,0,14,0,12,0,12,
0,43,255,115,3,37,0,204,2,27,251,136,6,238,245,145,255,119,209,0,174,0,135,0,145,0,54,0,26,0,16,0,13,0,12,
0,74,251,225,3,83,255,204,2,27,251,136,6,238,245,244,249,202,201,0,175,0,136,0,209,0,60,0,26,0,16,0,12,0,11,
0,20,249,225,3,252,254,204,2,27,251,136,6,253,245,244,249,202,201,0,172,0,139,1,32,0,73,0,28,0,13,0,12,0,11,
0,20,249,220,1,252,254,186,2,71,251,215,6,165,242,162,246,18,191,0,167,0,145,1,77,0,87,0,30,0,13,0,11,0,11,
0,173,248,182,253,131,255,186,2,71,251,215,6,43,238,255,243,56,183,0,162,0,161,1,76,0,97,0,33,0,13,0,11,0,9,
0,210,249,1,249,122,0,186,2,71,251,215,6,111,235,251,242,253,173,0,156,0,181,1,72,0,106,0,36,0,15,0,11,0,9,
0,210,249,1,249,71,1,186,2,71,251,215,6,111,235,251,242,44,169,0,152,0,198,1,71,0,111,0,38,0,14,0,11,0,9,
0,70,252,119,244,71,1,186,2,71,251,215,6,184,234,203,246,44,169,0,148,0,216,1,65,0,116,0,41,0,16,0,11,0,10,
0,117,255,183,240,155,1,186,2,71,251,215,6,133,234,14,253,159,167,0,146,0,239,1,53,0,119,0,44,0,20,0,13,0,11,
0,159,2,111,238,15,2,186,2,71,251,215,6,182,236,183,255,142,165,0,145,1,4,1,27,0,119,0,45,0,20,0,13,0,11,
0,159,2,111,238,15,2,186,2,71,251,215,6,78,239,114,1,102,167,0,144,1,21,0,248,0,116,0,47,0,21,0,13,0,12,
0,72,5,63,238,34,3,186,2,71,251,215,6,78,239,114,1,102,167,0,144,1,42,0,209,0,108,0,46,0,20,0,13,0,11,
0,82,7,240,239,178,4,186,2,71,251,215,6,27,237,92,2,70,176,0,145,1,62,0,170,0,100,0,46,0,20,0,14,0,11,
0,230,8,184,242,20,6,186,2,71,251,207,5,60,238,198,2,69,185,0,146,1,69,0,147,0,90,0,43,0,21,0,14,0,12,
0,230,8,184,242,20,6,202,2,159,251,207,5,206,237,0,4,178,195,0,148,1,68,0,137,0,81,0,40,0,18,0,13,0,11,
0,130,10,26,246,104,6,202,2,159,251,207,5,206,237,206,4,173,205,0,149,1,67,0,135,0,75,0,38,0,17,0,12,0,10,
0,82,12,45,249,106,5,202,2,159,251,207,5,58,234,206,4,173,205,0,150,1,63,0,134,0,70,0,37,0,18,0,13,0,11,
0,108,13,45,249,152,3,202,2,159,251,207,5,154,235,186,3,216,205,0,151,1,59,0,134,0,65,0,33,0,16,0,12,0,11,
0,108,13,74,251,152,3,202,2,159,251,207,5,220,238,242,254,88,204,0,153,1,52,0,134,0,61,0,31,0,16,0,12,0,11,
0,167,13,78,253,121,2,202,2,159,251,207,5,234,241,156,249,158,205,0,154,1,43,0,136,0,59,0,29,0,15,0,12,0,10,
0,91,13,191,255,66,2,202,2,159,251,207,5,234,241,156,249,158,205,0,156,1,33,0,137,0,56,0,28,0,14,0,12,0,11,
0,91,13,191,255,199,2,202,2,159,251,207,5,18,242,225,246,180,205,0,158,1,24,0,140,0,55,0,26,0,13,0,11,0,10,
0,109,12,111,2,199,2,202,2,159,251,207,5,40,240,16,246,35,206,0,160,1,16,0,145,0,54,0,26,0,16,0,12,0,11,
0,39,11,198,4,125,3,202,2,159,251,207,5,59,240,179,244,15,207,0,162,1,10,0,154,0,55,0,26,0,16,0,12,0,11,
0,206,9,241,5,78,4,236,2,227,251,37,6,59,240,115,244,122,209,0,164,1,8,0,166,0,57,0,25,0,12,0,11,0,10,
0,206,9,241,5,78,4,236,2,227,251,37,6,209,241,115,244,122,209,0,166,1,6,0,178,0,59,0,25,0,14,0,11,0,11,
0,168,8,19,6,3,5,236,2,227,251,37,6,2,245,65,245,173,209,0,169,1,6,0,189,0,62,0,25,0,14,0,11,0,11,
0,196,7,98,5,199,5,236,2,227,251,37,6,37,247,2,247,250,205,0,171,1,6,0,197,0,66,0,27,0,14,0,12,0,11,
0,11,7,189,3,74,6,236,2,227,251,37,6,132,248,167,248,222,204,0,174,1,8,0,203,0,69,0,28,0,14,0,12,0,11,
0,11,7,189,3,74,6,236,2,227,251,37,6,132,248,167,248,102,204,0,178,1,11,0,209,0,71,0,28,0,15,0,11,0,11,
0,112,6,221,1,103,6,236,2,227,251,37,6,90,247,63,251,102,204,0,183,1,14,0,215,0,74,0,29,0,16,0,12,0,11,
0,45,6,68,0,95,6,236,2,227,251,37,6,182,248,7,253,220,205,0,188,1,16,0,221,0,78,0,31,0,17,0,13,0,11,
0,45,6,68,0,12,6,236,2,227,251,37,6,66,250,127,253,101,203,0,194,1,16,0,230,0,81,0,32,0,14,0,12,0,11,
0,43,6,91,255,12,6,236,2,227,251,37,6,243,248,223,252,13,199,0,201,1,17,0,239,0,84,0,32,0,15,0,12,0,11,
0,102,6,69,255,166,5,209,2,224,251,65,6,243,248,223,252,13,199,0,209,1,17,0,251,0,88,0,34,0,18,0,13,0,11,
0,185,6,30,0,69,5,209,2,224,251,65,6,106,248,42,253,175,202,0,217,1,16,1,9,0,93,0,36,0,16,0,12,0,11,
0,185,6,30,0,11,5,209,2,224,251,65,6,98,250,44,252,154,203,0,227,1,13,1,24,0,97,0,36,0,17,0,12,0,11,
0,244,6,107,1,11,5,209,2,224,251,65,6,223,252,165,250,196,201,0,236,1,10,1,40,0,103,0,39,0,16,0,12,0,11,
0,220,6,166,2,199,4,209,2,224,251,65,6,223,252,165,250,158,197,0,246,1,8,1,54,0,109,0,41,0,20,0,13,0,11,
0,162,6,221,3,137,4,209,2,224,251,65,6,67,254,186,247,158,197,1,1,1,5,1,63,0,115,0,43,0,20,0,13,0,11,
0,162,6,221,3,137,4,209,2,224,251,65,6,20,255,156,245,9,196,1,12,1,2,1,65,0,119,0,45,0,18,0,13,0,11,
0,16,6,26,5,140,4,209,2,224,251,65,6,167,255,222,243,230,196,1,26,1,0,1,66,0,122,0,47,0,18,0,13,0,11,
0,92,5,15,6,119,4,209,2,224,251,65,6,72,0,241,241,125,195,1,41,0,255,1,65,0,126,0,49,0,21,0,14,0,11,
0,204,4,169,6,114,4,209,2,224,251,65,6,72,0,241,241,125,195,1,57,0,255,1,65,0,128,0,53,0,22,0,14,0,12,
0,204,4,169,6,114,4,248,2,216,251,123,6,235,255,92,239,133,192,1,67,1,0,1,63,0,130,0,54,0,23,0,14,0,11,
0,99,4,196,6,117,4,248,2,216,251,123,6,165,255,201,237,72,191,1,74,1,0,1,62,0,132,0,55,0,25,0,15,0,12,
0,254,3,186,6,130,4,248,2,216,251,123,6,90,255,212,236,159,189,1,68,0,255,1,59,0,132,0,55,0,24,0,14,0,11,
0,254,3,186,6,137,4,248,2,216,251,123,6,90,255,173,235,22,188,1,63,0,253,1,55,0,132,0,56,0,25,0,15,0,12,
0,170,3,104,6,137,4,248,2,216,251,123,6,42,0,173,235,22,188,1,62,0,250,1,52,0,132,0,56,0,25,0,15,0,12,
0,87,3,175,5,126,4,248,2,216,251,123,6,251,0,147,234,152,188,1,62,0,247,1,47,0,131,0,56,0,23,0,14,0,11,
0,57,3,191,4,109,4,248,2,216,251,123,6,10,2,90,232,65,187,1,62,0,243,1,40,0,131,0,57,0,24,0,15,0,12,
0,57,3,191,4,84,4,248,2,216,251,123,6,112,2,72,230,174,185,1,87,0,238,1,32,0,128,0,58,0,23,0,14,0,11,
0,240,2,133,3,84,4,248,2,216,251,123,6,112,2,72,230,23,186,1,87,0,232,1,21,0,126,0,57,0,27,0,16,0,12,
0,92,2,96,2,3,4,248,2,216,251,123,6,36,2,233,228,23,186,1,96,0,226,1,9,0,123,0,57,0,24,0,15,0,12,
0,213,1,118,1,159,3,213,2,8,252,154,6,52,2,37,228,234,185,1,74,0,219,0,250,0,118,0,55,0,25,0,15,0,11,
0,213,1,118,1,159,3,213,2,8,252,154,6,178,1,96,227,217,186,1,72,0,211,0,234,0,113,0,53,0,23,0,15,0,12,
0,66,1,168,0,35,3,213,2,8,252,154,6,178,1,126,226,166,185,1,72,0,204,0,218,0,107,0,51,0,24,0,14,0,11,
0,146,0,231,255,190,2,213,2,8,252,154,6,27,3,126,226,166,185,1,71,0,195,0,199,0,102,0,44,0,22,0,15,0,12,
0,234,255,23,255,49,2,213,2,8,252,154,6,235,2,32,227,6,183,1,70,0,186,0,180,0,95,0,43,0,22,0,14,0,12,
0,234,255,23,255,49,2,213,2,8,252,154,6,136,1,235,227,10,182,1,71,0,178,0,163,0,87,0,41,0,18,0,13,0,11,
0,63,255,175,254,183,1,213,2,8,252,154,6,108,1,9,229,104,182,1,70,0,171,0,150,0,80,0,38,0,20,0,13,0,11,
0,161,254,165,254,108,1,213,2,8,252,154,6,108,1,9,229,142,178,1,69,0,163,0,142,0,75,0,37,0,17,0,13,0,11,
0,161,254,165,254,249,0,213,2,8,252,154,6,223,0,10,230,142,178,1,68,0,158,0,138,0,69,0,35,0,17,0,13,0,11,
0,47,254,194,254,249,0,213,2,8,252,154,6,167,255,129,231,222,177,1,68,0,153,0,136,0,64,0,32,0,16,0,12,0,11,
0,176,253,229,254,110,0,213,2,8,252,154,6,89,255,28,233,42,178,1,67,0,150,0,135,0,62,0,31,0,15,0,12,0,11,
0,45,253,5,255,253,255,152,2,32,252,43,6,241,254,131,234,246,177,1,67,0,147,0,135,0,58,0,29,0,15,0,12,0,11,
0,45,253,5,255,253,255,152,2,32,252,43,6,241,254,131,234,246,177,1,66,0,144,0,134,0,56,0,27,0,14,0,11,0,11,
0,235,252,90,255,133,255,152,2,32,252,43,6,34,255,146,235,124,176,1,65,0,142,0,134,0,55,0,26,0,14,0,12,0,11,
0,185,252,110,255,41,255,152,2,32,252,43,6,207,255,251,236,215,175,1,65,0,141,0,134,0,54,0,26,0,14,0,12,0,11,
0,152,252,132,255,215,254,152,2,32,252,43,6,92,255,122,238,205,174,1,65,0,140,0,134,0,52,0,24,0,12,0,11,0,10,
0,152,252,132,255,215,254,152,2,32,252,43,6,92,255,117,240,3,177,1,65,0,139,0,135,0,51,0,23,0,12,0,11,0,10,
0,142,252,139,255,107,254,152,2,32,252,43,6,67,254,117,240,3,177,1,65,0,138,0,134,0,51,0,23,0,13,0,11,0,11,
0,124,252,126,255,25,254,152,2,32,252,43,6,153,254,46,242,247,179,1,64,0,137,0,134,0,50,0,23,0,13,0,11,0,11,
0,93,252,143,255,229,253,152,2,32,252,43,6,175,254,240,242,61,176,1,65,0,137,0,134,0,49,0,23,0,12,0,11,0,11,
0,93,252,143,255,229,253,152,2,32,252,43,6,137,252,71,244,201,175,1,65,0,137,0,134,0,49,0,22,0,11,0,11,0,10,
0,31,252,201,255,172,253,224,2,197,251,223,6,137,252,71,244,201,175,1,65,0,137,0,134,0,48,0,22,0,12,0,11,0,11,
0,241,251,243,255,129,253,224,2,197,251,223,6,236,250,207,245,97,177,1,66,0,137,0,134,0,48,0,22,0,11,0,10,0,10,
0,241,251,243,255,88,253,224,2,197,251,223,6,72,250,222,246,132,178,1,65,0,137,0,134,0,48,0,22,0,12,0,11,0,11,
0,202,251,102,0,88,253,224,2,197,251,223,6,8,250,195,247,123,177,1,65,0,137,0,134,0,48,0,22,0,12,0,11,0,11,
0,161,251,10,1,30,253,224,2,197,251,223,6,8,250,50,248,152,175,1,66,0,137,0,133,0,48,0,25,0,12,0,10,0,10,
0,114,251,217,1,196,252,224,2,197,251,223,6,253,248,50,248,152,175,1,67,0,137,0,133,0,47,0,24,0,13,0,11,0,11,
0,114,251,217,1,196,252,224,2,197,251,223,6,107,248,34,249,23,175,1,67,0,137,0,133,0,47,0,23,0,12,0,10,0,10,
0,62,251,207,2,176,252,224,2,197,251,223,6,146,248,11,250,83,175,1,66,0,137,0,133,0,47,0,23,0,13,0,11,0,11,
0,17,251,156,3,124,252,224,2,197,251,223,6,61,249,178,250,217,175,1,67,0,137,0,134,0,47,0,23,0,13,0,11,0,11,
0,208,250,68,4,83,252,224,2,197,251,223,6,61,249,178,250,209,173,1,67,0,138,0,135,0,47,0,21,0,12,0,11,0,11,
0,208,250,68,4,83,252,160,2,236,251,245,5,213,249,191,251,209,173,1,65,0,138,0,135,0,47,0,22,0,12,0,11,0,11,
0,233,250,215,4,81,252,160,2,236,251,245,5,82,249,149,252,251,173,1,66,0,138,0,136,0,47,0,22,0,11,0,11,0,10,
0,207,250,56,5,40,252,160,2,236,251,245,5,122,249,121,252,183,175,1,65,0,138,0,136,0,48,0,22,0,12,0,11,0,11,
0,149,250,151,5,22,252,160,2,236,251,245,5,122,249,63,252,61,174,1,63,0,139,0,137,0,48,0,22,0,12,0,11,0,11,
0,149,250,151,5,22,252,160,2,236,251,245,5,44,249,63,252,61,174,1,63,0,139,0,137,0,48,0,22,0,11,0,11,0,11,
0,138,250,233,5,26,252,160,2,236,251,245,5,232,247,184,252,64,173,1,63,0,139,0,138,0,48,0,22,0,11,0,11,0,11,
0,118,250,118,6,2,252,160,2,236,251,245,5,77,247,239,252,124,174,1,61,0,139,0,139,0,49,0,22,0,12,0,11,0,11,
0,118,250,118,6,215,251,160,2,236,251,245,5,127,247,25,253,195,176,1,60,0,140,0,140,0,49,0,22,0,12,0,11,0,11,
0,70,250,17,7,215,251,160,2,236,251,245,5,127,247,25,253,145,177,1,60,0,141,0,140,0,49,0,22,0,12,0,11,0,11,
0,43,250,179,7,181,251,160,2,236,251,245,5,217,249,88,252,145,177,1,59,0,142,0,142,0,49,0,22,0,11,0,11,0,10,
0,28,250,79,8,168,251,64,2,206,251,224,6,104,250,118,252,162,176,1,58,0,142,0,144,0,50,0,22,0,14,0,11,0,11,
0,28,250,79,8,168,251,64,2,206,251,224,6,209,251,33,253,208,177,1,57,0,144,0,147,0,50,0,22,0,13,0,11,0,11,
0,246,249,100,8,117,251,64,2,206,251,224,6,229,252,100,253,46,178,1,56,0,144,0,151,0,52,0,23,0,14,0,11,0,11,
0,196,249,133,8,63,251,64,2,206,251,224,6,229,252,100,253,46,178,1,55,0,145,0,159,0,53,0,23,0,13,0,11,0,11,
0,153,249,107,8,25,251,64,2,206,251,224,6,117,254,207,253,47,180,1,53,0,147,0,171,0,55,0,23,0,11,0,11,0,11,
0,153,249,107,8,25,251,64,2,206,251,224,6,28,255,6,253,232,179,1,52,0,148,0,188,0,59,0,24,0,14,0,12,0,11,
0,154,249,36,8,240,250,64,2,206,251,224,6,140,0,81,253,64,181,1,51,0,150,0,212,0,63,0,25,0,14,0,11,0,11,
0,145,249,195,7,199,250,64,2,206,251,224,6,140,0,95,252,100,181,1,48,0,151,0,238,0,72,0,28,0,13,0,12,0,11,
0,150,249,54,7,187,250,64,2,206,251,224,6,103,0,95,252,100,181,1,47,0,154,1,17,0,80,0,29,0,16,0,12,0,12,
0,150,249,54,7,187,250,64,2,206,251,224,6,50,1,66,253,149,183,1,46,0,157,1,52,0,90,0,32,0,16,0,12,0,11,
0,121,249,217,6,190,250,64,2,206,251,224,6,20,2,255,251,160,181,1,44,0,160,1,70,0,101,0,35,0,16,0,13,0,12,
0,80,249,126,6,159,250,125,2,153,251,181,6,141,1,122,252,65,182,1,42,0,165,1,69,0,107,0,38,0,16,0,12,0,11,
0,80,249,126,6,155,250,125,2,153,251,181,6,141,1,122,252,65,182,1,39,0,168,1,67,0,114,0,41,0,17,0,13,0,12,
0,46,249,60,6,155,250,125,2,153,251,181,6,138,0,91,252,175,182,1,36,0,173,1,63,0,118,0,43,0,20,0,13,0,12,
0,41,249,243,5,201,250,125,2,153,251,181,6,86,0,141,253,35,184,1,36,0,178,1,59,0,121,0,46,0,20,0,13,0,11,
0,38,249,126,5,51,251,125,2,153,251,181,6,71,254,207,255,107,185,1,35,0,180,1,58,0,124,0,48,0,21,0,14,0,12,
0,38,249,126,5,51,251,125,2,153,251,181,6,71,254,248,252,244,185,1,34,0,185,1,56,0,125,0,49,0,21,0,13,0,11,
0,83,249,4,5,248,251,125,2,153,251,181,6,23,249,248,252,244,185,1,31,0,190,1,54,0,127,0,51,0,23,0,14,0,11,
0,251,249,114,4,123,253,125,2,153,251,181,6,132,243,53,2,231,185,1,30,0,196,1,57,0,128,0,55,0,23,0,14,0,12,
0,162,250,252,3,163,255,125,2,153,251,181,6,1,244,112,3,175,184,1,31,0,203,1,60,0,129,0,54,0,22,0,13,0,11,
0,162,250,252,3,163,255,125,2,153,251,181,6,112,243,96,4,90,188,1,31,0,207,1,59,0,131,0,55,0,24,0,15,0,12,
0,65,251,51,4,234,0,47,2,169,251,32,6,112,243,96,4,125,187,1,34,0,210,1,58,0,131,0,55,0,23,0,14,0,11,
0,41,252,178,4,51,1,47,2,169,251,32,6,234,241,186,5,125,187,1,36,0,208,1,55,0,131,0,56,0,24,0,15,0,11,
0,231,252,87,5,82,1,47,2,169,251,32,6,108,241,240,4,71,187,1,39,0,206,1,51,0,131,0,55,0,24,0,15,0,12,
0,231,252,87,5,82,1,47,2,169,251,32,6,36,242,140,3,150,186,1,41,0,204,1,50,0,131,0,56,0,24,0,14,0,11,
0,118,253,209,5,96,1,47,2,169,251,32,6,36,242,167,3,21,186,1,43,0,202,1,52,0,131,0,55,0,24,0,15,0,11,
0,192,253,26,6,76,1,47,2,169,251,32,6,63,242,167,3,21,186,1,45,0,200,1,54,0,131,0,55,0,24,0,14,0,11,
0,192,253,26,6,3,1,47,2,169,251,32,6,231,241,101,4,229,183,1,45,0,198,1,56,0,132,0,56,0,25,0,15,0,12,
0,245,253,140,6,3,1,47,2,169,251,32,6,173,240,206,4,10,185,1,45,0,197,1,59,0,132,0,56,0,24,0,14,0,11,
0,246,253,247,6,141,0,47,2,169,251,32,6,16,241,190,4,62,185,1,43,0,195,1,61,0,133,0,57,0,25,0,15,0,11,
0,194,253,100,7,238,255,47,2,169,251,32,6,16,241,190,4,252,185,1,42,0,193,1,63,0,133,0,57,0,25,0,15,0,12,
0,194,253,100,7,238,255,235,1,115,251,162,6,48,242,244,3,252,185,1,39,0,191,1,63,0,135,0,58,0,26,0,16,0,12,
0,157,253,163,7,72,255,235,1,115,251,162,6,114,244,246,2,117,184,1,36,0,189,1,62,0,135,0,58,0,26,0,16,0,12,
0,113,253,245,7,144,254,235,1,115,251,162,6,160,245,12,2,87,183,1,32,0,189,1,62,0,135,0,58,0,26,0,16,0,12,
0,53,253,53,8,27,254,235,1,115,251,162,6,250,246,112,1,150,183,1,29,0,188,1,62,0,135,0,58,0,25,0,15,0,12,
0,53,253,53,8,27,254,235,1,115,251,162,6,250,246,112,1,150,183,1,25,0,188,1,63,0,135,0,58,0,25,0,15,0,12,
0,68,253,80,8,170,253,235,1,115,251,162,6,93,248,186,0,15,184,1,19,0,190,1,62,0,136,0,59,0,26,0,16,0,12,
0,56,253,118,8,90,253,235,1,115,251,162,6,106,249,29,0,75,185,1,13,0,191,1,63,0,136,0,59,0,26,0,16,0,12,
0,60,253,118,8,255,252,235,1,115,251,162,6,101,250,72,255,247,184,1,6,0,193,1,63,0,136,0,59,0,26,0,16,0,12,
0,60,253,76,8,255,252,235,1,115,251,162,6,101,250,4,255,190,185,0,255,0,195,1,63,0,136,0,59,0,26,0,15,0,12,
0,44,253,1,8,207,252,235,1,115,251,162,6,124,251,4,255,190,185,0,248,0,198,1,63,0,136,0,58,0,26,0,16,0,12,
0,55,253,133,7,194,252,187,1,108,251,103,6,114,252,16,254,23,185,0,239,0,200,1,62,0,136,0,58,0,25,0,15,0,12,
0,55,253,133,7,214,252,187,1,108,251,103,6,154,253,167,253,1,186,0,230,0,202,1,61,0,136,0,59,0,26,0,16,0,13,
0,32,253,47,7,214,252,187,1,108,251,103,6,154,253,194,252,178,184,0,220,0,204,1,60,0,136,0,59,0,26,0,16,0,12,
0,33,253,184,6,230,252,187,1,108,251,103,6,154,253,194,252,178,186,0,211,0,206,1,59,0,136,0,59,0,25,0,15,0,12,
0,25,253,74,6,243,252,187,1,108,251,103,6,215,252,171,252,87,186,0,201,0,208,1,59,0,135,0,59,0,26,0,16,0,12,
0,25,253,74,6,243,252,187,1,108,251,103,6,76,254,110,252,203,187,0,191,0,210,1,59,0,135,0,59,0,25,0,15,0,12,
0,55,253,229,5,8,253,187,1,108,251,103,6,91,255,10,252,241,186,0,182,0,212,1,58,0,136,0,59,0,26,0,16,0,12,
0,118,253,161,5,40,253,187,1,108,251,103,6,91,255,239,251,211,186,0,173,0,214,1,57,0,135,0,59,0,26,0,16,0,12,
0,137,253,88,5,62,253,187,1,108,251,103,6,52,0,239,251,211,186,0,165,0,216,1,57,0,134,0,59,0,25,0,15,0,12,
0,137,253,88,5,62,253,187,1,108,251,103,6,40,1,39,252,105,186,0,158,0,219,1,57,0,134,0,59,0,26,0,16,0,12,
0,149,253,15,5,90,253,187,1,108,251,103,6,126,1,84,252,75,186,0,153,0,222,1,57,0,133,0,52,0,25,0,16,0,12,
0,204,253,187,4,138,253,162,1,119,251,71,6,154,2,184,252,50,189,0,149,0,224,1,56,0,134,0,54,0,25,0,16,0,12,
0,10,254,187,4,179,253,162,1,119,251,71,6,154,2,184,252,53,188,0,145,0,227,1,56,0,134,0,55,0,25,0,16,0,12,
0,10,254,135,4,179,253,162,1,119,251,71,6,108,2,56,253,53,188,0,143,0,230,1,56,0,134,0,55,0,24,0,15,0,12,
0,31,254,85,4,224,253,162,1,119,251,71,6,18,2,57,253,225,188,0,142,0,234,1,56,0,133,0,55,0,24,0,15,0,12,
0,119,254,33,4,5,254,162,1,119,251,71,6,10,3,30,253,69,190,0,140,0,237,1,56,0,133,0,56,0,24,0,15,0,12,
0,119,254,33,4,54,254,162,1,119,251,71,6,37,3,235,252,238,189,0,139,0,239,1,55,0,134,0,57,0,25,0,15,0,12,
0,223,254,224,3,54,254,162,1,119,251,71,6,37,3,235,252,238,189,0,139,0,244,1,55,0,133,0,57,0,25,0,15,0,12,
0,37,255,147,3,105,254,162,1,119,251,71,6,60,2,72,253,126,189,0,138,0,246,1,53,0,133,0,57,0,25,0,15,0,12,
0,98,255,88,3,137,254,162,1,119,251,71,6,74,2,105,253,29,192,0,138,0,249,1,52,0,133,0,57,0,25,0,16,0,12,
0,98,255,88,3,137,254,162,1,119,251,71,6,92,3,81,253,227,192,0,138,0,251,1,51,0,132,0,57,0,25,0,15,0,11,
0,142,255,18,3,194,254,182,1,66,251,143,6,92,3,81,253,67,193,0,138,0,253,1,49,0,132,0,57,0,26,0,15,0,12,
0,255,255,211,2,199,254,182,1,66,251,143,6,100,4,50,253,67,193,0,138,0,255,1,49,0,131,0,56,0,25,0,15,0,12,
0,48,0,124,2,245,254,182,1,66,251,143,6,116,4,194,252,107,191,0,138,1,0,1,47,0,131,0,57,0,23,0,14,0,12,
0,48,0,124,2,245,254,182,1,66,251,143,6,6,4,253,252,234,191,0,138,1,2,1,46,0,130,0,56,0,24,0,15,0,12,
0,94,0,203,1,22,255,182,1,66,251,143,6,102,4,37,253,111,194,0,139,1,2,1,45,0,129,0,56,0,23,0,14,0,11,
0,72,0,25,1,80,255,182,1,66,251,143,6,102,4,37,253,111,194,0,138,1,2,1,43,0,129,0,56,0,24,0,15,0,12,
0,59,0,25,1,121,255,182,1,66,251,143,6,119,5,110,252,43,195,0,138,1,2,1,42,0,129,0,56,0,24,0,15,0,12,
0,59,0,91,0,121,255,182,1,66,251,143,6,175,5,107,251,97,192,0,138,1,2,1,40,0,128,0,59,0,25,0,15,0,12,
0,50,0,151,255,161,255,182,1,66,251,143,6,121,4,35,251,115,191,0,139,1,1,1,40,0,127,0,58,0,25,0,16,0,12,
0,2,0,23,255,193,255,182,1,66,251,143,6,121,4,1,251,141,192,0,139,1,1,1,39,0,126,0,57,0,24,0,15,0,12,
0,2,0,23,255,240,255,164,1,93,251,65,6,196,3,1,251,141,192,0,139,1,0,1,38,0,127,0,61,0,26,0,16,0,12,
0,204,255,126,254,240,255,164,1,93,251,65,6,109,4,238,250,195,194,0,139,1,0,1,36,0,126,0,60,0,25,0,15,0,12,
0,165,255,214,253,250,255,164,1,93,251,65,6,9,6,11,250,107,193,0,139,1,0,1,36,0,125,0,58,0,25,0,14,0,11,
0,120,255,105,253,8,0,164,1,93,251,65,6,124,5,0,250,225,190,0,139,1,0,1,36,0,124,0,57,0,25,0,15,0,11,
0,120,255,105,253,8,0,164,1,93,251,65,6,124,5,0,250,100,191,0,138,1,0,1,35,0,125,0,57,0,25,0,16,0,12,
0,73,255,14,253,251,255,164,1,93,251,65,6,16,5,218,249,100,191,0,139,1,0,1,35,0,124,0,56,0,25,0,15,0,12,
0,252,254,187,252,29,0,164,1,93,251,65,6,50,5,75,250,3,193,0,138,1,1,1,35,0,124,0,55,0,24,0,15,0,12,
0,201,254,48,252,50,0,164,1,93,251,65,6,40,6,104,250,233,192,0,138,1,1,1,35,0,123,0,55,0,24,0,15,0,12,
0,201,254,48,252,50,0,164,1,93,251,65,6,40,6,90,250,248,190,0,139,1,2,1,35,0,123,0,54,0,24,0,15,0,12,
0,191,254,199,251,66,0,164,1,93,251,65,6,220,5,90,250,248,190,0,139,1,2,1,35,0,123,0,54,0,23,0,14,0,11,
0,167,254,97,251,79,0,148,1,150,251,122,6,208,5,122,250,85,191,0,138,1,3,1,34,0,123,0,54,0,24,0,15,0,12,
0,167,254,97,251,103,0,148,1,150,251,122,6,54,5,213,250,144,191,0,138,1,3,1,33,0,123,0,54,0,23,0,15,0,12,
0,132,254,246,250,103,0,148,1,150,251,122,6,112,4,178,250,230,190,0,138,1,4,1,33,0,122,0,53,0,23,0,14,0,11,
0,104,254,160,250,137,0,148,1,150,251,122,6,112,4,178,250,181,190,0,138,1,6,1,32,0,122,0,53,0,23,0,15,0,12,
0,110,254,112,250,177,0,148,1,150,251,122,6,134,3,10,251,181,190,0,138,1,8,1,32,0,122,0,52,0,22,0,14,0,11,
0,110,254,112,250,208,0,148,1,150,251,122,6,229,2,134,251,187,191,0,138,1,8,1,30,0,122,0,53,0,25,0,15,0,12,
0,109,254,37,250,208,0,148,1,150,251,122,6,106,3,106,251,55,192,0,138,1,9,1,30,0,121,0,53,0,25,0,15,0,12,
0,94,254,228,249,252,0,148,1,150,251,122,6,171,3,109,251,53,190,0,138,1,11,1,29,0,121,0,52,0,24,0,15,0,12,
0,90,254,184,249,34,1,148,1,150,251,122,6,171,3,109,251,53,190,0,139,1,12,1,29,0,120,0,52,0,23,0,15,0,12,
0,90,254,184,249,34,1,148,1,150,251,122,6,6,2,27,252,172,189,0,138,1,13,1,28,0,121,0,53,0,24,0,15,0,12,
0,69,254,171,249,75,1,148,1,150,251,51,6,184,1,117,252,145,191,0,138,1,14,1,27,0,120,0,53,0,24,0,15,0,12,
0,91,254,103,249,97,1,147,1,133,251,51,6,210,1,138,252,109,193,0,138,1,16,1,27,0,120,0,52,0,23,0,15,0,12,
0,135,254,60,249,116,1,147,1,133,251,51,6,210,1,138,251,16,191,0,139,1,17,1,27,0,119,0,52,0,23,0,14,0,11,
0,135,254,60,249,116,1,147,1,133,251,51,6,100,2,233,251,16,191,0,139,1,17,1,27,0,119,0,52,0,23,0,15,0,12,
0,127,254,252,248,169,1,147,1,133,251,51,6,147,0,1,252,146,189,0,139,1,18,1,27,0,119,0,52,0,23,0,14,0,11,
0,104,254,220,248,195,1,147,1,133,251,51,6,73,255,160,252,86,190,0,139,1,18,1,27,0,119,0,52,0,24,0,15,0,12,
0,104,254,220,248,234,1,147,1,133,251,51,6,199,255,156,252,226,193,0,139,1,19,1,28,0,119,0,52,0,23,0,15,0,12,
0,91,254,205,248,234,1,147,1,133,251,51,6,199,255,156,252,226,193,0,139,1,20,1,29,0,119,0,51,0,23,0,14,0,11,
0,109,254,165,248,2,2,147,1,133,251,51,6,24,0,236,251,204,190,0,140,1,22,1,30,0,119,0,51,0,22,0,14,0,11,
0,109,254,155,248,9,2,147,1,133,251,51,6,104,254,28,252,36,189,0,140,1,22,1,31,0,120,0,52,0,23,0,15,0,12,
0,109,254,155,248,8,2,147,1,133,251,51,6,87,253,240,252,122,191,0,140,1,23,1,32,0,120,0,52,0,22,0,14,0,11,
0,62,254,160,248,8,2,219,1,146,251,38,6,87,253,185,252,174,192,0,141,1,24,1,33,0,120,0,52,0,22,0,14,0,12,
0,81,254,161,248,39,2,219,1,146,251,38,6,238,253,185,252,174,192,0,141,1,25,1,34,0,121,0,51,0,21,0,14,0,11,
0,95,254,198,248,70,2,219,1,146,251,38,6,232,254,101,252,24,191,0,142,1,27,1,35,0,121,0,52,0,22,0,14,0,12,
0,95,254,198,248,70,2,219,1,146,251,38,6,166,253,131,252,193,187,0,142,1,27,1,36,0,121,0,52,0,22,0,14,0,11,
0,83,254,196,248,92,2,219,1,146,251,38,6,10,252,224,252,185,189,0,143,1,27,1,36,0,122,0,52,0,23,0,14,0,11,
0,65,254,215,248,109,2,219,1,146,251,38,6,10,252,224,252,83,192,0,143,1,28,1,37,0,122,0,52,0,23,0,14,0,11,
0,38,254,2,249,149,2,219,1,146,251,38,6,66,252,53,253,83,192,0,144,1,29,1,37,0,123,0,52,0,22,0,14,0,11,
0,38,254,2,249,149,2,219,1,146,251,38,6,3,253,165,252,29,190,0,144,1,29,1,38,0,123,0,52,0,22,0,14,0,12,
0,25,254,45,249,142,2,219,1,146,251,38,6,68,252,53,252,19,188,0,144,1,29,1,38,0,124,0,53,0,23,0,15,0,12,
0,25,254,104,249,123,2,219,1,146,251,38,6,68,252,130,252,19,188,0,145,1,30,1,38,0,123,0,53,0,23,0,15,0,12,
0,25,254,104,249,102,2,16,2,36,251,193,6,1,251,130,252,19,188,0,145,1,30,1,38,0,124,0,54,0,23,0,15,0,12,
0,18,254,145,249,102,2,16,2,36,251,193,6,211,250,231,252,147,190,0,145,1,31,1,38,0,124,0,53,0,23,0,14,0,12,
0,12,254,179,249,92,2,16,2,36,251,193,6,254,250,197,252,207,190,0,146,1,31,1,38,0,123,0,53,0,23,0,14,0,12,
0,250,253,208,249,114,2,16,2,36,251,193,6,229,251,78,252,47,189,0,145,1,30,1,36,0,124,0,54,0,24,0,15,0,12,
0,250,253,208,249,114,2,16,2,36,251,193,6,229,251,78,252,154,187,0,146,1,31,1,36,0,124,0,54,0,23,0,15,0,12,
0,244,253,242,249,117,2,16,2,36,251,193,6,6,251,65,252,154,187,0,146,1,30,1,36,0,124,0,54,0,23,0,15,0,12,
0,247,253,48,250,148,2,16,2,36,251,193,6,192,248,49,253,121,189,0,146,1,31,1,35,0,123,0,53,0,23,0,14,0,11,
0,36,254,105,250,155,2,16,2,36,251,193,6,170,250,243,252,224,190,0,147,1,31,1,34,0,123,0,53,0,23,0,15,0,12,
0,36,254,105,250,155,2,16,2,36,251,193,6,170,249,246,251,69,186,0,147,1,31,1,33,0,123,0,53,0,23,0,14,0,11,
0,34,254,171,250,137,2,16,2,36,251,193,6,170,249,246,251,69,186,0,147,1,31,1,32,0,123,0,53,0,23,0,14,0,12,
0,21,254,249,250,155,2,70,2,105,251,106,6,157,248,210,252,84,188,0,146,1,31,1,31,0,122,0,53,0,25,0,15,0,12,
0,248,253,59,251,164,2,70,2,105,251,106,6,207,248,149,252,146,191,0,147,1,31,1,31,0,122,0,53,0,24,0,15,0,11,
0,248,253,59,251,164,2,70,2,105,251,106,6,24,250,42,252,77,190,0,147,1,31,1,30,0,122,0,53,0,24,0,15,0,12,
0,247,253,160,251,106,2,70,2,105,251,106,6,24,250,60,252,75,187,0,147,1,32,1,30,0,121,0,52,0,23,0,14,0,11,
0,220,253,15,252,100,2,70,2,105,251,106,6,161,249,60,252,75,187,0,147,1,31,1,29,0,121,0,53,0,24,0,15,0,12,
0,220,253,15,252,109,2,70,2,105,251,106,6,157,248,181,252,190,187,0,147,1,32,1,29,0,120,0,52,0,23,0,14,0,12,
0,229,253,68,252,109,2,70,2,105,251,106,6,157,248,9,253,50,189,0,147,1,32,1,28,0,120,0,52,0,23,0,15,0,11,
0,198,253,123,252,145,2,70,2,105,251,106,6,165,248,184,252,12,190,0,147,1,31,1,27,0,120,0,53,0,23,0,15,0,12,
0,177,253,203,252,158,2,70,2,105,251,106,6,165,248,184,252,12,189,0,147,1,32,1,27,0,119,0,52,0,23,0,14,0,11,
0,177,253,203,252,158,2,70,2,105,251,106,6,83,249,161,252,171,189,0,147,1,31,1,26,0,119,0,52,0,24,0,15,0,12,
0,167,253,3,253,158,2,58,2,146,251,66,5,8,249,164,252,61,187,0,147,1,31,1,25,0,119,0,52,0,23,0,15,0,12,
0,221,253,70,253,147,2,58,2,146,251,66,5,4,248,207,252,82,189,0,147,1,31,1,25,0,119,0,51,0,23,0,14,0,11,
0,218,253,130,253,133,2,58,2,146,251,66,5,4,248,83,252,181,188,0,147,1,31,1,24,0,118,0,51,0,23,0,14,0,11,
0,218,253,130,253,133,2,58,2,146,251,66,5,120,248,83,252,181,188,0,147,1,31,1,23,0,119,0,52,0,23,0,15,0,12,
0,156,253,217,253,132,2,58,2,146,251,66,5,112,248,194,252,122,188,0,147,1,31,1,22,0,118,0,51,0,23,0,15,0,12,
0,183,253,69,254,153,2,58,2,146,251,66,5,209,247,19,253,175,189,0,147,1,31,1,22,0,118,0,51,0,23,0,15,0,12,
0,192,253,158,254,176,2,58,2,146,251,66,5,167,248,233,252,27,190,0,147,1,31,1,21,0,117,0,51,0,23,0,15,0,12,
0,192,253,158,254,176,2,58,2,146,251,66,5,167,248,233,252,107,189,0,148,1,31,1,21,0,116,0,45,0,22,0,14,0,12,
0,165,253,209,254,192,2,58,2,146,251,66,5,2,249,0,253,107,189,0,148,1,30,1,20,0,116,0,47,0,22,0,15,0,12,
0,183,253,9,255,162,2,58,2,146,251,66,5,100,249,222,252,4,188,0,148,1,30,1,20,0,116,0,47,0,22,0,14,0,12,
0,183,253,9,255,149,2,58,2,146,251,66,5,186,248,99,253,171,186,0,148,1,30,1,20,0,116,0,48,0,22,0,14,0,12,
0,181,253,74,255,149,2,125,2,58,251,196,6,186,248,157,253,5,189,0,149,1,30,1,20,0,116,0,47,0,21,0,14,0,11,
0,184,253,127,255,118,2,125,2,58,251,196,6,138,248,157,253,5,189,0,149,1,30,1,20,0,116,0,49,0,22,0,14,0,12,
0,181,253,188,255,120,2,125,2,58,251,196,6,188,248,161,253,145,189,0,150,1,30,1,20,0,115,0,48,0,21,0,14,0,11,
0,181,253,188,255,120,2,125,2,58,251,196,6,223,248,139,253,137,188,0,149,1,30,1,20,0,116,0,49,0,22,0,14,0,12,
0,180,253,22,0,142,2,125,2,58,251,196,6,204,248,127,253,72,188,0,150,1,30,1,20,0,116,0,49,0,22,0,14,0,12,
0,214,253,62,0,136,2,125,2,58,251,196,6,204,248,127,253,62,188,0,150,1,30,1,20,0,115,0,49,0,22,0,14,0,11,
0,229,253,115,0,158,2,125,2,58,251,196,6,31,249,204,253,62,188,0,151,1,31,1,20,0,115,0,49,0,22,0,14,0,12,
0,229,253,115,0,158,2,125,2,58,251,196,6,172,249,211,253,30,189,0,151,1,31,1,20,0,115,0,49,0,22,0,14,0,11,
0,191,253,198,0,131,2,125,2,58,251,196,6,99,250,195,253,177,187,0,151,1,31,1,20,0,116,0,50,0,23,0,14,0,12,
0,158,253,21,1,109,2,125,2,58,251,196,6,241,249,21,254,155,186,0,151,1,31,1,20,0,116,0,50,0,22,0,14,0,12,
0,175,253,66,1,71,2,124,2,19,251,18,6,241,249,21,254,155,186,0,152,1,31,1,20,0,116,0,50,0,22,0,14,0,11,
0,175,253,66,1,71,2,124,2,19,251,18,6,238,249,99,254,232,188,0,153,1,32,1,21,0,115,0,49,0,23,0,15,0,12,
0,214,253,114,1,49,2,124,2,19,251,18,6,51,250,252,254,70,190,0,153,1,32,1,21,0,115,0,49,0,22,0,14,0,11,
0,240,253,137,1,62,2,124,2,19,251,18,6,86,251,179,254,93,189,0,153,1,32,1,21,0,116,0,50,0,23,0,14,0,12,
0,240,253,137,1,66,2,124,2,19,251,18,6,86,251,199,254,145,188,0,153,1,32,1,21,0,116,0,49,0,23,0,14,0,12,
0,226,253,166,1,66,2,124,2,19,251,18,6,118,251,199,254,145,188,0,154,1,32,1,21,0,116,0,49,0,22,0,14,0,12,
0,4,254,207,1,38,2,124,2,19,251,18,6,60,251,209,254,206,187,0,154,1,31,1,21,0,116,0,50,0,23,0,14,0,12,
0,37,254,249,1,21,2,124,2,19,251,18,6,53,251,239,254,187,189,0,155,1,32,1,22,0,116,0,53,0,22,0,14,0,11,
0,37,254,249,1,21,2,124,2,19,251,18,6,245,251,19,255,194,189,0,155,1,32,1,22,0,116,0,53,0,23,0,14,0,11,
0,23,254,32,2,12,2,124,2,19,251,18,6,245,251,19,255,194,187,0,156,1,32,1,22,0,116,0,52,0,23,0,14,0,11,
0,39,254,78,2,250,1,110,2,45,251,120,7,21,252,162,254,90,187,0,157,1,32,1,23,0,116,0,52,0,23,0,14,0,11,
0,46,254,144,2,3,2,110,2,45,251,120,7,139,252,34,255,46,189,0,158,1,32,1,23,0,116,0,51,0,23,0,14,0,11,
0,46,254,144,2,3,2,110,2,45,251,120,7,130,251,85,255,129,189,0,158,1,32,1,24,0,116,0,51,0,23,0,14,0,11,
0,10,254,171,2,10,2,110,2,45,251,120,7,130,251,123,255,68,191,0,159,1,32,1,24,0,117,0,51,0,23,0,15,0,12,
0,23,254,167,2,231,1,110,2,45,251,120,7,26,253,123,255,68,191,0,160,1,32,1,25,0,117,0,51,0,23,0,15,0,12,
0,66,254,144,2,201,1,110,2,45,251,120,7,27,254,137,255,78,190,0,161,1,32,1,25,0,117,0,51,0,23,0,14,0,11,
0,66,254,144,2,201,1,110,2,45,251,120,7,21,254,13,255,85,188,0,162,1,32,1,26,0,117,0,50,0,23,0,14,0,11,
0,61,254,136,2,209,1,110,2,45,251,120,7,146,253,87,255,51,189,0,163,1,32,1,26,0,118,0,51,0,23,0,15,0,12,
0,90,254,129,2,211,1,110,2,45,251,120,7,146,253,87,255,85,190,0,164,1,32,1,27,0,118,0,51,0,23,0,15,0,12,
0,90,254,129,2,216,1,110,2,45,251,120,7,239,253,177,255,85,190,0,166,1,32,1,27,0,118,0,51,0,23,0,14,0,12,
0,77,254,121,2,216,1,53,2,54,251,187,6,11,254,23,255,238,189,0,168,1,32,1,28,0,118,0,51,0,22,0,14,0,12,
0,75,254,121,2,234,1,53,2,54,251,187,6,129,254,39,255,65,190,0,169,1,31,1,28,0,119,0,52,0,23,0,15,0,12,
0,89,254,100,2,210,1,53,2,54,251,187,6,129,254,90,255,28,190,0,171,1,32,1,29,0,119,0,51,0,23,0,14,0,11,
0,89,254,100,2,210,1,53,2,54,251,187,6,35,254,90,255,28,190,0,172,1,31,1,29,0,119,0,52,0,23,0,15,0,12,
0,71,254,107,2,217,1,53,2,54,251,187,6,3,255,35,255,139,191,0,175,1,31,1,30,0,119,0,52,0,23,0,15,0,12,
0,76,254,110,2,212,1,53,2,54,251,187,6,173,0,13,255,146,190,0,177,1,31,1,29,0,119,0,52,0,23,0,14,0,12,
0,96,254,85,2,180,1,53,2,54,251,187,6,243,255,185,254,76,189,0,179,1,31,1,30,0,120,0,52,0,23,0,15,0,12,
0,96,254,85,2,180,1,53,2,54,251,187,6,243,255,185,254,21,190,0,182,1,31,1,30,0,119,0,51,0,22,0,14,0,11,
0,111,254,31,2,198,1,53,2,54,251,187,6,143,255,41,255,21,190,0,184,1,30,1,30,0,120,0,52,0,23,0,14,0,12,
0,80,254,238,1,210,1,53,2,54,251,187,6,152,255,126,255,189,190,0,186,1,29,1,30,0,120,0,52,0,23,0,15,0,12,
0,65,254,238,1,203,1,53,2,54,251,187,6,35,0,113,255,223,191,0,189,1,29,1,30,0,119,0,51,0,23,0,14,0,11,
0,65,254,247,1,203,1,7,2,101,251,83,6,248,0,24,255,36,191,0,191,1,28,1,30,0,120,0,52,0,23,0,15,0,12,
0,67,254,207,1,198,1,7,2,101,251,83,6,248,0,24,255,36,191,0,193,1,28,1,30,0,119,0,52,0,23,0,14,0,11,
0,78,254,165,1,189,1,7,2,101,251,83,6,48,0,245,254,42,190,0,196,1,27,1,30,0,120,0,52,0,23,0,15,0,12,
0,78,254,165,1,192,1,7,2,101,251,83,6,158,0,30,255,121,191,0,198,1,27,1,29,0,120,0,52,0,23,0,15,0,12,
0,111,254,132,1,192,1,7,2,101,251,83,6,173,1,223,254,51,191,0,201,1,27,1,29,0,119,0,51,0,23,0,15,0,12,
0,163,254,108,1,167,1,7,2,101,251,83,6,173,1,114,254,78,189,0,203,1,26,1,29,0,120,0,52,0,23,0,15,0,12,
0,182,254,75,1,170,1,7,2,101,251,83,6,114,1,114,254,78,189,0,206,1,26,1,29,0,120,0,52,0,23,0,14,0,12,
0,182,254,75,1,170,1,7,2,101,251,83,6,212,0,23,255,0,190,0,208,1,26,1,29,0,120,0,52,0,23,0,15,0,12,
0,195,254,25,1,202,1,7,2,101,251,83,6,98,0,54,255,48,191,0,210,1,25,1,28,0,120,0,52,0,23,0,15,0,12,
0,139,254,229,0,230,1,7,2,101,251,83,6,64,1,12,255,141,192,0,213,1,26,1,28,0,119,0,51,0,23,0,16,0,12,
0,149,254,163,0,8,2,70,2,25,251,124,6,64,1,12,255,212,191,0,215,1,25,1,28,0,120,0,52,0,24,0,15,0,12,
0,149,254,163,0,8,2,70,2,25,251,124,6,24,2,46,255,212,191,0,217,1,25,1,28,0,119,0,52,0,23,0,14,0,11,
0,204,254,123,0,23,2,70,2,25,251,124,6,162,1,209,254,94,190,0,220,1,25,1,27,0,119,0,52,0,23,0,14,0,12,
0,234,254,77,0,1,2,70,2,25,251,124,6,51,1,205,254,109,191,0,222,1,24,1,26,0,119,0,52,0,23,0,15,0,12,
0,183,254,77,0,1,2,70,2,25,251,124,6,51,1,234,254,125,191,0,224,1,24,1,25,0,119,0,51,0,23,0,14,0,12,
0,183,254,45,0,1,2,70,2,25,251,124,6,73,1,234,254,125,191,0,227,1,24,1,25,0,119,0,52,0,23,0,15,0,12,
0,180,254,22,0,9,2,70,2,25,251,124,6,73,1,104,254,11,191,0,229,1,23,1,24,0,118,0,51,0,23,0,14,0,11,
0,183,254,252,255,27,2,70,2,25,251,124,6,246,0,137,254,206,190,0,230,1,23,1,23,0,118,0,52,0,23,0,15,0,12,
0,183,254,252,255,20,2,70,2,25,251,124,6,131,0,189,254,63,191,0,232,1,22,1,22,0,118,0,51,0,23,0,15,0,12,
0,204,254,245,255,20,2,70,2,25,251,124,6,131,0,189,254,1,193,0,234,1,22,1,21,0,117,0,51,0,22,0,14,0,11,
0,0,255,202,255,21,2,42,2,30,251,193,5,247,0,178,254,1,193,0,236,1,22,1,21,0,117,0,51,0,23,0,14,0,12,
0,25,255,149,255,32,2,42,2,30,251,193,5,21,1,79,254,177,192,0,238,1,21,1,20,0,116,0,50,0,23,0,14,0,11,
0,25,255,149,255,32,2,42,2,30,251,193,5,152,1,61,254,179,191,0,240,1,20,1,19,0,117,0,51,0,23,0,14,0,12,
0,23,255,124,255,38,2,42,2,30,251,193,5,100,1,1,254,233,190,0,242,1,20,1,19,0,116,0,51,0,23,0,15,0,12,
0,50,255,94,255,40,2,42,2,30,251,193,5,100,1,1,254,233,190,0,243,1,20,1,18,0,115,0,50,0,22,0,14,0,12,
0,45,255,16,255,63,2,42,2,30,251,193,5,107,0,247,253,114,191,0,245,1,19,1,18,0,116,0,50,0,23,0,15,0,12,
0,45,255,16,255,63,2,42,2,30,251,193,5,249,255,251,253,7,192,0,247,1,19,1,17,0,115,0,50,0,22,0,14,0,11,
0,20,255,248,254,74,2,42,2,30,251,193,5,118,0,18,254,87,192,0,248,1,18,1,16,0,115,0,50,0,23,0,15,0,12,
0,58,255,241,254,56,2,42,2,30,251,193,5,118,0,18,254,153,191,0,249,1,18,1,16,0,115,0,50,0,23,0,15,0,12,
0,58,255,241,254,65,2,42,2,30,251,193,5,104,0,184,253,153,191,0,251,1,17,1,16,0,114,0,49,0,22,0,14,0,11,
0,95,255,220,254,65,2,28,2,37,251,199,6,115,0,211,253,222,191,0,253,1,17,1,16,0,115,0,50,0,23,0,15,0,12,
0,75,255,165,254,63,2,28,2,37,251,199,6,118,0,238,253,113,192,0,255,1,17,1,16,0,114,0,49,0,22,0,14,0,11,
0,52,255,145,254,70,2,28,2,37,251,199,6,129,0,101,253,50,191,0,255,1,16,1,15,0,114,0,50,0,21,0,14,0,12,
0,52,255,145,254,93,2,28,2,37,251,199,6,129,0,101,253,50,191,1,1,1,16,1,15,0,114,0,49,0,21,0,14,0,12,
0,80,255,155,254,93,2,28,2,37,251,199,6,8,0,239,253,217,189,1,2,1,16,1,14,0,113,0,49,0,21,0,14,0,11,
0,94,255,108,254,99,2,28,2,37,251,199,6,86,255,114,254,117,192,1,4,1,16,1,15,0,113,0,49,0,21,0,13,0,11,
0,120,255,90,254,93,2,28,2,37,251,199,6,4,0,255,253,183,193,1,4,1,15,1,14,0,113,0,49,0,22,0,14,0,11,
0,120,255,90,254,93,2,28,2,37,251,199,6,4,0,205,253,0,192,1,5,1,15,1,13,0,113,0,48,0,21,0,14,0,11,
0,128,255,93,254,77,2,28,2,37,251,199,6,140,0,205,253,0,192,1,6,1,14,1,13,0,113,0,48,0,21,0,14,0,12,
0,172,255,99,254,52,2,28,2,37,251,199,6,170,255,171,253,87,190,1,8,1,14,1,13,0,112,0,48,0,21,0,13,0,11,
0,178,255,127,254,81,2,28,2,37,251,199,6,237,254,71,253,15,190,1,8,1,14,1,12,0,112,0,47,0,20,0,13,0,11,
0,178,255,127,254,81,2,86,2,2,251,236,5,45,255,250,253,193,192,1,8,1,13,1,11,0,112,0,48,0,21,0,14,0,12,
0,186,255,151,254,108,2,86,2,2,251,236,5,45,255,250,253,94,192,1,9,1,12,1,11,0,112,0,48,0,21,0,14,0,11,
0,205,255,133,254,105,2,86,2,2,251,236,5,209,254,171,253,94,192,1,10,1,12,1,11,0,111,0,43,0,20,0,14,0,12,
0,205,255,133,254,67,2,86,2,2,251,236,5,143,255,194,253,87,192,1,10,1,12,1,11,0,111,0,43,0,19,0,14,0,12,
0,196,255,128,254,67,2,86,2,2,251,236,5,162,255,213,253,11,191,1,11,1,12,1,11,0,111,0,44,0,19,0,13,0,11,
0,197,255,98,254,47,2,86,2,2,251,236,5,162,255,63,254,115,191,1,11,1,11,1,10,0,111,0,46,0,20,0,14,0,12,
0,204,255,100,254,39,2,86,2,2,251,236,5,101,255,63,254,115,191,1,12,1,11,1,10,0,111,0,46,0,20,0,14,0,12,
0,204,255,100,254,39,2,86,2,2,251,236,5,117,255,176,253,50,190,1,12,1,11,1,10,0,111,0,47,0,21,0,14,0,12,
0,238,255,123,254,39,2,86,2,2,251,236,5,67,255,66,254,38,191,1,12,1,11,1,9,0,111,0,47,0,20,0,13,0,11,
0,253,255,156,254,55,2,86,2,2,251,236,5,120,254,115,254,8,192,1,12,1,11,1,9,0,111,0,47,0,21,0,14,0,12,
0,17,0,166,254,56,2,45,2,100,251,32,6,120,254,115,254,254,193,1,13,1,11,1,9,0,110,0,46,0,20,0,13,0,11,
0,17,0,166,254,56,2,45,2,100,251,32,6,8,255,98,254,254,193,1,13,1,10,1,8,0,111,0,47,0,21,0,14,0,12,
0,59,0,168,254,28,2,45,2,100,251,32,6,0,0,210,253,184,191,1,13,1,10,1,8,0,110,0,47,0,21,0,14,0,12,
0,73,0,157,254,5,2,45,2,100,251,32,6,78,255,226,253,247,189,1,13,1,11,1,9,0,110,0,47,0,20,0,13,0,11,
0,67,0,151,254,237,1,45,2,100,251,32,6,179,254,243,253,134,191,1,13,1,11,1,8,0,110,0,47,0,21,0,14,0,12,
0,67,0,151,254,237,1,45,2,100,251,32,6,179,254,243,253,134,191,1,13,1,11,1,9,0,110,0,47,0,20,0,13,0,11,
0,54,0,155,254,230,1,45,2,100,251,32,6,161,254,207,254,124,192,1,13,1,11,1,8,0,110,0,47,0,21,0,14,0,11,
0,64,0,154,254,199,1,45,2,100,251,32,6,4,0,109,254,0,193,1,14,1,11,1,8,0,110,0,47,0,21,0,14,0,11,
0,64,0,154,254,160,1,45,2,100,251,32,6,160,0,191,253,179,190,1,14,1,11,1,8,0,109,0,46,0,20,0,14,0,11,
0,88,0,180,254,160,1,45,2,100,251,32,6,160,0,191,254,97,190,1,14,1,11,1,8,0,110,0,47,0,21,0,14,0,11,
0,101,0,176,254,160,1,57,2,21,251,198,6,169,255,46,254,97,190,1,15,1,11,1,8,0,109,0,46,0,20,0,13,0,11,
0,144,0,144,254,144,1,57,2,21,251,198,6,89,255,109,254,211,192,1,14,1,11,1,8,0,110,0,47,0,21,0,14,0,12,
0,144,0,144,254,167,1,57,2,21,251,198,6,175,255,81,254,128,192,1,14,1,11,1,8,0,110,0,47,0,21,0,14,0,12,
0,113,0,152,254,167,1,57,2,21,251,198,6,220,255,47,254,198,191,1,14,1,11,1,8,0,110,0,47,0,20,0,13,0,11,
0,82,0,146,254,174,1,57,2,21,251,198,6,220,255,47,254,198,191,1,15,1,11,1,8,0,110,0,51,0,21,0,13,0,11,
0,87,0,152,254,131,1,57,2,21,251,198,6,49,255,241,253,102,193,1,15,1,10,1,8,0,110,0,51,0,22,0,14,0,12,
0,87,0,152,254,131,1,57,2,21,251,198,6,251,255,41,254,29,194,1,15,1,10,1,8,0,110,0,49,0,22,0,14,0,11,
0,116,0,157,254,90,1,57,2,21,251,198,6,236,0,229,253,1,192,1,15,1,10,1,8,0,110,0,49,0,22,0,14,0,12,
0,143,0,118,254,65,1,57,2,21,251,198,6,236,0,146,253,67,191,1,15,1,10,1,9,0,110,0,48,0,21,0,14,0,11,
0,165,0,133,254,78,1,57,2,21,251,198,6,100,0,146,253,67,191,1,15,1,10,1,8,0,110,0,49,0,22,0,14,0,12,
0,165,0,133,254,78,1,97,2,82,251,32,6,247,255,232,253,204,190,1,16,1,10,1,9,0,110,0,47,0,21,0,14,0,11,
0,147,0,133,254,70,1,97,2,82,251,32,6,74,255,224,253,114,192,1,15,1,9,1,8,0,110,0,48,0,22,0,14,0,12,
0,186,0,139,254,51,1,97,2,82,251,32,6,16,0,16,254,43,193,1,15,1,9,1,9,0,110,0,47,0,21,0,14,0,11,
0,186,0,139,254,59,1,97,2,82,251,32,6,16,0,16,254,171,192,1,16,1,10,1,9,0,110,0,47,0,20,0,13,0,11,
0,163,0,119,254,59,1,97,2,82,251,32,6,184,0,216,253,171,192,1,16,1,10,1,9,0,109,0,47,0,20,0,13,0,11,
0,175,0,120,254,46,1,97,2,82,251,32,6,110,0,61,253,179,190,1,15,1,9,1,8,0,110,0,47,0,21,0,14,0,11,
0,152,0,143,254,17,1,97,2,82,251,32,6,78,0,185,253,214,191,1,15,1,9,1,8,0,110,0,47,0,21,0,14,0,11,
0,152,0,143,254,17,1,97,2,82,251,32,6,78,0,77,253,233,191,1,14,1,9,1,8,0,110,0,47,0,21,0,14,0,11,
0,175,0,121,254,0,1,97,2,82,251,32,6,10,0,77,253,233,191,1,14,1,9,1,8,0,109,0,47,0,20,0,13,0,11,
0,190,0,116,254,255,0,97,2,82,251,32,6,157,255,8,253,156,192,1,14,1,9,1,8,0,110,0,47,0,21,0,14,0,11,
0,143,0,130,254,235,0,97,2,82,251,32,6,95,0,130,253,253,192,1,14,1,9,1,8,0,109,0,46,0,20,0,13,0,11,
0,143,0,130,254,235,0,57,2,79,251,153,6,159,0,49,253,153,192,1,13,1,9,1,8,0,110,0,47,0,21,0,14,0,11,
0,152,0,166,254,238,0,57,2,79,251,153,6,159,0,49,253,42,191,1,13,1,8,1,8,0,110,0,47,0,21,0,14,0,12,
0,171,0,157,254,229,0,57,2,79,251,153,6,22,0,22,253,42,191,1,12,1,8,1,7,0,109,0,47,0,20,0,13,0,11,
0,198,0,154,254,202,0,57,2,79,251,153,6,56,0,24,253,0,192,1,12,1,8,1,6,0,109,0,47,0,21,0,14,0,12,
0,198,0,154,254,202,0,57,2,79,251,153,6,181,255,81,253,245,192,1,12,1,8,1,6,0,109,0,47,0,20,0,13,0,11,
0,173,0,142,254,202,0,57,2,79,251,153,6,247,255,213,252,254,192,1,11,1,8,1,5,0,109,0,47,0,21,0,14,0,12,
0,173,0,132,254,195,0,57,2,79,251,153,6,247,255,213,252,254,192,1,10,1,7,1,4,0,109,0,47,0,21,0,14,0,12,
0,173,0,132,254,196,0,57,2,79,251,153,6,232,255,218,252,8,192,1,10,1,7,1,4,0,108,0,46,0,20,0,13,0,11,
0,172,0,142,254,196,0,57,2,79,251,153,6,46,0,109,252,6,192,1,9,1,7,1,4,0,108,0,46,0,20,0,13,0,11,
0,148,0,176,254,179,0,57,2,79,251,153,6,99,255,83,252,6,192,1,9,1,6,1,3,0,108,0,46,0,20,0,14,0,12,
0,131,0,192,254,148,0,96,2,44,251,148,6,99,255,134,252,101,192,1,8,1,6,1,2,0,108,0,47,0,20,0,14,0,11,
0,131,0,192,254,148,0,96,2,44,251,148,6,238,254,134,252,101,192,1,7,1,5,1,2,0,108,0,46,0,20,0,13,0,11,
0,154,0,144,254,101,0,96,2,44,251,148,6,49,255,171,252,242,193,1,6,1,5,1,2,0,107,0,46,0,20,0,13,0,11,
0,146,0,137,254,102,0,96,2,44,251,148,6,213,255,83,252,109,193,1,6,1,5,1,1,0,107,0,46,0,20,0,13,0,11,
0,168,0,145,254,91,0,96,2,44,251,148,6,213,255,162,251,171,190,1,5,1,5,1,0,0,107,0,46,0,20,0,14,0,11,
0,168,0,145,254,91,0,96,2,44,251,148,6,213,255,162,251,171,190,1,4,1,4,1,0,0,107,0,46,0,20,0,13,0,11,
0,177,0,146,254,85,0,96,2,44,251,148,6,182,254,228,251,107,191,1,3,1,4,0,255,0,106,0,45,0,22,0,14,0,11,
0,135,0,132,254,92,0,96,2,44,251,148,6,131,254,118,252,72,193,1,2,1,4,0,255,0,105,0,45,0,21,0,13,0,11,
0,78,0,140,254,111,0,96,2,44,251,148,6,145,255,74,252,13,194,1,2,1,4,0,255,0,106,0,45,0,22,0,14,0,11,
0,78,0,140,254,111,0,96,2,44,251,148,6,145,255,181,251,16,192,1,1,1,4,0,254,0,105,0,44,0,20,0,13,0,11,
0,128,0,143,254,91,0,107,2,118,251,54,6,227,255,181,251,16,192,1,0,1,3,0,253,0,105,0,45,0,21,0,14,0,11,
0,117,0,150,254,86,0,107,2,118,251,54,6,57,255,180,251,9,192,1,0,1,4,0,253,0,104,0,45,0,20,0,13,0,11,
0,117,0,150,254,89,0,107,2,118,251,54,6,121,254,233,251,83,191,0,255,1,3,0,252,0,104,0,45,0,20,0,14,0,11,
0,59,0,146,254,89,0,107,2,118,251,54,6,113,254,49,252,215,192,0,255,1,3,0,251,0,104,0,45,0,20,0,13,0,11,
0,55,0,121,254,90,0,107,2,118,251,54,6,113,254,49,252,131,193,0,255,1,2,0,250,0,104,0,45,0,21,0,14,0,12,
0,67,0,155,254,117,0,107,2,118,251,54,6,9,255,246,251,131,193,0,254,1,2,0,249,0,104,0,45,0,21,0,14,0,12,
0,67,0,155,254,117,0,107,2,118,251,54,6,29,255,200,251,146,192,0,253,1,1,0,248,0,104,0,45,0,21,0,14,0,12,
0,56,0,193,254,134,0,107,2,118,251,54,6,149,254,247,251,120,192,0,254,1,2,0,248,0,103,0,44,0,21,0,14,0,12,
0,44,0,152,254,107,0,107,2,118,251,54,6,149,254,28,252,93,192,0,253,1,1,0,246,0,103,0,44,0,21,0,14,0,12,
0,26,0,128,254,81,0,107,2,118,251,54,6,184,254,28,252,93,192,0,254,1,1,0,246,0,102,0,43,0,20,0,13,0,11,
0,26,0,128,254,81,0,114,2,41,251,169,6,193,254,72,252,244,191,0,253,1,0,0,245,0,102,0,44,0,20,0,14,0,12,
0,47,0,171,254,100,0,114,2,41,251,169,6,148,254,147,252,148,193,0,253,1,0,0,244,0,102,0,44,0,20,0,14,0,11,
0,16,0,219,254,98,0,114,2,41,251,169,6,218,254,255,251,100,192,0,253,0,255,0,244,0,101,0,44,0,20,0,14,0,11,
0,3,0,217,254,107,0,114,2,41,251,169,6,218,254,255,251,222,191,0,253,0,255,0,243,0,100,0,43,0,20,0,14,0,11,
0,3,0,217,254,107,0,114,2,41,251,169,6,135,254,46,252,222,191,0,254,0,255,0,243,0,100,0,42,0,19,0,13,0,11,
0,3,0,210,254,124,0,114,2,41,251,169,6,75,254,127,252,156,191,0,254,0,254,0,241,0,100,0,43,0,20,0,13,0,11,
0,12,0,10,255,117,0,114,2,41,251,169,6,249,253,151,252,14,193,0,254,0,254,0,241,0,99,0,43,0,20,0,13,0,11,
0,12,0,10,255,100,0,114,2,41,251,169,6,207,253,168,252,142,193,0,254,0,255,0,240,0,99,0,42,0,20,0,13,0,11,
0,247,255,43,255,100,0,114,2,41,251,169,6,207,253,168,252,142,193,0,255,0,254,0,240,0,99,0,42,0,20,0,13,0,11,
0,245,255,43,255,100,0,114,2,41,251,169,6,98,254,119,252,31,192,1,0,0,254,0,240,0,98,0,41,0,19,0,13,0,11,
0,226,255,20,255,118,0,114,2,41,251,235,6,4,254,197,252,235,190,0,255,0,254,0,239,0,98,0,42,0,18,0,13,0,12,
0,226,255,20,255,118,0,149,2,50,251,235,6,84,254,220,252,148,191,1,0,0,253,0,238,0,98,0,42,0,18,0,13,0,11,
0,248,255,22,255,136,0,149,2,50,251,235,6,84,254,134,253,61,192,1,0,0,253,0,238,0,97,0,41,0,18,0,13,0,11,
0,250,255,21,255,121,0,149,2,50,251,235,6,96,253,134,253,61,192,1,1,0,252,0,238,0,98,0,42,0,19,0,13,0,12,
0,18,0,19,255,126,0,149,2,50,251,235,6,23,254,115,253,165,193,1,1,0,253,0,238,0,97,0,41,0,18,0,13,0,11,
0,18,0,19,255,126,0,149,2,50,251,235,6,209,254,50,253,217,192,1,2,0,252,0,237,0,97,0,42,0,19,0,13,0,11,
0,32,0,39,255,103,0,149,2,50,251,235,6,164,254,25,253,196,189,1,2,0,252,0,237,0,97,0,42,0,19,0,13,0,11,
0,49,0,73,255,108,0,149,2,50,251,235,6,164,254,25,253,196,191,1,3,0,252,0,237,0,97,0,41,0,18,0,13,0,11,
0,35,0,73,255,103,0,149,2,50,251,235,6,77,253,216,253,66,191,1,3,0,252,0,236,0,97,0,42,0,19,0,13,0,11,
0,35,0,66,255,103,0,149,2,50,251,235,6,180,253,245,253,235,193,1,4,0,252,0,237,0,96,0,41,0,18,0,13,0,11,
0,244,255,83,255,112,0,149,2,50,251,235,6,13,255,217,253,31,193,1,4,0,251,0,236,0,96,0,36,0,18,0,13,0,12,
0,16,0,78,255,106,0,84,2,120,251,66,6,13,255,136,253,227,190,1,4,0,251,0,237,0,96,0,37,0,18,0,13,0,12,
0,16,0,78,255,86,0,84,2,120,251,66,6,157,254,136,253,227,190,1,5,0,251,0,237,0,96,0,38,0,17,0,13,0,11,
0,46,0,123,255,86,0,84,2,120,251,66,6,166,253,178,253,36,191,1,5,0,251,0,237,0,96,0,39,0,18,0,13,0,11,
0,246,255,123,255,91,0,84,2,120,251,66,6,155,253,15,254,157,193,1,6,0,251,0,237,0,96,0,39,0,17,0,12,0,11,
0,241,255,80,255,82,0,84,2,120,251,66,6,142,254,27,254,208,192,1,6,0,251,0,237,0,96,0,40,0,17,0,13,0,11,
0,241,255,80,255,82,0,84,2,120,251,66,6,142,254,27,254,3,191,1,6,0,251,0,238,0,96,0,40,0,18,0,13,0,11,
0,48,0,79,255,83,0,84,2,120,251,66,6,124,254,226,253,3,191,1,6,0,251,0,238,0,96,0,40,0,17,0,12,0,11,
0,95,0,118,255,99,0,84,2,120,251,66,6,255,253,213,253,141,190,1,7,0,251,0,238,0,96,0,40,0,19,0,13,0,11,
0,49,0,120,255,73,0,84,2,120,251,66,6,165,253,141,254,39,192,1,8,0,251,0,239,0,96,0,40,0,17,0,12,0,11,
0,49,0,120,255,73,0,84,2,120,251,66,6,102,254,41,254,95,193,1,7,0,251,0,239,0,97,0,40,0,18,0,13,0,11,
0,37,0,133,255,87,0,183,2,97,251,146,6,102,254,41,254,95,193,1,7,0,251,0,239,0,97,0,41,0,18,0,13,0,12,
0,86,0,152,255,98,0,183,2,97,251,146,6,66,254,11,254,0,192,1,8,0,252,0,240,0,97,0,40,0,20,0,13,0,11,
0,94,0,152,255,85,0,183,2,97,251,146,6,109,254,52,254,133,192,1,8,0,252,0,240,0,97,0,41,0,20,0,14,0,12,
0,94,0,174,255,85,0,183,2,97,251,146,6,39,254,0,254,95,191,1,8,0,252,0,241,0,97,0,40,0,19,0,13,0,11,
0,91,0,173,255,93,0,183,2,97,251,146,6,39,254,0,254,230,191,1,8,0,252,0,241,0,98,0,41,0,20,0,14,0,11,
0,70,0,200,255,77,0,183,2,97,251,146,6,249,253,46,254,230,191,1,8,0,252,0,241,0,98,0,41,0,20,0,14,0,12,
0,70,0,200,255,91,0,183,2,97,251,146,6,144,253,30,254,31,192,1,8,0,253,0,242,0,97,0,41,0,19,0,13,0,12,
0,92,0,218,255,91,0,183,2,97,251,146,6,171,253,116,254,235,192,1,8,0,253,0,242,0,98,0,42,0,20,0,14,0,12,
0,125,0,218,255,85,0,183,2,97,251,146,6,70,254,55,254,71,193,1,8,0,253,0,243,0,98,0,41,0,19,0,13,0,11,
0,127,0,209,255,74,0,183,2,97,251,146,6,70,254,55,254,71,193,1,8,0,253,0,244,0,99,0,41,0,19,0,13,0,11,
0,127,0,209,255,74,0,115,2,56,251,40,7,51,255,249,253,81,192,1,7,0,254,0,244,0,99,0,42,0,20,0,13,0,11,
0,114,0,194,255,82,0,115,2,56,251,40,7,78,254,123,253,46,191,1,7,0,254,0,245,0,99,0,46,0,20,0,13,0,11,
0,85,0,210,255,77,0,115,2,56,251,40,7,101,253,243,253,59,191,1,7,0,255,0,246,0,99,0,45,0,20,0,12,0,10,
0,98,0,227,255,96,0,115,2,56,251,40,7,101,253,67,254,125,193,1,6,0,254,0,246,0,100,0,44,0,21,0,13,0,11,
0,98,0,227,255,96,0,115,2,56,251,40,7,191,253,67,254,125,193,1,5,0,255,0,247,0,100,0,44,0,20,0,13,0,11,
0,89,0,208,255,100,0,115,2,56,251,40,7,241,254,1,254,5,193,1,5,0,255,0,247,0,100,0,44,0,21,0,13,0,11,
0,54,0,220,255,79,0,115,2,56,251,40,7,231,254,125,253,43,190,1,4,0,255,0,247,0,100,0,43,0,20,0,14,0,11,
0,70,0,220,255,58,0,115,2,56,251,40,7,50,254,195,253,54,190,1,4,0,255,0,249,0,100,0,43,0,20,0,13,0,11,
0,70,0,204,255,58,0,115,2,56,251,40,7,50,254,195,253,135,191,1,4,1,0,0,250,0,101,0,42,0,19,0,13,0,11,
0,105,0,217,255,55,0,115,2,56,251,40,7,221,253,8,254,135,191,1,3,1,0,0,250,0,101,0,43,0,20,0,14,0,12,
0,103,0,4,0,70,0,50,2,161,251,225,5,203,254,233,253,129,193,1,2,1,0,0,251,0,102,0,43,0,20,0,13,0,11,
0,103,0,4,0,77,0,50,2,161,251,225,5,227,254,176,253,56,192,1,2,1,1,0,251,0,102,0,43,0,20,0,13,0,11,
0,128,0,248,255,77,0,50,2,161,251,225,5,227,254,179,253,116,190,1,1,1,0,0,251,0,102,0,43,0,20,0,14,0,12,
0,76,0,248,255,90,0,50,2,161,251,225,5,243,254,179,253,116,190,1,0,1,1,0,252,0,102,0,43,0,19,0,13,0,11,
0,85,0,8,0,94,0,50,2,161,251,225,5,147,254,56,253,32,191,0,255,1,1,0,252,0,103,0,43,0,20,0,14,0,11,
0,85,0,8,0,94,0,50,2,161,251,225,5,14,254,106,253,220,191,0,255,1,1,0,253,0,104,0,44,0,20,0,14,0,12,
0,88,0,4,0,75,0,50,2,161,251,225,5,204,254,137,253,40,193,0,254,1,2,0,253,0,103,0,43,0,20,0,13,0,11,
0,117,0,16,0,79,0,50,2,161,251,225,5,204,254,137,253,40,190,0,253,1,2,0,253,0,104,0,44,0,20,0,14,0,12,
0,144,0,18,0,76,0,50,2,161,251,225,5,62,255,28,253,40,190,0,253,1,2,0,254,0,104,0,44,0,20,0,13,0,11,
0,144,0,18,0,76,0,50,2,161,251,225,5,213,253,113,253,187,190,0,251,1,2,0,254,0,104,0,44,0,21,0,14,0,12,
0,142,0,247,255,44,0,50,2,161,251,225,5,79,254,53,253,157,193,0,251,1,2,0,254,0,104,0,44,0,20,0,14,0,11,
0,95,0,14,0,53,0,127,2,82,251,34,6,213,254,190,252,209,192,0,250,1,3,0,255,0,104,0,44,0,20,0,13,0,11,
0,95,0,14,0,84,0,127,2,82,251,34,6,213,254,190,252,209,192,0,249,1,3,0,254,0,104,0,44,0,21,0,14,0,11,
0,81,0,18,0,84,0,127,2,82,251,34,6,173,254,31,252,6,189,0,248,1,4,0,255,0,104,0,44,0,20,0,13,0,11,
0,96,0,51,0,116,0,127,2,82,251,34,6,121,253,77,253,210,191,0,247,1,2,0,254,0,104,0,44,0,20,0,14,0,11,
0,82,0,3,0,97,0,127,2,82,251,34,6,246,254,11,253,203,193,0,247,1,3,0,255,0,104,0,44,0,20,0,13,0,11,
0,82,0,3,0,98,0,127,2,82,251,34,6,246,254,24,252,67,190,0,246,1,3,0,255,0,104,0,44,0,20,0,13,0,11,
0,56,0,21,0,98,0,127,2,82,251,34,6,53,255,24,252,67,190,0,245,1,3,0,255,0,104,0,44,0,20,0,13,0,11,
0,91,0,10,0,86,0,127,2,82,251,34,6,147,253,101,252,207,189,0,244,1,3,0,255,0,105,0,45,0,20,0,14,0,12,
0,120,0,34,0,73,0,127,2,82,251,34,6,128,253,242,252,39,194,0,243,1,3,0,255,0,105,0,44,0,20,0,13,0,11,
0,120,0,34,0,73,0,127,2,82,251,34,6,125,255,105,252,198,192,0,242,1,3,0,255,0,105,0,45,0,21,0,14,0,12,
0,108,0,33,0,78,0,57,2,141,251,243,5,125,255,105,252,198,192,0,241,1,3,0,255,0,104,0,44,0,20,0,13,0,11,
0,116,0,25,0,80,0,57,2,141,251,243,5,19,254,249,251,161,189,0,240,1,3,0,255,0,105,0,45,0,21,0,14,0,12,
0,125,0,42,0,71,0,57,2,141,251,243,5,41,253,246,252,76,193,0,240,1,4,0,255,0,105,0,44,0,20,0,13,0,11,
0,125,0,42,0,71,0,57,2,141,251,243,5,193,254,90,252,160,192,0,239,1,3,0,255,0,105,0,45,0,21,0,14,0,12,
0,135,0,4,0,80,0,57,2,141,251,243,5,193,254,232,251,35,190,0,238,1,3,0,255,0,105,0,45,0,21,0,14,0,12,
0,122,0,245,255,80,0,57,2,141,251,243,5,222,253,232,251,35,190,0,238,1,4,0,255,0,104,0,44,0,20,0,13,0,11,
0,122,0,245,255,96,0,57,2,141,251,243,5,47,253,141,252,211,192,0,236,1,3,0,254,0,105,0,45,0,21,0,14,0,12,
0,121,0,3,0,96,0,57,2,141,251,243,5,138,254,4,252,206,191,0,236,1,4,0,254,0,104,0,44,0,20,0,13,0,11,
0,125,0,252,255,73,0,57,2,141,251,243,5,215,253,31,252,17,190,0,235,1,3,0,253,0,105,0,45,0,21,0,14,0,12,
0,129,0,18,0,63,0,57,2,141,251,243,5,215,253,31,252,133,191,0,235,1,3,0,253,0,105,0,45,0,21,0,14,0,12,
0,129,0,18,0,93,0,89,2,83,251,58,7,115,253,27,252,133,191,0,235,1,3,0,253,0,104,0,44,0,20,0,13,0,11,
0,92,0,43,0,93,0,89,2,83,251,58,7,171,253,46,252,222,191,0,235,1,4,0,253,0,104,0,44,0,20,0,13,0,11,
0,116,0,40,0,78,0,89,2,83,251,58,7,29,254,29,252,8,191,0,234,1,3,0,252,0,104,0,45,0,21,0,14,0,11,
0,109,0,43,0,95,0,89,2,83,251,58,7,29,253,14,252,185,190,0,233,1,3,0,252,0,104,0,44,0,20,0,13,0,11,
0,109,0,43,0,95,0,89,2,83,251,58,7,253,253,14,252,185,190,0,234,1,3,0,252,0,104,0,44,0,20,0,13,0,11,
0,129,0,50,0,100,0,89,2,83,251,58,7,195,253,205,251,235,190,0,234,1,3,0,252,0,104,0,44,0,20,0,13,0,11,
0,115,0,77,0,90,0,89,2,83,251,58,7,107,253,70,252,68,191,0,234,1,3,0,251,0,104,0,43,0,20,0,13,0,11,
0,66,0,61,0,84,0,89,2,83,251,58,7,120,253,112,252,244,191,0,233,1,3,0,251,0,104,0,44,0,21,0,14,0,12,
0,66,0,61,0,84,0,89,2,83,251,58,7,120,253,112,252,254,191,0,233,1,2,0,251,0,104,0,44,0,20,0,14,0,11,
0,46,0,33,0,74,0,89,2,83,251,58,7,50,254,6,252,254,191,0,234,1,3,0,251,0,104,0,44,0,21,0,14,0,12,
0,40,0,63,0,84,0,92,2,142,251,210,5,252,253,245,251,73,190,0,234,1,3,0,251,0,103,0,44,0,20,0,13,0,11,
0,40,0,63,0,61,0,92,2,142,251,210,5,169,253,61,252,106,190,0,235,1,3,0,251,0,103,0,44,0,20,0,13,0,11,
0,113,0,58,0,61,0,92,2,142,251,210,5,186,252,135,252,64,190,0,235,1,2,0,250,0,104,0,44,0,21,0,14,0,12,
0,74,0,68,0,67,0,92,2,142,251,210,5,186,252,135,252,64,190,0,235,1,2,0,250,0,103,0,44,0,20,0,14,0,11,
0,73,0,95,0,59,0,92,2,142,251,210,5,65,253,155,252,125,192,0,235,1,3,0,250,0,103,0,44,0,21,0,14,0,12,
0,73,0,95,0,15,0,92,2,142,251,210,5,232,253,176,252,175,191,0,236,1,3,0,250,0,103,0,44,0,20,0,13,0,11,
0,98,0,102,0,15,0,92,2,142,251,210,5,0,254,111,252,175,189,0,237,1,3,0,250,0,102,0,44,0,20,0,13,0,11,
0,90,0,121,0,40,0,92,2,142,251,210,5,0,254,114,252,135,188,0,237,1,2,0,249,0,103,0,44,0,21,0,14,0,12,
0,82,0,120,0,38,0,92,2,142,251,210,5,88,253,114,252,135,188,0,238,1,2,0,249,0,103,0,44,0,20,0,14,0,11,
0,82,0,120,0,38,0,92,2,142,251,210,5,115,252,103,253,109,190,0,238,1,2,0,249,0,103,0,44,0,21,0,14,0,11,
0,94,0,143,0,86,0,92,2,142,251,210,5,189,253,58,253,204,190,0,239,1,3,0,249,0,102,0,43,0,20,0,13,0,11,
0,88,0,140,0,75,0,61,2,149,251,134,6,88,254,16,253,61,190,0,239,1,2,0,249,0,102,0,44,0,21,0,13,0,11,
0,63,0,136,0,52,0,61,2,149,251,134,6,88,254,16,253,230,188,0,240,1,3,0,249,0,102,0,43,0,20,0,13,0,11,
0,63,0,136,0,52,0,61,2,149,251,134,6,110,253,217,252,230,188,0,240,1,3,0,249,0,102,0,43,0,20,0,14,0,11,
0,105,0,134,0,86,0,61,2,149,251,134,6,58,253,75,253,161,189,0,241,1,3,0,249,0,102,0,43,0,20,0,13,0,11,
0,111,0,135,0,76,0,61,2,149,251,134,6,202,252,76,253,136,190,0,242,1,3,0,249,0,102,0,43,0,20,0,13,0,11,
0,111,0,135,0,64,0,61,2,149,251,134,6,202,252,124,253,223,190,0,242,1,3,0,249,0,102,0,43,0,20,0,13,0,11,
0,88,0,152,0,64,0,61,2,149,251,134,6,159,253,124,253,223,190,0,243,1,3,0,250,0,102,0,37,0,18,0,13,0,11,
0,124,0,157,0,81,0,61,2,149,251,134,6,10,254,107,253,42,189,0,243,1,3,0,249,0,102,0,39,0,19,0,13,0,11,
0,128,0,156,0,73,0,61,2,149,251,134,6,94,253,63,253,12,189,0,244,1,3,0,250,0,102,0,40,0,19,0,14,0,12,
0,128,0,156,0,73,0,61,2,149,251,134,6,55,253,208,253,215,190,0,244,1,3,0,250,0,102,0,41,0,19,0,13,0,11,
0,129,0,188,0,62,0,138,2,97,251,52,7,55,253,208,253,13,191,0,244,1,3,0,250,0,103,0,42,0,20,0,14,0,12,
0,156,0,197,0,60,0,138,2,97,251,52,7,28,254,197,253,13,191,0,245,1,4,0,251,0,102,0,42,0,19,0,13,0,11,
0,223,0,161,0,76,0,138,2,97,251,52,7,53,254,104,253,67,190,0,245,1,4,0,251,0,103,0,43,0,20,0,14,0,12,
0,223,0,161,0,76,0,138,2,97,251,52,7,206,253,100,253,211,189,0,245,1,3,0,251,0,103,0,43,0,20,0,14,0,12,
0,185,0,130,0,62,0,138,2,97,251,52,7,10,254,115,253,65,190,0,246,1,4,0,252,0,103,0,43,0,20,0,13,0,11,
0,181,0,111,0,47,0,138,2,97,251,52,7,10,254,115,253,65,190,0,246,1,5,0,253,0,103,0,43,0,19,0,13,0,11,
0,168,0,114,0,38,0,138,2,97,251,52,7,241,253,10,254,211,190,0,246,1,4,0,252,0,104,0,44,0,20,0,14,0,12,
0,168,0,114,0,38,0,138,2,97,251,52,7,2,254,218,253,153,190,0,246,1,4,0,253,0,104,0,44,0,20,0,14,0,11,
0,204,0,127,0,23,0,138,2,97,251,52,7,91,254,74,253,85,189,0,247,1,5,0,254,0,104,0,44,0,20,0,14,0,12,
0,205,0,140,0,28,0,138,2,97,251,52,7,91,254,74,253,222,190,0,247,1,5,0,255,0,104,0,43,0,20,0,13,0,11,
0,205,0,140,0,41,0,120,2,142,251,1,6,114,253,209,253,222,190,0,248,1,6,0,255,0,104,0,43,0,20,0,13,0,11,
0,207,0,115,0,41,0,120,2,142,251,1,6,151,254,155,253,220,190,0,248,1,5,0,255,0,104,0,44,0,20,0,14,0,12,
0,255,0,122,0,43,0,120,2,142,251,1,6,70,255,33,253,255,188,0,248,1,6,1,0,0,104,0,44,0,18,0,13,0,11,
0,5,1,135,0,52,0,120,2,142,251,1,6,144,253,198,253,16,189,0,249,1,6,1,0,0,105,0,44,0,19,0,13,0,11,
0,5,1,135,0,52,0,120,2,142,251,1,6,144,253,198,253,16,189,0,249,1,6,1,1,0,105,0,44,0,18,0,12,0,11,
0,251,0,130,0,51,0,120,2,142,251,1,6,231,254,161,253,50,192,0,249,1,7,1,2,0,105,0,44,0,19,0,13,0,11,
0,11,1,141,0,87,0,120,2,142,251,1,6,146,255,61,253,58,189,0,249,1,6,1,2,0,106,0,45,0,20,0,13,0,11,
0,252,0,112,0,103,0,120,2,142,251,1,6,166,254,82,253,129,188,0,249,1,6,1,3,0,106,0,45,0,19,0,13,0,11,
0,252,0,112,0,103,0,120,2,142,251,1,6,166,254,164,253,51,190,0,250,1,6,1,4,0,107,0,49,0,21,0,13,0,11,
0,23,1,101,0,99,0,120,2,142,251,1,6,78,254,164,253,51,190,0,250,1,8,1,4,0,106,0,48,0,20,0,13,0,11,
0,18,1,103,0,114,0,102,2,174,251,102,6,166,254,99,253,99,191,0,250,1,7,1,4,0,107,0,48,0,21,0,13,0,11,
0,30,1,59,0,116,0,102,2,174,251,102,6,149,255,45,253,126,190,0,250,1,8,1,5,0,107,0,47,0,20,0,13,0,11,
0,30,1,59,0,116,0,102,2,174,251,102,6,90,255,226,252,127,189,0,250,1,7,1,5,0,108,0,47,0,21,0,14,0,12,
0,82,1,53,0,114,0,102,2,174,251,102,6,90,255,226,252,250,189,0,249,1,8,1,5,0,108,0,47,0,21,0,14,0,12,
0,87,1,71,0,96,0,102,2,174,251,102,6,143,254,193,252,250,189,0,249,1,8,1,6,0,108,0,47,0,21,0,14,0,12,
0,87,1,71,0,92,0,102,2,174,251,102,6,116,255,211,252,59,190,0,249,1,8,1,6,0,108,0,47,0,21,0,14,0,12,
0,60,1,66,0,92,0,102,2,174,251,102,6,245,254,150,252,158,189,0,249,1,8,1,7,0,108,0,46,0,20,0,13,0,11,
0,35,1,95,0,113,0,102,2,174,251,102,6,245,254,229,252,136,190,0,249,1,8,1,6,0,108,0,47,0,21,0,14,0,11,
0,81,1,82,0,109,0,102,2,174,251,102,6,143,254,229,252,136,190,0,249,1,8,1,6,0,108,0,47,0,21,0,14,0,11,
0,81,1,82,0,109,0,102,2,174,251,102,6,76,255,187,252,176,191,0,249,1,8,1,6,0,108,0,46,0,20,0,13,0,11,
0,103,1,68,0,110,0,102,2,174,251,102,6,109,255,83,252,157,189,0,249,1,8,1,6,0,108,0,46,0,20,0,13,0,11,
0,83,1,37,0,89,0,154,2,139,251,211,6,211,254,10,252,208,189,0,248,1,8,1,6,0,109,0,46,0,21,0,14,0,12,
0,78,1,24,0,68,0,154,2,139,251,211,6,211,254,10,252,154,190,0,248,1,8,1,6,0,108,0,46,0,20,0,13,0,11,
0,78,1,24,0,68,0,154,2,139,251,211,6,21,254,125,252,154,190,0,248,1,8,1,6,0,109,0,46,0,20,0,13,0,11,
0,71,1,29,0,77,0,154,2,139,251,211,6,111,254,128,252,46,192,0,248,1,8,1,5,0,108,0,46,0,20,0,13,0,11,
0,73,1,49,0,95,0,154,2,139,251,211,6,181,255,155,251,239,190,0,249,1,8,1,5,0,108,0,46,0,20,0,13,0,11,
0,85,1,54,0,101,0,154,2,139,251,211,6,112,254,99,251,140,188,0,248,1,8,1,5,0,108,0,47,0,21,0,14,0,11,
0,85,1,54,0,101,0,154,2,139,251,211,6,112,254,99,251,140,188,0,248,1,8,1,4,0,108,0,46,0,20,0,13,0,11,
0,89,1,35,0,125,0,154,2,139,251,211,6,175,253,136,251,119,189,0,249,1,8,1,4,0,108,0,46,0,20,0,14,0,12,
0,100,1,25,0,108,0,154,2,139,251,211,6,87,254,6,252,55,192,0,248,1,8,1,4,0,108,0,47,0,20,0,14,0,11,
0,100,1,25,0,105,0,154,2,139,251,211,6,140,255,57,251,131,190,0,248,1,8,1,3,0,108,0,47,0,21,0,14,0,12,
0,86,1,20,0,105,0,38,2,179,251,210,5,140,255,239,250,142,189,0,249,1,8,1,4,0,107,0,46,0,20,0,13,0,11,
0,103,1,7,0,89,0,38,2,179,251,210,5,232,254,239,250,142,189,0,249,1,8,1,3,0,108,0,46,0,21,0,14,0,12,
0,111,1,32,0,129,0,38,2,179,251,210,5,114,253,123,251,94,189,0,248,1,8,1,3,0,108,0,47,0,21,0,14,0,12,
0,111,1,32,0,129,0,38,2,179,251,210,5,97,254,136,251,172,192,0,249,1,8,1,3,0,107,0,46,0,20,0,14,0,11,
0,85,1,13,0,168,0,38,2,179,251,210,5,111,255,241,250,70,189,0,249,1,8,1,3,0,107,0,46,0,20,0,13,0,11,
0,84,1,17,0,129,0,38,2,179,251,210,5,111,255,241,250,70,188,0,248,1,8,1,2,0,108,0,46,0,21,0,14,0,12,
0,84,1,41,0,133,0,38,2,179,251,210,5,237,253,19,251,135,188,0,248,1,8,1,1,0,107,0,46,0,20,0,13,0,11,
0,84,1,41,0,133,0,38,2,179,251,210,5,176,253,104,251,10,190,0,249,1,8,1,1,0,106,0,45,0,20,0,13,0,11,
0,124,1,31,0,150,0,38,2,179,251,210,5,105,254,249,250,64,191,0,249,1,8,1,1,0,107,0,46,0,20,0,13,0,11,
0,145,1,246,255,152,0,38,2,179,251,210,5,105,254,176,250,25,189,0,249,1,8,1,0,0,107,0,46,0,20,0,14,0,12,
0,96,1,246,255,133,0,53,2,137,251,67,6,160,254,176,250,25,189,0,249,1,8,1,0,0,106,0,45,0,20,0,13,0,11,
0,96,1,225,255,133,0,53,2,137,251,67,6,242,253,188,250,107,189,0,248,1,8,0,255,0,106,0,45,0,22,0,14,0,11,
0,81,1,225,255,137,0,53,2,137,251,67,6,62,253,75,251,89,190,0,248,1,8,0,255,0,106,0,45,0,22,0,14,0,11,
0,82,1,1,0,150,0,53,2,137,251,67,6,206,254,182,250,248,189,0,248,1,8,0,254,0,106,0,45,0,21,0,14,0,11,
0,82,1,1,0,135,0,53,2,137,251,67,6,206,254,182,250,67,188,0,248,1,8,0,253,0,105,0,45,0,21,0,14,0,12,
0,85,1,0,0,135,0,53,2,137,251,67,6,61,254,2,251,67,188,0,249,1,8,0,253,0,105,0,44,0,20,0,13,0,11,
0,72,1,11,0,129,0,53,2,137,251,67,6,161,253,73,251,185,189,0,248,1,7,0,252,0,105,0,45,0,21,0,14,0,12,
0,129,1,20,0,107,0,53,2,137,251,67,6,125,254,182,250,228,188,0,248,1,6,0,251,0,105,0,45,0,21,0,14,0,12,
0,129,1,20,0,107,0,53,2,137,251,67,6,227,253,139,250,151,187,0,248,1,7,0,251,0,104,0,44,0,20,0,14,0,11,
0,109,1,13,0,87,0,53,2,137,251,67,6,227,253,139,250,151,187,0,249,1,7,0,251,0,104,0,44,0,20,0,13,0,11,
0,60,1,1,0,87,0,113,2,235,251,244,5,107,253,79,251,155,191,0,249,1,6,0,250,0,104,0,45,0,21,0,14,0,12,
0,58,1,233,255,120,0,113,2,235,251,244,5,194,254,178,250,57,190,0,248,1,5,0,249,0,104,0,45,0,21,0,14,0,11,
0,58,1,233,255,120,0,113,2,235,251,244,5,98,254,83,250,179,186,0,249,1,5,0,249,0,104,0,45,0,21,0,14,0,12,
0,85,1,237,255,113,0,113,2,235,251,244,5,98,254,83,251,83,188,0,249,1,5,0,249,0,103,0,44,0,20,0,13,0,11,
0,54,1,228,255,89,0,113,2,235,251,244,5,249,252,37,251,83,188,0,249,1,5,0,248,0,103,0,44,0,21,0,14,0,12,
0,30,1,228,255,109,0,113,2,235,251,244,5,163,253,36,251,89,190,0,250,1,5,0,249,0,102,0,43,0,20,0,13,0,11,
0,30,1,226,255,109,0,113,2,235,251,244,5,158,254,182,250,81,189,0,249,1,5,0,248,0,103,0,44,0,20,0,13,0,11,
0,46,1,210,255,120,0,113,2,235,251,244,5,61,254,235,250,19,188,0,249,1,4,0,248,0,102,0,44,0,20,0,13,0,11,
0,84,1,207,255,89,0,113,2,235,251,244,5,61,254,235,250,19,188,0,250,1,5,0,248,0,102,0,43,0,20,0,13,0,11,
0,84,1,207,255,78,0,113,2,235,251,244,5,107,253,189,250,4,188,0,250,1,4,0,247,0,102,0,44,0,20,0,14,0,11,
0,48,1,180,255,78,0,113,2,226,251,74,6,174,253,2,251,1,189,0,251,1,4,0,248,0,101,0,43,0,20,0,13,0,11,
0,18,1,173,255,67,0,57,2,226,251,74,6,186,253,35,251,99,189,0,251,1,4,0,247,0,102,0,43,0,20,0,13,0,11,
0,49,1,195,255,72,0,57,2,226,251,74,6,186,253,203,250,184,188,0,251,1,3,0,247,0,102,0,43,0,20,0,13,0,11,
0,49,1,195,255,72,0,57,2,226,251,74,6,31,254,203,250,184,188,0,251,1,4,0,247,0,101,0,43,0,20,0,13,0,11,
0,76,1,194,255,57,0,57,2,226,251,74,6,238,253,143,250,157,187,0,251,1,3,0,247,0,102,0,43,0,20,0,14,0,11,
0,59,1,167,255,49,0,57,2,226,251,74,6,139,253,4,251,221,188,0,252,1,3,0,248,0,101,0,43,0,19,0,13,0,11,
0,22,1,165,255,28,0,57,2,226,251,74,6,140,253,35,251,63,189,0,251,1,3,0,247,0,101,0,43,0,20,0,14,0,12,
0,22,1,165,255,28,0,57,2,226,251,74,6,140,253,35,251,63,188,0,251,1,3,0,247,0,102,0,43,0,20,0,13,0,11,
0,79,1,154,255,22,0,57,2,226,251,74,6,249,253,216,250,63,188,0,252,1,3,0,247,0,101,0,43,0,20,0,13,0,11,
0,91,1,169,255,10,0,57,2,226,251,74,6,181,253,250,250,97,187,0,252,1,3,0,247,0,102,0,43,0,20,0,14,0,12,
0,67,1,169,255,18,0,57,2,226,251,74,6,223,253,6,251,135,189,0,252,1,3,0,247,0,101,0,43,0,20,0,13,0,11,
0,67,1,181,255,18,0,127,2,131,251,159,6,223,253,254,250,153,188,0,252,1,2,0,247,0,102,0,43,0,20,0,14,0,12,
0,46,1,181,255,39,0,127,2,131,251,159,6,220,253,254,250,153,188,0,252,1,2,0,246,0,101,0,43,0,20,0,14,0,12,
0,100,1,157,255,61,0,127,2,131,251,159,6,142,253,71,251,203,188,0,252,1,2,0,247,0,101,0,43,0,20,0,13,0,11,
0,100,1,157,255,49,0,127,2,131,251,159,6,4,254,237,250,30,188,0,252,1,1,0,247,0,101,0,38,0,20,0,14,0,12,
0,117,1,144,255,49,0,127,2,131,251,159,6,40,253,95,251,43,188,0,252,1,2,0,248,0,101,0,39,0,18,0,13,0,12,
0,112,1,174,255,23,0,127,2,131,251,159,6,40,253,95,251,15,189,0,252,1,2,0,247,0,101,0,40,0,19,0,13,0,12,
0,87,1,197,255,12,0,127,2,131,251,159,6,173,253,115,251,15,189,0,252,1,2,0,247,0,101,0,41,0,19,0,13,0,11,
0,87,1,197,255,12,0,127,2,131,251,159,6,253,253,73,251,167,188,0,252,1,2,0,247,0,101,0,41,0,19,0,13,0,12,
0,106,1,167,255,7,0,127,2,131,251,159,6,150,253,59,251,27,187,0,252,1,2,0,247,0,101,0,42,0,19,0,14,0,11,
0,84,1,162,255,16,0,127,2,131,251,159,6,149,253,60,251,162,188,0,252,1,2,0,248,0,100,0,41,0,19,0,13,0,11,
0,51,1,158,255,23,0,81,2,213,251,46,6,149,253,60,251,162,188,0,251,1,1,0,248,0,101,0,42,0,19,0,13,0,11,
0,51,1,158,255,23,0,81,2,213,251,46,6,183,253,14,251,149,189,0,251,1,1,0,248,0,101,0,42,0,20,0,13,0,11,
0,96,1,164,255,21,0,81,2,213,251,46,6,139,254,191,250,149,187,0,251,1,1,0,248,0,101,0,42,0,19,0,13,0,11,
0,125,1,189,255,15,0,81,2,213,251,46,6,128,253,220,250,229,187,0,252,1,1,0,248,0,101,0,42,0,19,0,13,0,11,
0,125,1,189,255,23,0,81,2,213,251,46,6,128,253,43,251,129,188,0,251,1,1,0,247,0,101,0,43,0,20,0,14,0,11,
0,101,1,170,255,23,0,81,2,213,251,46,6,93,253,43,251,129,188,0,251,1,0,0,248,0,102,0,43,0,20,0,13,0,11,
0,55,1,178,255,249,255,81,2,213,251,46,6,1,254,34,251,134,189,0,251,1,0,0,249,0,102,0,43,0,20,0,14,0,11,
0,90,1,174,255,231,255,81,2,213,251,46,6,251,253,212,250,13,188,0,251,1,1,0,249,0,101,0,43,0,20,0,13,0,11,
0,90,1,174,255,248,255,81,2,213,251,46,6,179,253,137,250,183,187,0,251,1,1,0,249,0,102,0,43,0,20,0,13,0,11,
0,120,1,168,255,248,255,81,2,213,251,46,6,179,253,137,250,183,189,0,250,1,1,0,249,0,102,0,44,0,20,0,14,0,12,
0,37,1,169,255,7,0,78,2,18,252,39,6,39,253,29,251,82,189,0,251,1,1,0,249,0,102,0,43,0,20,0,13,0,11,
0,13,1,168,255,236,255,78,2,18,252,39,6,28,254,145,250,15,190,0,250,1,1,0,249,0,102,0,43,0,20,0,14,0,12,
0,13,1,168,255,236,255,78,2,18,252,39,6,159,253,149,250,183,188,0,250,1,1,0,249,0,102,0,43,0,20,0,13,0,11,
0,117,1,129,255,233,255,78,2,18,252,39,6,159,253,108,250,166,188,0,250,1,0,0,249,0,102,0,43,0,20,0,14,0,12,
0,129,1,97,255,230,255,78,2,18,252,39,6,186,253,108,250,166,188,0,250,1,1,0,249,0,102,0,43,0,20,0,13,0,11,
0,74,1,133,255,205,255,78,2,18,252,39,6,227,253,91,250,123,188,0,249,1,0,0,248,0,102,0,48,0,21,0,13,0,11,
0,74,1,133,255,205,255,78,2,18,252,39,6,159,253,128,250,220,188,0,249,1,0,0,248,0,102,0,47,0,21,0,13,0,11,
0,69,1,175,255,221,255,78,2,18,252,39,6,16,253,150,250,229,188,0,249,0,255,0,248,0,101,0,46,0,20,0,13,0,11,
0,104,1,157,255,230,255,78,2,18,252,39,6,16,253,150,250,60,190,0,249,1,0,0,249,0,101,0,45,0,21,0,13,0,11,
0,104,1,157,255,238,255,78,2,18,252,39,6,119,253,90,250,60,190,0,248,0,255,0,248,0,102,0,45,0,21,0,14,0,11,
0,60,1,132,255,238,255,68,2,33,252,31,6,171,253,10,250,187,188,0,247,0,255,0,248,0,102,0,44,0,20,0,13,0,11,
0,1,1,120,255,239,255,68,2,33,252,31,6,122,253,208,249,20,189,0,247,0,255,0,247,0,102,0,44,0,21,0,13,0,11,
0,253,0,117,255,213,255,68,2,33,252,31,6,122,252,30,250,15,189,0,247,0,255,0,247,0,102,0,44,0,20,0,14,0,11,
0,253,0,117,255,200,255,68,2,33,252,31,6,197,252,30,250,15,189,0,246,0,255,0,247,0,102,0,44,0,20,0,14,0,11,
0,23,1,120,255,200,255,68,2,33,252,31,6,191,252,132,250,122,191,0,246,0,255,0,247,0,101,0,43,0,19,0,13,0,11,
0,60,1,112,255,198,255,68,2,33,252,31,6,41,254,244,249,217,190,0,246,0,255,0,247,0,101,0,43,0,20,0,13,0,11,
0,56,1,142,255,224,255,68,2,33,252,31,6,142,253,141,249,235,187,0,245,0,255,0,246,0,101,0,43,0,20,0,14,0,11,
0,56,1,142,255,224,255,68,2,33,252,31,6,142,253,141,249,112,189,0,245,0,255,0,246,0,101,0,43,0,20,0,13,0,11,
0,40,1,134,255,231,255,68,2,33,252,31,6,34,252,241,249,112,189,0,245,0,255,0,246,0,101,0,43,0,20,0,13,0,11,
0,42,1,125,255,248,255,68,2,33,252,31,6,212,252,24,250,60,191,0,244,0,254,0,246,0,101,0,43,0,20,0,14,0,12,
0,16,1,107,255,4,0,68,2,33,252,31,6,218,253,149,249,121,190,0,244,0,254,0,245,0,101,0,43,0,20,0,13,0,11,
0,16,1,107,255,4,0,5,2,11,252,145,6,188,253,66,249,195,188,0,244,0,254,0,245,0,101,0,43,0,20,0,14,0,12,
0,248,0,95,255,242,255,5,2,11,252,145,6,188,253,66,249,195,188,0,244,0,255,0,246,0,100,0,43,0,19,0,13,0,11,
0,253,0,118,255,222,255,5,2,11,252,145,6,235,252,171,249,21,188,0,243,0,255,0,246,0,100,0,43,0,19,0,13,0,11,
0,253,0,118,255,192,255,5,2,11,252,145,6,214,251,219,249,29,189,0,243,0,254,0,245,0,101,0,43,0,20,0,14,0,12,
0,231,0,115,255,192,255,5,2,11,252,145,6,242,252,26,250,200,191,0,242,0,254,0,245,0,100,0,43,0,20,0,13,0,11,
0,218,0,108,255,169,255,5,2,11,252,145,6,242,252,151,249,201,189,0,242,0,254,0,244,0,100,0,43,0,20,0,14,0,11,
0,217,0,80,255,206,255,5,2,11,252,145,6,19,254,151,249,201,189,0,242,0,254,0,245,0,100,0,42,0,20,0,13,0,11,
0,217,0,80,255,206,255,5,2,11,252,145,6,86,253,69,249,22,188,0,241,0,254,0,245,0,100,0,43,0,20,0,13,0,11,
0,231,0,55,255,200,255,5,2,11,252,145,6,102,252,169,249,38,188,0,241,0,254,0,245,0,100,0,42,0,19,0,13,0,11,
0,3,1,63,255,186,255,5,2,11,252,145,6,157,252,236,249,37,191,0,240,0,253,0,245,0,100,0,43,0,20,0,14,0,11,
0,8,1,88,255,214,255,74,2,3,252,125,6,157,252,236,249,217,190,0,239,0,254,0,245,0,100,0,42,0,20,0,13,0,11,
0,8,1,88,255,214,255,74,2,3,252,125,6,99,253,208,249,217,190,0,239,0,254,0,245,0,100,0,42,0,19,0,13,0,11,
0,213,0,83,255,206,255,74,2,3,252,125,6,104,253,51,249,252,187,0,239,0,253,0,246,0,100,0,42,0,19,0,13,0,11,
0,156,0,87,255,184,255,74,2,3,252,125,6,110,252,152,249,39,188,0,238,0,253,0,246,0,100,0,43,0,20,0,13,0,11,
0,171,0,91,255,185,255,74,2,3,252,125,6,110,252,13,250,152,190,0,238,0,253,0,246,0,100,0,42,0,20,0,13,0,11,
0,171,0,91,255,185,255,74,2,3,252,125,6,97,252,13,250,152,190,0,238,0,253,0,246,0,100,0,43,0,20,0,14,0,11,
0,208,0,85,255,189,255,74,2,3,252,125,6,212,253,232,249,109,190,0,238,0,254,0,246,0,100,0,42,0,19,0,13,0,11,
0,179,0,80,255,195,255,74,2,3,252,125,6,90,253,122,249,31,188,0,238,0,253,0,246,0,101,0,43,0,20,0,14,0,12,
0,179,0,80,255,177,255,74,2,3,252,125,6,231,252,125,249,27,188,0,238,0,253,0,247,0,100,0,43,0,19,0,13,0,11,
0,169,0,59,255,177,255,74,2,3,252,125,6,231,252,125,249,15,191,0,237,0,253,0,247,0,101,0,43,0,20,0,14,0,12,
0,159,0,81,255,193,255,39,2,37,252,153,6,182,252,12,250,15,191,0,236,0,253,0,247,0,101,0,43,0,20,0,14,0,12,
0,171,0,83,255,214,255,39,2,37,252,153,6,71,254,115,249,83,190,0,236,0,254,0,248,0,101,0,43,0,19,0,13,0,11,
0,171,0,83,255,214,255,39,2,37,252,153,6,193,253,115,249,8,188,0,235,0,253,0,248,0,102,0,43,0,20,0,14,0,12,
0,189,0,74,255,186,255,39,2,37,252,153,6,164,252,133,249,149,188,0,236,0,254,0,248,0,101,0,43,0,19,0,13,0,11,
0,200,0,68,255,179,255,39,2,37,252,153,6,164,252,133,249,149,188,0,235,0,253,0,247,0,101,0,43,0,20,0,13,0,11,
0,173,0,47,255,181,255,39,2,37,252,153,6,167,252,2,250,0,191,0,235,0,252,0,247,0,101,0,43,0,20,0,14,0,11,
0,173,0,47,255,181,255,39,2,37,252,153,6,136,253,176,249,145,190,0,235,0,252,0,247,0,101,0,43,0,19,0,13,0,11,
0,130,0,70,255,187,255,39,2,37,252,153,6,162,253,92,249,146,188,0,235,0,253,0,249,0,101,0,43,0,20,0,13,0,11,
0,107,0,64,255,187,255,39,2,37,252,153,6,162,253,92,249,123,188,0,234,0,252,0,249,0,102,0,43,0,20,0,14,0,11,
0,103,0,65,255,177,255,39,2,37,252,153,6,78,252,96,249,123,188,0,234,0,253,0,249,0,102,0,43,0,20,0,13,0,11,
0,103,0,65,255,177,255,55,2,59,252,115,6,67,252,24,250,104,191,0,233,0,253,0,249,0,102,0,43,0,20,0,13,0,11,
0,111,0,67,255,155,255,55,2,59,252,115,6,191,253,206,249,1,191,0,233,0,253,0,249,0,102,0,43,0,20,0,13,0,11,
0,124,0,61,255,156,255,55,2,59,252,115,6,237,253,105,249,54,188,0,233,0,253,0,249,0,102,0,43,0,20,0,14,0,11,
0,124,0,61,255,174,255,55,2,59,252,115,6,237,253,105,249,54,188,0,233,0,253,0,249,0,101,0,43,0,19,0,13,0,11,
0,110,0,69,255,174,255,55,2,59,252,115,6,122,252,4,250,158,188,0,232,0,253,0,249,0,102,0,43,0,20,0,13,0,11,
0,86,0,74,255,176,255,55,2,59,252,115,6,179,252,10,250,181,191,0,232,0,253,0,249,0,102,0,43,0,20,0,14,0,12,
0,67,0,79,255,170,255,55,2,59,252,115,6,70,254,161,249,89,190,0,232,0,254,0,250,0,102,0,43,0,20,0,13,0,11,
0,67,0,79,255,170,255,55,2,59,252,115,6,70,254,190,249,79,188,0,232,0,254,0,250,0,103,0,44,0,20,0,14,0,12,
0,36,0,104,255,187,255,55,2,59,252,115,6,225,253,190,249,79,188,0,232,0,254,0,251,0,102,0,43,0,20,0,13,0,11,
0,59,0,92,255,196,255,55,2,59,252,115,6,100,252,216,249,128,188,0,231,0,254,0,251,0,103,0,44,0,20,0,13,0,11,
0,62,0,106,255,199,255,55,2,59,252,115,6,30,253,92,250,30,192,0,231,0,255,0,251,0,102,0,43,0,20,0,14,0,12,
0,62,0,106,255,199,255,120,2,21,252,50,7,51,254,151,249,16,191,0,230,0,255,0,251,0,103,0,44,0,20,0,13,0,11,
0,86,0,121,255,208,255,120,2,21,252,50,7,51,254,151,249,65,187,0,230,0,255,0,251,0,103,0,44,0,21,0,14,0,12,
0,152,0,134,255,211,255,120,2,21,252,50,7,195,253,79,249,65,187,0,230,0,255,0,251,0,103,0,44,0,20,0,13,0,11,
0,150,0,122,255,214,255,120,2,21,252,50,7,56,252,75,250,142,190,0,230,0,255,0,251,0,104,0,44,0,20,0,13,0,11,
0,150,0,122,255,214,255,120,2,21,252,50,7,146,253,68,250,162,192,0,230,0,255,0,250,0,103,0,44,0,21,0,14,0,11,
0,119,0,112,255,190,255,120,2,21,252,50,7,146,253,159,249,177,190,0,230,0,255,0,251,0,103,0,43,0,20,0,13,0,11,
0,98,0,129,255,181,255,120,2,21,252,50,7,94,254,159,249,177,190,0,230,0,255,0,252,0,103,0,43,0,20,0,13,0,11,
0,98,0,129,255,163,255,120,2,21,252,50,7,127,253,189,249,55,188,0,230,0,255,0,252,0,104,0,44,0,21,0,14,0,11,
0,63,0,111,255,163,255,120,2,21,252,50,7,67,252,72,250,129,189,0,230,0,255,0,253,0,104,0,44,0,20,0,13,0,11,
0,55,0,119,255,170,255,120,2,21,252,50,7,125,253,58,250,12,193,0,229,0,255,0,252,0,104,0,44,0,20,0,13,0,11,
0,22,0,121,255,213,255,76,2,70,252,30,6,125,253,58,250,33,191,0,230,0,255,0,252,0,103,0,38,0,19,0,14,0,12,
0,22,0,121,255,213,255,76,2,70,252,30,6,48,254,41,250,33,191,0,230,1,0,0,252,0,103,0,39,0,18,0,13,0,11,
0,234,255,109,255,203,255,76,2,70,252,30,6,49,254,231,249,177,187,0,230,0,255,0,251,0,104,0,41,0,20,0,14,0,12,
0,199,255,98,255,200,255,76,2,70,252,30,6,18,252,179,250,78,189,0,230,0,255,0,251,0,104,0,41,0,19,0,13,0,11,
0,229,255,94,255,200,255,76,2,70,252,30,6,189,253,63,250,35,193,0,230,0,255,0,252,0,104,0,42,0,19,0,14,0,12,
0,229,255,94,255,200,255,76,2,70,252,30,6,189,253,63,250,35,193,0,230,1,0,0,253,0,103,0,42,0,20,0,14,0,12,
0,246,255,113,255,200,255,76,2,70,252,30,6,137,254,219,249,141,190,0,229,0,255,0,253,0,104,0,43,0,20,0,14,0,12,
0,232,255,104,255,200,255,76,2,70,252,30,6,250,253,242,249,93,188,0,229,1,0,0,253,0,104,0,43,0,19,0,13,0,11,
0,209,255,87,255,174,255,76,2,70,252,30,6,214,252,6,250,252,188,0,229,1,0,0,252,0,104,0,44,0,20,0,14,0,12,
0,209,255,87,255,174,255,76,2,70,252,30,6,214,252,129,250,0,192,0,229,1,0,0,252,0,104,0,44,0,21,0,14,0,12,
0,206,255,80,255,184,255,68,2,96,252,165,6,199,253,129,250,0,192,0,229,1,0,0,252,0,104,0,44,0,20,0,13,0,11,
0,218,255,98,255,190,255,68,2,96,252,165,6,243,253,31,250,10,191,0,229,0,255,0,252,0,104,0,44,0,21,0,14,0,12,
0,218,255,98,255,196,255,68,2,96,252,165,6,95,254,205,249,14,189,0,229,1,0,0,254,0,104,0,43,0,20,0,13,0,11,
0,221,255,116,255,196,255,68,2,96,252,165,6,132,253,203,249,156,189,0,228,1,0,0,254,0,104,0,44,0,20,0,13,0,11,
0,200,255,114,255,228,255,68,2,96,252,165,6,132,253,203,249,156,189,0,228,1,0,0,254,0,104,0,44,0,21,0,14,0,12,
0,206,255,122,255,227,255,68,2,96,252,165,6,70,253,60,250,222,189,0,228,1,1,0,254,0,104,0,44,0,20,0,13,0,11,
0,206,255,122,255,227,255,68,2,96,252,165,6,195,253,62,250,213,191,0,228,1,0,0,253,0,104,0,44,0,20,0,14,0,11,
0,202,255,133,255,225,255,68,2,96,252,165,6,129,254,167,249,6,189,0,228,1,0,0,253,0,104,0,44,0,20,0,13,0,11,
0,168,255,120,255,193,255,68,2,96,252,165,6,129,254,181,249,154,188,0,227,1,0,0,253,0,104,0,44,0,20,0,13,0,11,
0,186,255,131,255,200,255,68,2,96,252,165,6,201,252,181,249,154,188,0,227,1,0,0,254,0,104,0,44,0,20,0,13,0,11,
0,186,255,131,255,200,255,102,2,60,252,160,6,2,253,195,249,24,191,0,226,1,0,0,255,0,104,0,44,0,21,0,14,0,11,
0,235,255,137,255,205,255,102,2,60,252,160,6,155,253,121,249,224,190,0,225,1,0,0,255,0,104,0,44,0,20,0,14,0,11,
0,227,255,149,255,195,255,102,2,60,252,160,6,109,253,199,249,118,190,0,226,1,1,0,255,0,104,0,48,0,20,0,12,0,11,
0,212,255,149,255,212,255,102,2,60,252,160,6,109,253,199,249,233,190,0,225,1,1,0,254,0,104,0,47,0,21,0,13,0,11,
0,212,255,149,255,212,255,102,2,60,252,160,6,132,253,171,249,233,190,0,225,1,0,0,254,0,104,0,47,0,21,0,13,0,11,
0,206,255,123,255,190,255,102,2,60,252,160,6,243,253,247,248,254,188,0,225,1,1,0,254,0,104,0,46,0,21,0,13,0,11,
0,201,255,155,255,211,255,102,2,60,252,160,6,75,253,104,249,124,190,0,224,1,1,0,255,0,105,0,46,0,22,0,14,0,12,
0,201,255,155,255,201,255,102,2,60,252,160,6,7,253,125,249,146,190,0,224,1,1,0,255,0,104,0,45,0,20,0,13,0,11,
0,213,255,165,255,201,255,102,2,60,252,160,6,7,253,125,249,146,190,0,223,1,1,0,255,0,105,0,46,0,21,0,14,0,12,
0,228,255,175,255,182,255,102,2,60,252,160,6,116,253,107,249,158,190,0,223,1,1,0,254,0,105,0,46,0,21,0,14,0,12,
0,222,255,188,255,179,255,102,2,60,252,160,5,49,253,39,249,24,191,0,223,1,1,0,254,0,104,0,45,0,20,0,13,0,11,
0,222,255,188,255,179,255,122,2,33,252,251,5,187,253,248,248,134,190,0,223,1,1,0,253,0,105,0,45,0,21,0,14,0,12,
0,189,255,177,255,183,255,122,2,33,252,251,5,187,253,248,248,108,189,0,222,1,1,0,253,0,104,0,45,0,20,0,14,0,11,
0,178,255,197,255,178,255,122,2,33,252,251,5,156,252,10,249,108,189,0,221,1,1,0,253,0,104,0,45,0,21,0,14,0,12,
0,189,255,226,255,160,255,122,2,33,252,251,5,202,252,111,249,23,192,0,221,1,1,0,253,0,104,0,45,0,21,0,14,0,12,
0,189,255,226,255,160,255,122,2,33,252,251,5,201,253,9,249,56,191,0,220,1,1,0,253,0,104,0,45,0,21,0,14,0,12,
0,170,255,239,255,143,255,122,2,33,252,251,5,176,252,178,248,139,189,0,220,1,1,0,252,0,104,0,45,0,21,0,14,0,11,
0,127,255,5,0,181,255,122,2,33,252,251,5,176,252,178,248,139,189,0,220,1,1,0,252,0,104,0,44,0,20,0,13,0,11,
0,101,255,5,0,202,255,122,2,33,252,251,5,198,252,73,249,250,191,0,219,1,1,0,251,0,104,0,44,0,20,0,13,0,11,
0,101,255,5,0,202,255,122,2,33,252,251,5,29,253,242,248,122,191,0,219,1,1,0,250,0,104,0,44,0,20,0,13,0,11,
0,79,255,16,0,184,255,122,2,33,252,251,5,114,253,239,248,203,189,0,218,1,0,0,250,0,103,0,44,0,20,0,13,0,11,
0,93,255,238,255,162,255,97,2,96,252,134,6,114,253,211,248,21,192,0,217,1,0,0,249,0,103,0,44,0,20,0,14,0,11,
0,93,255,238,255,158,255,97,2,96,252,134,6,154,253,211,248,21,192,0,217,1,0,0,250,0,102,0,43,0,20,0,13,0,11,
0,98,255,222,255,158,255,97,2,96,252,134,6,247,252,206,248,146,189,0,217,1,0,0,249,0,103,0,44,0,20,0,13,0,11,
0,116,255,248,255,165,255,97,2,96,252,134,6,251,251,90,249,165,190,0,216,1,0,0,248,0,103,0,44,0,20,0,14,0,12,
0,96,255,255,255,178,255,97,2,96,252,134,6,209,252,67,249,161,192,0,216,1,0,0,248,0,102,0,43,0,20,0,13,0,11,
0,96,255,255,255,178,255,97,2,96,252,134,6,209,252,67,249,133,192,0,215,0,255,0,247,0,102,0,44,0,21,0,14,0,12,
0,98,255,38,0,179,255,97,2,96,252,134,6,136,253,100,249,133,192,0,216,0,255,0,247,0,101,0,43,0,20,0,13,0,11,
0,132,255,58,0,169,255,97,2,96,252,134,6,179,253,216,248,63,189,0,215,0,255,0,247,0,102,0,44,0,20,0,13,0,11,
0,130,255,42,0,164,255,97,2,96,252,134,6,67,252,90,249,88,190,0,215,0,255,0,246,0,102,0,44,0,21,0,14,0,12,
0,130,255,42,0,164,255,97,2,96,252,134,6,67,252,199,249,171,191,0,215,0,255,0,247,0,101,0,43,0,20,0,14,0,12,
0,84,255,24,0,174,255,131,2,67,252,21,6,154,252,199,249,171,191,0,215,0,254,0,246,0,101,0,44,0,21,0,14,0,12,
0,100,255,41,0,177,255,131,2,67,252,21,6,157,252,125,249,32,193,0,215,0,255,0,246,0,101,0,43,0,20,0,13,0,11,
0,96,255,41,0,164,255,131,2,67,252,21,6,226,253,14,249,208,190,0,215,0,254,0,246,0,101,0,43,0,20,0,14,0,12,
0,96,255,82,0,164,255,131,2,67,252,21,6,7,253,122,249,146,188,0,215,0,254,0,245,0,101,0,43,0,20,0,13,0,11,
0,14,255,57,0,200,255,131,2,67,252,21,6,7,253,122,249,222,190,0,215,0,254,0,246,0,100,0,43,0,19,0,13,0,11,
0,8,255,41,0,187,255,131,2,67,252,21,6,118,252,52,250,222,190,0,215,0,253,0,245,0,101,0,43,0,20,0,14,0,11,
0,8,255,41,0,203,255,131,2,67,252,21,6,237,252,32,250,195,192,0,216,0,254,0,245,0,100,0,42,0,19,0,12,0,11,
0,27,255,56,0,203,255,131,2,67,252,21,6,191,253,226,249,252,190,0,216,0,253,0,245,0,100,0,43,0,20,0,13,0,11,
0,243,254,63,0,198,255,131,2,67,252,21,6,51,253,26,250,214,189,0,216,0,253,0,245,0,100,0,43,0,20,0,13,0,11,
0,232,254,65,0,175,255,131,2,67,252,21,6,51,253,26,250,214,189,0,217,0,254,0,245,0,100,0,42,0,19,0,13,0,12,
0,232,254,65,0,175,255,31,2,84,252,213,6,237,252,81,250,202,190,0,218,0,254,0,245,0,100,0,42,0,19,0,13,0,11,
0,12,255,77,0,176,255,31,2,84,252,213,6,199,252,122,250,172,191,0,218,0,253,0,245,0,100,0,43,0,20,0,14,0,11,
0,2,255,88,0,210,255,31,2,84,252,213,6,43,253,141,250,166,191,0,219,0,253,0,245,0,100,0,43,0,20,0,13,0,11,
0,225,254,100,0,189,255,31,2,84,252,213,6,43,253,141,250,88,190,0,219,0,253,0,244,0,100,0,43,0,20,0,14,0,12,
0,225,254,100,0,189,255,31,2,84,252,213,6,104,253,164,250,88,190,0,220,0,253,0,245,0,100,0,43,0,19,0,13,0,11,
0,227,254,106,0,149,255,31,2,84,252,213,6,104,253,95,250,182,190,0,220,0,253,0,245,0,100,0,42,0,19,0,13,0,11,
0,192,254,118,0,136,255,31,2,84,252,213,6,79,253,167,250,136,190,0,220,0,252,0,244,0,101,0,43,0,20,0,14,0,12,
0,192,254,118,0,155,255,31,2,84,252,213,6,13,253,150,250,107,189,0,221,0,252,0,244,0,100,0,43,0,20,0,13,0,11,
0,217,254,108,0,155,255,31,2,84,252,213,6,13,253,150,250,107,189,0,221,0,252,0,244,0,100,0,43,0,20,0,14,0,12,
0,202,254,94,0,167,255,31,2,84,252,213,6,244,252,235,250,107,190,0,222,0,253,0,245,0,100,0,42,0,19,0,13,0,12,
0,181,254,67,0,186,255,31,2,242,251,41,6,121,253,73,251,143,192,0,222,0,252,0,244,0,100,0,43,0,20,0,14,0,12,
0,181,254,67,0,162,255,89,2,242,251,41,6,50,254,235,250,149,191,0,223,0,253,0,245,0,100,0,42,0,19,0,13,0,11,
0,150,254,52,0,162,255,89,2,242,251,41,6,50,254,211,250,58,188,0,223,0,252,0,244,0,100,0,43,0,20,0,13,0,11,
0,175,254,66,0,153,255,89,2,242,251,41,6,152,253,211,250,58,188,0,224,0,252,0,245,0,100,0,43,0,20,0,14,0,12,
0,209,254,79,0,151,255,89,2,242,251,41,6,187,252,46,251,122,190,0,224,0,253,0,245,0,100,0,42,0,19,0,13,0,11,
0,209,254,79,0,151,255,89,2,242,251,41,6,179,253,39,251,57,192,0,224,0,253,0,245,0,100,0,43,0,20,0,13,0,11,
0,238,254,99,0,182,255,89,2,242,251,41,6,101,254,171,250,141,190,0,225,0,253,0,246,0,100,0,42,0,19,0,13,0,11,
0,232,254,117,0,192,255,89,2,242,251,41,6,101,254,171,250,213,188,0,225,0,253,0,246,0,100,0,42,0,20,0,13,0,11,
0,231,254,108,0,179,255,89,2,242,251,41,6,138,253,98,250,213,188,0,225,0,253,0,246,0,100,0,43,0,20,0,13,0,11,
0,231,254,108,0,179,255,89,2,242,251,41,6,41,253,43,251,6,191,0,226,0,254,0,247,0,100,0,42,0,19,0,13,0,11,
0,245,254,113,0,165,255,89,2,242,251,41,6,80,254,19,251,209,191,0,226,0,254,0,247,0,100,0,43,0,20,0,13,0,11,
0,16,255,90,0,180,255,83,2,101,252,28,6,80,254,242,250,177,191,0,227,0,254,0,248,0,100,0,42,0,19,0,13,0,11,
0,16,255,90,0,191,255,83,2,101,252,28,6,93,254,242,250,177,191,0,227,0,254,0,247,0,101,0,43,0,20,0,13,0,11,
0,38,255,72,0,191,255,83,2,101,252,28,6,125,254,105,250,136,188,0,228,0,254,0,248,0,101,0,43,0,20,0,14,0,11,
0,44,255,85,0,226,255,83,2,101,252,28,6,49,253,154,250,19,190,0,229,0,255,0,249,0,101,0,43,0,20,0,13,0,11,
0,38,255,104,0,226,255,83,2,101,252,28,6,98,253,41,251,200,191,0,229,0,255,0,250,0,102,0,43,0,20,0,14,0,12,
0,38,255,104,0,200,255,83,2,101,252,28,6,98,253,41,251,152,191,0,230,0,255,0,251,0,102,0,43,0,19,0,13,0,11,
0,42,255,109,0,200,255,83,2,101,252,28,6,198,254,175,250,152,191,0,230,0,255,0,250,0,102,0,44,0,21,0,14,0,12,
0,42,255,77,0,196,255,83,2,101,252,28,6,211,254,77,250,198,188,0,230,0,255,0,251,0,102,0,38,0,20,0,14,0,12,
0,51,255,94,0,166,255,83,2,101,252,28,6,61,253,159,250,45,189,0,231,1,0,0,251,0,102,0,39,0,19,0,14,0,11,
0,51,255,94,0,166,255,83,2,101,252,28,6,93,254,79,251,186,193,0,231,1,0,0,252,0,102,0,40,0,18,0,13,0,12,
0,37,255,104,0,187,255,72,2,2,252,53,7,93,254,79,251,186,193,0,231,1,0,0,252,0,104,0,41,0,20,0,14,0,12,
0,58,255,88,0,218,255,72,2,2,252,53,7,230,254,115,250,70,191,0,232,1,0,0,252,0,103,0,41,0,19,0,13,0,11,
0,52,255,97,0,240,255,72,2,2,252,53,7,37,254,46,250,92,188,0,232,1,0,0,252,0,104,0,42,0,20,0,14,0,12,
0,52,255,97,0,240,255,72,2,2,252,53,7,207,253,129,250,245,189,0,232,1,1,0,253,0,103,0,42,0,19,0,13,0,12,
0,49,255,73,0,238,255,72,2,2,252,53,7,207,253,219,250,66,192,0,232,1,1,0,253,0,103,0,43,0,19,0,13,0,11,
0,61,255,25,0,205,255,72,2,2,252,53,7,67,253,219,250,66,192,0,232,1,1,0,253,0,104,0,43,0,20,0,14,0,11,
0,61,255,25,0,187,255,72,2,2,252,53,7,64,255,34,250,170,191,0,232,1,1,0,253,0,104,0,43,0,20,0,13,0,11,
0,87,255,69,0,187,255,72,2,2,252,53,7,224,254,85,249,232,188,0,231,1,1,0,252,0,104,0,43,0,20,0,14,0,11,
0,114,255,76,0,218,255,72,2,2,252,53,7,27,253,31,250,156,190,0,232,1,2,0,253,0,104,0,43,0,20,0,13,0,11,
0,97,255,78,0,240,255,72,2,2,252,53,7,27,253,31,250,156,193,0,231,1,1,0,252,0,104,0,43,0,20,0,13,0,11,
0,97,255,78,0,240,255,93,2,60,252,255,6,36,254,8,250,27,193,0,231,1,2,0,252,0,103,0,43,0,19,0,13,0,11,
0,106,255,67,0,218,255,93,2,60,252,255,6,106,254,192,249,192,192,0,231,1,1,0,252,0,104,0,44,0,20,0,13,0,11,
0,72,255,45,0,204,255,93,2,60,252,255,6,216,254,5,249,69,189,0,231,1,1,0,251,0,104,0,44,0,21,0,14,0,12,
0,57,255,62,0,206,255,93,2,60,252,255,6,216,254,206,249,12,190,0,231,1,2,0,252,0,104,0,43,0,20,0,13,0,12,
0,57,255,62,0,206,255,93,2,60,252,255,6,98,252,206,249,12,190,0,230,1,2,0,251,0,104,0,44,0,20,0,14,0,12,
0,90,255,57,0,210,255,93,2,60,252,255,6,218,253,220,249,97,193,0,231,1,3,0,252,0,103,0,43,0,20,0,13,0,11,
0,130,255,37,0,207,255,93,2,60,252,255,6,247,254,56,249,96,190,0,230,1,2,0,251,0,104,0,44,0,21,0,14,0,12,
0,148,255,17,0,204,255,93,2,60,252,255,6,253,253,6,249,76,189,0,230,1,2,0,251,0,104,0,44,0,21,0,14,0,12,
0,148,255,17,0,204,255,93,2,60,252,255,6,253,253,6,249,87,190,0,230,1,2,0,251,0,104,0,48,0,21,0,14,0,12,
0,126,255,15,0,156,255,93,2,60,252,255,6,62,253,119,249,87,190,0,229,1,2,0,251,0,104,0,48,0,21,0,13,0,12,
0,97,255,11,0,137,255,57,2,109,252,23,6,185,253,247,249,127,192,0,230,1,2,0,251,0,103,0,47,0,21,0,13,0,11,
0,97,255,11,0,127,255,57,2,109,252,23,6,221,253,58,249,211,191,0,229,1,2,0,251,0,103,0,46,0,21,0,13,0,11,
0,74,255,254,255,127,255,57,2,109,252,23,6,223,254,244,248,107,189,0,229,1,3,0,251,0,104,0,46,0,21,0,14,0,12,
0,46,255,247,255,130,255,57,2,109,252,23,6,223,254,244,248,107,189,0,229,1,3,0,251,0,103,0,45,0,20,0,13,0,11,
0,72,255,227,255,141,255,57,2,109,252,23,6,209,253,63,249,183,188,0,228,1,2,0,251,0,103,0,45,0,21,0,14,0,11,
0,72,255,227,255,141,255,57,2,109,252,23,6,229,252,201,249,68,190,0,228,1,3,0,251,0,102,0,44,0,20,0,13,0,11,
0,80,255,240,255,147,255,57,2,109,252,23,6,191,253,155,249,166,192,0,228,1,2,0,250,0,103,0,44,0,20,0,13,0,11,
0,69,255,212,255,166,255,57,2,109,252,23,6,191,253,155,249,102,190,0,227,1,3,0,250,0,103,0,44,0,21,0,14,0,11,
0,60,255,192,255,175,255,57,2,109,252,23,6,64,255,46,249,102,190,0,227,1,3,0,251,0,102,0,43,0,20,0,13,0,11,
0,60,255,192,255,175,255,57,2,109,252,23,6,52,254,73,249,175,187,0,227,1,3,0,251,0,102,0,43,0,20,0,13,0,11,
0,60,255,183,255,181,255,57,2,109,252,23,6,31,253,10,250,173,189,0,227,1,3,0,250,0,103,0,44,0,21,0,14,0,12,
0,80,255,173,255,164,255,68,2,52,252,107,6,76,254,245,249,238,191,0,227,1,4,0,250,0,103,0,44,0,20,0,13,0,11,
0,86,255,149,255,143,255,68,2,52,252,107,6,76,254,245,249,238,191,0,226,1,4,0,250,0,103,0,44,0,20,0,14,0,11,
0,86,255,149,255,143,255,68,2,52,252,107,6,90,255,167,249,151,190,0,226,1,4,0,250,0,102,0,43,0,20,0,13,0,11,
0,83,255,168,255,120,255,68,2,52,252,107,6,4,255,112,249,9,188,0,226,1,4,0,250,0,103,0,44,0,20,0,14,0,12,
0,75,255,162,255,105,255,68,2,52,252,107,6,219,253,215,249,13,188,0,226,1,5,0,250,0,102,0,43,0,20,0,13,0,11,
0,75,255,162,255,98,255,68,2,52,252,107,6,219,253,16,250,222,190,0,225,1,5,0,249,0,103,0,44,0,21,0,14,0,12,
0,64,255,147,255,98,255,68,2,52,252,107,6,238,253,16,250,222,190,0,225,1,5,0,249,0,103,0,44,0,20,0,14,0,12,
0,101,255,114,255,108,255,68,2,52,252,107,6,76,255,27,250,190,190,0,225,1,6,0,250,0,102,0,43,0,20,0,13,0,12,
0,128,255,123,255,121,255,68,2,52,252,107,6,117,255,114,249,73,188,0,225,1,6,0,250,0,102,0,43,0,20,0,13,0,11,
0,128,255,123,255,121,255,68,2,52,252,107,6,144,253,37,250,140,188,0,224,1,7,0,250,0,103,0,44,0,21,0,14,0,12,
0,130,255,118,255,140,255,71,2,90,252,226,5,144,253,37,250,174,192,0,224,1,8,0,250,0,103,0,43,0,20,0,13,0,11,
0,151,255,99,255,126,255,71,2,90,252,226,5,95,254,90,250,174,192,0,224,1,8,0,250,0,102,0,44,0,20,0,14,0,12,
0,167,255,91,255,131,255,71,2,90,252,226,5,235,255,132,249,193,189,0,224,1,8,0,251,0,102,0,43,0,20,0,13,0,11,
0,167,255,91,255,131,255,71,2,90,252,226,5,126,254,165,249,156,187,0,223,1,8,0,250,0,103,0,44,0,20,0,14,0,11,
0,128,255,86,255,151,255,71,2,90,252,226,5,126,254,139,250,170,190,0,224,1,9,0,251,0,102,0,43,0,20,0,13,0,11,
0,136,255,84,255,153,255,71,2,90,252,226,5,157,253,139,250,170,190,0,223,1,9,0,251,0,103,0,43,0,20,0,13,0,11,
0,145,255,51,255,156,255,71,2,90,252,226,5,71,255,24,250,11,192,0,223,1,10,0,251,0,103,0,44,0,20,0,13,0,11,
0,145,255,51,255,156,255,71,2,90,252,226,5,160,255,172,249,94,188,0,224,1,11,0,252,0,103,0,43,0,19,0,13,0,11,
0,144,255,15,255,119,255,71,2,90,252,226,5,164,253,62,250,117,188,0,224,1,11,0,253,0,103,0,43,0,19,0,13,0,11,
0,160,255,45,255,105,255,71,2,90,252,226,5,164,253,62,250,7,193,0,223,1,11,0,253,0,104,0,44,0,20,0,14,0,12,
0,160,255,45,255,112,255,12,2,138,252,118,6,197,254,167,250,7,193,0,224,1,12,0,253,0,104,0,44,0,20,0,13,0,11,
0,164,255,30,255,112,255,12,2,138,252,118,6,159,255,10,250,118,190,0,224,1,12,0,254,0,104,0,44,0,20,0,14,0,12,
0,170,255,34,255,134,255,12,2,138,252,118,6,119,254,79,250,158,188,0,225,1,13,0,254,0,104,0,44,0,20,0,13,0,12,
0,172,255,42,255,139,255,12,2,138,252,118,6,179,253,151,250,243,190,0,225,1,13,0,254,0,104,0,44,0,21,0,14,0,12,
0,172,255,42,255,139,255,12,2,138,252,118,6,179,253,151,250,243,190,0,225,1,14,0,255,0,104,0,44,0,20,0,13,0,11,
0,202,255,4,255,126,255,12,2,138,252,118,6,117,255,223,249,212,190,0,225,1,13,0,255,0,105,0,44,0,21,0,14,0,12,
0,196,255,248,254,103,255,12,2,138,252,118,6,45,254,34,250,123,189,0,226,1,14,0,255,0,105,0,45,0,21,0,14,0,12,
0,233,255,237,254,115,255,12,2,138,252,118,6,78,254,105,250,244,190,0,227,1,14,1,0,0,104,0,45,0,19,0,13,0,11,
0,233,255,237,254,115,255,12,2,138,252,118,6,78,254,86,250,54,190,0,227,1,14,1,0,0,105,0,45,0,19,0,14,0,12,
0,10,0,17,255,99,255,12,2,138,252,118,6,197,254,86,250,54,190,0,228,1,15,1,0,0,105,0,44,0,19,0,13,0,11,
0,248,255,32,255,114,255,110,2,86,252,143,6,99,254,34,250,168,189,0,228,1,14,1,0,0,106,0,45,0,20,0,14,0,12,
0,213,255,15,255,128,255,110,2,86,252,143,6,7,254,110,250,194,189,0,229,1,15,1,0,0,105,0,45,0,20,0,13,0,11,
0,213,255,15,255,128,255,110,2,86,252,143,6,64,254,124,250,240,190,0,230,1,15,1,1,0,105,0,44,0,19,0,13,0,11,
0,225,255,21,255,130,255,110,2,86,252,143,6,64,254,124,250,240,187,0,230,1,15,1,1,0,106,0,45,0,20,0,13,0,11,
0,227,255,8,255,122,255,110,2,86,252,143,6,15,255,224,249,207,187,0,232,1,16,1,1,0,105,0,45,0,19,0,13,0,11,
0,227,255,8,255,125,255,110,2,86,252,143,6,41,253,151,250,11,189,0,232,1,16,1,1,0,106,0,45,0,19,0,13,0,11,
0,218,255,5,255,125,255,110,2,86,252,143,6,115,254,108,250,42,192,0,232,1,16,1,0,0,106,0,45,0,20,0,13,0,11,
0,241,255,0,255,157,255,110,2,86,252,143,6,115,254,175,249,185,187,0,233,1,16,1,1,0,106,0,45,0,20,0,13,0,11,
0,213,255,17,255,139,255,110,2,86,252,143,6,178,254,175,249,185,187,0,233,1,16,1,1,0,105,0,45,0,20,0,13,0,11,
0,213,255,17,255,139,255,110,2,86,252,143,6,37,253,46,250,181,187,0,234,1,16,1,0,0,106,0,45,0,20,0,14,0,11,
0,189,255,23,255,166,255,110,2,86,252,143,6,85,253,1,251,97,192,0,234,1,16,1,1,0,106,0,45,0,19,0,13,0,11,
0,226,255,10,255,168,255,25,2,111,252,226,5,17,255,20,250,98,191,0,235,1,16,1,0,0,106,0,46,0,20,0,13,0,11,
0,223,255,46,255,139,255,25,2,111,252,226,5,17,255,20,250,15,187,0,235,1,17,1,0,0,106,0,45,0,20,0,13,0,12,
0,223,255,46,255,139,255,25,2,111,252,226,5,16,254,176,249,15,187,0,235,1,17,1,0,0,106,0,45,0,20,0,13,0,11,
0,232,255,58,255,156,255,25,2,111,252,226,5,149,252,111,250,237,188,0,235,1,16,0,255,0,106,0,46,0,22,0,14,0,12,
0,214,255,57,255,171,255,25,2,111,252,226,5,11,254,123,250,19,193,0,236,1,17,0,255,0,106,0,45,0,21,0,14,0,11,
0,189,255,57,255,157,255,25,2,111,252,226,5,106,254,145,249,159,188,0,236,1,17,0,255,0,106,0,46,0,22,0,14,0,12,
0,189,255,56,255,157,255,25,2,111,252,226,5,106,254,145,249,159,188,0,236,1,17,0,255,0,105,0,45,0,21,0,14,0,11,
0,214,255,69,255,150,255,25,2,111,252,226,5,58,253,187,249,147,188,0,236,1,17,0,254,0,106,0,46,0,22,0,14,0,12,
0,2,0,68,255,136,255,25,2,111,252,226,5,214,252,75,250,249,190,0,237,1,18,0,255,0,105,0,45,0,20,0,14,0,12,
0,2,0,68,255,145,255,25,2,111,252,226,5,168,254,209,249,61,191,0,236,1,17,0,254,0,105,0,45,0,20,0,13,0,11,
0,245,255,57,255,145,255,31,2,87,252,203,6,168,254,209,249,222,189,0,237,1,17,0,253,0,105,0,46,0,21,0,14,0,11,
0,207,255,67,255,172,255,31,2,87,252,203,6,85,254,168,249,222,189,0,237,1,18,0,253,0,105,0,45,0,20,0,13,0,11,
0,212,255,105,255,172,255,31,2,87,252,203,6,167,252,31,250,200,190,0,237,1,17,0,253,0,105,0,45,0,21,0,14,0,12,
0,212,255,105,255,172,255,31,2,87,252,203,6,148,253,55,250,142,192,0,238,1,18,0,253,0,104,0,44,0,20,0,13,0,11,
0,236,255,156,255,158,255,31,2,87,252,203,6,136,253,173,249,132,188,0,238,1,18,0,252,0,104,0,39,0,19,0,14,0,11,
0,235,255,164,255,143,255,31,2,87,252,203,6,136,253,173,249,132,188,0,238,1,18,0,252,0,104,0,41,0,20,0,14,0,12,
0,208,255,161,255,145,255,31,2,87,252,203,6,189,252,222,249,144,190,0,239,1,18,0,252,0,104,0,41,0,19,0,13,0,11,
0,208,255,161,255,145,255,31,2,87,252,203,6,241,253,217,249,167,191,0,239,1,18,0,252,0,104,0,42,0,19,0,13,0,11,
0,190,255,142,255,134,255,31,2,87,252,203,6,54,253,127,249,111,187,0,239,1,18,0,251,0,104,0,43,0,20,0,14,0,12,
0,190,255,136,255,131,255,31,2,87,252,203,6,54,253,132,250,19,193,0,240,1,18,0,251,0,104,0,43,0,19,0,13,0,11,
0,225,255,136,255,162,255,97,2,113,252,215,6,164,252,132,250,19,193,0,240,1,17,0,251,0,104,0,43,0,20,0,14,0,12,
0,225,255,117,255,162,255,97,2,113,252,215,6,143,254,124,249,143,190,0,241,1,18,0,251,0,103,0,43,0,20,0,13,0,11,
0,28,0,124,255,178,255,97,2,113,252,215,6,2,253,178,249,113,187,0,241,1,17,0,251,0,104,0,44,0,21,0,14,0,12,
0,234,255,139,255,169,255,97,2,113,252,215,6,108,252,98,250,153,191,0,242,1,18,0,251,0,103,0,43,0,20,0,13,0,11,
0,234,255,139,255,161,255,97,2,113,252,215,6,108,252,98,250,246,190,0,242,1,17,0,251,0,104,0,44,0,21,0,14,0,12,
0,226,255,116,255,161,255,97,2,113,252,215,6,83,254,213,249,246,190,0,243,1,17,0,251,0,104,0,44,0,21,0,14,0,12,
0,211,255,140,255,155,255,97,2,113,252,215,6,127,253,100,249,43,188,0,244,1,17,0,251,0,103,0,44,0,20,0,14,0,12,
0,234,255,176,255,167,255,97,2,113,252,215,6,185,252,43,250,178,190,0,244,1,17,0,251,0,104,0,44,0,21,0,14,0,12,
0,234,255,176,255,167,255,97,2,113,252,215,6,185,253,42,250,158,191,0,245,1,17,0,252,0,103,0,44,0,20,0,13,0,11,
0,24,0,176,255,152,255,97,2,113,252,215,6,239,253,42,250,158,191,0,246,1,17,0,252,0,104,0,44,0,20,0,14,0,12,
0,19,0,186,255,132,255,5,2,161,252,2,6,104,254,36,250,166,189,0,246,1,17,0,252,0,104,0,44,0,20,0,14,0,12,
0,2,0,205,255,142,255,5,2,161,252,2,6,155,253,248,249,208,188,0,247,1,17,0,253,0,103,0,43,0,20,0,14,0,11,
0,2,0,205,255,142,255,5,2,161,252,2,6,203,252,230,250,24,191,0,247,1,17,0,253,0,104,0,44,0,20,0,14,0,11,
0,221,255,206,255,146,255,5,2,161,252,2,6,203,252,230,250,47,191,0,248,1,18,0,254,0,104,0,43,0,20,0,13,0,12,
0,184,255,174,255,151,255,5,2,161,252,2,6,150,254,71,250,47,191,0,248,1,17,0,254,0,104,0,44,0,20,0,13,0,11,
0,197,255,174,255,146,255,5,2,161,252,2,6,137,253,86,250,69,188,0,249,1,17,0,254,0,104,0,48,0,21,0,14,0,11,
0,197,255,182,255,146,255,5,2,161,252,2,6,56,254,127,250,30,191,0,249,1,18,0,255,0,104,0,47,0,21,0,13,0,11,
0,248,255,220,255,132,255,5,2,161,252,2,6,171,254,43,250,11,189,0,250,1,18,0,255,0,104,0,47,0,21,0,13,0,11,
0,32,0,231,255,135,255,5,2,161,252,2,6,171,254,43,250,11,189,0,250,1,19,1,0,0,104,0,46,0,19,0,13,0,11,
0,32,0,231,255,148,255,5,2,161,252,2,6,92,253,171,250,52,188,0,250,1,19,1,0,0,105,0,46,0,20,0,13,0,11,
0,48,0,18,0,148,255,5,2,102,252,162,5,81,254,253,250,81,192,0,250,1,19,1,1,0,105,0,46,0,20,0,13,0,11,
0,26,0,43,0,120,255,54,2,102,252,162,5,252,254,73,250,135,189,0,251,1,20,1,2,0,105,0,45,0,20,0,13,0,11,
0,60,0,50,0,106,255,54,2,102,252,162,5,252,254,58,250,115,187,0,251,1,20,1,3,0,105,0,46,0,20,0,13,0,11,
0,60,0,50,0,106,255,54,2,102,252,162,5,223,253,58,250,115,187,0,250,1,20,1,4,0,107,0,46,0,21,0,14,0,12,
0,94,0,24,0,102,255,54,2,102,252,162,5,211,253,34,251,214,192,0,250,1,21,1,5,0,107,0,46,0,20,0,13,0,11,
0,98,0,16,0,136,255,54,2,102,252,162,5,49,0,253,249,41,191,0,250,1,22,1,6,0,107,0,46,0,20,0,14,0,12,
0,83,0,64,0,141,255,54,2,102,252,162,5,168,253,82,250,219,188,0,250,1,22,1,7,0,108,0,46,0,20,0,14,0,12,
0,83,0,64,0,141,255,54,2,102,252,162,5,168,253,82,250,72,193,0,249,1,22,1,8,0,108,0,46,0,21,0,14,0,12,
0,90,0,97,0,145,255,54,2,102,252,162,5,80,254,169,250,72,193,0,249,1,23,1,9,0,108,0,46,0,20,0,13,0,11,
0,131,0,89,0,167,255,54,2,102,252,162,5,226,254,43,250,32,189,0,249,1,23,1,10,0,109,0,46,0,20,0,13,0,11,
0,131,0,89,0,168,255,54,2,102,252,162,5,254,253,99,250,25,192,0,248,1,23,1,11,0,109,0,47,0,21,0,14,0,11,
0,159,0,98,0,168,255,34,2,177,252,130,6,254,253,163,249,97,191,0,248,1,25,1,13,0,110,0,46,0,20,0,14,0,11,
0,136,0,101,0,156,255,34,2,177,252,130,6,88,255,163,249,97,191,0,248,1,25,1,14,0,111,0,47,0,21,0,14,0,11,
0,132,0,106,0,156,255,34,2,177,252,130,6,75,254,134,249,36,189,0,248,1,25,1,15,0,110,0,47,0,20,0,13,0,11,
0,132,0,106,0,195,255,34,2,177,252,130,6,120,254,26,250,149,192,0,247,1,25,1,16,0,111,0,47,0,23,0,14,0,11,
0,54,0,97,0,195,255,34,2,177,252,130,6,89,0,197,249,43,192,0,247,1,26,1,16,0,112,0,47,0,22,0,14,0,11,
0,66,0,96,0,193,255,34,2,177,252,130,6,89,0,197,249,51,188,0,247,1,26,1,18,0,112,0,47,0,21,0,14,0,11,
0,85,0,96,0,186,255,34,2,177,252,130,6,141,255,34,249,51,188,0,246,1,26,1,18,0,113,0,48,0,22,0,14,0,12,
0,85,0,96,0,186,255,34,2,177,252,130,6,217,253,180,249,164,191,0,246,1,27,1,20,0,113,0,47,0,21,0,14,0,11,
0,96,0,73,0,190,255,34,2,177,252,130,6,68,255,204,249,190,193,0,246,1,27,1,20,0,114,0,48,0,22,0,14,0,12,
0,54,0,85,0,190,255,34,2,177,252,130,6,244,0,234,248,218,191,0,245,1,27,1,22,0,114,0,49,0,22,0,14,0,12,
0,59,0,89,0,160,255,24,2,177,252,149,6,244,0,234,248,218,191,0,245,1,28,1,23,0,115,0,49,0,21,0,14,0,12,
0,59,0,89,0,160,255,24,2,177,252,149,6,204,255,42,249,199,189,0,244,1,28,1,23,0,116,0,49,0,22,0,14,0,12,
0,76,0,89,0,145,255,24,2,177,252,149,6,231,253,245,249,23,192,0,244,1,29,1,24,0,115,0,49,0,22,0,14,0,11,
0,40,0,67,0,145,255,24,2,177,252,149,6,218,255,148,249,49,193,0,244,1,28,1,25,0,116,0,49,0,22,0,14,0,11,
0,40,0,67,0,169,255,24,2,177,252,149,6,218,255,211,248,127,190,0,243,1,28,1,25,0,117,0,50,0,23,0,15,0,12,
0,44,0,78,0,169,255,24,2,177,252,149,6,181,0,211,248,127,190,0,243,1,29,1,25,0,117,0,50,0,23,0,14,0,12,
0,49,0,117,0,179,255,24,2,177,252,149,6,42,255,68,249,101,189,0,242,1,28,1,26,0,118,0,50,0,23,0,15,0,12,
0,11,0,87,0,183,255,24,2,177,252,149,6,26,255,178,249,239,192,0,242,1,28,1,27,0,117,0,50,0,22,0,14,0,11,
0,11,0,87,0,181,255,24,2,177,252,149,6,146,0,76,249,245,191,0,241,1,27,1,27,0,118,0,51,0,23,0,15,0,12,
0,36,0,67,0,181,255,24,2,177,252,149,6,146,0,76,249,245,191,0,241,1,28,1,28,0,118,0,51,0,23,0,15,0,12,
0,42,0,64,0,181,255,86,2,69,252,67,6,18,1,240,248,164,189,0,241,1,27,1,28,0,118,0,51,0,23,0,14,0,11,
0,30,0,31,0,215,255,86,2,69,252,67,6,255,255,19,249,141,189,0,240,1,28,1,28,0,119,0,51,0,23,0,15,0,12,
0,30,0,31,0,215,255,86,2,69,252,67,6,93,255,167,249,238,191,0,240,1,28,1,29,0,118,0,51,0,22,0,14,0,11,
0,41,0,24,0,213,255,86,2,69,252,67,6,93,255,39,249,143,192,0,239,1,28,1,28,0,118,0,51,0,22,0,14,0,11,
0,44,0,26,0,201,255,86,2,69,252,67,6,92,0,39,249,143,192,0,238,1,27,1,28,0,119,0,51,0,23,0,15,0,12,
0,0,0,16,0,168,255,86,2,69,252,67,6,196,0,144,248,161,189,0,238,1,28,1,29,0,119,0,51,0,22,0,15,0,12,
0,0,0,16,0,168,255,86,2,69,252,67,6,179,255,16,249,2,189,0,237,1,27,1,28,0,119,0,51,0,23,0,14,0,12,
0,28,0,255,255,203,255,86,2,69,252,67,6,106,255,53,249,200,190,0,237,1,28,1,29,0,119,0,51,0,22,0,14,0,11,
0,16,0,252,255,236,255,86,2,69,252,67,6,106,255,53,249,90,193,0,236,1,28,1,29,0,119,0,51,0,23,0,14,0,11,
0,16,0,252,255,247,255,86,2,69,252,67,6,32,0,52,249,90,193,0,235,1,27,1,29,0,119,0,52,0,23,0,15,0,12,
0,254,255,9,0,247,255,38,2,174,252,250,5,91,1,51,248,115,191,0,235,1,28,1,29,0,119,0,51,0,23,0,15,0,12,
0,39,0,21,0,224,255,38,2,174,252,250,5,142,0,123,248,179,190,0,233,1,27,1,28,0,119,0,52,0,23,0,15,0,12,
0,89,0,250,255,191,255,38,2,174,252,250,5,142,255,157,248,173,190,0,233,1,27,1,28,0,119,0,51,0,22,0,14,0,12,
0,89,0,250,255,191,255,38,2,174,252,250,5,67,255,157,248,173,190,0,232,1,27,1,28,0,119,0,52,0,23,0,14,0,12,
0,53,0,253,255,184,255,38,2,174,252,250,5,119,255,167,248,14,193,0,232,1,27,1,28,0,119,0,52,0,23,0,15,0,12,
0,61,0,14,0,183,255,38,2,174,252,250,5,252,0,97,248,42,193,0,231,1,27,1,28,0,119,0,52,0,23,0,15,0,12,
0,38,0,36,0,201,255,38,2,174,252,250,5,144,0,187,247,229,188,0,230,1,26,1,28,0,119,0,52,0,23,0,15,0,12,
0,38,0,36,0,201,255,38,2,174,252,250,5,144,0,187,247,32,191,0,229,1,27,1,28,0,119,0,51,0,23,0,14,0,12,
0,24,0,20,0,218,255,38,2,174,252,250,5,27,255,177,248,32,191,0,228,1,27,1,27,0,119,0,51,0,23,0,14,0,11,
0,14,0,237,255,222,255,38,2,174,252,250,5,131,255,100,248,205,194,0,227,1,26,1,27,0,119,0,52,0,23,0,15,0,12,
0,245,255,241,255,210,255,38,2,174,252,250,5,236,0,169,247,15,193,0,227,1,27,1,27,0,119,0,52,0,23,0,15,0,12,
0,245,255,241,255,210,255,24,2,107,252,68,7,32,0,137,247,162,190,0,226,1,26,1,27,0,119,0,51,0,23,0,14,0,12,
0,254,255,242,255,213,255,24,2,107,252,68,7,32,0,137,247,162,190,0,226,1,26,1,27,0,119,0,51,0,22,0,14,0,12,
0,206,255,230,255,220,255,24,2,107,252,68,7,59,254,72,248,109,191,0,225,1,26,1,26,0,119,0,51,0,23,0,14,0,11,
0,206,255,230,255,206,255,24,2,107,252,68,7,34,0,68,248,21,195,0,224,1,25,1,26,0,119,0,51,0,23,0,14,0,12,
0,151,255,191,255,206,255,24,2,107,252,68,7,189,255,33,247,255,188,0,224,1,25,1,25,0,119,0,51,0,23,0,15,0,12,
0,145,255,162,255,191,255,24,2,107,252,68,7,189,255,26,248,207,191,0,224,1,24,1,25,0,119,0,51,0,23,0,14,0,12,
0,164,255,151,255,225,255,24,2,107,252,68,7,204,254,26,248,207,191,0,224,1,25,1,25,0,118,0,51,0,22,0,14,0,11,
0,164,255,151,255,225,255,24,2,107,252,68,7,239,254,64,248,176,192,0,224,1,23,1,25,0,118,0,51,0,23,0,14,0,11,
0,130,255,150,255,194,255,24,2,107,252,68,7,225,255,46,248,127,192,0,224,1,23,1,24,0,118,0,51,0,23,0,15,0,12,
0,103,255,147,255,154,255,24,2,107,252,68,7,152,0,215,247,253,189,0,225,1,23,1,24,0,117,0,51,0,22,0,14,0,11,
0,93,255,162,255,171,255,123,2,81,252,67,7,152,0,215,247,226,189,0,224,1,23,1,23,0,118,0,51,0,23,0,16,0,13,
0,93,255,162,255,171,255,123,2,81,252,67,7,109,255,74,248,226,189,0,225,1,23,1,23,0,117,0,46,0,22,0,15,0,13,
0,100,255,155,255,180,255,123,2,81,252,67,7,113,254,210,248,32,191,0,225,1,22,1,23,0,117,0,47,0,22,0,14,0,12,
0,137,255,166,255,179,255,123,2,81,252,67,7,251,255,99,248,173,192,0,226,1,22,1,23,0,117,0,48,0,22,0,15,0,12,
0,109,255,170,255,180,255,123,2,81,252,67,7,251,255,230,247,26,189,0,226,1,22,1,23,0,117,0,48,0,22,0,15,0,12,
0,109,255,170,255,180,255,123,2,81,252,67,7,83,0,230,247,26,189,0,227,1,21,1,23,0,118,0,49,0,22,0,15,0,12,
0,61,255,194,255,172,255,123,2,81,252,67,7,35,255,129,248,239,188,0,227,1,21,1,23,0,117,0,49,0,21,0,14,0,11,
0,72,255,213,255,175,255,123,2,81,252,67,7,164,254,6,249,11,191,0,227,1,21,1,22,0,117,0,50,0,23,0,15,0,12,
0,72,255,213,255,160,255,123,2,81,252,67,7,66,0,124,248,165,192,0,227,1,20,1,22,0,117,0,50,0,23,0,15,0,12,
0,71,255,196,255,160,255,123,2,81,252,67,7,66,0,124,248,27,187,0,227,1,20,1,22,0,116,0,49,0,22,0,14,0,11,
0,86,255,201,255,163,255,43,2,98,252,224,6,129,255,223,247,27,187,0,227,1,20,1,22,0,117,0,50,0,23,0,15,0,12,
0,63,255,195,255,165,255,43,2,98,252,224,6,112,255,124,248,66,190,0,227,1,20,1,22,0,116,0,49,0,22,0,14,0,11,
0,63,255,195,255,165,255,43,2,98,252,224,6,155,254,183,248,248,191,0,227,1,20,1,22,0,117,0,50,0,23,0,14,0,12,
0,76,255,196,255,165,255,43,2,98,252,224,6,156,0,103,248,60,191,0,227,1,20,1,22,0,117,0,50,0,23,0,14,0,12,
0,107,255,208,255,178,255,43,2,98,252,224,6,156,0,103,248,60,191,0,227,1,20,1,23,0,116,0,50,0,22,0,14,0,12,
0,97,255,228,255,157,255,43,2,98,252,224,6,151,255,251,247,203,187,0,226,1,20,1,23,0,117,0,50,0,23,0,15,0,12,
0,97,255,228,255,157,255,43,2,98,252,224,6,243,254,15,249,65,192,0,226,1,21,1,23,0,116,0,49,0,22,0,14,0,11,
0,72,255,250,255,161,255,43,2,98,252,224,6,59,0,46,248,89,190,0,226,1,20,1,23,0,117,0,50,0,23,0,14,0,12,
0,80,255,230,255,156,255,43,2,98,252,224,6,59,0,46,248,16,189,0,226,1,21,1,23,0,117,0,50,0,23,0,15,0,12,
0,49,255,247,255,147,255,43,2,98,252,224,6,95,255,4,248,16,189,0,226,1,22,1,24,0,117,0,50,0,22,0,14,0,11,
0,49,255,247,255,147,255,51,2,118,252,178,6,206,255,125,248,94,191,0,226,1,22,1,24,0,117,0,51,0,23,0,15,0,12,
0,19,255,223,255,127,255,51,2,118,252,178,6,14,0,70,248,25,191,0,226,1,23,1,25,0,117,0,50,0,22,0,14,0,12,
0,44,255,220,255,123,255,51,2,118,252,178,6,187,255,79,248,101,189,0,226,1,23,1,25,0,118,0,55,0,23,0,14,0,11,
0,44,255,220,255,139,255,51,2,118,252,178,6,187,255,79,248,101,189,0,226,1,24,1,25,0,118,0,54,0,24,0,14,0,12,
0,49,255,244,255,139,255,51,2,118,252,178,6,138,255,103,248,170,190,0,226,1,24,1,26,0,118,0,53,0,23,0,14,0,12,
0,39,255,241,255,144,255,51,2,118,252,178,6,63,0,161,248,49,192,0,226,1,25,1,26,0,118,0,53,0,23,0,14,0,11,
0,49,255,236,255,133,255,51,2,118,252,178,6,118,0,74,248,109,188,0,226,1,25,1,27,0,119,0,53,0,24,0,15,0,12,
0,49,255,236,255,133,255,51,2,118,252,178,6,118,0,205,248,85,190,0,226,1,26,1,28,0,119,0,52,0,23,0,14,0,11,
0,46,255,3,0,150,255,51,2,118,252,178,6,192,254,205,248,85,190,0,226,1,27,1,28,0,118,0,52,0,24,0,15,0,12,
0,41,255,238,255,126,255,51,2,118,252,178,6,2,0,237,248,139,192,0,227,1,27,1,29,0,119,0,52,0,23,0,15,0,12,
0,93,255,217,255,151,255,51,2,118,252,178,6,108,1,65,248,22,190,0,227,1,28,1,30,0,119,0,52,0,23,0,14,0,11,
0,93,255,217,255,151,255,38,2,140,252,89,6,6,0,172,248,216,189,0,227,1,28,1,31,0,120,0,52,0,23,0,15,0,12,
0,164,255,216,255,178,255,38,2,140,252,89,6,6,0,172,248,53,191,0,228,1,29,1,32,0,119,0,52,0,21,0,14,0,11,
0,124,255,245,255,165,255,38,2,140,252,89,6,29,255,35,249,53,191,0,229,1,29,1,32,0,120,0,52,0,22,0,14,0,12,
0,98,255,247,255,135,255,38,2,140,252,89,6,94,0,216,248,185,192,0,231,1,30,1,34,0,120,0,52,0,22,0,14,0,12,
0,98,255,247,255,135,255,38,2,140,252,89,6,180,0,68,248,62,189,0,232,1,30,1,34,0,121,0,52,0,23,0,14,0,12,
0,163,255,242,255,119,255,38,2,140,252,89,6,180,254,158,248,154,189,0,233,1,31,1,36,0,121,0,52,0,22,0,14,0,11,
0,119,255,227,255,115,255,38,2,140,252,89,6,199,254,158,248,154,189,0,234,1,32,1,36,0,122,0,52,0,22,0,14,0,11,
0,119,255,227,255,119,255,38,2,140,252,89,6,71,255,213,248,218,192,0,235,1,32,1,37,0,123,0,52,0,23,0,15,0,12,
0,66,255,205,255,119,255,38,2,140,252,89,6,191,0,76,248,126,192,0,237,1,33,1,39,0,123,0,52,0,22,0,15,0,12,
0,82,255,226,255,122,255,38,2,140,252,89,6,217,255,223,247,232,188,0,237,1,33,1,39,0,123,0,53,0,23,0,15,0,12,
0,84,255,223,255,107,255,241,1,202,252,134,6,217,255,223,247,197,190,0,239,1,34,1,40,0,123,0,53,0,22,0,14,0,12,
0,84,255,223,255,107,255,241,1,202,252,134,6,245,254,68,248,197,190,0,239,1,34,1,41,0,124,0,53,0,23,0,14,0,12,
0,73,255,233,255,72,255,241,1,202,252,134,6,162,254,250,248,115,193,0,239,1,35,1,41,0,125,0,54,0,24,0,15,0,12,
0,28,255,248,255,72,255,241,1,202,252,134,6,166,0,46,248,240,191,0,239,1,35,1,42,0,125,0,54,0,23,0,14,0,12,
0,62,255,250,255,58,255,241,1,202,252,134,6,34,255,54,248,242,187,0,239,1,35,1,42,0,126,0,54,0,24,0,15,0,12,
0,62,255,250,255,58,255,241,1,202,252,134,6,34,255,54,248,242,187,0,240,1,36,1,43,0,125,0,54,0,23,0,14,0,11,
0,71,255,226,255,66,255,241,1,202,252,134,6,159,254,230,248,204,192,0,239,1,35,1,43,0,126,0,55,0,24,0,15,0,12,
0,67,255,202,255,27,255,241,1,202,252,134,6,101,255,59,248,233,192,0,239,1,36,1,43,0,126,0,55,0,24,0,15,0,12,
0,64,255,202,255,27,255,241,1,202,252,134,6,72,255,231,247,18,191,0,239,1,37,1,44,0,126,0,54,0,23,0,14,0,11,
0,64,255,205,255,27,255,241,1,202,252,134,6,72,255,66,248,111,191,0,239,1,37,1,44,0,126,0,54,0,23,0,14,0,11,
0,53,255,185,255,30,255,113,2,108,252,209,6,77,254,66,248,111,191,0,238,1,36,1,43,0,127,0,55,0,24,0,15,0,12,
0,83,255,189,255,21,255,113,2,108,252,209,6,195,253,151,248,213,193,0,238,1,37,1,44,0,127,0,54,0,23,0,14,0,11,
0,83,255,189,255,36,255,113,2,108,252,209,6,157,254,0,248,19,193,0,238,1,36,1,43,0,127,0,55,0,24,0,15,0,12,
0,93,255,177,255,36,255,113,2,108,252,209,6,184,253,167,247,135,191,0,238,1,37,1,43,0,126,0,54,0,23,0,15,0,12,
0,68,255,134,255,53,255,113,2,108,252,209,6,184,253,167,247,131,191,0,238,1,36,1,43,0,127,0,55,0,23,0,14,0,11,
0,32,255,127,255,55,255,113,2,108,252,209,6,112,253,4,248,131,191,0,238,1,36,1,42,0,127,0,55,0,24,0,15,0,12,
0,32,255,127,255,55,255,113,2,108,252,209,6,195,252,124,248,63,193,0,238,1,36,1,42,0,126,0,54,0,23,0,14,0,12,
0,50,255,117,255,65,255,113,2,108,252,209,6,123,253,55,248,242,192,0,238,1,35,1,41,0,126,0,55,0,24,0,15,0,12,
0,71,255,89,255,42,255,113,2,108,252,209,6,123,253,212,247,185,191,0,238,1,34,1,40,0,126,0,55,0,23,0,15,0,12,
0,53,255,83,255,44,255,113,2,108,252,209,6,233,253,212,247,185,191,0,237,1,33,1,39,0,126,0,55,0,24,0,16,0,12,
0,53,255,83,255,44,255,46,2,131,252,141,5,109,252,81,248,55,190,0,237,1,33,1,39,0,126,0,54,0,23,0,15,0,12,
0,29,255,77,255,5,255,46,2,131,252,141,5,255,251,229,248,189,192,0,236,1,31,1,37,0,126,0,55,0,24,0,16,0,12,
0,36,255,88,255,211,254,46,2,131,252,141,5,112,253,96,248,150,192,0,236,1,30,1,36,0,125,0,55,0,24,0,15,0,12,
0,60,255,88,255,237,254,46,2,131,252,141,5,112,253,96,248,153,188,0,235,1,29,1,34,0,125,0,55,0,24,0,15,0,12,
0,60,255,91,255,237,254,46,2,131,252,141,5,152,252,35,248,153,188,0,235,1,28,1,33,0,124,0,55,0,24,0,15,0,12,
0,37,255,100,255,211,254,46,2,131,252,141,5,150,252,239,248,124,192,0,235,1,28,1,33,0,123,0,54,0,23,0,15,0,12,
0,22,255,122,255,222,254,46,2,131,252,141,5,6,253,147,248,248,188,0,234,1,26,1,31,0,123,0,54,0,26,0,15,0,12,
0,22,255,122,255,196,254,46,2,131,252,141,5,105,252,253,248,164,189,0,234,1,25,1,30,0,122,0,54,0,25,0,15,0,12,
0,25,255,118,255,196,254,46,2,131,252,141,5,105,252,253,248,164,189,0,233,1,24,1,29,0,122,0,53,0,25,0,15,0,12,
0,40,255,121,255,173,254,46,2,131,252,141,5,197,252,178,249,242,190,0,233,1,22,1,28,0,121,0,53,0,24,0,15,0,11,
0,73,255,144,255,182,254,46,2,131,252,92,6,199,253,48,249,147,189,0,232,1,21,1,27,0,120,0,52,0,23,0,14,0,11,
0,73,255,144,255,182,254,228,1,165,252,92,6,85,253,123,249,145,189,0,232,1,20,1,25,0,120,0,53,0,24,0,15,0,12,
0,119,255,176,255,166,254,228,1,165,252,92,6,85,253,123,249,59,188,0,231,1,19,1,24,0,119,0,52,0,23,0,15,0,11,
0,128,255,186,255,157,254,228,1,165,252,92,6,51,253,75,249,59,188,0,230,1,19,1,23,0,119,0,52,0,23,0,14,0,11,
0,115,255,174,255,143,254,228,1,165,252,92,6,65,253,161,249,94,189,0,230,1,17,1,22,0,119,0,52,0,23,0,15,0,12,
0,115,255,174,255,143,254,228,1,165,252,92,6,48,254,120,249,171,189,0,229,1,16,1,21,0,118,0,51,0,23,0,14,0,11,
0,119,255,185,255,119,254,228,1,165,252,92,6,24,254,46,249,194,187,0,228,1,15,1,20,0,117,0,51,0,23,0,14,0,11,
0,123,255,200,255,123,254,228,1,165,252,92,6,24,254,46,249,194,187,0,227,1,14,1,19,0,117,0,51,0,23,0,15,0,12,
0,141,255,200,255,147,254,228,1,165,252,92,6,74,253,169,249,238,189,0,227,1,13,1,19,0,116,0,51,0,23,0,15,0,12,
0,141,255,217,255,147,254,228,1,165,252,92,6,171,254,32,249,13,191,0,226,1,12,1,17,0,116,0,51,0,23,0,15,0,12,
0,135,255,249,255,146,254,228,1,165,252,92,6,197,254,215,248,30,187,0,226,1,11,1,17,0,116,0,50,0,22,0,14,0,11,
0,125,255,15,0,125,254,68,2,145,252,176,6,197,254,219,248,252,188,0,225,1,10,1,16,0,115,0,50,0,22,0,14,0,11,
0,125,255,15,0,98,254,68,2,145,252,176,6,24,254,219,248,252,188,0,225,1,9,1,14,0,115,0,50,0,22,0,14,0,12,
0,119,255,17,0,98,254,68,2,145,252,176,6,189,253,65,249,72,191,0,225,1,8,1,15,0,114,0,50,0,22,0,14,0,12,
0,125,255,59,0,106,254,68,2,145,252,176,6,132,255,123,248,137,190,0,226,1,8,1,14,0,114,0,49,0,21,0,14,0,11,
0,123,255,100,0,160,254,68,2,145,252,176,6,124,255,40,248,61,187,0,225,1,6,1,13,0,114,0,50,0,22,0,14,0,12,
0,123,255,100,0,160,254,68,2,145,252,176,6,124,255,40,248,248,187,0,225,1,6,1,12,0,113,0,49,0,21,0,14,0,11,
0,87,255,135,0,183,254,68,2,145,252,176,6,56,254,146,248,248,187,0,226,1,5,1,11,0,113,0,49,0,22,0,14,0,12,
0,37,255,113,0,169,254,68,2,145,252,176,6,71,254,225,248,30,191,0,227,1,5,1,11,0,112,0,43,0,20,0,14,0,12,
0,50,255,97,0,132,254,68,2,145,252,176,6,59,0,255,247,208,189,0,228,1,4,1,10,0,112,0,44,0,20,0,14,0,12,
0,50,255,97,0,132,254,68,2,145,252,176,6,59,254,15,248,27,187,0,229,1,4,1,10,0,111,0,44,0,20,0,14,0,12,
0,91,255,104,0,130,254,199,1,152,252,52,6,237,254,15,248,27,187,0,230,1,3,1,10,0,111,0,45,0,20,0,13,0,11,
0,113,255,90,0,110,254,199,1,152,252,52,6,245,254,91,248,161,189,0,230,1,4,1,10,0,111,0,46,0,20,0,14,0,11,
0,113,255,90,0,131,254,199,1,152,252,52,6,35,255,154,248,133,190,0,232,1,3,1,8,0,111,0,46,0,21,0,14,0,11,
0,84,255,55,0,131,254,199,1,152,252,52,6,88,255,190,248,203,190,0,232,1,2,1,8,0,111,0,47,0,21,0,14,0,11,
0,71,255,45,0,142,254,199,1,152,252,52,6,88,255,190,248,213,186,0,233,1,2,1,8,0,110,0,46,0,20,0,13,0,11,
0,42,255,31,0,111,254,199,1,152,252,52,6,6,0,251,247,213,186,0,233,1,1,1,7,0,110,0,47,0,21,0,14,0,11,
0,42,255,31,0,110,254,199,1,152,252,52,6,205,254,143,248,62,188,0,234,1,1,1,6,0,110,0,47,0,21,0,14,0,12,
0,23,255,227,255,110,254,199,1,152,252,52,6,200,254,188,248,228,190,0,234,1,1,1,6,0,109,0,47,0,21,0,14,0,11,
0,3,255,196,255,90,254,199,1,152,252,52,6,77,0,99,248,72,190,0,234,1,1,1,5,0,110,0,47,0,21,0,14,0,11,
0,253,254,202,255,119,254,199,1,152,252,52,6,77,0,99,248,72,190,0,235,1,1,1,5,0,109,0,46,0,20,0,13,0,11,
0,253,254,202,255,119,254,56,2,114,252,144,7,58,0,198,247,239,187,0,235,1,0,1,4,0,109,0,47,0,21,0,14,0,12,
0,16,255,163,255,112,254,56,2,114,252,144,7,73,255,93,248,19,190,0,235,1,0,1,4,0,109,0,47,0,21,0,14,0,12,
0,23,255,93,255,88,254,56,2,114,252,144,7,55,255,14,249,238,190,0,235,1,0,1,4,0,109,0,47,0,21,0,14,0,12,
0,27,255,85,255,84,254,56,2,114,252,144,7,55,255,214,248,174,191,0,235,0,255,1,4,0,109,0,47,0,21,0,14,0,11,
0,27,255,85,255,84,254,56,2,114,252,144,7,215,255,214,248,174,191,0,235,1,0,1,4,0,108,0,46,0,20,0,13,0,11,
0,14,255,63,255,66,254,56,2,114,252,144,7,217,255,107,248,16,189,0,235,0,255,1,3,0,108,0,46,0,20,0,13,0,11,
0,5,255,48,255,71,254,56,2,114,252,144,7,145,254,198,248,111,189,0,235,0,255,1,3,0,108,0,47,0,21,0,14,0,12,
0,5,255,48,255,88,254,56,2,114,252,144,7,105,254,130,249,227,192,0,235,0,255,1,2,0,108,0,47,0,21,0,14,0,11,
0,9,255,254,254,88,254,56,2,114,252,144,7,105,254,130,249,33,192,0,235,0,254,1,1,0,107,0,46,0,21,0,14,0,11,
0,24,255,227,254,69,254,56,2,114,252,144,7,191,255,255,248,33,192,0,235,0,254,1,1,0,107,0,49,0,20,0,13,0,11,
0,31,255,237,254,76,254,11,2,159,252,113,6,186,254,218,248,191,189,0,235,0,253,1,0,0,107,0,49,0,20,0,13,0,11,
0,31,255,237,254,91,254,11,2,159,252,113,6,83,254,37,249,227,191,0,234,0,252,0,255,0,107,0,49,0,23,0,14,0,11,
0,43,255,221,254,91,254,11,2,159,252,113,6,83,254,126,249,144,191,0,235,0,252,0,254,0,106,0,48,0,23,0,14,0,11,
0,53,255,166,254,94,254,11,2,159,252,113,6,215,253,126,249,144,191,0,235,0,251,0,252,0,106,0,47,0,22,0,14,0,11,
0,9,255,130,254,109,254,11,2,159,252,113,6,147,254,53,249,172,192,0,235,0,251,0,252,0,105,0,46,0,21,0,13,0,11,
0,9,255,130,254,109,254,11,2,159,252,113,6,162,254,53,249,227,189,0,235,0,249,0,250,0,104,0,46,0,21,0,13,0,11,
0,227,254,144,254,71,254,11,2,159,252,113,6,15,253,179,249,124,188,0,235,0,248,0,249,0,104,0,46,0,22,0,14,0,12,
0,217,254,111,254,65,254,11,2,159,252,113,6,15,253,179,249,45,193,0,236,0,247,0,248,0,104,0,46,0,21,0,14,0,12,
0,216,254,95,254,60,254,11,2,159,252,113,6,30,253,112,250,45,193,0,236,0,246,0,247,0,104,0,45,0,21,0,14,0,12,
0,216,254,95,254,60,254,11,2,159,252,113,6,122,254,96,249,129,189,0,237,0,246,0,247,0,102,0,44,0,20,0,13,0,11,
0,192,254,88,254,62,254,11,2,159,252,113,6,23,253,12,250,110,187,0,238,0,244,0,245,0,102,0,44,0,20,0,13,0,11,
0,193,254,60,254,59,254,236,1,168,252,95,6,10,252,156,250,241,189,0,238,0,243,0,244,0,102,0,44,0,21,0,14,0,12,
0,193,254,60,254,66,254,236,1,168,252,95,6,10,252,156,250,241,189,0,239,0,241,0,243,0,101,0,44,0,21,0,14,0,11,
0,200,254,63,254,66,254,236,1,168,252,95,6,115,253,135,250,184,191,0,239,0,241,0,241,0,101,0,44,0,21,0,14,0,11,
0,177,254,65,254,36,254,236,1,168,252,95,6,50,254,63,250,210,187,0,240,0,240,0,240,0,100,0,43,0,20,0,13,0,11,
0,203,254,74,254,13,254,236,1,168,252,95,6,247,252,133,250,39,186,0,241,0,239,0,239,0,99,0,42,0,18,0,13,0,11,
0,203,254,74,254,13,254,236,1,168,252,95,6,247,252,133,251,246,188,0,241,0,238,0,237,0,99,0,43,0,19,0,13,0,11,
0,208,254,93,254,28,254,236,1,168,252,95,6,123,252,91,251,246,188,0,242,0,237,0,237,0,98,0,42,0,18,0,13,0,12,
0,230,254,131,254,28,254,236,1,168,252,95,6,119,253,13,251,28,190,0,242,0,236,0,235,0,98,0,42,0,19,0,13,0,11,
0,226,254,196,254,252,253,236,1,168,252,95,6,100,254,125,250,251,186,0,243,0,236,0,235,0,97,0,41,0,18,0,12,0,11,
0,226,254,196,254,252,253,236,1,168,252,95,6,77,252,167,250,43,186,0,243,0,235,0,233,0,96,0,41,0,18,0,13,0,11,
0,12,255,212,254,6,254,79,2,91,252,181,6,77,252,167,250,43,186,0,243,0,235,0,232,0,97,0,41,0,19,0,13,0,11,
0,9,255,233,254,254,253,79,2,91,252,181,6,237,252,60,251,151,189,0,243,0,235,0,232,0,95,0,41,0,19,0,13,0,11,
0,33,255,19,255,11,254,79,2,91,252,181,6,233,253,204,250,82,189,0,243,0,234,0,230,0,95,0,41,0,19,0,13,0,11,
0,33,255,19,255,11,254,79,2,91,252,181,6,115,254,183,249,226,185,0,244,0,235,0,228,0,94,0,40,0,18,0,13,0,11,
0,40,255,53,255,8,254,79,2,91,252,181,6,115,254,143,250,231,188,0,243,0,234,0,227,0,93,0,40,0,17,0,12,0,11,
0,56,255,70,255,24,254,79,2,91,252,181,6,35,252,143,250,231,188,0,243,0,233,0,226,0,94,0,40,0,19,0,13,0,11,
0,61,255,64,255,15,254,79,2,91,252,181,6,12,254,140,249,91,188,0,243,0,233,0,224,0,92,0,40,0,18,0,13,0,11,
0,79,255,72,255,13,254,79,2,91,252,181,6,233,252,100,249,183,187,0,243,0,234,0,223,0,91,0,39,0,19,0,13,0,11,
0,101,255,107,255,8,254,79,2,91,252,181,6,233,252,100,249,162,189,0,242,0,234,0,222,0,91,0,40,0,20,0,13,0,11,
0,101,255,107,255,8,254,192,1,189,252,195,5,186,252,151,249,162,189,0,242,0,233,0,221,0,91,0,39,0,19,0,14,0,11,
0,95,255,112,255,239,253,192,1,189,252,195,5,221,252,125,249,6,191,0,242,0,234,0,220,0,90,0,38,0,19,0,13,0,11,
0,30,255,133,255,239,253,192,1,189,252,195,5,210,253,14,249,18,191,0,242,0,233,0,218,0,90,0,39,0,19,0,13,0,11,
0,21,255,124,255,39,254,192,1,189,252,195,5,210,252,102,248,87,187,0,242,0,234,0,218,0,88,0,38,0,18,0,13,0,11,
0,21,255,124,255,39,254,192,1,189,252,195,5,169,252,102,248,87,187,0,241,0,233,0,216,0,89,0,38,0,18,0,13,0,11,
0,43,255,105,255,35,254,192,1,189,252,195,5,127,252,6,249,98,190,0,241,0,233,0,215,0,88,0,38,0,18,0,13,0,11,
0,237,254,108,255,32,254,192,1,189,252,195,5,10,253,222,248,75,191,0,242,0,234,0,215,0,87,0,37,0,17,0,12,0,11,
0,232,254,101,255,19,254,192,1,189,252,195,5,248,253,37,248,132,189,0,242,0,233,0,213,0,87,0,38,0,18,0,13,0,11,
0,232,254,101,255,19,254,192,1,189,252,195,5,248,253,37,248,56,188,0,243,0,233,0,213,0,86,0,36,0,17,0,12,0,11,
0,197,254,107,255,2,254,192,1,189,252,195,5,59,253,28,248,56,188,0,243,0,233,0,212,0,86,0,37,0,18,0,13,0,11,
0,165,254,95,255,228,253,237,1,159,252,97,6,9,253,92,248,8,189,0,244,0,233,0,211,0,86,0,36,0,18,0,13,0,11,
0,165,254,95,255,232,253,237,1,159,252,97,6,150,252,182,248,90,190,0,246,0,233,0,210,0,85,0,36,0,18,0,13,0,11,
0,168,254,74,255,232,253,237,1,159,252,97,6,178,253,163,248,76,191,0,247,0,232,0,210,0,84,0,35,0,17,0,12,0,10,
0,160,254,81,255,221,253,237,1,159,252,97,6,178,253,163,248,76,191,0,247,0,232,0,208,0,84,0,36,0,18,0,13,0,11,
0,174,254,75,255,198,253,237,1,159,252,97,6,190,253,188,247,134,186,0,249,0,231,0,209,0,84,0,35,0,16,0,12,0,11,
0,174,254,75,255,198,253,237,1,159,252,97,6,249,251,248,248,208,188,0,250,0,231,0,208,0,84,0,36,0,18,0,13,0,11,
0,125,254,59,255,182,253,237,1,159,252,97,6,161,253,212,248,146,190,0,251,0,230,0,207,0,83,0,35,0,16,0,12,0,11,
0,96,254,34,255,189,253,237,1,159,252,97,6,161,253,125,248,89,188,0,252,0,230,0,206,0,83,0,35,0,16,0,12,0,11,
0,88,254,7,255,192,253,237,1,159,252,97,6,29,254,125,248,89,188,0,253,0,228,0,205,0,83,0,35,0,17,0,13,0,11,
0,88,254,7,255,192,253,237,1,159,252,97,6,3,253,155,248,19,187,0,254,0,228,0,205,0,82,0,35,0,16,0,12,0,11,
0,95,254,0,255,190,253,237,1,159,252,97,6,230,252,45,249,133,189,0,255,0,227,0,205,0,83,0,35,0,16,0,12,0,11,
0,106,254,17,255,168,253,86,2,92,252,247,6,97,253,1,249,38,190,0,255,0,227,0,205,0,81,0,35,0,16,0,12,0,11,
0,132,254,19,255,151,253,86,2,92,252,247,6,97,253,1,249,38,187,1,0,0,226,0,204,0,81,0,34,0,16,0,12,0,11,
0,132,254,19,255,151,253,86,2,92,252,247,6,229,253,180,248,111,187,1,1,0,225,0,202,0,81,0,35,0,16,0,12,0,11,
0,134,254,8,255,165,253,86,2,92,252,247,6,59,253,244,248,118,187,1,2,0,224,0,202,0,80,0,34,0,15,0,12,0,11,
0,133,254,3,255,175,253,86,2,92,252,247,6,43,253,23,249,87,188,1,3,0,223,0,201,0,80,0,34,0,16,0,12,0,11,
0,133,254,3,255,165,253,86,2,92,252,247,6,43,253,75,249,84,190,1,4,0,222,0,202,0,80,0,34,0,15,0,12,0,10,
0,115,254,13,255,165,253,86,2,92,252,247,6,190,253,75,249,84,190,1,4,0,222,0,201,0,80,0,34,0,16,0,12,0,11,
0,69,254,25,255,157,253,86,2,92,252,247,6,46,254,27,249,23,188,1,5,0,222,0,200,0,79,0,33,0,16,0,11,0,10,
0,97,254,37,255,148,253,86,2,92,252,247,6,203,253,246,248,56,186,1,6,0,221,0,199,0,79,0,34,0,16,0,12,0,11,
0,97,254,37,255,148,253,86,2,92,252,247,6,153,252,132,249,61,188,1,8,0,220,0,198,0,79,0,33,0,16,0,12,0,11,
0,114,254,64,255,151,253,247,1,163,252,27,6,153,252,132,249,116,190,1,8,0,219,0,198,0,79,0,33,0,16,0,12,0,11,
0,89,254,35,255,155,253,247,1,163,252,27,6,65,253,193,249,116,190,1,9,0,219,0,198,0,78,0,33,0,16,0,12,0,11,
0,96,254,43,255,143,253,247,1,163,252,27,6,69,254,232,248,237,186,1,11,0,219,0,199,0,78,0,32,0,15,0,11,0,10,
0,96,254,43,255,143,253,247,1,163,252,27,6,188,252,84,249,35,187,1,12,0,219,0,198,0,78,0,33,0,16,0,12,0,11,
0,69,254,36,255,133,253,247,1,163,252,27,6,145,252,225,249,232,188,1,14,0,218,0,197,0,77,0,27,0,15,0,12,0,12,
0,74,254,81,255,103,253,247,1,163,252,27,6,145,252,225,249,232,188,1,16,0,218,0,196,0,77,0,28,0,14,0,12,0,11,
0,77,254,81,255,103,253,247,1,163,252,27,6,195,253,90,249,179,188,1,17,0,217,0,196,0,77,0,30,0,15,0,12,0,11,
0,77,254,83,255,103,253,247,1,163,252,27,6,65,253,178,249,29,187,1,19,0,218,0,197,0,76,0,30,0,14,0,12,0,11,
0,75,254,43,255,131,253,247,1,163,252,27,6,201,252,166,249,21,187,1,20,0,217,0,197,0,77,0,31,0,15,0,12,0,11,
0,113,254,53,255,139,253,247,1,163,252,27,6,201,252,166,249,129,188,1,21,0,218,0,196,0,77,0,32,0,15,0,12,0,11,
0,113,254,53,255,126,253,19,2,71,252,131,6,10,253,226,249,129,188,1,22,0,217,0,195,0,77,0,32,0,15,0,12,0,11,
0,100,254,83,255,126,253,19,2,71,252,131,6,33,253,254,249,38,189,1,23,0,217,0,195,0,77,0,32,0,15,0,12,0,11,
0,84,254,72,255,134,253,19,2,71,252,131,6,115,253,97,249,50,187,1,24,0,217,0,196,0,76,0,31,0,14,0,12,0,11,
0,87,254,59,255,168,253,19,2,71,252,131,6,81,252,136,249,137,187,1,25,0,217,0,196,0,76,0,32,0,15,0,11,0,11,
0,87,254,59,255,168,253,19,2,71,252,131,6,81,252,136,249,137,187,1,25,0,218,0,196,0,77,0,32,0,16,0,12,0,11,
0,92,254,73,255,178,253,19,2,71,252,131,6,84,252,186,249,246,188,1,27,0,218,0,196,0,76,0,32,0,15,0,12,0,11,
0,82,254,82,255,163,253,19,2,71,252,131,6,245,252,242,249,158,189,1,28,0,218,0,196,0,76,0,32,0,15,0,11,0,10,
0,52,254,84,255,162,253,19,2,71,252,131,6,228,253,129,249,242,187,1,28,0,217,0,196,0,77,0,33,0,16,0,12,0,11,
0,52,254,84,255,162,253,19,2,71,252,131,6,228,253,145,249,193,186,1,30,0,218,0,197,0,76,0,32,0,14,0,11,0,10,
0,51,254,93,255,149,253,19,2,71,252,131,6,218,252,145,249,193,186,1,30,0,218,0,197,0,77,0,32,0,16,0,12,0,11,
0,31,254,95,255,155,253,32,2,137,252,31,6,73,252,16,250,80,188,1,31,0,219,0,197,0,76,0,32,0,16,0,12,0,11,
0,43,254,95,255,149,253,32,2,137,252,31,6,55,253,39,250,53,190,1,31,0,219,0,196,0,76,0,32,0,15,0,11,0,11,
0,43,254,111,255,149,253,32,2,137,252,31,6,19,254,145,249,143,188,1,32,0,219,0,196,0,76,0,32,0,16,0,12,0,11,
0,92,254,154,255,127,253,32,2,137,252,31,6,19,254,145,249,208,187,1,33,0,219,0,197,0,76,0,32,0,15,0,11,0,10,
0,86,254,178,255,140,253,32,2,137,252,31,6,184,252,186,249,208,187,1,33,0,219,0,198,0,77,0,32,0,16,0,12,0,11,
0,86,254,178,255,147,253,32,2,137,252,31,6,116,252,214,249,53,188,1,33,0,220,0,198,0,76,0,32,0,15,0,12,0,11,
0,80,254,209,255,147,253,32,2,137,252,31,6,56,253,202,249,107,190,1,33,0,220,0,197,0,78,0,37,0,16,0,11,0,11,
0,76,254,217,255,147,253,32,2,137,252,31,6,56,253,213,249,231,188,1,34,0,221,0,197,0,77,0,35,0,16,0,11,0,11,
0,100,254,221,255,145,253,32,2,137,252,31,6,217,253,213,249,231,188,1,35,0,221,0,197,0,77,0,35,0,16,0,11,0,10,
0,100,254,221,255,145,253,32,2,137,252,31,6,23,253,147,249,37,187,1,35,0,221,0,198,0,77,0,35,0,16,0,12,0,11,
0,79,254,231,255,145,253,32,2,137,252,31,6,197,252,213,249,252,188,1,35,0,222,0,199,0,77,0,35,0,16,0,12,0,11,
0,50,254,248,255,172,253,235,1,198,252,102,6,14,253,240,249,198,190,1,34,0,222,0,199,0,78,0,34,0,16,0,12,0,11,
0,24,254,32,0,172,253,235,1,198,252,102,6,14,253,240,249,91,190,1,35,0,223,0,199,0,77,0,33,0,16,0,11,0,11,
0,24,254,32,0,172,253,235,1,198,252,102,6,17,254,142,249,91,190,1,35,0,223,0,199,0,78,0,33,0,16,0,12,0,11,
0,75,254,35,0,184,253,235,1,198,252,102,6,204,253,4,249,26,188,1,35,0,223,0,200,0,78,0,33,0,16,0,12,0,11,
0,124,254,56,0,167,253,235,1,198,252,102,6,207,252,97,249,38,188,1,36,0,223,0,201,0,77,0,33,0,15,0,11,0,10,
0,94,254,56,0,173,253,235,1,198,252,102,6,202,252,209,249,215,189,1,35,0,223,0,201,0,78,0,33,0,16,0,12,0,11,
0,94,254,103,0,173,253,235,1,198,252,102,6,202,252,209,249,215,189,1,36,0,224,0,201,0,78,0,32,0,16,0,12,0,11,
0,45,254,93,0,188,253,235,1,198,252,102,6,194,253,207,249,200,191,1,36,0,224,0,201,0,78,0,32,0,15,0,12,0,10,
0,76,254,93,0,199,253,235,1,198,252,102,6,139,254,216,248,131,188,1,36,0,224,0,202,0,78,0,33,0,16,0,12,0,11,
0,76,254,93,0,199,253,235,1,198,252,102,6,181,253,21,249,113,187,1,36,0,224,0,203,0,78,0,32,0,15,0,12,0,11,
0,60,254,89,0,199,253,59,2,107,252,227,6,181,253,94,249,177,189,1,36,0,225,0,204,0,79,0,33,0,15,0,12,0,11,
0,73,254,79,0,199,253,59,2,107,252,227,6,243,252,94,249,177,189,1,35,0,225,0,204,0,80,0,33,0,16,0,12,0,11,
0,50,254,77,0,195,253,59,2,107,252,227,6,127,253,100,249,62,190,1,36,0,225,0,204,0,79,0,33,0,15,0,11,0,11,
0,50,254,77,0,195,253,59,2,107,252,227,6,233,254,63,249,117,190,1,36,0,224,0,203,0,80,0,33,0,16,0,12,0,11,
0,2,254,48,0,176,253,59,2,107,252,227,6,227,254,2,249,175,187,1,36,0,224,0,204,0,80,0,34,0,16,0,12,0,11,
0,240,253,60,0,172,253,59,2,107,252,227,6,227,254,2,249,175,187,1,36,0,225,0,205,0,80,0,33,0,15,0,12,0,11,
0,6,254,46,0,177,253,59,2,107,252,227,6,77,253,115,249,242,187,1,35,0,224,0,205,0,80,0,34,0,16,0,12,0,11,
0,6,254,46,0,177,253,59,2,107,252,227,6,16,254,6,250,193,191,1,35,0,225,0,205,0,80,0,33,0,15,0,12,0,11,
0,231,253,23,0,158,253,59,2,107,252,227,6,173,255,196,248,163,189,1,35,0,224,0,204,0,80,0,34,0,16,0,12,0,11,
0,187,253,8,0,175,253,59,2,107,252,227,6,173,255,81,249,246,186,1,35,0,224,0,203,0,80,0,34,0,16,0,12,0,11,
0,187,253,8,0,156,253,234,1,154,252,244,5,239,253,81,249,246,186,1,35,0,223,0,203,0,80,0,33,0,16,0,12,0,11,
0,192,253,253,255,156,253,234,1,154,252,244,5,176,253,162,249,162,189,1,34,0,223,0,203,0,80,0,34,0,16,0,12,0,11,
0,196,253,243,255,164,253,234,1,154,252,244,5,31,254,233,249,242,190,1,34,0,223,0,203,0,80,0,33,0,15,0,12,0,11,
0,165,253,251,255,169,253,234,1,154,252,244,5,135,255,44,249,171,189,1,33,0,223,0,201,0,80,0,34,0,16,0,12,0,11,
0,165,253,251,255,158,253,234,1,154,252,244,5,135,255,44,249,53,186,1,33,0,223,0,200,0,79,0,33,0,15,0,11,0,11,
0,171,253,253,255,158,253,234,1,154,252,244,5,25,255,5,249,53,186,1,33,0,222,0,198,0,79,0,34,0,16,0,12,0,11,
0,196,253,8,0,130,253,234,1,154,252,244,5,30,254,90,249,15,188,1,33,0,221,0,197,0,78,0,33,0,16,0,12,0,11,
0,208,253,245,255,115,253,234,1,154,252,244,5,99,254,23,250,157,190,1,33,0,220,0,196,0,78,0,33,0,15,0,11,0,11,
0,208,253,245,255,115,253,234,1,154,252,244,5,99,255,132,249,190,189,1,33,0,220,0,195,0,78,0,33,0,16,0,12,0,11,
0,150,253,234,255,106,253,234,1,154,252,244,5,161,255,132,249,190,189,1,32,0,220,0,195,0,77,0,33,0,16,0,12,0,11,
0,98,253,227,255,94,253,12,2,130,252,114,6,197,254,189,248,234,185,1,31,0,220,0,193,0,77,0,33,0,16,0,12,0,11,
0,98,253,213,255,109,253,12,2,130,252,114,6,120,253,127,249,103,188,1,31,0,220,0,191,0,75,0,32,0,16,0,11,0,11,
0,98,253,213,255,109,253,12,2,130,252,114,6,133,254,96,249,127,190,1,31,0,219,0,189,0,76,0,32,0,17,0,12,0,11,
0,121,253,233,255,125,253,12,2,130,252,114,6,133,254,96,249,95,189,1,31,0,219,0,188,0,75,0,32,0,17,0,12,0,11,
0,134,253,235,255,123,253,12,2,130,252,114,6,65,255,73,249,95,189,1,30,0,218,0,187,0,74,0,32,0,16,0,12,0,11,
0,134,253,235,255,89,253,12,2,130,252,114,6,153,254,224,248,23,187,1,29,0,218,0,187,0,74,0,32,0,16,0,12,0,11,
0,125,253,237,255,89,253,12,2,130,252,114,6,45,254,254,248,205,187,1,29,0,218,0,187,0,73,0,31,0,16,0,12,0,11,
0,105,253,9,0,102,253,12,2,130,252,114,6,253,253,239,248,15,188,1,28,0,218,0,186,0,73,0,31,0,16,0,12,0,11,
0,80,253,243,255,95,253,12,2,130,252,114,6,253,253,239,248,15,188,1,27,0,217,0,186,0,73,0,31,0,16,0,12,0,11,
0,80,253,243,255,70,253,12,2,130,252,114,6,67,254,58,249,236,188,1,27,0,217,0,184,0,72,0,31,0,16,0,12,0,11,
0,71,253,228,255,70,253,12,2,131,252,118,6,250,254,193,248,57,188,1,26,0,216,0,183,0,72,0,31,0,16,0,12,0,11,
0,54,253,225,255,63,253,243,1,131,252,118,6,146,254,225,248,135,187,1,26,0,216,0,182,0,71,0,30,0,15,0,11,0,10,
0,28,253,205,255,77,253,243,1,131,252,118,6,146,254,193,248,231,187,1,24,0,215,0,181,0,71,0,31,0,16,0,12,0,11,
0,28,253,205,255,77,253,243,1,131,252,118,6,139,254,193,248,231,187,1,23,0,214,0,181,0,71,0,30,0,16,0,12,0,11,
0,244,252,169,255,96,253,243,1,131,252,118,6,155,253,214,248,59,188,1,23,0,215,0,181,0,70,0,30,0,15,0,11,0,11,
0,190,252,132,255,95,253,243,1,131,252,118,6,60,254,244,248,149,188,1,21,0,214,0,181,0,70,0,30,0,16,0,12,0,11,
0,172,252,143,255,88,253,243,1,131,252,118,6,131,254,162,248,213,187,1,20,0,215,0,181,0,69,0,30,0,16,0,12,0,11,
0,172,252,143,255,88,253,243,1,131,252,118,6,131,254,162,248,77,187,1,19,0,215,0,180,0,69,0,29,0,15,0,11,0,11,
0,209,252,150,255,64,253,243,1,131,252,118,6,49,254,194,248,77,187,1,18,0,214,0,178,0,69,0,30,0,16,0,12,0,11,
0,202,252,150,255,44,253,243,1,131,252,118,6,12,254,254,248,236,187,1,18,0,213,0,177,0,68,0,29,0,16,0,12,0,11,
0,202,252,150,255,47,253,243,1,131,252,118,6,100,255,194,248,83,188,1,16,0,212,0,176,0,68,0,29,0,15,0,12,0,11,
0,144,252,166,255,47,253,230,1,146,252,29,6,100,255,199,248,253,186,1,16,0,212,0,177,0,68,0,29,0,14,0,11,0,11,
0,72,252,157,255,31,253,230,1,146,252,29,6,123,254,199,248,253,186,1,14,0,212,0,177,0,68,0,29,0,16,0,12,0,11,
0,86,252,170,255,12,253,230,1,146,252,29,6,53,254,20,249,37,187,1,12,0,212,0,177,0,68,0,28,0,16,0,12,0,11,
0,86,252,170,255,16,253,230,1,146,252,29,6,2,254,35,249,239,187,1,11,0,211,0,176,0,68,0,29,0,16,0,12,0,11,
0,91,252,163,255,16,253,230,1,146,252,29,6,132,254,16,249,248,187,1,10,0,211,0,175,0,67,0,29,0,14,0,11,0,11,
0,58,252,158,255,0,253,230,1,146,252,29,6,132,254,16,249,134,186,1,9,0,211,0,175,0,67,0,28,0,13,0,11,0,11,
0,56,252,142,255,221,252,230,1,146,252,29,6,162,254,43,249,134,186,1,8,0,211,0,174,0,66,0,28,0,13,0,11,0,10,
0,56,252,142,255,221,252,230,1,146,252,29,6,83,254,50,249,150,186,1,8,0,210,0,174,0,67,0,28,0,14,0,12,0,11,
0,58,252,126,255,203,252,230,1,146,252,29,6,66,254,79,249,71,186,1,6,0,209,0,174,0,66,0,28,0,14,0,12,0,11,
0,72,252,144,255,211,252,230,1,146,252,29,6,138,254,107,249,227,187,1,5,0,209,0,175,0,66,0,28,0,13,0,11,0,11,
0,43,252,129,255,216,252,50,2,70,252,241,6,138,254,107,249,227,187,1,3,0,209,0,174,0,67,0,28,0,14,0,11,0,11,
0,43,252,129,255,216,252,50,2,70,252,241,6,46,254,142,249,171,187,1,3,0,209,0,175,0,65,0,23,0,12,0,11,0,11,
0,20,252,96,255,211,252,50,2,70,252,241,6,225,254,97,249,71,187,1,1,0,209,0,174,0,66,0,25,0,13,0,12,0,11,
0,213,251,84,255,219,252,50,2,70,252,241,6,247,254,55,249,75,186,1,0,0,209,0,174,0,65,0,25,0,13,0,11,0,11,
0,213,251,84,255,210,252,50,2,70,252,241,6,247,254,55,249,130,185,0,255,0,208,0,173,0,66,0,27,0,13,0,11,0,11,
0,159,251,73,255,210,252,50,2,70,252,241,6,254,254,132,249,130,185,0,255,0,207,0,174,0,65,0,26,0,13,0,11,0,11,
0,144,251,51,255,206,252,50,2,70,252,241,6,120,253,14,250,43,187,0,254,0,206,0,174,0,66,0,27,0,13,0,12,0,11,
0,183,251,39,255,198,252,50,2,70,252,241,6,211,254,197,249,6,189,0,253,0,206,0,174,0,65,0,27,0,13,0,11,0,11,
0,183,251,39,255,198,252,50,2,70,252,241,6,67,255,73,249,7,187,0,252,0,206,0,175,0,65,0,27,0,14,0,11,0,11,
0,187,251,14,255,185,252,50,2,70,252,241,6,67,255,73,249,7,187,0,251,0,206,0,174,0,66,0,27,0,14,0,11,0,11,
0,139,251,17,255,203,252,41,2,57,252,244,5,149,254,67,249,199,184,0,251,0,206,0,175,0,65,0,27,0,12,0,11,0,10,
0,109,251,5,255,213,252,41,2,57,252,244,5,24,254,195,249,194,186,0,250,0,205,0,174,0,66,0,28,0,14,0,11,0,11,
0,109,251,5,255,213,252,41,2,57,252,244,5,187,253,83,250,32,188,0,249,0,204,0,174,0,65,0,28,0,14,0,11,0,11,
0,112,251,28,255,193,252,41,2,57,252,244,5,187,253,192,249,225,187,0,249,0,204,0,174,0,65,0,27,0,13,0,12,0,11,
0,123,251,18,255,174,252,41,2,57,252,244,5,115,255,192,249,225,187,0,248,0,203,0,173,0,66,0,28,0,14,0,11,0,11,
0,89,251,18,255,168,252,41,2,57,252,244,5,117,255,137,249,35,186,0,248,0,203,0,174,0,65,0,27,0,13,0,11,0,10,
0,89,251,18,255,168,252,41,2,57,252,244,5,254,254,155,249,65,184,0,247,0,203,0,173,0,65,0,27,0,13,0,11,0,10,
0,68,251,23,255,182,252,41,2,57,252,244,5,243,253,50,250,166,186,0,246,0,201,0,173,0,66,0,28,0,14,0,11,0,11,
0,60,251,17,255,178,252,41,2,57,252,244,5,243,253,50,250,101,188,0,246,0,201,0,173,0,66,0,28,0,14,0,12,0,11,
0,60,251,17,255,179,252,41,2,57,252,244,5,113,255,24,250,101,188,0,244,0,202,0,173,0,65,0,27,0,13,0,11,0,10,
0,50,251,0,255,179,252,18,2,70,252,203,6,213,255,41,249,214,184,0,224,0,212,0,180,0,66,0,28,0,16,0,12,0,11,
0,93,251,255,254,180,252,18,2,70,252,203,6,146,247,63,225,18,185,0,135,0,235,0,207,0,68,0,27,0,12,0,11,0,10,
0,65,251,235,254,169,252,18,2,70,252,203,6,146,255,218,218,18,204,0,204,1,16,1,23,0,81,0,31,0,17,0,13,0,11,
0,65,251,235,254,169,252,18,2,70,252,203,6,135,255,218,218,18,204,1,90,1,70,1,87,0,96,0,39,0,19,0,13,0,12,
0,136,252,63,254,178,252,18,2,70,252,203,6,27,37,53,36,97,243,0,191,1,79,1,79,0,103,0,38,0,14,0,10,0,9,
0,10,254,71,253,255,252,18,2,70,252,203,6,10,18,90,216,7,244,0,132,1,78,1,74,0,109,0,40,0,15,0,11,0,9,
0,5,2,198,254,71,254,18,2,70,252,203,6,127,246,70,240,68,226,0,134,1,75,1,72,0,116,0,44,0,17,0,12,0,11,
0,5,2,198,254,71,254,18,2,70,252,203,6,127,246,70,240,194,59,0,135,1,60,1,30,0,118,0,47,0,22,0,14,0,12,
0,123,9,63,253,223,254,18,2,70,252,203,6,6,18,105,60,194,59,0,136,1,43,1,13,0,116,0,46,0,19,0,13,0,12,
0,187,20,28,248,180,255,18,2,70,252,203,6,213,21,66,82,90,40,0,138,0,248,0,208,0,107,0,45,0,20,0,12,0,13,
0,20,31,206,245,38,3,18,2,70,252,203,6,225,13,85,72,182,28,0,139,0,185,0,153,0,97,0,45,0,21,0,14,0,13,
0,20,31,206,245,38,3,43,2,130,252,165,6,208,255,34,19,77,11,0,143,0,153,0,139,0,87,0,43,0,19,0,14,0,12,
0,92,36,38,248,230,9,43,2,130,252,165,6,208,255,34,19,77,11,0,145,0,159,0,136,0,80,0,40,0,19,0,14,0,13,
0,147,35,255,250,119,14,43,2,130,252,165,6,113,246,102,253,34,10,0,148,0,180,0,134,0,74,0,38,0,20,0,15,0,14,
0,147,35,255,250,173,13,43,2,130,252,165,6,12,248,131,252,140,2,0,161,0,186,0,133,0,69,0,36,0,19,0,14,0,12,
0,201,29,68,250,173,13,43,2,130,252,165,6,73,235,111,2,103,228,0,190,0,154,0,133,0,63,0,32,0,16,0,12,0,11,
0,39,21,23,249,8,8,43,2,130,252,165,6,73,235,34,9,89,206,0,224,0,136,0,132,0,61,0,31,0,16,0,13,0,12,
0,187,10,197,250,29,1,43,2,130,252,165,6,29,231,34,9,89,206,1,1,0,133,0,132,0,58,0,29,0,15,0,12,0,12,
0,187,10,197,250,29,1,43,2,130,252,165,6,101,224,155,8,17,192,1,16,0,133,0,133,0,56,0,27,0,15,0,12,0,11,
0,155,255,66,255,176,251,43,2,130,252,165,6,40,226,126,2,80,181,1,22,0,133,0,135,0,54,0,27,0,15,0,12,0,11,
0,184,245,22,4,117,248,43,2,130,252,165,6,146,232,184,254,91,176,1,26,0,135,0,142,0,52,0,24,0,12,0,11,0,11,
0,80,239,93,7,64,246,25,2,193,252,184,6,146,232,184,254,249,166,1,14,0,134,1,33,0,68,0,26,0,12,0,11,0,11,
0,80,239,93,7,64,246,25,2,193,252,184,6,163,244,233,249,249,166,0,248,0,136,1,85,0,84,0,29,0,16,0,12,0,11,
0,26,237,14,8,54,245,25,2,193,252,184,6,138,1,127,244,21,153,0,230,0,136,1,82,0,96,0,33,0,16,0,12,0,11,
0,253,237,220,5,42,245,25,2,193,252,184,6,149,14,188,240,1,146,0,215,0,139,1,80,0,104,0,34,0,15,0,11,0,10,
0,22,241,195,0,229,245,25,2,193,252,184,6,149,14,106,239,182,141,0,205,0,142,1,77,0,111,0,38,0,15,0,11,0,10,
0,22,241,195,0,229,245,25,2,193,252,184,6,124,22,106,239,182,141,0,201,0,149,1,74,0,117,0,41,0,16,0,11,0,10,
0,202,245,247,249,228,246,25,2,193,252,184,6,15,26,18,240,37,142,0,198,0,164,1,66,0,121,0,43,0,17,0,12,0,10,
0,109,251,220,242,133,248,25,2,193,252,184,6,207,24,251,240,23,146,0,197,0,209,1,52,0,122,0,45,0,19,0,11,0,10,
0,109,251,220,242,167,250,25,2,193,252,184,6,91,18,88,246,180,146,0,196,1,14,1,20,0,121,0,47,0,21,0,13,0,11,
0,103,1,204,236,167,250,25,2,193,252,184,6,91,18,88,246,239,152,0,197,1,86,0,240,0,116,0,48,0,22,0,13,0,11,
0,16,7,39,233,240,252,48,2,214,252,191,6,3,9,147,241,239,152,0,190,1,85,0,184,0,105,0,46,0,20,0,12,0,10,
0,85,11,246,231,148,254,48,2,214,252,191,6,57,255,164,245,127,166,0,191,1,72,0,140,0,95,0,44,0,19,0,13,0,11,
0,85,11,246,231,148,254,48,2,214,252,191,6,2,249,130,247,152,174,0,197,1,71,0,133,0,86,0,43,0,20,0,14,0,11,
0,180,13,187,233,101,0,48,2,214,252,191,6,248,242,147,246,127,194,0,204,1,69,0,133,0,78,0,40,0,19,0,13,0,11,
0,48,14,203,237,99,2,48,2,214,252,191,6,248,242,147,246,127,194,0,215,1,69,0,133,0,71,0,36,0,17,0,12,0,11,
0,131,13,81,243,62,3,48,2,214,252,191,6,240,236,196,249,70,211,0,225,1,63,0,132,0,67,0,36,0,18,0,13,0,11,
0,131,13,81,243,62,3,48,2,214,252,191,6,122,235,206,252,248,219,0,236,1,57,0,132,0,63,0,34,0,17,0,13,0,11,
0,253,11,41,249,255,2,48,2,214,252,191,6,98,235,249,254,195,225,0,243,1,54,0,133,0,60,0,31,0,16,0,13,0,11,
0,244,9,214,254,253,1,48,2,214,252,191,6,98,235,249,255,236,223,0,249,1,49,0,134,0,57,0,29,0,16,0,12,0,12,
0,184,7,214,3,24,1,48,2,214,252,191,6,48,238,144,255,236,223,1,0,1,46,0,135,0,55,0,27,0,14,0,12,0,11,
0,184,7,144,3,24,1,131,2,22,253,191,6,87,246,180,251,91,218,1,8,1,39,0,135,0,54,0,27,0,14,0,12,0,11,
0,61,5,183,6,204,0,131,2,22,253,191,6,1,253,232,247,122,208,1,18,1,34,0,136,0,53,0,25,0,14,0,12,0,12,
0,243,2,52,8,194,0,131,2,22,253,191,6,182,1,29,244,164,200,1,31,1,33,0,136,0,51,0,24,0,13,0,12,0,12,
0,243,2,52,8,22,1,131,2,22,253,191,6,182,1,29,244,164,200,1,45,1,31,0,137,0,51,0,24,0,13,0,11,0,11,
0,24,1,254,7,22,1,131,2,22,253,191,6,210,4,123,239,248,196,1,63,1,31,0,139,0,51,0,23,0,13,0,11,0,10,
0,206,255,4,6,187,1,131,2,22,253,191,6,79,7,46,235,20,193,1,72,1,31,0,142,0,52,0,23,0,13,0,12,0,11,
0,233,254,202,2,93,2,131,2,22,253,191,6,115,6,184,232,115,190,1,72,1,32,0,148,0,52,0,23,0,14,0,11,0,11,
0,233,254,202,2,93,2,131,2,22,253,191,6,115,6,66,232,240,189,1,67,1,33,0,160,0,54,0,23,0,12,0,11,0,11,
0,94,254,229,254,162,2,131,2,22,253,191,6,4,4,66,232,240,189,1,64,1,30,0,185,0,58,0,25,0,15,0,11,0,11,
0,208,253,65,251,192,2,131,2,22,253,191,6,239,2,74,232,226,191,1,66,1,30,0,233,0,65,0,25,0,12,0,11,0,11,
0,121,253,105,248,164,2,131,2,22,253,191,6,48,3,162,232,248,190,1,92,1,31,1,66,0,80,0,28,0,12,0,11,0,11,
0,121,253,105,248,164,2,101,2,27,253,170,6,192,0,28,235,109,190,1,89,1,33,1,80,0,95,0,33,0,17,0,12,0,11,
0,45,253,118,246,94,2,101,2,27,253,170,6,192,0,28,235,94,189,1,75,1,36,1,75,0,104,0,35,0,15,0,12,0,11,
0,29,253,124,245,31,2,101,2,27,253,170,6,92,0,27,237,94,189,1,72,1,38,1,73,0,110,0,38,0,16,0,12,0,11,
0,244,252,124,245,206,1,101,2,27,253,170,6,203,1,157,240,174,191,1,72,1,40,1,72,0,116,0,41,0,17,0,12,0,11,
0,244,252,143,245,206,1,101,2,27,253,170,6,159,2,86,243,142,188,1,70,1,39,1,72,0,121,0,44,0,18,0,13,0,11,
0,162,252,175,246,108,1,101,2,27,253,170,6,159,2,154,246,54,189,1,69,1,36,1,68,0,125,0,47,0,19,0,13,0,11,
0,127,252,80,248,15,1,101,2,27,253,170,6,10,1,154,246,54,189,1,69,1,35,1,67,0,127,0,49,0,20,0,13,0,12,
0,127,252,80,248,212,0,101,2,27,253,170,6,13,2,118,248,18,194,1,67,1,32,1,68,0,130,0,51,0,21,0,14,0,11,
0,105,252,241,249,212,0,101,2,27,253,170,6,76,4,169,248,20,192,1,67,1,30,1,68,0,131,0,52,0,21,0,13,0,11,
0,66,252,139,251,164,0,101,2,27,253,170,6,224,4,233,249,185,189,1,67,1,27,1,66,0,133,0,54,0,22,0,14,0,12,
0,68,252,246,252,164,0,166,2,211,252,118,6,224,4,233,249,199,190,1,67,1,28,1,65,0,134,0,55,0,23,0,14,0,12,
0,68,252,246,252,164,0,166,2,211,252,118,6,208,4,64,251,199,190,1,66,1,29,1,65,0,135,0,55,0,23,0,14,0,12,
0,74,252,250,253,208,0,166,2,211,252,118,6,124,3,171,251,121,190,1,66,1,30,1,64,0,135,0,56,0,23,0,14,0,11,
0,78,252,110,254,36,1,166,2,211,252,118,6,128,2,152,251,146,190,1,64,1,31,1,63,0,136,0,57,0,26,0,15,0,12,
0,148,252,75,254,131,1,166,2,211,252,118,6,224,0,80,251,38,189,1,64,1,33,1,62,0,136,0,57,0,25,0,15,0,11,
0,148,252,75,254,131,1,166,2,211,252,118,6,224,0,80,251,38,189,1,63,1,33,1,59,0,136,0,57,0,26,0,16,0,12,
0,255,252,196,253,203,1,166,2,211,252,118,6,63,255,161,251,25,186,1,63,1,33,1,56,0,134,0,57,0,25,0,15,0,12,
0,83,253,22,253,248,1,166,2,211,252,118,6,82,252,157,250,232,185,1,62,1,31,1,51,0,134,0,58,0,25,0,16,0,12,
0,168,253,22,253,32,2,166,2,211,252,118,6,32,250,204,248,201,187,1,62,1,29,1,45,0,132,0,52,0,22,0,15,0,12,
0,168,253,81,252,32,2,166,2,211,252,118,6,32,250,150,246,110,188,1,60,1,25,1,36,0,131,0,54,0,23,0,16,0,13,
0,162,253,111,251,243,1,122,2,231,252,182,5,97,249,150,246,110,188,1,59,1,20,1,26,0,128,0,56,0,25,0,16,0,13,
0,156,253,94,250,142,1,122,2,231,252,182,5,149,248,105,245,235,187,1,59,1,14,1,15,0,125,0,55,0,23,0,16,0,12,
0,156,253,94,250,40,1,122,2,231,252,182,5,28,247,124,244,75,188,1,59,1,7,1,1,0,121,0,55,0,23,0,15,0,12,
0,107,253,150,249,40,1,122,2,231,252,182,5,131,246,90,243,122,189,1,60,1,0,0,244,0,117,0,53,0,25,0,15,0,12,
0,25,253,253,248,169,0,122,2,231,252,182,5,131,246,90,243,122,190,1,60,0,248,0,228,0,112,0,52,0,23,0,15,0,12,
0,198,252,105,248,92,0,122,2,231,252,182,5,80,246,207,242,163,190,1,60,0,240,0,213,0,106,0,51,0,24,0,15,0,12,
0,198,252,105,248,92,0,122,2,231,252,182,5,234,245,0,243,134,188,1,61,0,232,0,198,0,101,0,49,0,22,0,15,0,12,
0,124,252,225,247,20,0,122,2,231,252,182,5,47,244,103,244,154,188,1,61,0,223,0,184,0,94,0,47,0,23,0,14,0,11,
0,27,252,122,247,196,255,122,2,231,252,182,5,47,244,128,244,109,188,1,61,0,215,0,171,0,87,0,43,0,19,0,13,0,11,
0,189,251,78,247,118,255,122,2,231,252,182,5,249,243,128,244,109,188,1,60,0,208,0,161,0,82,0,41,0,19,0,13,0,10,
0,189,251,78,247,118,255,168,2,171,252,242,6,170,242,57,244,72,185,1,59,0,202,0,153,0,77,0,39,0,21,0,13,0,11,
0,148,251,102,247,26,255,168,2,171,252,242,6,90,240,158,244,67,184,1,59,0,198,0,148,0,72,0,36,0,19,0,13,0,11,
0,175,251,218,247,210,254,168,2,171,252,242,6,224,237,116,245,3,183,1,59,0,196,0,144,0,67,0,33,0,17,0,12,0,11,
0,175,251,218,247,144,254,168,2,171,252,242,6,224,237,116,245,222,183,1,58,0,193,0,142,0,64,0,32,0,16,0,12,0,11,
0,161,251,158,248,144,254,168,2,171,252,242,6,98,237,88,245,222,183,1,58,0,193,0,140,0,61,0,30,0,14,0,12,0,10,
0,139,251,214,249,39,254,168,2,171,252,242,6,222,236,101,245,238,179,1,57,0,192,0,138,0,59,0,29,0,14,0,12,0,11,
0,152,251,103,251,173,253,168,2,171,252,242,6,169,235,179,246,50,180,1,58,0,193,0,137,0,57,0,27,0,14,0,12,0,11,
0,152,251,103,251,69,253,168,2,171,252,242,6,115,236,24,248,242,182,1,57,0,194,0,136,0,55,0,26,0,13,0,11,0,11,
0,177,251,186,252,69,253,168,2,171,252,242,6,115,236,24,248,242,182,1,57,0,195,0,136,0,53,0,25,0,12,0,11,0,10,
0,194,251,238,253,237,252,168,2,171,252,242,6,47,239,73,249,104,182,1,57,0,194,0,136,0,52,0,24,0,13,0,11,0,11,
0,239,251,250,254,183,252,168,2,171,252,242,6,37,239,254,249,25,178,1,57,0,194,0,136,0,52,0,28,0,14,0,11,0,10,
0,239,251,250,254,183,252,243,2,190,252,51,6,250,237,99,252,148,181,1,57,0,194,0,136,0,51,0,26,0,13,0,11,0,10,
0,60,252,205,255,152,252,243,2,190,252,51,6,250,237,99,253,199,184,1,57,0,193,0,136,0,50,0,25,0,13,0,11,0,10,
0,147,252,128,0,126,252,243,2,190,252,51,6,2,238,115,253,199,184,1,55,0,192,0,136,0,50,0,24,0,13,0,11,0,11,
0,185,252,22,1,118,252,243,2,190,252,51,6,198,237,8,253,149,180,1,55,0,192,0,136,0,49,0,23,0,12,0,11,0,10,
0,185,252,22,1,118,252,243,2,190,252,51,6,114,235,61,253,85,179,1,53,0,192,0,136,0,50,0,23,0,13,0,11,0,11,
0,199,252,242,1,38,252,243,2,190,252,51,6,59,234,127,254,99,183,1,52,0,193,0,136,0,49,0,23,0,12,0,11,0,11,
0,182,252,43,3,206,251,243,2,190,252,51,6,59,234,127,254,99,183,1,51,0,195,0,137,0,48,0,22,0,11,0,11,0,10,
0,182,252,43,3,148,251,243,2,190,252,51,6,72,237,56,254,34,182,1,49,0,196,0,137,0,49,0,23,0,12,0,11,0,11,
0,181,252,129,4,148,251,243,2,190,252,51,6,17,237,47,255,160,179,1,49,0,200,0,138,0,49,0,22,0,11,0,11,0,10,
0,213,252,211,5,93,251,243,2,190,252,51,6,149,239,58,0,60,184,1,47,0,203,0,139,0,49,0,22,0,12,0,11,0,11,
0,2,253,11,7,49,251,200,2,202,252,46,6,149,239,143,0,90,181,1,47,0,207,0,140,0,49,0,22,0,12,0,11,0,11,
0,2,253,11,7,29,251,200,2,202,252,46,6,19,241,143,0,90,181,1,46,0,210,0,142,0,50,0,23,0,12,0,11,0,11,
0,73,253,41,8,29,251,200,2,202,252,46,6,121,242,246,1,167,181,1,46,0,214,0,145,0,49,0,22,0,13,0,11,0,10,
0,122,253,2,9,22,251,200,2,202,252,46,6,59,244,144,2,179,183,1,44,0,218,0,149,0,51,0,23,0,14,0,11,0,11,
0,182,253,186,9,10,251,200,2,202,252,46,6,86,245,40,2,210,181,1,43,0,222,0,155,0,52,0,23,0,13,0,11,0,11,
0,182,253,186,9,10,251,200,2,202,252,46,6,86,245,40,2,117,182,1,41,0,226,0,163,0,54,0,23,0,12,0,11,0,11,
0,7,254,77,10,18,251,200,2,202,252,46,6,195,244,203,1,117,182,1,38,0,230,0,174,0,57,0,23,0,12,0,11,0,11,
0,78,254,217,10,34,251,200,2,202,252,46,6,24,245,120,1,119,183,1,36,0,235,0,185,0,59,0,24,0,13,0,11,0,10,
0,176,254,130,11,19,251,200,2,202,252,46,6,180,246,40,1,91,185,1,33,0,238,0,197,0,63,0,25,0,11,0,11,0,11,
0,176,254,130,11,19,251,200,2,202,252,46,6,180,246,238,255,255,182,1,29,0,243,0,208,0,67,0,27,0,15,0,12,0,11,
0,161,254,83,12,237,250,96,2,177,252,2,7,154,248,238,255,255,182,1,27,0,247,0,220,0,72,0,28,0,15,0,12,0,11,
0,133,254,60,13,203,250,96,2,177,252,2,7,129,249,36,0,93,185,1,23,0,251,0,232,0,76,0,29,0,13,0,12,0,11,
0,133,254,60,13,214,250,96,2,177,252,2,7,61,251,202,0,154,187,1,22,1,0,0,245,0,80,0,30,0,16,0,12,0,11,
0,146,254,218,13,214,250,96,2,177,252,2,7,249,254,170,0,109,188,1,19,1,3,1,1,0,86,0,32,0,14,0,12,0,11,
0,167,254,29,14,218,250,96,2,177,252,2,7,249,254,170,0,211,184,1,16,1,6,1,12,0,91,0,34,0,16,0,12,0,11,
0,140,254,65,14,211,250,96,2,177,252,2,7,83,1,249,255,211,184,1,15,1,9,1,23,0,96,0,36,0,18,0,13,0,11,
0,140,254,65,14,211,250,96,2,177,252,2,7,79,2,112,0,144,187,1,13,1,11,1,33,0,102,0,38,0,16,0,13,0,11,
0,110,254,38,14,243,250,96,2,177,252,2,7,103,4,212,255,175,189,1,11,1,13,1,42,0,107,0,40,0,17,0,13,0,12,
0,114,254,154,13,3,251,96,2,177,252,2,7,29,6,35,254,197,187,1,10,1,16,1,50,0,111,0,42,0,19,0,13,0,11,
0,131,254,2,13,19,251,96,2,177,252,2,7,29,6,35,254,197,187,1,8,1,16,1,55,0,116,0,44,0,21,0,14,0,12,
0,131,254,2,13,19,251,22,2,181,252,29,7,53,6,235,252,109,186,1,7,1,18,1,57,0,119,0,46,0,21,0,14,0,12,
0,146,254,64,12,255,250,22,2,181,252,29,7,43,6,90,252,107,188,1,5,1,20,1,58,0,122,0,48,0,21,0,14,0,12,
0,122,254,205,11,209,250,22,2,181,252,29,7,184,7,79,251,232,189,1,5,1,23,1,59,0,124,0,49,0,21,0,13,0,11,
0,80,254,106,11,204,250,22,2,181,252,29,7,184,7,11,250,117,188,1,4,1,24,1,58,0,127,0,51,0,23,0,14,0,12,
0,80,254,106,11,204,250,22,2,181,252,29,7,75,10,11,250,117,188,1,3,1,27,1,57,0,128,0,55,0,23,0,14,0,12,
0,25,254,211,10,219,250,22,2,181,252,29,7,9,12,43,249,243,186,1,2,1,30,1,56,0,129,0,55,0,23,0,14,0,12,
0,238,253,48,10,215,250,22,2,181,252,29,7,74,12,16,249,127,186,1,2,1,33,1,56,0,129,0,54,0,23,0,14,0,11,
0,238,253,48,10,218,250,22,2,181,252,29,7,163,14,19,249,169,188,1,0,1,34,1,55,0,131,0,55,0,24,0,15,0,12,
0,224,253,106,9,218,250,22,2,181,252,29,7,163,14,19,249,169,187,1,0,1,36,1,54,0,130,0,55,0,23,0,14,0,12,
0,169,253,110,8,10,251,22,2,181,252,29,7,227,15,241,247,0,187,0,254,1,37,1,52,0,131,0,56,0,25,0,15,0,12,
0,124,253,69,7,104,251,211,1,172,252,117,6,19,16,223,246,61,185,0,254,1,38,1,50,0,131,0,56,0,26,0,16,0,12,
0,124,253,69,7,104,251,211,1,172,252,117,6,4,15,190,245,94,187,0,252,1,39,1,48,0,131,0,57,0,25,0,16,0,12,
0,105,253,49,6,186,251,211,1,172,252,117,6,4,15,124,244,224,186,0,251,1,40,1,46,0,130,0,55,0,23,0,15,0,12,
0,43,253,46,5,1,252,211,1,172,252,117,6,149,14,124,244,224,186,0,249,1,41,1,43,0,129,0,56,0,23,0,15,0,12,
0,224,252,20,4,50,252,211,1,172,252,117,6,154,15,82,244,24,187,0,247,1,41,1,41,0,129,0,57,0,25,0,15,0,12,
0,224,252,20,4,50,252,211,1,172,252,117,6,215,14,155,243,177,186,0,246,1,41,1,38,0,128,0,59,0,25,0,16,0,12,
0,193,252,60,3,132,252,211,1,172,252,117,6,215,13,188,243,180,185,0,245,1,42,1,36,0,127,0,58,0,25,0,16,0,12,
0,133,252,98,2,21,253,211,1,172,252,117,6,215,13,188,243,59,187,0,245,1,44,1,34,0,126,0,57,0,24,0,15,0,12,
0,69,252,111,1,162,253,211,1,172,252,117,6,29,12,9,245,59,187,0,244,1,44,1,31,0,126,0,57,0,27,0,16,0,12,
0,69,252,111,1,162,253,211,1,172,252,117,6,210,11,80,246,67,188,0,244,1,45,1,27,0,124,0,56,0,26,0,16,0,12,
0,43,252,104,0,78,254,211,1,172,252,117,6,41,7,183,247,97,184,0,247,1,45,1,21,0,122,0,55,0,26,0,16,0,12,
0,57,252,123,255,29,255,247,1,120,252,141,6,21,254,88,254,22,188,0,249,1,45,1,13,0,120,0,54,0,23,0,15,0,12,
0,57,252,123,255,159,0,247,1,120,252,141,6,21,254,88,254,22,188,1,0,1,46,1,7,0,118,0,53,0,22,0,14,0,11,
0,103,252,186,254,159,0,247,1,120,252,141,6,144,253,77,252,46,188,1,3,1,46,1,0,0,116,0,52,0,23,0,15,0,12,
0,210,252,149,254,81,2,247,1,120,252,141,6,23,251,44,251,24,186,1,6,1,46,0,252,0,113,0,51,0,24,0,14,0,11,
0,120,253,242,254,223,2,247,1,120,252,141,6,207,249,101,253,192,185,1,9,1,43,0,247,0,110,0,50,0,23,0,14,0,11,
0,120,253,242,254,223,2,247,1,120,252,141,6,207,249,101,255,251,188,1,12,1,41,0,239,0,108,0,49,0,21,0,14,0,11,
0,9,254,167,255,178,2,247,1,120,252,141,6,121,250,37,255,251,188,1,16,1,40,0,234,0,104,0,47,0,20,0,13,0,11,
0,80,254,88,0,124,2,247,1,120,252,141,6,15,253,205,253,59,188,1,21,1,36,0,231,0,102,0,46,0,20,0,13,0,11,
0,89,254,160,0,121,2,247,1,120,252,141,6,34,252,209,252,44,185,1,25,1,33,0,229,0,101,0,45,0,20,0,13,0,11,
0,89,254,160,0,121,2,247,1,120,252,141,6,65,251,239,252,67,184,1,29,1,30,0,228,0,99,0,45,0,20,0,14,0,11,
0,129,254,202,0,128,2,238,1,155,252,247,5,65,251,239,252,67,184,1,31,1,28,0,226,0,97,0,44,0,20,0,13,0,11,
0,202,254,240,0,66,2,238,1,155,252,247,5,255,249,205,252,185,185,1,33,1,26,0,224,0,95,0,42,0,19,0,13,0,11,
0,229,254,9,1,195,1,238,1,155,252,247,5,127,250,209,252,126,186,1,35,1,24,0,223,0,94,0,42,0,20,0,13,0,11,
0,229,254,9,1,195,1,238,1,155,252,247,5,237,250,15,252,60,184,1,34,1,23,0,222,0,94,0,42,0,21,0,14,0,11,
0,241,254,22,1,32,1,238,1,155,252,247,5,237,250,207,251,57,183,1,34,1,22,0,222,0,92,0,40,0,20,0,13,0,11,
0,196,254,53,1,138,0,238,1,155,252,247,5,169,249,207,251,57,183,1,31,1,20,0,220,0,91,0,35,0,19,0,14,0,12,
0,196,254,53,1,255,255,238,1,155,252,247,5,9,249,49,252,244,183,1,29,1,19,0,221,0,90,0,35,0,17,0,13,0,11,
0,125,254,142,1,255,255,238,1,155,252,247,5,232,249,154,251,111,187,1,26,1,19,0,222,0,90,0,36,0,17,0,13,0,11,
0,61,254,208,1,123,255,238,1,155,252,247,5,244,251,184,250,109,185,1,22,1,18,0,224,0,90,0,37,0,16,0,13,0,12,
0,254,253,73,2,22,255,238,1,155,252,247,5,244,251,184,250,181,183,1,18,1,18,0,229,0,91,0,37,0,16,0,13,0,11,
0,254,253,73,2,22,255,182,1,163,252,108,7,30,252,143,250,181,183,1,13,1,18,0,234,0,92,0,38,0,17,0,12,0,11,
0,175,253,106,2,190,254,182,1,163,252,108,7,251,251,220,250,21,187,1,8,1,18,0,241,0,92,0,38,0,18,0,12,0,11,
0,94,253,94,2,101,254,182,1,163,252,108,7,80,255,224,249,155,187,1,1,1,17,0,248,0,95,0,39,0,19,0,13,0,12,
0,39,253,60,2,69,254,182,1,163,252,108,7,80,255,114,249,67,183,0,251,1,16,0,255,0,97,0,40,0,19,0,13,0,11,
0,39,253,60,2,69,254,182,1,163,252,108,7,229,254,114,249,67,183,0,246,1,16,1,6,0,99,0,40,0,17,0,13,0,11,
0,221,252,208,1,76,254,182,1,163,252,108,7,41,253,33,250,221,184,0,239,1,16,1,14,0,101,0,40,0,17,0,12,0,11,
0,193,252,105,1,75,254,182,1,163,252,108,7,227,253,233,249,57,187,0,232,1,15,1,20,0,105,0,42,0,20,0,13,0,12,
0,190,252,47,1,75,254,182,1,163,252,108,7,31,255,41,248,204,184,0,227,1,16,1,28,0,107,0,42,0,19,0,13,0,11,
0,190,252,47,1,75,254,182,1,163,252,108,7,31,255,41,248,177,182,0,220,1,16,1,34,0,110,0,44,0,19,0,14,0,12,
0,174,252,51,1,68,254,182,1,163,252,108,7,200,252,102,248,177,182,0,214,1,17,1,40,0,113,0,45,0,19,0,14,0,12,
0,149,252,53,1,49,254,224,1,74,252,181,6,156,253,196,248,112,185,0,207,1,18,1,44,0,116,0,47,0,20,0,13,0,11,
0,149,252,53,1,25,254,224,1,74,252,181,6,149,254,198,248,26,186,0,201,1,20,1,48,0,118,0,47,0,22,0,13,0,11,
0,160,252,111,1,25,254,224,1,74,252,181,6,34,0,58,248,162,183,0,195,1,22,1,51,0,121,0,49,0,22,0,14,0,11,
0,128,252,194,1,36,254,224,1,74,252,181,6,34,0,58,248,162,183,0,189,1,23,1,52,0,123,0,50,0,23,0,15,0,12,
0,159,252,201,1,25,254,224,1,74,252,181,6,94,0,159,248,246,182,0,183,1,25,1,53,0,125,0,51,0,23,0,14,0,12,
0,159,252,201,1,25,254,224,1,74,252,181,6,183,255,120,249,107,185,0,177,1,27,1,53,0,126,0,52,0,23,0,15,0,11,
0,197,252,213,1,14,254,224,1,74,252,181,6,11,1,81,249,213,187,0,172,1,29,1,53,0,126,0,52,0,23,0,14,0,11,
0,222,252,183,1,16,254,224,1,74,252,181,6,11,1,165,248,161,185,0,168,1,30,1,53,0,128,0,60,0,23,0,14,0,11,
0,221,252,159,1,18,254,224,1,74,252,181,6,139,1,165,248,161,185,0,163,1,31,1,52,0,129,0,59,0,25,0,14,0,12,
0,221,252,159,1,18,254,224,1,74,252,181,6,16,0,191,248,3,185,0,160,1,33,1,51,0,129,0,58,0,25,0,15,0,12,
0,219,252,130,1,20,254,224,1,74,252,181,6,248,254,50,249,241,186,0,157,1,34,1,50,0,129,0,57,0,25,0,15,0,11,
0,221,252,106,1,16,254,243,1,74,252,159,6,51,255,45,249,142,189,0,155,1,36,1,49,0,129,0,57,0,25,0,15,0,12,
0,242,252,106,1,224,253,243,1,74,252,159,6,51,255,45,249,142,188,0,154,1,38,1,47,0,129,0,57,0,23,0,14,0,11,
0,242,252,122,1,224,253,243,1,74,252,159,6,110,0,175,248,91,188,0,153,1,39,1,46,0,129,0,57,0,24,0,15,0,12,
0,223,252,173,1,228,253,243,1,74,252,159,6,112,255,228,248,175,185,0,152,1,40,1,44,0,129,0,57,0,24,0,15,0,12,
0,228,252,193,1,224,253,243,1,74,252,159,6,123,254,209,249,197,187,0,152,1,41,1,41,0,128,0,59,0,24,0,15,0,11,
0,228,252,193,1,190,253,243,1,74,252,159,6,123,254,43,250,225,190,0,152,1,43,1,40,0,127,0,57,0,24,0,15,0,11,
0,12,253,199,1,190,253,243,1,74,252,159,6,66,0,43,250,225,190,0,153,1,43,1,37,0,127,0,57,0,25,0,15,0,12,
0,42,253,169,1,159,253,243,1,74,252,159,6,205,1,90,250,175,189,0,153,1,43,1,34,0,126,0,57,0,25,0,15,0,12,
0,97,253,117,1,159,253,243,1,74,252,159,6,148,1,59,250,181,186,0,154,1,42,1,31,0,125,0,56,0,26,0,16,0,12,
0,97,253,117,1,159,253,243,1,74,252,159,6,222,0,104,250,227,188,0,155,1,42,1,28,0,124,0,55,0,26,0,15,0,11,
0,114,253,11,1,229,253,174,1,114,252,214,6,222,0,104,250,215,190,0,156,1,42,1,25,0,122,0,55,0,25,0,15,0,11,
0,101,253,151,0,43,254,174,1,114,252,214,6,4,0,79,250,215,190,0,157,1,40,1,21,0,121,0,54,0,25,0,16,0,12,
0,93,253,100,0,30,254,174,1,114,252,214,6,138,1,174,249,236,190,0,158,1,40,1,17,0,120,0,54,0,25,0,16,0,12,
0,93,253,100,0,30,254,174,1,114,252,214,6,105,1,92,248,136,187,0,159,1,40,1,14,0,119,0,53,0,23,0,15,0,12,
0,80,253,83,0,252,253,174,1,114,252,214,6,105,0,143,248,37,187,0,161,1,39,1,11,0,116,0,52,0,22,0,14,0,11,
0,29,253,44,0,224,253,174,1,114,252,214,6,123,0,143,248,37,187,0,161,1,38,1,8,0,116,0,52,0,23,0,15,0,12,
0,251,252,44,0,220,253,174,1,114,252,214,6,24,1,13,249,185,190,0,162,1,38,1,5,0,114,0,51,0,22,0,14,0,11,
0,251,252,6,0,220,253,174,1,114,252,214,6,133,2,26,249,237,190,0,162,1,37,1,2,0,113,0,51,0,23,0,14,0,12,
0,234,252,251,255,219,253,174,1,114,252,214,6,30,3,121,248,160,188,0,163,1,36,1,0,0,111,0,49,0,22,0,14,0,12,
0,192,252,251,255,224,253,174,1,114,252,214,6,30,3,121,248,57,187,0,162,1,35,0,253,0,110,0,49,0,23,0,14,0,11,
0,192,252,251,255,194,253,205,1,85,252,219,6,43,3,195,248,57,187,0,163,1,35,0,252,0,108,0,47,0,22,0,14,0,12,
0,162,252,198,255,194,253,205,1,85,252,219,6,48,3,244,248,67,189,0,162,1,33,0,250,0,107,0,47,0,22,0,14,0,11,
0,119,252,150,255,169,253,205,1,85,252,219,6,244,2,3,249,205,188,0,161,1,32,0,248,0,106,0,47,0,22,0,14,0,12,
0,79,252,132,255,190,253,205,1,85,252,219,6,236,2,224,248,254,187,0,160,1,31,0,247,0,105,0,47,0,22,0,14,0,11,
0,79,252,132,255,190,253,205,1,85,252,219,6,236,2,224,248,254,187,0,160,1,31,0,247,0,104,0,46,0,21,0,14,0,11,
0,19,252,82,255,160,253,205,1,85,252,219,6,75,2,159,248,142,189,0,159,1,30,0,247,0,103,0,45,0,21,0,13,0,11,
0,14,252,51,255,151,253,205,1,85,252,219,6,247,2,81,248,27,189,0,158,1,30,0,247,0,103,0,45,0,20,0,13,0,11,
0,228,251,55,255,156,253,205,1,85,252,219,6,176,2,109,248,54,187,0,157,1,30,0,247,0,103,0,45,0,21,0,14,0,12,
0,228,251,55,255,156,253,205,1,85,252,219,6,176,2,31,249,213,187,0,156,1,30,0,248,0,103,0,45,0,21,0,14,0,12,
0,196,251,69,255,154,253,205,1,85,252,219,6,253,1,31,249,213,187,0,155,1,30,0,249,0,102,0,44,0,20,0,13,0,11,
0,225,251,76,255,159,253,140,1,60,252,55,6,21,2,51,249,133,188,0,155,1,31,0,250,0,102,0,44,0,20,0,14,0,12,
0,221,251,76,255,212,253,140,1,60,252,55,6,212,2,146,249,243,189,0,154,1,32,0,251,0,102,0,43,0,20,0,13,0,11,
0,221,251,72,255,212,253,140,1,60,252,55,6,58,3,111,249,93,188,0,152,1,32,0,252,0,103,0,44,0,20,0,14,0,11,
0,204,251,86,255,247,253,140,1,60,252,55,6,58,3,111,249,167,186,0,151,1,32,0,254,0,104,0,44,0,20,0,14,0,12,
0,244,251,74,255,4,254,140,1,60,252,55,6,43,2,67,249,167,186,0,151,1,32,0,255,0,104,0,44,0,20,0,14,0,11,
0,244,251,74,255,19,254,140,1,60,252,55,6,252,0,155,249,55,188,0,151,1,33,1,0,0,104,0,43,0,18,0,13,0,11,
0,237,251,50,255,19,254,140,1,60,252,55,6,230,0,207,249,116,190,0,150,1,33,1,1,0,105,0,45,0,20,0,14,0,12,
0,217,251,8,255,14,254,140,1,60,252,55,6,230,0,210,248,169,188,0,150,1,33,1,2,0,105,0,44,0,19,0,13,0,12,
0,235,251,3,255,3,254,140,1,60,252,55,6,157,1,210,248,169,188,0,150,1,34,1,4,0,105,0,44,0,20,0,13,0,12,
0,235,251,3,255,3,254,140,1,60,252,55,6,132,0,242,248,43,186,0,149,1,35,1,4,0,105,0,44,0,19,0,13,0,11,
0,222,251,25,255,31,254,140,1,60,252,55,6,229,255,90,249,99,189,0,149,1,35,1,5,0,106,0,45,0,20,0,14,0,12,
0,5,252,93,255,34,254,145,1,79,252,6,6,182,0,147,249,224,189,0,149,1,36,1,6,0,106,0,44,0,19,0,13,0,11,
0,237,251,89,255,22,254,145,1,79,252,6,6,182,0,147,249,248,187,0,148,1,35,1,6,0,107,0,45,0,20,0,14,0,11,
0,237,251,89,255,22,254,145,1,79,252,6,6,100,1,51,249,248,187,0,148,1,35,1,7,0,107,0,45,0,20,0,13,0,11,
0,16,252,63,255,38,254,145,1,79,252,6,6,167,0,149,249,1,187,0,148,1,34,1,8,0,108,0,45,0,20,0,13,0,11,
0,33,252,58,255,53,254,145,1,79,252,6,6,5,0,176,249,104,188,0,149,1,35,1,8,0,108,0,45,0,19,0,13,0,11,
0,33,252,58,255,66,254,145,1,79,252,6,6,95,255,24,250,132,189,0,149,1,34,1,8,0,108,0,46,0,20,0,14,0,12,
0,14,252,71,255,66,254,145,1,79,252,6,6,95,255,24,250,132,189,0,149,1,33,1,9,0,109,0,46,0,20,0,13,0,11,
0,232,251,54,255,92,254,145,1,79,252,6,6,201,255,139,249,181,189,0,149,1,34,1,9,0,109,0,46,0,20,0,14,0,11,
0,202,251,29,255,85,254,145,1,79,252,6,6,233,255,33,249,222,187,0,150,1,34,1,9,0,109,0,46,0,19,0,13,0,11,
0,202,251,29,255,72,254,145,1,79,252,6,6,61,255,54,249,226,185,0,149,1,33,1,9,0,110,0,47,0,21,0,14,0,12,
0,235,251,39,255,72,254,143,1,62,252,249,5,61,255,54,249,57,188,0,150,1,34,1,9,0,109,0,46,0,20,0,13,0,11,
0,220,251,86,255,45,254,143,1,62,252,249,5,88,254,174,249,57,188,0,150,1,33,1,9,0,110,0,47,0,21,0,14,0,12,
0,144,251,105,255,27,254,143,1,62,252,249,5,136,255,158,249,150,190,0,150,1,33,1,8,0,110,0,47,0,21,0,14,0,11,
0,144,251,105,255,27,254,143,1,62,252,249,5,6,1,1,249,75,187,0,150,1,33,1,8,0,110,0,47,0,20,0,14,0,11,
0,105,251,86,255,5,254,143,1,62,252,249,5,247,255,115,249,155,185,0,151,1,33,1,8,0,109,0,46,0,20,0,13,0,11,
0,103,251,75,255,241,253,143,1,62,252,249,5,247,255,115,249,155,185,0,151,1,33,1,8,0,109,0,46,0,20,0,13,0,11,
0,91,251,54,255,242,253,143,1,62,252,249,5,235,254,25,250,181,187,0,151,1,33,1,6,0,110,0,47,0,21,0,14,0,11,
0,91,251,54,255,242,253,143,1,62,252,249,5,124,0,56,250,66,189,0,151,1,33,1,5,0,109,0,47,0,21,0,14,0,11,
0,65,251,2,255,3,254,143,1,62,252,249,5,223,0,121,249,253,186,0,151,1,33,1,4,0,109,0,47,0,20,0,13,0,11,
0,59,251,223,254,254,253,143,1,62,252,249,5,223,0,149,249,138,185,0,152,1,33,1,3,0,108,0,46,0,21,0,14,0,11,
0,59,251,223,254,3,254,146,1,39,252,33,7,2,0,149,249,138,185,0,152,1,32,1,2,0,108,0,46,0,20,0,13,0,11,
0,41,251,185,254,3,254,146,1,39,252,33,7,157,255,202,249,171,187,0,152,1,32,1,0,0,108,0,46,0,21,0,14,0,11,
0,66,251,175,254,225,253,146,1,39,252,33,7,47,255,249,249,167,187,0,152,1,31,0,254,0,107,0,41,0,22,0,14,0,12,
0,62,251,184,254,213,253,146,1,39,252,33,7,10,0,255,249,103,188,0,153,1,31,0,252,0,106,0,42,0,21,0,14,0,11,
0,62,251,184,254,195,253,146,1,39,252,33,7,10,0,255,249,213,186,0,153,1,31,0,251,0,105,0,43,0,21,0,14,0,12,
0,17,251,235,254,195,253,146,1,39,252,33,7,134,0,151,249,213,186,0,154,1,31,0,249,0,104,0,43,0,20,0,13,0,11,
0,253,250,10,255,188,253,146,1,39,252,33,7,166,0,205,249,99,186,0,154,1,30,0,247,0,104,0,44,0,20,0,14,0,12,
0,229,250,235,254,167,253,146,1,39,252,33,7,81,0,55,250,24,187,0,154,1,30,0,246,0,104,0,44,0,20,0,14,0,12,
0,229,250,235,254,167,253,146,1,39,252,33,7,81,0,119,250,52,188,0,155,1,30,0,245,0,103,0,43,0,20,0,14,0,11,
0,222,250,214,254,182,253,146,1,39,252,33,7,174,0,119,250,52,188,0,156,1,30,0,244,0,102,0,43,0,20,0,13,0,11,
0,192,250,180,254,221,253,196,1,9,252,162,6,32,1,69,250,186,187,0,156,1,29,0,242,0,101,0,44,0,20,0,14,0,12,
0,195,250,118,254,213,253,196,1,9,252,162,6,150,0,89,250,241,187,0,156,1,28,0,241,0,101,0,43,0,20,0,14,0,11,
0,195,250,118,254,213,253,196,1,9,252,162,6,23,0,27,250,77,187,0,157,1,28,0,240,0,100,0,43,0,20,0,14,0,11,
0,205,250,86,254,202,253,196,1,9,252,162,6,23,0,27,250,47,187,0,157,1,28,0,239,0,100,0,43,0,18,0,13,0,11,
0,193,250,82,254,208,253,196,1,9,252,162,6,96,255,113,249,47,187,0,158,1,28,0,239,0,99,0,42,0,18,0,13,0,12,
0,193,250,82,254,194,253,196,1,9,252,162,6,51,255,200,249,92,188,0,159,1,28,0,239,0,98,0,42,0,18,0,13,0,11,
0,189,250,108,254,194,253,196,1,9,252,162,6,13,255,247,249,120,189,0,159,1,28,0,238,0,98,0,42,0,19,0,13,0,12,
0,165,250,109,254,213,253,196,1,9,252,162,6,229,255,92,249,134,188,0,160,1,28,0,237,0,97,0,42,0,19,0,13,0,11,
0,163,250,121,254,202,253,196,1,9,252,162,6,229,255,92,249,134,188,0,161,1,27,0,236,0,98,0,42,0,19,0,13,0,11,
0,163,250,121,254,202,253,196,1,9,252,162,6,7,255,107,249,239,186,0,162,1,27,0,236,0,97,0,41,0,18,0,13,0,11,
0,155,250,127,254,196,253,196,1,9,251,34,6,145,255,79,250,16,189,0,163,1,27,0,235,0,96,0,41,0,18,0,12,0,11,
0,118,250,119,254,224,253,217,1,235,251,34,6,57,255,112,250,230,188,0,164,1,26,0,235,0,97,0,41,0,19,0,13,0,11,
0,86,250,65,254,220,253,217,1,235,251,34,6,57,255,253,249,98,187,0,165,1,25,0,234,0,96,0,41,0,19,0,13,0,11,
0,86,250,65,254,220,253,217,1,235,251,34,6,167,255,253,249,98,187,0,166,1,25,0,235,0,95,0,40,0,18,0,13,0,11,
0,112,250,38,254,247,253,217,1,235,251,34,6,99,254,84,250,73,187,0,167,1,23,0,234,0,96,0,45,0,19,0,13,0,11,
0,122,250,19,254,242,253,217,1,235,251,34,6,133,254,145,250,97,189,0,168,1,23,0,234,0,95,0,43,0,18,0,12,0,10,
0,83,250,15,254,211,253,217,1,235,251,34,6,90,254,32,250,204,187,0,168,1,22,0,234,0,95,0,43,0,20,0,13,0,11,
0,83,250,15,254,211,253,217,1,235,251,34,6,90,254,32,250,204,187,0,169,1,22,0,234,0,95,0,43,0,19,0,13,0,11,
0,74,250,7,254,185,253,217,1,235,251,34,6,15,254,91,250,16,187,0,170,1,21,0,234,0,95,0,42,0,19,0,13,0,11,
0,69,250,27,254,182,253,217,1,235,251,34,6,194,253,136,250,217,187,0,171,1,21,0,234,0,95,0,42,0,19,0,13,0,11,
0,69,250,27,254,168,253,217,1,235,251,34,6,69,254,235,250,139,188,0,172,1,21,0,235,0,95,0,41,0,18,0,13,0,11,
0,39,250,74,254,168,253,211,1,187,251,212,6,69,254,58,251,219,188,0,173,1,20,0,235,0,95,0,41,0,19,0,13,0,11,
0,44,250,90,254,156,253,211,1,187,251,212,6,25,254,58,251,219,188,0,174,1,20,0,235,0,95,0,41,0,18,0,13,0,11,
0,37,250,117,254,146,253,211,1,187,251,212,6,159,254,27,251,131,188,0,174,1,19,0,235,0,95,0,41,0,19,0,13,0,11,
0,37,250,117,254,146,253,211,1,187,251,212,6,116,254,61,251,205,186,0,175,1,18,0,236,0,95,0,40,0,18,0,13,0,12,
0,25,250,127,254,150,253,211,1,187,251,212,6,253,253,11,252,130,186,0,176,1,18,0,237,0,95,0,40,0,18,0,13,0,11,
0,10,250,141,254,153,253,211,1,187,251,212,6,253,253,11,252,120,188,0,176,1,18,0,238,0,96,0,41,0,19,0,13,0,11,
0,6,250,173,254,158,253,211,1,187,251,212,6,127,253,62,252,120,188,0,176,1,17,0,238,0,96,0,41,0,19,0,13,0,11,
0,6,250,173,254,158,253,211,1,187,251,212,6,55,254,152,251,243,188,0,177,1,18,0,239,0,96,0,41,0,18,0,13,0,11,
0,5,250,164,254,154,253,211,1,187,251,212,6,63,254,72,251,187,185,0,177,1,18,0,239,0,96,0,40,0,17,0,12,0,11,
0,12,250,183,254,126,253,211,1,187,251,212,6,88,253,162,251,247,186,0,177,1,17,0,240,0,96,0,41,0,20,0,13,0,11,
0,247,249,212,254,111,253,214,1,174,251,1,6,88,253,162,251,247,186,0,177,1,17,0,241,0,97,0,41,0,20,0,13,0,11,
0,247,249,212,254,111,253,214,1,174,251,1,6,157,253,5,252,11,189,0,177,1,18,0,241,0,97,0,41,0,20,0,13,0,11,
0,3,250,237,254,80,253,214,1,174,251,1,6,73,254,213,251,56,189,0,178,1,18,0,242,0,97,0,41,0,19,0,13,0,11,
0,5,250,0,255,100,253,214,1,174,251,1,6,210,254,189,251,109,187,0,178,1,18,0,243,0,97,0,40,0,19,0,13,0,11,
0,5,250,0,255,81,253,214,1,174,251,1,6,210,254,189,251,44,186,0,178,1,18,0,243,0,99,0,41,0,20,0,13,0,11,
0,35,250,244,254,81,253,214,1,174,251,1,6,94,254,246,251,44,186,0,178,1,18,0,244,0,99,0,41,0,20,0,13,0,12,
0,4,250,233,254,72,253,214,1,174,251,1,6,165,253,156,252,119,188,0,178,1,18,0,245,0,98,0,42,0,19,0,13,0,11,
0,3,250,243,254,85,253,214,1,174,251,1,6,143,255,70,252,145,188,0,178,1,18,0,245,0,99,0,42,0,19,0,13,0,11,
0,3,250,243,254,85,253,214,1,174,251,1,6,36,254,15,252,70,186,0,178,1,18,0,246,0,99,0,41,0,19,0,13,0,11,
0,246,249,28,255,69,253,214,1,174,251,1,6,36,254,15,252,70,186,0,178,1,17,0,246,0,100,0,42,0,20,0,14,0,12,
0,239,249,46,255,38,253,180,1,181,251,142,6,81,254,90,252,90,188,0,178,1,17,0,247,0,100,0,42,0,20,0,14,0,11,
0,6,250,25,255,249,252,180,1,181,251,142,6,128,254,6,252,105,188,0,178,1,17,0,247,0,100,0,42,0,20,0,14,0,12,
0,6,250,25,255,249,252,180,1,181,251,142,6,67,255,169,251,209,186,0,178,1,17,0,248,0,100,0,42,0,20,0,13,0,11,
0,225,249,45,255,219,252,180,1,181,251,142,6,67,255,171,251,124,186,0,178,1,18,0,248,0,101,0,43,0,20,0,14,0,12,
0,224,249,33,255,203,252,180,1,181,251,142,6,229,254,171,251,124,186,0,178,1,18,0,249,0,100,0,42,0,19,0,13,0,11,
0,17,250,43,255,175,252,180,1,181,251,142,6,5,255,21,252,213,187,0,178,1,17,0,250,0,101,0,43,0,20,0,14,0,12,
0,17,250,43,255,175,252,180,1,181,251,142,6,134,255,111,252,198,188,0,178,1,18,0,251,0,102,0,43,0,20,0,14,0,12,
0,32,250,72,255,173,252,180,1,181,251,142,6,132,0,60,252,58,187,0,178,1,18,0,251,0,102,0,43,0,20,0,13,0,11,
0,45,250,75,255,154,252,180,1,181,251,142,6,132,0,60,252,203,186,0,178,1,19,0,252,0,102,0,43,0,20,0,13,0,11,
0,45,250,75,255,137,252,180,1,181,251,142,6,97,255,97,252,203,186,0,178,1,19,0,252,0,102,0,43,0,19,0,13,0,11,
0,31,250,70,255,137,252,19,2,115,251,193,6,171,255,110,252,35,188,0,178,1,19,0,252,0,103,0,43,0,20,0,14,0,11,
0,254,249,45,255,129,252,19,2,115,251,193,6,82,0,46,252,76,188,0,178,1,19,0,252,0,103,0,44,0,20,0,14,0,11,
0,226,249,80,255,115,252,19,2,115,251,193,6,82,0,250,251,13,186,0,177,1,19,0,253,0,103,0,43,0,20,0,13,0,11,
0,226,249,80,255,115,252,19,2,115,251,193,6,47,255,250,251,13,186,0,177,1,19,0,253,0,103,0,43,0,19,0,13,0,12,
0,13,250,73,255,102,252,19,2,115,251,193,6,25,0,99,252,91,189,0,172,1,22,1,0,0,104,0,43,0,17,0,13,0,11,
0,251,249,77,255,83,252,19,2,115,251,193,6,240,0,217,251,215,185,0,158,1,40,1,15,0,106,0,44,0,19,0,13,0,11,
0,235,249,116,255,88,252,19,2,115,251,193,6,201,247,206,225,78,187,0,132,1,66,1,47,0,110,0,44,0,19,0,13,0,11,
0,235,249,116,255,88,252,19,2,115,251,193,6,201,247,206,225,190,209,1,92,1,77,1,83,0,119,0,47,0,22,0,14,0,11,
0,81,250,44,255,85,252,19,2,115,251,193,6,159,255,243,204,190,209,1,81,1,81,1,86,0,126,0,50,0,23,0,14,0,11,
0,223,252,7,254,137,252,19,2,115,251,193,6,192,25,129,5,48,240,0,136,1,83,1,86,0,126,0,49,0,18,0,11,0,8,
0,214,0,163,252,244,252,19,2,115,251,193,6,198,6,193,186,25,203,0,133,1,55,1,81,0,129,0,50,0,20,0,12,0,10,
0,214,0,163,252,244,252,207,1,147,251,171,6,231,16,133,246,77,22,0,134,1,72,1,77,0,136,0,56,0,24,0,16,0,13,
0,164,6,151,251,238,252,207,1,147,251,171,6,231,16,133,246,77,22,0,136,1,71,1,6,0,129,0,55,0,24,0,16,0,13,
0,214,16,189,248,213,253,207,1,147,251,171,6,125,37,99,81,208,49,0,136,1,4,0,156,0,112,0,51,0,23,0,14,0,13,
0,214,16,189,248,60,2,207,1,147,251,171,6,3,35,159,100,123,74,0,137,0,227,0,134,0,99,0,49,0,22,0,16,0,15,
0,77,26,12,246,60,2,207,1,147,251,171,6,148,34,223,72,190,35,0,139,0,155,0,133,0,90,0,48,0,23,0,16,0,14,
0,150,31,183,245,152,9,207,1,147,251,171,6,148,34,201,47,114,64,0,140,0,140,0,133,0,82,0,45,0,23,0,16,0,14,
0,170,32,187,245,211,15,207,1,147,251,171,6,34,34,201,47,114,64,0,142,0,147,0,135,0,75,0,42,0,22,0,16,0,16,
0,170,32,187,245,211,15,207,1,147,251,171,6,179,38,28,41,154,41,0,143,0,181,0,136,0,70,0,38,0,20,0,15,0,15,
0,167,32,189,243,145,16,207,1,147,251,171,6,22,29,64,44,245,19,0,147,0,178,0,134,0,63,0,33,0,17,0,12,0,11,
0,83,31,14,242,243,10,207,1,147,251,171,6,151,11,130,47,180,214,0,152,0,141,0,132,0,61,0,32,0,16,0,13,0,11,
0,85,27,222,242,148,1,35,2,97,252,234,6,151,11,130,47,180,197,0,187,0,133,0,132,0,57,0,28,0,14,0,12,0,11,
0,85,27,222,242,148,1,35,2,97,252,234,6,203,236,106,248,1,197,0,207,0,133,0,132,0,53,0,24,0,11,0,9,0,9,
0,173,19,201,244,162,248,35,2,97,252,234,6,138,225,241,243,3,202,0,198,0,132,0,133,0,53,0,26,0,16,0,12,0,10,
0,96,9,140,245,45,244,35,2,97,252,234,6,120,235,227,235,238,189,0,210,0,134,0,136,0,53,0,26,0,14,0,12,0,10,
0,220,254,140,247,207,243,35,2,97,252,234,6,120,235,185,226,146,188,0,208,0,136,0,252,0,62,0,23,0,12,0,10,0,10,
0,220,254,98,247,207,243,35,2,97,252,234,6,17,230,185,226,146,188,0,197,0,141,1,86,0,79,0,27,0,13,0,11,0,10,
0,246,246,199,249,254,245,35,2,97,252,234,6,167,234,151,221,234,172,0,185,0,209,1,84,0,94,0,33,0,17,0,12,0,9,
0,184,242,0,251,19,249,35,2,97,252,234,6,197,238,14,226,248,169,0,174,1,86,1,83,0,103,0,34,0,16,0,11,0,9,
0,184,242,0,251,23,251,35,2,97,252,234,6,35,249,70,235,189,166,0,168,1,80,1,80,0,108,0,35,0,13,0,9,0,9,
0,61,242,139,249,23,251,35,2,97,252,234,6,35,249,70,235,230,167,0,161,1,75,1,75,0,116,0,35,0,16,0,13,0,12,
0,255,244,31,245,195,251,121,2,59,252,4,6,156,254,48,248,230,167,0,156,1,74,1,65,0,121,0,41,0,17,0,13,0,11,
0,63,250,25,239,124,252,121,2,59,252,4,6,142,0,85,1,19,168,0,151,1,72,1,41,0,120,0,41,0,16,0,11,0,11,
0,63,250,25,239,124,252,121,2,59,252,4,6,104,5,150,0,163,162,0,150,1,70,0,250,0,115,0,42,0,18,0,12,0,12,
0,74,0,183,233,28,255,121,2,59,252,4,6,70,3,152,248,234,155,0,149,1,68,0,187,0,107,0,44,0,20,0,12,0,11,
0,188,5,70,230,137,3,121,2,59,252,4,6,70,3,152,248,234,155,0,148,1,69,0,138,0,96,0,44,0,19,0,13,0,11,
0,202,9,29,229,4,8,121,2,59,252,4,6,91,248,112,248,131,165,0,149,1,69,0,133,0,85,0,41,0,18,0,13,0,11,
0,202,9,29,229,4,8,121,2,59,252,4,6,178,241,158,255,69,175,0,152,1,70,0,133,0,77,0,38,0,17,0,12,0,11,
0,6,12,244,229,208,10,121,2,59,252,4,6,25,237,181,5,252,193,0,156,1,68,0,132,0,72,0,37,0,18,0,13,0,10,
0,43,13,80,232,168,11,121,2,59,252,4,6,25,237,181,11,66,201,0,161,1,66,0,132,0,67,0,35,0,17,0,12,0,10,
0,154,13,80,232,144,10,121,2,59,252,4,6,142,228,126,11,66,201,0,168,1,62,0,132,0,63,0,32,0,16,0,12,0,11,
0,154,13,197,235,144,10,178,2,136,252,64,6,2,221,77,15,208,216,0,174,1,57,0,133,0,59,0,30,0,15,0,12,0,10,
0,144,13,5,240,168,8,178,2,136,252,64,6,140,219,50,14,206,223,0,177,1,53,0,134,0,58,0,29,0,16,0,12,0,10,
0,58,13,84,245,20,7,178,2,136,252,64,6,41,220,194,7,255,218,0,180,1,46,0,136,0,56,0,27,0,15,0,12,0,11,
0,58,13,84,245,36,6,178,2,136,252,64,6,41,220,194,7,255,218,0,182,1,39,0,136,0,54,0,25,0,13,0,11,0,11,
0,100,12,229,250,36,6,178,2,136,252,64,6,22,220,213,1,197,213,0,183,1,32,0,139,0,52,0,24,0,13,0,11,0,11,
0,26,11,229,255,144,5,178,2,136,252,64,6,139,224,160,254,174,209,0,186,1,30,0,146,0,55,0,26,0,17,0,13,0,12,
0,131,9,228,3,35,5,178,2,136,252,64,6,139,229,85,249,135,201,0,189,1,29,0,178,0,56,0,25,0,14,0,12,0,11,
0,131,9,228,3,35,5,178,2,136,252,64,6,139,229,93,246,250,197,0,193,1,29,1,17,0,68,0,25,0,14,0,11,0,12,
0,214,7,110,6,245,4,178,2,136,252,64,6,13,231,93,246,250,197,0,199,1,31,1,81,0,85,0,30,0,16,0,13,0,11,
0,65,6,6,7,69,5,178,2,136,252,64,6,77,236,28,244,173,196,0,204,1,34,1,76,0,97,0,34,0,16,0,13,0,12,
0,178,4,194,5,252,5,178,2,136,252,64,6,4,241,60,242,56,195,0,211,1,38,1,72,0,104,0,35,0,15,0,12,0,12,
0,178,4,194,5,252,5,164,2,78,252,83,7,242,242,167,243,209,195,0,218,1,40,1,68,0,110,0,42,0,16,0,11,0,11,
0,162,3,37,3,143,6,164,2,78,252,83,7,242,242,167,243,151,194,0,225,1,38,1,67,0,118,0,46,0,20,0,13,0,11,
0,251,2,41,0,158,6,164,2,78,252,83,7,254,241,239,244,151,194,0,234,1,38,1,69,0,122,0,47,0,19,0,12,0,11,
0,216,2,41,0,94,6,164,2,78,252,83,7,39,241,80,246,6,196,0,244,1,35,1,68,0,124,0,48,0,20,0,13,0,12,
0,216,2,140,253,94,6,164,2,78,252,83,7,6,239,164,246,141,195,0,254,1,35,1,70,0,128,0,53,0,22,0,14,0,12,
0,85,3,43,252,246,5,164,2,78,252,83,7,6,239,117,246,149,196,1,8,1,33,1,69,0,131,0,55,0,23,0,14,0,11,
0,5,4,52,252,155,5,164,2,78,252,83,7,226,237,117,246,149,196,1,17,1,32,1,70,0,133,0,55,0,23,0,14,0,12,
0,5,4,52,252,66,5,164,2,78,252,83,7,152,238,78,246,82,195,1,27,1,31,1,72,0,133,0,55,0,22,0,13,0,11,
0,178,4,147,253,66,5,164,2,78,252,83,7,219,238,132,245,250,196,1,36,1,31,1,70,0,136,0,57,0,24,0,15,0,12,
0,32,5,219,255,244,4,164,2,78,252,83,7,251,239,146,244,0,199,1,46,1,30,1,69,0,137,0,58,0,25,0,14,0,11,
0,47,5,161,2,160,4,4,3,78,252,44,7,251,239,146,244,236,199,1,54,1,28,1,68,0,137,0,58,0,25,0,15,0,12,
0,47,5,161,2,160,4,4,3,78,252,44,7,147,242,250,242,236,199,1,61,1,25,1,69,0,137,0,57,0,24,0,14,0,12,
0,188,4,80,5,101,4,4,3,78,252,44,7,216,244,71,240,129,197,1,64,1,24,1,68,0,138,0,59,0,26,0,16,0,12,
0,20,4,135,7,114,4,4,3,78,252,44,7,121,245,229,238,243,192,1,66,1,25,1,68,0,139,0,60,0,26,0,16,0,12,
0,152,3,120,9,144,4,4,3,78,252,44,7,43,244,151,237,51,193,1,68,1,25,1,67,0,138,0,59,0,25,0,16,0,12,
0,152,3,120,9,144,4,4,3,78,252,44,7,43,244,151,237,51,193,1,72,1,27,1,66,0,138,0,59,0,25,0,15,0,12,
0,246,2,95,11,152,4,4,3,78,252,44,7,66,243,160,235,43,195,1,67,1,28,1,65,0,138,0,60,0,26,0,16,0,12,
0,95,2,234,12,175,4,4,3,78,252,44,7,118,243,58,233,92,193,1,63,1,31,1,64,0,139,0,61,0,27,0,16,0,13,
0,95,1,234,12,174,4,4,3,78,252,44,7,39,243,224,230,171,188,1,61,1,33,1,63,0,137,0,59,0,27,0,16,0,13,
0,166,1,184,13,174,4,4,3,78,252,44,7,39,243,156,231,241,188,1,60,1,34,1,61,0,137,0,59,0,26,0,16,0,12,
0,94,1,191,13,128,4,152,2,103,252,88,6,230,242,156,231,241,188,1,59,1,32,1,57,0,137,0,60,0,28,0,16,0,12,
0,38,1,76,13,43,4,152,2,103,252,88,6,88,245,250,231,123,188,1,59,1,29,1,53,0,136,0,59,0,26,0,16,0,12,
0,38,1,76,13,250,3,152,2,103,252,88,6,16,247,37,230,213,185,1,91,1,24,1,47,0,134,0,59,0,25,0,16,0,12,
0,29,1,140,12,250,3,152,2,103,252,88,6,239,245,230,229,232,183,1,85,1,18,1,40,0,133,0,59,0,26,0,16,0,12,
0,248,0,91,11,212,3,152,2,103,252,88,6,239,245,230,229,232,184,1,89,1,12,1,31,0,131,0,59,0,28,0,16,0,12,
0,194,0,3,10,107,3,152,2,103,252,88,6,98,245,173,229,207,184,1,74,1,5,1,19,0,127,0,57,0,26,0,15,0,12,
0,194,0,3,10,107,3,152,2,103,252,88,6,103,246,126,229,94,187,1,72,0,251,1,4,0,122,0,55,0,23,0,15,0,12,
0,135,0,9,9,230,2,152,2,103,252,88,6,231,247,212,227,203,183,1,70,0,241,0,242,0,119,0,55,0,27,0,16,0,12,
0,44,0,78,8,94,2,152,2,103,252,88,6,231,247,14,227,7,182,1,69,0,232,0,223,0,113,0,53,0,25,0,16,0,12,
0,162,255,233,7,155,1,152,2,103,252,88,6,53,247,14,227,7,182,1,68,0,222,0,202,0,105,0,51,0,21,0,14,0,12,
0,162,255,233,7,155,1,127,2,130,252,107,7,91,248,167,227,29,185,1,67,0,212,0,180,0,97,0,48,0,23,0,14,0,11,
0,235,254,126,7,220,0,127,2,130,252,107,7,58,251,237,228,115,185,1,67,0,202,0,160,0,90,0,46,0,21,0,14,0,11,
0,25,254,245,6,33,0,127,2,130,252,107,7,50,253,75,230,31,182,1,67,0,192,0,146,0,82,0,42,0,21,0,14,0,11,
0,25,254,245,6,149,255,127,2,130,252,107,7,50,253,75,230,247,178,1,67,0,181,0,139,0,75,0,40,0,18,0,13,0,11,
0,70,253,149,6,149,255,127,2,130,252,107,7,170,252,3,232,247,178,1,67,0,172,0,136,0,70,0,36,0,18,0,13,0,11,
0,170,252,132,6,0,255,127,2,130,252,107,7,34,251,238,233,251,179,1,66,0,164,0,135,0,66,0,35,0,17,0,12,0,10,
0,91,252,129,6,125,254,127,2,130,252,107,7,220,250,9,236,11,181,1,67,0,158,0,134,0,61,0,31,0,16,0,13,0,11,
0,91,252,129,6,235,253,127,2,130,252,107,7,220,251,55,237,154,178,1,66,0,153,0,134,0,58,0,29,0,14,0,12,0,11,
0,61,252,121,6,235,253,127,2,130,252,107,7,149,251,55,237,154,178,1,65,0,149,0,134,0,57,0,29,0,15,0,12,0,11,
0,55,252,199,6,87,253,127,2,130,252,107,7,154,252,215,238,62,177,1,65,0,146,0,134,0,55,0,27,0,14,0,12,0,10,
0,42,252,36,7,219,252,127,2,130,252,107,6,203,251,146,240,200,174,1,65,0,144,0,134,0,53,0,26,0,14,0,11,0,11,
0,42,252,36,7,219,252,40,2,92,252,122,6,68,251,91,242,51,178,1,66,0,143,0,134,0,52,0,24,0,13,0,11,0,11,
0,58,252,134,7,80,252,40,2,92,252,122,6,68,251,91,242,12,179,1,67,0,142,0,134,0,51,0,24,0,13,0,11,0,10,
0,62,252,221,7,215,251,40,2,92,252,122,6,111,252,229,243,12,179,1,66,0,141,0,134,0,51,0,24,0,13,0,11,0,11,
0,52,252,44,8,172,251,40,2,92,252,122,6,132,253,20,245,25,177,1,67,0,140,0,134,0,50,0,23,0,12,0,11,0,11,
0,52,252,44,8,172,251,40,2,92,252,122,6,61,254,67,247,42,176,1,67,0,139,0,134,0,49,0,23,0,12,0,11,0,11,
0,48,252,140,8,145,251,40,2,92,252,122,6,95,253,8,250,221,176,1,67,0,139,0,134,0,49,0,23,0,12,0,11,0,11,
0,71,252,200,8,113,251,40,2,92,252,122,6,95,253,8,250,221,176,1,68,0,139,0,134,0,48,0,22,0,11,0,10,0,10,
0,71,252,200,8,69,251,40,2,92,252,122,6,157,253,191,251,120,180,1,67,0,139,0,134,0,47,0,21,0,11,0,11,0,11,
0,123,252,232,8,69,251,40,2,92,252,122,6,191,254,70,252,250,177,1,67,0,139,0,134,0,47,0,22,0,11,0,11,0,10,
0,113,252,243,8,44,251,40,2,92,252,122,6,223,252,71,253,63,175,1,66,0,139,0,134,0,48,0,22,0,12,0,11,0,10,
0,86,252,41,9,49,251,203,1,150,252,120,6,223,252,185,254,100,178,1,66,0,139,0,134,0,47,0,21,0,12,0,11,0,11,
0,86,252,41,9,49,251,203,1,150,252,120,6,19,251,185,254,100,178,1,66,0,139,0,134,0,47,0,20,0,11,0,10,0,10,
0,111,252,194,9,20,251,203,1,150,252,120,6,191,251,247,254,80,179,1,64,0,139,0,135,0,48,0,22,0,12,0,11,0,11,
0,151,252,204,10,227,250,203,1,150,252,120,6,124,251,211,254,104,175,1,63,0,139,0,136,0,48,0,22,0,12,0,11,0,11,
0,191,252,168,11,159,250,203,1,150,252,120,6,238,250,76,0,157,177,1,63,0,140,0,136,0,48,0,21,0,11,0,11,0,11,
0,191,252,168,11,159,250,203,1,150,252,120,6,238,250,76,0,25,180,1,62,0,140,0,137,0,48,0,22,0,11,0,11,0,11,
0,241,252,131,12,113,250,203,1,150,252,120,6,27,253,120,1,25,180,1,62,0,141,0,139,0,48,0,22,0,11,0,11,0,10,
0,45,253,92,13,85,250,203,1,150,252,120,6,199,0,184,1,9,178,1,61,0,142,0,143,0,49,0,22,0,12,0,11,0,11,
0,76,253,5,14,103,250,203,1,150,252,120,6,240,0,39,2,101,175,1,60,0,142,0,151,0,50,0,22,0,14,0,11,0,11,
0,76,253,5,14,103,250,203,1,150,252,120,6,240,0,250,2,78,179,1,60,0,143,0,173,0,54,0,22,0,11,0,11,0,11,
0,120,253,96,14,124,250,125,1,133,252,0,6,58,0,250,2,78,179,1,59,0,144,0,206,0,59,0,24,0,12,0,11,0,11,
0,204,253,112,14,148,250,125,1,133,252,0,6,30,1,198,2,71,181,1,58,0,145,0,240,0,67,0,25,0,14,0,11,0,11,
0,204,253,112,14,180,250,125,1,133,252,0,6,176,1,206,1,9,180,1,56,0,145,1,11,0,76,0,28,0,13,0,11,0,11,
0,38,254,152,14,180,250,125,1,133,252,0,6,218,0,104,1,225,177,1,55,0,147,1,42,0,87,0,31,0,14,0,12,0,11,
0,71,254,251,14,180,250,125,1,133,252,0,6,218,0,104,1,36,181,1,54,0,148,1,63,0,97,0,34,0,17,0,12,0,11,
0,110,254,152,15,151,250,125,1,133,252,0,6,76,255,136,1,36,181,1,53,0,150,1,67,0,104,0,36,0,15,0,12,0,11,
0,110,254,152,15,151,250,125,1,133,252,0,6,64,1,64,1,151,184,1,52,0,152,1,68,0,110,0,33,0,15,0,12,0,11,
0,111,254,24,16,141,250,125,1,133,252,0,6,251,3,204,0,173,183,1,49,0,154,1,67,0,117,0,39,0,17,0,13,0,11,
0,87,254,89,16,164,250,125,1,133,252,0,6,174,4,136,0,9,182,1,47,0,156,1,65,0,121,0,42,0,18,0,13,0,12,
0,67,254,115,16,188,250,125,1,133,252,0,6,174,4,136,0,9,182,1,46,0,158,1,65,0,123,0,44,0,18,0,12,0,11,
0,67,254,115,16,188,250,66,1,122,252,64,6,51,5,228,0,72,183,1,45,0,160,1,65,0,126,0,46,0,19,0,14,0,12,
0,82,254,8,16,201,250,66,1,122,252,64,6,171,6,86,1,15,187,1,43,0,162,1,65,0,129,0,49,0,20,0,13,0,11,
0,76,254,133,15,202,250,66,1,122,252,64,6,199,8,88,0,10,188,1,41,0,163,1,63,0,131,0,51,0,23,0,14,0,12,
0,86,254,234,14,231,250,66,1,122,252,64,6,199,8,7,255,119,183,1,39,0,165,1,63,0,131,0,52,0,23,0,14,0,12,
0,86,254,234,14,231,250,66,1,122,252,64,6,147,8,7,255,119,183,1,37,0,167,1,63,0,132,0,54,0,23,0,14,0,12,
0,114,254,2,14,243,250,66,1,122,252,64,6,1,8,239,254,149,185,1,35,0,169,1,63,0,133,0,55,0,23,0,14,0,11,
0,111,254,44,13,245,250,66,1,122,252,64,6,236,8,227,253,59,188,1,32,0,170,1,61,0,134,0,55,0,25,0,15,0,12,
0,111,254,44,13,0,251,66,1,122,252,64,6,234,10,104,252,106,186,1,31,0,173,1,61,0,134,0,56,0,25,0,15,0,12,
0,86,254,100,12,0,251,66,1,122,252,64,6,234,10,104,252,106,183,1,29,0,175,1,61,0,134,0,56,0,24,0,15,0,12,
0,40,254,242,11,234,250,66,1,122,252,64,6,36,10,4,252,131,183,1,27,0,178,1,60,0,135,0,58,0,25,0,15,0,12,
0,235,253,100,11,208,250,194,0,88,252,178,6,252,10,16,252,197,187,1,26,0,181,1,60,0,134,0,57,0,25,0,15,0,12,
0,235,253,100,11,208,250,194,0,88,252,178,6,71,13,191,251,89,188,1,24,0,183,1,58,0,135,0,58,0,26,0,16,0,13,
0,224,253,180,10,199,250,194,0,88,252,178,6,71,13,199,250,86,185,1,23,0,186,1,57,0,135,0,58,0,26,0,16,0,12,
0,208,253,244,9,208,250,194,0,88,252,178,6,166,15,199,250,86,185,1,22,0,188,1,56,0,135,0,58,0,26,0,16,0,12,
0,140,253,22,9,226,250,194,0,88,252,178,6,39,15,69,251,16,185,1,21,0,190,1,55,0,134,0,58,0,25,0,15,0,12,
0,140,253,22,9,226,250,194,0,88,252,178,6,61,17,137,250,140,188,1,20,0,192,1,54,0,133,0,57,0,25,0,15,0,12,
0,136,253,231,7,4,251,194,0,88,252,178,6,178,17,166,249,222,184,1,17,0,193,1,52,0,133,0,58,0,26,0,16,0,12,
0,64,253,176,6,49,251,194,0,88,252,178,6,178,17,166,249,70,186,1,16,0,194,1,51,0,133,0,58,0,26,0,16,0,12,
0,43,253,109,5,73,251,194,0,88,252,178,6,84,17,80,249,70,186,1,14,0,195,1,50,0,132,0,62,0,26,0,15,0,12,
0,43,253,109,5,73,251,194,0,88,252,178,6,53,18,185,248,137,187,1,13,0,196,1,48,0,131,0,61,0,26,0,14,0,11,
0,26,253,78,4,114,251,194,0,88,252,178,6,169,17,192,247,107,183,1,12,0,197,1,47,0,131,0,60,0,25,0,16,0,12,
0,254,252,49,3,157,251,194,0,161,252,18,6,169,17,84,248,43,188,1,11,0,198,1,47,0,130,0,59,0,24,0,15,0,11,
0,254,252,49,3,157,251,194,0,161,252,18,6,176,17,84,248,43,188,1,9,0,198,1,45,0,130,0,59,0,25,0,16,0,12,
0,162,252,35,2,157,251,194,0,161,252,18,6,233,19,253,247,181,187,1,8,0,200,1,45,0,130,0,58,0,26,0,16,0,12,
0,72,252,21,1,177,251,194,0,161,252,18,6,43,21,70,248,120,184,1,6,0,200,1,44,0,129,0,58,0,25,0,16,0,12,
0,230,251,248,255,240,251,194,0,161,252,18,6,133,20,62,249,0,185,1,6,0,200,1,44,0,129,0,57,0,25,0,16,0,13,
0,230,251,248,255,240,251,194,0,161,252,18,6,133,20,62,249,5,188,1,4,0,200,1,44,0,128,0,59,0,25,0,15,0,12,
0,180,251,174,254,30,252,194,0,161,252,18,6,62,21,29,249,5,188,1,2,0,200,1,42,0,129,0,59,0,26,0,16,0,12,
0,148,251,48,253,81,252,194,0,161,252,18,6,8,22,231,248,91,187,1,0,0,201,1,42,0,128,0,61,0,26,0,16,0,13,
0,126,251,179,251,90,252,194,0,161,252,18,6,129,22,23,248,105,185,0,255,0,201,1,41,0,127,0,59,0,25,0,16,0,12,
0,126,251,179,251,90,252,194,0,161,252,18,6,181,20,34,248,84,185,0,254,0,201,1,40,0,128,0,62,0,27,0,16,0,13,
0,94,251,89,250,133,252,169,0,85,252,11,6,181,20,34,248,84,185,0,252,0,201,1,40,0,127,0,60,0,26,0,16,0,12,
0,75,251,53,249,205,252,169,0,85,252,11,6,57,21,27,248,171,188,0,250,0,201,1,38,0,127,0,59,0,26,0,16,0,13,
0,4,251,1,248,253,252,169,0,85,252,11,6,22,22,181,247,91,189,0,249,0,202,1,37,0,126,0,58,0,26,0,16,0,12,
0,4,251,1,248,253,252,169,0,85,252,11,6,135,21,203,247,18,186,0,248,0,203,1,36,0,126,0,57,0,25,0,16,0,12,
0,206,250,183,246,33,253,169,0,85,252,11,6,135,21,125,249,252,186,0,248,0,204,1,35,0,126,0,57,0,25,0,16,0,12,
0,215,250,81,245,114,253,169,0,85,252,11,6,196,18,125,249,252,186,0,248,0,205,1,35,0,124,0,55,0,24,0,15,0,12,
0,215,250,81,245,253,253,169,0,85,252,11,6,64,20,233,249,69,191,0,247,0,206,1,33,0,124,0,55,0,25,0,16,0,12,
0,207,250,16,244,253,253,169,0,85,252,11,6,14,18,169,249,152,186,0,245,0,207,1,31,0,124,0,55,0,27,0,16,0,12,
0,193,250,230,242,127,254,169,0,85,252,11,6,41,13,140,251,31,190,0,244,0,208,1,30,0,123,0,55,0,25,0,15,0,12,
0,169,250,181,241,41,255,169,0,85,252,11,6,41,13,140,251,203,192,0,244,0,209,1,27,0,122,0,54,0,25,0,16,0,12,
0,169,250,181,241,41,255,96,1,13,252,160,6,202,8,130,252,203,192,0,242,0,212,1,23,0,121,0,54,0,24,0,15,0,12,
0,165,250,113,240,68,0,96,1,13,252,160,6,181,2,229,255,203,190,0,243,0,215,1,20,0,120,0,54,0,25,0,16,0,12,
0,222,250,147,239,3,2,96,1,13,252,160,6,12,1,164,252,114,187,0,247,0,219,1,17,0,119,0,53,0,24,0,15,0,12,
0,32,251,74,239,119,3,96,1,13,252,160,6,12,1,23,255,32,191,0,251,0,221,1,10,0,117,0,52,0,21,0,14,0,11,
0,32,251,74,239,119,3,96,1,13,252,160,6,252,252,23,255,32,191,1,0,0,219,1,4,0,115,0,51,0,22,0,14,0,12,
0,146,251,113,239,200,3,96,1,13,252,160,6,67,249,128,3,55,193,1,3,0,217,0,252,0,112,0,50,0,23,0,14,0,11,
0,204,251,207,239,15,4,96,1,13,252,160,6,187,247,160,2,232,188,1,6,0,215,0,242,0,110,0,50,0,23,0,15,0,12,
0,11,252,207,240,125,4,96,1,13,252,160,6,96,246,4,2,181,187,1,9,0,211,0,236,0,107,0,49,0,21,0,14,0,11,
0,11,252,87,240,125,4,96,1,13,252,160,6,96,246,4,2,81,189,1,14,0,208,0,233,0,105,0,47,0,20,0,13,0,11,
0,119,252,244,240,156,4,96,1,13,252,160,6,156,245,59,3,81,189,1,19,0,207,0,232,0,102,0,46,0,20,0,14,0,11,
0,185,252,158,241,114,4,124,1,46,252,7,6,29,246,66,3,160,187,1,23,0,205,0,234,0,100,0,45,0,20,0,13,0,11,
0,185,252,158,241,90,4,124,1,46,252,7,6,206,242,56,2,34,187,1,26,0,200,0,236,0,100,0,45,0,20,0,14,0,11,
0,35,253,92,242,90,4,124,1,46,252,7,6,43,241,16,0,66,186,1,29,0,196,0,239,0,100,0,44,0,20,0,13,0,11,
0,226,253,230,242,54,4,124,1,46,252,7,6,43,241,16,0,66,186,1,32,0,195,0,244,0,99,0,43,0,20,0,13,0,11,
0,137,254,119,243,217,3,124,1,46,252,7,6,194,239,66,254,200,185,1,34,0,193,0,247,0,100,0,43,0,21,0,14,0,11,
0,137,254,119,243,217,3,124,1,46,252,7,6,179,239,6,253,166,186,1,34,0,192,0,250,0,100,0,42,0,20,0,13,0,11,
0,221,254,18,244,108,3,124,1,46,252,7,6,194,237,65,252,245,184,1,32,0,192,0,253,0,101,0,43,0,20,0,14,0,11,
0,239,254,181,244,17,3,124,1,46,252,7,6,194,237,162,251,137,187,1,31,0,193,1,2,0,102,0,43,0,18,0,13,0,11,
0,188,254,72,245,156,2,124,1,46,252,7,6,54,238,162,251,137,187,1,27,0,195,1,8,0,104,0,43,0,18,0,13,0,11,
0,188,254,72,245,156,2,124,1,46,252,7,6,112,239,222,250,249,184,1,23,0,197,1,14,0,105,0,44,0,19,0,13,0,11,
0,128,254,8,246,15,2,124,1,46,252,7,6,238,237,90,251,198,184,1,18,0,200,1,20,0,107,0,44,0,20,0,13,0,11,
0,17,254,174,246,174,1,138,1,35,252,168,6,210,238,183,250,79,187,1,12,0,202,1,26,0,110,0,45,0,21,0,14,0,11,
0,153,253,174,246,106,1,138,1,35,252,168,6,210,238,183,250,79,188,1,5,0,204,1,33,0,112,0,46,0,19,0,14,0,12,
0,153,253,44,247,106,1,138,1,35,252,168,6,24,239,244,249,19,188,0,254,0,206,1,41,0,115,0,46,0,20,0,13,0,11,
0,57,253,143,247,50,1,138,1,35,252,168,6,130,239,252,248,14,186,0,246,0,206,1,47,0,118,0,48,0,21,0,14,0,12,
0,38,253,202,247,229,0,138,1,35,252,168,6,155,238,252,248,94,186,0,237,0,208,1,53,0,120,0,49,0,22,0,14,0,12,
0,38,253,202,247,169,0,138,1,35,252,168,6,155,238,93,248,216,186,0,228,0,209,1,55,0,123,0,51,0,23,0,15,0,12,
0,226,252,57,248,169,0,138,1,35,252,168,6,228,238,93,248,216,186,0,219,0,212,1,57,0,125,0,51,0,22,0,14,0,11,
0,180,252,199,248,147,0,138,1,35,252,168,6,180,238,221,247,26,186,0,209,0,214,1,57,0,127,0,52,0,23,0,15,0,12,
0,148,252,99,249,88,0,138,1,35,252,168,6,109,238,129,248,58,187,0,201,0,216,1,58,0,128,0,55,0,23,0,14,0,12,
0,148,252,99,249,88,0,138,1,35,252,168,6,146,240,202,248,55,188,0,191,0,217,1,58,0,130,0,56,0,25,0,15,0,12,
0,106,252,11,250,30,0,224,1,2,252,164,6,146,240,202,248,186,186,0,182,0,220,1,58,0,131,0,56,0,25,0,15,0,12,
0,97,252,161,250,1,0,224,1,2,252,164,6,171,241,203,248,186,186,0,174,0,223,1,59,0,131,0,56,0,24,0,15,0,11,
0,105,252,73,251,241,255,224,1,2,252,164,6,115,241,248,248,117,184,0,166,0,225,1,58,0,132,0,56,0,24,0,15,0,12,
0,105,252,73,251,241,255,224,1,2,252,164,6,24,242,220,249,181,187,0,159,0,228,1,57,0,132,0,56,0,24,0,15,0,11,
0,184,252,194,251,225,255,224,1,2,252,164,6,24,243,177,249,111,187,0,153,0,230,1,57,0,132,0,57,0,25,0,16,0,12,
0,203,252,53,252,201,255,224,1,2,252,164,6,8,243,177,249,111,187,0,149,0,233,1,56,0,132,0,57,0,25,0,16,0,12,
0,189,252,53,252,209,255,224,1,2,252,164,6,143,242,153,249,45,185,0,145,0,235,1,56,0,133,0,57,0,25,0,15,0,12,
0,189,252,166,252,209,255,224,1,2,252,164,6,183,242,170,249,116,186,0,144,0,238,1,56,0,132,0,56,0,24,0,14,0,11,
0,212,252,56,253,184,255,224,1,2,252,164,6,53,243,163,249,82,187,0,141,0,239,1,55,0,133,0,57,0,25,0,16,0,12,
0,62,253,218,253,150,255,224,1,2,252,164,6,53,243,163,249,144,186,0,140,0,242,1,55,0,132,0,57,0,25,0,15,0,11,
0,62,253,218,253,126,255,232,1,3,252,82,6,41,243,127,249,144,186,0,139,0,244,1,54,0,132,0,58,0,25,0,16,0,12,
0,81,253,122,254,126,255,232,1,3,252,82,6,148,243,203,249,37,188,0,139,0,247,1,53,0,132,0,57,0,26,0,16,0,12,
0,31,253,29,255,116,255,232,1,3,252,82,6,216,243,179,249,205,186,0,138,0,249,1,52,0,132,0,57,0,25,0,15,0,11,
0,77,253,183,255,71,255,232,1,3,252,82,6,11,245,210,250,100,189,0,137,0,251,1,51,0,132,0,52,0,25,0,16,0,13,
0,77,253,183,255,71,255,232,1,3,252,82,6,11,245,210,250,100,189,0,138,0,253,1,50,0,131,0,53,0,23,0,15,0,12,
0,151,253,56,0,59,255,232,1,3,252,82,6,3,247,22,251,173,188,0,137,0,254,1,48,0,131,0,54,0,25,0,16,0,13,
0,182,253,148,0,44,255,232,1,3,252,82,6,247,246,162,251,161,187,0,137,0,255,1,47,0,131,0,55,0,23,0,15,0,12,
0,254,253,245,0,41,255,232,1,3,252,82,6,186,247,200,251,69,189,0,138,1,0,1,45,0,129,0,54,0,22,0,14,0,12,
0,254,253,245,0,41,255,232,1,3,252,82,6,186,247,102,251,80,188,0,138,1,0,1,43,0,130,0,55,0,23,0,15,0,12,
0,76,254,46,1,2,255,232,1,3,252,82,6,61,248,102,251,80,188,0,138,1,0,1,42,0,128,0,57,0,23,0,14,0,11,
0,137,254,105,1,238,254,253,1,201,251,228,6,14,248,240,250,250,187,0,138,1,0,1,40,0,128,0,60,0,25,0,15,0,12,
0,137,254,105,1,221,254,253,1,201,251,228,6,242,248,67,251,125,189,0,138,0,255,1,38,0,127,0,59,0,25,0,16,0,12,
0,152,254,154,1,221,254,253,1,201,251,228,6,113,248,233,250,13,189,0,138,1,0,1,37,0,126,0,57,0,24,0,14,0,11,
0,132,254,255,1,9,255,253,1,201,251,228,6,113,248,233,250,5,190,0,138,0,255,1,35,0,126,0,57,0,25,0,16,0,12,
0,172,254,76,2,26,255,253,1,201,251,228,6,30,249,169,250,5,190,0,139,1,0,1,35,0,125,0,56,0,24,0,15,0,11,
0,172,254,76,2,17,255,253,1,201,251,228,6,29,250,81,250,187,189,0,138,1,0,1,33,0,125,0,55,0,25,0,15,0,12,
0,182,254,136,2,17,255,253,1,201,251,228,6,92,251,51,250,42,189,0,138,1,0,1,32,0,124,0,55,0,24,0,15,0,12,
0,157,254,213,2,4,255,253,1,201,251,228,6,92,251,176,250,102,189,0,138,1,0,1,31,0,123,0,55,0,26,0,16,0,12,
0,139,254,4,3,13,255,253,1,201,251,228,6,46,251,176,250,102,189,0,138,1,0,1,30,0,123,0,54,0,25,0,16,0,12,
0,139,254,4,3,13,255,253,1,201,251,228,6,168,251,108,250,122,190,0,139,1,0,1,29,0,121,0,53,0,24,0,14,0,11,
0,192,254,39,3,33,255,253,1,201,251,228,6,179,252,41,250,177,190,0,138,1,0,1,28,0,121,0,53,0,25,0,16,0,12,
0,178,254,54,3,46,255,182,1,218,251,94,6,183,253,95,249,151,190,0,138,0,255,1,27,0,121,0,54,0,24,0,15,0,12,
0,146,254,69,3,40,255,182,1,218,251,94,6,183,253,95,249,130,188,0,138,0,255,1,25,0,120,0,53,0,24,0,15,0,12,
0,146,254,69,3,40,255,182,1,218,251,94,6,91,252,112,249,130,188,0,138,0,255,1,25,0,119,0,53,0,24,0,15,0,12,
0,114,254,104,3,55,255,182,1,218,251,94,6,198,252,165,249,121,190,0,138,0,255,1,24,0,119,0,55,0,23,0,14,0,11,
0,60,254,137,3,61,255,182,1,218,251,94,6,194,253,108,249,235,190,0,138,0,255,1,24,0,119,0,55,0,24,0,14,0,11,
0,60,254,137,3,53,255,182,1,218,251,94,6,187,253,132,249,137,187,0,137,0,255,1,23,0,119,0,55,0,24,0,14,0,11,
0,236,253,167,3,53,255,182,1,218,251,94,6,187,253,132,249,137,187,0,137,0,255,1,24,0,118,0,54,0,23,0,14,0,11,
0,175,253,204,3,72,255,182,1,218,251,94,6,104,254,39,250,222,190,0,138,1,0,1,23,0,118,0,53,0,24,0,15,0,12,
0,180,253,239,3,90,255,182,1,218,251,94,6,103,255,79,250,39,189,0,138,1,1,1,25,0,117,0,52,0,23,0,14,0,11,
0,180,253,239,3,116,255,182,1,218,251,94,6,29,255,220,250,112,187,0,137,1,1,1,25,0,118,0,52,0,24,0,15,0,12,
0,147,253,228,3,116,255,159,1,197,251,49,6,29,255,220,251,104,189,0,137,1,0,1,26,0,118,0,52,0,23,0,15,0,12,
0,89,253,242,3,107,255,159,1,197,251,49,6,221,254,67,251,104,189,0,138,1,1,1,27,0,118,0,52,0,23,0,14,0,11,
0,136,253,18,4,157,255,159,1,197,251,49,6,153,255,171,251,165,190,0,138,1,2,1,28,0,118,0,51,0,23,0,14,0,11,
0,136,253,18,4,157,255,159,1,197,251,49,6,159,255,102,251,233,188,0,138,1,2,1,29,0,119,0,52,0,23,0,15,0,12,
0,193,253,24,4,180,255,159,1,197,251,49,6,155,254,152,251,108,187,0,138,1,2,1,30,0,119,0,51,0,23,0,14,0,11,
0,173,253,9,4,220,255,159,1,197,251,49,6,155,254,152,251,108,187,0,138,1,3,1,31,0,119,0,51,0,23,0,14,0,12,
0,142,253,38,4,246,255,159,1,197,251,49,6,224,254,228,251,168,190,0,138,1,4,1,33,0,119,0,51,0,21,0,14,0,11,
0,142,253,38,4,246,255,159,1,197,251,49,6,229,255,146,251,157,190,0,139,1,5,1,34,0,119,0,51,0,21,0,14,0,11,
0,130,253,80,4,242,255,159,1,197,251,49,6,244,255,126,251,218,187,0,138,1,5,1,35,0,121,0,52,0,22,0,14,0,12,
0,152,253,84,4,28,0,159,1,197,251,49,6,244,255,133,252,76,189,0,139,1,6,1,36,0,121,0,52,0,22,0,14,0,12,
0,152,253,84,4,43,0,188,1,200,251,151,6,45,255,133,252,76,189,0,139,1,8,1,37,0,121,0,52,0,22,0,14,0,12,
0,155,253,53,4,43,0,188,1,200,251,151,6,254,255,139,252,193,190,0,139,1,8,1,38,0,122,0,52,0,22,0,14,0,11,
0,158,253,51,4,54,0,188,1,200,251,151,6,208,0,183,252,92,190,0,140,1,8,1,38,0,123,0,53,0,23,0,15,0,12,
0,200,253,56,4,91,0,188,1,200,251,151,6,230,0,192,252,49,187,0,140,1,9,1,39,0,123,0,52,0,22,0,14,0,11,
0,200,253,56,4,91,0,188,1,200,251,151,6,230,0,192,252,196,188,0,141,1,9,1,38,0,123,0,53,0,23,0,14,0,12,
0,215,253,15,4,130,0,188,1,200,251,151,6,211,255,46,253,196,188,0,141,1,10,1,39,0,123,0,53,0,22,0,14,0,11,
0,220,253,216,3,143,0,188,1,200,251,151,6,228,255,49,253,107,191,0,142,1,10,1,38,0,123,0,53,0,23,0,14,0,11,
0,250,253,188,3,146,0,188,1,200,251,151,6,68,1,133,252,24,189,0,143,1,11,1,38,0,124,0,53,0,23,0,15,0,12,
0,250,253,188,3,146,0,188,1,200,251,151,6,68,0,201,252,196,187,0,144,1,11,1,38,0,124,0,53,0,23,0,14,0,11,
0,241,253,191,3,125,0,188,1,200,251,151,6,100,0,201,252,196,187,0,144,1,11,1,37,0,124,0,53,0,23,0,14,0,12,
0,219,253,215,3,168,0,88,1,224,251,105,5,177,255,98,253,8,190,0,145,1,12,1,36,0,124,0,53,0,23,0,15,0,12,
0,230,253,185,3,204,0,88,1,224,251,105,5,251,0,29,253,54,191,0,147,1,13,1,36,0,124,0,54,0,23,0,14,0,11,
0,230,253,185,3,204,0,88,1,224,251,105,5,47,2,219,252,141,189,0,148,1,14,1,36,0,123,0,53,0,23,0,15,0,12,
0,213,253,160,3,212,0,88,1,224,251,105,5,47,2,219,252,230,187,0,150,1,14,1,35,0,123,0,53,0,23,0,14,0,11,
0,223,253,106,3,219,0,88,1,224,251,105,5,248,1,29,253,230,187,0,151,1,14,1,34,0,123,0,53,0,23,0,14,0,11,
0,223,253,106,3,204,0,88,1,224,251,105,5,167,0,232,253,213,189,0,153,1,15,1,34,0,123,0,53,0,23,0,15,0,12,
0,194,253,76,3,204,0,88,1,224,251,105,5,80,2,144,253,114,190,0,155,1,16,1,33,0,123,0,53,0,23,0,14,0,11,
0,163,253,252,2,227,0,88,1,224,251,105,5,104,2,120,253,189,189,0,158,1,16,1,32,0,123,0,53,0,23,0,15,0,12,
0,155,253,177,2,4,1,88,1,224,251,105,5,104,2,120,253,189,189,0,159,1,17,1,32,0,122,0,53,0,22,0,14,0,11,
0,155,253,177,2,4,1,88,1,224,251,105,5,2,2,53,253,5,189,0,161,1,17,1,31,0,122,0,53,0,25,0,15,0,12,
0,186,253,135,2,249,0,88,1,224,251,199,6,176,1,21,253,70,189,0,163,1,17,1,30,0,122,0,53,0,25,0,15,0,12,
0,211,253,77,2,20,1,42,1,239,251,199,6,95,2,224,252,245,189,0,166,1,18,1,29,0,121,0,53,0,24,0,15,0,12,
0,167,253,78,2,28,1,42,1,239,251,199,6,95,2,34,253,95,189,0,169,1,19,1,28,0,121,0,52,0,23,0,15,0,12,
0,167,253,78,2,28,1,42,1,239,251,199,6,49,2,34,253,95,189,0,171,1,20,1,27,0,121,0,53,0,24,0,16,0,12,
0,164,253,49,2,20,1,42,1,239,251,199,6,21,3,29,253,22,190,0,174,1,20,1,26,0,120,0,53,0,24,0,15,0,12,
0,183,253,253,1,30,1,42,1,239,251,199,6,171,3,254,252,130,191,0,177,1,20,1,25,0,119,0,53,0,24,0,16,0,12,
0,156,253,210,1,70,1,42,1,239,251,199,6,71,4,218,252,185,189,0,180,1,21,1,24,0,119,0,52,0,23,0,14,0,12,
0,156,253,210,1,70,1,42,1,239,251,199,6,71,4,218,252,230,189,0,183,1,21,1,23,0,119,0,52,0,24,0,15,0,12,
0,160,253,117,1,98,1,42,1,239,251,199,6,199,3,6,253,230,189,0,187,1,22,1,22,0,118,0,51,0,23,0,14,0,11,
0,205,253,35,1,101,1,42,1,239,251,199,6,77,3,63,253,111,191,0,190,1,22,1,20,0,118,0,52,0,23,0,15,0,12,
0,205,253,35,1,136,1,42,1,239,251,199,6,82,4,47,253,119,192,0,194,1,22,1,20,0,117,0,52,0,23,0,15,0,12,
0,218,253,177,0,136,1,169,1,150,251,168,6,82,4,166,252,200,190,0,197,1,22,1,18,0,117,0,51,0,23,0,14,0,11,
0,190,253,72,0,183,1,169,1,150,251,168,6,118,4,166,252,200,190,0,200,1,22,1,17,0,116,0,51,0,23,0,15,0,12,
0,168,253,26,0,235,1,169,1,150,251,168,6,131,3,32,252,156,188,0,204,1,22,1,16,0,115,0,50,0,22,0,14,0,11,
0,168,253,26,0,235,1,169,1,150,251,168,6,177,2,195,252,199,190,0,207,1,22,1,15,0,115,0,50,0,21,0,14,0,11,
0,176,253,209,255,252,1,169,1,150,251,168,6,4,4,187,252,190,192,0,211,1,23,1,14,0,115,0,50,0,21,0,14,0,12,
0,154,253,135,255,224,1,169,1,150,251,168,6,4,4,187,252,131,189,0,214,1,23,1,13,0,114,0,49,0,21,0,14,0,11,
0,128,253,74,255,228,1,169,1,150,251,168,6,142,4,210,251,131,189,0,217,1,23,1,12,0,114,0,49,0,22,0,14,0,12,
0,128,253,74,255,228,1,169,1,150,251,168,6,140,3,183,252,134,190,0,222,1,23,1,12,0,113,0,49,0,21,0,13,0,11,
0,156,253,0,255,228,1,169,1,150,251,168,6,50,4,143,252,149,191,0,225,1,23,1,11,0,113,0,49,0,22,0,14,0,11,
0,172,253,178,254,253,1,169,1,150,251,168,6,83,4,89,252,204,189,0,228,1,22,1,11,0,113,0,49,0,22,0,14,0,12,
0,181,253,90,254,32,2,111,1,214,251,94,6,83,4,89,252,204,189,0,232,1,22,1,10,0,112,0,48,0,21,0,14,0,11,
0,181,253,90,254,32,2,111,1,214,251,94,6,134,3,110,252,79,191,0,236,1,22,1,10,0,111,0,48,0,22,0,14,0,11,
0,197,253,14,254,37,2,111,1,214,251,94,6,195,2,165,252,23,192,0,240,1,22,1,9,0,111,0,48,0,20,0,14,0,11,
0,233,253,200,253,50,2,111,1,214,251,94,6,102,3,249,251,249,190,0,243,1,21,1,8,0,111,0,49,0,22,0,14,0,12,
0,233,253,200,253,89,2,111,1,214,251,94,6,102,3,249,252,229,188,0,246,1,21,1,8,0,111,0,48,0,22,0,14,0,12,
0,245,253,117,253,89,2,111,1,214,251,94,6,147,1,1,252,229,188,0,250,1,21,1,8,0,111,0,47,0,21,0,13,0,11,
0,215,253,57,253,114,2,111,1,214,251,94,6,245,1,103,252,32,194,0,254,1,20,1,7,0,111,0,48,0,22,0,14,0,12,
0,207,253,6,253,86,2,111,1,214,251,94,6,199,2,147,251,175,189,1,1,1,21,1,6,0,110,0,47,0,21,0,14,0,11,
0,207,253,6,253,86,2,111,1,214,251,94,6,3,1,253,251,94,189,1,5,1,20,1,5,0,110,0,47,0,21,0,14,0,11,
0,192,253,216,252,90,2,111,1,214,251,94,6,3,1,253,251,94,189,1,8,1,20,1,4,0,110,0,47,0,21,0,14,0,11,
0,216,253,191,252,157,2,164,1,206,251,184,6,0,1,178,252,93,193,1,12,1,20,1,4,0,108,0,41,0,19,0,14,0,11,
0,239,253,164,252,189,2,164,1,206,251,184,6,236,1,121,252,23,193,1,16,1,19,1,3,0,109,0,43,0,20,0,14,0,12,
0,239,253,164,252,189,2,164,1,206,251,184,6,196,1,168,251,28,189,1,19,1,18,1,3,0,108,0,43,0,19,0,13,0,11,
0,225,253,120,252,176,2,164,1,206,251,184,6,196,1,58,252,181,189,1,22,1,17,1,2,0,108,0,44,0,20,0,14,0,12,
0,226,253,80,252,210,2,164,1,206,251,184,6,102,255,58,252,181,189,1,25,1,16,1,1,0,108,0,45,0,20,0,14,0,11,
0,2,254,30,252,241,2,164,1,206,251,184,6,198,255,181,252,246,193,1,28,1,16,1,1,0,107,0,44,0,19,0,13,0,11,
0,2,254,30,252,241,2,164,1,206,251,184,6,94,0,60,252,94,191,1,30,1,16,1,0,0,107,0,45,0,20,0,14,0,11,
0,245,253,250,251,241,2,164,1,206,251,184,6,50,255,219,251,116,188,1,33,1,16,1,0,0,106,0,44,0,19,0,13,0,11,
0,250,253,237,251,219,2,164,1,206,251,184,6,50,255,219,251,209,190,1,35,1,14,0,255,0,106,0,45,0,22,0,14,0,12,
0,250,253,237,251,220,2,164,1,206,251,184,6,134,253,211,252,209,190,1,38,1,14,0,254,0,106,0,45,0,21,0,14,0,12,
0,246,253,237,251,220,2,134,1,169,251,151,6,203,254,93,252,7,194,1,40,1,14,0,254,0,106,0,44,0,21,0,14,0,11,
0,250,253,202,251,223,2,134,1,169,251,151,6,209,254,240,251,192,190,1,42,1,14,0,253,0,105,0,45,0,21,0,14,0,12,
0,23,254,190,251,227,2,134,1,169,251,151,6,209,253,204,252,61,190,1,44,1,14,0,253,0,105,0,44,0,20,0,13,0,11,
0,23,254,190,251,227,2,134,1,169,251,151,6,101,253,204,252,61,190,1,45,1,12,0,251,0,105,0,45,0,21,0,14,0,11,
0,42,254,205,251,1,3,134,1,169,251,151,6,52,254,241,252,172,192,1,46,1,12,0,251,0,105,0,45,0,21,0,14,0,12,
0,60,254,197,251,249,2,134,1,169,251,151,6,207,253,223,252,249,189,1,47,1,12,0,250,0,104,0,44,0,20,0,14,0,11,
0,61,254,201,251,230,2,134,1,169,251,151,6,58,252,13,253,109,191,1,48,1,12,0,249,0,104,0,44,0,20,0,13,0,11,
0,61,254,201,251,230,2,134,1,169,251,151,6,58,252,13,253,176,191,1,48,1,11,0,248,0,104,0,45,0,21,0,14,0,12,
0,87,254,206,251,214,2,134,1,169,251,151,6,184,252,17,253,176,191,1,49,1,10,0,247,0,103,0,44,0,20,0,14,0,11,
0,122,254,227,251,197,2,134,1,169,251,151,6,127,252,231,252,27,190,1,49,1,11,0,246,0,102,0,44,0,20,0,13,0,11,
0,117,254,227,252,186,2,134,1,169,251,151,6,138,251,47,253,230,190,1,49,1,10,0,246,0,102,0,43,0,20,0,13,0,11,
0,117,254,23,252,186,2,153,1,224,251,189,5,173,251,21,253,119,192,1,49,1,10,0,245,0,101,0,47,0,22,0,14,0,11,
0,135,254,57,252,184,2,153,1,224,251,189,5,173,251,21,253,119,192,1,50,1,10,0,244,0,101,0,46,0,20,0,13,0,11,
0,150,254,79,252,180,2,153,1,224,251,189,5,137,252,218,252,59,192,1,49,1,9,0,243,0,101,0,46,0,21,0,13,0,11,
0,150,254,79,252,173,2,153,1,224,251,189,5,117,251,251,252,94,189,1,49,1,9,0,242,0,100,0,45,0,21,0,13,0,11,
0,178,254,97,252,173,2,153,1,224,251,189,5,74,251,130,253,246,191,1,49,1,8,0,242,0,99,0,44,0,20,0,13,0,11,
0,148,254,131,252,135,2,153,1,224,251,189,5,74,251,253,253,103,192,1,49,1,8,0,241,0,100,0,44,0,21,0,14,0,11,
0,160,254,165,252,138,2,153,1,224,251,189,5,22,252,253,253,103,192,1,50,1,8,0,241,0,99,0,43,0,20,0,13,0,11,
0,160,254,165,252,138,2,153,1,224,251,189,5,101,252,104,253,24,189,1,49,1,7,0,240,0,99,0,43,0,20,0,13,0,11,
0,173,254,163,252,152,2,153,1,224,251,189,5,81,250,222,253,231,188,1,48,1,6,0,240,0,99,0,43,0,20,0,13,0,11,
0,160,254,191,252,158,2,153,1,224,251,189,5,40,251,8,254,235,193,1,48,1,6,0,240,0,99,0,42,0,19,0,13,0,11,
0,194,254,9,253,149,2,180,1,166,251,54,6,40,251,8,254,230,190,1,48,1,6,0,240,0,98,0,42,0,19,0,13,0,11,
0,194,254,9,253,149,2,180,1,166,251,54,6,203,251,89,253,230,190,1,47,1,5,0,240,0,99,0,43,0,20,0,14,0,12,
0,210,254,47,253,114,2,180,1,166,251,54,6,10,251,141,253,251,187,1,47,1,5,0,240,0,98,0,42,0,20,0,13,0,11,
0,235,254,82,253,109,2,180,1,166,251,54,6,26,250,67,254,173,189,1,47,1,4,0,239,0,98,0,42,0,18,0,13,0,12,
0,241,254,82,253,100,2,180,1,166,251,54,6,26,250,55,254,168,192,1,46,1,5,0,240,0,98,0,41,0,19,0,13,0,11,
0,241,254,132,253,100,2,180,1,166,251,54,6,68,251,55,254,168,192,1,46,1,4,0,240,0,98,0,42,0,20,0,14,0,12,
0,0,255,186,253,88,2,180,1,166,251,54,6,184,252,249,253,230,190,1,46,1,5,0,241,0,97,0,41,0,19,0,13,0,11,
0,62,255,2,254,71,2,180,1,166,251,54,6,79,251,26,254,254,186,1,45,1,4,0,240,0,98,0,42,0,20,0,13,0,11,
0,62,255,2,254,65,2,180,1,166,251,54,6,182,250,17,255,21,191,1,45,1,4,0,240,0,98,0,42,0,20,0,13,0,11,
0,140,255,41,254,65,2,180,1,166,251,54,6,182,250,17,255,156,191,1,44,1,4,0,241,0,98,0,41,0,19,0,13,0,11,
0,127,255,58,254,36,2,194,1,206,251,58,6,19,253,176,254,156,191,1,44,1,4,0,241,0,97,0,41,0,19,0,13,0,11,
0,114,255,89,254,17,2,194,1,206,251,58,6,30,252,59,254,87,188,1,44,1,4,0,242,0,97,0,41,0,19,0,13,0,11,
0,114,255,89,254,17,2,194,1,206,251,58,6,20,251,147,254,254,188,1,42,1,3,0,242,0,98,0,41,0,20,0,13,0,11,
0,127,255,148,254,10,2,194,1,206,251,58,6,137,251,161,254,21,193,1,42,1,3,0,243,0,98,0,41,0,20,0,13,0,11,
0,160,255,205,254,6,2,194,1,206,251,58,6,137,251,161,254,21,193,1,41,1,3,0,243,0,98,0,41,0,19,0,13,0,11,
0,178,255,253,254,209,1,194,1,206,251,58,6,184,252,253,253,48,189,1,41,1,4,0,244,0,98,0,41,0,19,0,13,0,11,
0,178,255,253,254,209,1,194,1,206,251,58,6,88,251,75,254,185,188,1,40,1,3,0,244,0,99,0,41,0,19,0,13,0,11,
0,162,255,52,255,195,1,194,1,206,251,58,6,225,252,95,254,22,191,1,39,1,3,0,244,0,99,0,42,0,20,0,13,0,11,
0,222,255,95,255,197,1,194,1,206,251,58,6,225,252,95,254,219,188,1,38,1,3,0,245,0,99,0,42,0,20,0,13,0,11,
0,1,0,95,255,208,1,194,1,206,251,58,6,19,253,79,254,219,188,1,37,1,3,0,246,0,100,0,42,0,19,0,13,0,11,
0,1,0,140,255,208,1,159,1,164,251,171,6,138,252,184,254,75,190,1,37,1,4,0,247,0,100,0,42,0,20,0,14,0,12,
0,12,0,179,255,187,1,159,1,164,251,171,6,153,253,176,254,200,190,1,36,1,4,0,249,0,100,0,42,0,19,0,13,0,11,
0,49,0,230,255,170,1,159,1,164,251,171,6,194,253,58,254,218,188,1,35,1,4,0,249,0,101,0,43,0,20,0,13,0,12,
0,49,0,230,255,172,1,159,1,164,251,171,6,194,253,58,254,218,188,1,34,1,4,0,250,0,101,0,43,0,20,0,13,0,12,
0,76,0,41,0,172,1,159,1,164,251,171,6,108,253,99,254,115,189,1,34,1,5,0,251,0,101,0,42,0,19,0,13,0,11,
0,56,0,58,0,187,1,159,1,164,251,171,6,129,253,4,254,255,189,1,33,1,4,0,252,0,102,0,43,0,20,0,14,0,12,
0,35,0,83,0,206,1,159,1,164,251,171,6,133,253,84,254,42,191,1,33,1,5,0,253,0,102,0,42,0,19,0,13,0,11,
0,35,0,83,0,206,1,159,1,164,251,171,6,133,253,164,253,57,190,1,31,1,5,0,255,0,104,0,43,0,20,0,13,0,11,
0,36,0,132,0,197,1,159,1,164,251,171,6,34,254,164,253,57,190,1,31,1,6,0,255,0,104,0,43,0,20,0,14,0,12,
0,40,0,169,0,171,1,159,1,164,251,171,6,204,253,163,253,197,189,1,31,1,5,1,0,0,104,0,43,0,17,0,13,0,11,
0,62,0,221,0,183,1,159,1,164,251,171,6,173,254,137,253,98,190,1,31,1,6,1,1,0,104,0,44,0,19,0,13,0,11,
0,62,0,221,0,183,1,11,2,170,251,183,6,13,255,169,253,157,190,1,30,1,6,1,2,0,104,0,43,0,18,0,13,0,11,
0,85,0,245,0,187,1,11,2,170,251,183,6,13,255,169,253,252,190,1,29,1,6,1,3,0,105,0,44,0,19,0,13,0,11,
0,101,0,252,0,196,1,11,2,170,251,183,6,189,254,149,253,252,190,1,29,1,6,1,4,0,106,0,44,0,20,0,13,0,11,
0,101,0,252,0,203,1,11,2,170,251,183,6,190,255,66,253,67,191,1,28,1,6,1,5,0,106,0,44,0,19,0,13,0,11,
0,132,0,10,1,203,1,11,2,170,251,183,6,199,255,218,252,221,189,1,28,1,6,1,6,0,107,0,45,0,20,0,13,0,11,
0,114,0,23,1,176,1,11,2,170,251,183,6,199,255,63,253,230,191,1,28,1,8,1,7,0,107,0,44,0,19,0,13,0,11,
0,161,0,36,1,182,1,11,2,170,251,183,6,46,255,63,253,230,191,1,27,1,7,1,7,0,107,0,45,0,20,0,13,0,11,
0,161,0,36,1,170,1,11,2,170,251,183,6,235,255,124,252,233,190,1,26,1,8,1,8,0,108,0,45,0,20,0,13,0,11,
0,170,0,61,1,170,1,11,2,170,251,183,6,253,254,78,252,58,189,1,26,1,7,1,8,0,108,0,45,0,19,0,13,0,11,
0,184,0,88,1,144,1,11,2,170,251,183,6,23,255,155,252,5,193,1,26,1,8,1,9,0,108,0,46,0,20,0,14,0,12,
0,195,0,88,1,126,1,215,1,204,251,237,5,23,255,155,252,147,191,1,25,1,8,1,9,0,109,0,46,0,20,0,13,0,11,
0,195,0,88,1,126,1,215,1,204,251,237,5,207,0,248,251,147,191,1,25,1,8,1,9,0,110,0,47,0,21,0,14,0,12,
0,185,0,80,1,123,1,215,1,204,251,237,5,97,0,132,251,20,189,1,24,1,8,1,10,0,110,0,47,0,21,0,14,0,12,
0,140,0,95,1,151,1,215,1,204,251,237,5,165,255,119,252,167,194,1,24,1,8,1,11,0,110,0,46,0,20,0,13,0,11,
0,98,0,102,1,157,1,215,1,204,251,237,5,6,1,178,251,52,192,1,24,1,9,1,11,0,110,0,47,0,21,0,14,0,12,
0,98,0,102,1,157,1,215,1,204,251,237,5,6,1,178,251,52,192,1,24,1,9,1,11,0,110,0,47,0,20,0,13,0,11,
0,118,0,145,1,155,1,215,1,204,251,237,5,41,1,61,251,34,189,1,24,1,9,1,11,0,111,0,47,0,21,0,14,0,11,
0,120,0,111,1,158,1,215,1,204,251,237,5,193,255,90,251,11,191,1,23,1,9,1,11,0,111,0,47,0,21,0,14,0,11,
0,120,0,111,1,157,1,215,1,204,251,237,5,130,0,131,251,164,194,1,23,1,9,1,11,0,110,0,47,0,20,0,13,0,11,
0,86,0,100,1,157,1,215,1,204,251,237,5,130,0,66,250,110,191,1,23,1,9,1,12,0,111,0,47,0,20,0,13,0,11,
0,56,0,121,1,200,1,233,1,163,251,2,7,79,2,66,250,110,191,1,23,1,8,1,11,0,111,0,47,0,21,0,14,0,11,
0,121,0,124,1,198,1,233,1,163,251,2,7,204,0,67,250,107,191,1,23,1,8,1,11,0,111,0,47,0,20,0,13,0,11,
0,121,0,124,1,171,1,233,1,163,251,2,7,189,255,156,250,51,193,1,23,1,8,1,11,0,111,0,47,0,21,0,14,0,11,
0,123,0,125,1,171,1,233,1,163,251,2,7,132,1,97,250,64,195,1,23,1,9,1,11,0,110,0,47,0,20,0,13,0,11,
0,114,0,135,1,151,1,233,1,163,251,2,7,132,1,97,250,173,191,1,22,1,9,1,11,0,111,0,47,0,21,0,14,0,12,
0,91,0,116,1,145,1,233,1,163,251,2,7,216,1,164,249,173,191,1,23,1,9,1,11,0,110,0,47,0,20,0,13,0,11,
0,91,0,116,1,145,1,233,1,163,251,2,7,211,0,31,250,174,191,1,22,1,9,1,9,0,111,0,47,0,21,0,14,0,12,
0,56,0,105,1,155,1,233,1,163,251,2,7,81,1,67,250,99,194,1,22,1,8,1,8,0,110,0,41,0,20,0,14,0,12,
0,48,0,99,1,141,1,233,1,163,251,2,7,81,1,139,249,30,193,1,22,1,8,1,8,0,110,0,43,0,19,0,14,0,12,
0,37,0,75,1,161,1,233,1,163,251,2,7,234,1,139,249,30,193,1,23,1,8,1,8,0,110,0,44,0,19,0,13,0,11,
0,37,0,75,1,161,1,7,2,185,251,201,6,43,1,140,249,58,191,1,23,1,8,1,6,0,110,0,45,0,20,0,14,0,12,
0,42,0,51,1,176,1,7,2,185,251,201,6,35,1,163,249,5,193,1,22,1,8,1,5,0,110,0,46,0,20,0,14,0,11,
0,34,0,37,1,123,1,7,2,185,251,201,6,17,2,164,249,108,194,1,22,1,7,1,5,0,109,0,46,0,20,0,14,0,12,
0,34,0,37,1,119,1,7,2,185,251,201,6,17,2,164,249,82,192,1,22,1,8,1,4,0,108,0,46,0,20,0,13,0,11,
0,44,0,40,1,119,1,7,2,185,251,201,6,40,2,46,249,82,192,1,22,1,7,1,3,0,109,0,46,0,21,0,14,0,12,
0,45,0,23,1,123,1,7,2,185,251,201,6,9,1,65,249,13,192,1,22,1,8,1,3,0,108,0,46,0,20,0,13,0,11,
0,227,255,0,1,107,1,7,2,185,251,201,6,101,1,118,249,29,193,1,22,1,7,1,1,0,108,0,46,0,20,0,14,0,11,
0,227,255,0,1,107,1,7,2,185,251,201,6,99,2,149,249,3,194,1,21,1,6,1,0,0,108,0,46,0,20,0,14,0,12,
0,216,255,222,0,133,1,7,2,185,251,201,6,99,2,149,249,3,194,1,22,1,6,0,255,0,106,0,45,0,22,0,13,0,11,
0,209,255,219,0,143,1,7,2,185,251,201,6,66,2,71,249,32,192,1,22,1,6,0,255,0,106,0,45,0,21,0,13,0,11,
0,168,255,199,0,165,1,7,2,185,251,120,5,96,1,36,249,213,191,1,22,1,5,0,254,0,106,0,46,0,22,0,14,0,12,
0,168,255,199,0,165,1,182,1,210,251,120,5,185,1,182,249,127,193,1,22,1,6,0,253,0,105,0,45,0,21,0,14,0,11,
0,122,255,155,0,178,1,182,1,210,251,120,5,185,1,182,249,203,192,1,22,1,5,0,252,0,105,0,45,0,21,0,14,0,11,
0,134,255,122,0,163,1,182,1,210,251,120,5,115,2,104,249,203,192,1,22,1,5,0,251,0,104,0,44,0,20,0,13,0,11,
0,162,255,60,0,185,1,182,1,210,251,120,5,15,2,144,249,99,191,1,23,1,5,0,249,0,104,0,44,0,20,0,13,0,11,
0,162,255,60,0,185,1,182,1,210,251,120,5,50,1,228,249,42,193,1,23,1,3,0,247,0,104,0,44,0,21,0,14,0,11,
0,161,255,39,0,206,1,182,1,210,251,120,5,132,2,149,249,52,193,1,23,1,3,0,247,0,103,0,44,0,20,0,13,0,11,
0,136,255,29,0,197,1,182,1,210,251,120,5,132,2,149,249,52,193,1,23,1,3,0,246,0,103,0,44,0,20,0,14,0,12,
0,136,255,29,0,182,1,182,1,210,251,120,5,141,1,175,249,145,190,1,23,1,3,0,246,0,102,0,47,0,21,0,13,0,11,
0,94,255,242,255,182,1,182,1,210,251,120,5,50,1,84,250,7,194,1,23,1,3,0,246,0,102,0,47,0,21,0,13,0,11,
0,93,255,219,255,150,1,182,1,210,251,120,5,129,2,58,250,255,193,1,23,1,3,0,244,0,101,0,46,0,20,0,13,0,11,
0,81,255,204,255,137,1,218,1,183,251,227,6,129,2,244,249,59,192,1,23,1,1,0,242,0,101,0,46,0,22,0,14,0,12,
0,81,255,204,255,137,1,218,1,183,251,227,6,38,2,244,249,59,192,1,24,1,1,0,240,0,100,0,45,0,21,0,14,0,11,
0,57,255,189,255,142,1,218,1,183,251,227,6,73,1,120,250,37,191,1,24,1,0,0,239,0,100,0,44,0,19,0,13,0,11,
0,52,255,156,255,124,1,218,1,183,251,227,6,92,1,26,251,105,194,1,25,0,255,0,240,0,99,0,43,0,20,0,13,0,11,
0,77,255,92,255,116,1,218,1,183,251,227,6,198,2,181,250,73,193,1,24,0,254,0,239,0,99,0,44,0,19,0,14,0,11,
0,77,255,92,255,116,1,218,1,183,251,227,6,198,2,181,250,54,189,1,24,0,254,0,239,0,99,0,43,0,19,0,13,0,11,
0,63,255,68,255,129,1,218,1,183,251,227,6,56,2,71,250,54,189,1,24,0,254,0,239,0,98,0,43,0,19,0,13,0,11,
0,59,255,53,255,140,1,218,1,183,251,227,6,91,0,55,251,210,191,1,24,0,254,0,238,0,97,0,42,0,19,0,13,0,11,
0,53,255,41,255,120,1,218,1,183,251,227,6,254,0,163,251,111,194,1,25,0,254,0,237,0,97,0,43,0,19,0,13,0,12,
0,53,255,41,255,120,1,218,1,183,251,227,6,254,2,50,251,141,192,1,25,0,254,0,236,0,97,0,41,0,18,0,12,0,11,
0,46,255,71,255,105,1,184,1,234,251,237,5,164,2,50,251,141,192,1,25,0,253,0,235,0,97,0,42,0,18,0,13,0,11,
0,68,255,55,255,82,1,184,1,234,251,237,5,228,1,234,250,53,191,1,25,0,253,0,235,0,96,0,41,0,19,0,13,0,11,
0,68,255,55,255,70,1,184,1,234,251,237,5,144,0,67,251,149,190,1,25,0,253,0,234,0,96,0,41,0,18,0,13,0,11,
0,43,255,40,255,70,1,184,1,234,251,237,5,87,1,159,251,208,193,1,26,0,253,0,235,0,96,0,41,0,19,0,13,0,11,
0,41,255,249,254,80,1,184,1,234,251,237,5,87,1,159,251,33,193,1,26,0,253,0,235,0,95,0,40,0,17,0,12,0,11,
0,46,255,205,254,67,1,184,1,234,251,237,5,119,2,117,251,33,193,1,25,0,252,0,234,0,96,0,41,0,18,0,13,0,11,
0,46,255,205,254,67,1,184,1,234,251,237,5,184,1,85,251,180,189,1,25,0,252,0,234,0,96,0,41,0,19,0,13,0,11,
0,33,255,221,254,59,1,184,1,234,251,237,5,122,255,219,251,156,191,1,26,0,253,0,234,0,95,0,40,0,18,0,13,0,11,
0,60,255,207,254,78,1,184,1,234,251,237,5,31,1,168,251,153,194,1,25,0,252,0,233,0,95,0,41,0,19,0,13,0,12,
0,52,255,175,254,92,1,184,1,234,251,237,5,31,1,168,251,153,194,1,26,0,252,0,233,0,94,0,40,0,17,0,13,0,11,
0,52,255,175,254,92,1,189,1,178,251,129,7,238,1,242,250,8,191,1,26,0,251,0,232,0,95,0,41,0,19,0,13,0,11,
0,60,255,159,254,99,1,189,1,178,251,129,7,71,0,178,251,34,190,1,26,0,251,0,232,0,95,0,40,0,19,0,13,0,11,
0,60,255,170,254,98,1,189,1,178,251,129,7,165,255,50,252,181,192,1,26,0,251,0,232,0,94,0,40,0,18,0,13,0,11,
0,53,255,168,254,100,1,189,1,178,251,129,7,165,255,116,251,75,193,1,26,0,250,0,232,0,95,0,40,0,19,0,13,0,12,
0,53,255,168,254,100,1,189,1,178,251,129,7,186,1,116,251,75,193,1,26,0,251,0,232,0,94,0,40,0,17,0,13,0,11,
0,55,255,166,254,81,1,189,1,178,251,129,7,132,0,69,251,24,189,1,26,0,250,0,232,0,95,0,40,0,18,0,13,0,11,
0,88,255,133,254,67,1,189,1,178,251,129,7,170,255,36,252,67,192,1,27,0,249,0,232,0,94,0,40,0,18,0,13,0,11,
0,88,255,133,254,55,1,189,1,178,251,129,7,183,0,236,251,80,193,1,27,0,250,0,232,0,93,0,40,0,17,0,12,0,11,
0,117,255,111,254,55,1,189,1,178,251,129,7,183,0,236,251,11,191,1,27,0,249,0,232,0,94,0,40,0,18,0,13,0,11,
0,87,255,95,254,46,1,189,1,178,251,129,7,153,0,127,251,11,191,1,27,0,250,0,232,0,93,0,40,0,17,0,12,0,11,
0,75,255,62,254,66,1,249,1,130,251,127,6,126,0,111,251,37,190,1,26,0,249,0,232,0,94,0,40,0,18,0,13,0,11,
0,75,255,62,254,66,1,249,1,130,251,127,6,141,255,104,251,59,191,1,26,0,250,0,232,0,94,0,40,0,18,0,13,0,11,
0,71,255,56,254,53,1,249,1,130,251,127,6,141,255,228,251,55,193,1,26,0,250,0,233,0,93,0,39,0,17,0,12,0,11,
0,57,255,100,254,38,1,249,1,130,251,127,6,27,255,228,251,55,193,1,26,0,250,0,233,0,94,0,40,0,18,0,12,0,11,
0,79,255,112,254,41,1,249,1,130,251,127,6,144,0,65,251,119,192,1,26,0,250,0,233,0,94,0,40,0,17,0,12,0,11,
0,79,255,112,254,41,1,249,1,130,251,127,6,197,255,245,250,86,188,1,25,0,250,0,233,0,94,0,40,0,18,0,13,0,11,
0,64,255,96,254,28,1,249,1,130,251,127,6,31,255,197,251,21,192,1,25,0,250,0,233,0,94,0,40,0,19,0,13,0,11,
0,46,255,97,254,45,1,249,1,130,251,127,6,31,255,197,251,171,192,1,25,0,250,0,234,0,94,0,40,0,18,0,13,0,11,
0,34,255,97,254,30,1,249,1,130,251,127,6,75,0,105,251,171,192,1,25,0,251,0,234,0,95,0,40,0,18,0,13,0,11,
0,34,255,100,254,30,1,249,1,130,251,127,6,170,0,14,251,240,190,1,25,0,250,0,234,0,94,0,40,0,18,0,13,0,11,
0,54,255,107,254,25,1,249,1,130,251,127,6,95,255,238,250,131,189,1,24,0,250,0,234,0,95,0,40,0,18,0,13,0,11,
0,83,255,120,254,43,1,186,1,212,251,232,5,251,254,65,251,55,192,1,24,0,250,0,234,0,95,0,40,0,18,0,13,0,12,
0,83,255,120,254,29,1,186,1,212,251,232,5,251,254,65,251,55,192,1,24,0,250,0,234,0,94,0,40,0,18,0,12,0,11,
0,117,255,113,254,29,1,186,1,212,251,232,5,155,255,60,251,16,193,1,24,0,250,0,234,0,95,0,40,0,18,0,13,0,11,
0,124,255,84,254,47,1,186,1,212,251,232,5,209,255,200,250,71,191,1,23,0,250,0,235,0,95,0,40,0,17,0,12,0,11,
0,100,255,85,254,46,1,186,1,212,251,232,5,21,255,91,250,148,189,1,23,0,249,0,234,0,95,0,40,0,18,0,13,0,11,
0,100,255,85,254,46,1,186,1,212,251,232,5,21,255,91,250,137,191,1,23,0,249,0,234,0,95,0,40,0,18,0,13,0,11,
0,101,255,134,254,57,1,186,1,212,251,232,5,198,253,238,250,137,191,1,22,0,249,0,234,0,95,0,40,0,19,0,13,0,11,
0,47,255,145,254,33,1,186,1,212,251,232,5,207,254,31,251,135,193,1,22,0,249,0,234,0,95,0,40,0,18,0,13,0,11,
0,35,255,159,254,6,1,186,1,212,251,232,5,47,255,73,250,219,190,1,22,0,250,0,235,0,94,0,40,0,17,0,12,0,10,
0,35,255,159,254,6,1,186,1,212,251,232,5,162,254,98,250,82,190,1,21,0,249,0,234,0,95,0,40,0,18,0,12,0,11,
0,74,255,160,254,14,1,251,1,177,251,249,6,162,254,98,250,82,190,1,21,0,249,0,234,0,95,0,40,0,18,0,13,0,11,
0,83,255,169,254,9,1,251,1,177,251,249,6,220,253,212,250,234,191,1,20,0,249,0,234,0,94,0,40,0,17,0,12,0,11,
0,72,255,169,254,31,1,251,1,177,251,249,6,162,254,221,250,3,193,1,20,0,249,0,234,0,95,0,40,0,18,0,13,0,11,
0,72,255,151,254,31,1,251,1,177,251,249,6,224,254,112,250,154,192,1,20,0,250,0,234,0,94,0,40,0,17,0,12,0,11,
0,61,255,175,254,38,1,251,1,177,251,249,6,224,254,38,250,145,189,1,19,0,249,0,234,0,95,0,40,0,18,0,13,0,11,
0,89,255,213,254,44,1,251,1,177,251,249,6,157,254,38,250,145,189,1,18,0,249,0,234,0,95,0,40,0,18,0,13,0,11,
0,89,255,213,254,30,1,251,1,177,251,249,6,205,253,99,250,3,190,1,18,0,250,0,234,0,95,0,40,0,17,0,12,0,11,
0,111,255,220,254,30,1,251,1,177,251,249,6,77,253,33,251,38,192,1,17,0,250,0,234,0,95,0,40,0,18,0,13,0,12,
0,74,255,0,255,2,1,251,1,177,251,249,6,169,254,218,250,245,192,1,17,0,250,0,234,0,94,0,40,0,18,0,13,0,11,
0,33,255,45,255,254,0,251,1,177,251,249,6,169,254,218,250,62,191,1,16,0,250,0,234,0,95,0,40,0,18,0,13,0,11,
0,33,255,45,255,254,0,230,1,214,251,133,6,228,254,98,250,62,191,1,16,0,250,0,234,0,95,0,41,0,18,0,13,0,12,
0,48,255,46,255,247,0,230,1,214,251,133,6,6,254,175,250,156,190,1,16,0,251,0,234,0,95,0,40,0,18,0,12,0,11,
0,49,255,63,255,248,0,230,1,214,251,133,6,167,253,53,251,99,190,1,16,0,251,0,235,0,94,0,40,0,17,0,12,0,11,
0,20,255,68,255,11,1,230,1,214,251,133,6,167,253,71,251,49,192,1,16,0,250,0,234,0,95,0,40,0,19,0,13,0,12,
0,20,255,68,255,11,1,230,1,214,251,133,6,162,253,71,251,49,192,1,15,0,250,0,234,0,95,0,35,0,17,0,13,0,12,
0,32,255,47,255,246,0,230,1,214,251,133,6,110,254,86,251,181,191,1,16,0,250,0,234,0,95,0,36,0,17,0,13,0,12,
0,22,255,74,255,249,0,230,1,214,251,133,6,59,254,228,250,38,190,1,16,0,250,0,235,0,94,0,37,0,16,0,13,0,11,
0,45,255,74,255,237,0,230,1,214,251,133,6,151,253,74,251,29,190,1,16,0,250,0,235,0,95,0,37,0,17,0,12,0,11,
0,45,255,83,255,237,0,230,1,214,251,133,6,151,253,74,251,175,191,1,15,0,250,0,235,0,95,0,39,0,17,0,13,0,11,
0,52,255,63,255,218,0,230,1,214,251,133,6,73,253,207,251,175,191,1,15,0,250,0,235,0,95,0,39,0,17,0,12,0,11,
0,51,255,82,255,221,0,236,1,170,251,200,6,249,253,220,251,163,191,1,14,0,249,0,235,0,95,0,39,0,18,0,13,0,11,
0,51,255,82,255,199,0,236,1,170,251,200,6,88,254,164,251,239,190,1,14,0,250,0,235,0,95,0,39,0,17,0,12,0,11,
0,47,255,110,255,199,0,236,1,170,251,200,6,56,254,171,251,85,190,1,15,0,250,0,234,0,95,0,39,0,17,0,12,0,11,
0,48,255,166,255,166,0,236,1,170,251,200,6,56,254,171,251,85,190,1,14,0,249,0,234,0,95,0,40,0,18,0,13,0,11,
0,58,255,194,255,172,0,236,1,170,251,200,6,171,253,5,252,240,189,1,14,0,249,0,234,0,95,0,40,0,18,0,13,0,11,
0,58,255,194,255,172,0,236,1,170,251,200,6,127,253,53,252,22,191,1,13,0,249,0,235,0,95,0,40,0,18,0,13,0,11,
0,68,255,205,255,177,0,236,1,170,251,200,6,233,254,199,251,78,190,1,13,0,250,0,236,0,95,0,40,0,17,0,12,0,11,
0,88,255,241,255,203,0,236,1,170,251,200,6,233,254,42,252,67,190,1,13,0,251,0,235,0,95,0,40,0,18,0,13,0,11,
0,105,255,3,0,190,0,236,1,170,251,200,6,88,254,42,252,67,190,1,13,0,251,0,235,0,95,0,40,0,17,0,13,0,11,
0,105,255,3,0,190,0,236,1,170,251,200,6,102,254,113,252,157,190,1,12,0,251,0,234,0,95,0,41,0,18,0,13,0,11,
0,116,255,6,0,166,0,236,1,170,251,200,6,87,254,61,252,220,189,1,12,0,251,0,234,0,95,0,40,0,19,0,13,0,11,
0,114,255,4,0,150,0,0,2,137,251,230,5,81,254,29,252,120,190,1,12,0,251,0,234,0,95,0,40,0,19,0,13,0,11,
0,114,255,4,0,148,0,0,2,137,251,230,5,81,254,29,252,120,190,1,13,0,251,0,234,0,95,0,40,0,18,0,13,0,11,
0,91,255,19,0,148,0,0,2,137,251,230,5,195,253,203,252,179,190,1,13,0,251,0,235,0,95,0,40,0,17,0,13,0,11,
0,143,255,41,0,140,0,0,2,137,251,230,5,38,254,162,252,83,192,1,12,0,252,0,235,0,95,0,40,0,18,0,13,0,11,
0,120,255,42,0,164,0,0,2,137,251,230,5,98,255,65,252,144,190,1,12,0,252,0,235,0,95,0,44,0,19,0,13,0,11,
0,120,255,42,0,155,0,0,2,137,251,230,5,98,255,20,252,60,189,1,12,0,253,0,236,0,95,0,43,0,18,0,12,0,11,
0,113,255,61,0,155,0,0,2,137,251,230,5,213,254,20,252,60,189,1,12,0,252,0,236,0,95,0,43,0,19,0,13,0,11,
0,101,255,62,0,144,0,0,2,137,251,230,5,143,254,126,252,55,189,1,12,0,253,0,237,0,95,0,41,0,18,0,12,0,10,
0,78,255,43,0,162,0,0,2,137,251,230,5,43,254,227,252,0,190,1,12,0,254,0,237,0,95,0,42,0,19,0,12,0,11,
0,78,255,43,0,162,0,0,2,137,251,230,5,17,255,249,252,6,192,1,12,0,254,0,237,0,96,0,42,0,19,0,13,0,11,
0,71,255,47,0,160,0,2,2,196,251,250,5,17,255,249,252,194,190,1,12,0,254,0,237,0,95,0,41,0,18,0,13,0,11,
0,132,255,57,0,131,0,2,2,196,251,250,5,160,255,204,252,194,190,1,11,0,254,0,237,0,96,0,41,0,19,0,13,0,11,
0,156,255,96,0,112,0,2,2,196,251,250,5,144,255,143,252,210,188,1,12,0,254,0,238,0,96,0,41,0,18,0,12,0,11,
0,156,255,96,0,112,0,2,2,196,251,250,5,57,255,140,252,163,189,1,11,0,254,0,238,0,96,0,41,0,19,0,13,0,11,
0,154,255,102,0,96,0,2,2,196,251,250,5,57,255,196,252,38,189,1,11,0,254,0,239,0,96,0,41,0,19,0,13,0,11,
0,166,255,78,0,99,0,2,2,196,251,250,5,49,255,196,252,38,189,1,11,0,254,0,239,0,97,0,41,0,19,0,13,0,12,
0,166,255,78,0,132,0,2,2,196,251,250,5,137,255,43,253,238,190,1,12,0,254,0,239,0,97,0,41,0,19,0,13,0,12,
0,158,255,100,0,132,0,2,2,196,251,250,5,148,255,201,252,138,189,1,12,0,255,0,241,0,97,0,40,0,20,0,13,0,11,
0,170,255,117,0,124,0,2,2,196,251,250,5,135,255,197,252,167,189,1,12,0,255,0,241,0,97,0,42,0,20,0,13,0,12,
0,162,255,121,0,118,0,2,2,196,251,250,5,135,255,197,252,177,189,1,12,0,255,0,241,0,97,0,41,0,20,0,14,0,12,
0,162,255,121,0,91,0,149,1,223,251,206,6,84,255,255,252,177,189,1,12,0,255,0,242,0,97,0,41,0,19,0,13,0,11,
0,164,255,125,0,91,0,149,1,223,251,206,6,18,0,243,252,2,191,1,12,0,255,0,242,0,98,0,41,0,20,0,13,0,12,
0,182,255,162,0,91,0,149,1,223,251,206,6,70,0,111,252,232,189,1,13,1,0,0,243,0,98,0,41,0,19,0,13,0,11,
0,180,255,177,0,121,0,149,1,223,251,206,6,173,255,51,252,110,188,1,12,0,255,0,243,0,99,0,42,0,20,0,13,0,11,
0,180,255,177,0,121,0,149,1,223,251,206,6,173,255,51,252,110,188,1,13,0,255,0,244,0,99,0,42,0,20,0,13,0,11,
0,169,255,133,0,113,0,149,1,223,251,206,6,97,255,223,252,172,190,1,12,1,0,0,244,0,98,0,41,0,19,0,13,0,11,
0,176,255,126,0,114,0,149,1,223,251,206,6,148,0,85,252,222,190,1,13,0,255,0,244,0,99,0,42,0,20,0,13,0,11,
0,177,255,126,0,99,0,149,1,223,251,206,6,129,0,14,252,73,188,1,13,1,0,0,245,0,99,0,41,0,18,0,13,0,11,
0,177,255,126,0,99,0,149,1,223,251,206,6,129,0,95,252,103,189,1,13,1,0,0,245,0,99,0,42,0,20,0,13,0,11,
0,181,255,115,0,64,0,149,1,223,251,206,6,217,255,95,252,103,189,1,13,1,0,0,246,0,100,0,42,0,20,0,13,0,11,
0,162,255,134,0,51,0,6,2,223,251,128,6,233,255,95,252,45,190,1,13,1,0,0,246,0,100,0,42,0,20,0,13,0,11,
0,162,255,134,0,73,0,6,2,223,251,128,6,78,0,148,252,240,190,1,13,1,0,0,246,0,100,0,42,0,20,0,13,0,11,
0,162,255,127,0,73,0,6,2,223,251,128,6,58,0,88,252,218,189,1,13,1,1,0,247,0,100,0,42,0,19,0,13,0,11,
0,145,255,131,0,95,0,6,2,223,251,128,6,58,0,88,252,64,189,1,13,1,0,0,247,0,100,0,42,0,20,0,13,0,11,
0,144,255,102,0,81,0,6,2,223,251,128,6,160,0,245,251,64,189,1,13,1,0,0,247,0,101,0,43,0,20,0,13,0,11,
0,144,255,102,0,62,0,6,2,223,251,128,6,32,0,19,252,170,189,1,13,1,1,0,248,0,100,0,42,0,19,0,13,0,11,
0,132,255,80,0,62,0,6,2,223,251,128,6,65,0,88,252,104,190,1,13,1,1,0,249,0,101,0,43,0,20,0,14,0,12,
0,189,255,86,0,69,0,6,2,223,251,128,6,65,0,68,252,115,190,1,13,1,1,0,249,0,101,0,42,0,19,0,13,0,11,
0,205,255,50,0,120,0,6,2,223,251,128,6,241,255,68,252,115,190,1,12,1,1,0,248,0,102,0,43,0,20,0,14,0,12,
0,205,255,50,0,120,0,6,2,223,251,128,6,178,0,197,251,212,189,1,12,1,1,0,249,0,102,0,43,0,20,0,14,0,12,
0,167,255,32,0,130,0,6,2,223,251,128,6,251,255,195,251,210,189,1,12,1,1,0,249,0,102,0,43,0,20,0,13,0,12,
0,145,255,31,0,111,0,230,1,216,251,161,6,71,0,152,251,18,190,1,12,1,1,0,249,0,102,0,43,0,20,0,14,0,12,
0,160,255,23,0,91,0,230,1,216,251,161,6,71,0,152,251,134,191,1,12,1,2,0,249,0,101,0,43,0,19,0,13,0,11,
0,160,255,23,0,91,0,230,1,216,251,161,6,5,0,7,252,134,191,1,11,1,1,0,249,0,102,0,43,0,20,0,13,0,11,
0,189,255,32,0,79,0,230,1,216,251,161,6,187,0,122,251,47,190,1,11,1,1,0,249,0,102,0,43,0,20,0,14,0,11,
0,188,255,240,255,95,0,230,1,216,251,161,6,76,0,110,251,130,189,1,12,1,2,0,249,0,101,0,43,0,20,0,13,0,11,
0,188,255,240,255,87,0,230,1,216,251,161,6,52,0,248,251,177,190,1,11,1,1,0,248,0,102,0,43,0,20,0,14,0,11,
0,188,255,221,255,87,0,230,1,216,251,161,6,52,0,248,251,177,190,1,12,1,2,0,249,0,101,0,43,0,19,0,13,0,11,
0,168,255,236,255,90,0,230,1,216,251,161,6,57,0,136,251,119,190,1,11,1,1,0,248,0,102,0,43,0,20,0,13,0,11,
0,150,255,230,255,70,0,230,1,216,251,161,6,37,0,93,251,197,190,1,11,1,1,0,248,0,102,0,43,0,20,0,13,0,11,
0,150,255,230,255,70,0,230,1,216,251,161,6,225,255,114,251,59,190,1,11,1,1,0,247,0,101,0,43,0,20,0,13,0,11,
0,138,255,223,255,103,0,221,1,177,251,194,6,225,255,114,251,0,191,1,11,1,1,0,247,0,101,0,43,0,20,0,14,0,11,
0,151,255,206,255,143,0,221,1,177,251,194,6,58,0,134,251,0,191,1,12,1,1,0,247,0,101,0,43,0,19,0,13,0,11,
0,165,255,213,255,117,0,221,1,177,251,194,6,23,0,199,251,21,191,1,11,1,1,0,247,0,101,0,43,0,20,0,13,0,11,
0,165,255,213,255,117,0,221,1,177,251,194,6,46,0,127,251,104,191,1,11,1,1,0,246,0,101,0,43,0,20,0,13,0,12,
0,173,255,201,255,121,0,221,1,177,251,194,6,254,255,110,251,92,190,1,11,1,1,0,246,0,101,0,43,0,20,0,13,0,11,
0,171,255,200,255,90,0,221,1,177,251,194,6,254,255,110,251,92,190,1,11,1,0,0,246,0,101,0,43,0,20,0,13,0,12,
0,177,255,233,255,86,0,221,1,177,251,194,6,153,255,209,251,211,189,1,11,1,1,0,246,0,100,0,42,0,19,0,13,0,11,
0,177,255,233,255,86,0,221,1,177,251,194,6,209,255,214,251,91,191,1,11,1,0,0,245,0,101,0,43,0,20,0,13,0,11,
0,185,255,208,255,87,0,221,1,177,251,194,6,68,0,141,251,38,191,1,10,1,0,0,245,0,100,0,43,0,20,0,14,0,12,
0,164,255,207,255,58,0,221,1,177,251,194,6,68,0,115,251,75,190,1,11,1,0,0,245,0,100,0,42,0,19,0,13,0,11,
0,164,255,207,255,65,0,177,1,235,251,205,6,235,255,115,251,75,190,1,10,1,0,0,245,0,100,0,43,0,20,0,14,0,12,
0,165,255,172,255,65,0,177,1,235,251,205,6,151,255,111,251,12,191,1,10,1,0,0,245,0,100,0,42,0,19,0,13,0,11,
0,218,255,163,255,87,0,177,1,235,251,205,6,141,255,191,251,41,192,1,10,0,255,0,244,0,100,0,43,0,20,0,13,0,11,
0,185,255,185,255,84,0,177,1,235,251,205,6,110,0,123,251,126,190,1,10,0,255,0,244,0,100,0,43,0,20,0,13,0,11,
0,185,255,185,255,84,0,177,1,235,251,205,6,110,0,123,251,14,191,1,10,1,0,0,244,0,99,0,42,0,19,0,13,0,11,
0,185,255,179,255,76,0,177,1,235,251,205,6,67,255,154,251,14,191,1,10,1,0,0,244,0,100,0,42,0,19,0,13,0,11,
0,181,255,166,255,53,0,177,1,235,251,205,6,235,255,191,251,154,191,1,9,0,255,0,244,0,100,0,43,0,20,0,13,0,11,
0,185,255,181,255,51,0,177,1,235,251,205,6,141,0,130,251,124,190,1,9,0,255,0,243,0,99,0,43,0,20,0,13,0,11,
0,185,255,181,255,51,0,177,1,235,251,205,6,141,255,182,251,160,189,1,9,0,255,0,243,0,99,0,42,0,20,0,13,0,11,
0,164,255,189,255,49,0,177,1,235,251,205,6,154,255,182,251,160,189,1,9,0,255,0,243,0,99,0,42,0,19,0,13,0,11,
0,140,255,155,255,78,0,138,1,9,252,113,6,37,255,98,252,79,192,1,10,0,255,0,242,0,99,0,36,0,18,0,13,0,12,
0,132,255,117,255,88,0,138,1,9,252,113,6,48,0,197,251,101,191,1,9,0,254,0,241,0,99,0,38,0,19,0,14,0,12,
0,132,255,117,255,88,0,138,1,9,252,113,6,80,0,222,251,4,190,1,10,0,254,0,241,0,99,0,39,0,18,0,13,0,11,
0,130,255,115,255,103,0,138,1,9,252,113,6,80,0,222,251,203,188,1,10,0,254,0,240,0,98,0,40,0,19,0,13,0,12,
0,119,255,90,255,75,0,138,1,9,252,113,6,171,254,28,252,203,188,1,11,0,254,0,240,0,98,0,40,0,18,0,13,0,11,
0,119,255,90,255,74,0,138,1,9,252,113,6,23,255,67,252,105,192,1,10,0,253,0,239,0,98,0,41,0,18,0,13,0,12,
0,127,255,89,255,74,0,138,1,9,252,113,6,86,0,208,251,156,190,1,11,0,253,0,239,0,98,0,40,0,17,0,13,0,11,
0,170,255,108,255,90,0,138,1,9,252,113,6,38,255,196,251,76,188,1,11,0,252,0,239,0,98,0,41,0,19,0,13,0,11,
0,158,255,105,255,66,0,138,1,9,252,113,6,38,255,196,251,76,188,1,11,0,253,0,239,0,98,0,41,0,18,0,13,0,12,
0,158,255,105,255,66,0,138,1,9,252,113,6,131,254,123,252,94,190,1,12,0,253,0,238,0,97,0,41,0,18,0,13,0,11,
0,146,255,112,255,85,0,138,1,132,251,143,6,187,255,84,252,176,191,1,12,0,253,0,238,0,97,0,41,0,18,0,13,0,11,
0,120,255,78,255,52,0,13,2,132,251,143,6,20,0,193,251,106,190,1,12,0,252,0,237,0,97,0,41,0,19,0,13,0,12,
0,133,255,105,255,30,0,13,2,132,251,143,6,20,0,17,252,6,188,1,12,0,252,0,237,0,97,0,41,0,18,0,13,0,11,
0,133,255,105,255,30,0,13,2,132,251,143,6,48,0,17,252,6,188,1,12,0,253,0,237,0,97,0,41,0,19,0,13,0,11,
0,126,255,127,255,41,0,13,2,132,251,143,6,18,255,142,252,62,189,1,12,0,253,0,237,0,97,0,41,0,18,0,13,0,11,
0,133,255,97,255,58,0,13,2,132,251,143,6,112,255,116,252,168,190,1,13,0,252,0,236,0,96,0,41,0,19,0,13,0,11,
0,135,255,57,255,64,0,13,2,132,251,143,6,226,255,105,252,22,190,1,14,0,253,0,236,0,96,0,40,0,17,0,12,0,11,
0,135,255,57,255,64,0,13,2,132,251,143,6,226,255,105,252,205,189,1,13,0,252,0,236,0,96,0,41,0,18,0,13,0,11,
0,151,255,61,255,42,0,13,2,132,251,143,6,205,255,27,252,205,189,1,14,0,252,0,235,0,96,0,41,0,18,0,13,0,11,
0,166,255,54,255,34,0,13,2,132,251,143,6,151,255,16,252,65,188,1,14,0,252,0,236,0,95,0,40,0,18,0,12,0,11,
0,166,255,54,255,47,0,13,2,132,251,143,6,221,254,140,252,116,190,1,14,0,252,0,235,0,96,0,40,0,18,0,13,0,11,
0,160,255,32,255,47,0,225,1,202,251,10,6,221,254,100,252,130,190,1,15,0,252,0,235,0,95,0,40,0,17,0,12,0,11,
0,170,255,29,255,30,0,225,1,202,251,10,6,239,255,100,252,130,190,1,14,0,252,0,235,0,96,0,45,0,19,0,12,0,11,
0,164,255,77,255,23,0,225,1,202,251,10,6,55,0,8,252,27,188,1,15,0,252,0,235,0,96,0,44,0,20,0,13,0,11,
0,164,255,77,255,23,0,225,1,202,251,10,6,191,254,96,252,30,188,1,16,0,252,0,235,0,95,0,43,0,19,0,12,0,11,
0,138,255,64,255,58,0,225,1,202,251,10,6,93,255,166,252,228,191,1,16,0,252,0,235,0,95,0,43,0,19,0,13,0,11,
0,132,255,56,255,52,0,225,1,202,251,10,6,93,255,166,252,81,188,1,16,0,252,0,235,0,95,0,42,0,18,0,13,0,11,
0,126,255,58,255,46,0,225,1,202,251,10,6,234,0,195,251,81,188,1,16,0,252,0,234,0,95,0,42,0,19,0,13,0,12,
0,126,255,58,255,46,0,225,1,202,251,10,6,109,254,85,252,91,188,1,16,0,252,0,234,0,95,0,42,0,19,0,14,0,12,
0,151,255,50,255,65,0,225,1,202,251,10,6,5,255,197,252,17,192,1,16,0,252,0,234,0,95,0,41,0,18,0,13,0,11,
0,156,255,36,255,68,0,225,1,202,251,10,6,47,0,5,252,131,190,1,16,0,252,0,234,0,95,0,41,0,19,0,13,0,12,
0,107,255,36,255,43,0,199,1,177,251,210,6,47,0,5,252,131,190,1,16,0,253,0,235,0,95,0,40,0,18,0,13,0,11,
0,107,255,44,255,43,0,199,1,177,251,210,6,8,0,225,251,252,188,1,16,0,253,0,234,0,95,0,41,0,18,0,13,0,11,
0,134,255,25,255,6,0,199,1,177,251,210,6,75,255,241,251,180,187,1,16,0,253,0,234,0,95,0,41,0,19,0,13,0,11,
0,127,255,27,255,32,0,199,1,177,251,210,6,90,254,77,252,133,189,1,16,0,253,0,235,0,95,0,40,0,18,0,13,0,11,
0,127,255,27,255,52,0,199,1,177,251,210,6,90,254,77,252,215,190,1,16,0,253,0,235,0,95,0,41,0,19,0,13,0,11,
0,171,255,33,255,52,0,199,1,177,251,210,6,5,0,19,252,215,190,1,17,0,253,0,235,0,95,0,40,0,17,0,12,0,11,
0,195,255,50,255,41,0,199,1,177,251,210,6,13,0,162,251,139,188,1,16,0,253,0,235,0,95,0,40,0,18,0,13,0,11,
0,211,255,55,255,49,0,199,1,177,251,210,6,198,254,158,251,37,186,1,17,0,254,0,236,0,95,0,40,0,17,0,12,0,11,
0,211,255,55,255,49,0,199,1,177,251,210,6,192,254,30,252,56,190,1,17,0,254,0,236,0,95,0,40,0,17,0,12,0,11,
0,157,255,34,255,43,0,199,1,177,251,210,6,192,254,30,252,56,190,1,17,0,254,0,236,0,95,0,40,0,18,0,13,0,11,
0,149,255,35,255,42,0,23,2,250,251,109,6,60,0,174,251,245,190,1,17,0,254,0,237,0,95,0,40,0,18,0,12,0,11,
0,170,255,34,255,50,0,23,2,250,251,109,6,168,255,120,251,35,189,1,17,0,253,0,237,0,96,0,40,0,18,0,13,0,11,
0,170,255,34,255,50,0,23,2,250,251,109,6,56,255,109,251,200,187,1,17,0,253,0,238,0,96,0,41,0,18,0,13,0,11,
0,159,255,36,255,49,0,23,2,250,251,109,6,56,255,149,251,18,189,1,17,0,254,0,238,0,96,0,40,0,18,0,12,0,11,
0,166,255,21,255,34,0,23,2,250,251,109,6,197,254,149,251,18,189,1,17,0,254,0,238,0,96,0,41,0,19,0,13,0,12,
0,148,255,21,255,16,0,23,2,250,251,109,6,192,254,184,251,232,189,1,17,0,254,0,239,0,96,0,40,0,17,0,13,0,11,
0,148,255,7,255,16,0,23,2,250,251,109,6,91,255,122,251,185,189,1,16,0,254,0,239,0,97,0,41,0,19,0,13,0,11,
0,159,255,17,255,245,255,23,2,250,251,109,6,97,255,76,251,5,190,1,16,0,254,0,239,0,97,0,41,0,19,0,13,0,11,
0,158,255,30,255,11,0,23,2,250,251,109,6,97,255,76,251,233,188,1,17,0,254,0,239,0,97,0,41,0,18,0,13,0,11,
0,158,255,30,255,19,0,23,2,250,251,109,6,28,255,15,251,233,188,1,17,0,254,0,240,0,97,0,40,0,20,0,13,0,11,
0,156,255,51,255,19,0,238,1,27,252,222,5,142,254,35,251,190,189,1,16,0,254,0,240,0,97,0,41,0,20,0,14,0,12,
0,164,255,24,255,253,255,238,1,27,252,222,5,16,255,92,251,152,190,1,16,0,254,0,240,0,97,0,41,0,20,0,13,0,11,
0,160,255,13,255,4,0,238,1,27,252,222,5,16,255,255,250,47,189,1,16,0,254,0,241,0,97,0,41,0,20,0,13,0,11,
0,160,255,13,255,4,0,238,1,27,252,222,5,147,255,255,250,47,189,1,16,0,254,0,241,0,97,0,41,0,19,0,13,0,11,
0,168,255,27,255,39,0,238,1,27,252,222,5,137,254,239,250,28,189,1,16,0,254,0,241,0,97,0,41,0,19,0,13,0,11,
0,168,255,20,255,30,0,238,1,27,252,222,5,27,254,63,251,173,190,1,16,0,254,0,241,0,98,0,41,0,20,0,13,0,11,
0,195,255,16,255,22,0,238,1,27,252,222,5,195,254,60,251,242,190,1,16,0,254,0,241,0,98,0,41,0,19,0,13,0,11,
0,195,255,16,255,22,0,238,1,27,252,222,5,195,254,60,251,175,189,1,16,0,254,0,241,0,98,0,41,0,20,0,13,0,11,
0,165,255,15,255,240,255,238,1,27,252,222,5,194,254,177,250,175,189,1,16,0,255,0,242,0,98,0,41,0,19,0,13,0,11,
0,150,255,31,255,206,255,238,1,27,252,222,5,160,254,211,250,252,189,1,16,0,254,0,242,0,98,0,42,0,20,0,13,0,11,
0,161,255,31,255,253,255,238,1,27,252,222,5,187,254,240,250,152,189,1,16,0,255,0,242,0,98,0,41,0,19,0,13,0,11,
0,161,255,52,255,253,255,236,1,230,251,34,7,123,254,144,250,187,189,1,16,0,255,0,242,0,98,0,41,0,19,0,13,0,11,
0,155,255,43,255,7,0,236,1,230,251,34,7,123,254,144,250,187,189,1,15,0,255,0,242,0,99,0,42,0,20,0,14,0,12,
0,158,255,55,255,240,255,236,1,230,251,34,7,176,253,18,251,183,190,1,15,0,255,0,242,0,98,0,41,0,19,0,13,0,11,
0,158,255,55,255,253,255,236,1,230,251,34,7,10,255,153,250,213,191,1,14,0,255,0,242,0,99,0,42,0,20,0,14,0,12,
0,135,255,49,255,253,255,236,1,230,251,34,7,189,254,106,250,201,189,1,15,0,255,0,243,0,98,0,41,0,19,0,13,0,11,
0,165,255,36,255,254,255,236,1,230,251,34,7,189,254,5,251,59,191,1,14,0,255,0,242,0,99,0,42,0,20,0,13,0,11,
0,160,255,57,255,227,255,236,1,230,251,34,7,162,253,5,251,59,191,1,14,0,255,0,242,0,99,0,42,0,20,0,14,0,12,
0,160,255,57,255,227,255,236,1,230,251,34,7,165,254,141,250,237,190,1,14,0,255,0,242,0,98,0,41,0,19,0,13,0,11,
0,144,255,99,255,207,255,236,1,230,251,34,7,81,254,82,250,163,189,1,13,0,255,0,242,0,99,0,42,0,20,0,13,0,12,
0,171,255,115,255,212,255,236,1,230,251,34,7,98,253,234,250,46,191,1,13,0,255,0,242,0,98,0,42,0,19,0,13,0,11,
0,151,255,99,255,231,255,200,1,224,251,101,6,98,253,234,250,46,191,1,13,0,255,0,242,0,98,0,42,0,20,0,13,0,11,
0,151,255,99,255,231,255,200,1,224,251,101,6,187,254,221,250,99,191,1,12,0,255,0,242,0,99,0,42,0,20,0,13,0,11,
0,126,255,134,255,237,255,200,1,224,251,101,6,7,255,81,250,71,190,1,12,0,255,0,242,0,98,0,41,0,19,0,13,0,11,
0,111,255,153,255,245,255,200,1,224,251,101,6,153,253,4,251,171,189,1,11,0,255,0,242,0,99,0,42,0,20,0,14,0,11,
0,111,255,153,255,242,255,200,1,224,251,101,6,153,253,20,251,27,192,1,12,0,255,0,242,0,98,0,41,0,19,0,13,0,11,
0,96,255,118,255,242,255,200,1,224,251,101,6,253,253,20,251,27,192,1,11,0,255,0,241,0,99,0,42,0,20,0,13,0,11,
0,85,255,125,255,209,255,200,1,224,251,101,6,233,254,255,250,157,191,1,11,0,255,0,242,0,98,0,42,0,19,0,13,0,11,
0,65,255,167,255,190,255,200,1,224,251,101,6,167,254,139,250,107,188,1,11,0,255,0,241,0,99,0,41,0,20,0,13,0,11,
0,65,255,167,255,171,255,200,1,224,251,101,6,19,253,50,251,125,190,1,10,0,255,0,241,0,98,0,42,0,20,0,13,0,11,
0,28,255,192,255,171,255,200,1,224,251,101,6,19,253,50,251,148,193,1,10,0,255,0,242,0,98,0,41,0,19,0,13,0,11,
0,37,255,196,255,182,255,225,1,240,251,224,5,1,255,95,251,148,193,1,10,0,255,0,241,0,98,0,42,0,19,0,13,0,11,
0,86,255,176,255,175,255,225,1,240,251,224,5,82,255,131,250,255,189,1,9,0,255,0,241,0,99,0,42,0,20,0,13,0,12,
0,86,255,176,255,175,255,225,1,240,251,224,5,63,253,54,251,85,189,1,9,0,255,0,242,0,98,0,41,0,19,0,13,0,11,
0,66,255,187,255,167,255,225,1,240,251,224,5,86,254,131,251,39,193,1,9,0,255,0,241,0,99,0,42,0,20,0,13,0,12,
0,32,255,194,255,155,255,225,1,240,251,224,5,86,254,131,251,39,193,1,9,0,255,0,241,0,98,0,41,0,19,0,13,0,11,
0,26,255,198,255,168,255,225,1,240,251,224,5,244,255,241,250,47,191,1,9,0,255,0,241,0,99,0,42,0,20,0,14,0,12,
0,26,255,198,255,168,255,225,1,240,251,224,5,20,254,235,250,12,188,1,9,0,255,0,241,0,99,0,42,0,20,0,13,0,12,
0,46,255,212,255,180,255,225,1,240,251,224,5,26,254,125,251,131,191,1,9,0,255,0,241,0,98,0,36,0,18,0,14,0,12,
0,58,255,196,255,176,255,225,1,240,251,224,5,26,254,125,251,131,191,1,9,0,255,0,241,0,98,0,37,0,18,0,13,0,11,
0,58,255,196,255,176,255,225,1,240,251,224,5,111,255,38,251,131,191,1,8,0,255,0,241,0,98,0,39,0,19,0,14,0,12,
0,42,255,185,255,176,255,205,1,215,251,241,5,121,254,247,250,42,188,1,8,0,255,0,241,0,98,0,40,0,18,0,13,0,11,
0,4,255,180,255,165,255,205,1,215,251,241,5,210,254,31,251,104,190,1,8,0,255,0,241,0,98,0,40,0,19,0,13,0,12,
0,226,254,197,255,166,255,205,1,215,251,241,5,125,254,115,251,155,190,1,8,0,255,0,242,0,98,0,40,0,18,0,13,0,11,
0,226,254,197,255,171,255,205,1,215,251,241,5,125,254,115,251,155,190,1,8,0,255,0,241,0,99,0,41,0,19,0,13,0,11,
0,26,255,206,255,171,255,205,1,215,251,241,5,47,255,79,251,137,190,1,8,0,255,0,242,0,98,0,40,0,18,0,12,0,11,
0,70,255,216,255,155,255,205,1,215,251,241,5,119,255,29,251,5,189,1,7,0,255,0,242,0,99,0,41,0,19,0,13,0,11,
0,106,255,214,255,161,255,205,1,215,251,241,5,167,254,125,251,97,189,1,7,0,255,0,242,0,98,0,41,0,20,0,13,0,11,
0,106,255,214,255,161,255,205,1,215,251,241,5,167,254,203,251,53,191,1,8,0,255,0,242,0,97,0,41,0,18,0,12,0,11,
0,62,255,157,255,150,255,205,1,215,251,241,5,207,254,203,251,53,191,1,6,0,254,0,242,0,99,0,41,0,19,0,13,0,11,
0,60,255,169,255,116,255,205,1,215,251,241,5,9,0,69,251,25,190,1,7,0,255,0,243,0,98,0,41,0,19,0,13,0,11,
0,72,255,190,255,127,255,205,1,215,251,241,5,152,254,146,251,185,188,1,6,0,254,0,243,0,99,0,42,0,20,0,13,0,11,
0,72,255,190,255,127,255,247,1,202,251,246,6,85,255,176,251,104,191,1,6,0,254,0,243,0,99,0,42,0,20,0,13,0,11,
0,88,255,214,255,115,255,247,1,202,251,246,6,85,255,176,251,59,189,1,6,0,255,0,243,0,98,0,41,0,19,0,13,0,11,
0,112,255,199,255,115,255,247,1,202,251,246,6,111,255,92,251,59,189,1,5,0,254,0,243,0,99,0,42,0,20,0,14,0,12,
0,112,255,199,255,130,255,247,1,202,251,246,6,226,255,99,251,227,188,1,6,0,254,0,243,0,98,0,41,0,19,0,13,0,11,
0,74,255,189,255,130,255,247,1,202,251,246,6,15,255,130,251,205,188,1,5,0,254,0,243,0,99,0,42,0,20,0,14,0,12,
0,56,255,181,255,107,255,247,1,202,251,246,6,15,255,105,251,141,189,1,5,0,254,0,244,0,99,0,42,0,20,0,13,0,12,
0,74,255,202,255,110,255,247,1,202,251,246,6,114,255,105,251,141,189,1,5,0,254,0,244,0,99,0,42,0,19,0,13,0,11,
0,74,255,202,255,110,255,247,1,202,251,246,6,175,255,135,251,244,189,1,5,0,254,0,244,0,99,0,42,0,19,0,13,0,11,
0,82,255,177,255,157,255,247,1,202,251,246,6,217,255,85,251,88,189,1,4,0,254,0,244,0,100,0,47,0,21,0,13,0,11,
0,65,255,162,255,161,255,247,1,202,251,246,6,199,254,73,251,238,187,1,4,0,254,0,244,0,100,0,45,0,20,0,13,0,11,
0,47,255,171,255,165,255,185,1,220,251,211,6,199,254,73,251,222,189,1,4,0,254,0,243,0,99,0,45,0,21,0,13,0,11,
0,47,255,171,255,165,255,185,1,220,251,211,6,35,255,34,251,222,189,1,4,0,254,0,244,0,99,0,44,0,20,0,13,0,11,
0,14,255,174,255,143,255,185,1,220,251,211,6,40,255,179,251,186,190,1,3,0,253,0,243,0,100,0,44,0,21,0,14,0,11,
0,29,255,195,255,134,255,185,1,220,251,211,6,87,0,28,251,177,189,1,3,0,254,0,244,0,99,0,43,0,19,0,13,0,11,
0,98,255,180,255,156,255,185,1,220,251,211,6,170,254,82,251,252,188,1,2,0,253,0,243,0,99,0,43,0,20,0,13,0,11,
0,98,255,180,255,156,255,185,1,220,251,211,6,170,254,82,251,252,188,1,2,0,253,0,243,0,99,0,43,0,20,0,13,0,11,
0,86,255,169,255,149,255,185,1,220,251,211,6,53,255,81,251,108,190,1,2,0,253,0,243,0,99,0,42,0,19,0,13,0,11,
0,61,255,176,255,160,255,185,1,220,251,211,6,242,255,1,251,119,189,1,1,0,253,0,243,0,99,0,43,0,20,0,13,0,11,
0,61,255,176,255,148,255,185,1,220,251,211,6,105,255,35,251,32,189,1,2,0,253,0,243,0,99,0,42,0,19,0,13,0,11,
0,74,255,167,255,148,255,185,1,220,251,211,6,105,255,36,251,113,189,1,1,0,253,0,243,0,99,0,43,0,20,0,13,0,11,
0,86,255,141,255,115,255,195,1,22,252,128,5,58,255,36,251,113,189,1,0,0,252,0,242,0,99,0,42,0,20,0,14,0,11,
0,40,255,131,255,156,255,195,1,22,252,128,5,229,254,9,251,76,190,1,0,0,252,0,242,0,99,0,42,0,20,0,13,0,11,
0,40,255,131,255,156,255,195,1,22,252,128,5,183,255,255,250,91,191,1,0,0,252,0,242,0,99,0,42,0,20,0,14,0,12,
0,244,254,123,255,176,255,195,1,22,252,128,5,107,255,2,251,136,188,1,0,0,252,0,242,0,99,0,42,0,19,0,13,0,11,
0,19,255,120,255,163,255,195,1,22,252,128,5,107,255,2,251,136,189,0,255,0,252,0,242,0,99,0,42,0,20,0,13,0,11,
0,47,255,150,255,162,255,195,1,22,252,128,5,212,254,255,250,176,189,0,255,0,252,0,242,0,99,0,42,0,19,0,13,0,12,
0,47,255,150,255,162,255,195,1,22,252,128,5,6,255,45,251,205,190,0,255,0,252,0,242,0,99,0,42,0,19,0,13,0,11,
0,64,255,185,255,183,255,195,1,22,252,128,5,61,255,208,250,118,190,0,255,0,252,0,241,0,99,0,42,0,19,0,13,0,11,
0,74,255,161,255,172,255,195,1,22,252,128,5,61,255,214,250,226,189,0,254,0,251,0,241,0,99,0,42,0,20,0,14,0,12,
0,62,255,138,255,173,255,195,1,22,252,128,5,239,254,214,250,226,189,0,254,0,251,0,241,0,99,0,42,0,19,0,13,0,11,
0,62,255,138,255,173,255,192,1,18,252,193,5,39,254,127,250,80,189,0,254,0,251,0,240,0,99,0,42,0,20,0,13,0,11,
0,26,255,141,255,169,255,192,1,18,252,193,5,70,254,174,250,180,190,0,254,0,251,0,240,0,98,0,41,0,19,0,13,0,11,
0,1,255,131,255,160,255,192,1,18,252,193,5,156,254,197,250,99,191,0,254,0,251,0,240,0,98,0,42,0,20,0,14,0,11,
0,1,255,131,255,167,255,192,1,18,252,193,5,156,254,197,250,175,190,0,254,0,251,0,240,0,97,0,41,0,18,0,13,0,11,
0,240,254,122,255,167,255,192,1,18,252,193,5,252,254,87,250,175,190,0,253,0,251,0,239,0,98,0,42,0,18,0,13,0,11,
0,3,255,85,255,200,255,192,1,18,252,193,5,29,255,116,250,70,190,0,253,0,251,0,239,0,98,0,41,0,18,0,13,0,11,
0,15,255,120,255,215,255,192,1,18,252,193,5,26,254,171,250,240,188,0,254,0,251,0,239,0,97,0,41,0,18,0,12,0,11,
0,15,255,120,255,215,255,192,1,18,252,193,5,45,254,1,251,36,191,0,253,0,250,0,239,0,97,0,41,0,18,0,13,0,11,
0,254,254,106,255,216,255,192,1,18,252,193,5,45,254,1,251,36,191,0,253,0,251,0,239,0,97,0,41,0,18,0,12,0,11,
0,246,254,109,255,206,255,192,1,18,252,193,5,163,254,167,250,39,192,0,253,0,250,0,238,0,97,0,41,0,19,0,13,0,11,
0,226,254,112,255,202,255,192,1,18,252,193,6,176,255,101,250,51,190,0,253,0,249,0,238,0,97,0,41,0,19,0,13,0,11,
0,226,254,112,255,202,255,238,1,222,251,87,6,193,254,113,250,208,188,0,253,0,250,0,238,0,97,0,41,0,18,0,13,0,11,
0,11,255,119,255,195,255,238,1,222,251,87,6,193,254,113,250,241,189,0,253,0,250,0,238,0,96,0,41,0,18,0,13,0,11,
0,10,255,134,255,211,255,238,1,222,251,87,6,251,253,196,250,241,189,0,252,0,249,0,237,0,97,0,41,0,19,0,13,0,12,
0,4,255,120,255,174,255,238,1,222,251,87,6,224,253,2,251,109,192,0,253,0,249,0,238,0,97,0,41,0,18,0,13,0,11,
0,4,255,120,255,174,255,238,1,222,251,87,6,53,255,14,251,238,191,0,252,0,249,0,238,0,97,0,41,0,19,0,13,0,12,
0,17,255,118,255,144,255,238,1,222,251,87,6,32,255,110,250,91,188,0,253,0,249,0,238,0,97,0,41,0,18,0,13,0,11,
0,24,255,144,255,165,255,238,1,222,251,87,6,32,255,110,250,91,188,0,253,0,249,0,238,0,97,0,41,0,18,0,13,0,11,
0,24,255,144,255,184,255,238,1,222,251,87,6,150,253,251,250,192,189,0,252,0,249,0,237,0,97,0,41,0,19,0,13,0,12,
0,18,255,140,255,184,255,238,1,222,251,87,6,215,253,155,251,118,192,0,252,0,249,0,238,0,97,0,41,0,18,0,13,0,11,
0,234,254,128,255,191,255,238,1,222,251,87,6,113,255,9,251,12,191,0,252,0,249,0,237,0,97,0,41,0,18,0,13,0,11,
0,229,254,108,255,172,255,9,2,199,251,61,6,113,255,253,250,151,189,0,253,0,249,0,238,0,96,0,41,0,18,0,13,0,11,
0,229,254,108,255,172,255,9,2,199,251,61,6,137,255,253,250,151,189,0,252,0,249,0,237,0,97,0,41,0,19,0,13,0,11,
0,228,254,105,255,131,255,9,2,199,251,61,6,242,254,213,250,35,188,0,253,0,249,0,238,0,96,0,41,0,18,0,12,0,11,
0,154,254,127,255,132,255,9,2,199,251,61,6,59,254,166,251,210,189,0,252,0,249,0,238,0,97,0,41,0,18,0,12,0,11,
0,203,254,117,255,112,255,9,2,199,251,61,6,66,254,184,251,178,191,0,252,0,249,0,238,0,97,0,41,0,18,0,13,0,11,
0,203,254,117,255,112,255,9,2,199,251,61,6,66,254,184,251,148,190,0,252,0,249,0,238,0,96,0,41,0,18,0,12,0,11,
0,6,255,120,255,121,255,9,2,199,251,61,6,219,255,96,251,148,190,0,252,0,249,0,238,0,97,0,41,0,18,0,13,0,11,
0,15,255,124,255,126,255,9,2,199,251,61,6,243,254,136,251,14,188,0,253,0,250,0,239,0,96,0,40,0,18,0,12,0,11,
0,247,254,148,255,100,255,9,2,199,251,61,6,208,253,115,252,174,190,0,252,0,249,0,239,0,97,0,41,0,19,0,13,0,11,
0,247,254,148,255,100,255,9,2,199,251,61,6,208,253,0,252,224,191,0,252,0,250,0,239,0,97,0,41,0,18,0,13,0,11,
0,218,254,166,255,136,255,195,1,23,252,71,6,24,0,0,252,224,191,0,252,0,250,0,239,0,97,0,41,0,18,0,13,0,11,
0,1,255,133,255,144,255,195,1,23,252,71,6,108,255,85,251,180,188,0,253,0,251,0,240,0,97,0,41,0,20,0,13,0,11,
0,1,255,133,255,131,255,195,1,23,252,71,6,78,254,216,251,0,188,0,252,0,251,0,240,0,98,0,42,0,20,0,14,0,12,
0,30,255,134,255,131,255,195,1,23,252,71,6,84,254,127,252,184,191,0,252,0,251,0,241,0,98,0,41,0,20,0,13,0,11,
0,41,255,132,255,138,255,195,1,23,252,71,6,84,254,127,252,236,190,0,252,0,251,0,241,0,98,0,42,0,20,0,14,0,12,
0,255,254,134,255,129,255,195,1,23,252,71,6,54,0,247,251,236,190,0,253,0,252,0,242,0,98,0,41,0,19,0,13,0,11,
0,255,254,134,255,129,255,195,1,23,252,71,6,207,255,120,251,56,188,0,253,0,253,0,242,0,98,0,41,0,19,0,13,0,11,
0,24,255,158,255,133,255,195,1,23,252,71,6,197,254,253,251,130,188,0,252,0,253,0,243,0,99,0,42,0,20,0,14,0,12,
0,46,255,150,255,109,255,195,1,23,252,71,6,25,255,138,252,122,191,0,253,0,253,0,243,0,98,0,42,0,19,0,13,0,11,
0,80,255,153,255,107,255,195,1,23,252,71,6,25,255,138,252,122,191,0,254,0,254,0,244,0,98,0,41,0,19,0,13,0,11,
0,80,255,153,255,107,255,234,1,237,251,195,6,96,0,68,252,21,191,0,254,0,254,0,244,0,99,0,41,0,19,0,13,0,11,
0,96,255,128,255,127,255,234,1,237,251,195,6,121,0,220,251,65,190,0,254,0,254,0,244,0,99,0,42,0,20,0,13,0,11,
0,116,255,115,255,160,255,234,1,237,251,195,6,76,0,236,251,21,189,0,255,0,255,0,245,0,99,0,41,0,19,0,13,0,11,
0,75,255,115,255,154,255,234,1,237,251,195,6,76,0,60,252,240,188,0,255,0,255,0,244,0,100,0,42,0,20,0,13,0,11,
0,75,255,105,255,154,255,234,1,237,251,195,6,194,254,60,252,240,188,1,0,0,255,0,245,0,99,0,36,0,19,0,14,0,12,
0,78,255,99,255,131,255,234,1,237,251,195,6,118,255,55,252,211,190,1,1,1,0,0,245,0,99,0,37,0,18,0,13,0,11,
0,94,255,127,255,127,255,234,1,237,251,195,6,16,0,53,252,176,190,1,1,1,0,0,245,0,99,0,39,0,18,0,13,0,11,
0,94,255,127,255,128,255,234,1,237,251,195,6,132,0,149,251,131,188,1,2,1,1,0,246,0,99,0,39,0,17,0,12,0,11,
0,75,255,126,255,128,255,234,1,237,251,195,6,132,0,149,251,131,188,1,2,1,1,0,246,0,100,0,40,0,19,0,13,0,11,
0,112,255,96,255,100,255,234,1,237,251,195,6,116,255,38,252,12,189,1,3,1,1,0,246,0,100,0,41,0,19,0,13,0,11,
0,126,255,100,255,119,255,234,1,236,251,95,6,65,255,13,252,52,191,1,4,1,2,0,246,0,100,0,41,0,19,0,13,0,11,
0,126,255,100,255,119,255,247,1,236,251,95,6,90,0,191,251,213,190,1,5,1,2,0,246,0,100,0,41,0,19,0,13,0,11,
0,129,255,107,255,135,255,247,1,236,251,95,6,90,0,175,251,149,189,1,5,1,2,0,246,0,100,0,42,0,20,0,14,0,12,
0,116,255,118,255,128,255,247,1,236,251,95,6,55,255,175,251,149,189,1,6,1,3,0,246,0,100,0,42,0,19,0,13,0,11,
0,68,255,100,255,147,255,247,1,236,251,95,6,50,0,114,251,131,190,1,6,1,3,0,246,0,101,0,42,0,20,0,14,0,12,
0,68,255,100,255,147,255,247,1,236,251,95,6,10,0,136,251,206,189,1,8,1,4,0,246,0,100,0,42,0,19,0,13,0,11,
0,71,255,64,255,138,255,247,1,236,251,95,6,124,255,71,251,210,189,1,8,1,3,0,245,0,100,0,42,0,20,0,14,0,12,
0,82,255,49,255,157,255,247,1,236,251,95,6,124,255,71,251,59,190,1,9,1,4,0,245,0,100,0,42,0,19,0,13,0,11,
0,71,255,49,255,196,255,247,1,236,251,95,6,57,255,127,251,59,190,1,9,1,4,0,245,0,100,0,43,0,20,0,13,0,11,
0,71,255,52,255,196,255,247,1,236,251,95,6,21,255,152,251,55,191,1,9,1,4,0,244,0,100,0,43,0,20,0,13,0,11,
0,63,255,54,255,214,255,247,1,236,251,95,6,35,0,15,251,166,191,1,10,1,4,0,244,0,100,0,42,0,19,0,13,0,11,
0,69,255,22,255,193,255,209,1,240,251,210,6,35,0,151,250,246,190,1,10,1,4,0,244,0,100,0,42,0,20,0,13,0,11,
0,69,255,22,255,202,255,209,1,240,251,210,6,61,0,151,250,246,190,1,11,1,5,0,244,0,99,0,42,0,19,0,13,0,11,
0,55,255,3,255,202,255,209,1,240,251,210,6,222,255,234,250,246,188,1,11,1,4,0,243,0,100,0,42,0,20,0,13,0,11,
0,87,255,12,255,185,255,209,1,240,251,210,6,143,254,254,250,78,189,1,11,1,5,0,243,0,99,0,42,0,20,0,13,0,11,
0,114,255,55,255,193,255,209,1,240,251,210,6,23,255,218,250,0,192,1,12,1,5,0,242,0,99,0,42,0,19,0,13,0,11,
0,114,255,55,255,193,255,209,1,240,251,210,6,23,255,218,250,82,190,1,12,1,5,0,242,0,99,0,46,0,20,0,12,0,11,
0,56,255,87,255,212,255,209,1,240,251,210,6,115,255,224,250,82,190,1,12,1,5,0,241,0,99,0,45,0,20,0,13,0,11,
0,51,255,95,255,220,255,209,1,240,251,210,6,255,254,254,250,13,191,1,12,1,5,0,241,0,99,0,44,0,20,0,12,0,11,
0,71,255,73,255,229,255,209,1,240,251,210,6,58,255,230,250,182,190,1,12,1,5,0,240,0,99,0,44,0,20,0,13,0,11,
0,71,255,73,255,229,255,209,1,240,251,210,6,181,254,194,250,7,190,1,13,1,5,0,240,0,98,0,43,0,20,0,13,0,11,
0,61,255,80,255,225,255,219,1,230,251,119,6,181,254,194,250,7,190,1,13,1,4,0,239,0,98,0,43,0,19,0,14,0,12,
0,49,255,48,255,210,255,219,1,230,251,119,6,247,254,253,250,26,191,1,13,1,5,0,239,0,98,0,43,0,18,0,13,0,11,
0,85,255,48,255,200,255,219,1,230,251,119,6,27,254,238,250,63,189,1,13,1,5,0,239,0,98,0,43,0,19,0,13,0,11,
0,85,255,42,255,200,255,219,1,230,251,119,6,233,253,127,251,16,191,1,14,1,5,0,239,0,97,0,42,0,18,0,13,0,12,
0,98,255,33,255,183,255,219,1,230,251,119,6,233,253,35,251,71,192,1,14,1,5,0,238,0,97,0,42,0,19,0,13,0,11,
0,48,255,31,255,173,255,219,1,230,251,119,6,101,254,35,251,71,192,1,14,1,4,0,238,0,97,0,42,0,19,0,13,0,12,
0,48,255,31,255,206,255,219,1,230,251,119,6,71,255,189,250,192,189,1,14,1,4,0,238,0,97,0,41,0,18,0,13,0,11,
0,42,255,43,255,206,255,219,1,230,251,119,6,23,254,211,250,53,188,1,14,1,4,0,237,0,97,0,42,0,19,0,13,0,12,
0,48,255,41,255,208,255,219,1,230,251,119,6,126,253,78,251,150,190,1,14,1,4,0,236,0,97,0,41,0,19,0,13,0,11,
0,78,255,48,255,204,255,219,1,230,251,119,6,126,253,78,251,150,192,1,14,1,3,0,236,0,96,0,41,0,19,0,13,0,11,
0,78,255,48,255,204,255,225,1,221,251,227,5,151,254,108,251,106,192,1,14,1,3,0,236,0,96,0,41,0,19,0,13,0,11,
0,80,255,64,255,226,255,225,1,221,251,227,5,245,254,64,251,211,190,1,15,1,3,0,236,0,95,0,40,0,17,0,12,0,11,
0,72,255,99,255,241,255,225,1,221,251,227,5,218,254,224,250,251,188,1,14,1,3,0,235,0,96,0,41,0,19,0,13,0,11,
0,44,255,105,255,228,255,225,1,221,251,227,5,218,254,71,251,124,188,1,15,1,3,0,235,0,96,0,41,0,18,0,13,0,11,
0,44,255,105,255,228,255,225,1,221,251,227,5,84,254,71,251,124,188,1,15,1,3,0,236,0,96,0,41,0,18,0,13,0,11,
0,41,255,112,255,195,255,225,1,221,251,227,5,193,252,253,251,87,191,1,14,1,3,0,235,0,95,0,41,0,18,0,13,0,11,
0,63,255,114,255,202,255,225,1,221,251,227,5,199,254,126,251,149,191,1,15,1,4,0,236,0,95,0,40,0,17,0,12,0,11,
0,63,255,114,255,182,255,225,1,221,251,227,5,31,255,16,251,123,189,1,14,1,3,0,235,0,96,0,40,0,18,0,13,0,11,
0,124,255,100,255,182,255,225,1,221,251,227,5,31,255,16,251,6,188,1,15,1,3,0,235,0,95,0,40,0,18,0,13,0,11,
0,112,255,115,255,170,255,225,1,221,251,227,5,128,253,88,251,6,188,1,14,1,3,0,235,0,95,0,40,0,18,0,13,0,11,
0,72,255,121,255,185,255,194,1,23,252,77,6,139,253,209,251,83,191,1,14,1,2,0,235,0,95,0,40,0,18,0,13,0,12,
0,72,255,121,255,216,255,194,1,23,252,77,6,85,254,142,251,110,191,1,15,1,3,0,235,0,95,0,40,0,17,0,12,0,11,
0,31,255,111,255,216,255,194,1,23,252,77,6,85,254,103,251,237,189,1,14,1,2,0,235,0,95,0,40,0,19,0,13,0,11,
0,49,255,110,255,199,255,194,1,23,252,77,6,136,254,103,251,237,189,1,14,1,2,0,235,0,95,0,41,0,18,0,13,0,11,
0,75,255,97,255,198,255,194,1,23,252,77,6,165,254,159,251,154,188,1,14,1,2,0,235,0,95,0,40,0,18,0,13,0,12,
0,75,255,97,255,198,255,194,1,23,252,77,6,90,253,254,251,230,189,1,14,1,2,0,235,0,95,0,40,0,18,0,13,0,11,
0,119,255,89,255,189,255,194,1,23,252,77,6,172,253,0,252,10,192,1,15,1,2,0,236,0,95,0,40,0,17,0,12,0,11,
0,116,255,108,255,186,255,194,1,23,252,77,6,172,253,0,252,99,191,1,14,1,1,0,236,0,95,0,40,0,18,0,13,0,11,
0,116,255,110,255,188,255,194,1,23,252,77,6,194,254,223,251,99,191,1,14,1,2,0,236,0,95,0,40,0,18,0,13,0,11,
0,116,255,110,255,188,255,194,1,23,252,77,6,81,254,115,251,107,188,1,14,1,1,0,236,0,95,0,40,0,18,0,13,0,11,
0,123,255,126,255,200,255,194,1,23,252,77,6,112,253,86,252,93,190,1,14,1,1,0,237,0,95,0,40,0,18,0,13,0,11,
0,113,255,156,255,197,255,175,1,4,252,79,6,239,253,28,252,234,191,1,15,1,2,0,238,0,95,0,40,0,17,0,12,0,11,
0,113,255,156,255,161,255,175,1,4,252,79,6,239,253,28,252,234,191,1,14,1,1,0,238,0,96,0,40,0,18,0,13,0,11,
0,85,255,186,255,161,255,175,1,4,252,79,6,95,254,243,251,115,191,1,14,1,1,0,238,0,96,0,41,0,18,0,13,0,11,
0,103,255,205,255,135,255,175,1,4,252,79,6,37,254,19,252,202,190,1,14,1,2,0,238,0,96,0,41,0,18,0,13,0,11,
0,116,255,193,255,140,255,175,1,4,252,79,6,41,254,21,252,63,190,1,14,1,1,0,239,0,96,0,41,0,18,0,13,0,11,
0,116,255,193,255,155,255,175,1,4,252,79,6,41,254,25,252,21,190,1,15,1,2,0,239,0,96,0,40,0,17,0,12,0,11,
0,84,255,205,255,155,255,175,1,4,252,79,6,28,254,25,252,21,190,1,15,1,1,0,239,0,96,0,40,0,18,0,12,0,11,
0,87,255,189,255,132,255,175,1,4,252,79,6,225,253,90,252,234,190,1,14,1,1,0,240,0,97,0,41,0,20,0,13,0,11,
0,155,255,187,255,104,255,175,1,4,252,79,6,39,254,77,252,164,190,1,14,1,1,0,240,0,97,0,41,0,20,0,13,0,11,
0,155,255,187,255,104,255,175,1,4,252,79,6,145,254,255,251,77,190,1,14,1,1,0,240,0,97,0,41,0,20,0,13,0,11,
0,153,255,177,255,97,255,143,1,21,252,25,6,145,254,255,251,66,191,1,15,1,2,0,241,0,97,0,40,0,19,0,13,0,11,
0,113,255,164,255,95,255,143,1,21,252,25,6,215,254,8,252,66,191,1,14,1,1,0,241,0,97,0,41,0,19,0,13,0,11,
0,81,255,181,255,107,255,143,1,21,252,25,6,66,254,247,251,107,189,1,14,1,2,0,242,0,98,0,41,0,20,0,13,0,12,
0,81,255,181,255,107,255,143,1,21,252,25,6,193,253,95,252,1,191,1,14,1,2,0,242,0,98,0,41,0,19,0,13,0,11,
0,102,255,163,255,150,255,143,1,21,252,25,6,193,253,249,251,101,192,1,14,1,2,0,243,0,98,0,41,0,20,0,14,0,11,
0,100,255,162,255,128,255,143,1,21,252,25,6,66,255,249,251,101,192,1,14,1,2,0,243,0,98,0,41,0,19,0,13,0,11,
0,100,255,162,255,151,255,143,1,21,252,25,6,74,254,163,251,43,189,1,14,1,2,0,243,0,99,0,41,0,19,0,13,0,11,
0,90,255,183,255,151,255,143,1,21,252,25,6,120,254,41,252,13,191,1,14,1,2,0,244,0,99,0,42,0,20,0,13,0,11,
0,153,255,179,255,154,255,143,1,21,252,25,6,63,255,236,251,152,191,1,14,1,2,0,244,0,99,0,41,0,19,0,13,0,11,
0,182,255,179,255,155,255,143,1,21,252,25,6,63,255,236,251,142,189,1,14,1,2,0,244,0,99,0,42,0,20,0,13,0,11,
0,182,255,179,255,155,255,19,2,9,252,70,6,221,254,243,251,142,189,1,14,1,3,0,246,0,99,0,41,0,19,0,13,0,11,
0,155,255,179,255,162,255,19,2,9,252,70,6,232,254,245,251,206,190,1,14,1,3,0,246,0,99,0,42,0,19,0,13,0,11,
0,118,255,180,255,131,255,19,2,9,252,70,6,255,254,9,252,18,191,1,14,1,3,0,246,0,99,0,41,0,19,0,13,0,11,
0,175,255,179,255,126,255,19,2,9,252,70,6,53,255,194,251,126,190,1,15,1,3,0,246,0,100,0,42,0,19,0,13,0,11,
0,175,255,179,255,126,255,19,2,9,252,70,6,53,255,194,251,126,190,1,15,1,3,0,247,0,99,0,41,0,19,0,13,0,11,
0,179,255,167,255,128,255,19,2,9,252,70,6,18,255,125,251,253,188,1,15,1,3,0,247,0,100,0,42,0,20,0,13,0,11,
0,171,255,166,255,133,255,19,2,9,252,70,6,176,254,241,251,154,191,1,15,1,3,0,248,0,100,0,42,0,20,0,13,0,11,
0,159,255,152,255,116,255,19,2,9,252,70,6,93,255,134,251,31,191,1,15,1,3,0,248,0,101,0,43,0,20,0,13,0,11,
0,159,255,152,255,116,255,19,2,9,252,70,6,93,255,134,251,37,190,1,16,1,4,0,250,0,101,0,42,0,19,0,13,0,11,
0,208,255,164,255,107,255,19,2,9,252,70,6,88,255,98,251,37,190,1,15,1,4,0,249,0,102,0,43,0,20,0,14,0,12,
0,205,255,159,255,131,255,222,1,45,252,221,5,159,255,7,251,133,190,1,16,1,4,0,250,0,101,0,42,0,19,0,13,0,11,
0,205,255,159,255,136,255,222,1,45,252,221,5,15,0,29,251,90,191,1,16,1,4,0,250,0,102,0,38,0,20,0,14,0,13,
0,156,255,134,255,136,255,222,1,45,252,221,5,71,255,67,251,255,189,1,16,1,4,0,250,0,102,0,40,0,19,0,14,0,12,
0,113,255,128,255,140,255,222,1,45,252,221,5,71,255,67,251,255,189,1,16,1,4,0,251,0,101,0,40,0,18,0,13,0,11,
0,152,255,156,255,142,255,222,1,45,252,221,5,49,255,17,251,252,190,1,16,1,5,0,251,0,103,0,41,0,20,0,14,0,12,
0,152,255,156,255,142,255,222,1,45,252,221,5,144,255,77,251,25,192,1,16,1,5,0,252,0,102,0,41,0,18,0,13,0,11,
0,176,255,149,255,131,255,222,1,45,252,221,5,59,0,203,250,203,190,1,16,1,4,0,252,0,103,0,43,0,20,0,14,0,12,
0,184,255,142,255,115,255,222,1,45,252,221,5,59,0,43,250,171,189,1,16,1,4,0,252,0,103,0,43,0,20,0,14,0,11,
0,161,255,128,255,110,255,222,1,45,252,221,5,8,0,43,250,171,189,1,16,1,4,0,252,0,103,0,43,0,19,0,13,0,12,
0,161,255,128,255,110,255,222,1,45,252,221,5,83,255,120,250,137,189,1,16,1,4,0,253,0,103,0,43,0,19,0,13,0,11,
0,179,255,132,255,129,255,222,1,45,252,221,5,56,255,39,251,204,191,1,16,1,4,0,252,0,104,0,43,0,20,0,13,0,11,
0,166,255,104,255,124,255,1,2,2,252,70,6,184,255,134,250,45,193,1,16,1,4,0,253,0,104,0,43,0,19,0,13,0,11,
0,158,255,139,255,132,255,1,2,2,252,70,6,184,255,134,250,210,191,1,17,1,4,0,254,0,103,0,43,0,19,0,14,0,11,
0,158,255,139,255,132,255,1,2,2,252,70,6,160,0,66,250,210,191,1,17,1,4,0,254,0,104,0,43,0,20,0,13,0,11,
0,164,255,132,255,140,255,1,2,2,252,70,6,136,0,251,249,190,188,1,17,1,4,0,254,0,104,0,43,0,20,0,13,0,11,
0,136,255,107,255,133,255,1,2,2,252,70,6,226,254,102,250,110,190,1,16,1,4,0,253,0,104,0,44,0,20,0,14,0,11,
0,136,255,107,255,158,255,1,2,2,252,70,6,226,254,69,250,117,192,1,16,1,4,0,253,0,104,0,44,0,20,0,13,0,11,
0,134,255,122,255,158,255,1,2,2,252,70,6,75,255,69,250,117,192,1,17,1,4,0,252,0,104,0,44,0,20,0,14,0,12,
0,158,255,117,255,186,255,1,2,2,252,70,6,94,0,44,250,183,192,1,17,1,4,0,252,0,104,0,43,0,20,0,13,0,12,
0,182,255,123,255,193,255,1,2,2,252,70,6,100,0,200,249,83,189,1,17,1,4,0,252,0,103,0,43,0,20,0,13,0,11,
0,182,255,123,255,193,255,1,2,2,252,70,6,19,255,48,250,223,189,1,17,1,4,0,252,0,104,0,44,0,21,0,14,0,12,
0,180,255,123,255,181,255,240,1,30,252,117,6,19,255,48,250,11,192,1,17,1,4,0,252,0,104,0,44,0,20,0,13,0,11,
0,190,255,86,255,180,255,240,1,30,252,117,6,77,255,27,250,11,192,1,16,1,4,0,252,0,104,0,44,0,21,0,14,0,12,
0,177,255,93,255,177,255,240,1,30,252,117,6,50,0,41,250,219,191,1,17,1,4,0,252,0,104,0,48,0,20,0,13,0,11,
0,177,255,93,255,177,255,240,1,30,252,117,6,239,255,140,249,44,190,1,17,1,4,0,251,0,104,0,47,0,21,0,13,0,11,
0,187,255,71,255,153,255,240,1,30,252,117,6,186,255,184,249,13,190,1,17,1,3,0,250,0,104,0,47,0,22,0,14,0,11,
0,186,255,73,255,139,255,240,1,30,252,117,6,186,255,184,249,13,190,1,17,1,3,0,249,0,103,0,46,0,21,0,13,0,11,
0,160,255,78,255,159,255,240,1,30,252,117,6,110,255,7,250,183,190,1,17,1,3,0,249,0,103,0,46,0,21,0,14,0,12,
0,160,255,78,255,159,255,240,1,30,252,117,6,53,255,216,249,227,191,1,18,1,3,0,249,0,102,0,45,0,20,0,13,0,11,
0,95,255,56,255,165,255,240,1,30,252,117,6,71,255,233,249,68,191,1,17,1,3,0,249,0,102,0,45,0,21,0,14,0,11,
0,85,255,100,255,150,255,240,1,30,252,117,6,71,255,37,250,112,190,1,18,1,3,0,249,0,102,0,44,0,20,0,13,0,11,
0,85,255,100,255,166,255,200,1,56,252,194,5,202,255,37,250,112,190,1,18,1,3,0,248,0,102,0,44,0,20,0,13,0,11,
0,87,255,110,255,166,255,200,1,56,252,194,5,35,255,245,249,51,192,1,17,1,3,0,248,0,102,0,44,0,21,0,14,0,11,
0,75,255,105,255,156,255,200,1,56,252,194,5,190,255,169,249,142,190,1,18,1,2,0,247,0,102,0,44,0,21,0,14,0,11,
0,108,255,104,255,175,255,200,1,56,252,194,5,41,255,14,250,215,189,1,18,1,2,0,247,0,102,0,43,0,20,0,13,0,11,
0,108,255,104,255,175,255,200,1,56,252,194,5,41,255,14,250,215,191,1,18,1,2,0,246,0,101,0,43,0,19,0,13,0,11,
0,84,255,82,255,167,255,200,1,56,252,194,5,247,254,59,250,201,191,1,19,1,2,0,246,0,101,0,43,0,20,0,13,0,11,
0,104,255,79,255,171,255,200,1,56,252,194,5,143,255,51,250,249,192,1,18,1,1,0,245,0,101,0,43,0,20,0,14,0,11,
0,110,255,86,255,154,255,200,1,56,252,194,5,60,0,233,249,255,190,1,19,1,1,0,245,0,100,0,43,0,20,0,13,0,12,
0,110,255,86,255,154,255,200,1,56,252,194,5,60,0,222,249,40,189,1,19,1,0,0,244,0,101,0,43,0,20,0,14,0,11,
0,110,255,85,255,120,255,200,1,56,252,194,5,21,255,222,249,40,189,1,19,1,1,0,245,0,100,0,43,0,19,0,13,0,11,
0,106,255,87,255,148,255,244,1,253,251,64,7,58,254,184,250,147,192,1,19,1,0,0,243,0,100,0,43,0,20,0,14,0,12,
0,92,255,66,255,185,255,244,1,253,251,64,7,87,255,125,250,91,193,1,19,1,0,0,243,0,100,0,43,0,20,0,14,0,11,
0,92,255,66,255,185,255,244,1,253,251,64,7,239,255,229,249,251,190,1,20,1,0,0,243,0,100,0,43,0,20,0,14,0,12,
0,113,255,77,255,170,255,244,1,253,251,64,7,239,255,229,249,197,188,1,19,0,255,0,242,0,100,0,43,0,20,0,14,0,12,
0,112,255,97,255,163,255,244,1,253,251,64,7,53,255,250,249,197,188,1,20,1,0,0,242,0,99,0,42,0,19,0,13,0,12,
0,112,255,97,255,134,255,244,1,253,251,64,7,153,254,183,250,255,190,1,20,1,0,0,241,0,99,0,42,0,19,0,13,0,11,
0,137,255,93,255,134,255,244,1,253,251,64,7,224,254,245,250,35,192,1,20,0,255,0,241,0,98,0,42,0,20,0,13,0,11,
0,122,255,84,255,125,255,244,1,253,251,64,7,224,255,218,250,67,192,1,20,0,255,0,241,0,98,0,42,0,19,0,13,0,11,
0,109,255,93,255,140,255,244,1,253,251,64,7,51,255,218,250,67,192,1,20,0,254,0,239,0,99,0,42,0,18,0,13,0,11,
0,109,255,93,255,140,255,244,1,253,251,64,7,166,255,183,250,211,190,1,20,0,254,0,240,0,98,0,41,0,19,0,12,0,11,
0,106,255,134,255,146,255,244,1,253,251,64,5,117,255,155,250,103,189,1,20,0,254,0,239,0,98,0,42,0,18,0,13,0,11,
0,92,255,124,255,163,255,240,1,224,251,253,5,133,254,216,250,120,191,1,20,0,253,0,239,0,98,0,42,0,18,0,13,0,11,
0,95,255,110,255,177,255,240,1,224,251,253,5,133,254,216,250,206,190,1,20,0,254,0,239,0,97,0,41,0,18,0,12,0,11,
0,95,255,110,255,177,255,240,1,224,251,253,5,255,254,242,250,206,190,1,20,0,254,0,239,0,97,0,41,0,18,0,13,0,11,
0,92,255,108,255,148,255,240,1,224,251,253,5,43,255,248,250,28,191,1,20,0,253,0,238,0,98,0,41,0,19,0,13,0,11,
0,65,255,125,255,99,255,240,1,224,251,253,5,111,254,2,251,150,190,1,20,0,253,0,238,0,97,0,41,0,18,0,12,0,11,
0,80,255,125,255,86,255,240,1,224,251,253,5,239,254,32,251,166,191,1,20,0,253,0,238,0,97,0,42,0,19,0,13,0,11,
0,80,255,155,255,86,255,240,1,224,251,253,5,239,254,32,251,166,191,1,20,0,253,0,238,0,97,0,41,0,18,0,13,0,11,
0,121,255,170,255,104,255,240,1,224,251,253,5,14,0,186,250,190,190,1,19,0,252,0,238,0,97,0,41,0,19,0,13,0,11,
0,123,255,166,255,94,255,240,1,224,251,253,5,76,255,184,250,221,188,1,20,0,253,0,238,0,97,0,41,0,18,0,13,0,11,
0,123,255,166,255,113,255,240,1,224,251,253,5,83,254,67,251,97,190,1,19,0,253,0,238,0,97,0,41,0,18,0,13,0,11,
0,114,255,158,255,113,255,172,1,47,252,121,6,83,254,181,251,147,192,1,19,0,252,0,238,0,97,0,41,0,19,0,13,0,12,
0,103,255,147,255,115,255,172,1,47,252,121,6,172,254,181,251,147,192,1,19,0,252,0,237,0,97,0,42,0,19,0,14,0,12,
0,91,255,175,255,130,255,172,1,47,252,121,6,214,255,16,251,196,191,1,19,0,252,0,237,0,97,0,42,0,19,0,13,0,11,
0,91,255,175,255,130,255,172,1,47,252,121,6,164,255,214,250,183,189,1,19,0,252,0,238,0,96,0,41,0,18,0,13,0,11,
0,120,255,186,255,132,255,172,1,47,252,121,6,23,255,2,251,237,188,1,18,0,252,0,237,0,97,0,41,0,18,0,12,0,11,
0,125,255,183,255,125,255,172,1,47,252,121,6,23,255,2,251,203,190,1,18,0,252,0,237,0,97,0,41,0,18,0,13,0,11,
0,132,255,184,255,108,255,172,1,47,252,121,6,29,254,124,251,203,190,1,18,0,252,0,237,0,96,0,41,0,18,0,12,0,11,
0,132,255,184,255,108,255,172,1,47,252,121,6,123,254,130,251,106,192,1,18,0,252,0,237,0,96,0,40,0,17,0,12,0,11,
0,155,255,179,255,106,255,172,1,47,252,121,6,221,255,180,250,73,191,1,17,0,252,0,236,0,96,0,41,0,19,0,13,0,11,
0,151,255,189,255,117,255,172,1,47,252,121,6,221,255,194,250,51,188,1,17,0,252,0,237,0,96,0,41,0,18,0,12,0,11,
0,135,255,189,255,113,255,4,2,40,252,117,6,134,255,194,250,51,188,1,16,0,252,0,236,0,96,0,41,0,18,0,13,0,11,
0,135,255,207,255,113,255,4,2,40,252,117,6,120,254,98,251,208,190,1,17,0,252,0,237,0,96,0,40,0,17,0,12,0,11,
0,168,255,203,255,94,255,4,2,40,252,117,6,201,254,110,251,186,190,1,16,0,252,0,237,0,95,0,40,0,18,0,12,0,11,
0,160,255,185,255,93,255,4,2,40,252,117,6,3,255,22,251,133,190,1,16,0,252,0,236,0,96,0,41,0,19,0,13,0,11,
0,160,255,185,255,92,255,4,2,40,252,117,6,3,255,22,251,189,190,1,16,0,252,0,236,0,96,0,41,0,18,0,12,0,11,
0,172,255,175,255,92,255,4,2,40,252,117,6,247,254,18,251,189,190,1,15,0,252,0,236,0,96,0,41,0,19,0,13,0,11,
0,171,255,203,255,110,255,4,2,40,252,117,6,16,255,43,251,134,190,1,16,0,252,0,236,0,96,0,41,0,19,0,13,0,11,
0,161,255,225,255,127,255,4,2,40,252,117,6,49,255,234,250,51,190,1,15,0,252,0,236,0,96,0,41,0,18,0,13,0,11,
0,161,255,225,255,127,255,4,2,40,252,117,6,31,255,188,250,223,189,1,15,0,252,0,236,0,95,0,40,0,17,0,12,0,11,
0,131,255,246,255,99,255,4,2,40,252,117,6,31,255,188,250,223,189,1,14,0,252,0,236,0,96,0,41,0,18,0,13,0,11,
0,138,255,7,0,97,255,186,1,64,252,12,6,183,254,237,250,206,188,1,14,0,252,0,236,0,96,0,41,0,19,0,13,0,11,
0,136,255,248,255,73,255,186,1,64,252,12,6,124,254,40,251,96,190,1,14,0,252,0,236,0,95,0,40,0,18,0,13,0,12,
0,136,255,248,255,73,255,186,1,64,252,12,6,64,255,19,251,108,191,1,13,0,252,0,236,0,96,0,41,0,19,0,13,0,11,
0,131,255,250,255,62,255,186,1,64,252,12,6,64,255,19,250,79,190,1,13,0,252,0,236,0,95,0,40,0,18,0,13,0,11,
0,164,255,233,255,61,255,186,1,64,252,12,6,148,255,238,250,79,190,1,12,0,252,0,236,0,96,0,41,0,19,0,13,0,11,
0,186,255,233,255,57,255,186,1,64,252,12,6,213,255,95,250,38,190,1,12,0,252,0,236,0,96,0,41,0,19,0,13,0,11,
0,186,255,230,255,57,255,186,1,64,252,12,6,115,255,153,250,192,188,1,12,0,252,0,236,0,96,0,41,0,19,0,13,0,11,
0,160,255,24,0,72,255,186,1,64,252,12,6,208,254,213,250,179,189,1,12,0,252,0,236,0,96,0,41,0,18,0,13,0,11,
0,148,255,24,0,106,255,186,1,64,252,12,6,208,254,213,250,179,189,1,12,0,253,0,237,0,95,0,35,0,16,0,13,0,11,
0,148,255,24,0,80,255,186,1,64,252,12,6,36,255,206,250,37,191,1,11,0,252,0,236,0,96,0,36,0,17,0,13,0,12,
0,117,255,0,0,80,255,186,1,25,252,251,5,160,255,206,250,202,190,1,11,0,252,0,236,0,95,0,38,0,17,0,13,0,11,
0,149,255,240,255,95,255,181,1,25,252,251,5,23,255,157,250,45,190,1,11,0,252,0,236,0,96,0,38,0,17,0,13,0,11,
0,219,255,239,255,72,255,181,1,25,252,251,5,23,255,148,250,186,190,1,11,0,252,0,236,0,95,0,39,0,18,0,13,0,11,
0,219,255,239,255,72,255,181,1,25,252,251,5,173,255,148,250,186,190,1,12,0,252,0,237,0,95,0,39,0,17,0,12,0,11,
0,187,255,243,255,70,255,181,1,25,252,251,5,87,255,141,250,222,188,1,11,0,252,0,237,0,96,0,39,0,17,0,12,0,11,
0,151,255,244,255,34,255,181,1,25,252,251,5,236,254,143,250,82,189,1,11,0,252,0,237,0,96,0,40,0,18,0,13,0,11,
0,128,255,4,0,21,255,181,1,25,252,251,5,16,255,178,250,70,190,1,11,0,252,0,238,0,96,0,40,0,17,0,13,0,11,
0,128,255,4,0,21,255,181,1,25,252,251,5,16,255,178,250,24,191,1,11,0,252,0,237,0,96,0,40,0,19,0,13,0,11,
0,139,255,239,255,49,255,181,1,25,252,251,5,162,255,71,250,24,191,1,11,0,252,0,238,0,96,0,40,0,17,0,12,0,11,
0,161,255,220,255,66,255,181,1,25,252,251,5,177,255,39,250,50,189,1,11,0,252,0,238,0,96,0,40,0,18,0,12,0,11,
0,161,255,220,255,86,255,181,1,25,252,251,5,94,255,79,250,68,189,1,11,0,252,0,238,0,96,0,41,0,19,0,13,0,12,
0,185,255,208,255,86,255,16,2,38,252,73,6,94,255,69,250,147,190,1,11,0,252,0,238,0,96,0,40,0,18,0,13,0,12,
0,170,255,199,255,73,255,16,2,38,252,73,6,9,255,69,250,147,190,1,11,0,251,0,238,0,97,0,41,0,19,0,13,0,12,
0,162,255,202,255,60,255,16,2,38,252,73,6,43,255,167,250,198,191,1,11,0,252,0,238,0,96,0,40,0,18,0,12,0,11,
0,162,255,202,255,67,255,16,2,38,252,73,6,75,0,68,250,164,190,1,10,0,251,0,238,0,97,0,41,0,18,0,13,0,12,
0,176,255,202,255,67,255,16,2,38,252,73,6,253,255,16,250,94,188,1,10,0,251,0,238,0,96,0,41,0,18,0,13,0,11,
0,160,255,186,255,44,255,16,2,38,252,73,6,253,255,16,250,95,189,1,11,0,251,0,238,0,96,0,40,0,17,0,12,0,11,
0,129,255,189,255,53,255,16,2,38,252,73,6,193,254,50,250,95,189,1,11,0,251,0,238,0,96,0,40,0,17,0,12,0,11,
0,129,255,189,255,53,255,16,2,38,252,73,6,230,254,198,250,155,191,1,10,0,251,0,237,0,97,0,41,0,19,0,13,0,11,
0,113,255,175,255,82,255,16,2,38,252,73,6,11,0,88,250,50,192,1,10,0,251,0,237,0,96,0,40,0,17,0,12,0,11,
0,144,255,176,255,81,255,16,2,38,252,73,6,225,255,163,249,107,188,1,9,0,250,0,236,0,96,0,45,0,19,0,12,0,11,
0,174,255,202,255,84,255,197,1,38,252,54,6,225,255,163,249,107,188,1,10,0,251,0,236,0,96,0,43,0,19,0,12,0,11,
0,174,255,202,255,84,255,197,1,38,252,54,6,174,254,129,250,81,189,1,10,0,251,0,236,0,95,0,43,0,19,0,12,0,10,
0,175,255,196,255,56,255,197,1,38,252,54,6,250,254,163,250,83,192,1,9,0,250,0,236,0,96,0,43,0,19,0,13,0,11,
0,165,255,172,255,44,255,197,1,38,252,54,6,128,0,53,250,225,190,1,9,0,250,0,235,0,96,0,42,0,18,0,12,0,11,
0,165,255,172,255,8,255,197,1,38,252,54,6,128,0,35,250,54,189,1,9,0,250,0,235,0,96,0,42,0,19,0,13,0,11,
0,178,255,147,255,8,255,197,1,38,252,54,6,164,255,35,250,54,189,1,9,0,250,0,235,0,95,0,41,0,18,0,13,0,11,
0,191,255,152,255,14,255,197,1,38,252,54,6,4,255,170,250,64,189,1,9,0,249,0,235,0,96,0,41,0,19,0,13,0,11,
0,170,255,156,255,25,255,197,1,38,252,54,6,205,254,238,250,104,191,1,9,0,250,0,235,0,95,0,41,0,18,0,13,0,11,
0,170,255,156,255,23,255,197,1,38,252,54,6,90,255,225,250,15,192,1,9,0,249,0,235,0,96,0,41,0,19,0,13,0,12,
0,183,255,159,255,23,255,197,1,38,252,54,6,90,255,225,250,15,192,1,9,0,249,0,235,0,96,0,41,0,19,0,13,0,11,
0,203,255,144,255,12,255,34,2,22,252,164,5,127,0,48,250,244,189,1,9,0,249,0,235,0,95,0,40,0,18,0,13,0,11,
0,245,255,129,255,6,255,34,2,22,252,164,5,149,255,75,250,143,189,1,9,0,249,0,235,0,95,0,41,0,18,0,13,0,11,
0,245,255,129,255,6,255,34,2,22,252,164,5,102,254,174,250,197,189,1,9,0,249,0,235,0,96,0,41,0,19,0,13,0,11,
0,225,255,119,255,11,255,34,2,22,252,164,5,102,254,19,251,107,192,1,9,0,249,0,235,0,95,0,40,0,18,0,13,0,11,
0,200,255,67,255,37,255,34,2,22,252,164,5,123,255,19,251,107,192,1,9,0,248,0,235,0,96,0,41,0,19,0,13,0,11,
0,154,255,48,255,18,255,34,2,22,252,164,5,253,255,216,250,54,191,1,9,0,249,0,235,0,95,0,40,0,18,0,13,0,11,
0,154,255,48,255,18,255,34,2,22,252,164,5,181,255,155,250,56,188,1,9,0,248,0,235,0,95,0,41,0,19,0,13,0,11,
0,193,255,62,255,14,255,34,2,22,252,164,5,178,254,180,250,3,189,1,10,0,249,0,236,0,95,0,40,0,17,0,12,0,11,
0,195,255,38,255,21,255,34,2,22,252,164,5,178,254,180,250,230,191,1,10,0,248,0,235,0,95,0,40,0,17,0,12,0,10,
0,195,255,38,255,4,255,34,2,22,252,164,5,238,254,92,251,230,191,1,10,0,247,0,235,0,95,0,41,0,18,0,13,0,11,
0,156,255,30,255,4,255,194,1,20,252,234,5,142,0,178,250,154,190,1,10,0,248,0,236,0,95,0,40,0,18,0,13,0,11,
0,198,255,72,255,254,254,194,1,20,252,234,5,216,255,168,250,209,188,1,10,0,248,0,235,0,96,0,40,0,18,0,13,0,11,
0,253,255,84,255,248,254,194,1,20,252,234,5,216,254,55,251,90,188,1,11,0,248,0,236,0,95,0,40,0,17,0,12,0,11,
0,253,255,84,255,248,255,194,1,20,252,234,5,139,254,55,251,90,188,1,11,0,248,0,236,0,95,0,40,0,17,0,12,0,11,
0,219,255,61,255,12,255,194,1,20,252,234,5,240,254,122,251,33,192,1,11,0,248,0,236,0,96,0,41,0,18,0,13,0,11,
0,173,255,39,255,28,255,194,1,20,252,234,5,36,0,197,250,123,189,1,12,0,248,0,236,0,95,0,40,0,18,0,14,0,11,
0,154,255,82,255,38,255,194,1,20,252,234,5,235,254,238,250,75,186,1,12,0,248,0,236,0,96,0,41,0,19,0,13,0,12,
0,154,255,82,255,38,255,194,1,20,252,234,5,235,254,238,250,154,190,1,12,0,248,0,236,0,95,0,40,0,18,0,13,0,11,
0,131,255,101,255,16,255,194,1,20,252,234,5,88,254,152,251,154,190,1,12,0,248,0,236,0,96,0,40,0,18,0,13,0,11,
0,120,255,93,255,4,255,194,1,20,252,234,5,149,0,251,250,122,190,1,12,0,248,0,236,0,96,0,41,0,19,0,13,0,12,
0,155,255,56,255,9,255,194,1,20,252,234,5,88,255,197,250,206,187,1,13,0,249,0,236,0,96,0,40,0,18,0,13,0,11,
0,155,255,56,255,9,255,192,1,77,252,161,5,240,254,29,251,111,189,1,13,0,249,0,236,0,96,0,41,0,19,0,13,0,12,
0,134,255,35,255,8,255,192,1,77,252,161,5,240,254,29,251,111,189,1,13,0,249,0,237,0,95,0,40,0,17,0,13,0,11,
0,94,255,60,255,4,255,192,1,77,252,161,5,215,254,169,251,2,190,1,13,0,249,0,236,0,96,0,41,0,18,0,13,0,11,
0,94,255,60,255,10,255,192,1,77,252,161,5,173,255,67,251,181,190,1,14,0,249,0,236,0,96,0,41,0,18,0,13,0,11,
0,126,255,44,255,10,255,192,1,77,252,161,5,98,0,214,250,213,188,1,14,0,249,0,236,0,95,0,40,0,18,0,12,0,11,
0,184,255,64,255,2,255,192,1,77,252,161,5,98,0,214,250,210,186,1,15,0,249,0,237,0,95,0,40,0,17,0,13,0,11,
0,214,255,75,255,18,255,192,1,77,252,161,5,161,255,214,250,210,186,1,14,0,249,0,236,0,96,0,41,0,19,0,13,0,11,
0,214,255,75,255,18,255,192,1,77,252,161,5,131,254,49,251,129,188,1,15,0,250,0,237,0,96,0,40,0,17,0,12,0,11,
0,217,255,61,255,6,255,192,1,77,252,161,5,187,255,67,251,24,192,1,15,0,249,0,237,0,96,0,41,0,18,0,13,0,11,
0,195,255,54,255,2,255,192,1,77,252,161,5,166,0,75,250,31,188,1,16,0,250,0,237,0,95,0,40,0,18,0,13,0,11,
0,224,255,50,255,255,254,7,2,26,252,240,6,166,0,75,250,111,188,1,16,0,250,0,237,0,96,0,41,0,19,0,13,0,11,
0,224,255,50,255,255,254,7,2,26,252,240,6,4,0,195,250,111,188,1,16,0,251,0,238,0,95,0,40,0,18,0,12,0,11,
0,7,0,43,255,6,255,7,2,26,252,240,6,235,254,33,251,64,188,1,15,0,250,0,237,0,96,0,41,0,19,0,13,0,11,
0,13,0,49,255,14,255,7,2,26,252,240,6,27,255,227,250,79,190,1,15,0,250,0,238,0,96,0,41,0,19,0,13,0,11,
0,11,0,41,255,6,255,7,2,26,252,240,6,27,255,7,251,40,190,1,16,0,251,0,238,0,96,0,40,0,18,0,13,0,11,
0,11,0,41,255,6,255,7,2,26,252,240,6,50,0,7,251,40,190,1,16,0,251,0,238,0,96,0,40,0,18,0,12,0,11,
0,38,0,15,255,252,254,7,2,26,252,240,6,68,0,24,250,53,187,1,15,0,251,0,238,0,97,0,41,0,19,0,13,0,12,
0,64,0,24,255,20,255,7,2,26,252,240,6,247,254,170,250,51,187,1,16,0,251,0,238,0,96,0,41,0,18,0,12,0,11,
0,64,0,24,255,3,255,7,2,26,252,240,6,93,255,31,251,253,190,1,15,0,251,0,237,0,97,0,41,0,19,0,13,0,11,
0,25,0,19,255,3,255,7,2,26,252,240,6,93,255,31,251,111,189,1,16,0,251,0,237,0,96,0,41,0,18,0,13,0,11,
0,1,0,31,255,250,254,205,1,106,252,86,6,213,0,69,250,111,189,1,16,0,250,0,237,0,97,0,41,0,19,0,13,0,11,
0,25,0,16,255,244,254,205,1,106,252,86,6,220,255,13,250,123,187,1,16,0,251,0,238,0,96,0,40,0,18,0,13,0,11,
0,25,0,16,255,244,254,205,1,106,252,86,6,205,254,69,250,193,188,1,16,0,251,0,237,0,96,0,41,0,18,0,12,0,11,
0,251,255,28,255,0,255,205,1,106,252,86,6,70,255,82,250,181,189,1,15,0,251,0,237,0,96,0,41,0,19,0,13,0,11,
0,173,255,250,254,22,255,205,1,106,252,86,6,70,255,82,250,181,189,1,16,0,251,0,237,0,96,0,40,0,18,0,13,0,11,
0,173,255,7,255,8,255,205,1,106,252,86,6,90,255,61,250,191,189,1,15,0,251,0,237,0,96,0,41,0,19,0,13,0,11,
0,173,255,7,255,8,255,205,1,106,252,86,6,122,255,194,249,11,190,1,16,0,251,0,237,0,96,0,40,0,18,0,12,0,11,
0,210,255,47,255,53,255,205,1,106,252,86,6,139,255,7,250,106,189,1,15,0,251,0,236,0,96,0,40,0,17,0,12,0,11,
0,218,255,36,255,66,255,205,1,106,252,86,6,139,255,7,249,188,188,1,15,0,251,0,236,0,96,0,41,0,18,0,13,0,11,
0,206,255,20,255,36,255,205,1,106,252,86,6,119,255,230,249,188,188,1,16,0,251,0,235,0,96,0,41,0,18,0,13,0,11,
0,206,255,20,255,36,255,179,1,137,252,7,6,11,255,191,249,114,188,1,16,0,250,0,235,0,96,0,40,0,18,0,13,0,11,
0,187,255,19,255,50,255,179,1,137,252,7,6,45,255,197,249,229,188,1,17,0,250,0,235,0,95,0,40,0,17,0,12,0,11,
0,173,255,11,255,53,255,179,1,137,252,7,6,60,254,243,249,100,189,1,16,0,249,0,235,0,95,0,41,0,18,0,13,0,11,
0,173,255,11,255,73,255,179,1,137,252,7,6,60,254,243,249,100,189,1,17,0,250,0,235,0,95,0,40,0,18,0,13,0,11,
0,168,255,250,254,73,255,179,1,137,252,7,6,242,254,234,249,169,190,1,17,0,250,0,235,0,95,0,40,0,18,0,13,0,11,
0,187,255,254,254,97,255,179,1,137,252,7,6,52,255,42,249,187,188,1,17,0,250,0,235,0,95,0,35,0,18,0,14,0,12,
0,167,255,13,255,83,255,179,1,137,252,7,6,81,254,37,249,221,186,1,17,0,251,0,235,0,95,0,36,0,16,0,13,0,11,
0,167,255,13,255,83,255,179,1,137,252,7,6,81,254,201,249,24,189,1,17,0,251,0,235,0,95,0,37,0,17,0,12,0,11,
0,152,255,13,255,81,255,179,1,137,252,7,6,197,253,201,249,24,189,1,17,0,250,0,234,0,95,0,39,0,17,0,13,0,12,
0,128,255,6,255,64,255,179,1,137,252,7,6,139,254,200,249,22,191,1,17,0,251,0,234,0,95,0,39,0,17,0,13,0,11,
0,135,255,242,254,64,255,179,1,137,252,7,6,16,0,58,249,100,189,1,17,0,250,0,233,0,95,0,40,0,18,0,13,0,12,
0,135,255,242,254,64,255,211,1,51,252,24,6,31,255,247,248,27,188,1,17,0,250,0,234,0,94,0,39,0,17,0,12,0,11,
0,159,255,231,254,25,255,211,1,51,252,24,6,31,255,247,248,55,188,1,17,0,249,0,233,0,95,0,40,0,17,0,12,0,11,
0,140,255,242,254,23,255,211,1,51,252,24,6,123,253,64,249,55,188,1,18,0,249,0,234,0,95,0,40,0,18,0,13,0,11,
0,129,255,217,254,52,255,211,1,51,252,24,6,24,254,189,249,226,190,1,18,0,249,0,233,0,95,0,40,0,18,0,13,0,11,
0,129,255,217,254,52,255,211,1,51,252,24,6,58,255,102,249,198,190,1,17,0,248,0,233,0,95,0,40,0,18,0,13,0,11,
0,139,255,206,254,77,255,211,1,51,252,24,6,58,255,9,249,206,187,1,17,0,249,0,234,0,94,0,40,0,17,0,12,0,11,
0,139,255,221,254,76,255,211,1,51,252,24,6,188,254,9,249,206,187,1,17,0,249,0,234,0,94,0,40,0,17,0,12,0,11,
0,139,255,221,254,47,255,211,1,51,252,24,6,30,254,110,249,21,188,1,16,0,249,0,234,0,95,0,40,0,18,0,13,0,11,
0,139,255,218,254,47,255,211,1,51,252,24,6,169,253,188,249,237,188,1,17,0,249,0,234,0,94,0,40,0,17,0,13,0,11,
0,89,255,248,254,38,255,211,1,51,252,24,6,105,254,167,249,97,191,1,16,0,249,0,233,0,95,0,40,0,18,0,13,0,11,
0,84,255,3,255,57,255,215,1,93,252,166,6,105,254,167,249,91,190,1,17,0,249,0,233,0,94,0,40,0,17,0,12,0,11,
0,84,255,3,255,57,255,215,1,93,252,166,6,209,254,159,249,91,190,1,16,0,248,0,232,0,94,0,40,0,17,0,12,0,11,
0,109,255,29,255,43,255,215,1,93,252,166,6,204,254,139,249,250,187,1,16,0,247,0,232,0,95,0,40,0,18,0,13,0,11,
0,119,255,46,255,57,255,215,1,93,252,166,6,250,253,124,249,191,188,1,16,0,247,0,233,0,94,0,40,0,18,0,13,0,11,
0,109,255,30,255,43,255,215,1,93,252,166,6,192,253,211,249,160,189,1,16,0,248,0,233,0,94,0,40,0,18,0,13,0,11,
0,109,255,30,255,43,255,215,1,93,252,166,6,192,253,211,249,160,189,1,15,0,247,0,234,0,95,0,40,0,18,0,13,0,12,
0,106,255,46,255,18,255,215,1,93,252,166,6,42,254,184,249,59,190,1,14,0,248,0,234,0,95,0,44,0,18,0,12,0,11,
0,119,255,46,255,16,255,215,1,93,252,166,6,246,253,197,249,15,189,1,14,0,248,0,235,0,95,0,43,0,19,0,13,0,11,
0,120,255,46,255,15,255,215,1,93,252,166,6,13,254,152,249,91,189,1,14,0,249,0,234,0,95,0,43,0,18,0,13,0,11,
0,120,255,58,255,15,255,215,1,93,252,166,6,13,254,134,249,18,189,1,14,0,248,0,233,0,95,0,42,0,19,0,13,0,11,
0,54,255,94,255,17,255,72,2,10,252,24,6,8,254,134,249,18,189,1,14,0,249,0,233,0,94,0,41,0,18,0,13,0,11,
0,37,255,103,255,6,255,72,2,10,252,24,6,64,254,108,249,236,188,1,14,0,248,0,233,0,95,0,41,0,19,0,13,0,11,
0,37,255,103,255,241,254,72,2,10,252,24,6,122,253,227,249,100,190,1,13,0,248,0,234,0,95,0,41,0,19,0,13,0,11,
0,69,255,86,255,241,254,72,2,10,252,24,6,93,254,252,249,164,190,1,13,0,248,0,235,0,94,0,40,0,18,0,13,0,11,
0,75,255,90,255,251,254,72,2,10,252,24,6,93,254,252,249,164,189,1,12,0,249,0,236,0,94,0,40,0,18,0,13,0,11,
0,93,255,85,255,250,254,72,2,10,252,24,6,180,254,181,249,126,189,1,11,0,249,0,236,0,95,0,41,0,19,0,13,0,11,
0,93,255,85,255,250,254,72,2,10,252,24,6,189,253,168,249,99,188,1,11,0,249,0,236,0,95,0,40,0,17,0,12,0,11,
0,88,255,101,255,5,255,72,2,10,252,24,6,160,253,191,249,45,190,1,11,0,249,0,235,0,95,0,40,0,18,0,13,0,11,
0,79,255,97,255,247,254,72,2,10,252,24,6,160,253,50,250,142,191,1,11,0,249,0,235,0,95,0,40,0,17,0,12,0,11,
0,76,255,75,255,250,254,72,2,10,252,24,6,45,254,50,250,142,191,1,11,0,249,0,235,0,95,0,40,0,17,0,12,0,11,
0,76,255,75,255,250,254,253,1,69,252,70,6,229,254,83,249,120,189,1,11,0,248,0,235,0,95,0,41,0,19,0,13,0,11,
0,60,255,77,255,253,254,253,1,69,252,70,6,61,254,114,249,238,188,1,10,0,249,0,236,0,95,0,40,0,17,0,12,0,11,
0,95,255,110,255,250,254,253,1,69,252,70,6,90,253,24,250,165,190,1,9,0,249,0,237,0,95,0,40,0,18,0,13,0,11,
0,89,255,110,255,2,255,253,1,69,252,70,6,90,253,24,250,240,190,1,9,0,250,0,238,0,96,0,41,0,19,0,13,0,11,
0,89,255,115,255,2,255,253,1,69,252,70,6,109,254,174,249,240,190,1,8,0,250,0,237,0,96,0,41,0,18,0,13,0,11,
0,81,255,113,255,244,254,253,1,69,252,70,6,81,255,175,249,73,189,1,9,0,251,0,236,0,95,0,40,0,17,0,13,0,11,
0,83,255,142,255,221,254,253,1,69,252,70,6,87,254,141,249,217,187,1,8,0,250,0,236,0,96,0,40,0,18,0,12,0,11,
0,83,255,142,255,199,254,253,1,69,252,70,6,87,253,247,249,163,189,1,8,0,250,0,235,0,96,0,41,0,19,0,13,0,11,
0,49,255,148,255,199,254,253,1,69,252,70,6,108,253,247,249,163,189,1,8,0,250,0,236,0,96,0,41,0,19,0,13,0,11,
0,0,255,138,255,198,254,253,1,69,252,70,6,125,254,157,249,43,191,1,8,0,250,0,238,0,96,0,41,0,18,0,13,0,11,
0,11,255,125,255,201,254,253,1,69,252,70,7,21,255,93,249,37,189,1,8,0,251,0,238,0,96,0,40,0,17,0,13,0,11,
0,11,255,125,255,201,254,194,1,87,252,41,7,191,254,56,249,247,188,1,7,0,251,0,238,0,96,0,40,0,17,0,12,0,11,
0,89,255,108,255,216,254,194,1,87,252,41,7,191,254,56,249,177,188,1,7,0,251,0,236,0,96,0,41,0,19,0,13,0,11,
0,40,255,115,255,1,255,194,1,87,252,41,7,122,253,46,249,177,188,1,7,0,251,0,236,0,96,0,41,0,19,0,13,0,11,
0,17,255,102,255,21,255,194,1,87,252,41,7,226,253,216,249,251,190,1,7,0,250,0,236,0,96,0,41,0,19,0,13,0,11,
0,17,255,102,255,21,255,194,1,87,252,41,7,49,255,108,249,78,190,1,7,0,251,0,237,0,95,0,40,0,17,0,13,0,11,
0,233,254,89,255,15,255,194,1,87,252,41,7,205,254,22,249,5,189,1,6,0,251,0,238,0,95,0,40,0,17,0,12,0,11,
0,2,255,86,255,249,254,194,1,87,252,41,7,205,254,22,249,5,189,1,6,0,251,0,238,0,96,0,41,0,19,0,13,0,11,
0,251,254,86,255,242,254,194,1,87,252,41,7,58,254,35,249,232,186,1,6,0,252,0,237,0,95,0,40,0,18,0,12,0,11,
0,251,254,69,255,242,254,194,1,87,252,41,7,94,253,204,249,115,189,1,6,0,252,0,236,0,96,0,41,0,18,0,13,0,11,
0,243,254,88,255,254,254,194,1,87,252,41,7,194,254,205,249,196,191,1,6,0,252,0,236,0,96,0,40,0,18,0,12,0,11,
0,246,254,68,255,3,255,16,2,77,252,139,6,194,254,47,249,119,189,1,6,0,251,0,237,0,96,0,40,0,18,0,12,0,11,
0,246,254,68,255,3,255,16,2,77,252,139,6,81,255,47,249,119,189,1,5,0,251,0,238,0,96,0,41,0,19,0,13,0,11,
0,250,254,56,255,3,255,16,2,77,252,139,6,20,255,255,248,95,188,1,5,0,252,0,238,0,96,0,41,0,19,0,13,0,12,
0,205,254,19,255,238,254,16,2,77,252,139,6,179,254,254,248,124,188,1,5,0,252,0,237,0,96,0,41,0,19,0,13,0,12,
0,196,254,41,255,238,254,16,2,77,252,139,6,105,254,30,249,24,189,1,5,0,253,0,237,0,96,0,41,0,18,0,13,0,11,
0,196,254,41,255,238,254,16,2,77,252,139,6,105,254,30,249,111,189,1,5,0,252,0,237,0,96,0,41,0,17,0,13,0,11,
0,195,254,56,255,232,254,16,2,77,252,139,6,98,254,41,249,111,189,1,5,0,252,0,237,0,96,0,41,0,19,0,13,0,11,
0,202,254,20,255,209,254,16,2,77,252,139,6,93,254,34,249,254,188,1,4,0,252,0,238,0,97,0,41,0,19,0,13,0,12,
0,204,254,232,254,212,254,16,2,77,252,139,6,147,254,26,249,230,189,1,4,0,252,0,238,0,97,0,41,0,19,0,13,0,11,
0,204,254,232,254,212,254,16,2,77,252,139,6,147,254,21,249,232,189,1,4,0,253,0,238,0,96,0,41,0,18,0,12,0,11,
0,189,254,243,254,233,254,205,1,96,252,17,6,251,254,21,249,232,189,1,3,0,253,0,238,0,96,0,40,0,18,0,12,0,11,
0,137,254,236,254,246,254,205,1,96,252,17,6,217,255,190,248,216,189,1,4,0,252,0,237,0,97,0,41,0,19,0,13,0,11,
0,137,254,236,254,235,254,205,1,96,252,17,6,169,254,190,248,190,187,1,4,0,252,0,236,0,96,0,41,0,19,0,13,0,11,
0,118,254,232,254,235,254,205,1,96,252,17,6,38,254,50,249,215,188,1,3,0,252,0,237,0,96,0,41,0,18,0,13,0,11,
0,154,254,226,254,2,255,205,1,96,252,17,6,38,254,50,249,176,191,1,3,0,252,0,238,0,96,0,40,0,17,0,12,0,11,
0,164,254,212,254,2,255,205,1,96,252,17,6,210,254,36,249,176,191,1,3,0,252,0,238,0,96,0,40,0,18,0,12,0,10,
0,164,254,212,254,244,254,205,1,96,252,17,6,226,255,19,249,50,189,1,3,0,252,0,237,0,97,0,41,0,19,0,13,0,11,
0,157,254,234,254,244,254,205,1,96,252,17,6,211,254,161,248,84,185,1,3,0,252,0,236,0,96,0,41,0,18,0,13,0,11,
0,145,254,244,254,241,254,205,1,96,252,17,6,16,254,235,248,90,188,1,3,0,251,0,236,0,96,0,41,0,19,0,13,0,11,
0,142,254,236,254,246,254,205,1,96,252,17,6,16,254,235,248,90,188,1,4,0,252,0,236,0,95,0,40,0,17,0,12,0,11,
0,142,254,236,254,246,254,4,2,54,252,111,6,49,254,178,249,196,191,1,3,0,251,0,236,0,96,0,40,0,17,0,12,0,11,
0,113,254,219,254,203,254,4,2,54,252,111,6,220,254,48,249,91,190,1,3,0,251,0,236,0,96,0,41,0,19,0,13,0,11,
0,88,254,233,254,202,254,4,2,54,252,111,6,236,254,243,248,76,189,1,3,0,251,0,236,0,95,0,40,0,18,0,13,0,11,
0,98,254,230,254,217,254,4,2,54,252,111,6,236,254,243,249,69,188,1,4,0,251,0,236,0,95,0,40,0,18,0,13,0,11,
0,98,254,230,254,217,254,4,2,54,252,111,6,127,254,75,249,69,188,1,3,0,250,0,235,0,96,0,41,0,19,0,13,0,11,
0,119,254,210,254,240,254,4,2,54,252,111,6,67,254,128,249,85,188,1,4,0,250,0,235,0,95,0,40,0,18,0,13,0,11,
0,90,254,222,254,0,255,4,2,54,252,111,6,31,254,159,249,101,190,1,4,0,250,0,234,0,95,0,41,0,19,0,13,0,11,
0,90,254,222,254,4,255,4,2,54,252,111,6,139,254,94,249,201,189,1,5,0,250,0,234,0,95,0,40,0,18,0,13,0,11,
0,75,254,215,254,4,255,4,2,54,252,111,6,139,254,94,249,201,189,1,4,0,249,0,234,0,95,0,41,0,19,0,13,0,11,
0,92,254,187,254,231,254,4,2,54,252,111,6,71,254,155,249,198,189,1,5,0,249,0,235,0,95,0,40,0,17,0,12,0,11,
0,66,254,202,254,229,254,4,2,50,252,54,6,88,254,132,249,99,189,1,5,0,249,0,235,0,95,0,40,0,18,0,13,0,11,
0,66,254,202,254,240,254,206,1,50,252,54,6,75,254,134,249,17,190,1,5,0,249,0,235,0,95,0,41,0,19,0,13,0,11,
0,42,254,184,254,240,254,206,1,50,252,54,6,75,254,63,249,129,188,1,5,0,249,0,235,0,95,0,35,0,17,0,13,0,11,
0,11,254,169,254,240,254,206,1,50,252,54,6,160,253,63,249,129,188,1,5,0,248,0,234,0,95,0,36,0,17,0,13,0,12,
0,246,253,172,254,241,254,206,1,50,252,54,6,61,253,222,249,136,189,1,6,0,249,0,233,0,94,0,37,0,16,0,12,0,11,
0,246,253,172,254,241,254,206,1,50,252,54,6,151,253,54,250,225,190,1,6,0,248,0,233,0,95,0,38,0,17,0,13,0,11,
0,247,253,180,254,242,254,206,1,50,252,54,6,166,254,8,250,248,190,1,6,0,247,0,232,0,94,0,39,0,17,0,13,0,11,
0,250,253,184,254,249,254,206,1,50,252,54,6,166,254,8,250,238,188,1,6,0,247,0,233,0,94,0,38,0,17,0,12,0,11,
0,12,254,180,254,17,255,206,1,50,252,54,6,29,254,168,249,238,188,1,6,0,247,0,233,0,94,0,39,0,18,0,13,0,11,
0,12,254,180,254,17,255,206,1,50,252,54,6,130,253,173,249,254,187,1,7,0,247,0,233,0,94,0,39,0,17,0,12,0,11,
0,8,254,187,254,237,254,206,1,50,252,54,6,169,252,70,250,179,189,1,6,0,247,0,233,0,95,0,40,0,18,0,13,0,11,
0,5,254,179,254,235,254,245,1,56,252,132,6,169,252,54,250,126,191,1,6,0,246,0,232,0,94,0,40,0,18,0,13,0,11,
0,5,254,179,254,229,254,245,1,56,252,132,6,145,253,54,250,126,191,1,7,0,247,0,232,0,94,0,40,0,18,0,13,0,11,
0,20,254,188,254,229,254,245,1,56,252,132,6,254,253,14,250,246,190,1,6,0,246,0,232,0,94,0,40,0,18,0,13,0,11,
0,30,254,186,254,245,254,245,1,56,252,132,6,211,253,196,249,101,188,1,8,0,247,0,232,0,94,0,40,0,17,0,12,0,11,
0,0,254,186,254,238,254,245,1,56,252,132,6,233,252,233,249,202,188,1,7,0,246,0,232,0,94,0,40,0,19,0,13,0,11,
0,0,254,186,254,238,254,245,1,56,252,132,6,233,252,233,249,58,191,1,7,0,246,0,231,0,94,0,40,0,18,0,13,0,11,
0,248,253,165,254,233,254,245,1,56,252,132,6,195,252,127,250,58,191,1,8,0,246,0,232,0,94,0,40,0,19,0,13,0,11,
0,3,254,172,254,221,254,245,1,56,252,132,6,127,253,52,250,194,189,1,8,0,246,0,232,0,93,0,40,0,17,0,13,0,11,
0,210,253,201,254,213,254,245,1,56,252,132,6,196,253,37,250,61,190,1,8,0,246,0,231,0,94,0,40,0,18,0,13,0,11,
0,210,253,201,254,213,254,245,1,56,252,132,6,78,253,207,249,77,188,1,8,0,246,0,231,0,93,0,40,0,17,0,12,0,11,
0,209,253,223,254,253,254,48,2,21,252,157,6,78,253,207,249,77,188,1,8,0,246,0,230,0,93,0,40,0,18,0,13,0,11,
0,228,253,221,254,251,254,48,2,21,252,157,6,230,252,108,250,114,190,1,8,0,246,0,231,0,93,0,39,0,17,0,12,0,11,
0,206,253,250,254,241,254,48,2,21,252,157,6,207,252,46,250,5,189,1,8,0,246,0,230,0,94,0,40,0,18,0,13,0,11,
0,206,253,250,254,241,254,48,2,21,252,157,6,118,252,226,250,51,190,1,8,0,246,0,231,0,93,0,43,0,17,0,12,0,11,
0,173,253,2,255,243,254,48,2,21,252,157,6,118,252,226,250,155,189,1,8,0,246,0,230,0,93,0,43,0,19,0,13,0,11,
0,172,253,239,254,214,254,48,2,21,252,157,6,224,252,138,250,155,189,1,8,0,246,0,230,0,93,0,42,0,19,0,13,0,11,
0,172,253,239,254,232,254,48,2,21,252,157,6,96,253,64,250,153,190,1,8,0,246,0,231,0,93,0,41,0,19,0,13,0,11,
0,199,253,227,254,232,254,48,2,21,252,157,6,218,252,233,249,129,188,1,8,0,246,0,231,0,93,0,41,0,19,0,13,0,11,
0,0,254,226,254,236,254,48,2,21,252,157,6,179,251,161,250,85,189,1,8,0,246,0,232,0,93,0,40,0,17,0,12,0,11,
0,253,253,242,254,240,254,48,2,21,252,157,6,179,251,161,250,85,189,1,7,0,246,0,232,0,93,0,40,0,18,0,12,0,11,
0,253,253,242,254,240,254,216,1,74,252,71,6,157,253,77,250,235,189,1,7,0,246,0,232,0,93,0,40,0,19,0,13,0,11,
0,212,253,240,254,222,254,216,1,74,252,71,6,2,253,138,250,248,189,1,7,0,246,0,232,0,93,0,40,0,18,0,13,0,11,
0,186,253,7,255,215,254,216,1,74,252,71,6,51,252,77,250,16,189,1,6,0,246,0,232,0,94,0,40,0,18,0,13,0,11,
0,194,253,32,255,222,254,216,1,74,252,71,6,51,252,123,250,49,190,1,6,0,247,0,232,0,94,0,40,0,17,0,13,0,11,
0,194,253,32,255,222,254,216,1,74,252,71,6,58,252,123,250,49,190,1,6,0,247,0,233,0,94,0,40,0,17,0,13,0,11,
0,229,253,53,255,219,254,216,1,74,252,71,6,45,253,67,250,199,189,1,5,0,246,0,233,0,94,0,40,0,18,0,13,0,12,
0,215,253,79,255,210,254,216,1,74,252,71,6,197,252,120,250,42,189,1,5,0,247,0,233,0,94,0,40,0,17,0,12,0,11,
0,200,253,71,255,221,254,216,1,74,252,71,6,147,252,4,250,141,189,1,5,0,247,0,234,0,94,0,40,0,18,0,12,0,11,
0,200,253,71,255,221,254,216,1,74,252,71,6,147,252,4,250,50,189,1,4,0,247,0,234,0,95,0,40,0,19,0,13,0,12,
0,210,253,67,255,211,254,216,1,74,252,71,6,98,252,66,250,50,189,1,4,0,247,0,235,0,94,0,40,0,17,0,12,0,11,
0,235,253,98,255,202,254,225,1,22,252,9,7,88,252,136,250,171,189,1,3,0,248,0,235,0,95,0,40,0,18,0,13,0,11,
0,235,253,98,255,211,254,225,1,22,252,9,7,218,252,57,250,73,191,1,3,0,248,0,235,0,94,0,40,0,17,0,12,0,11,
0,202,253,107,255,211,254,225,1,22,252,9,7,218,254,207,249,6,189,1,3,0,248,0,235,0,95,0,40,0,18,0,13,0,11,
0,211,253,114,255,189,254,225,1,22,252,9,7,37,254,207,249,6,189,1,3,0,249,0,235,0,94,0,40,0,17,0,12,0,11,
0,218,253,135,255,198,254,225,1,22,252,9,7,237,252,18,250,50,187,1,2,0,249,0,235,0,95,0,40,0,17,0,12,0,11,
0,218,253,135,255,198,254,225,1,22,252,9,7,147,251,188,250,187,189,1,2,0,249,0,235,0,95,0,40,0,19,0,13,0,11,
0,191,253,151,255,194,254,225,1,22,252,9,7,94,253,83,250,68,191,1,2,0,249,0,237,0,95,0,40,0,18,0,13,0,11,
0,193,253,171,255,212,254,225,1,22,252,9,7,94,253,83,250,200,188,1,2,0,250,0,238,0,95,0,40,0,17,0,12,0,11,
0,240,253,169,255,233,254,225,1,22,252,9,7,203,253,237,249,200,188,1,1,0,250,0,238,0,96,0,40,0,18,0,13,0,12,
0,240,253,169,255,233,254,225,1,22,252,9,7,246,252,26,250,1,187,1,1,0,251,0,239,0,96,0,40,0,17,0,12,0,11,
0,232,253,158,255,229,254,225,1,22,252,9,7,253,252,186,250,123,190,1,0,0,251,0,239,0,97,0,41,0,19,0,13,0,11,
0,242,253,149,255,223,254,23,2,2,252,235,6,200,253,119,250,49,191,1,1,0,251,0,239,0,96,0,40,0,17,0,12,0,11,
0,219,253,168,255,214,254,23,2,2,252,235,6,200,253,119,250,49,191,1,0,0,251,0,239,0,97,0,41,0,19,0,13,0,11,
0,219,253,168,255,214,254,23,2,2,252,235,6,184,254,204,249,11,189,1,0,0,251,0,239,0,96,0,41,0,17,0,12,0,11,
0,192,253,168,255,227,254,23,2,2,252,235,6,182,253,229,249,190,187,0,255,0,251,0,239,0,97,0,41,0,19,0,13,0,11,
0,214,253,143,255,209,254,23,2,2,252,235,6,3,253,125,250,49,189,0,255,0,251,0,239,0,97,0,41,0,18,0,13,0,11,
0,214,253,143,255,231,254,23,2,2,252,235,6,3,253,149,250,163,191,0,255,0,252,0,241,0,97,0,41,0,21,0,13,0,11,
0,202,253,158,255,231,254,23,2,2,252,235,6,175,253,149,250,163,191,0,255,0,252,0,240,0,97,0,41,0,20,0,13,0,11,
0,181,253,154,255,206,254,23,2,2,252,235,6,235,254,44,250,99,189,0,255,0,252,0,241,0,97,0,41,0,19,0,13,0,11,
0,172,253,165,255,205,254,23,2,2,252,235,6,151,254,106,249,222,186,0,255,0,252,0,241,0,97,0,41,0,19,0,13,0,11,
0,172,253,165,255,205,254,23,2,2,252,235,6,249,252,119,250,68,189,0,254,0,252,0,240,0,98,0,42,0,20,0,14,0,12,
0,210,253,166,255,228,254,246,1,18,252,24,6,249,252,119,250,254,191,0,255,0,252,0,240,0,97,0,41,0,20,0,14,0,12,
0,164,253,162,255,236,254,246,1,18,252,24,6,138,254,159,250,254,191,0,255,0,252,0,240,0,98,0,42,0,20,0,13,0,11,
0,173,253,149,255,3,255,246,1,18,252,24,6,0,255,14,250,242,188,0,255,0,252,0,240,0,97,0,41,0,19,0,13,0,11,
0,173,253,149,255,3,255,246,1,18,252,24,6,50,254,71,250,252,187,0,255,0,252,0,240,0,97,0,41,0,19,0,13,0,11,
0,158,253,145,255,245,254,246,1,18,252,24,6,50,254,111,250,219,189,0,255,0,251,0,240,0,98,0,41,0,20,0,14,0,11,
0,166,253,153,255,241,254,246,1,18,252,24,6,253,252,111,250,219,189,0,255,0,252,0,239,0,97,0,41,0,17,0,13,0,11,
0,174,253,141,255,252,254,246,1,18,252,24,6,242,254,117,250,62,192,0,255,0,251,0,239,0,97,0,41,0,18,0,13,0,11,
0,174,253,141,255,252,254,246,1,18,252,24,6,229,254,11,250,194,188,0,255,0,251,0,239,0,97,0,41,0,17,0,12,0,11,
0,173,253,134,255,5,255,246,1,18,252,24,6,241,253,131,250,248,187,0,255,0,251,0,239,0,97,0,41,0,18,0,12,0,11,
0,139,253,120,255,247,254,246,1,18,252,24,6,241,253,131,250,150,190,0,255,0,251,0,238,0,97,0,41,0,19,0,13,0,11,
0,139,253,120,255,241,254,58,2,45,252,50,7,180,253,192,250,150,190,1,0,0,251,0,238,0,97,0,41,0,19,0,13,0,11,
0,110,253,96,255,241,254,58,2,45,252,50,7,106,254,83,250,198,190,1,0,0,251,0,237,0,97,0,41,0,19,0,13,0,11,
0,65,253,123,255,248,254,58,2,45,252,50,7,218,254,131,250,108,191,1,0,0,251,0,237,0,96,0,41,0,18,0,13,0,11,
0,71,253,139,255,14,255,58,2,45,252,50,7,137,254,31,250,156,188,1,0,0,251,0,237,0,96,0,41,0,18,0,13,0,11,
0,71,253,139,255,14,255,58,2,45,252,50,7,137,254,31,250,156,188,1,0,0,250,0,236,0,96,0,41,0,19,0,13,0,11,
0,107,253,101,255,7,255,58,2,45,252,50,7,0,254,102,250,34,188,1,1,0,251,0,236,0,96,0,41,0,18,0,13,0,12,
0,89,253,120,255,17,255,58,2,45,252,50,7,80,253,192,250,50,189,1,0,0,250,0,235,0,96,0,41,0,19,0,13,0,11,
0,65,253,105,255,39,255,58,2,45,252,50,7,69,254,210,250,94,191,1,1,0,250,0,235,0,95,0,40,0,18,0,13,0,11,
0,65,253,105,255,39,255,58,2,45,252,50,7,69,254,210,250,98,190,1,1,0,250,0,235,0,95,0,40,0,17,0,12,0,11,
0,67,253,91,255,6,255,58,2,45,252,50,7,213,254,127,250,98,190,1,2,0,251,0,235,0,95,0,41,0,18,0,13,0,11,
0,61,253,82,255,2,255,254,1,26,252,7,6,207,254,188,250,77,188,1,1,0,250,0,235,0,95,0,40,0,18,0,13,0,11,
0,55,253,82,255,244,254,254,1,26,252,7,6,121,254,248,250,6,190,1,1,0,250,0,234,0,95,0,41,0,19,0,13,0,11,
0,55,253,88,255,244,254,254,1,26,252,7,6,102,254,240,250,82,189,1,2,0,250,0,234,0,95,0,40,0,17,0,12,0,11,
0,65,253,49,255,233,254,254,1,26,252,7,6,102,254,240,250,82,189,1,1,0,250,0,233,0,95,0,40,0,19,0,13,0,11,
0,46,253,20,255,255,254,254,1,26,252,7,6,23,254,50,251,123,189,1,2,0,249,0,233,0,95,0,40,0,18,0,13,0,11,
0,46,253,20,255,0,255,254,1,26,252,7,6,225,253,129,251,109,190,1,2,0,249,0,233,0,95,0,40,0,18,0,13,0,11,
0,53,253,248,254,0,255,254,1,26,252,7,6,145,254,97,251,154,190,1,2,0,249,0,232,0,95,0,40,0,18,0,13,0,11,
0,25,253,4,255,244,254,254,1,26,252,7,6,145,254,243,250,106,189,1,3,0,250,0,232,0,94,0,40,0,17,0,12,0,11,
0,45,253,4,255,0,255,254,1,26,252,7,6,155,254,243,250,106,189,1,2,0,249,0,232,0,95,0,40,0,18,0,13,0,11,
0,45,253,4,255,0,255,254,1,26,252,7,6,222,253,64,251,149,188,1,2,0,249,0,232,0,94,0,35,0,17,0,13,0,12,
0,59,253,239,254,18,255,254,1,26,252,7,6,3,254,102,251,176,189,1,3,0,249,0,232,0,93,0,36,0,17,0,13,0,12,
0,62,253,230,254,243,254,214,1,7,252,33,7,174,253,210,251,192,190,1,2,0,248,0,231,0,94,0,37,0,17,0,13,0,12,
0,47,253,237,254,207,254,214,1,7,252,33,7,174,253,210,251,242,190,1,3,0,249,0,231,0,94,0,37,0,16,0,12,0,11,
0,47,253,237,254,207,254,214,1,7,252,33,7,88,254,216,251,242,190,1,3,0,249,0,231,0,93,0,38,0,17,0,12,0,11,
0,58,253,253,254,228,254,214,1,7,252,33,7,203,254,103,251,153,188,1,3,0,248,0,230,0,93,0,39,0,17,0,13,0,11,
0,58,253,249,254,247,254,214,1,7,252,33,7,194,253,205,251,221,187,1,4,0,249,0,230,0,93,0,39,0,17,0,12,0,12,
0,48,253,249,254,248,254,214,1,7,252,33,7,194,253,109,252,202,189,1,3,0,248,0,229,0,93,0,40,0,18,0,13,0,11,
0,48,253,239,254,248,254,214,1,7,252,33,7,112,252,109,252,202,189,1,4,0,249,0,230,0,92,0,39,0,17,0,12,0,11,
0,29,253,236,254,251,254,214,1,7,252,33,7,132,253,255,251,14,191,1,4,0,248,0,229,0,93,0,39,0,17,0,12,0,11,
0,31,253,247,254,251,254,214,1,7,252,33,7,76,254,31,252,91,190,1,4,0,248,0,229,0,93,0,40,0,18,0,13,0,11,
0,31,253,247,254,21,255,214,1,7,252,33,7,13,254,195,251,55,188,1,4,0,248,0,229,0,92,0,39,0,17,0,12,0,11,
0,34,253,241,254,21,255,252,1,193,251,145,6,13,254,195,251,5,189,1,4,0,248,0,229,0,93,0,40,0,18,0,13,0,11,
0,66,253,238,254,7,255,252,1,193,251,145,6,168,253,238,251,5,189,1,4,0,249,0,229,0,92,0,39,0,17,0,12,0,11,
0,35,253,16,255,253,254,252,1,193,251,145,6,176,252,123,252,212,189,1,4,0,249,0,229,0,92,0,39,0,17,0,12,0,11,
0,35,253,16,255,253,254,252,1,193,251,145,6,156,253,67,252,100,190,1,4,0,249,0,229,0,93,0,39,0,18,0,13,0,11,
0,51,253,253,254,13,255,252,1,193,251,145,6,28,254,29,252,254,188,1,4,0,249,0,230,0,92,0,39,0,17,0,12,0,11,
0,60,253,10,255,252,254,252,1,193,251,145,6,28,254,29,252,254,188,1,4,0,249,0,229,0,93,0,40,0,18,0,13,0,11,
0,46,253,18,255,7,255,252,1,193,251,145,6,160,252,2,252,122,187,1,4,0,249,0,230,0,92,0,39,0,17,0,12,0,11,
0,46,253,18,255,7,255,252,1,193,251,145,6,144,252,132,252,169,190,1,4,0,249,0,230,0,93,0,40,0,18,0,13,0,11,
0,30,253,253,254,2,255,252,1,193,251,145,6,50,254,31,252,126,190,1,4,0,249,0,230,0,93,0,39,0,18,0,13,0,11,
0,49,253,20,255,24,255,252,1,193,251,145,6,50,254,207,251,49,187,1,4,0,249,0,231,0,93,0,43,0,18,0,13,0,11,
0,70,253,20,255,249,254,185,1,254,251,85,6,2,254,207,251,49,187,1,3,0,250,0,231,0,93,0,43,0,19,0,13,0,11,
0,70,253,34,255,249,254,185,1,254,251,85,6,128,252,31,252,87,189,1,4,0,250,0,231,0,93,0,41,0,18,0,12,0,11,
0,57,253,10,255,231,254,185,1,254,251,85,6,8,252,186,252,208,191,1,3,0,249,0,232,0,93,0,41,0,19,0,13,0,11,
0,37,253,34,255,240,254,185,1,254,251,85,6,61,254,142,251,38,190,1,3,0,250,0,232,0,93,0,41,0,19,0,13,0,11,
0,37,253,34,255,13,255,185,1,254,251,85,6,61,254,142,251,38,186,1,3,0,250,0,232,0,93,0,41,0,19,0,13,0,11,
0,55,253,40,255,13,255,185,1,254,251,85,6,236,252,154,251,231,186,1,3,0,250,0,232,0,94,0,40,0,19,0,13,0,11,
0,48,253,52,255,241,254,185,1,254,251,85,6,251,251,103,252,109,189,1,4,0,250,0,232,0,93,0,40,0,17,0,13,0,11,
0,81,253,31,255,225,254,185,1,254,251,85,6,89,253,33,252,183,191,1,3,0,250,0,232,0,94,0,40,0,18,0,13,0,12,
0,81,253,31,255,225,254,185,1,254,251,85,6,89,253,117,251,136,189,1,3,0,251,0,232,0,94,0,40,0,18,0,13,0,11,
0,87,253,22,255,214,254,185,1,254,251,85,6,226,253,117,251,136,189,1,3,0,251,0,233,0,94,0,40,0,18,0,13,0,11,
0,100,253,61,255,241,254,234,1,24,252,205,5,22,253,201,251,29,187,1,3,0,250,0,233,0,94,0,40,0,18,0,13,0,11,
0,77,253,69,255,0,255,234,1,24,252,205,5,133,252,75,252,175,189,1,3,0,251,0,233,0,93,0,39,0,17,0,12,0,11,
0,77,253,69,255,0,255,234,1,24,252,205,5,14,253,77,252,193,192,1,3,0,251,0,234,0,94,0,40,0,17,0,12,0,11,
0,42,253,73,255,14,255,234,1,24,252,205,5,14,253,77,252,227,188,1,3,0,251,0,234,0,95,0,40,0,18,0,13,0,11,
0,64,253,75,255,6,255,234,1,24,252,205,5,182,254,53,251,227,188,1,3,0,251,0,234,0,94,0,40,0,18,0,13,0,11,
0,64,253,75,255,4,255,234,1,24,252,205,5,70,253,190,251,189,187,1,3,0,251,0,234,0,95,0,40,0,18,0,13,0,11,
0,94,253,81,255,4,255,234,1,24,252,205,5,204,252,9,252,81,189,1,4,0,252,0,235,0,94,0,40,0,17,0,12,0,11,
0,105,253,100,255,252,254,234,1,24,252,205,5,204,253,209,251,84,191,1,4,0,251,0,235,0,95,0,40,0,17,0,12,0,11,
0,109,253,109,255,253,254,234,1,24,252,205,5,223,253,209,251,84,191,1,3,0,252,0,235,0,95,0,40,0,18,0,13,0,11,
0,109,253,109,255,232,254,234,1,24,252,205,5,194,254,128,251,125,190,1,4,0,252,0,236,0,95,0,40,0,18,0,13,0,11,
0,101,253,86,255,232,254,234,1,24,252,205,6,59,254,243,250,150,186,1,3,0,252,0,236,0,95,0,41,0,18,0,13,0,11,
0,80,253,71,255,209,254,49,2,213,251,51,6,57,253,183,251,196,189,1,4,0,253,0,236,0,95,0,40,0,17,0,12,0,11,
0,55,253,78,255,199,254,49,2,213,251,51,6,57,253,183,251,184,191,1,3,0,253,0,236,0,95,0,40,0,17,0,12,0,11,
0,55,253,78,255,199,254,49,2,213,251,51,6,195,253,59,252,184,191,1,3,0,253,0,236,0,96,0,41,0,19,0,13,0,12,
0,23,253,100,255,224,254,49,2,213,251,51,6,22,255,69,251,153,189,1,3,0,253,0,237,0,95,0,40,0,18,0,13,0,11,
0,35,253,89,255,217,254,49,2,213,251,51,6,67,253,32,251,101,186,1,3,0,253,0,236,0,96,0,41,0,19,0,13,0,11,
0,22,253,103,255,220,254,49,2,213,251,51,6,65,253,253,251,123,190,1,4,0,253,0,237,0,96,0,40,0,18,0,12,0,11,
0,22,253,103,255,220,254,49,2,213,251,51,6,65,253,253,251,123,190,1,3,0,253,0,237,0,96,0,41,0,19,0,13,0,11,
0,8,253,102,255,223,254,49,2,213,251,51,6,61,254,194,251,27,191,1,3,0,253,0,236,0,96,0,41,0,19,0,13,0,11,
0,18,253,90,255,207,254,49,2,213,251,51,6,58,255,31,251,60,188,1,4,0,253,0,236,0,96,0,41,0,18,0,13,0,11,
0,18,253,90,255,224,254,49,2,213,251,51,6,171,253,130,251,126,188,1,4,0,252,0,236,0,96,0,41,0,18,0,13,0,11,
0,19,253,105,255,224,254,198,1,12,252,30,6,171,253,24,252,101,191,1,4,0,253,0,237,0,95,0,40,0,17,0,12,0,11,
0,53,253,81,255,229,254,198,1,12,252,30,6,194,253,24,252,101,191,1,4,0,253,0,236,0,95,0,40,0,17,0,12,0,11,
0,76,253,85,255,242,254,198,1,12,252,30,6,186,254,174,251,76,191,1,4,0,252,0,236,0,96,0,40,0,19,0,13,0,11,
0,76,253,85,255,12,255,198,1,12,252,30,6,64,255,19,251,65,188,1,5,0,253,0,236,0,95,0,41,0,18,0,13,0,11,
0,32,253,82,255,12,255,198,1,12,252,30,6,73,253,62,251,39,188,1,5,0,252,0,235,0,96,0,40,0,18,0,13,0,11,
0,23,253,77,255,248,254,198,1,12,252,30,6,73,253,62,251,175,190,1,5,0,253,0,236,0,95,0,40,0,17,0,13,0,11,
0,8,253,111,255,241,254,198,1,12,252,30,6,157,253,200,251,175,190,1,5,0,252,0,235,0,96,0,41,0,19,0,13,0,11,
0,8,253,111,255,241,254,198,1,12,252,30,6,11,255,132,251,59,191,1,6,0,252,0,235,0,96,0,41,0,18,0,13,0,11,
0,241,252,83,255,226,254,198,1,12,252,30,6,225,254,63,251,59,188,1,6,0,252,0,235,0,95,0,40,0,18,0,13,0,11,
0,20,253,81,255,217,254,198,1,12,252,30,6,225,254,104,251,28,187,1,6,0,252,0,235,0,95,0,40,0,18,0,13,0,11,
0,255,252,90,255,218,254,12,2,227,251,137,6,96,254,104,251,28,187,1,5,0,251,0,235,0,95,0,41,0,19,0,13,0,11,
0,255,252,90,255,218,254,12,2,227,251,137,6,178,253,236,251,254,189,1,6,0,252,0,235,0,95,0,40,0,17,0,12,0,11,
0,239,252,94,255,206,254,12,2,227,251,137,6,208,254,248,251,36,192,1,5,0,252,0,235,0,95,0,41,0,18,0,13,0,11,
0,213,252,92,255,207,254,12,2,227,251,137,6,187,255,60,251,227,187,1,6,0,252,0,235,0,95,0,41,0,18,0,13,0,11,
0,213,252,92,255,204,254,12,2,227,251,137,6,187,255,60,251,207,186,1,5,0,252,0,235,0,95,0,41,0,18,0,13,0,11,
0,219,252,79,255,204,254,12,2,227,251,137,6,50,253,189,251,207,186,0,200,1,5,0,243,0,95,0,40,0,19,0,12,0,10,
0,221,252,82,255,213,254,12,2,227,251,137,6,211,248,41,216,145,184,1,87,1,21,1,5,0,100,0,41,0,19,0,13,0,11,
0,94,253,36,255,187,254,12,2,227,251,137,6,124,34,182,43,252,252,1,56,1,41,1,72,0,109,0,44,0,20,0,14,0,12,
0,94,253,36,255,187,254,12,2,227,251,137,6,79,16,180,17,229,171,0,178,1,75,1,83,0,113,0,43,0,19,0,12,0,11,
0,46,253,128,255,72,254,12,2,227,251,137,6,79,16,180,17,229,171,0,132,1,78,1,80,0,120,0,46,0,20,0,13,0,10,
0,216,254,124,3,118,0,30,2,170,251,170,6,101,246,63,218,156,241,0,133,1,80,1,77,0,124,0,47,0,17,0,12,0,11,
0,23,6,83,2,196,2,30,2,170,251,170,6,128,1,72,22,248,246,0,134,1,74,1,72,0,129,0,51,0,22,0,15,0,13,
0,23,6,83,2,196,2,30,2,170,251,170,6,149,250,93,83,252,8,0,135,1,72,1,65,0,132,0,54,0,23,0,16,0,14,
0,146,16,215,253,43,5,30,2,170,251,170,6,149,250,93,63,214,245,0,137,1,60,1,47,0,128,0,54,0,21,0,13,0,14,
0,115,29,14,253,13,11,30,2,170,251,170,6,223,243,51,63,214,245,0,139,1,40,1,34,0,127,0,55,0,23,0,15,0,15,
0,186,36,163,253,54,17,30,2,170,251,170,6,22,228,158,38,197,4,0,142,1,13,1,29,0,128,0,60,0,29,0,18,0,15,
0,186,36,163,253,54,17,30,2,170,251,170,6,230,230,118,10,232,3,0,142,1,23,1,16,0,125,0,59,0,27,0,16,0,13,
0,1,39,189,252,45,21,30,2,170,251,170,6,153,234,147,243,125,9,0,141,1,44,0,228,0,117,0,55,0,24,0,16,0,14,
0,185,36,230,250,9,21,30,2,170,251,170,6,153,234,147,243,125,9,0,141,1,44,0,163,0,105,0,53,0,24,0,16,0,14,
0,185,36,230,250,98,17,30,2,170,251,170,6,201,223,200,242,105,1,0,142,0,253,0,136,0,95,0,51,0,24,0,15,0,12,
0,94,30,246,249,98,17,30,2,76,252,53,7,250,208,36,246,157,253,0,145,0,171,0,132,0,84,0,45,0,21,0,14,0,11,
0,112,21,117,251,95,11,30,2,76,252,53,7,69,209,242,238,17,232,0,153,0,135,0,132,0,76,0,41,0,19,0,13,0,12,
0,175,10,91,0,78,5,30,2,76,252,53,7,69,209,132,231,196,218,0,169,0,133,0,132,0,71,0,39,0,20,0,14,0,13,
0,175,10,91,0,78,5,30,2,76,252,53,7,8,204,132,231,196,218,0,190,0,134,0,133,0,67,0,37,0,20,0,14,0,12,
0,71,255,103,7,27,0,30,2,76,252,53,7,209,205,40,228,11,204,0,213,0,133,0,135,0,63,0,34,0,19,0,14,0,13,
0,180,244,6,15,54,253,30,2,76,252,53,7,93,218,65,226,81,184,0,227,0,134,0,208,0,66,0,31,0,17,0,13,0,13,
0,64,236,121,21,205,251,30,2,76,252,53,7,222,236,158,228,102,170,0,225,0,137,1,86,0,84,0,27,0,17,0,14,0,12,
0,64,236,121,21,205,251,30,2,76,252,53,7,222,236,158,228,122,161,0,215,0,226,1,83,0,98,0,34,0,19,0,15,0,13,
0,48,230,84,25,12,252,30,2,76,252,53,7,56,252,95,237,122,161,0,201,1,82,1,82,0,105,0,36,0,17,0,13,0,13,
0,4,227,238,24,50,252,30,2,76,252,53,7,138,5,249,245,43,151,0,189,1,78,1,79,0,111,0,37,0,13,0,10,0,10,
0,101,227,202,19,233,251,30,2,76,252,53,7,32,15,86,2,115,147,0,176,1,76,1,77,0,117,0,40,0,16,0,11,0,9,
0,101,227,202,19,233,251,202,1,197,251,121,6,32,15,235,11,68,140,0,168,1,76,1,74,0,123,0,45,0,18,0,12,0,10,
0,44,231,67,11,13,251,202,1,197,251,121,6,27,20,235,11,68,140,0,165,1,75,1,63,0,124,0,45,0,19,0,11,0,10,
0,43,238,224,1,242,249,202,1,197,251,121,6,251,23,127,17,60,140,0,158,1,75,1,46,0,124,0,46,0,17,0,11,0,9,
0,43,238,224,1,187,248,202,1,197,251,121,6,215,18,223,30,153,139,0,153,1,73,1,20,0,124,0,50,0,22,0,13,0,10,
0,192,247,130,250,187,248,202,1,197,251,121,6,130,12,118,31,65,140,0,152,1,72,0,241,0,117,0,49,0,21,0,12,0,9,
0,67,2,175,246,140,248,202,1,197,251,121,6,130,12,118,31,251,154,0,151,1,70,0,207,0,109,0,46,0,17,0,11,0,10,
0,127,11,69,246,178,249,202,1,197,251,121,6,208,6,86,22,251,154,0,154,1,70,0,179,0,101,0,46,0,21,0,13,0,10,
0,127,11,69,246,178,249,202,1,197,251,121,6,75,9,214,7,133,179,0,154,1,67,0,145,0,92,0,46,0,23,0,14,0,11,
0,40,19,253,247,232,250,202,1,197,251,121,6,243,5,161,7,117,190,0,157,1,59,0,136,0,83,0,42,0,18,0,13,0,11,
0,16,24,109,250,100,251,202,1,197,251,121,6,148,2,74,4,93,207,0,162,1,54,0,134,0,74,0,38,0,16,0,12,0,11,
0,191,25,232,253,86,252,189,1,106,252,21,6,148,2,74,4,93,207,0,176,1,50,0,134,0,70,0,36,0,17,0,13,0,10,
0,191,25,232,253,86,252,189,1,106,252,21,6,71,254,24,241,139,213,0,188,1,43,0,133,0,66,0,34,0,18,0,13,0,11,
0,138,25,29,2,170,253,189,1,106,252,21,6,229,255,4,237,15,219,0,193,1,27,0,133,0,62,0,32,0,16,0,13,0,11,
0,161,23,12,6,164,254,189,1,106,252,21,6,174,5,99,234,175,223,0,203,1,9,0,134,0,59,0,30,0,16,0,12,0,11,
0,157,20,148,9,42,255,189,1,106,252,21,6,174,5,42,232,214,219,0,212,0,255,0,134,0,56,0,28,0,14,0,12,0,11,
0,157,20,148,9,42,255,189,1,106,252,21,6,15,8,42,232,214,219,0,216,0,246,0,134,0,55,0,27,0,14,0,12,0,11,
0,121,16,90,12,67,255,189,1,106,252,21,6,50,10,174,229,93,215,0,224,0,235,0,134,0,54,0,29,0,14,0,12,0,11,
0,199,11,211,13,113,255,189,1,106,252,21,6,96,15,167,223,11,213,0,236,0,221,0,134,0,52,0,28,0,14,0,11,0,10,
0,199,11,211,13,122,255,189,1,106,252,21,6,72,20,147,220,127,207,0,253,0,205,0,135,0,52,0,27,0,15,0,11,0,10,
0,96,7,132,13,122,255,189,1,106,252,21,6,72,20,147,220,127,202,1,16,0,191,0,136,0,50,0,25,0,13,0,11,0,10,
0,63,4,161,11,110,255,147,1,117,252,118,6,23,21,93,221,241,202,1,32,0,177,0,137,0,49,0,23,0,12,0,10,0,10,
0,30,2,123,8,156,255,147,1,117,252,118,6,213,21,93,222,1,204,1,47,0,164,0,141,0,50,0,23,0,13,0,11,0,10,
0,30,2,123,8,156,255,147,1,117,252,118,6,174,23,147,222,131,203,1,67,0,155,0,146,0,52,0,24,0,16,0,12,0,11,
0,150,0,173,4,251,255,147,1,117,252,118,6,174,23,160,222,22,197,1,67,0,150,0,153,0,52,0,23,0,14,0,11,0,11,
0,205,255,85,0,79,0,147,1,117,252,118,6,219,23,160,222,22,197,1,65,0,147,0,163,0,53,0,23,0,10,0,10,0,10,
0,62,255,27,252,110,0,147,1,117,252,118,6,196,20,53,226,157,195,1,62,0,145,0,173,0,56,0,24,0,12,0,11,0,10,
0,62,255,27,252,110,0,147,1,117,252,118,6,85,20,249,229,211,195,1,61,0,143,0,182,0,60,0,25,0,16,0,12,0,11,
0,245,254,227,248,133,0,147,1,117,252,118,6,51,20,161,232,153,195,1,59,0,142,0,193,0,62,0,25,0,12,0,11,0,11,
0,225,254,31,247,131,0,147,1,117,252,118,6,51,20,161,232,118,193,1,59,0,142,0,204,0,66,0,26,0,13,0,11,0,11,
0,210,254,31,246,137,0,147,1,117,252,118,6,222,17,140,237,118,193,1,85,0,143,0,213,0,70,0,28,0,16,0,11,0,11,
0,210,254,144,246,137,0,185,1,175,252,196,5,127,14,103,242,89,191,1,86,0,142,0,218,0,74,0,28,0,15,0,12,0,11,
0,180,254,205,246,126,0,185,1,175,252,196,5,56,13,164,245,0,193,1,89,0,143,0,222,0,77,0,30,0,15,0,12,0,11,
0,181,254,179,247,53,0,185,1,175,252,196,5,50,13,130,248,67,195,1,76,0,144,0,226,0,79,0,31,0,14,0,12,0,11,
0,181,254,179,247,4,0,185,1,175,252,196,5,50,13,130,248,67,195,1,70,0,144,0,229,0,82,0,33,0,15,0,12,0,11,
0,140,254,27,249,4,0,185,1,175,252,196,5,167,14,34,250,127,191,1,69,0,144,0,232,0,84,0,32,0,14,0,11,0,10,
0,89,254,152,250,254,255,185,1,175,252,196,5,186,13,142,252,90,188,1,69,0,144,0,236,0,86,0,33,0,14,0,11,0,11,
0,59,254,29,252,105,0,185,1,175,252,196,5,130,13,235,253,82,192,1,68,0,144,0,239,0,89,0,35,0,16,0,12,0,11,
0,59,254,29,252,105,0,185,1,175,252,196,5,130,13,235,253,181,190,1,70,0,145,0,245,0,91,0,36,0,17,0,13,0,11,
0,29,254,47,253,242,0,185,1,175,252,196,5,51,14,144,253,181,190,1,69,0,145,0,250,0,93,0,37,0,18,0,13,0,11,
0,249,253,110,253,108,1,185,1,175,252,196,5,142,11,69,254,133,188,1,70,0,144,1,0,0,95,0,37,0,16,0,12,0,11,
0,232,253,12,253,234,1,185,1,175,252,196,5,16,10,107,255,183,189,1,70,0,144,1,4,0,98,0,38,0,16,0,12,0,10,
0,232,253,12,253,234,1,85,1,187,252,19,6,165,7,167,255,135,187,1,69,0,144,1,8,0,101,0,40,0,18,0,13,0,11,
0,28,254,78,252,125,2,85,1,187,252,19,6,165,7,167,255,135,187,1,68,0,143,1,10,0,102,0,41,0,18,0,13,0,11,
0,143,254,99,251,213,2,85,1,187,252,19,6,75,5,37,254,152,187,1,68,0,142,1,10,0,104,0,41,0,18,0,12,0,11,
0,233,254,99,249,237,2,85,1,187,252,19,6,106,3,247,251,13,190,1,68,0,142,1,9,0,105,0,42,0,18,0,13,0,11,
0,233,254,230,249,237,2,85,1,187,252,19,6,30,4,153,249,152,189,1,66,0,141,1,4,0,106,0,43,0,19,0,13,0,12,
0,84,255,40,248,180,2,85,1,187,252,19,6,30,4,102,247,77,188,1,66,0,140,0,255,0,105,0,43,0,21,0,13,0,11,
0,79,255,146,246,142,2,85,1,187,252,19,6,220,2,102,247,77,188,1,67,0,140,0,247,0,104,0,43,0,20,0,14,0,11,
0,79,255,146,246,81,2,85,1,187,252,19,6,36,2,136,246,134,192,1,66,0,140,0,238,0,103,0,44,0,19,0,13,0,11,
0,35,255,48,245,81,2,85,1,187,252,19,6,234,2,240,243,245,193,1,66,0,140,0,224,0,100,0,43,0,19,0,13,0,12,
0,3,255,219,243,11,2,85,1,187,252,19,6,37,3,53,242,152,191,1,67,0,139,0,210,0,96,0,42,0,20,0,13,0,11,
0,216,254,133,242,167,1,62,2,94,252,135,6,37,3,53,242,213,193,1,67,0,139,0,194,0,93,0,42,0,19,0,14,0,12,
0,216,254,133,242,167,1,62,2,94,252,135,6,122,0,79,243,213,193,1,67,0,139,0,179,0,88,0,41,0,21,0,14,0,11,
0,101,254,151,241,51,1,62,2,94,252,135,6,145,255,20,243,109,195,1,66,0,138,0,165,0,82,0,38,0,17,0,13,0,11,
0,223,253,65,241,255,0,62,2,94,252,135,6,221,255,18,242,230,193,1,67,0,139,0,154,0,76,0,36,0,18,0,13,0,11,
0,137,253,41,241,215,0,62,2,94,252,135,6,221,255,139,241,137,189,1,65,0,138,0,147,0,72,0,36,0,19,0,13,0,11,
0,137,253,41,241,215,0,62,2,94,252,135,6,157,252,139,241,137,189,1,64,0,139,0,142,0,68,0,33,0,16,0,13,0,11,
0,63,253,53,241,142,0,62,2,94,252,135,6,90,249,26,242,11,191,1,64,0,139,0,140,0,63,0,31,0,14,0,12,0,11,
0,236,252,103,241,69,0,62,2,94,252,135,6,145,249,101,241,143,191,1,63,0,139,0,138,0,61,0,30,0,15,0,12,0,11,
0,164,252,103,241,219,255,62,2,94,252,135,6,159,247,96,240,155,185,1,63,0,140,0,137,0,58,0,28,0,14,0,11,0,10,
0,164,252,40,242,219,255,62,2,94,252,135,6,159,247,96,240,151,184,1,63,0,140,0,136,0,56,0,27,0,14,0,12,0,11,
0,47,252,62,243,115,255,15,2,164,252,197,5,37,244,254,241,151,184,1,63,0,140,0,136,0,54,0,26,0,13,0,11,0,11,
0,205,251,127,244,55,255,15,2,164,252,197,5,227,244,54,243,81,188,1,64,0,141,0,136,0,53,0,24,0,12,0,11,0,10,
0,205,251,127,244,13,255,15,2,164,252,197,5,216,244,29,244,252,183,1,62,0,142,0,136,0,52,0,24,0,13,0,11,0,11,
0,161,251,139,245,13,255,15,2,164,252,197,5,131,243,34,246,237,183,1,61,0,142,0,136,0,51,0,23,0,11,0,11,0,11,
0,131,251,71,246,227,254,15,2,164,252,197,5,131,243,34,246,237,183,1,62,0,143,0,136,0,50,0,23,0,12,0,10,0,10,
0,136,251,237,246,163,254,15,2,164,252,197,5,130,244,17,248,181,183,1,61,0,143,0,136,0,50,0,23,0,13,0,11,0,11,
0,136,251,237,246,163,254,15,2,164,252,197,5,191,243,148,249,143,181,1,61,0,144,0,136,0,50,0,23,0,12,0,11,0,11,
0,197,251,89,247,109,254,15,2,164,252,197,5,119,241,8,251,36,183,1,61,0,144,0,137,0,49,0,22,0,12,0,11,0,11,
0,44,252,176,247,87,254,15,2,164,252,197,5,119,241,180,251,12,182,1,59,0,144,0,136,0,49,0,23,0,12,0,11,0,11,
0,151,252,55,248,61,254,15,2,164,252,197,5,253,239,180,251,12,182,1,59,0,144,0,137,0,49,0,22,0,11,0,11,0,10,
0,151,252,55,248,61,254,71,2,155,252,237,6,130,238,101,252,201,181,1,57,0,144,0,137,0,49,0,23,0,12,0,11,0,11,
0,7,253,228,248,240,253,71,2,155,252,237,6,84,237,196,252,21,182,1,57,0,144,0,137,0,49,0,22,0,12,0,11,0,11,
0,95,253,243,249,105,253,71,2,155,252,237,6,92,236,89,253,116,182,1,55,0,144,0,137,0,49,0,22,0,12,0,11,0,11,
0,95,253,243,249,225,252,71,2,155,252,237,6,92,236,89,253,116,183,1,54,0,144,0,138,0,49,0,22,0,11,0,11,0,10,
0,174,253,3,251,225,252,71,2,155,252,237,6,244,237,176,253,53,183,1,53,0,145,0,139,0,49,0,22,0,11,0,11,0,10,
0,221,253,19,252,91,252,71,2,155,252,237,6,100,239,234,253,36,182,1,52,0,145,0,140,0,49,0,22,0,12,0,11,0,11,
0,2,254,42,253,238,251,71,2,155,252,237,6,123,240,151,254,40,180,1,51,0,146,0,140,0,50,0,22,0,12,0,11,0,11,
0,2,254,42,253,182,251,71,2,155,252,237,6,123,240,56,0,253,183,1,49,0,146,0,141,0,50,0,23,0,12,0,11,0,11,
0,21,254,27,254,182,251,71,2,155,252,237,6,229,240,56,0,253,183,1,48,0,146,0,143,0,50,0,22,0,12,0,11,0,11,
0,57,254,220,254,143,251,71,2,155,252,237,6,131,243,177,255,245,181,1,46,0,147,0,145,0,50,0,22,0,13,0,11,0,10,
0,133,254,140,255,138,251,71,2,155,252,237,6,125,241,119,255,183,180,1,44,0,147,0,147,0,51,0,23,0,14,0,11,0,11,
0,133,254,140,255,138,251,220,2,87,252,139,6,138,241,13,0,21,185,1,42,0,147,0,149,0,52,0,23,0,14,0,11,0,11,
0,207,254,58,0,131,251,220,2,87,252,139,6,138,241,13,0,178,185,1,39,0,147,0,152,0,52,0,23,0,14,0,11,0,11,
0,255,254,12,1,65,251,220,2,87,252,139,6,234,242,107,255,178,185,1,36,0,148,0,155,0,52,0,18,0,12,0,11,0,11,
0,91,255,230,1,12,251,220,2,87,252,139,6,69,243,12,254,245,180,1,33,0,148,0,159,0,55,0,21,0,13,0,12,0,11,
0,91,255,230,1,12,251,220,2,87,252,139,6,157,241,131,254,27,183,1,31,0,148,0,163,0,55,0,22,0,11,0,11,0,11,
0,95,255,197,2,209,250,220,2,87,252,139,6,194,243,104,254,157,187,1,28,0,149,0,169,0,57,0,23,0,12,0,11,0,11,
0,44,255,184,3,157,250,220,2,87,252,139,6,194,243,104,254,157,187,1,26,0,150,0,176,0,59,0,23,0,13,0,11,0,11,
0,44,255,184,3,151,250,220,2,87,252,139,6,180,246,179,253,19,185,1,23,0,150,0,183,0,62,0,25,0,14,0,12,0,11,
0,7,255,160,4,151,250,220,2,87,252,139,6,187,246,130,254,179,183,1,20,0,151,0,192,0,63,0,25,0,11,0,11,0,11,
0,216,254,91,5,133,250,220,2,87,252,139,6,54,249,3,255,130,188,1,17,0,151,0,200,0,67,0,27,0,13,0,11,0,11,
0,185,254,193,5,75,250,64,2,117,252,41,6,54,249,3,254,96,187,1,15,0,151,0,209,0,71,0,28,0,16,0,12,0,11,
0,185,254,193,5,51,250,64,2,117,252,41,6,233,251,218,254,96,187,1,12,0,151,0,219,0,73,0,29,0,15,0,11,0,11,
0,164,254,223,5,51,250,64,2,117,252,41,6,110,252,117,254,48,185,1,9,0,151,0,227,0,78,0,30,0,14,0,12,0,12,
0,115,254,165,5,90,250,64,2,117,252,41,6,187,252,80,254,155,187,1,7,0,152,0,235,0,81,0,31,0,14,0,11,0,11,
0,80,254,73,5,113,250,64,2,117,252,41,6,66,254,92,253,134,186,1,4,0,151,0,244,0,85,0,33,0,17,0,12,0,11,
0,80,254,73,5,113,250,64,2,117,252,41,6,66,254,92,253,134,186,1,2,0,152,0,252,0,88,0,34,0,17,0,12,0,11,
0,50,254,18,5,116,250,64,2,117,252,41,6,111,253,232,252,105,185,0,255,0,152,1,3,0,92,0,35,0,15,0,12,0,11,
0,252,253,1,5,122,250,64,2,117,252,41,6,229,253,126,252,75,187,0,252,0,153,1,12,0,96,0,36,0,16,0,12,0,11,
0,210,253,36,5,117,250,64,2,117,252,41,6,12,0,26,251,176,185,0,249,0,154,1,19,0,100,0,39,0,19,0,13,0,11,
0,210,253,36,5,117,250,64,2,117,252,41,6,12,0,166,250,228,183,0,246,0,156,1,26,0,104,0,40,0,19,0,13,0,12,
0,136,253,40,5,152,250,27,2,13,252,235,6,34,0,166,250,228,183,0,242,0,158,1,33,0,107,0,41,0,17,0,13,0,11,
0,68,253,198,4,180,250,27,2,13,252,235,6,150,1,178,250,133,186,0,239,0,161,1,39,0,110,0,42,0,18,0,13,0,12,
0,68,253,198,4,18,251,27,2,13,252,235,6,12,3,186,250,245,184,0,235,0,163,1,43,0,114,0,44,0,19,0,13,0,12,
0,8,253,88,4,18,251,27,2,13,252,235,6,0,4,203,250,29,185,0,233,0,166,1,47,0,116,0,49,0,19,0,13,0,11,
0,231,252,11,4,107,251,27,2,13,252,235,6,0,4,203,250,139,184,0,229,0,168,1,48,0,119,0,51,0,23,0,14,0,12,
0,186,252,219,3,194,251,27,2,13,252,235,6,243,3,119,250,139,184,0,225,0,170,1,49,0,121,0,52,0,23,0,14,0,12,
0,186,252,219,3,24,252,27,2,13,252,235,6,88,3,73,249,43,183,0,221,0,172,1,48,0,123,0,52,0,23,0,14,0,12,
0,110,252,138,3,24,252,27,2,13,252,235,6,138,3,19,249,168,184,0,217,0,175,1,48,0,124,0,52,0,22,0,14,0,12,
0,28,252,31,3,112,252,27,2,13,252,235,6,138,3,238,248,223,184,0,214,0,178,1,49,0,125,0,53,0,23,0,14,0,12,
0,1,252,187,2,207,252,27,2,13,252,235,6,28,4,238,248,223,184,0,209,0,181,1,48,0,126,0,54,0,24,0,16,0,12,
0,1,252,187,2,207,252,253,1,136,252,59,6,206,4,16,249,179,183,0,206,0,185,1,47,0,127,0,54,0,23,0,15,0,12,
0,246,251,84,2,25,253,253,1,136,252,59,6,168,3,131,249,74,185,0,202,0,187,1,45,0,127,0,55,0,23,0,15,0,12,
0,241,251,27,2,70,253,253,1,136,252,59,6,92,0,145,250,153,185,0,199,0,190,1,43,0,126,0,54,0,22,0,14,0,11,
0,255,251,185,1,248,253,253,1,136,252,59,6,92,0,145,250,188,186,0,195,0,193,1,39,0,126,0,55,0,23,0,15,0,12,
0,255,251,185,1,248,253,253,1,136,252,59,6,184,251,0,251,188,186,0,194,0,196,1,35,0,126,0,54,0,23,0,15,0,12,
0,88,252,69,1,78,255,253,1,136,252,59,6,85,247,187,0,255,184,0,198,0,200,1,32,0,124,0,54,0,23,0,14,0,12,
0,2,253,19,1,50,1,253,1,136,252,59,6,252,243,218,0,65,186,0,198,0,204,1,31,0,124,0,54,0,25,0,15,0,11,
0,2,253,19,1,110,2,253,1,136,252,59,6,51,242,77,1,92,186,0,198,0,207,1,30,0,123,0,53,0,24,0,14,0,11,
0,233,253,119,1,110,2,253,1,136,252,59,6,51,242,77,1,92,186,0,197,0,207,1,27,0,122,0,54,0,24,0,15,0,12,
0,205,254,68,2,181,2,253,1,136,252,59,6,50,243,30,3,165,187,0,198,0,208,1,25,0,121,0,53,0,24,0,15,0,11,
0,139,255,73,3,144,2,253,1,136,252,156,5,101,244,158,3,43,187,0,200,0,207,1,23,0,120,0,52,0,23,0,14,0,11,
0,139,255,73,3,144,2,211,1,116,252,156,5,75,244,70,2,127,187,0,203,0,205,1,23,0,119,0,52,0,23,0,14,0,11,
0,71,0,70,4,125,2,211,1,116,252,156,5,75,244,249,0,48,186,0,206,0,202,1,25,0,119,0,52,0,23,0,14,0,12,
0,212,0,46,5,87,2,211,1,116,252,156,5,27,244,249,0,48,186,0,209,0,200,1,29,0,119,0,51,0,22,0,14,0,11,
0,81,1,188,5,29,2,211,1,116,252,156,5,201,243,168,0,61,187,0,211,0,198,1,31,0,119,0,52,0,23,0,14,0,11,
0,81,1,188,5,29,2,211,1,116,252,156,5,235,244,98,0,133,187,0,213,0,196,1,35,0,119,0,51,0,21,0,14,0,12,
0,117,1,44,6,173,1,211,1,116,252,156,5,56,246,126,255,28,187,0,214,0,194,1,39,0,120,0,52,0,22,0,14,0,12,
0,84,1,116,6,26,1,211,1,116,252,156,5,56,246,126,255,28,184,0,213,0,191,1,42,0,123,0,53,0,22,0,14,0,12,
0,248,0,149,6,106,0,211,1,116,252,156,5,106,247,192,254,231,184,0,212,0,188,1,47,0,123,0,52,0,22,0,14,0,11,
0,248,0,149,6,106,0,211,1,116,252,156,5,26,247,214,254,64,184,0,210,0,185,1,49,0,125,0,53,0,25,0,15,0,12,
0,124,0,162,6,206,255,211,1,116,252,156,5,61,248,95,254,38,186,0,207,0,183,1,51,0,126,0,54,0,25,0,15,0,12,
0,212,255,193,6,12,255,244,1,126,252,36,6,61,248,149,253,101,186,0,205,0,183,1,53,0,127,0,55,0,25,0,16,0,13,
0,212,255,193,6,88,254,244,1,126,252,36,6,218,249,149,253,101,186,0,202,0,181,1,54,0,129,0,55,0,25,0,16,0,12,
0,105,255,12,7,88,254,244,1,126,252,36,6,81,250,5,253,55,182,0,200,0,180,1,56,0,129,0,54,0,24,0,14,0,12,
0,234,254,129,7,238,253,244,1,126,252,36,6,239,251,5,253,131,185,0,195,0,179,1,56,0,130,0,55,0,25,0,16,0,13,
0,159,254,221,7,134,253,244,1,126,252,36,6,133,254,255,251,193,184,0,190,0,178,1,57,0,131,0,56,0,25,0,16,0,12,
0,159,254,221,7,134,253,244,1,126,252,36,6,133,254,255,251,27,183,0,184,0,177,1,57,0,131,0,56,0,25,0,15,0,12,
0,88,254,13,8,51,253,244,1,126,252,36,6,205,255,88,251,27,183,0,177,0,176,1,58,0,132,0,56,0,25,0,15,0,12,
0,74,254,175,7,15,253,244,1,126,252,36,6,14,1,175,251,21,185,0,171,0,176,1,59,0,132,0,56,0,24,0,15,0,11,
0,43,254,69,7,2,253,244,1,126,252,36,6,61,3,234,250,248,183,0,164,0,175,1,58,0,133,0,56,0,25,0,15,0,12,
0,43,254,69,7,2,253,244,1,126,252,36,6,124,2,218,250,202,181,0,159,0,175,1,58,0,133,0,57,0,25,0,15,0,12,
0,249,253,199,6,28,253,154,1,128,252,42,6,124,2,218,250,202,181,0,154,0,176,1,57,0,132,0,57,0,25,0,16,0,12,
0,221,253,16,6,42,253,154,1,128,252,42,6,120,2,245,250,201,185,0,149,0,175,1,56,0,133,0,57,0,25,0,16,0,12,
0,213,253,145,5,80,253,154,1,128,252,42,6,41,3,61,250,129,185,0,146,0,178,1,56,0,133,0,57,0,25,0,15,0,12,
0,213,253,145,5,80,253,154,1,128,252,42,6,250,2,218,249,63,182,0,144,0,179,1,55,0,133,0,57,0,25,0,15,0,12,
0,185,253,79,5,116,253,154,1,128,252,42,6,250,2,218,250,147,183,0,142,0,181,1,54,0,133,0,58,0,25,0,16,0,12,
0,161,253,14,5,114,253,154,1,128,252,42,6,58,1,187,250,147,183,0,141,0,184,1,53,0,132,0,58,0,25,0,16,0,12,
0,161,253,14,5,103,253,154,1,128,252,42,6,208,2,195,250,224,187,0,139,0,187,1,51,0,132,0,58,0,25,0,16,0,12,
0,149,253,250,4,103,253,154,1,128,252,42,6,100,4,169,250,121,185,0,139,0,190,1,50,0,131,0,57,0,25,0,15,0,12,
0,178,253,29,5,90,253,154,1,128,252,42,6,104,4,46,251,76,184,0,138,0,192,1,48,0,131,0,57,0,26,0,16,0,12,
0,236,253,113,5,105,253,154,1,128,252,42,6,104,4,46,251,76,184,0,138,0,196,1,47,0,131,0,57,0,23,0,15,0,12,
0,236,253,113,5,105,253,106,1,82,252,52,7,127,3,97,252,172,187,0,138,0,199,1,45,0,130,0,57,0,24,0,15,0,12,
0,1,254,114,5,110,253,106,1,82,252,52,7,115,5,176,252,185,190,0,138,0,201,1,42,0,129,0,56,0,24,0,15,0,12,
0,48,254,68,5,111,253,106,1,82,252,52,7,198,6,51,252,198,188,0,138,0,204,1,41,0,128,0,59,0,24,0,14,0,11,
0,109,254,4,5,165,253,106,1,82,252,52,7,198,6,137,252,139,187,0,138,0,206,1,38,0,128,0,61,0,26,0,15,0,12,
0,109,254,4,5,165,253,106,1,82,252,52,7,215,5,137,252,139,187,0,139,0,208,1,36,0,127,0,60,0,26,0,16,0,12,
0,195,254,205,4,229,253,106,1,82,252,52,7,149,4,178,252,6,189,0,139,0,209,1,34,0,126,0,59,0,25,0,16,0,12,
0,204,254,168,4,248,253,106,1,82,252,52,7,243,3,186,252,57,192,0,139,0,211,1,31,0,125,0,57,0,27,0,16,0,12,
0,205,254,126,4,37,254,106,1,82,252,52,7,35,5,184,251,173,191,0,140,0,212,1,30,0,123,0,56,0,26,0,15,0,11,
0,205,254,126,4,37,254,106,1,82,252,52,7,35,5,184,251,190,188,0,140,0,212,1,27,0,123,0,55,0,26,0,16,0,12,
0,212,254,72,4,76,254,106,1,82,252,52,7,74,4,220,250,190,188,0,141,0,213,1,25,0,122,0,55,0,25,0,15,0,12,
0,186,254,39,4,81,254,76,1,125,252,253,5,129,3,58,251,49,191,0,141,0,214,1,23,0,121,0,55,0,25,0,15,0,12,
0,189,254,226,3,62,254,76,1,125,252,253,5,177,4,46,250,171,191,0,143,0,215,1,21,0,119,0,52,0,23,0,14,0,11,
0,180,254,130,3,65,254,76,1,125,252,253,5,240,6,46,250,171,191,0,144,0,214,1,19,0,119,0,53,0,24,0,15,0,12,
0,144,254,7,3,65,254,76,1,125,252,253,5,163,6,65,250,119,189,0,144,0,214,1,17,0,118,0,52,0,24,0,15,0,12,
0,144,254,7,3,65,254,76,1,125,252,253,5,152,5,151,250,111,189,0,145,0,213,1,16,0,117,0,52,0,23,0,15,0,12,
0,123,254,102,2,77,254,76,1,125,252,253,5,153,6,64,250,69,193,0,145,0,213,1,14,0,116,0,51,0,21,0,14,0,11,
0,128,254,196,1,82,254,76,1,125,252,253,5,153,6,64,250,33,189,0,146,0,212,1,13,0,115,0,50,0,21,0,14,0,11,
0,85,254,56,1,98,254,76,1,125,252,253,5,88,7,4,249,33,189,0,146,0,211,1,11,0,115,0,51,0,22,0,14,0,12,
0,85,254,56,1,98,254,76,1,125,252,253,5,235,5,53,249,163,187,0,147,0,210,1,9,0,113,0,44,0,21,0,15,0,13,
0,236,253,198,0,110,254,76,1,125,252,253,5,177,5,194,249,221,191,0,147,0,210,1,8,0,113,0,45,0,20,0,14,0,12,
0,124,253,144,0,127,254,62,1,127,252,40,6,253,6,22,249,225,190,0,148,0,210,1,7,0,111,0,46,0,20,0,14,0,12,
0,112,253,144,0,110,254,62,1,127,252,40,6,253,6,22,249,225,190,0,148,0,210,1,5,0,111,0,46,0,20,0,13,0,11,
0,112,253,122,0,110,254,62,1,127,252,40,6,90,7,166,248,115,186,0,147,0,210,1,3,0,111,0,47,0,21,0,14,0,12,
0,51,253,78,0,145,254,62,1,127,252,40,6,18,6,84,249,181,187,0,148,0,210,1,2,0,110,0,47,0,21,0,14,0,11,
0,240,252,6,0,153,254,62,1,127,252,40,6,216,6,110,250,35,190,0,148,0,211,1,2,0,109,0,46,0,20,0,13,0,11,
0,240,252,6,0,128,254,62,1,127,252,40,6,216,6,51,250,126,189,0,148,0,211,1,1,0,109,0,47,0,21,0,14,0,11,
0,146,252,230,255,128,254,62,1,127,252,40,6,70,8,51,250,126,189,0,148,0,211,1,0,0,107,0,46,0,20,0,13,0,11,
0,144,252,170,255,141,254,62,1,127,252,40,6,58,7,211,249,161,185,0,147,0,211,0,255,0,107,0,46,0,22,0,14,0,11,
0,157,252,111,255,162,254,62,1,127,252,40,6,23,6,228,250,35,188,0,148,0,212,0,255,0,106,0,46,0,21,0,13,0,11,
0,157,252,111,255,162,254,62,1,127,252,40,6,80,6,238,250,112,190,0,147,0,212,0,254,0,106,0,46,0,22,0,14,0,11,
0,99,252,52,255,187,254,77,1,87,252,107,6,80,6,238,250,112,187,0,147,0,213,0,254,0,106,0,45,0,21,0,13,0,11,
0,112,252,22,255,207,254,77,1,87,252,107,6,127,6,109,250,161,187,0,147,0,213,0,253,0,105,0,45,0,21,0,14,0,11,
0,115,252,6,255,235,254,77,1,87,252,107,6,195,4,188,250,56,187,0,147,0,215,0,254,0,106,0,45,0,21,0,14,0,11,
0,115,252,6,255,235,254,77,1,87,252,107,6,50,5,224,250,34,189,0,147,0,216,0,254,0,105,0,45,0,20,0,13,0,11,
0,89,252,248,254,5,255,77,1,87,252,107,6,50,5,190,250,48,187,0,147,0,217,0,254,0,105,0,45,0,21,0,14,0,12,
0,87,252,225,254,5,255,77,1,87,252,107,6,240,4,190,250,48,187,0,147,0,219,0,254,0,105,0,45,0,20,0,13,0,11,
0,96,252,225,254,28,255,77,1,87,252,107,6,30,4,179,251,24,190,0,147,0,220,0,254,0,105,0,45,0,21,0,14,0,11,
0,96,252,202,254,28,255,77,1,87,252,107,6,220,5,49,251,149,188,0,147,0,222,0,255,0,105,0,45,0,21,0,14,0,12,
0,64,252,153,254,57,255,77,1,87,252,107,6,79,4,76,251,221,185,0,148,0,223,0,255,0,105,0,44,0,20,0,13,0,11,
0,63,252,95,254,73,255,77,1,87,252,107,6,79,4,76,251,43,189,0,148,0,224,0,255,0,105,0,45,0,21,0,14,0,11,
0,63,252,95,254,107,255,60,1,100,252,110,5,90,3,13,252,43,189,0,149,0,226,1,0,0,105,0,48,0,19,0,13,0,11,
0,60,252,35,254,107,255,60,1,100,252,110,5,45,4,79,251,72,190,0,150,0,227,1,0,0,105,0,47,0,19,0,13,0,11,
0,59,252,249,253,131,255,60,1,100,252,110,5,32,4,195,250,203,186,0,150,0,227,1,0,0,105,0,47,0,21,0,13,0,11,
0,64,252,206,253,162,255,60,1,100,252,110,5,253,1,212,250,217,186,0,151,0,228,1,0,0,106,0,47,0,20,0,13,0,11,
0,64,252,206,253,162,255,60,1,100,252,110,5,253,1,212,250,217,186,0,152,0,230,1,1,0,105,0,46,0,20,0,13,0,11,
0,72,252,153,253,169,255,60,1,100,252,110,5,106,1,100,251,7,190,0,152,0,230,1,1,0,106,0,46,0,21,0,14,0,11,
0,72,252,120,253,170,255,60,1,100,252,110,5,210,2,2,251,79,189,0,154,0,232,1,1,0,106,0,45,0,20,0,13,0,11,
0,82,252,129,253,154,255,60,1,100,252,110,5,113,2,62,250,50,185,0,154,0,232,1,1,0,106,0,46,0,21,0,14,0,12,
0,82,252,129,253,154,255,60,1,100,252,110,5,113,2,62,251,248,188,0,155,0,233,1,1,0,106,0,46,0,20,0,14,0,12,
0,87,252,154,253,130,255,60,1,100,252,110,5,148,0,178,251,248,188,0,156,0,233,1,1,0,106,0,45,0,20,0,13,0,11,
0,47,252,116,253,161,255,81,1,83,252,133,6,27,2,103,251,197,189,0,158,0,235,1,2,0,106,0,45,0,20,0,13,0,11,
0,0,252,116,253,188,255,81,1,83,252,133,6,174,2,235,250,252,187,0,159,0,235,1,1,0,107,0,46,0,20,0,14,0,12,
0,0,252,78,253,188,255,81,1,83,252,133,6,63,1,221,250,57,185,0,160,0,235,1,1,0,106,0,46,0,20,0,13,0,11,
0,245,251,58,253,178,255,81,1,83,252,133,6,63,1,221,250,57,185,0,161,0,236,1,2,0,107,0,46,0,20,0,14,0,11,
0,2,252,37,253,147,255,81,1,83,252,133,6,214,255,94,251,101,188,0,162,0,236,1,1,0,107,0,46,0,20,0,14,0,11,
0,2,252,37,253,118,255,81,1,83,252,133,6,108,1,240,250,98,189,0,164,0,237,1,1,0,106,0,45,0,19,0,13,0,11,
0,238,251,20,253,118,255,81,1,83,252,133,6,149,0,131,250,4,185,0,164,0,237,1,0,0,107,0,46,0,20,0,14,0,11,
0,203,251,234,252,145,255,81,1,83,252,133,6,149,0,47,251,120,187,0,165,0,238,1,0,0,106,0,46,0,20,0,14,0,11,
0,199,251,228,252,150,255,81,1,83,252,133,6,203,254,47,251,120,187,0,166,0,238,0,255,0,106,0,46,0,22,0,14,0,12,
0,199,251,228,252,150,255,81,1,83,252,133,6,64,0,26,251,213,186,0,167,0,239,0,255,0,106,0,45,0,21,0,14,0,11,
0,190,251,230,252,138,255,81,1,83,252,133,6,119,255,228,250,9,185,0,168,0,240,0,254,0,105,0,45,0,21,0,14,0,11,
0,188,251,231,252,127,255,205,1,197,251,99,6,225,255,95,251,76,188,0,168,0,240,0,253,0,105,0,46,0,21,0,14,0,12,
0,190,251,242,252,128,255,205,1,197,251,99,6,225,255,95,251,148,186,0,169,0,241,0,252,0,105,0,45,0,21,0,14,0,12,
0,190,251,242,252,128,255,205,1,197,251,99,6,240,0,91,251,148,186,0,170,0,241,0,251,0,104,0,45,0,21,0,14,0,11,
0,161,251,225,252,113,255,205,1,197,251,99,6,18,255,110,251,242,184,0,170,0,241,0,249,0,104,0,45,0,21,0,14,0,11,
0,145,251,184,252,112,255,205,1,197,251,99,6,168,254,29,252,171,187,0,171,0,242,0,249,0,103,0,44,0,20,0,13,0,11,
0,145,251,184,252,142,255,205,1,197,251,99,6,168,255,235,251,205,187,0,172,0,242,0,247,0,103,0,44,0,20,0,13,0,11,
0,144,251,195,252,142,255,205,1,197,251,99,6,243,255,235,251,205,187,0,172,0,242,0,246,0,103,0,44,0,21,0,14,0,12,
0,153,251,150,252,141,255,205,1,197,251,99,6,88,255,69,251,167,183,0,172,0,242,0,244,0,102,0,44,0,20,0,14,0,11,
0,169,251,149,252,129,255,205,1,197,251,99,6,195,252,66,252,121,186,0,172,0,242,0,243,0,101,0,44,0,20,0,13,0,11,
0,169,251,149,252,128,255,205,1,197,251,99,6,53,254,221,251,147,188,0,173,0,243,0,241,0,100,0,43,0,19,0,13,0,11,
0,152,251,170,252,128,255,179,1,14,252,161,6,53,254,221,251,149,186,0,174,0,243,0,239,0,100,0,43,0,19,0,14,0,11,
0,162,251,212,252,137,255,179,1,14,252,161,6,163,254,64,251,149,186,0,174,0,243,0,239,0,99,0,43,0,19,0,13,0,12,
0,127,251,8,253,142,255,179,1,14,252,161,6,176,253,136,251,177,184,0,175,0,243,0,238,0,99,0,43,0,19,0,13,0,11,
0,127,251,8,253,142,255,179,1,14,252,161,6,127,252,138,252,225,187,0,176,0,243,0,238,0,98,0,42,0,18,0,12,0,11,
0,176,251,248,252,144,255,179,1,14,252,161,6,102,254,66,252,109,188,0,176,0,243,0,236,0,98,0,42,0,19,0,13,0,11,
0,223,251,19,253,133,255,179,1,14,252,161,6,102,254,66,252,109,188,0,178,0,244,0,236,0,97,0,41,0,18,0,13,0,11,
0,235,251,63,253,138,255,179,1,14,252,161,6,15,254,127,251,252,183,0,178,0,243,0,235,0,97,0,42,0,19,0,13,0,11,
0,235,251,63,253,138,255,179,1,14,252,161,6,77,252,117,252,210,186,0,179,0,244,0,235,0,96,0,41,0,19,0,14,0,12,
0,238,251,72,253,167,255,179,1,14,252,161,6,37,253,89,252,250,187,0,180,0,243,0,235,0,97,0,41,0,19,0,13,0,11,
0,215,251,63,253,172,255,179,1,14,252,161,6,37,253,192,251,112,184,0,181,0,244,0,235,0,96,0,41,0,18,0,13,0,11,
0,215,251,63,253,175,255,153,1,231,251,51,6,219,252,192,251,112,184,0,181,0,243,0,235,0,96,0,42,0,19,0,13,0,11,
0,211,251,64,253,175,255,153,1,231,251,51,6,235,251,110,252,43,187,0,182,0,243,0,235,0,96,0,41,0,19,0,13,0,12,
0,252,251,122,253,172,255,153,1,231,251,51,6,158,252,255,251,168,186,0,183,0,244,0,235,0,95,0,40,0,18,0,12,0,11,
0,62,252,165,253,178,255,153,1,231,251,51,6,8,252,10,252,143,185,0,183,0,243,0,235,0,96,0,41,0,18,0,13,0,11,
0,62,252,165,253,159,255,153,1,231,251,51,6,8,252,10,252,187,186,0,185,0,244,0,236,0,95,0,40,0,18,0,12,0,11,
0,25,252,251,253,159,255,153,1,231,251,51,6,125,251,96,252,187,186,0,185,0,244,0,236,0,95,0,40,0,18,0,12,0,11,
0,208,251,41,254,159,255,153,1,231,251,51,6,204,252,155,252,92,188,0,186,0,243,0,236,0,96,0,41,0,19,0,13,0,11,
0,208,251,89,254,145,255,153,1,231,251,51,6,129,252,58,252,129,184,0,186,0,243,0,236,0,96,0,41,0,19,0,13,0,11,
0,208,251,89,254,145,255,153,1,231,251,51,6,129,252,201,252,253,184,0,188,0,243,0,237,0,95,0,40,0,18,0,12,0,11,
0,4,252,113,254,146,255,153,1,231,251,51,6,49,251,201,252,253,184,0,188,0,242,0,237,0,96,0,41,0,18,0,13,0,11,
0,12,252,136,254,150,255,165,1,238,251,215,5,200,251,26,253,122,188,0,189,0,241,0,238,0,96,0,40,0,18,0,12,0,11,
0,247,251,147,254,152,255,165,1,238,251,215,5,183,252,76,252,23,186,0,189,0,241,0,238,0,96,0,41,0,19,0,13,0,11,
0,247,251,147,254,152,255,165,1,238,251,215,5,196,250,46,252,186,183,0,190,0,241,0,238,0,96,0,40,0,19,0,13,0,11,
0,13,252,205,254,119,255,165,1,238,251,215,5,196,250,46,252,171,187,0,190,0,240,0,239,0,97,0,40,0,18,0,13,0,11,
0,69,252,30,255,130,255,165,1,238,251,215,5,27,250,245,252,171,187,0,190,0,240,0,239,0,96,0,40,0,18,0,13,0,11,
0,69,252,30,255,117,255,165,1,238,251,215,5,90,252,33,252,40,187,0,191,0,239,0,240,0,97,0,40,0,19,0,13,0,11,
0,49,252,89,255,117,255,165,1,238,251,215,5,214,250,227,251,228,182,0,191,0,239,0,241,0,97,0,41,0,20,0,13,0,12,
0,73,252,164,255,118,255,165,1,238,251,215,5,105,250,203,252,196,186,0,191,0,239,0,241,0,97,0,41,0,20,0,13,0,11,
0,88,252,226,255,90,255,165,1,238,251,215,5,105,250,203,252,196,186,0,191,0,239,0,242,0,97,0,41,0,20,0,13,0,11,
0,88,252,226,255,90,255,165,1,238,251,215,5,126,252,108,252,35,188,0,192,0,239,0,244,0,98,0,41,0,19,0,13,0,11,
0,108,252,23,0,76,255,165,1,238,251,115,6,68,252,7,252,126,184,0,192,0,239,0,244,0,99,0,42,0,20,0,13,0,11,
0,92,252,29,0,100,255,200,1,246,251,115,6,227,251,126,252,30,186,0,192,0,238,0,245,0,99,0,42,0,20,0,14,0,12,
0,80,252,55,0,122,255,200,1,246,251,115,6,227,251,126,252,190,187,0,192,0,238,0,246,0,99,0,42,0,20,0,14,0,11,
0,80,252,55,0,122,255,200,1,246,251,115,6,178,251,152,252,190,187,0,192,0,238,0,247,0,99,0,41,0,19,0,13,0,11,
0,93,252,91,0,118,255,200,1,246,251,115,6,148,252,218,251,224,186,0,193,0,238,0,248,0,100,0,42,0,19,0,13,0,11,
0,127,252,87,0,117,255,200,1,246,251,115,6,212,251,141,251,35,185,0,193,0,238,0,248,0,100,0,42,0,20,0,14,0,12,
0,147,252,128,0,108,255,200,1,246,251,115,6,144,251,29,252,43,188,0,193,0,237,0,249,0,100,0,37,0,19,0,14,0,12,
0,147,252,128,0,108,255,200,1,246,251,115,6,144,251,29,252,43,188,0,193,0,237,0,250,0,101,0,38,0,19,0,14,0,12,
0,153,252,193,0,89,255,200,1,246,251,115,6,167,252,80,251,217,186,0,193,0,237,0,250,0,101,0,40,0,19,0,13,0,11,
0,141,252,218,0,71,255,200,1,246,251,115,6,51,252,186,251,104,186,0,193,0,238,0,251,0,101,0,40,0,19,0,13,0,12,
0,141,252,218,0,25,255,200,1,246,251,115,6,228,252,9,252,82,188,0,194,0,237,0,252,0,102,0,41,0,18,0,13,0,11,
0,114,252,19,1,25,255,156,1,168,251,248,6,228,252,162,251,47,187,0,194,0,237,0,252,0,103,0,42,0,20,0,14,0,12,
0,151,252,34,1,245,254,156,1,168,251,248,6,95,253,162,251,47,187,0,194,0,236,0,253,0,103,0,42,0,20,0,14,0,12,
0,204,252,64,1,232,254,156,1,168,251,248,6,236,253,54,251,230,185,0,195,0,236,0,254,0,103,0,43,0,20,0,14,0,12,
0,204,252,64,1,232,254,156,1,168,251,248,6,96,253,11,252,122,187,0,194,0,236,0,254,0,104,0,43,0,20,0,14,0,12,
0,171,252,69,1,210,254,156,1,168,251,248,6,249,253,237,251,189,188,0,195,0,235,0,255,0,104,0,43,0,19,0,13,0,11,
0,157,252,75,1,177,254,156,1,168,251,248,6,249,253,237,251,242,185,0,195,0,235,0,254,0,104,0,44,0,20,0,14,0,12,
0,189,252,56,1,165,254,156,1,168,251,248,6,113,254,174,250,242,185,0,195,0,234,0,255,0,104,0,44,0,20,0,14,0,12,
0,189,252,56,1,165,254,156,1,168,251,248,6,162,253,250,250,173,185,0,195,0,234,0,255,0,104,0,44,0,20,0,13,0,11,
0,187,252,38,1,150,254,156,1,168,251,248,6,11,254,4,251,97,188,0,196,0,234,1,0,0,104,0,43,0,18,0,13,0,11,
0,114,252,67,1,155,254,156,1,168,251,248,6,11,254,197,250,144,188,0,196,0,233,1,0,0,105,0,44,0,18,0,13,0,11,
0,101,252,101,1,142,254,192,1,230,251,153,6,250,254,197,250,144,188,0,195,0,233,1,0,0,105,0,45,0,20,0,13,0,12,
0,101,252,101,1,142,254,192,1,230,251,153,6,59,255,192,250,144,187,0,195,0,233,1,1,0,105,0,44,0,20,0,13,0,11,
0,163,252,129,1,117,254,192,1,230,251,153,6,125,255,182,250,55,187,0,195,0,233,1,1,0,106,0,44,0,19,0,13,0,11,
0,138,252,114,1,128,254,192,1,230,251,153,6,252,255,156,250,13,187,0,195,0,233,1,2,0,105,0,44,0,19,0,13,0,11,
0,138,252,114,1,145,254,192,1,230,251,153,6,252,255,156,250,164,186,0,195,0,233,1,2,0,105,0,44,0,19,0,13,0,11,
0,111,252,106,1,145,254,192,1,230,251,153,6,165,255,155,250,164,186,0,195,0,232,1,2,0,106,0,45,0,20,0,13,0,11,
0,103,252,135,1,130,254,192,1,230,251,153,6,49,0,227,250,41,188,0,194,0,232,1,2,0,106,0,45,0,20,0,13,0,11,
0,103,252,121,1,74,254,192,1,230,251,153,6,189,0,171,250,160,187,0,194,0,231,1,2,0,106,0,49,0,20,0,13,0,11,
0,103,252,121,1,74,254,192,1,230,251,153,6,1,1,43,250,99,186,0,193,0,231,1,3,0,106,0,47,0,20,0,12,0,10,
0,107,252,115,1,61,254,192,1,230,251,153,6,1,1,43,250,99,186,0,193,0,230,1,2,0,107,0,47,0,21,0,13,0,11,
0,111,252,90,1,53,254,104,1,237,251,109,5,22,0,83,250,185,186,0,198,0,239,1,11,0,107,0,47,0,21,0,13,0,11,
0,127,252,66,1,69,254,104,1,237,251,109,5,1,1,88,250,142,187,0,247,0,254,1,27,0,111,0,48,0,23,0,14,0,12,
0,127,252,66,1,69,254,104,1,237,251,109,5,110,23,181,50,135,205,1,70,0,251,1,47,0,116,0,49,0,22,0,14,0,11,
0,103,252,77,1,52,254,104,1,237,251,109,5,110,23,92,236,14,190,0,150,1,28,1,81,0,119,0,47,0,20,0,12,0,10,
0,42,252,115,1,113,254,104,1,237,251,109,5,58,23,92,236,14,190,0,133,1,51,1,83,0,123,0,49,0,20,0,13,0,11,
0,43,253,111,0,126,255,104,1,237,251,109,5,242,17,162,189,252,211,0,134,1,72,1,83,0,131,0,54,0,25,0,16,0,12,
0,43,253,111,0,126,255,104,1,237,251,109,5,222,44,109,250,148,24,0,136,1,85,1,81,0,135,0,56,0,26,0,16,0,11,
0,164,2,63,250,159,0,104,1,237,251,109,5,114,48,165,10,106,42,0,138,1,84,1,72,0,133,0,53,0,20,0,12,0,11,
0,53,12,123,240,93,1,104,1,237,251,109,5,114,48,165,10,253,39,0,140,1,70,1,34,0,130,0,54,0,21,0,14,0,12,
0,53,12,123,240,2,2,104,1,237,251,109,5,10,41,85,24,253,39,0,137,1,47,0,222,0,123,0,55,0,25,0,15,0,11,
0,175,22,236,229,2,2,34,2,246,251,95,7,133,37,104,41,33,22,0,136,0,225,0,152,0,109,0,53,0,25,0,14,0,11,
0,210,30,36,222,141,2,34,2,246,251,95,7,171,38,90,44,128,6,0,137,0,166,0,135,0,94,0,47,0,19,0,13,0,12,
0,195,34,123,221,185,3,34,2,246,251,95,7,171,38,169,37,80,232,0,140,0,143,0,134,0,85,0,43,0,19,0,13,0,11,
0,195,34,123,221,185,3,34,2,246,251,95,7,11,39,169,37,80,232,0,149,0,136,0,136,0,78,0,41,0,20,0,13,0,10,
0,139,33,63,228,166,4,34,2,246,251,95,7,67,24,107,31,7,232,0,166,0,134,0,135,0,72,0,38,0,17,0,12,0,10,
0,205,26,226,236,228,3,34,2,246,251,95,7,110,13,2,23,241,222,0,190,0,133,0,132,0,66,0,34,0,16,0,12,0,12,
0,159,15,22,243,70,1,34,2,246,251,95,7,77,22,12,7,84,220,0,222,0,133,0,132,0,62,0,32,0,17,0,13,0,11,
0,159,15,22,243,70,1,34,2,246,251,95,7,77,22,12,7,103,203,1,14,0,133,0,132,0,60,0,31,0,17,0,13,0,11,
0,206,3,13,247,75,254,34,2,246,251,95,7,50,35,48,250,103,203,1,35,0,134,0,132,0,58,0,30,0,17,0,14,0,13,
0,255,249,188,249,21,252,34,2,246,251,95,7,238,39,132,243,189,202,1,49,0,140,0,134,0,54,0,26,0,14,0,12,0,12,
0,187,243,60,250,27,251,34,2,246,251,95,7,126,41,27,236,4,200,1,53,0,254,0,140,0,55,0,27,0,16,0,13,0,13,
0,187,243,60,250,27,251,73,2,239,251,252,5,144,33,147,232,153,192,1,59,1,85,1,87,0,78,0,32,0,20,0,16,0,15,
0,27,241,169,247,203,251,73,2,239,251,252,5,144,33,147,232,153,192,1,68,1,79,1,84,0,91,0,33,0,18,0,14,0,14,
0,75,241,193,241,137,253,73,2,239,251,252,5,179,19,186,234,145,193,0,237,1,70,1,82,0,99,0,33,0,16,0,12,0,13,
0,75,241,193,241,203,255,73,2,239,251,252,5,238,5,22,236,150,190,0,141,1,63,1,80,0,108,0,38,0,17,0,12,0,11,
0,21,244,228,232,203,255,73,2,239,251,252,5,171,252,22,235,198,186,0,138,1,60,1,75,0,116,0,42,0,17,0,13,0,11,
0,19,249,242,223,252,1,73,2,239,251,252,5,171,252,22,235,177,177,0,135,1,70,1,67,0,118,0,42,0,15,0,11,0,9,
0,63,255,78,217,166,3,73,2,239,251,252,5,69,243,82,235,177,177,0,136,1,70,1,56,0,119,0,43,0,17,0,11,0,8,
0,63,255,78,217,166,3,73,2,239,251,252,5,2,233,177,235,55,174,0,136,1,69,1,34,0,121,0,46,0,17,0,11,0,9,
0,23,5,203,213,178,4,73,2,239,251,252,5,183,227,185,232,133,176,0,136,1,66,0,254,0,117,0,47,0,20,0,12,0,9,
0,202,9,42,213,1,5,73,2,239,251,252,5,119,224,16,233,17,180,0,136,1,65,0,198,0,107,0,45,0,17,0,11,0,10,
0,220,12,25,214,72,5,247,2,85,252,32,7,119,224,16,233,17,180,0,137,1,69,0,146,0,96,0,44,0,21,0,13,0,11,
0,220,12,25,214,72,5,247,2,85,252,32,7,202,228,54,232,189,177,0,137,1,70,0,134,0,87,0,43,0,19,0,13,0,10,
0,167,13,250,216,195,6,247,2,85,252,32,7,190,225,94,232,210,187,0,139,1,72,0,133,0,78,0,39,0,17,0,12,0,10,
0,174,12,75,222,67,9,247,2,85,252,32,7,243,218,3,232,164,199,0,139,1,69,0,133,0,72,0,36,0,17,0,12,0,11,
0,59,11,75,228,89,11,247,2,85,252,32,7,243,218,93,234,56,205,0,140,1,65,0,132,0,67,0,35,0,17,0,13,0,11,
0,59,11,91,228,89,11,247,2,85,252,32,7,198,215,93,234,56,205,0,141,1,61,0,132,0,63,0,34,0,17,0,13,0,11,
0,39,10,10,234,212,11,247,2,85,252,32,7,71,214,8,238,136,207,0,142,1,59,0,133,0,59,0,30,0,15,0,12,0,11,
0,17,9,180,238,70,10,247,2,85,252,32,7,217,211,255,243,158,212,0,143,1,55,0,134,0,57,0,28,0,15,0,12,0,11,
0,17,9,180,238,150,7,247,2,85,252,32,7,0,217,75,251,175,212,0,144,1,48,0,136,0,55,0,28,0,14,0,12,0,10,
0,206,7,56,242,150,7,247,2,85,252,32,7,0,217,75,251,75,204,0,146,1,38,0,139,0,55,0,27,0,15,0,12,0,11,
0,238,6,172,245,181,5,162,3,68,252,55,7,38,222,85,0,75,204,0,150,1,30,0,162,0,55,0,25,0,13,0,11,0,11,
0,137,6,32,249,13,5,162,3,68,252,55,7,89,219,253,4,104,205,0,155,1,25,1,75,0,74,0,28,0,13,0,12,0,11,
0,137,6,32,249,13,5,162,3,68,252,55,7,206,218,34,7,116,210,0,161,1,21,1,80,0,89,0,32,0,18,0,13,0,12,
0,58,6,2,252,144,5,162,3,68,252,55,7,206,219,8,5,126,206,0,171,1,19,1,76,0,100,0,35,0,16,0,12,0,11,
0,46,6,54,253,70,6,162,3,68,252,55,7,232,219,8,5,126,206,0,184,1,13,1,73,0,107,0,37,0,16,0,12,0,12,
0,69,6,213,252,216,6,162,3,68,252,55,7,231,217,14,4,227,202,0,200,1,9,1,71,0,113,0,40,0,17,0,12,0,11,
0,69,6,213,252,216,6,162,3,68,252,55,7,193,217,3,4,118,201,0,225,1,5,1,67,0,119,0,44,0,19,0,13,0,11,
0,81,6,184,251,49,7,162,3,68,252,55,7,6,219,189,1,193,198,0,251,1,2,1,64,0,122,0,46,0,19,0,13,0,11,
0,81,6,141,250,79,7,162,3,68,252,55,7,6,219,189,1,30,195,1,5,0,253,1,60,0,125,0,47,0,22,0,13,0,12,
0,14,6,141,249,221,6,162,3,68,252,55,7,149,218,27,0,30,195,1,12,0,249,1,59,0,127,0,50,0,23,0,14,0,12,
0,14,6,170,249,221,6,114,3,121,252,132,6,117,219,69,0,91,195,1,19,0,247,1,59,0,129,0,52,0,23,0,14,0,12,
0,193,5,133,249,15,6,114,3,121,252,132,6,31,220,2,1,249,192,1,25,0,245,1,60,0,129,0,52,0,22,0,14,0,11,
0,87,5,182,250,45,5,114,3,121,252,132,6,60,222,115,0,88,189,1,106,0,244,1,61,0,131,0,53,0,23,0,14,0,12,
0,87,5,182,250,137,4,114,3,121,252,132,6,60,222,115,0,88,189,1,84,0,243,1,65,0,133,0,54,0,22,0,14,0,11,
0,215,4,223,252,137,4,114,3,121,252,132,6,203,222,236,255,39,189,1,84,0,244,1,65,0,134,0,56,0,23,0,14,0,12,
0,91,4,137,255,234,3,114,3,121,252,132,6,30,227,75,254,185,188,1,90,0,243,1,63,0,134,0,55,0,25,0,15,0,12,
0,64,4,91,2,98,3,114,3,121,252,132,6,124,229,239,251,162,185,1,72,0,243,1,63,0,134,0,56,0,25,0,14,0,11,
0,64,4,91,2,98,3,114,3,121,252,132,6,124,229,230,250,104,185,1,67,0,242,1,65,0,136,0,57,0,23,0,15,0,11,
0,64,4,22,5,236,2,114,3,121,252,132,6,114,231,230,250,104,185,1,64,0,238,1,66,0,136,0,57,0,24,0,15,0,12,
0,22,4,205,7,142,2,114,3,121,252,132,6,241,234,29,249,254,185,1,64,0,237,1,67,0,136,0,57,0,23,0,14,0,12,
0,29,4,34,10,140,2,114,3,121,252,132,6,154,237,137,246,186,184,1,63,0,238,1,66,0,136,0,58,0,25,0,15,0,12,
0,29,4,34,10,140,2,127,3,128,252,92,7,43,237,30,244,24,184,1,62,0,238,1,67,0,137,0,59,0,25,0,15,0,11,
0,44,4,232,11,172,2,127,3,128,252,92,7,43,237,30,244,39,184,1,61,0,239,1,65,0,137,0,59,0,25,0,16,0,12,
0,16,4,17,13,199,2,127,3,128,252,92,7,54,237,85,241,39,184,1,62,0,240,1,66,0,136,0,53,0,23,0,15,0,13,
0,239,3,17,13,176,2,127,3,128,252,92,7,214,236,178,240,119,185,1,60,0,242,1,64,0,137,0,55,0,25,0,16,0,13,
0,239,3,217,13,176,2,127,3,128,252,92,7,8,236,69,240,142,185,1,60,0,244,1,63,0,138,0,57,0,27,0,16,0,12,
0,183,3,170,14,131,2,127,3,128,252,92,7,8,236,56,239,173,185,1,62,0,245,1,62,0,136,0,56,0,26,0,16,0,13,
0,143,3,70,15,92,2,127,3,128,252,92,7,12,236,56,239,173,185,1,61,0,244,1,59,0,137,0,58,0,26,0,16,0,13,
0,143,3,70,15,14,2,127,3,128,252,92,7,34,236,29,237,91,186,1,62,0,244,1,56,0,136,0,58,0,25,0,16,0,12,
0,183,3,95,15,14,2,127,3,128,252,92,7,168,237,52,235,193,187,1,60,0,242,1,52,0,136,0,59,0,26,0,16,0,12,
0,220,3,54,15,158,1,127,3,128,252,92,7,255,239,182,233,25,190,1,60,0,239,1,47,0,133,0,57,0,23,0,15,0,12,
0,238,3,247,14,19,1,31,3,116,252,121,6,255,239,182,233,251,189,1,62,0,235,1,40,0,132,0,57,0,24,0,15,0,12,
0,238,3,247,14,19,1,31,3,116,252,121,6,95,241,196,231,251,189,1,60,0,229,1,34,0,131,0,58,0,25,0,16,0,12,
0,196,3,196,14,149,0,31,3,116,252,121,6,83,242,250,229,193,188,1,61,0,223,1,26,0,127,0,56,0,26,0,15,0,11,
0,142,3,75,14,89,0,31,3,116,252,121,6,216,242,25,228,108,191,1,61,0,217,1,17,0,124,0,56,0,25,0,15,0,12,
0,53,3,134,13,10,0,31,3,116,252,121,6,105,245,103,226,11,192,1,60,0,211,1,7,0,121,0,55,0,23,0,15,0,12,
0,53,3,134,13,10,0,31,3,116,252,121,6,105,245,103,226,11,192,1,59,0,203,0,251,0,118,0,54,0,25,0,14,0,11,
0,204,2,247,12,142,255,31,3,116,252,121,6,123,247,6,226,22,189,1,58,0,195,0,237,0,113,0,52,0,23,0,14,0,12,
0,32,2,140,12,253,254,31,3,116,252,121,6,149,246,18,227,133,187,1,59,0,187,0,223,0,107,0,50,0,23,0,14,0,11,
0,32,1,140,12,152,254,31,3,116,252,121,6,226,246,106,227,51,190,1,57,0,179,0,207,0,103,0,49,0,22,0,14,0,12,
0,66,1,105,12,152,254,31,3,116,252,121,6,226,246,106,226,237,185,1,56,0,172,0,190,0,97,0,47,0,23,0,14,0,11,
0,155,0,92,12,102,254,5,3,154,252,136,6,55,248,197,226,237,185,1,56,0,166,0,174,0,90,0,44,0,20,0,13,0,11,
0,198,255,119,12,255,253,5,3,154,252,136,6,3,248,38,228,183,183,1,56,0,160,0,159,0,83,0,41,0,20,0,13,0,11,
0,198,255,119,12,107,253,5,3,154,252,136,6,53,247,88,231,187,182,1,54,0,154,0,148,0,78,0,40,0,21,0,14,0,11,
0,242,254,228,12,107,253,5,3,154,252,136,6,236,248,57,233,189,182,1,55,0,150,0,142,0,73,0,37,0,17,0,13,0,11,
0,59,254,134,13,230,252,5,3,154,252,136,6,236,248,57,233,189,182,1,55,0,147,0,138,0,67,0,38,0,17,0,12,0,11,
0,205,253,52,14,129,252,5,3,154,252,136,6,224,249,75,234,101,180,1,56,0,145,0,136,0,63,0,35,0,16,0,12,0,10,
0,205,253,52,14,129,252,5,3,154,252,136,6,170,250,228,235,78,178,1,56,0,143,0,135,0,61,0,33,0,17,0,12,0,11,
0,108,253,177,14,29,252,5,3,154,252,136,6,8,251,133,238,154,179,1,57,0,142,0,135,0,57,0,30,0,15,0,11,0,10,
0,25,253,244,14,185,251,5,3,154,252,136,6,8,251,6,241,93,180,1,59,0,140,0,134,0,55,0,28,0,14,0,12,0,11,
0,11,253,37,15,83,251,5,3,154,252,136,6,82,254,6,241,93,180,1,60,0,139,0,135,0,54,0,27,0,14,0,12,0,11,
0,11,253,37,15,83,251,161,2,138,252,210,6,54,255,109,242,193,175,1,62,0,139,0,135,0,52,0,25,0,13,0,11,0,10,
0,35,253,52,15,27,251,161,2,138,252,210,6,27,254,209,244,152,176,1,63,0,138,0,135,0,52,0,24,0,13,0,11,0,11,
0,9,253,24,15,243,250,161,2,138,252,210,6,189,252,218,246,26,179,1,63,0,138,0,135,0,50,0,23,0,12,0,11,0,10,
0,9,252,24,15,228,250,161,2,138,252,210,6,189,252,218,246,76,177,1,63,0,137,0,135,0,50,0,24,0,13,0,11,0,11,
0,255,252,235,14,228,250,161,2,138,252,210,6,138,253,218,247,76,177,1,63,0,137,0,135,0,50,0,23,0,13,0,11,0,11,
0,62,253,8,15,163,250,161,2,138,252,210,6,225,252,132,248,197,172,1,63,0,137,0,135,0,49,0,22,0,12,0,11,0,11,
0,66,253,147,15,80,250,161,2,138,252,210,6,20,251,149,249,29,174,1,63,0,137,0,136,0,49,0,22,0,12,0,11,0,11,
0,66,253,147,15,250,249,161,2,138,252,210,6,20,251,129,250,242,177,1,63,0,138,0,136,0,48,0,22,0,11,0,10,0,10,
0,4,253,62,16,250,249,161,2,138,252,210,6,146,251,129,250,242,177,1,63,0,137,0,136,0,49,0,22,0,12,0,11,0,11,
0,196,252,215,16,197,249,161,2,138,252,210,6,209,254,127,250,251,176,1,63,0,138,0,136,0,48,0,22,0,12,0,11,0,11,
0,189,252,69,17,165,249,161,2,138,252,210,6,80,0,114,250,152,172,1,63,0,138,0,137,0,48,0,22,0,12,0,11,0,10,
0,189,252,69,17,165,249,62,2,111,252,174,6,10,1,105,252,154,175,1,63,0,139,0,137,0,48,0,22,0,12,0,11,0,11,
0,192,252,122,17,132,249,62,2,111,252,174,6,10,1,105,252,24,178,1,64,0,139,0,138,0,48,0,21,0,11,0,11,0,10,
0,177,252,181,17,84,249,62,2,111,252,174,6,36,3,167,253,24,178,1,64,0,139,0,138,0,49,0,22,0,12,0,11,0,11,
0,172,252,218,17,70,249,62,2,111,252,174,6,239,4,159,253,236,175,1,65,0,139,0,139,0,49,0,22,0,12,0,11,0,11,
0,172,252,218,17,70,249,62,2,111,252,174,6,30,3,23,254,120,174,1,63,0,139,0,140,0,49,0,22,0,12,0,11,0,11,
0,239,252,240,17,50,249,62,2,111,252,174,6,250,2,238,254,124,178,1,63,0,140,0,141,0,49,0,21,0,11,0,11,0,10,
0,41,253,4,18,65,249,62,2,111,252,174,6,250,2,238,254,124,178,1,62,0,140,0,142,0,50,0,22,0,12,0,11,0,11,
0,41,253,4,18,85,249,62,2,111,252,174,6,40,4,210,254,53,178,1,62,0,140,0,144,0,50,0,23,0,14,0,11,0,11,
0,100,253,28,18,85,249,62,2,111,252,174,6,13,4,207,254,169,176,1,62,0,141,0,145,0,51,0,22,0,14,0,11,0,11,
0,134,253,116,18,78,249,62,2,111,252,174,6,130,3,243,254,229,177,1,61,0,142,0,146,0,51,0,22,0,13,0,10,0,10,
0,165,253,238,18,94,249,98,1,179,252,227,6,130,3,216,254,81,181,1,61,0,143,0,150,0,51,0,22,0,12,0,11,0,10,
0,165,253,238,18,94,249,98,1,179,252,227,6,75,4,216,254,81,181,1,60,0,144,0,151,0,53,0,23,0,14,0,11,0,11,
0,188,253,73,19,63,249,98,1,179,252,227,6,121,6,235,254,186,182,1,59,0,144,0,154,0,53,0,23,0,13,0,11,0,11,
0,203,253,108,19,76,249,98,1,179,252,227,6,6,9,241,254,191,181,1,59,0,145,0,158,0,54,0,23,0,13,0,11,0,11,
0,212,253,101,19,73,249,98,1,179,252,227,6,68,9,42,255,112,181,1,59,0,147,0,163,0,55,0,23,0,12,0,11,0,11,
0,212,253,101,19,73,249,98,1,179,252,227,6,68,9,42,255,111,185,1,58,0,148,0,168,0,57,0,24,0,12,0,11,0,11,
0,198,253,34,19,95,249,98,1,179,252,227,6,29,10,195,255,111,185,1,58,0,149,0,173,0,58,0,24,0,11,0,10,0,10,
0,207,253,117,18,135,249,98,1,179,252,227,6,186,12,7,255,231,186,1,57,0,151,0,179,0,60,0,25,0,14,0,11,0,11,
0,194,253,143,17,165,249,98,1,179,252,227,6,197,12,38,254,144,184,1,56,0,151,0,184,0,63,0,26,0,15,0,11,0,11,
0,194,253,143,17,165,249,98,1,179,252,227,6,197,12,192,254,95,186,1,55,0,152,0,191,0,65,0,26,0,14,0,11,0,11,
0,178,253,139,16,215,249,60,1,128,252,228,5,147,12,192,254,95,186,1,55,0,154,0,196,0,67,0,27,0,13,0,12,0,11,
0,214,253,159,15,65,250,60,1,128,252,228,5,159,12,253,253,51,188,1,55,0,156,0,202,0,69,0,27,0,12,0,11,0,11,
0,214,253,159,15,110,250,60,1,128,252,228,5,211,12,31,253,212,187,1,55,0,157,0,207,0,73,0,30,0,14,0,12,0,11,
0,191,253,241,14,110,250,60,1,128,252,228,5,234,12,18,252,99,186,1,55,0,159,0,212,0,74,0,30,0,17,0,12,0,11,
0,139,253,70,14,125,250,60,1,128,252,228,5,234,12,18,252,142,187,1,54,0,161,0,217,0,77,0,30,0,16,0,12,0,11,
0,91,253,187,13,107,250,60,1,128,252,228,5,80,13,66,252,142,187,1,53,0,163,0,222,0,79,0,31,0,16,0,12,0,11,
0,91,253,187,13,107,250,60,1,128,252,228,5,114,15,132,252,108,188,1,52,0,166,0,225,0,82,0,33,0,15,0,12,0,11,
0,37,253,51,13,130,250,60,1,128,252,228,5,152,17,207,251,187,187,1,51,0,168,0,229,0,84,0,33,0,15,0,12,0,11,
0,226,252,108,12,154,250,60,1,128,252,228,5,8,18,192,251,141,187,1,51,0,170,0,233,0,86,0,34,0,15,0,12,0,11,
0,173,252,92,11,197,250,60,1,128,252,228,5,8,18,192,251,141,187,1,49,0,172,0,236,0,87,0,35,0,16,0,12,0,11,
0,173,252,92,11,197,250,225,0,185,252,87,6,95,18,177,251,104,188,1,49,0,175,0,239,0,89,0,35,0,16,0,12,0,10,
0,128,252,10,10,249,250,225,0,185,252,87,6,52,19,206,250,174,188,1,47,0,175,0,240,0,91,0,36,0,18,0,13,0,11,
0,116,252,196,8,43,251,225,0,185,252,87,6,247,19,141,250,183,188,1,46,0,177,0,241,0,92,0,37,0,18,0,13,0,11,
0,91,252,142,7,119,251,225,0,185,252,87,6,247,19,141,249,155,187,1,45,0,178,0,242,0,94,0,38,0,18,0,13,0,11,
0,91,252,142,7,119,251,225,0,185,252,87,6,203,19,237,249,155,187,1,43,0,179,0,243,0,95,0,39,0,18,0,12,0,11,
0,30,252,80,6,123,251,225,0,185,252,87,6,190,18,180,249,44,186,1,43,0,180,0,243,0,95,0,38,0,19,0,13,0,11,
0,218,251,9,5,134,251,225,0,185,252,87,6,66,17,68,250,137,187,1,41,0,181,0,244,0,96,0,39,0,18,0,12,0,11,
0,218,251,9,5,172,251,225,0,185,252,87,6,219,18,11,250,83,190,1,39,0,182,0,245,0,97,0,40,0,19,0,13,0,11,
0,157,251,216,3,172,251,225,0,185,252,87,6,219,18,11,250,83,190,1,37,0,183,0,245,0,98,0,40,0,19,0,13,0,11,
0,125,251,197,2,191,251,225,0,185,252,87,6,155,19,252,249,121,185,1,36,0,185,0,244,0,98,0,40,0,19,0,13,0,11,
0,115,251,181,1,227,251,225,0,91,252,81,7,37,18,126,250,42,186,1,35,0,186,0,244,0,98,0,40,0,19,0,13,0,11,
0,115,251,181,1,227,251,166,0,91,252,81,7,126,17,182,250,242,188,1,32,0,186,0,242,0,99,0,42,0,20,0,14,0,12,
0,89,251,166,0,21,252,166,0,91,252,81,7,126,17,117,250,183,188,1,30,0,187,0,241,0,98,0,41,0,20,0,13,0,11,
0,63,251,149,255,127,252,166,0,91,252,81,7,171,18,117,250,183,188,1,28,0,187,0,240,0,98,0,41,0,19,0,13,0,11,
0,43,251,84,254,192,252,166,0,91,252,81,7,56,18,27,250,86,186,1,26,0,188,0,240,0,98,0,41,0,19,0,13,0,11,
0,43,251,84,254,192,252,166,0,91,252,81,7,19,16,140,250,232,187,1,23,0,188,0,238,0,98,0,42,0,18,0,13,0,11,
0,19,251,59,253,213,252,166,0,91,252,81,7,122,16,38,250,217,188,1,22,0,190,0,238,0,97,0,41,0,17,0,12,0,11,
0,185,250,27,252,0,253,166,0,91,252,81,7,122,16,38,250,27,186,1,20,0,191,0,238,0,97,0,41,0,18,0,13,0,11,
0,182,250,4,251,61,253,166,0,91,252,81,7,6,14,133,249,27,186,1,17,0,193,0,237,0,97,0,41,0,19,0,13,0,11,
0,182,250,4,251,61,253,166,0,91,252,81,7,240,11,146,249,24,190,1,13,0,196,0,238,0,97,0,41,0,18,0,12,0,11,
0,166,250,0,250,121,253,166,0,91,252,81,7,34,10,251,247,30,186,1,9,0,200,0,238,0,96,0,35,0,17,0,13,0,11,
0,118,250,248,248,222,253,235,0,87,252,118,6,34,5,49,249,15,186,1,4,0,204,0,239,0,97,0,37,0,17,0,13,0,12,
0,118,250,248,248,138,254,235,0,87,252,118,6,235,5,49,249,15,186,0,255,0,207,0,240,0,97,0,38,0,20,0,13,0,12,
0,43,250,28,248,138,254,235,0,87,252,118,6,51,5,73,251,65,190,0,251,0,211,0,242,0,97,0,40,0,19,0,13,0,11,
0,14,250,114,247,53,255,235,0,87,252,118,6,114,7,76,251,120,188,0,247,0,214,0,243,0,97,0,39,0,18,0,13,0,11,
0,227,249,34,247,139,255,235,0,87,252,118,6,34,4,0,252,87,186,0,243,0,215,0,244,0,98,0,40,0,19,0,13,0,12,
0,227,249,34,247,139,255,235,0,87,252,118,6,34,4,0,252,43,191,0,239,0,217,0,244,0,98,0,40,0,18,0,13,0,11,
0,194,249,227,246,158,255,235,0,87,252,118,6,106,5,46,252,43,191,0,236,0,219,0,244,0,99,0,41,0,19,0,14,0,12,
0,169,249,123,246,163,255,235,0,87,252,118,6,225,3,8,252,170,185,0,233,0,220,0,245,0,99,0,41,0,20,0,14,0,12,
0,192,249,21,246,155,255,235,0,87,252,118,6,252,3,85,253,93,190,0,230,0,222,0,246,0,99,0,41,0,20,0,13,0,11,
0,192,249,21,246,155,255,235,0,87,252,118,6,147,4,8,253,101,185,0,228,0,224,0,248,0,100,0,41,0,20,0,14,0,12,
0,181,249,200,245,143,255,13,1,59,252,55,6,147,4,8,253,101,185,0,225,0,225,0,251,0,100,0,41,0,19,0,13,0,11,
0,187,249,123,245,118,255,13,1,59,252,55,6,107,2,101,254,29,188,0,222,0,225,0,253,0,102,0,43,0,20,0,14,0,12,
0,246,249,58,245,45,255,13,1,59,252,55,6,235,4,2,255,152,190,0,220,0,226,0,254,0,102,0,43,0,20,0,14,0,12,
0,246,249,58,245,45,255,13,1,59,252,55,6,42,4,244,254,104,184,0,219,0,227,1,0,0,103,0,43,0,18,0,13,0,11,
0,39,250,228,244,243,254,13,1,59,252,55,6,42,4,198,255,7,187,0,217,0,228,1,1,0,104,0,43,0,19,0,13,0,12,
0,84,250,133,244,166,254,13,1,59,252,55,6,241,2,198,255,7,187,0,216,0,229,1,3,0,104,0,43,0,18,0,13,0,11,
0,84,250,133,244,155,254,13,1,59,252,55,6,6,3,143,255,171,189,0,214,0,229,1,4,0,105,0,44,0,19,0,13,0,11,
0,135,250,60,244,155,254,13,1,59,252,55,6,5,4,197,254,216,186,0,212,0,232,1,5,0,106,0,44,0,19,0,13,0,12,
0,212,250,211,243,149,254,13,1,59,252,55,6,104,1,99,254,187,184,0,211,0,233,1,7,0,106,0,44,0,19,0,13,0,11,
0,42,251,156,243,147,254,13,1,59,252,55,6,104,1,99,254,26,188,0,208,0,234,1,8,0,107,0,45,0,20,0,14,0,12,
0,42,251,156,243,147,254,36,1,29,252,131,6,221,255,58,254,26,188,0,206,0,236,1,10,0,107,0,44,0,19,0,13,0,11,
0,112,251,114,243,140,254,36,1,29,252,131,6,34,0,154,253,205,188,0,204,0,237,1,10,0,108,0,50,0,21,0,13,0,11,
0,137,251,83,243,129,254,36,1,29,252,131,6,204,0,141,252,228,186,0,202,0,239,1,12,0,109,0,49,0,21,0,13,0,11,
0,157,251,95,243,146,254,36,1,29,252,131,6,204,0,163,252,207,186,0,200,0,239,1,13,0,110,0,48,0,21,0,13,0,11,
0,157,251,95,243,146,254,36,1,29,252,131,6,236,254,163,252,207,186,0,197,0,241,1,15,0,110,0,48,0,21,0,13,0,11,
0,191,251,68,243,198,254,36,1,29,252,131,6,50,253,71,253,58,189,0,194,0,241,1,16,0,111,0,49,0,23,0,14,0,12,
0,238,251,38,243,14,255,36,1,29,252,131,6,112,253,196,252,112,188,0,192,0,242,1,16,0,111,0,49,0,23,0,14,0,11,
0,10,252,38,243,111,255,36,1,29,252,131,6,118,249,133,253,72,188,0,192,0,243,1,17,0,112,0,48,0,23,0,14,0,12,
0,10,252,1,243,111,255,36,1,29,252,131,6,118,249,133,253,61,190,0,193,0,244,1,17,0,112,0,48,0,22,0,14,0,12,
0,69,252,239,242,255,255,36,1,29,252,131,6,134,243,61,0,61,190,0,191,0,246,1,19,0,112,0,48,0,21,0,14,0,11,
0,182,252,234,242,43,1,156,1,25,252,170,6,43,244,198,254,65,189,0,189,0,247,1,20,0,114,0,49,0,22,0,14,0,12,
0,182,252,234,242,236,1,156,1,25,252,170,6,71,243,30,254,1,189,0,187,0,248,1,22,0,114,0,49,0,23,0,15,0,11,
0,244,252,53,243,236,1,156,1,25,252,170,6,2,241,62,255,25,189,0,187,0,249,1,23,0,115,0,49,0,22,0,14,0,12,
0,25,253,241,243,227,1,156,1,25,252,170,6,2,241,62,255,25,189,0,187,0,248,1,22,0,115,0,49,0,22,0,14,0,11,
0,129,253,172,244,228,1,156,1,25,252,170,6,123,240,105,255,202,190,0,187,0,247,1,22,0,115,0,49,0,21,0,14,0,11,
0,129,253,172,244,228,1,156,1,25,252,170,6,234,239,7,253,61,187,0,187,0,247,1,22,0,116,0,49,0,23,0,14,0,12,
0,171,253,97,245,29,2,156,1,25,252,170,6,158,237,144,253,23,189,0,187,0,246,1,23,0,116,0,50,0,23,0,14,0,11,
0,145,253,43,246,61,2,156,1,25,252,170,6,158,237,13,254,196,189,0,186,0,246,1,24,0,116,0,49,0,22,0,14,0,12,
0,118,253,4,247,24,2,156,1,25,252,170,6,178,239,13,254,196,189,0,185,0,246,1,26,0,116,0,49,0,22,0,14,0,11,
0,118,253,4,247,24,2,156,1,25,252,170,6,36,238,171,254,62,185,0,183,0,245,1,27,0,117,0,50,0,23,0,14,0,11,
0,112,253,230,247,170,1,156,1,25,252,170,6,188,236,53,255,96,188,0,180,0,246,1,31,0,117,0,49,0,21,0,14,0,11,
0,112,253,172,248,51,1,181,1,48,252,12,6,38,239,63,254,41,189,0,177,0,245,1,33,0,119,0,50,0,21,0,14,0,11,
0,96,253,172,248,193,0,181,1,48,252,12,6,38,239,63,254,41,184,0,173,0,245,1,36,0,119,0,51,0,21,0,14,0,11,
0,96,253,99,249,193,0,181,1,48,252,12,6,231,239,199,252,101,184,0,169,0,245,1,39,0,120,0,51,0,21,0,14,0,11,
0,65,253,44,250,90,0,181,1,48,252,12,6,226,237,19,253,41,186,0,166,0,246,1,41,0,121,0,51,0,21,0,14,0,11,
0,60,253,227,250,251,255,181,1,48,252,12,6,220,239,56,252,222,187,0,162,0,246,1,42,0,123,0,52,0,22,0,14,0,12,
0,60,253,227,250,170,255,181,1,48,252,12,6,220,239,223,251,88,184,0,158,0,247,1,43,0,123,0,52,0,23,0,14,0,11,
0,34,253,182,251,170,255,181,1,48,252,12,6,217,239,223,251,88,184,0,155,0,248,1,45,0,124,0,52,0,23,0,15,0,12,
0,222,252,124,252,74,255,181,1,48,252,12,6,3,240,153,252,182,187,0,151,0,250,1,47,0,125,0,53,0,22,0,14,0,11,
0,214,252,34,253,238,254,181,1,48,252,12,6,63,241,109,252,193,186,0,149,0,252,1,48,0,125,0,53,0,24,0,14,0,11,
0,214,252,34,253,238,254,181,1,48,252,12,6,116,241,207,252,229,184,0,146,0,253,1,49,0,127,0,54,0,25,0,15,0,12,
0,198,252,180,253,159,254,233,1,4,252,28,6,116,241,207,252,169,187,0,144,0,255,1,51,0,127,0,55,0,25,0,15,0,12,
0,171,252,19,254,109,254,233,1,4,252,28,6,229,241,148,253,169,187,0,142,1,0,1,51,0,128,0,57,0,25,0,15,0,12,
0,231,252,135,254,91,254,233,1,4,252,28,6,117,243,122,253,170,188,0,140,1,0,1,52,0,129,0,57,0,25,0,15,0,12,
0,231,252,135,254,91,254,233,1,4,252,28,6,174,243,32,253,23,186,0,140,1,2,1,52,0,129,0,56,0,24,0,15,0,12,
0,241,252,234,254,97,254,233,1,4,252,28,6,174,243,35,253,247,186,0,139,1,2,1,52,0,130,0,57,0,25,0,16,0,12,
0,244,252,85,255,89,254,233,1,4,252,28,6,63,243,35,253,247,186,0,138,1,3,1,52,0,130,0,56,0,25,0,15,0,12,
0,14,253,85,255,72,254,233,1,4,252,28,6,218,243,236,252,10,188,0,138,1,3,1,52,0,130,0,56,0,25,0,15,0,12,
0,14,253,202,255,72,254,233,1,4,252,28,6,238,245,156,252,167,187,0,137,1,4,1,52,0,130,0,56,0,25,0,15,0,12,
0,44,253,55,0,85,254,233,1,4,252,28,6,188,246,95,252,65,186,0,137,1,5,1,53,0,130,0,56,0,24,0,15,0,11,
0,60,253,168,0,67,254,233,1,4,252,28,6,188,246,95,252,30,186,0,137,1,6,1,53,0,131,0,57,0,25,0,16,0,12,
0,60,253,168,0,34,254,160,1,11,252,232,5,98,246,88,252,30,186,0,137,1,8,1,53,0,131,0,56,0,25,0,16,0,12,
0,29,253,48,1,34,254,160,1,11,252,232,5,108,247,81,252,166,188,0,137,1,8,1,53,0,131,0,56,0,25,0,15,0,12,
0,4,253,194,1,33,254,160,1,11,252,232,5,38,248,201,252,96,188,0,137,1,10,1,53,0,131,0,56,0,25,0,15,0,12,
0,0,253,56,2,46,254,160,1,11,252,232,5,78,249,222,252,215,187,0,137,1,11,1,52,0,131,0,57,0,25,0,15,0,12,
0,0,253,56,2,46,254,160,1,11,252,232,5,78,249,222,252,215,187,0,137,1,13,1,53,0,131,0,56,0,24,0,14,0,11,
0,68,253,177,2,31,254,160,1,11,252,232,5,230,248,221,252,119,186,0,137,1,14,1,52,0,131,0,57,0,25,0,15,0,12,
0,96,253,50,3,63,254,160,1,11,252,232,5,119,249,7,253,246,189,0,137,1,15,1,52,0,131,0,57,0,25,0,15,0,12,
0,127,253,153,3,122,254,160,1,11,252,232,5,60,252,163,252,76,187,0,137,1,16,1,52,0,131,0,57,0,24,0,15,0,11,
0,127,253,153,3,122,254,160,1,11,252,232,5,60,252,8,253,114,186,0,137,1,16,1,50,0,131,0,57,0,25,0,16,0,12,
0,136,253,243,3,144,254,160,1,11,252,232,5,138,249,8,253,114,186,0,138,1,17,1,50,0,130,0,56,0,24,0,15,0,11,
0,141,253,56,4,173,254,182,1,174,251,220,6,165,250,80,253,45,191,0,137,1,17,1,48,0,131,0,57,0,25,0,16,0,12,
0,141,253,56,4,178,254,182,1,174,251,220,6,164,252,125,252,183,189,0,138,1,18,1,47,0,130,0,57,0,24,0,15,0,12,
0,171,253,118,4,178,254,182,1,174,251,220,6,102,251,143,252,17,186,0,138,1,19,1,46,0,130,0,56,0,23,0,14,0,12,
0,156,253,208,4,189,254,182,1,174,251,220,6,102,251,143,252,45,191,0,138,1,20,1,46,0,129,0,56,0,23,0,14,0,11,
0,160,253,16,5,209,254,182,1,174,251,220,6,169,251,181,253,45,191,0,138,1,20,1,44,0,129,0,56,0,24,0,15,0,12,
0,160,253,16,5,215,254,182,1,174,251,220,6,113,253,244,252,151,189,0,138,1,21,1,43,0,129,0,56,0,24,0,15,0,12,
0,206,253,59,5,215,254,182,1,174,251,220,6,250,252,178,252,30,187,0,139,1,21,1,42,0,128,0,59,0,25,0,15,0,12,
0,201,253,110,5,236,254,182,1,174,251,220,6,250,252,3,253,231,190,0,139,1,22,1,41,0,127,0,58,0,23,0,15,0,12,
0,173,253,109,5,1,255,182,1,174,251,220,6,33,253,3,253,231,190,0,139,1,22,1,40,0,127,0,57,0,24,0,15,0,12,
0,173,253,109,5,1,255,182,1,174,251,220,6,101,254,105,252,216,189,0,139,1,22,1,40,0,126,0,56,0,24,0,14,0,11,
0,185,253,114,5,24,255,182,1,174,251,220,6,127,253,8,252,74,188,0,139,1,22,1,38,0,126,0,56,0,25,0,15,0,12,
0,157,253,132,5,37,255,171,1,172,251,144,6,220,253,180,251,115,190,0,140,1,22,1,36,0,126,0,55,0,24,0,15,0,12,
0,149,253,176,5,49,255,171,1,172,251,144,6,220,253,180,251,168,190,0,139,1,22,1,36,0,125,0,55,0,23,0,14,0,11,
0,149,253,176,5,49,255,171,1,172,251,144,6,239,254,102,251,168,190,0,140,1,23,1,35,0,124,0,55,0,24,0,15,0,12,
0,133,253,190,5,56,255,171,1,172,251,144,6,112,255,142,250,213,187,0,140,1,23,1,34,0,124,0,54,0,23,0,14,0,11,
0,72,253,193,5,74,255,171,1,172,251,144,6,7,255,66,251,137,191,0,140,1,23,1,33,0,124,0,54,0,24,0,15,0,12,
0,72,253,193,5,84,255,171,1,172,251,144,6,112,1,198,250,21,191,0,140,1,23,1,33,0,123,0,54,0,24,0,15,0,12,
0,41,253,168,5,84,255,171,1,172,251,144,6,112,1,198,250,21,191,0,140,1,24,1,33,0,122,0,48,0,23,0,15,0,12,
0,55,253,149,5,85,255,171,1,172,251,144,6,94,1,103,250,173,187,0,140,1,23,1,32,0,122,0,49,0,23,0,15,0,12,
0,29,253,141,5,107,255,171,1,172,251,144,6,116,0,178,250,76,188,0,141,1,24,1,32,0,122,0,50,0,22,0,14,0,11,
0,29,253,141,5,169,255,171,1,172,251,144,6,203,0,200,250,15,191,0,140,1,24,1,31,0,122,0,51,0,24,0,15,0,12,
0,202,252,99,5,169,255,72,1,237,251,0,6,203,0,125,250,210,190,0,140,1,24,1,30,0,122,0,51,0,24,0,15,0,12,
0,177,252,72,5,205,255,72,1,237,251,0,6,132,1,125,250,210,190,0,141,1,24,1,30,0,121,0,52,0,23,0,14,0,11,
0,178,252,31,5,217,255,72,1,237,251,0,6,5,2,211,249,136,188,0,141,1,24,1,30,0,121,0,52,0,23,0,16,0,12,
0,178,252,31,5,217,255,72,1,237,251,0,6,232,0,51,250,131,187,0,141,1,25,1,29,0,120,0,51,0,23,0,14,0,11,
0,181,252,27,5,222,255,72,1,237,251,0,6,145,0,247,250,8,192,0,141,1,25,1,28,0,121,0,52,0,23,0,15,0,12,
0,117,252,23,5,214,255,72,1,237,251,0,6,145,0,247,250,8,190,0,141,1,25,1,28,0,120,0,52,0,23,0,15,0,12,
0,85,252,253,4,238,255,72,1,237,251,0,6,222,2,184,249,8,190,0,142,1,25,1,28,0,119,0,51,0,23,0,14,0,12,
0,85,252,253,4,238,255,72,1,237,251,0,6,182,1,91,250,58,187,0,142,1,25,1,27,0,120,0,52,0,23,0,15,0,12,
0,86,252,224,4,253,255,72,1,237,251,0,6,169,2,20,251,221,193,0,142,1,26,1,28,0,119,0,51,0,22,0,14,0,11,
0,79,252,204,4,37,0,72,1,237,251,0,6,169,2,63,250,70,188,0,142,1,26,1,27,0,119,0,52,0,23,0,15,0,11,
0,79,252,204,4,84,0,151,1,183,251,164,7,129,3,63,250,70,188,0,143,1,26,1,27,0,119,0,51,0,22,0,14,0,11,
0,81,252,146,4,84,0,151,1,183,251,164,7,190,2,164,250,218,189,0,144,1,26,1,27,0,119,0,51,0,22,0,14,0,11,
0,100,252,74,4,111,0,151,1,183,251,164,7,115,2,38,251,195,190,0,144,1,27,1,26,0,119,0,51,0,23,0,15,0,12,
0,89,252,226,3,131,0,151,1,183,251,164,7,149,3,153,250,90,190,0,145,1,27,1,27,0,118,0,51,0,22,0,14,0,11,
0,89,252,226,3,131,0,151,1,183,251,164,7,149,3,153,250,233,188,0,145,1,27,1,25,0,119,0,52,0,23,0,14,0,12,
0,72,252,173,3,127,0,151,1,183,251,164,7,169,2,187,250,233,188,0,146,1,27,1,25,0,119,0,51,0,23,0,15,0,12,
0,66,252,114,3,138,0,151,1,183,251,164,7,175,2,242,250,78,190,0,147,1,27,1,25,0,118,0,51,0,23,0,14,0,12,
0,59,252,40,3,154,0,151,1,183,251,164,7,36,3,210,250,183,190,0,148,1,28,1,24,0,118,0,51,0,23,0,14,0,12,
0,59,252,40,3,154,0,151,1,183,251,164,7,7,3,49,250,249,188,0,150,1,28,1,24,0,118,0,55,0,23,0,14,0,11,
0,86,252,242,2,167,0,151,1,183,251,164,7,7,3,49,250,249,188,0,151,1,28,1,23,0,118,0,54,0,24,0,14,0,11,
0,59,252,218,2,207,0,88,1,191,251,95,6,94,2,37,251,161,192,0,152,1,28,1,23,0,118,0,54,0,24,0,14,0,12,
0,59,252,168,2,238,0,88,1,191,251,95,6,7,4,204,250,150,191,0,155,1,28,1,22,0,117,0,53,0,23,0,14,0,11,
0,59,252,168,2,238,0,88,1,191,251,95,6,121,3,67,250,41,187,0,157,1,28,1,22,0,117,0,52,0,23,0,14,0,11,
0,53,252,84,2,21,1,88,1,191,251,95,6,121,3,67,251,214,191,0,159,1,28,1,21,0,117,0,52,0,24,0,15,0,12,
0,3,252,209,1,44,1,88,1,191,251,95,6,189,2,88,251,214,191,0,161,1,28,1,20,0,117,0,52,0,23,0,15,0,12,
0,3,252,209,1,44,1,88,1,191,251,95,6,175,4,188,250,239,191,0,164,1,28,1,20,0,116,0,51,0,23,0,15,0,12,
0,19,252,111,1,44,1,88,1,191,251,95,6,26,3,83,250,221,187,0,168,1,27,1,19,0,116,0,51,0,22,0,14,0,11,
0,46,252,30,1,64,1,88,1,191,251,95,6,144,1,76,251,70,191,0,171,1,27,1,19,0,115,0,50,0,22,0,14,0,11,
0,42,252,214,0,76,1,88,1,191,251,95,6,144,1,76,251,70,191,0,173,1,27,1,18,0,116,0,51,0,23,0,15,0,12,
0,42,252,214,0,76,1,88,1,191,251,95,6,241,2,231,250,40,193,0,177,1,27,1,17,0,115,0,50,0,23,0,14,0,11,
0,59,252,155,0,102,1,88,1,197,251,136,7,128,3,45,250,121,189,0,180,1,27,1,16,0,115,0,50,0,23,0,14,0,12,
0,105,252,104,0,121,1,16,1,197,251,136,7,100,2,171,250,65,190,0,184,1,26,1,16,0,115,0,50,0,22,0,14,0,11,
0,99,252,44,0,110,1,16,1,197,251,136,7,100,2,54,251,59,193,0,188,1,26,1,15,0,114,0,49,0,21,0,14,0,12,
0,99,252,44,0,110,1,16,1,197,251,136,7,144,2,54,251,59,193,0,191,1,26,1,15,0,113,0,49,0,20,0,14,0,11,
0,78,252,228,255,112,1,16,1,197,251,136,7,172,3,117,250,209,189,0,195,1,25,1,13,0,114,0,49,0,21,0,14,0,12,
0,48,252,141,255,138,1,16,1,197,251,136,7,216,2,198,250,14,191,0,199,1,25,1,12,0,113,0,49,0,22,0,14,0,11,
0,75,252,56,255,142,1,16,1,197,251,136,7,240,2,233,250,87,192,0,203,1,25,1,12,0,112,0,48,0,21,0,14,0,11,
0,75,252,56,255,142,1,16,1,197,251,136,7,240,2,233,250,222,190,0,206,1,24,1,10,0,113,0,49,0,22,0,14,0,12,
0,120,252,225,254,153,1,16,1,197,251,136,7,144,3,235,250,222,190,0,210,1,24,1,9,0,111,0,48,0,21,0,13,0,11,
0,108,252,129,254,165,1,16,1,197,251,136,7,140,1,61,251,43,191,0,213,1,23,1,8,0,112,0,49,0,22,0,14,0,12,
0,108,252,129,254,179,1,16,1,197,251,136,7,246,2,69,251,141,192,0,216,1,23,1,7,0,111,0,48,0,21,0,14,0,12,
0,80,252,42,254,179,1,139,1,127,251,130,6,246,2,139,250,108,190,0,220,1,23,1,6,0,111,0,48,0,21,0,14,0,11,
0,47,252,253,253,180,1,139,1,127,251,130,6,157,2,139,250,108,190,0,223,1,23,1,4,0,110,0,47,0,20,0,13,0,11,
0,94,252,193,253,203,1,139,1,127,251,130,6,16,1,196,250,238,189,0,226,1,22,1,3,0,110,0,48,0,22,0,14,0,12,
0,94,252,193,253,203,1,139,1,127,251,130,6,68,1,26,251,179,192,0,229,1,22,1,1,0,109,0,47,0,21,0,14,0,11,
0,103,252,113,253,206,1,139,1,127,251,130,6,102,2,238,250,239,192,0,233,1,21,1,0,0,108,0,47,0,21,0,14,0,11,
0,97,252,62,253,173,1,139,1,127,251,130,6,102,2,238,250,62,189,0,236,1,21,0,255,0,107,0,47,0,22,0,14,0,11,
0,78,252,37,253,183,1,139,1,127,251,130,6,235,1,135,250,62,189,0,239,1,21,0,254,0,107,0,46,0,22,0,14,0,11,
0,78,252,37,253,183,1,139,1,127,251,130,6,193,255,129,251,78,190,0,242,1,21,0,253,0,107,0,46,0,22,0,14,0,12,
0,83,252,245,252,198,1,139,1,127,251,130,6,70,1,187,251,208,194,0,245,1,20,0,251,0,106,0,46,0,21,0,14,0,11,
0,109,252,202,252,213,1,139,1,127,251,130,6,20,2,228,250,249,189,0,248,1,20,0,250,0,105,0,45,0,21,0,14,0,12,
0,143,252,131,252,230,1,89,1,178,251,229,5,20,2,228,250,249,189,0,251,1,20,0,250,0,104,0,45,0,20,0,13,0,11,
0,143,252,131,252,230,1,89,1,178,251,229,5,100,0,79,251,23,190,0,254,1,19,0,248,0,104,0,45,0,21,0,14,0,11,
0,174,252,64,252,240,1,89,1,178,251,229,5,79,255,58,252,16,194,1,1,1,20,0,247,0,103,0,44,0,20,0,13,0,11,
0,170,252,41,252,33,2,89,1,178,251,229,5,194,0,109,251,155,192,1,3,1,19,0,246,0,103,0,44,0,21,0,14,0,11,
0,170,252,41,252,25,2,89,1,178,251,229,5,194,0,33,251,86,189,1,6,1,19,0,246,0,102,0,44,0,21,0,14,0,12,
0,184,252,252,251,25,2,89,1,178,251,229,5,38,255,33,251,86,189,1,9,1,19,0,245,0,102,0,43,0,20,0,13,0,11,
0,201,252,230,251,13,2,89,1,178,251,229,5,51,254,195,251,16,192,1,11,1,18,0,244,0,102,0,44,0,21,0,14,0,12,
0,208,252,195,251,19,2,89,1,178,251,229,5,67,255,215,251,17,193,1,14,1,19,0,244,0,101,0,43,0,20,0,13,0,11,
0,208,252,195,251,19,2,89,1,178,251,229,5,44,255,97,251,210,190,1,16,1,18,0,242,0,101,0,44,0,21,0,14,0,12,
0,248,252,172,251,48,2,89,1,178,251,229,5,44,255,97,251,14,191,1,19,1,18,0,242,0,100,0,44,0,21,0,14,0,12,
0,248,252,158,251,85,2,107,1,131,251,210,5,43,254,209,251,14,191,1,21,1,18,0,241,0,100,0,43,0,20,0,13,0,11,
0,250,252,144,251,102,2,107,1,131,251,210,5,204,253,83,252,69,192,1,24,1,18,0,241,0,99,0,42,0,19,0,13,0,11,
0,250,252,144,251,102,2,107,1,131,251,210,5,212,253,43,252,85,193,1,26,1,17,0,240,0,99,0,43,0,20,0,14,0,11,
0,2,253,136,251,109,2,107,1,131,251,210,5,212,253,250,251,200,191,1,28,1,17,0,239,0,99,0,43,0,18,0,13,0,11,
0,8,253,114,251,118,2,107,1,131,251,210,5,24,254,250,251,200,191,1,30,1,17,0,239,0,98,0,43,0,18,0,13,0,11,
0,31,253,91,251,87,2,107,1,131,251,210,5,174,253,149,251,3,191,1,32,1,17,0,238,0,98,0,42,0,18,0,12,0,11,
0,31,253,91,251,87,2,107,1,131,251,210,5,165,252,183,251,13,190,1,34,1,17,0,238,0,97,0,41,0,18,0,12,0,11,
0,60,253,127,251,94,2,107,1,131,251,210,5,85,252,92,252,205,192,1,35,1,16,0,237,0,98,0,42,0,19,0,13,0,11,
0,62,253,136,251,99,2,107,1,131,251,210,5,85,252,92,252,191,192,1,36,1,17,0,237,0,97,0,42,0,19,0,13,0,11,
0,62,253,136,251,116,2,107,1,131,251,210,5,241,252,218,251,191,192,1,37,1,16,0,236,0,97,0,41,0,19,0,13,0,11,
0,36,253,152,251,116,2,151,1,104,251,64,6,112,253,81,251,171,190,1,39,1,16,0,236,0,96,0,41,0,18,0,12,0,11,
0,67,253,139,251,112,2,151,1,104,251,64,6,78,252,162,251,101,190,1,40,1,17,0,236,0,96,0,41,0,19,0,13,0,11,
0,128,253,141,251,78,2,151,1,104,251,64,6,103,251,102,252,125,192,1,41,1,16,0,236,0,96,0,40,0,18,0,12,0,11,
0,128,253,141,251,78,2,151,1,104,251,64,6,103,251,102,252,125,192,1,42,1,16,0,236,0,96,0,41,0,19,0,13,0,11,
0,117,253,160,251,86,2,151,1,104,251,64,6,227,251,55,252,71,194,1,42,1,16,0,235,0,96,0,41,0,19,0,13,0,11,
0,129,253,183,251,105,2,151,1,104,251,64,6,127,252,137,251,86,190,1,43,1,16,0,235,0,96,0,41,0,18,0,12,0,11,
0,159,253,237,251,100,2,151,1,104,251,64,6,211,250,215,251,221,189,1,43,1,15,0,235,0,95,0,40,0,18,0,13,0,11,
0,159,253,237,251,100,2,151,1,104,251,64,6,211,250,215,252,82,193,1,44,1,15,0,235,0,95,0,40,0,17,0,12,0,11,
0,150,253,2,252,96,2,151,1,104,251,64,6,79,250,91,252,82,193,1,43,1,15,0,234,0,96,0,41,0,19,0,13,0,11,
0,170,253,20,252,92,2,151,1,104,251,64,6,253,251,161,251,223,192,1,43,1,14,0,234,0,95,0,41,0,18,0,13,0,11,
0,205,253,20,252,113,2,151,1,104,251,64,6,184,250,48,251,30,190,1,43,1,14,0,234,0,95,0,40,0,18,0,13,0,11,
0,205,253,73,252,113,2,160,1,137,251,76,6,45,250,132,251,140,191,1,44,1,14,0,233,0,95,0,40,0,18,0,12,0,11,
0,251,253,126,252,124,2,160,1,137,251,76,6,45,250,132,251,140,191,1,43,1,14,0,233,0,95,0,41,0,18,0,13,0,11,
0,10,254,204,252,121,2,160,1,137,251,76,6,171,250,9,252,39,194,1,43,1,14,0,233,0,95,0,40,0,19,0,13,0,11,
0,10,254,204,252,106,2,160,1,137,251,76,6,138,251,147,251,85,192,1,42,1,14,0,233,0,94,0,35,0,17,0,13,0,12,
0,32,254,246,252,106,2,160,1,137,251,76,6,171,250,63,251,152,190,1,43,1,14,0,233,0,94,0,36,0,16,0,13,0,11,
0,62,254,20,253,84,2,160,1,137,251,76,6,171,250,184,251,165,191,1,43,1,14,0,233,0,94,0,36,0,16,0,12,0,11,
0,71,254,68,253,63,2,160,1,137,251,76,6,141,249,184,251,165,191,1,42,1,13,0,233,0,94,0,38,0,17,0,13,0,11,
0,71,254,68,253,63,2,160,1,137,251,76,6,15,250,66,252,211,194,1,42,1,13,0,233,0,94,0,38,0,17,0,12,0,11,
0,84,254,84,253,60,2,160,1,137,251,76,6,214,250,49,251,40,191,1,42,1,13,0,233,0,94,0,38,0,17,0,12,0,11,
0,124,254,156,253,75,2,160,1,137,251,76,6,53,249,152,251,143,191,1,41,1,13,0,233,0,94,0,39,0,17,0,12,0,11,
0,131,254,229,253,83,2,230,1,51,251,199,6,53,249,152,251,5,193,1,41,1,12,0,233,0,94,0,38,0,17,0,12,0,11,
0,131,254,229,253,83,2,230,1,51,251,199,6,187,249,190,251,5,193,1,41,1,11,0,232,0,94,0,40,0,18,0,13,0,11,
0,127,254,23,254,24,2,230,1,51,251,199,6,71,250,57,251,150,191,1,40,1,12,0,232,0,94,0,40,0,18,0,13,0,11,
0,112,254,85,254,41,2,230,1,51,251,199,6,224,249,125,251,249,190,1,40,1,11,0,233,0,94,0,40,0,18,0,13,0,11,
0,87,254,85,254,62,2,230,1,51,251,199,6,224,249,250,251,33,193,1,40,1,11,0,233,0,94,0,40,0,17,0,13,0,11,
0,87,254,132,254,62,2,230,1,51,251,199,6,104,250,250,251,33,193,1,40,1,11,0,233,0,94,0,40,0,17,0,12,0,11,
0,107,254,153,254,62,2,230,1,51,251,199,6,164,250,189,251,61,192,1,39,1,10,0,233,0,94,0,40,0,18,0,13,0,12,
0,140,254,172,254,49,2,230,1,51,251,199,6,186,250,213,251,27,192,1,38,1,10,0,233,0,94,0,40,0,18,0,13,0,11,
0,140,254,172,254,30,2,230,1,51,251,199,6,107,250,193,251,41,192,1,38,1,9,0,233,0,94,0,40,0,18,0,13,0,11,
0,215,254,199,254,30,2,230,1,51,251,199,6,107,250,193,251,210,192,1,38,1,9,0,233,0,94,0,40,0,17,0,12,0,11,
0,202,254,12,255,40,2,233,1,103,251,220,6,46,251,58,252,210,192,1,38,1,9,0,234,0,94,0,40,0,17,0,12,0,11,
0,220,254,92,255,29,2,233,1,103,251,220,6,105,250,83,252,109,192,1,38,1,8,0,234,0,95,0,40,0,18,0,13,0,11,
0,220,254,92,255,29,2,233,1,103,251,220,6,10,251,35,252,212,192,1,37,1,8,0,234,0,95,0,40,0,18,0,12,0,11,
0,224,254,158,255,38,2,233,1,103,251,220,6,106,251,35,252,67,192,1,37,1,8,0,234,0,95,0,40,0,18,0,13,0,11,
0,11,255,186,255,34,2,233,1,103,251,220,6,106,251,35,252,67,192,1,36,1,8,0,234,0,95,0,43,0,18,0,13,0,11,
0,35,255,246,255,21,2,233,1,103,251,220,6,28,251,255,251,138,190,1,36,1,8,0,235,0,94,0,43,0,18,0,12,0,10,
0,35,255,246,255,21,2,233,1,103,251,220,6,255,250,197,252,239,192,1,36,1,8,0,235,0,95,0,43,0,19,0,12,0,11,
0,30,255,43,0,15,2,233,1,103,251,220,6,216,251,203,252,17,194,1,36,1,8,0,235,0,95,0,42,0,19,0,13,0,11,
0,0,255,59,0,27,2,233,1,103,251,220,6,216,251,207,252,234,191,1,35,1,7,0,235,0,95,0,42,0,19,0,13,0,11,
0,228,254,59,0,15,2,233,1,103,251,220,6,233,252,207,252,234,191,1,35,1,7,0,236,0,95,0,40,0,18,0,12,0,11,
0,228,254,111,0,15,2,157,1,117,251,130,6,153,251,18,253,182,190,1,35,1,7,0,237,0,95,0,40,0,18,0,12,0,11,
0,236,254,148,0,5,2,157,1,117,251,130,6,51,252,11,253,95,193,1,35,1,6,0,237,0,95,0,41,0,19,0,13,0,11,
0,67,255,158,0,254,1,157,1,117,251,130,6,251,252,39,253,205,193,1,34,1,6,0,237,0,95,0,41,0,18,0,13,0,11,
0,67,255,158,0,20,2,157,1,117,251,130,6,251,252,39,253,205,191,1,34,1,6,0,238,0,96,0,41,0,18,0,13,0,11,
0,88,255,188,0,20,2,157,1,117,251,130,6,150,253,194,252,179,191,1,34,1,6,0,238,0,95,0,40,0,18,0,13,0,11,
0,95,255,226,0,15,2,157,1,117,251,130,6,158,252,237,252,169,190,1,34,1,5,0,238,0,96,0,41,0,19,0,13,0,11,
0,106,255,254,0,11,2,157,1,117,251,130,6,120,252,41,253,42,192,1,34,1,6,0,239,0,96,0,40,0,18,0,13,0,11,
0,106,255,254,0,11,2,157,1,117,251,130,6,120,252,84,253,220,192,1,33,1,6,0,239,0,97,0,41,0,19,0,13,0,12,
0,135,255,21,1,3,2,157,1,117,251,130,6,194,253,84,253,220,192,1,33,1,6,0,240,0,97,0,41,0,20,0,13,0,11,
0,153,255,34,1,15,2,157,1,117,251,130,6,132,254,5,253,3,191,1,33,1,6,0,241,0,96,0,41,0,20,0,13,0,11,
0,154,255,64,1,7,2,157,1,117,251,130,6,168,253,159,253,37,191,1,32,1,6,0,240,0,97,0,41,0,20,0,14,0,12,
0,154,255,64,1,7,2,152,1,109,251,16,5,93,254,184,253,12,193,1,32,1,6,0,241,0,97,0,41,0,19,0,13,0,11,
0,173,255,84,1,228,1,152,1,109,251,16,5,93,254,184,253,29,192,1,32,1,5,0,241,0,98,0,41,0,20,0,14,0,12,
0,187,255,102,1,217,1,152,1,109,251,16,5,159,255,249,252,29,192,1,32,1,6,0,242,0,97,0,41,0,19,0,13,0,11,
0,187,255,102,1,1,2,152,1,109,251,16,5,18,255,57,253,7,191,1,32,1,6,0,243,0,97,0,41,0,20,0,13,0,11,
0,210,255,137,1,1,2,152,1,109,251,16,5,237,254,132,253,57,193,1,32,1,6,0,243,0,98,0,41,0,19,0,13,0,11,
0,249,255,143,1,253,1,152,1,109,251,16,5,169,255,7,253,93,192,1,32,1,6,0,243,0,98,0,41,0,19,0,13,0,11,
0,18,0,172,1,255,1,152,1,109,251,16,5,169,255,7,253,93,192,1,32,1,6,0,243,0,99,0,41,0,20,0,13,0,11,
0,18,0,172,1,6,2,152,1,109,251,16,5,119,255,2,253,191,191,1,32,1,6,0,243,0,99,0,41,0,19,0,13,0,11,
0,46,0,168,1,6,2,152,1,109,251,16,5,13,255,59,253,191,192,1,33,1,6,0,243,0,98,0,41,0,19,0,13,0,11,
0,56,0,176,1,13,2,152,1,109,251,16,5,133,0,249,252,65,193,1,33,1,6,0,244,0,99,0,42,0,20,0,13,0,11,
0,61,0,190,1,22,2,123,1,169,251,211,5,133,0,249,252,108,192,1,34,1,7,0,245,0,99,0,41,0,19,0,13,0,11,
0,61,0,190,1,22,2,123,1,169,251,211,5,130,255,226,252,108,192,1,33,1,7,0,245,0,99,0,42,0,20,0,13,0,11,
0,45,0,190,1,8,2,123,1,169,251,211,5,201,255,249,252,169,193,1,33,1,8,0,246,0,100,0,42,0,20,0,13,0,11,
0,30,0,209,1,1,2,123,1,169,251,211,5,218,0,179,252,229,192,1,34,1,8,0,246,0,100,0,42,0,19,0,13,0,11,
0,61,0,213,1,6,2,123,1,169,251,211,5,146,0,137,252,245,190,1,34,1,8,0,246,0,100,0,42,0,19,0,13,0,11,
0,61,0,213,1,6,2,123,1,169,251,211,5,146,0,137,252,245,190,1,34,1,8,0,245,0,100,0,43,0,20,0,14,0,12,
0,105,0,194,1,29,2,123,1,169,251,211,5,47,0,142,252,71,192,1,34,1,8,0,245,0,100,0,43,0,20,0,13,0,11,
0,110,0,139,1,38,2,123,1,169,251,211,5,220,0,195,252,162,194,1,35,1,8,0,245,0,100,0,43,0,20,0,14,0,11,
0,110,0,139,1,39,2,123,1,169,251,211,5,153,1,48,252,123,193,1,35,1,6,0,245,0,100,0,42,0,20,0,14,0,12,
0,100,0,112,1,39,2,123,1,169,251,211,5,153,1,253,251,133,192,1,35,1,7,0,246,0,100,0,42,0,20,0,13,0,11,
0,70,0,99,1,74,2,114,1,117,251,67,6,164,1,253,251,133,192,1,36,1,8,0,247,0,100,0,42,0,19,0,13,0,11,
0,73,0,83,1,79,2,114,1,117,251,67,6,69,1,223,251,5,192,1,35,1,8,0,247,0,101,0,43,0,20,0,13,0,11,
0,73,0,83,1,51,2,114,1,117,251,67,6,181,0,150,251,11,192,1,35,1,8,0,247,0,100,0,42,0,19,0,13,0,11,
0,60,0,75,1,51,2,114,1,117,251,67,6,162,0,197,251,59,194,1,35,1,9,0,247,0,101,0,42,0,19,0,13,0,11,
0,76,0,42,1,65,2,114,1,117,251,67,6,162,0,197,251,244,193,1,35,1,8,0,246,0,101,0,43,0,20,0,14,0,11,
0,82,0,24,1,90,2,114,1,117,251,67,6,222,1,220,251,244,193,1,36,1,9,0,246,0,100,0,42,0,19,0,13,0,11,
0,82,0,24,1,90,2,114,1,117,251,67,6,64,2,122,251,110,193,1,36,1,8,0,244,0,100,0,43,0,20,0,13,0,11,
0,73,0,19,1,108,2,114,1,117,251,67,6,176,1,6,251,171,191,1,36,1,8,0,244,0,100,0,43,0,20,0,13,0,11,
0,76,0,221,0,115,2,114,1,117,251,67,6,176,1,77,251,15,194,1,36,1,8,0,246,0,100,0,42,0,19,0,13,0,11,
0,93,0,178,0,119,2,114,1,117,251,67,6,174,1,77,251,15,194,1,36,1,8,0,246,0,100,0,42,0,19,0,13,0,11,
0,93,0,178,0,119,2,175,1,68,251,224,6,68,2,84,251,143,195,1,35,1,8,0,246,0,100,0,43,0,20,0,14,0,11,
0,130,0,131,0,123,2,175,1,68,251,224,6,68,2,151,250,233,192,1,35,1,8,0,245,0,100,0,42,0,20,0,13,0,11,
0,133,0,115,0,101,2,175,1,68,251,224,6,42,1,167,250,73,192,1,36,1,9,0,243,0,99,0,42,0,19,0,13,0,11,
0,133,0,115,0,87,2,175,1,68,251,224,6,42,1,167,250,130,194,1,37,1,8,0,241,0,100,0,42,0,20,0,13,0,11,
0,128,0,79,0,87,2,175,1,68,251,224,6,56,1,61,251,130,194,1,37,1,8,0,241,0,99,0,42,0,20,0,14,0,12,
0,130,0,54,0,105,2,175,1,68,251,224,6,129,2,35,251,222,194,1,38,1,8,0,241,0,99,0,42,0,20,0,13,0,11,
0,112,0,49,0,115,2,175,1,68,251,224,6,22,2,98,250,240,191,1,37,1,8,0,241,0,99,0,43,0,20,0,14,0,12,
0,112,0,49,0,115,2,175,1,68,251,224,6,0,1,157,250,158,192,1,37,1,8,0,241,0,99,0,42,0,20,0,14,0,12,
0,107,0,38,0,133,2,175,1,68,251,224,6,0,1,157,250,158,192,1,38,1,8,0,240,0,98,0,41,0,19,0,13,0,11,
0,118,0,255,255,130,2,175,1,68,251,224,6,11,1,50,251,36,195,1,38,1,8,0,238,0,98,0,42,0,18,0,13,0,11,
0,97,0,199,255,89,2,175,1,68,251,235,5,124,2,31,251,167,195,1,40,1,8,0,237,0,97,0,41,0,17,0,12,0,11,
0,97,0,199,255,89,2,116,1,147,251,235,5,16,2,170,250,7,193,1,39,1,6,0,237,0,97,0,42,0,19,0,13,0,11,
0,61,0,163,255,92,2,116,1,147,251,235,5,16,2,167,250,29,193,1,40,1,7,0,237,0,97,0,41,0,17,0,12,0,11,
0,44,0,131,255,106,2,116,1,147,251,235,5,38,1,167,250,29,193,1,40,1,6,0,237,0,97,0,41,0,18,0,13,0,11,
0,56,0,57,255,105,2,116,1,147,251,235,5,190,0,129,251,184,195,1,40,1,6,0,236,0,96,0,41,0,18,0,13,0,11,
0,56,0,57,255,105,2,116,1,147,251,235,5,155,2,149,250,176,194,1,40,1,6,0,234,0,96,0,41,0,19,0,13,0,11,
0,89,0,24,255,98,2,116,1,147,251,235,5,20,2,163,250,139,191,1,40,1,5,0,233,0,96,0,41,0,18,0,12,0,11,
0,104,0,18,255,102,2,116,1,147,251,235,5,20,2,163,250,139,191,1,41,1,5,0,234,0,95,0,40,0,18,0,12,0,11,
0,104,0,18,255,82,2,116,1,147,251,235,5,250,255,153,251,93,194,1,40,1,5,0,232,0,95,0,40,0,18,0,12,0,11,
0,65,0,14,255,82,2,116,1,147,251,235,5,96,1,106,251,109,196,1,41,1,5,0,232,0,94,0,40,0,17,0,12,0,11,
0,49,0,253,254,97,2,116,1,147,251,235,5,167,2,243,250,111,193,1,41,1,4,0,231,0,95,0,41,0,18,0,13,0,11,
0,51,0,237,254,79,2,180,1,110,251,127,6,167,2,97,251,234,192,1,41,1,4,0,230,0,94,0,35,0,18,0,13,0,11,
0,51,0,237,254,79,2,180,1,110,251,127,6,144,1,97,251,234,192,1,42,1,4,0,230,0,94,0,36,0,17,0,13,0,12,
0,94,0,208,254,68,2,180,1,110,251,127,6,107,0,210,251,223,192,1,42,1,3,0,230,0,94,0,37,0,17,0,12,0,11,
0,92,0,179,254,66,2,180,1,110,251,127,6,114,1,239,251,248,195,1,43,1,3,0,229,0,93,0,37,0,16,0,12,0,11,
0,75,0,147,254,51,2,180,1,110,251,127,6,169,1,221,251,210,193,1,42,1,3,0,228,0,93,0,38,0,17,0,13,0,12,
0,75,0,147,254,51,2,180,1,110,251,127,6,169,1,221,251,111,192,1,42,1,2,0,227,0,93,0,38,0,17,0,13,0,11,
0,48,0,146,254,69,2,180,1,110,251,127,6,138,1,118,251,111,192,1,42,1,2,0,227,0,92,0,39,0,17,0,13,0,11,
0,38,0,103,254,84,2,180,1,110,251,127,6,60,0,64,252,171,191,1,42,1,2,0,227,0,92,0,38,0,17,0,13,0,11,
0,33,0,63,254,62,2,180,1,110,251,127,6,102,0,167,252,195,194,1,43,1,2,0,226,0,92,0,39,0,18,0,13,0,11,
0,33,0,63,254,62,2,180,1,110,251,127,6,102,1,100,252,205,193,1,43,1,2,0,226,0,92,0,38,0,17,0,12,0,11,
0,28,0,77,254,70,2,183,1,119,251,126,6,249,1,100,252,205,193,1,42,1,1,0,226,0,92,0,39,0,18,0,13,0,11,
0,75,0,96,254,55,2,183,1,119,251,126,6,2,1,94,252,207,192,1,42,1,1,0,226,0,91,0,39,0,18,0,13,0,11,
0,75,0,96,254,52,2,183,1,119,251,126,6,165,0,203,252,102,192,1,42,1,1,0,225,0,91,0,38,0,17,0,12,0,11,
0,67,0,122,254,52,2,183,1,119,251,126,6,141,0,9,253,174,192,1,42,1,1,0,224,0,91,0,39,0,17,0,13,0,11,
0,66,0,83,254,42,2,183,1,119,251,126,6,141,0,9,253,109,193,1,43,1,1,0,224,0,90,0,38,0,16,0,12,0,11,
0,83,0,56,254,29,2,183,1,119,251,126,6,113,0,231,252,109,193,1,42,1,0,0,224,0,91,0,38,0,17,0,12,0,11,
0,83,0,56,254,29,2,183,1,119,251,126,6,96,0,92,253,74,193,1,42,1,0,0,224,0,90,0,38,0,17,0,13,0,11,
0,71,0,68,254,13,2,183,1,119,251,126,6,162,0,105,253,72,193,1,42,1,0,0,224,0,90,0,38,0,17,0,12,0,11,
0,69,0,66,254,238,1,183,1,119,251,126,6,176,0,51,253,148,191,1,42,1,1,0,224,0,90,0,38,0,17,0,13,0,11,
0,101,0,32,254,227,1,183,1,119,251,126,6,176,0,51,253,148,191,1,43,1,0,0,223,0,89,0,37,0,18,0,12,0,11,
0,101,0,32,254,227,1,202,1,125,251,197,7,24,0,55,253,149,192,1,42,0,255,0,223,0,90,0,38,0,19,0,13,0,11,
0,108,0,248,253,232,1,202,1,125,251,197,7,32,0,92,253,118,192,1,42,0,255,0,223,0,90,0,42,0,20,0,13,0,11,
0,86,0,17,254,0,2,202,1,125,251,197,7,0,255,178,253,141,193,1,41,0,255,0,223,0,90,0,42,0,20,0,13,0,11,
0,100,0,49,254,20,2,202,1,125,251,197,7,0,255,147,253,120,194,1,41,0,255,0,223,0,89,0,41,0,20,0,13,0,11,
0,100,0,49,254,20,2,202,1,125,251,197,7,16,0,147,253,120,194,1,42,1,0,0,223,0,89,0,39,0,18,0,12,0,11,
0,126,0,44,254,245,1,202,1,125,251,197,7,18,1,41,253,26,192,1,41,0,255,0,222,0,90,0,40,0,19,0,13,0,11,
0,110,0,52,254,218,1,202,1,125,251,197,7,177,255,129,253,238,190,1,42,1,0,0,222,0,89,0,39,0,18,0,13,0,11,
0,110,0,52,254,206,1,202,1,125,251,197,7,41,255,21,254,91,193,1,41,0,255,0,222,0,89,0,39,0,18,0,13,0,11,
0,149,0,39,254,206,1,202,1,125,251,197,7,41,255,21,254,65,194,1,41,1,0,0,223,0,89,0,38,0,19,0,13,0,11,
0,169,0,41,254,187,1,202,1,125,251,197,7,239,255,244,253,65,194,1,41,1,0,0,223,0,89,0,38,0,18,0,13,0,11,
0,131,0,49,254,194,1,27,2,97,251,151,6,95,0,100,253,43,192,1,40,0,255,0,222,0,89,0,39,0,19,0,13,0,11,
0,131,0,49,254,194,1,27,2,97,251,151,6,133,255,59,253,68,191,1,41,0,255,0,222,0,89,0,38,0,18,0,13,0,11,
0,165,0,68,254,176,1,27,2,97,251,151,6,133,255,39,254,215,192,1,41,0,255,0,222,0,89,0,38,0,19,0,13,0,11,
0,164,0,51,254,161,1,27,2,97,251,151,6,43,254,39,254,215,192,1,41,0,255,0,222,0,89,0,38,0,18,0,13,0,11,
0,188,0,59,254,145,1,27,2,97,251,151,6,77,255,209,253,171,194,1,41,1,0,0,223,0,88,0,37,0,17,0,12,0,11,
0,188,0,59,254,145,1,27,2,97,251,151,6,29,0,51,253,89,192,1,41,0,255,0,222,0,89,0,38,0,18,0,13,0,11,
0,201,0,73,254,149,1,27,2,97,251,151,6,154,255,66,253,104,189,1,41,0,255,0,223,0,89,0,38,0,18,0,13,0,11,
0,187,0,95,254,168,1,27,2,97,251,151,6,154,255,66,253,241,191,1,41,0,255,0,224,0,89,0,37,0,16,0,12,0,11,
0,200,0,129,254,169,1,27,2,97,251,151,6,70,254,219,253,241,191,1,41,0,255,0,223,0,89,0,38,0,19,0,13,0,11,
0,200,0,129,254,169,1,27,2,97,251,151,6,97,255,244,253,229,193,1,41,0,255,0,224,0,89,0,37,0,16,0,12,0,11,
0,204,0,157,254,159,1,27,2,97,251,151,6,96,0,44,253,242,190,1,40,0,255,0,224,0,90,0,38,0,17,0,13,0,11,
0,228,0,176,254,134,1,209,1,161,251,54,6,56,255,81,253,160,190,1,40,0,254,0,225,0,90,0,38,0,17,0,13,0,11,
0,228,0,176,254,137,1,209,1,161,251,54,6,56,255,81,253,160,190,1,40,0,254,0,225,0,89,0,38,0,17,0,12,0,11,
0,8,1,173,254,137,1,209,1,161,251,54,6,180,254,221,253,160,191,1,40,0,254,0,225,0,90,0,38,0,17,0,13,0,11,
0,35,1,178,254,167,1,209,1,161,251,54,6,107,255,185,253,245,193,1,40,0,254,0,226,0,90,0,38,0,17,0,12,0,11,
0,14,1,172,254,160,1,209,1,161,251,54,6,124,0,66,253,173,191,1,39,0,254,0,226,0,91,0,38,0,17,0,13,0,11,
0,14,1,172,254,160,1,209,1,161,251,54,6,124,0,66,252,70,190,1,38,0,253,0,226,0,91,0,38,0,18,0,13,0,11,
0,19,1,196,254,125,1,209,1,161,251,54,6,169,255,177,252,70,190,1,37,0,253,0,226,0,90,0,38,0,17,0,12,0,11,
0,39,1,219,254,106,1,209,1,161,251,54,6,20,255,213,252,168,189,1,37,0,253,0,227,0,91,0,38,0,17,0,13,0,11,
0,23,1,215,254,102,1,209,1,161,251,54,6,212,254,128,253,209,192,1,37,0,253,0,227,0,91,0,38,0,17,0,12,0,11,
0,23,1,215,254,102,1,209,1,161,251,54,6,99,0,9,253,215,193,1,36,0,253,0,227,0,91,0,39,0,18,0,13,0,11,
0,244,0,222,254,112,1,235,1,116,251,110,6,99,0,9,253,215,193,1,35,0,252,0,227,0,91,0,38,0,17,0,12,0,11,
0,4,1,12,255,106,1,235,1,116,251,110,6,132,0,117,252,54,190,1,35,0,252,0,227,0,91,0,39,0,17,0,13,0,11,
0,233,0,12,255,89,1,235,1,116,251,110,6,123,254,3,253,27,190,1,33,0,252,0,228,0,91,0,39,0,17,0,13,0,11,
0,233,0,44,255,89,1,235,1,116,251,110,6,113,255,60,253,243,193,1,33,0,252,0,228,0,91,0,38,0,16,0,12,0,11,
0,238,0,46,255,88,1,235,1,116,251,110,6,113,255,51,252,159,191,1,32,0,251,0,228,0,91,0,39,0,17,0,13,0,11,
0,8,1,54,255,85,1,235,1,116,251,110,6,119,0,51,252,159,191,1,31,0,252,0,229,0,91,0,38,0,17,0,13,0,11,
0,8,1,54,255,115,1,235,1,116,251,110,6,153,255,52,252,106,189,1,30,0,252,0,228,0,91,0,38,0,17,0,12,0,11,
0,33,1,94,255,115,1,235,1,116,251,110,6,119,254,170,252,216,191,1,30,0,252,0,229,0,91,0,38,0,17,0,12,0,11,
0,86,1,114,255,80,1,235,1,116,251,110,6,61,255,161,252,98,194,1,28,0,252,0,229,0,92,0,39,0,18,0,13,0,11,
0,62,1,145,255,58,1,235,1,116,251,110,6,61,255,161,252,104,192,1,28,0,252,0,229,0,92,0,39,0,17,0,13,0,11,
0,62,1,145,255,58,1,223,1,151,251,41,6,164,0,184,251,104,192,1,27,0,252,0,229,0,92,0,39,0,18,0,13,0,11,
0,44,1,180,255,63,1,223,1,151,251,41,6,130,255,165,251,169,190,1,27,0,253,0,230,0,92,0,39,0,17,0,12,0,11,
0,60,1,194,255,81,1,223,1,151,251,41,6,58,254,245,251,237,191,1,26,0,253,0,230,0,92,0,39,0,17,0,12,0,11,
0,65,1,206,255,86,1,223,1,151,251,41,6,58,254,27,252,175,194,1,25,0,252,0,229,0,93,0,40,0,18,0,13,0,11,
0,65,1,206,255,86,1,223,1,151,251,41,6,172,255,27,252,175,194,1,25,0,252,0,230,0,92,0,40,0,18,0,13,0,11,
0,47,1,228,255,80,1,223,1,151,251,41,6,156,0,43,251,227,191,1,24,0,252,0,229,0,92,0,40,0,18,0,13,0,11,
0,48,1,236,255,56,1,223,1,151,251,41,6,249,254,85,251,153,189,1,24,0,252,0,230,0,92,0,39,0,17,0,12,0,11,
0,12,1,236,255,44,1,223,1,151,251,41,6,223,254,236,251,253,192,1,24,0,252,0,230,0,92,0,39,0,17,0,12,0,11,
0,12,1,255,255,44,1,223,1,151,251,41,6,223,254,236,251,199,192,1,23,0,252,0,230,0,93,0,40,0,18,0,13,0,11,
0,15,1,30,0,36,1,223,1,151,251,41,6,81,0,37,251,199,192,1,23,0,252,0,230,0,93,0,40,0,18,0,12,0,11,
0,37,1,26,0,73,1,240,1,159,251,171,6,113,255,7,251,244,189,1,22,0,252,0,229,0,93,0,40,0,18,0,13,0,11,
0,37,1,26,0,47,1,240,1,159,251,171,6,98,255,61,251,87,192,1,22,0,252,0,229,0,92,0,39,0,17,0,12,0,11,
0,13,1,29,0,47,1,240,1,159,251,171,6,84,0,6,251,119,193,1,22,0,252,0,229,0,92,0,39,0,17,0,12,0,11,
0,28,1,36,0,13,1,240,1,159,251,171,6,84,0,6,251,119,193,1,20,0,251,0,228,0,92,0,40,0,18,0,13,0,11,
0,45,1,46,0,28,1,240,1,159,251,171,6,3,0,59,251,162,191,1,20,0,252,0,228,0,92,0,39,0,17,0,13,0,11,
0,45,1,46,0,28,1,240,1,159,251,171,6,117,255,241,250,225,190,1,20,0,252,0,228,0,92,0,39,0,18,0,13,0,11,
0,24,1,77,0,92,1,240,1,159,251,171,6,5,0,16,251,104,191,1,19,0,252,0,228,0,91,0,38,0,17,0,12,0,11,
0,250,0,70,0,79,1,240,1,159,251,171,6,5,0,154,251,199,192,1,19,0,252,0,228,0,91,0,38,0,17,0,12,0,11,
0,237,0,59,0,24,1,240,1,159,251,171,6,185,255,154,251,199,192,1,17,0,251,0,227,0,92,0,39,0,18,0,13,0,11,
0,237,0,59,0,24,1,240,1,159,251,171,6,134,0,225,250,41,192,1,17,0,251,0,227,0,92,0,39,0,17,0,12,0,11,
0,203,0,63,0,30,1,240,1,159,251,171,6,236,0,194,250,126,190,1,16,0,251,0,227,0,92,0,39,0,18,0,13,0,11,
0,220,0,84,0,41,1,224,1,183,251,98,6,154,0,11,251,85,191,1,16,0,251,0,227,0,91,0,38,0,17,0,12,0,11,
0,220,0,84,0,54,1,224,1,183,251,98,6,154,0,11,251,85,191,1,16,0,251,0,227,0,91,0,38,0,17,0,12,0,11,
0,240,0,126,0,54,1,224,1,183,251,98,6,109,255,122,251,211,191,1,15,0,251,0,226,0,91,0,39,0,18,0,13,0,12,
0,208,0,150,0,32,1,224,1,183,251,98,6,16,0,197,251,23,194,1,16,0,251,0,226,0,91,0,39,0,17,0,13,0,11,
0,205,0,124,0,9,1,224,1,183,251,98,6,45,1,112,251,0,192,1,15,0,251,0,225,0,91,0,39,0,18,0,13,0,11,
0,205,0,124,0,250,0,224,1,183,251,98,6,45,1,25,251,21,190,1,15,0,251,0,226,0,91,0,39,0,17,0,12,0,11,
0,226,0,130,0,250,0,224,1,183,251,98,6,185,0,25,251,21,190,1,16,0,251,0,225,0,90,0,33,0,17,0,13,0,12,
0,247,0,134,0,4,1,224,1,183,251,98,6,57,255,80,251,209,190,1,15,0,251,0,225,0,90,0,34,0,16,0,12,0,11,
0,208,0,140,0,232,0,224,1,183,251,98,6,110,0,43,252,149,194,1,15,0,250,0,225,0,91,0,35,0,16,0,13,0,11,
0,208,0,140,0,232,0,224,1,183,251,98,6,230,1,226,250,130,190,1,16,0,250,0,225,0,91,0,36,0,17,0,13,0,11,
0,151,0,164,0,240,0,229,1,136,251,17,6,230,1,226,250,108,190,1,16,0,250,0,225,0,90,0,36,0,16,0,12,0,11,
0,132,0,212,0,229,0,229,1,136,251,17,6,105,0,132,251,108,190,1,16,0,250,0,225,0,91,0,37,0,17,0,12,0,11,
0,125,0,213,0,209,0,229,1,136,251,17,6,135,0,34,252,83,192,1,16,0,250,0,225,0,90,0,37,0,16,0,12,0,11,
0,125,0,213,0,209,0,229,1,136,251,17,6,21,1,165,251,9,193,1,16,0,250,0,225,0,91,0,38,0,17,0,12,0,11,
0,89,0,194,0,220,0,229,1,136,251,17,6,124,1,136,251,110,191,1,16,0,250,0,225,0,90,0,38,0,17,0,13,0,11,
0,110,0,180,0,217,0,229,1,136,251,17,6,124,1,136,251,110,191,1,16,0,250,0,225,0,91,0,38,0,17,0,13,0,11,
0,110,0,180,0,218,0,229,1,136,251,17,6,252,0,124,251,240,188,1,16,0,250,0,225,0,91,0,38,0,17,0,12,0,11,
0,151,0,200,0,218,0,229,1,136,251,17,6,7,0,51,252,35,191,1,17,0,250,0,225,0,89,0,37,0,16,0,12,0,11,
0,171,0,173,0,215,0,229,1,136,251,17,6,64,1,73,252,30,194,1,17,0,250,0,225,0,90,0,38,0,17,0,13,0,11,
0,144,0,183,0,196,0,229,1,136,251,17,6,64,1,73,252,70,190,1,17,0,250,0,226,0,91,0,38,0,17,0,13,0,11,
0,144,0,183,0,179,0,143,1,242,251,10,7,82,2,99,251,70,190,1,17,0,251,0,227,0,90,0,38,0,17,0,12,0,11,
0,97,0,186,0,179,0,143,1,242,251,10,7,248,0,231,251,89,190,1,18,0,251,0,227,0,91,0,38,0,17,0,12,0,11,
0,107,0,184,0,163,0,143,1,242,251,10,7,156,0,104,252,243,191,1,18,0,251,0,227,0,91,0,38,0,18,0,13,0,12,
0,99,0,154,0,147,0,143,1,242,251,10,7,96,1,70,252,204,193,1,18,0,251,0,227,0,91,0,38,0,17,0,13,0,11,
0,99,0,154,0,147,0,143,1,242,251,10,7,96,1,70,252,204,193,1,18,0,252,0,228,0,91,0,38,0,17,0,13,0,11,
0,114,0,121,0,178,0,143,1,242,251,10,7,52,2,165,251,33,189,1,18,0,251,0,228,0,91,0,38,0,17,0,13,0,11,
0,126,0,130,0,184,0,143,1,242,251,10,7,5,1,102,252,232,189,1,18,0,251,0,227,0,92,0,39,0,18,0,13,0,11,
0,132,0,130,0,151,0,143,1,242,251,10,7,151,0,131,252,142,192,1,19,0,251,0,228,0,91,0,38,0,17,0,12,0,11,
0,132,0,130,0,151,0,143,1,242,251,10,7,151,0,40,252,55,192,1,18,0,251,0,228,0,92,0,43,0,19,0,13,0,11,
0,131,0,149,0,144,0,143,1,242,251,10,7,6,2,40,252,55,192,1,18,0,251,0,228,0,92,0,42,0,19,0,12,0,11,
0,104,0,163,0,176,0,251,1,206,251,108,6,44,0,33,252,152,189,1,19,0,252,0,228,0,91,0,41,0,18,0,12,0,10,
0,104,0,163,0,176,0,251,1,206,251,108,6,74,1,140,252,191,192,1,18,0,252,0,228,0,92,0,41,0,19,0,13,0,11,
0,101,0,165,0,176,0,251,1,206,251,108,6,152,1,198,251,103,191,1,19,0,252,0,229,0,91,0,40,0,17,0,12,0,10,
0,111,0,165,0,155,0,251,1,206,251,108,6,152,1,198,251,64,191,1,18,0,252,0,228,0,92,0,40,0,18,0,13,0,11,
0,95,0,172,0,164,0,251,1,206,251,108,6,244,0,27,252,64,191,1,18,0,252,0,228,0,92,0,40,0,18,0,13,0,11,
0,95,0,172,0,167,0,251,1,206,251,108,6,195,0,19,252,10,191,1,18,0,253,0,228,0,91,0,39,0,17,0,12,0,11,
0,91,0,164,0,167,0,251,1,206,251,108,6,82,1,62,252,24,192,1,18,0,253,0,228,0,92,0,40,0,18,0,13,0,11,
0,126,0,152,0,162,0,251,1,206,251,108,6,82,1,207,251,192,190,1,18,0,253,0,228,0,91,0,39,0,17,0,12,0,11,
0,154,0,136,0,170,0,251,1,206,251,108,6,190,1,207,251,192,190,1,17,0,253,0,228,0,92,0,40,0,18,0,13,0,11,
0,154,0,136,0,170,0,251,1,206,251,108,6,198,0,39,252,227,190,1,17,0,254,0,228,0,91,0,39,0,17,0,12,0,11,
0,135,0,126,0,196,0,251,1,206,251,108,6,14,1,207,251,44,192,1,17,0,254,0,228,0,92,0,39,0,17,0,13,0,11,
0,89,0,149,0,170,0,217,1,224,251,213,5,252,0,207,251,245,191,1,17,0,254,0,228,0,92,0,39,0,17,0,13,0,11,
0,106,0,145,0,134,0,217,1,224,251,213,5,252,0,207,251,144,191,1,16,0,254,0,228,0,92,0,40,0,18,0,13,0,12,
0,106,0,145,0,134,0,217,1,224,251,213,5,78,1,120,251,144,191,1,16,0,254,0,228,0,92,0,40,0,18,0,13,0,11,
0,119,0,162,0,136,0,217,1,224,251,213,5,54,1,157,251,110,190,1,16,0,255,0,228,0,92,0,39,0,17,0,12,0,11,
0,142,0,172,0,180,0,217,1,224,251,213,5,168,0,178,251,244,191,1,15,0,254,0,228,0,92,0,39,0,17,0,13,0,11,
0,142,0,172,0,200,0,217,1,224,251,213,5,132,1,171,251,122,192,1,15,0,254,0,228,0,92,0,40,0,18,0,13,0,12,
0,111,0,172,0,200,0,217,1,224,251,213,5,132,1,171,251,122,192,1,14,0,255,0,228,0,92,0,39,0,17,0,12,0,11,
0,59,0,160,0,173,0,217,1,224,251,213,5,162,0,44,251,194,188,1,13,0,255,0,227,0,92,0,39,0,18,0,13,0,11,
0,65,0,169,0,152,0,217,1,224,251,213,5,22,0,207,251,2,193,1,13,0,255,0,227,0,92,0,39,0,18,0,13,0,11,
0,65,0,169,0,152,0,217,1,224,251,213,5,168,1,88,251,213,191,1,13,0,255,0,228,0,91,0,38,0,17,0,12,0,11,
0,56,0,175,0,171,0,241,1,168,251,225,6,168,1,45,251,161,190,1,12,0,255,0,227,0,92,0,39,0,18,0,13,0,11,
0,78,0,188,0,177,0,241,1,168,251,225,6,224,0,45,251,161,190,1,11,1,0,0,227,0,91,0,38,0,17,0,12,0,11,
0,42,0,186,0,180,0,241,1,168,251,225,6,14,0,46,251,128,189,1,11,0,255,0,226,0,92,0,39,0,18,0,13,0,11,
0,42,0,186,0,180,0,241,1,168,251,225,6,11,0,134,251,115,192,1,10,1,0,0,226,0,91,0,38,0,17,0,13,0,11,
0,58,0,187,0,186,0,241,1,168,251,225,6,147,1,3,251,104,192,1,10,1,0,0,227,0,91,0,38,0,17,0,12,0,11,
0,52,0,192,0,192,0,241,1,168,251,225,6,147,1,3,251,104,189,1,9,0,255,0,226,0,91,0,39,0,18,0,13,0,11,
0,32,0,209,0,213,0,241,1,168,251,225,6,32,1,207,250,95,189,1,9,1,0,0,226,0,91,0,38,0,17,0,12,0,11,
0,32,0,209,0,213,0,241,1,168,251,225,6,178,255,236,250,154,189,1,8,0,255,0,226,0,91,0,39,0,17,0,13,0,11,
0,40,0,178,0,217,0,241,1,168,251,225,6,197,255,120,251,26,192,1,8,0,255,0,225,0,91,0,39,0,18,0,13,0,11,
0,242,255,182,0,198,0,241,1,168,251,225,6,197,255,2,251,17,192,1,8,0,255,0,225,0,90,0,38,0,17,0,12,0,11,
0,242,255,182,0,223,0,164,1,230,251,148,6,216,0,2,251,17,192,1,8,0,255,0,225,0,91,0,39,0,18,0,13,0,11,
0,232,255,184,0,223,0,164,1,230,251,148,6,156,0,92,250,76,190,1,8,0,255,0,225,0,90,0,38,0,17,0,12,0,11,
0,30,0,198,0,230,0,164,1,230,251,148,6,151,254,220,250,140,188,1,7,0,255,0,224,0,91,0,39,0,18,0,13,0,11,
0,38,0,201,0,228,0,164,1,230,251,148,6,84,0,234,250,149,193,1,6,0,255,0,223,0,90,0,38,0,20,0,13,0,11,
0,38,0,201,0,228,0,164,1,230,251,148,6,84,0,234,250,188,188,1,6,0,255,0,223,0,90,0,38,0,19,0,13,0,11,
0,38,0,178,0,191,0,164,1,230,251,148,6,168,0,26,250,188,188,1,5,0,254,0,222,0,90,0,39,0,19,0,14,0,12,
0,5,0,208,0,181,0,164,1,230,251,148,6,201,254,133,250,25,189,1,5,0,255,0,222,0,89,0,38,0,18,0,13,0,11,
0,213,255,189,0,195,0,164,1,230,251,148,6,159,254,16,251,21,192,1,4,0,254,0,222,0,90,0,38,0,18,0,13,0,11,
0,213,255,189,0,195,0,164,1,230,251,148,6,84,0,14,250,236,190,1,4,0,254,0,221,0,89,0,38,0,19,0,13,0,11,
0,218,255,177,0,190,0,164,1,230,251,148,6,84,0,14,250,236,190,1,4,0,254,0,221,0,89,0,37,0,17,0,13,0,11,
0,228,255,169,0,190,0,155,1,253,251,160,6,180,255,55,250,166,188,1,3,0,254,0,220,0,89,0,38,0,18,0,13,0,11,
0,224,255,158,0,166,0,155,1,253,251,160,6,189,254,143,250,190,189,1,3,0,254,0,220,0,88,0,37,0,17,0,12,0,11,
0,224,255,158,0,166,0,155,1,253,251,160,6,33,255,252,250,59,193,1,1,0,254,0,219,0,89,0,38,0,18,0,13,0,11,
0,186,255,130,0,148,0,155,1,253,251,160,6,33,255,252,250,155,190,1,1,0,253,0,219,0,88,0,37,0,18,0,13,0,11,
0,160,255,129,0,156,0,155,1,253,251,160,6,63,0,62,250,155,190,1,1,0,254,0,219,0,88,0,37,0,17,0,12,0,11,
0,160,255,129,0,159,0,155,1,253,251,160,6,47,255,65,250,238,187,1,1,0,254,0,218,0,87,0,37,0,17,0,12,0,11,
0,179,255,105,0,159,0,155,1,253,251,160,6,103,254,129,250,206,189,1,0,0,253,0,218,0,87,0,37,0,18,0,13,0,11,
0,149,255,113,0,160,0,155,1,253,251,160,6,235,254,241,250,244,190,0,255,0,253,0,218,0,88,0,37,0,18,0,13,0,11,
0,163,255,121,0,140,0,155,1,253,251,160,6,235,254,241,250,244,190,0,255,0,253,0,218,0,87,0,37,0,17,0,12,0,11,
0,163,255,121,0,140,0,155,1,253,251,160,6,123,255,85,250,53,189,0,255,0,253,0,218,0,87,0,36,0,17,0,12,0,11,
0,200,255,132,0,110,0,155,1,195,251,55,6,216,254,57,250,219,187,0,254,0,252,0,217,0,87,0,37,0,18,0,13,0,11,
0,203,255,147,0,109,0,251,1,195,251,55,6,85,254,172,250,103,189,0,254,0,253,0,217,0,87,0,36,0,17,0,12,0,11,
0,174,255,156,0,118,0,251,1,195,251,55,6,85,254,224,250,41,190,0,253,0,252,0,217,0,87,0,37,0,18,0,13,0,11,
0,174,255,156,0,118,0,251,1,195,251,55,6,67,254,224,250,41,190,0,254,0,252,0,217,0,87,0,37,0,18,0,13,0,11,
0,141,255,160,0,127,0,251,1,195,251,55,6,161,254,232,250,188,191,0,254,0,252,0,218,0,87,0,37,0,17,0,12,0,11,
0,114,255,178,0,134,0,251,1,195,251,55,6,114,255,194,250,78,189,0,253,0,251,0,218,0,87,0,37,0,18,0,13,0,11,
0,127,255,169,0,106,0,251,1,195,251,55,6,18,255,85,250,17,188,0,253,0,252,0,219,0,87,0,36,0,17,0,12,0,11,
0,127,255,169,0,106,0,251,1,195,251,55,6,18,255,85,250,55,188,0,253,0,251,0,219,0,87,0,37,0,18,0,13,0,11,
0,106,255,192,0,49,0,251,1,195,251,55,6,154,254,124,250,55,188,0,253,0,251,0,219,0,87,0,37,0,18,0,13,0,11,
0,143,255,184,0,41,0,251,1,195,251,55,6,75,254,253,250,137,189,0,253,0,251,0,219,0,87,0,36,0,17,0,12,0,11,
0,143,255,184,0,60,0,251,1,195,251,55,6,175,254,250,250,21,190,0,253,0,250,0,219,0,87,0,37,0,18,0,13,0,11,
0,142,255,205,0,60,0,208,1,199,251,0,6,175,254,197,250,210,189,0,253,0,250,0,220,0,87,0,36,0,17,0,12,0,10,
0,145,255,179,0,55,0,208,1,199,251,0,6,250,254,197,250,210,189,0,252,0,250,0,220,0,87,0,36,0,17,0,12,0,11,
0,105,255,153,0,35,0,208,1,199,251,0,6,212,254,234,250,24,189,0,252,0,250,0,220,0,88,0,37,0,18,0,13,0,11,
0,105,255,153,0,35,0,208,1,199,251,0,6,24,255,254,250,205,188,0,252,0,251,0,221,0,87,0,31,0,16,0,13,0,12,
0,52,255,135,0,5,0,208,1,199,251,0,6,147,254,223,250,175,188,0,253,0,251,0,221,0,87,0,33,0,16,0,13,0,12,
0,43,255,150,0,0,0,208,1,199,251,0,6,147,254,223,250,174,188,0,252,0,250,0,221,0,87,0,33,0,16,0,12,0,11,
0,34,255,184,0,26,0,208,1,199,251,0,6,149,254,14,251,174,188,0,252,0,250,0,221,0,88,0,35,0,17,0,13,0,11,
0,34,255,184,0,26,0,208,1,199,251,0,6,199,254,164,251,235,189,0,251,0,250,0,221,0,88,0,35,0,17,0,13,0,11,
0,66,255,183,0,14,0,208,1,199,251,0,6,41,255,213,250,242,189,0,252,0,250,0,222,0,88,0,36,0,17,0,12,0,11,
0,79,255,186,0,238,255,208,1,199,251,0,6,255,254,143,250,35,188,0,251,0,250,0,222,0,88,0,36,0,18,0,13,0,12,
0,69,255,186,0,252,255,134,1,220,251,170,6,255,254,143,250,35,188,0,252,0,249,0,222,0,88,0,36,0,17,0,12,0,11,
0,69,255,189,0,252,255,134,1,220,251,170,6,236,254,231,250,85,188,0,251,0,249,0,222,0,89,0,37,0,17,0,13,0,11,
0,89,255,184,0,246,255,134,1,220,251,170,6,48,254,156,251,133,190,0,250,0,249,0,222,0,89,0,37,0,18,0,13,0,12,
0,93,255,182,0,234,255,134,1,220,251,170,6,179,255,35,251,7,190,0,250,0,249,0,223,0,89,0,37,0,17,0,13,0,11,
0,93,255,182,0,7,0,134,1,220,251,170,6,179,255,35,250,187,187,0,250,0,249,0,223,0,89,0,37,0,17,0,12,0,11,
0,106,255,151,0,7,0,134,1,220,251,170,6,5,255,235,250,187,187,0,249,0,249,0,223,0,89,0,38,0,18,0,13,0,12,
0,106,255,164,0,0,0,134,1,220,251,170,6,205,254,139,251,242,188,0,249,0,249,0,223,0,89,0,37,0,18,0,13,0,11,
0,72,255,156,0,222,255,134,1,220,251,170,6,86,255,162,251,94,190,0,249,0,249,0,223,0,89,0,38,0,18,0,13,0,11,
0,72,255,156,0,222,255,134,1,220,251,170,6,16,0,248,250,137,187,0,249,0,250,0,224,0,89,0,37,0,16,0,12,0,11,
0,50,255,152,0,205,255,134,1,220,251,170,6,16,0,248,250,137,187,0,249,0,250,0,225,0,89,0,37,0,16,0,12,0,10,
0,68,255,162,0,200,255,204,1,208,251,38,7,43,255,144,251,207,189,0,248,0,249,0,225,0,90,0,38,0,17,0,13,0,11,
0,76,255,155,0,181,255,204,1,208,251,38,7,117,255,5,251,189,189,0,248,0,249,0,225,0,90,0,37,0,17,0,12,0,11,
0,76,255,155,0,181,255,204,1,208,251,38,7,185,255,60,251,147,188,0,247,0,249,0,226,0,90,0,38,0,17,0,12,0,11,
0,83,255,152,0,180,255,204,1,208,251,38,7,185,255,98,251,46,188,0,247,0,249,0,227,0,90,0,38,0,16,0,12,0,11,
0,53,255,147,0,200,255,204,1,208,251,38,7,28,255,98,251,46,188,0,247,0,249,0,227,0,90,0,37,0,16,0,12,0,11,
0,81,255,147,0,179,255,204,1,208,251,38,7,90,255,162,251,59,190,0,247,0,249,0,227,0,91,0,42,0,18,0,12,0,11,
0,81,255,129,0,179,255,204,1,208,251,38,7,46,0,54,251,244,188,0,247,0,249,0,227,0,91,0,41,0,18,0,12,0,11,
0,88,255,155,0,180,255,204,1,208,251,38,7,138,255,123,251,9,188,0,247,0,249,0,228,0,91,0,41,0,18,0,12,0,11,
0,128,255,140,0,198,255,204,1,208,251,38,7,138,255,123,251,58,189,0,247,0,249,0,228,0,91,0,40,0,18,0,12,0,11,
0,128,255,140,0,203,255,204,1,208,251,38,7,4,255,130,251,58,189,0,246,0,249,0,229,0,91,0,40,0,18,0,13,0,11,
0,115,255,100,0,203,255,108,1,219,251,232,5,249,255,146,251,62,190,0,246,0,249,0,229,0,91,0,40,0,18,0,13,0,11,
0,100,255,93,0,166,255,108,1,219,251,232,5,218,255,99,251,240,189,0,245,0,249,0,229,0,92,0,40,0,19,0,13,0,11,
0,70,255,101,0,162,255,108,1,219,251,232,5,218,0,87,251,55,188,0,245,0,249,0,229,0,92,0,40,0,18,0,13,0,11,
0,70,255,101,0,162,255,108,1,219,251,232,5,62,0,87,251,55,188,0,245,0,249,0,229,0,92,0,40,0,18,0,13,0,11,
0,41,255,100,0,184,255,108,1,219,251,232,5,36,255,231,251,48,189,0,245,0,249,0,230,0,92,0,40,0,18,0,13,0,12,
0,16,255,95,0,198,255,108,1,219,251,232,5,98,255,246,251,136,190,0,245,0,249,0,230,0,92,0,39,0,17,0,12,0,11,
0,32,255,100,0,171,255,108,1,219,251,232,5,233,255,157,251,240,188,0,244,0,249,0,230,0,93,0,40,0,18,0,13,0,11,
0,32,255,100,0,171,255,108,1,219,251,232,5,233,255,157,251,208,188,0,244,0,249,0,230,0,93,0,39,0,18,0,13,0,11,
0,50,255,99,0,176,255,108,1,219,251,232,5,117,255,131,251,208,188,0,245,0,249,0,230,0,92,0,39,0,17,0,12,0,11,
0,66,255,82,0,179,255,108,1,219,251,232,5,47,255,195,251,99,189,0,244,0,249,0,230,0,92,0,39,0,18,0,13,0,11,
0,85,255,82,0,193,255,108,1,219,251,232,5,156,255,247,251,6,191,0,245,0,249,0,231,0,92,0,39,0,17,0,12,0,11,
0,85,255,75,0,193,255,160,1,176,251,77,6,5,0,130,251,229,189,0,244,0,249,0,230,0,93,0,39,0,17,0,13,0,11,
0,93,255,91,0,180,255,160,1,176,251,77,6,5,0,130,251,229,189,0,244,0,249,0,230,0,93,0,39,0,18,0,13,0,11,
0,124,255,90,0,174,255,160,1,176,251,77,6,20,0,105,251,213,188,0,245,0,249,0,231,0,92,0,39,0,17,0,12,0,11,
0,124,255,90,0,195,255,160,1,176,251,77,6,49,255,174,251,89,189,0,244,0,249,0,231,0,93,0,40,0,18,0,13,0,11,
0,146,255,59,0,195,255,160,1,176,251,77,6,71,255,110,251,153,188,0,245,0,249,0,231,0,92,0,39,0,17,0,12,0,11,
0,126,255,43,0,158,255,160,1,176,251,77,6,71,255,212,251,176,190,0,244,0,249,0,231,0,93,0,40,0,18,0,13,0,12,
0,109,255,57,0,146,255,160,1,176,251,77,6,153,255,212,251,176,190,0,244,0,249,0,231,0,93,0,40,0,18,0,13,0,11,
0,109,255,57,0,146,255,160,1,176,251,77,6,191,255,102,251,189,188,0,244,0,249,0,232,0,93,0,39,0,17,0,12,0,11,
0,85,255,49,0,186,255,160,1,176,251,77,6,239,254,159,251,195,188,0,244,0,249,0,231,0,93,0,40,0,18,0,13,0,11,
0,81,255,74,0,198,255,160,1,176,251,77,6,192,255,235,251,232,191,0,244,0,250,0,232,0,93,0,40,0,17,0,12,0,11,
0,91,255,72,0,219,255,150,1,181,251,86,6,192,255,235,251,57,189,0,244,0,249,0,232,0,94,0,40,0,18,0,13,0,11,
0,91,255,72,0,219,255,150,1,181,251,86,6,211,255,62,251,57,189,0,244,0,250,0,232,0,94,0,40,0,18,0,13,0,11,
0,95,255,96,0,204,255,150,1,181,251,86,6,171,254,14,251,234,187,0,243,0,250,0,232,0,94,0,40,0,18,0,13,0,11,
0,83,255,52,0,212,255,150,1,181,251,86,6,163,254,174,251,40,190,0,243,0,250,0,232,0,94,0,40,0,18,0,13,0,11,
0,83,255,52,0,199,255,150,1,181,251,86,6,163,254,120,251,43,190,0,243,0,251,0,233,0,93,0,39,0,17,0,12,0,11,
0,76,255,43,0,199,255,150,1,181,251,86,6,254,255,120,251,43,190,0,243,0,250,0,232,0,94,0,40,0,18,0,13,0,11,
0,84,255,69,0,183,255,150,1,181,251,86,6,99,0,247,250,248,187,0,243,0,251,0,232,0,94,0,40,0,18,0,13,0,11,
0,86,255,64,0,203,255,150,1,181,251,86,6,171,254,141,251,59,188,0,243,0,251,0,232,0,94,0,40,0,17,0,12,0,11,
0,86,255,64,0,175,255,150,1,181,251,86,6,60,0,157,251,17,192,0,243,0,251,0,232,0,94,0,40,0,18,0,13,0,11,
0,92,255,88,0,175,255,150,1,181,251,86,6,60,0,157,251,43,189,0,243,0,252,0,233,0,93,0,39,0,17,0,12,0,11,
0,94,255,131,0,156,255,121,1,48,252,99,6,127,0,3,251,43,189,0,242,0,252,0,232,0,94,0,40,0,18,0,12,0,11,
0,128,255,89,0,119,255,121,1,48,252,99,6,194,255,34,251,72,188,0,242,0,252,0,232,0,94,0,40,0,18,0,13,0,11,
0,128,255,89,0,119,255,121,1,48,252,99,6,219,254,63,251,185,187,0,242,0,253,0,233,0,94,0,40,0,17,0,13,0,11,
0,109,255,74,0,116,255,121,1,48,252,99,6,89,255,203,251,242,189,0,243,0,253,0,233,0,94,0,40,0,18,0,13,0,11,
0,121,255,57,0,132,255,121,1,48,252,99,6,89,255,203,251,242,189,0,243,0,254,0,233,0,94,0,40,0,17,0,13,0,11,
0,97,255,83,0,127,255,121,1,48,252,99,6,136,0,146,251,207,189,0,243,0,254,0,233,0,94,0,40,0,18,0,13,0,11,
0,97,255,83,0,127,255,121,1,48,252,99,6,123,0,253,250,175,186,0,243,0,254,0,233,0,94,0,40,0,18,0,13,0,11,
0,84,255,107,0,144,255,121,1,48,252,99,6,231,254,187,251,92,187,0,244,0,255,0,233,0,94,0,40,0,18,0,13,0,11,
0,144,255,89,0,155,255,121,1,48,252,99,6,231,254,187,252,64,192,0,244,0,255,0,233,0,94,0,40,0,19,0,13,0,12,
0,144,255,89,0,149,255,121,1,48,252,99,6,143,255,18,252,64,192,0,244,1,0,0,234,0,94,0,40,0,17,0,13,0,11,
0,147,255,47,0,149,255,180,1,205,251,101,6,70,1,240,250,157,187,0,244,0,255,0,233,0,95,0,40,0,18,0,13,0,11,
0,146,255,27,0,135,255,180,1,205,251,101,6,247,255,133,251,144,187,0,244,1,0,0,233,0,95,0,40,0,19,0,13,0,12,
0,159,255,7,0,115,255,180,1,205,251,101,6,26,255,172,251,164,188,0,245,1,0,0,234,0,94,0,40,0,18,0,13,0,11,
0,159,255,7,0,102,255,180,1,205,251,101,6,26,255,172,251,164,188,0,245,1,1,0,234,0,94,0,40,0,17,0,13,0,11,
0,154,255,21,0,102,255,180,1,205,251,101,6,231,255,209,251,230,189,0,245,1,0,0,233,0,95,0,40,0,18,0,13,0,11,
0,144,255,237,255,90,255,180,1,205,251,101,6,131,0,149,251,213,189,0,246,1,1,0,234,0,95,0,40,0,18,0,13,0,11,
0,162,255,237,255,104,255,180,1,205,251,101,6,195,0,43,251,177,186,0,246,1,1,0,234,0,95,0,40,0,18,0,13,0,11,
0,162,255,237,255,104,255,180,1,205,251,101,6,195,0,229,251,124,187,0,247,1,2,0,234,0,94,0,40,0,17,0,12,0,11,
0,171,255,238,255,102,255,180,1,205,251,101,6,3,255,229,251,124,187,0,247,1,2,0,235,0,94,0,40,0,17,0,12,0,11,
0,210,255,217,255,105,255,180,1,205,251,101,6,32,0,211,251,172,191,0,247,1,2,0,234,0,95,0,40,0,18,0,13,0,11,
0,254,255,248,255,111,255,180,1,205,251,101,6,46,1,4,251,95,188,0,247,1,2,0,234,0,95,0,40,0,18,0,12,0,11,
0,254,255,248,255,111,255,91,1,247,251,215,5,80,0,24,251,97,187,0,247,1,2,0,235,0,95,0,40,0,18,0,13,0,11,
0,15,0,12,0,112,255,91,1,247,251,215,5,80,0,24,251,80,188,0,248,1,3,0,235,0,94,0,40,0,17,0,13,0,11,
0,245,255,14,0,94,255,91,1,247,251,215,5,75,255,189,251,80,188,0,248,1,3,0,235,0,95,0,40,0,18,0,13,0,11,
0,245,255,14,0,110,255,91,1,247,251,215,5,111,255,253,251,160,190,0,249,1,3,0,235,0,95,0,40,0,17,0,12,0,11,
0,191,255,241,255,110,255,91,1,247,251,215,5,56,1,93,251,176,189,0,249,1,3,0,235,0,95,0,40,0,18,0,13,0,11,
0,131,255,221,255,105,255,91,1,247,251,215,5,56,0,55,251,173,185,0,249,1,3,0,235,0,95,0,40,0,18,0,13,0,11,
0,136,255,221,255,105,255,91,1,247,251,215,5,106,0,55,251,173,185,0,250,1,4,0,235,0,95,0,40,0,17,0,13,0,11,
0,136,255,221,255,111,255,91,1,247,251,215,5,181,254,251,251,223,189,0,251,1,4,0,236,0,95,0,40,0,17,0,12,0,11,
0,198,255,182,255,111,255,91,1,247,251,215,5,192,0,152,251,198,189,0,251,1,4,0,236,0,95,0,40,0,18,0,13,0,12,
0,253,255,185,255,133,255,91,1,247,251,215,5,124,0,210,250,144,186,0,251,1,4,0,236,0,95,0,40,0,18,0,13,0,11,
0,253,255,190,255,144,255,101,1,14,252,132,6,124,0,210,250,34,188,0,251,1,4,0,235,0,95,0,35,0,17,0,13,0,12,
0,253,255,190,255,144,255,101,1,14,252,132,6,44,0,162,251,34,188,0,253,1,4,0,236,0,95,0,36,0,16,0,13,0,11,
0,223,255,186,255,142,255,101,1,14,252,132,6,75,255,173,251,220,188,0,253,1,4,0,236,0,95,0,37,0,17,0,13,0,12,
0,203,255,202,255,156,255,101,1,14,252,132,6,162,0,241,251,204,191,0,254,1,4,0,237,0,95,0,37,0,16,0,12,0,11,
0,203,255,183,255,141,255,101,1,14,252,132,6,248,0,247,250,164,187,0,254,1,4,0,237,0,96,0,39,0,17,0,13,0,11,
0,203,255,183,255,141,255,101,1,14,252,132,6,248,0,247,250,164,187,0,254,1,4,0,237,0,96,0,39,0,18,0,13,0,11,
0,201,255,158,255,141,255,101,1,14,252,132,6,27,255,142,251,69,188,0,255,1,5,0,237,0,95,0,40,0,17,0,12,0,11,
0,177,255,173,255,141,255,101,1,14,252,132,6,119,255,207,251,137,190,0,255,1,4,0,237,0,96,0,40,0,18,0,13,0,11,
0,177,255,173,255,94,255,101,1,14,252,132,6,223,0,99,251,210,188,0,255,1,5,0,237,0,95,0,40,0,17,0,12,0,11,
0,209,255,186,255,94,255,101,1,14,252,132,6,223,0,210,250,195,186,0,255,1,4,0,237,0,96,0,40,0,18,0,13,0,11,
0,221,255,211,255,122,255,86,1,1,252,95,6,226,255,210,250,195,186,1,0,1,5,0,237,0,96,0,40,0,18,0,13,0,11,
0,242,255,194,255,136,255,86,1,1,252,95,6,81,255,99,251,135,189,1,0,1,5,0,237,0,95,0,40,0,17,0,12,0,11,
0,242,255,194,255,136,255,86,1,1,252,95,6,43,0,156,251,243,190,1,0,1,5,0,238,0,95,0,40,0,17,0,12,0,11,
0,242,255,184,255,138,255,86,1,1,252,95,6,176,0,58,251,213,188,1,0,1,5,0,237,0,96,0,41,0,18,0,13,0,11,
0,13,0,178,255,131,255,86,1,1,252,95,6,176,0,58,251,24,187,1,1,1,5,0,237,0,96,0,40,0,18,0,12,0,11,
0,30,0,213,255,143,255,86,1,1,252,95,6,25,0,208,250,24,187,1,0,1,4,0,236,0,96,0,40,0,18,0,13,0,11,
0,30,0,213,255,143,255,86,1,1,252,95,6,5,255,102,251,91,189,1,1,1,5,0,236,0,96,0,40,0,17,0,13,0,11,
0,246,255,211,255,146,255,86,1,1,252,95,6,134,255,142,251,107,191,1,1,1,5,0,236,0,96,0,41,0,18,0,13,0,11,
0,219,255,184,255,161,255,86,1,1,252,95,6,134,255,172,250,0,191,1,2,1,5,0,236,0,96,0,40,0,17,0,12,0,11,
0,2,0,233,255,171,255,86,1,1,252,95,6,133,0,172,250,0,191,1,2,1,5,0,235,0,96,0,41,0,18,0,13,0,11,
0,2,0,233,255,171,255,120,1,1,252,35,6,184,255,79,250,168,187,1,2,1,6,0,235,0,95,0,40,0,18,0,12,0,11,
0,12,0,244,255,146,255,120,1,1,252,35,6,96,255,199,250,70,189,1,3,1,6,0,235,0,95,0,40,0,18,0,13,0,11,
0,241,255,213,255,139,255,120,1,1,252,35,6,35,255,96,251,172,190,1,3,1,6,0,235,0,96,0,45,0,19,0,13,0,11,
0,241,255,213,255,150,255,120,1,1,252,35,6,35,255,96,251,133,191,1,3,1,6,0,235,0,95,0,43,0,19,0,12,0,11,
0,227,255,183,255,150,255,120,1,1,252,35,6,63,255,243,250,133,191,1,3,1,6,0,234,0,95,0,43,0,20,0,13,0,11,
0,250,255,200,255,144,255,120,1,1,252,35,6,122,0,77,250,223,189,1,3,1,6,0,233,0,95,0,43,0,19,0,13,0,11,
0,9,0,229,255,137,255,120,1,1,252,35,6,128,255,163,250,158,188,1,3,1,6,0,233,0,95,0,42,0,19,0,13,0,11,
0,9,0,229,255,137,255,120,1,1,252,35,6,238,254,180,250,45,189,1,3,1,6,0,233,0,95,0,41,0,19,0,13,0,11,
0,231,255,214,255,119,255,120,1,1,252,35,6,238,254,180,250,45,189,1,4,1,7,0,233,0,94,0,41,0,18,0,12,0,11,
0,219,255,178,255,117,255,120,1,1,252,35,6,239,254,34,251,189,190,1,3,1,6,0,232,0,94,0,41,0,19,0,13,0,11,
0,200,255,189,255,142,255,120,1,1,252,35,5,223,255,194,250,245,190,1,3,1,6,0,232,0,94,0,40,0,18,0,13,0,11,
0,200,255,189,255,142,255,132,1,8,252,184,5,68,255,192,250,235,189,1,3,1,6,0,232,0,94,0,40,0,17,0,12,0,11,
0,214,255,214,255,148,255,132,1,8,252,184,5,68,255,192,250,193,190,1,3,1,6,0,232,0,94,0,40,0,18,0,13,0,11,
0,214,255,218,255,134,255,132,1,8,252,184,5,89,255,218,250,193,190,1,3,1,6,0,232,0,93,0,40,0,17,0,12,0,11,
0,242,255,236,255,135,255,132,1,8,252,184,5,233,255,176,250,190,190,1,2,1,5,0,231,0,93,0,40,0,18,0,13,0,11,
0,242,255,236,255,135,255,132,1,8,252,184,5,27,0,92,250,112,189,1,2,1,5,0,231,0,94,0,40,0,18,0,13,0,11,
0,242,255,227,255,131,255,132,1,8,252,184,5,218,254,2,251,30,190,1,2,1,6,0,231,0,93,0,40,0,18,0,13,0,11,
0,198,255,243,255,126,255,132,1,8,252,184,5,218,254,2,251,30,190,1,2,1,5,0,230,0,94,0,40,0,18,0,13,0,12,
0,198,255,243,255,104,255,132,1,8,252,184,5,217,254,61,251,209,191,1,2,1,5,0,230,0,93,0,40,0,17,0,12,0,11,
0,180,255,242,255,104,255,132,1,8,252,184,5,2,0,37,251,161,190,1,1,1,5,0,230,0,93,0,40,0,18,0,13,0,12,
0,186,255,244,255,103,255,132,1,8,252,184,5,113,255,182,250,56,189,1,1,1,4,0,230,0,93,0,40,0,18,0,13,0,11,
0,177,255,230,255,156,255,84,1,58,252,194,5,113,255,34,251,215,189,1,2,1,5,0,230,0,93,0,39,0,17,0,13,0,11,
0,177,255,230,255,156,255,84,1,58,252,194,5,94,255,34,251,215,189,1,1,1,4,0,230,0,93,0,40,0,18,0,13,0,11,
0,160,255,214,255,143,255,84,1,58,252,194,5,121,254,138,251,235,190,1,1,1,5,0,230,0,92,0,39,0,17,0,12,0,11,
0,130,255,213,255,116,255,84,1,58,252,194,5,250,255,127,251,70,192,1,1,1,4,0,229,0,93,0,40,0,18,0,13,0,11,
0,142,255,213,255,96,255,84,1,58,252,194,5,16,0,35,251,147,189,1,0,1,3,0,229,0,93,0,40,0,18,0,13,0,11,
0,142,255,213,255,96,255,84,1,58,252,194,5,16,0,35,251,16,189,1,0,1,4,0,230,0,92,0,39,0,17,0,12,0,11,
0,190,255,232,255,66,255,84,1,58,252,194,5,5,255,148,251,16,189,1,0,1,4,0,230,0,92,0,39,0,17,0,12,0,11,
0,204,255,231,255,64,255,84,1,58,252,194,5,25,255,235,251,146,191,1,0,1,3,0,229,0,93,0,39,0,18,0,13,0,11,
0,218,255,244,255,77,255,84,1,58,252,194,5,176,0,73,251,200,189,0,255,1,3,0,229,0,92,0,39,0,17,0,12,0,11,
0,218,255,244,255,77,255,84,1,58,252,194,5,176,0,176,251,74,189,0,255,1,3,0,230,0,92,0,38,0,17,0,12,0,11,
0,203,255,8,0,51,255,117,1,18,252,77,6,164,255,176,251,74,189,0,255,1,4,0,230,0,92,0,39,0,17,0,12,0,11,
0,199,255,8,0,88,255,117,1,18,252,77,6,150,255,226,251,200,190,0,255,1,3,0,229,0,92,0,39,0,18,0,13,0,11,
0,199,255,8,0,95,255,117,1,18,252,77,6,134,0,16,252,16,190,0,255,1,3,0,230,0,92,0,38,0,17,0,12,0,11,
0,230,255,2,0,95,255,117,1,18,252,77,6,44,0,215,251,0,189,0,254,1,2,0,229,0,93,0,40,0,18,0,13,0,11,
0,26,0,246,255,73,255,117,1,18,252,77,6,44,0,215,251,112,189,0,254,1,2,0,229,0,92,0,39,0,18,0,13,0,12,
0,251,255,251,255,16,255,117,1,18,252,77,6,73,255,253,251,112,189,0,254,1,2,0,229,0,92,0,39,0,18,0,13,0,11,
0,251,255,251,255,16,255,117,1,18,252,77,6,14,0,104,252,62,190,0,253,1,2,0,229,0,92,0,39,0,18,0,13,0,11,
0,234,255,226,255,253,254,117,1,18,252,77,6,4,1,226,251,152,189,0,254,1,3,0,230,0,92,0,38,0,17,0,12,0,11,
0,12,0,232,255,5,255,117,1,18,252,77,6,220,255,50,252,116,189,0,253,1,2,0,229,0,92,0,39,0,17,0,13,0,11,
0,55,0,14,0,23,255,117,1,18,252,77,6,220,255,50,252,116,189,0,253,1,2,0,229,0,93,0,40,0,18,0,13,0,12,
0,55,0,14,0,23,255,163,1,239,251,226,6,4,0,149,252,49,192,0,253,1,2,0,230,0,92,0,39,0,17,0,13,0,11,
0,46,0,253,255,15,255,163,1,239,251,226,6,52,1,207,251,106,189,0,253,1,1,0,229,0,92,0,39,0,17,0,12,0,11,
0,40,0,240,255,27,255,163,1,239,251,226,6,102,255,46,252,186,187,0,252,1,1,0,229,0,92,0,40,0,18,0,13,0,12,
0,215,255,240,255,42,255,163,1,239,251,226,6,102,255,184,252,91,193,0,252,1,1,0,229,0,92,0,40,0,17,0,12,0,11,
0,215,255,239,255,42,255,163,1,239,251,226,6,63,0,184,252,91,193,0,252,1,1,0,229,0,93,0,40,0,18,0,13,0,11,
0,223,255,206,255,48,255,163,1,239,251,226,6,100,1,216,251,101,189,0,252,1,1,0,230,0,92,0,39,0,17,0,12,0,11,
0,238,255,187,255,45,255,163,1,239,251,226,6,20,0,11,252,17,187,0,253,1,1,0,229,0,92,0,40,0,18,0,13,0,11,
0,238,255,187,255,26,255,163,1,239,251,226,6,177,255,158,252,55,192,0,253,1,1,0,230,0,92,0,39,0,17,0,12,0,10,
0,231,255,167,255,26,255,163,1,239,251,226,6,177,255,158,252,55,189,0,253,1,0,0,229,0,92,0,39,0,17,0,12,0,11,
0,224,255,159,255,12,255,163,1,239,251,226,6,232,1,163,251,64,189,0,253,1,0,0,229,0,92,0,39,0,17,0,13,0,11,
0,235,255,195,255,24,255,95,1,38,252,43,6,222,255,21,252,45,189,0,253,1,1,0,230,0,92,0,39,0,17,0,12,0,11,
0,235,255,195,255,24,255,95,1,38,252,43,6,8,0,225,251,79,190,0,253,1,0,0,229,0,92,0,39,0,18,0,13,0,11,
0,244,255,167,255,25,255,95,1,38,252,43,6,8,0,217,251,120,191,0,254,1,1,0,230,0,92,0,38,0,17,0,12,0,11,
0,232,255,159,255,32,255,95,1,38,252,43,6,28,1,217,251,120,191,0,253,1,0,0,230,0,92,0,39,0,17,0,12,0,11,
0,3,0,173,255,17,255,95,1,38,252,43,6,10,1,133,251,63,189,0,253,1,0,0,229,0,92,0,39,0,18,0,13,0,11,
0,3,0,173,255,17,255,95,1,38,252,43,6,34,0,47,252,71,190,0,254,1,0,0,230,0,92,0,39,0,17,0,13,0,11,
0,245,255,181,255,239,254,95,1,38,252,43,6,13,1,142,251,193,190,0,253,0,255,0,230,0,93,0,40,0,18,0,13,0,11,
0,220,255,188,255,4,255,95,1,38,252,43,6,13,1,142,251,85,188,0,254,1,0,0,230,0,92,0,38,0,17,0,12,0,11,
0,205,255,188,255,20,255,95,1,38,252,43,6,62,0,168,251,85,188,0,253,0,255,0,230,0,93,0,40,0,18,0,13,0,11,
0,205,255,154,255,20,255,95,1,38,252,43,6,158,0,59,252,187,192,0,253,0,255,0,230,0,93,0,40,0,18,0,13,0,12,
0,221,255,106,255,15,255,95,1,38,252,43,6,206,1,176,250,47,188,0,253,0,255,0,230,0,93,0,40,0,17,0,12,0,11,
0,234,255,87,255,9,255,75,1,50,252,73,6,120,0,102,251,17,190,0,253,0,255,0,230,0,93,0,40,0,18,0,13,0,12,
0,234,255,87,255,17,255,75,1,50,252,73,6,120,0,102,251,17,190,0,253,0,255,0,230,0,93,0,39,0,17,0,12,0,11,
0,227,255,63,255,17,255,75,1,50,252,73,6,225,255,35,252,41,192,0,252,0,255,0,230,0,93,0,40,0,18,0,13,0,11,
0,197,255,62,255,29,255,75,1,50,252,73,6,72,2,192,250,109,191,0,252,0,254,0,230,0,93,0,40,0,18,0,13,0,11,
0,203,255,48,255,40,255,75,1,50,252,73,6,174,0,149,250,142,188,0,252,0,255,0,230,0,92,0,39,0,17,0,12,0,11,
0,203,255,48,255,40,255,75,1,50,252,73,6,174,0,149,251,166,190,0,252,0,254,0,230,0,93,0,40,0,18,0,13,0,11,
0,189,255,54,255,43,255,75,1,50,252,73,6,103,255,58,251,166,190,0,252,0,254,0,231,0,92,0,39,0,17,0,12,0,11,
0,176,255,23,255,34,255,75,1,50,252,73,6,237,0,46,251,125,193,0,251,0,254,0,230,0,92,0,34,0,17,0,13,0,11,
0,157,255,26,255,52,255,75,1,50,252,73,6,192,0,117,250,134,188,0,251,0,254,0,230,0,93,0,35,0,17,0,13,0,11,
0,157,255,26,255,52,255,75,1,50,252,73,6,117,255,235,250,77,190,0,251,0,254,0,231,0,92,0,36,0,16,0,12,0,11,
0,158,255,48,255,70,255,158,1,214,251,163,6,117,255,235,250,77,190,0,251,0,254,0,230,0,93,0,37,0,17,0,13,0,11,
0,163,255,14,255,61,255,158,1,214,251,163,6,13,0,208,250,120,192,0,251,0,254,0,231,0,92,0,37,0,16,0,12,0,11,
0,168,255,14,255,71,255,158,1,214,251,163,6,212,0,63,250,44,191,0,250,0,254,0,231,0,93,0,38,0,17,0,13,0,11,
0,168,255,42,255,71,255,158,1,214,251,163,6,244,255,121,250,203,188,0,250,0,253,0,231,0,93,0,38,0,17,0,13,0,12,
0,160,255,17,255,76,255,158,1,214,251,163,6,244,255,223,250,213,191,0,250,0,253,0,231,0,93,0,38,0,17,0,13,0,11,
0,144,255,254,254,68,255,158,1,214,251,163,6,6,0,223,250,213,191,0,250,0,253,0,231,0,93,0,40,0,18,0,13,0,11,
0,144,255,254,254,78,255,158,1,214,251,163,6,61,0,105,250,48,190,0,250,0,254,0,231,0,93,0,39,0,17,0,12,0,11,
0,127,255,21,255,78,255,158,1,214,251,163,6,103,255,151,250,79,189,0,250,0,252,0,230,0,94,0,40,0,18,0,13,0,11,
0,126,255,30,255,89,255,158,1,214,251,163,6,11,0,131,250,190,191,0,249,0,252,0,230,0,93,0,40,0,18,0,13,0,12,
0,150,255,28,255,79,255,158,1,214,251,163,6,11,0,131,250,27,190,0,250,0,252,0,231,0,93,0,39,0,17,0,13,0,11,
0,150,255,28,255,79,255,112,1,52,252,255,5,72,0,250,249,27,190,0,249,0,252,0,231,0,93,0,40,0,17,0,12,0,11,
0,170,255,2,255,67,255,112,1,52,252,255,5,13,0,209,249,142,189,0,249,0,251,0,230,0,93,0,40,0,18,0,13,0,11,
0,127,255,249,254,74,255,112,1,52,252,255,5,97,254,158,250,168,191,0,248,0,251,0,231,0,93,0,40,0,18,0,13,0,11,
0,118,255,10,255,94,255,112,1,52,252,255,5,97,254,29,250,249,191,0,248,0,251,0,231,0,93,0,40,0,18,0,13,0,11,
0,118,255,10,255,94,255,112,1,52,252,255,5,197,255,29,250,249,191,0,248,0,251,0,231,0,93,0,39,0,17,0,12,0,11,
0,145,255,31,255,100,255,112,1,52,252,255,5,41,0,162,249,26,189,0,247,0,251,0,231,0,92,0,39,0,17,0,12,0,11,
0,121,255,27,255,106,255,112,1,52,252,255,5,105,254,247,249,22,189,0,247,0,251,0,230,0,93,0,40,0,18,0,13,0,11,
0,121,255,27,255,73,255,112,1,52,252,255,5,157,254,94,250,134,193,0,246,0,251,0,230,0,93,0,40,0,17,0,12,0,11,
0,117,255,8,255,73,255,112,1,52,252,255,5,157,254,94,250,172,190,0,246,0,251,0,230,0,93,0,40,0,18,0,13,0,11,
0,121,255,2,255,21,255,112,1,52,252,255,5,39,0,39,249,172,190,0,246,0,251,0,230,0,92,0,43,0,18,0,12,0,11,
0,128,255,31,255,30,255,101,1,246,251,159,6,218,254,147,249,8,188,0,245,0,250,0,229,0,93,0,43,0,19,0,12,0,11,
0,128,255,31,255,57,255,101,1,246,251,159,6,145,254,99,250,173,192,0,245,0,251,0,230,0,92,0,41,0,18,0,12,0,10,
0,96,255,38,255,57,255,101,1,246,251,159,6,163,255,195,249,179,192,0,244,0,250,0,229,0,93,0,41,0,19,0,13,0,11,
0,100,255,101,255,26,255,101,1,246,251,159,6,163,255,195,249,179,192,0,243,0,250,0,228,0,93,0,41,0,19,0,13,0,11,
0,120,255,107,255,31,255,101,1,246,251,159,6,132,255,41,249,22,189,0,243,0,250,0,229,0,92,0,40,0,18,0,13,0,11,
0,120,255,107,255,31,255,101,1,246,251,159,6,195,253,182,249,219,189,0,243,0,250,0,229,0,92,0,40,0,17,0,13,0,11,
0,140,255,91,255,13,255,101,1,246,251,159,6,210,254,50,250,165,193,0,241,0,250,0,228,0,92,0,40,0,18,0,13,0,12,
0,108,255,92,255,21,255,101,1,246,251,159,6,210,254,196,249,114,190,0,241,0,250,0,228,0,92,0,40,0,18,0,13,0,11,
0,85,255,109,255,30,255,101,1,246,251,159,6,203,255,196,249,114,190,0,240,0,249,0,228,0,92,0,40,0,18,0,13,0,11,
0,85,255,109,255,30,255,101,1,246,251,159,6,225,254,202,249,9,189,0,240,0,250,0,228,0,92,0,40,0,17,0,13,0,11,
0,106,255,105,255,24,255,101,1,246,251,159,6,100,254,149,250,167,191,0,239,0,250,0,227,0,92,0,40,0,18,0,13,0,12,
0,147,255,121,255,4,255,134,1,17,252,82,5,56,255,113,250,137,192,0,239,0,251,0,228,0,91,0,39,0,17,0,13,0,11,
0,147,255,121,255,1,255,134,1,17,252,82,5,56,255,113,250,197,190,0,239,0,250,0,227,0,92,0,40,0,18,0,13,0,11,
0,131,255,99,255,1,255,134,1,17,252,82,5,149,255,68,250,197,190,0,239,0,250,0,227,0,92,0,39,0,18,0,13,0,11,
0,116,255,138,255,250,254,134,1,17,252,82,5,125,254,6,250,70,189,0,239,0,251,0,227,0,91,0,39,0,17,0,12,0,11,
0,85,255,168,255,222,254,134,1,17,252,82,5,148,254,150,250,36,191,0,238,0,250,0,227,0,92,0,39,0,18,0,13,0,11,
0,85,255,168,255,236,254,134,1,17,252,82,5,148,254,137,250,202,191,0,238,0,251,0,227,0,91,0,38,0,17,0,12,0,11,
0,90,255,147,255,236,254,134,1,17,252,82,5,35,255,137,250,202,191,0,237,0,250,0,227,0,92,0,39,0,17,0,13,0,11,
0,116,255,156,255,240,254,134,1,17,252,82,5,199,255,76,250,46,190,0,237,0,251,0,226,0,91,0,39,0,17,0,13,0,11,
0,101,255,180,255,213,254,134,1,17,252,82,5,95,255,113,250,168,189,0,237,0,251,0,226,0,91,0,38,0,17,0,12,0,11,
0,101,255,180,255,213,254,134,1,17,252,82,5,138,254,194,250,42,190,0,237,0,251,0,226,0,91,0,38,0,17,0,12,0,11,
0,121,255,208,255,218,254,151,1,22,252,139,6,138,254,194,250,207,192,0,236,0,250,0,225,0,91,0,39,0,18,0,13,0,11,
0,116,255,212,255,226,254,151,1,22,252,139,6,36,255,29,251,207,192,0,236,0,251,0,226,0,91,0,39,0,17,0,12,0,11,
0,133,255,228,255,233,254,151,1,22,252,139,6,110,0,159,250,99,191,0,236,0,251,0,225,0,91,0,39,0,18,0,13,0,11,
0,133,255,228,255,233,254,151,1,22,252,139,6,142,255,175,250,119,188,0,237,0,251,0,226,0,91,0,38,0,17,0,12,0,11,
0,152,255,229,255,224,254,151,1,22,252,139,6,179,254,37,251,246,190,0,236,0,251,0,225,0,91,0,39,0,18,0,13,0,11,
0,132,255,252,255,214,254,151,1,22,252,139,6,179,254,37,251,246,190,0,237,0,251,0,226,0,91,0,38,0,17,0,12,0,11,
0,132,255,252,255,217,254,151,1,22,252,139,6,243,255,248,250,59,192,0,236,0,251,0,225,0,91,0,39,0,18,0,13,0,12,
0,130,255,6,0,217,254,151,1,22,252,139,6,129,255,161,250,49,188,0,236,0,251,0,226,0,91,0,39,0,18,0,13,0,12,
0,117,255,239,255,220,254,151,1,22,252,139,6,155,255,45,251,230,190,0,237,0,252,0,226,0,91,0,38,0,17,0,12,0,11,
0,146,255,1,0,217,254,151,1,22,252,139,6,155,255,45,251,222,189,0,236,0,252,0,226,0,91,0,38,0,17,0,12,0,11,
0,146,255,1,0,217,254,163,1,29,252,222,6,41,0,14,251,222,189,0,236,0,252,0,226,0,91,0,39,0,18,0,13,0,11,
0,159,255,3,0,199,254,163,1,29,252,222,6,28,0,219,250,6,190,0,236,0,252,0,226,0,91,0,39,0,17,0,12,0,11,
0,158,255,253,255,200,254,163,1,29,252,222,6,15,255,161,251,79,191,0,236,0,252,0,226,0,91,0,39,0,17,0,13,0,11,
0,163,255,2,0,208,254,163,1,29,252,222,6,125,1,215,250,200,189,0,237,0,252,0,227,0,91,0,38,0,17,0,12,0,11,
0,163,255,2,0,208,254,163,1,29,252,222,6,125,1,215,250,200,189,0,237,0,252,0,227,0,91,0,39,0,18,0,13,0,11,
0,157,255,18,0,181,254,163,1,29,252,222,6,225,254,251,250,205,187,0,237,0,253,0,228,0,91,0,38,0,17,0,12,0,11,
0,161,255,24,0,162,254,163,1,29,252,222,6,36,0,186,251,114,193,0,237,0,253,0,228,0,92,0,39,0,18,0,13,0,11,
0,163,255,8,0,154,254,163,1,29,252,222,6,122,1,154,250,94,188,0,237,0,253,0,228,0,91,0,39,0,17,0,13,0,11,
0,163,255,8,0,154,254,163,1,29,252,222,6,122,1,88,251,186,188,0,237,0,254,0,229,0,91,0,38,0,17,0,12,0,11,
0,176,255,252,255,153,254,163,1,29,252,222,6,173,255,88,251,186,188,0,237,0,253,0,229,0,92,0,39,0,18,0,13,0,11,
0,180,255,3,0,170,254,158,1,39,252,214,5,236,255,201,251,248,191,0,238,0,254,0,230,0,91,0,38,0,17,0,12,0,11,
0,180,255,3,0,168,254,158,1,39,252,214,5,174,0,41,251,240,190,0,237,0,254,0,230,0,92,0,39,0,18,0,13,0,11,
0,182,255,18,0,168,254,158,1,39,252,214,5,88,0,202,250,135,188,0,238,0,254,0,230,0,92,0,39,0,18,0,13,0,11,
0,209,255,7,0,164,254,158,1,39,252,214,5,88,0,202,250,135,189,0,238,0,254,0,230,0,92,0,39,0,17,0,12,0,11,
0,231,255,246,255,160,254,158,1,39,252,214,5,216,255,51,251,135,189,0,238,0,254,0,230,0,92,0,40,0,18,0,13,0,11,
0,231,255,246,255,160,254,158,1,39,252,214,5,71,1,31,251,153,190,0,239,0,254,0,231,0,92,0,39,0,17,0,12,0,11,
0,210,255,0,0,151,254,158,1,39,252,214,5,230,0,218,250,69,188,0,238,0,254,0,231,0,93,0,40,0,18,0,13,0,12,
0,233,255,0,0,179,254,158,1,39,252,214,5,230,255,237,250,193,189,0,238,0,254,0,231,0,93,0,40,0,18,0,13,0,12,
0,224,255,244,255,183,254,158,1,39,252,214,5,238,255,237,250,193,189,0,238,0,255,0,231,0,93,0,39,0,17,0,12,0,11,
0,224,255,244,255,183,254,158,1,39,252,214,5,119,0,25,251,88,190,0,239,0,255,0,231,0,93,0,39,0,17,0,12,0,11,
0,214,255,218,255,168,254,158,1,39,252,214,5,252,0,189,250,248,189,0,238,0,254,0,230,0,93,0,40,0,18,0,13,0,11,
0,234,255,234,255,161,254,120,1,50,252,117,6,28,1,105,250,247,189,0,238,0,255,0,230,0,93,0,40,0,18,0,12,0,11,
0,167,255,216,255,139,254,120,1,50,252,117,6,28,1,105,250,78,190,0,239,0,254,0,229,0,93,0,40,0,18,0,13,0,11,
0,167,255,216,255,139,254,120,1,50,252,117,6,135,255,177,250,78,190,0,239,0,255,0,229,0,92,0,39,0,17,0,12,0,11,
0,185,255,198,255,149,254,120,1,50,252,117,6,198,0,104,250,158,190,0,239,0,254,0,229,0,93,0,40,0,18,0,13,0,11,
0,208,255,188,255,168,254,120,1,50,252,117,6,232,255,249,249,202,187,0,239,0,255,0,230,0,92,0,39,0,17,0,12,0,11,
0,208,255,188,255,186,254,120,1,50,252,117,6,155,255,98,250,109,191,0,239,0,255,0,230,0,92,0,40,0,17,0,12,0,11,
0,183,255,196,255,186,254,120,1,50,252,117,6,155,255,98,250,109,191,0,239,0,255,0,230,0,93,0,39,0,18,0,13,0,11,
0,157,255,171,255,198,254,120,1,50,252,117,6,136,0,1,250,77,191,0,239,0,255,0,230,0,92,0,39,0,17,0,12,0,11,
0,211,255,147,255,206,254,120,1,50,252,117,6,250,0,56,249,229,186,0,239,0,255,0,229,0,92,0,40,0,18,0,13,0,11,
0,211,255,147,255,206,254,120,1,50,252,117,6,58,255,124,250,207,190,0,240,0,255,0,228,0,92,0,39,0,17,0,12,0,11,
0,200,255,144,255,218,254,156,1,55,252,90,6,58,255,23,250,19,193,0,240,0,254,0,228,0,93,0,39,0,18,0,13,0,11,
0,162,255,172,255,221,254,156,1,55,252,90,6,129,0,23,250,19,193,0,240,0,254,0,227,0,92,0,40,0,18,0,13,0,11,
0,157,255,186,255,203,254,156,1,55,252,90,6,204,1,61,249,50,189,0,241,0,254,0,228,0,92,0,39,0,17,0,13,0,11,
0,157,255,186,255,203,254,156,1,55,252,90,6,69,255,226,249,250,188,0,241,0,254,0,229,0,92,0,39,0,17,0,12,0,11,
0,167,255,167,255,186,254,156,1,55,252,90,6,253,255,247,249,151,192,0,241,0,253,0,228,0,92,0,34,0,17,0,13,0,12,
0,180,255,148,255,188,254,156,1,55,252,90,6,253,255,247,249,193,189,0,241,0,253,0,229,0,92,0,35,0,16,0,13,0,11,
0,190,255,175,255,197,254,156,1,55,252,90,6,161,0,115,249,193,189,0,241,0,253,0,228,0,92,0,36,0,17,0,13,0,12,
0,190,255,175,255,197,254,156,1,55,252,90,6,233,255,85,249,137,188,0,242,0,253,0,228,0,92,0,37,0,16,0,13,0,11,
0,168,255,151,255,189,254,156,1,55,252,90,6,86,255,18,250,133,190,0,242,0,252,0,227,0,92,0,37,0,17,0,13,0,12,
0,134,255,119,255,168,254,156,1,55,252,90,6,86,255,39,250,33,192,0,243,0,252,0,227,0,91,0,37,0,17,0,12,0,11,
0,134,255,119,255,157,254,109,1,63,252,230,5,106,0,39,250,33,192,0,243,0,251,0,227,0,92,0,38,0,16,0,12,0,11,
0,119,255,104,255,157,254,109,1,63,252,230,5,163,0,182,249,187,190,0,244,0,251,0,227,0,92,0,38,0,17,0,13,0,11,
0,157,255,126,255,136,254,109,1,63,252,230,5,193,255,139,249,146,188,0,244,0,251,0,227,0,91,0,38,0,17,0,12,0,11,
0,136,255,117,255,160,254,109,1,63,252,230,5,101,255,245,249,142,190,0,244,0,251,0,228,0,91,0,38,0,17,0,12,0,11,
0,136,255,117,255,160,254,109,1,63,252,230,5,101,255,245,249,31,192,0,244,0,251,0,227,0,92,0,39,0,17,0,13,0,11,
0,122,255,62,255,179,254,109,1,63,252,230,5,74,0,16,250,31,192,0,244,0,250,0,227,0,91,0,38,0,17,0,12,0,11,
0,148,255,45,255,163,254,109,1,63,252,230,5,194,0,103,249,165,189,0,243,0,249,0,226,0,91,0,38,0,17,0,13,0,11,
0,172,255,45,255,170,254,109,1,63,252,230,5,69,255,209,249,175,188,0,244,0,250,0,226,0,91,0,38,0,17,0,12,0,11,
0,172,255,45,255,170,254,109,1,63,252,230,5,104,0,239,249,130,191,0,244,0,249,0,226,0,91,0,38,0,17,0,13,0,11,
0,213,255,92,255,150,254,109,1,63,252,230,5,104,0,239,249,130,191,0,244,0,249,0,226,0,91,0,38,0,17,0,12,0,11,
0,169,255,114,255,179,254,144,1,248,251,155,6,155,0,159,249,151,189,0,244,0,248,0,225,0,91,0,38,0,18,0,13,0,11,
0,113,255,101,255,188,254,144,1,248,251,155,6,233,255,32,250,179,190,0,244,0,248,0,225,0,91,0,38,0,18,0,13,0,11,
0,113,255,101,255,188,254,144,1,248,251,155,6,142,0,68,250,53,192,0,244,0,248,0,225,0,91,0,38,0,17,0,12,0,11,
0,68,255,115,255,160,254,144,1,248,251,155,6,142,0,24,250,0,189,0,244,0,247,0,224,0,91,0,39,0,18,0,13,0,12,
0,87,255,114,255,150,254,144,1,248,251,155,6,100,0,24,250,0,189,0,245,0,247,0,224,0,90,0,38,0,17,0,12,0,11,
0,87,255,114,255,154,254,144,1,248,251,155,6,210,255,86,250,129,189,0,245,0,247,0,224,0,91,0,38,0,17,0,12,0,11,
0,84,255,77,255,154,254,144,1,248,251,155,6,123,255,99,250,109,190,0,245,0,247,0,224,0,90,0,42,0,17,0,12,0,11,
0,101,255,62,255,178,254,144,1,248,251,155,6,43,0,58,250,182,190,0,245,0,247,0,223,0,90,0,41,0,20,0,12,0,11,
0,116,255,69,255,158,254,144,1,248,251,155,6,43,0,58,250,182,190,0,245,0,246,0,223,0,90,0,41,0,20,0,13,0,11,
0,116,255,69,255,158,254,144,1,248,251,155,6,13,0,99,250,9,190,0,245,0,247,0,223,0,90,0,40,0,19,0,13,0,11,
0,116,255,99,255,147,254,144,1,60,252,180,5,40,0,25,250,148,189,0,245,0,246,0,223,0,90,0,40,0,20,0,14,0,12,
0,128,255,72,255,156,254,140,1,60,252,180,5,36,0,98,250,253,190,0,245,0,246,0,223,0,90,0,40,0,19,0,13,0,11,
0,117,255,49,255,171,254,140,1,60,252,180,5,36,0,35,251,184,190,0,245,0,246,0,223,0,90,0,40,0,19,0,13,0,11,
0,117,255,49,255,171,254,140,1,60,252,180,5,192,255,35,251,184,190,0,246,0,246,0,222,0,89,0,39,0,19,0,13,0,11,
0,112,255,62,255,163,254,140,1,60,252,180,5,14,0,135,250,176,189,0,246,0,246,0,223,0,89,0,38,0,17,0,12,0,11,
0,91,255,68,255,172,254,140,1,60,252,180,5,4,0,137,250,218,189,0,246,0,246,0,223,0,89,0,38,0,19,0,13,0,11,
0,96,255,68,255,165,254,140,1,60,252,180,5,89,255,26,251,97,190,0,246,0,246,0,223,0,89,0,38,0,18,0,13,0,11,
0,96,255,46,255,165,254,140,1,60,252,180,5,89,255,26,251,172,191,0,246,0,246,0,223,0,89,0,38,0,18,0,13,0,11,
0,77,255,24,255,168,254,140,1,60,252,180,5,176,0,252,250,172,191,0,246,0,246,0,223,0,89,0,38,0,18,0,13,0,11,
0,51,255,39,255,172,254,140,1,60,252,180,5,190,0,203,250,249,188,0,247,0,247,0,223,0,89,0,37,0,17,0,12,0,11,
0,51,255,39,255,184,254,140,1,60,252,180,5,31,255,129,251,27,188,0,247,0,246,0,223,0,89,0,37,0,17,0,12,0,11,
0,70,255,49,255,184,254,109,1,94,252,252,5,31,255,130,251,230,191,0,247,0,247,0,223,0,89,0,38,0,18,0,13,0,11,
0,91,255,28,255,163,254,109,1,94,252,252,5,175,255,130,251,230,191,0,248,0,247,0,223,0,89,0,38,0,18,0,13,0,12,
0,133,255,41,255,168,254,109,1,94,252,252,5,249,0,59,251,210,190,0,248,0,247,0,223,0,89,0,38,0,18,0,13,0,11,
0,133,255,41,255,168,254,109,1,94,252,252,5,76,0,79,251,89,188,0,249,0,247,0,224,0,89,0,38,0,16,0,12,0,11,
0,126,255,60,255,190,254,109,1,94,252,252,5,28,0,209,251,56,189,0,249,0,247,0,223,0,90,0,38,0,18,0,12,0,11,
0,103,255,53,255,177,254,109,1,94,252,252,5,28,0,209,251,16,191,0,249,0,247,0,224,0,90,0,38,0,17,0,13,0,12,
0,97,255,28,255,170,254,109,1,94,252,252,5,213,255,138,251,16,191,0,250,0,248,0,224,0,90,0,38,0,16,0,12,0,12,
0,97,255,28,255,170,254,109,1,94,252,252,5,194,0,184,251,248,190,0,250,0,248,0,224,0,90,0,38,0,17,0,13,0,11,
0,124,255,29,255,167,254,109,1,94,252,252,5,236,0,111,251,173,188,0,251,0,249,0,224,0,89,0,38,0,16,0,12,0,11,
0,128,255,34,255,167,254,109,1,94,252,252,5,178,255,159,251,150,187,0,251,0,249,0,224,0,90,0,38,0,17,0,12,0,11,
0,130,255,34,255,146,254,188,1,45,252,115,6,178,255,159,251,150,187,0,251,0,249,0,224,0,90,0,38,0,17,0,13,0,11,
0,130,255,40,255,146,254,188,1,45,252,115,6,128,255,240,251,167,191,0,252,0,249,0,225,0,89,0,38,0,17,0,12,0,11,
0,127,255,56,255,136,254,188,1,45,252,115,6,22,1,98,251,249,189,0,252,0,249,0,225,0,90,0,38,0,17,0,12,0,11,
0,137,255,38,255,165,254,188,1,45,252,115,6,118,0,39,251,192,186,0,252,0,249,0,225,0,90,0,38,0,18,0,13,0,11,
0,137,255,38,255,188,254,188,1,45,252,115,6,118,0,227,251,235,190,0,252,0,250,0,225,0,90,0,38,0,17,0,12,0,10,
0,95,255,35,255,188,254,188,1,45,252,115,6,83,255,227,251,235,190,0,253,0,250,0,225,0,90,0,38,0,17,0,13,0,11,
0,87,255,69,255,228,254,188,1,45,252,115,6,174,1,95,251,78,191,0,253,0,251,0,226,0,90,0,38,0,17,0,13,0,11,
0,101,255,30,255,216,254,188,1,45,252,115,6,28,1,255,250,206,187,0,253,0,250,0,225,0,91,0,38,0,17,0,13,0,11,
0,101,255,30,255,216,254,188,1,45,252,115,6,87,255,104,251,83,188,0,254,0,251,0,226,0,90,0,37,0,16,0,12,0,11,
0,142,255,12,255,204,254,188,1,45,252,115,6,87,255,104,251,25,192,0,254,0,251,0,226,0,91,0,38,0,17,0,13,0,11,
0,138,255,29,255,206,254,127,1,112,252,189,5,46,0,227,251,25,192,0,255,0,251,0,225,0,90,0,38,0,17,0,13,0,11,
0,141,255,32,255,243,254,127,1,112,252,189,5,32,1,114,251,131,191,0,255,0,251,0,226,0,90,0,38,0,17,0,12,0,11,
0,141,255,32,255,243,254,127,1,112,252,189,5,210,0,180,250,149,187,0,255,0,251,0,226,0,91,0,38,0,17,0,13,0,11,
0,190,255,62,255,246,254,127,1,112,252,189,5,210,0,8,251,131,187,0,255,0,252,0,227,0,91,0,38,0,17,0,13,0,11,
0,166,255,61,255,226,254,127,1,112,252,189,5,195,255,8,251,131,187,0,255,0,252,0,227,0,91,0,39,0,18,0,13,0,12,
0,112,255,61,255,230,254,127,1,112,252,189,5,198,255,165,251,173,190,0,255,0,252,0,227,0,91,0,39,0,18,0,13,0,11,
0,112,255,72,255,230,254,127,1,112,252,189,5,154,0,59,251,133,190,0,255,0,253,0,228,0,91,0,38,0,17,0,13,0,12,
0,146,255,58,255,242,254,127,1,112,252,189,5,43,1,201,250,34,189,1,0,0,254,0,228,0,91,0,38,0,17,0,12,0,11,
0,152,255,71,255,220,254,127,1,112,252,189,5,43,1,201,250,239,186,0,255,0,253,0,228,0,92,0,39,0,18,0,13,0,11,
0,152,255,71,255,207,254,127,1,112,252,189,5,62,0,182,250,239,186,0,255,0,254,0,228,0,92,0,39,0,17,0,12,0,11,
0,117,255,96,255,207,254,107,1,69,252,104,6,233,255,34,251,43,190,0,255,0,254,0,228,0,92,0,39,0,18,0,13,0,11,
0,70,255,91,255,218,254,107,1,69,252,104,6,179,0,189,250,101,191,1,0,0,254,0,228,0,91,0,38,0,17,0,12,0,11,
0,135,255,61,255,213,254,107,1,69,252,104,6,233,1,41,250,161,188,1,0,0,254,0,228,0,91,0,38,0,17,0,12,0,11,
0,135,255,61,255,213,254,107,1,69,252,104,6,233,1,41,250,161,188,0,255,0,254,0,228,0,92,0,39,0,18,0,13,0,11,
0,146,255,55,255,198,254,107,1,69,252,104,6,172,255,101,250,57,188,0,255,0,255,0,229,0,92,0,38,0,17,0,12,0,10,
0,118,255,66,255,211,254,107,1,69,252,104,6,56,255,222,250,1,191,0,255,0,255,0,229,0,92,0,39,0,18,0,13,0,11,
0,68,255,102,255,201,254,107,1,69,252,104,6,220,0,60,250,4,191,0,255,0,255,0,229,0,92,0,38,0,17,0,12,0,11,
0,68,255,102,255,201,254,107,1,69,252,104,6,220,0,60,249,237,186,0,254,0,255,0,229,0,92,0,39,0,18,0,13,0,11,
0,118,255,80,255,206,254,107,1,69,252,104,6,171,0,146,249,237,186,0,255,1,0,0,229,0,91,0,38,0,17,0,12,0,11,
0,149,255,95,255,203,254,107,1,69,252,104,6,81,255,31,250,143,188,0,254,1,0,0,228,0,92,0,39,0,17,0,12,0,11,
0,149,255,95,255,224,254,107,1,69,252,104,6,247,255,162,250,167,192,0,254,0,255,0,228,0,92,0,39,0,18,0,13,0,11,
0,130,255,108,255,224,254,136,1,13,252,34,7,78,1,201,249,84,190,0,254,1,0,0,228,0,92,0,38,0,17,0,12,0,11,
0,105,255,91,255,238,254,136,1,13,252,34,7,78,1,201,249,84,190,0,254,0,255,0,228,0,92,0,39,0,18,0,13,0,12,
0,122,255,96,255,241,254,136,1,13,252,34,7,68,0,143,249,149,186,0,254,1,0,0,228,0,91,0,38,0,17,0,12,0,11,
0,122,255,96,255,240,254,136,1,13,252,34,7,223,254,75,250,92,189,0,253,1,0,0,228,0,92,0,39,0,17,0,12,0,11,
0,123,255,90,255,240,254,136,1,13,252,34,7,219,255,31,250,227,191,0,253,1,0,0,228,0,92,0,39,0,18,0,13,0,12,
0,140,255,105,255,220,254,136,1,13,252,34,7,219,255,173,249,57,190,0,253,1,0,0,228,0,92,0,39,0,17,0,13,0,11,
0,147,255,102,255,215,254,136,1,13,252,34,7,176,0,173,249,57,190,0,253,1,0,0,227,0,92,0,39,0,18,0,13,0,11,
0,147,255,102,255,215,254,136,1,13,252,34,7,252,255,33,249,160,186,0,253,1,1,0,227,0,91,0,38,0,17,0,12,0,11,
0,127,255,83,255,204,254,136,1,13,252,34,7,233,254,58,250,82,191,0,253,1,0,0,227,0,92,0,38,0,17,0,12,0,11,
0,75,255,78,255,202,254,136,1,13,252,34,7,57,0,118,249,243,190,0,252,1,1,0,227,0,92,0,39,0,18,0,13,0,11,
0,59,255,72,255,214,254,121,1,54,252,80,6,57,0,118,249,138,189,0,252,1,0,0,226,0,91,0,38,0,17,0,12,0,11,
0,59,255,72,255,214,254,121,1,54,252,80,6,79,0,99,249,138,189,0,252,1,0,0,226,0,91,0,33,0,17,0,13,0,12,
0,32,255,59,255,238,254,121,1,54,252,80,6,11,255,200,249,29,188,0,252,1,1,0,226,0,91,0,34,0,16,0,12,0,11,
0,53,255,53,255,238,254,121,1,54,252,80,6,39,255,71,250,168,190,0,252,1,0,0,226,0,91,0,36,0,16,0,13,0,11,
0,53,255,53,255,249,254,121,1,54,252,80,6,39,0,200,249,190,190,0,252,1,0,0,226,0,91,0,36,0,17,0,13,0,11,
0,47,255,36,255,249,254,121,1,54,252,80,6,60,0,200,249,190,190,0,252,1,0,0,226,0,90,0,36,0,16,0,12,0,11,
0,36,255,38,255,231,254,121,1,54,252,80,6,40,0,162,249,35,188,0,252,1,0,0,225,0,91,0,37,0,17,0,12,0,11,
0,41,255,66,255,222,254,121,1,54,252,80,6,194,254,255,249,134,188,0,252,1,0,0,226,0,91,0,37,0,16,0,12,0,11,
0,41,255,66,255,208,254,121,1,54,252,80,6,226,254,65,250,208,189,0,252,1,0,0,226,0,91,0,37,0,16,0,12,0,11,
0,45,255,79,255,208,254,121,1,54,252,80,6,226,254,65,250,74,190,0,252,0,255,0,225,0,91,0,39,0,17,0,13,0,11,
0,21,255,95,255,223,254,134,1,45,252,121,6,141,255,237,249,74,190,0,253,1,0,0,226,0,90,0,38,0,17,0,12,0,11,
0,30,255,90,255,230,254,134,1,45,252,121,6,14,0,19,250,210,189,0,252,1,0,0,226,0,91,0,38,0,17,0,13,0,11,
0,30,255,90,255,230,254,134,1,45,252,121,6,100,255,9,250,64,187,0,253,1,0,0,226,0,91,0,38,0,16,0,12,0,11,
0,50,255,96,255,221,254,134,1,45,252,121,6,230,253,79,250,113,188,0,252,1,0,0,226,0,91,0,39,0,18,0,13,0,12,
0,22,255,99,255,215,254,134,1,45,252,121,6,230,253,79,250,113,188,0,252,0,255,0,227,0,91,0,39,0,18,0,13,0,11,
0,15,255,105,255,222,254,134,1,45,252,121,6,44,255,194,250,193,191,0,252,0,255,0,227,0,91,0,39,0,17,0,13,0,11,
0,15,255,105,255,222,254,134,1,45,252,121,6,35,0,17,250,101,189,0,253,0,255,0,227,0,91,0,39,0,17,0,13,0,11,
0,47,255,102,255,238,254,134,1,45,252,121,6,101,255,32,250,251,186,0,253,0,255,0,228,0,91,0,38,0,17,0,12,0,11,
0,56,255,73,255,229,254,134,1,45,252,121,6,101,255,206,250,127,188,0,253,0,255,0,228,0,91,0,39,0,17,0,12,0,11,
0,56,255,73,255,222,254,134,1,45,252,121,6,8,254,206,250,127,188,0,253,0,255,0,228,0,92,0,38,0,18,0,13,0,11,
0,18,255,101,255,222,254,129,1,85,252,142,6,123,255,214,250,26,191,0,253,0,255,0,228,0,92,0,38,0,18,0,13,0,11,
0,15,255,141,255,209,254,129,1,85,252,142,6,168,255,149,250,162,190,0,252,0,255,0,228,0,92,0,39,0,18,0,13,0,11,
0,19,255,136,255,215,254,129,1,85,252,142,6,21,0,229,249,212,187,0,253,1,0,0,229,0,91,0,38,0,17,0,12,0,11,
0,19,255,136,255,215,254,129,1,85,252,142,6,21,0,229,249,212,186,0,253,0,255,0,229,0,92,0,43,0,17,0,12,0,10,
0,18,255,159,255,222,254,129,1,85,252,142,6,6,255,92,250,219,186,0,252,1,0,0,229,0,92,0,42,0,18,0,12,0,11,
0,14,255,175,255,225,254,129,1,85,252,142,6,27,255,234,250,243,189,0,252,1,0,0,230,0,91,0,40,0,18,0,12,0,11,
0,16,255,195,255,234,254,129,1,85,252,142,6,23,255,173,250,102,190,0,252,1,0,0,230,0,92,0,41,0,19,0,13,0,11,
0,16,255,195,255,234,254,129,1,85,252,142,6,23,255,105,250,23,190,0,253,1,0,0,231,0,92,0,40,0,17,0,12,0,10,
0,18,255,190,255,219,254,129,1,85,252,142,6,241,255,105,250,23,190,0,252,1,0,0,230,0,92,0,40,0,17,0,12,0,11,
0,250,254,157,255,204,254,129,1,85,252,142,6,173,255,115,250,59,188,0,252,1,0,0,231,0,93,0,40,0,19,0,13,0,11,
0,255,254,173,255,184,254,129,1,85,252,142,6,36,255,165,250,46,188,0,252,1,1,0,232,0,92,0,40,0,17,0,13,0,11,
0,255,254,173,255,184,254,62,1,127,252,66,6,127,255,136,250,76,190,0,252,1,0,0,232,0,93,0,40,0,18,0,13,0,11,
0,15,255,194,255,185,254,62,1,127,252,66,6,127,255,136,250,7,190,0,252,1,1,0,232,0,93,0,40,0,17,0,12,0,11,
0,46,255,209,255,177,254,62,1,127,252,66,6,165,255,153,250,7,190,0,252,1,1,0,232,0,94,0,40,0,18,0,13,0,11,
0,46,255,209,255,181,254,62,1,127,252,66,6,132,0,79,250,206,188,0,252,1,0,0,233,0,94,0,40,0,18,0,13,0,11,
0,41,255,234,255,181,254,62,1,127,252,66,6,37,255,128,250,185,187,0,253,1,1,0,233,0,93,0,40,0,17,0,13,0,11,
0,35,255,246,255,197,254,62,1,127,252,66,6,107,255,128,250,175,190,0,252,1,1,0,233,0,94,0,40,0,18,0,13,0,11,
0,18,255,238,255,208,254,62,1,127,252,66,6,107,255,128,250,175,190,0,253,1,2,0,234,0,94,0,40,0,17,0,12,0,11,
0,18,255,238,255,208,254,62,1,127,252,66,6,45,0,110,250,39,190,0,252,1,2,0,235,0,94,0,40,0,17,0,12,0,11,
0,242,254,246,255,192,254,62,1,127,252,66,6,19,0,59,250,73,189,0,252,1,2,0,235,0,94,0,40,0,18,0,13,0,11,
0,31,255,18,0,211,254,62,1,127,252,66,6,214,255,61,250,114,188,0,252,1,2,0,235,0,94,0,40,0,17,0,12,0,11,
0,24,255,19,0,222,254,169,1,54,252,108,6,214,255,61,250,130,190,0,253,1,2,0,236,0,94,0,39,0,17,0,12,0,11,
0,24,255,19,0,222,254,169,1,54,252,108,6,104,0,29,250,130,190,0,252,1,2,0,236,0,95,0,40,0,19,0,13,0,11,
0,55,255,0,0,236,254,169,1,54,252,108,6,64,0,96,250,26,189,0,252,1,2,0,236,0,95,0,40,0,17,0,12,0,11,
0,70,255,254,255,207,254,169,1,54,252,108,6,52,0,4,250,57,190,0,252,1,2,0,236,0,95,0,40,0,18,0,13,0,11,
0,45,255,29,0,199,254,169,1,54,252,108,6,91,0,253,249,5,190,0,253,1,3,0,237,0,95,0,40,0,18,0,13,0,11,
0,45,255,29,0,199,254,169,1,54,252,108,6,91,0,253,249,5,190,0,253,1,2,0,237,0,95,0,40,0,18,0,13,0,11,
0,17,255,37,0,231,254,169,1,54,252,108,6,162,0,157,249,100,188,0,253,1,3,0,238,0,95,0,40,0,17,0,12,0,11,
0,246,254,22,0,251,254,169,1,54,252,108,6,106,0,16,250,200,189,0,253,1,3,0,238,0,96,0,40,0,18,0,12,0,11,
0,246,254,22,0,239,254,169,1,54,252,108,6,150,0,249,249,210,189,0,253,1,3,0,238,0,96,0,41,0,19,0,13,0,11,
0,243,254,23,0,239,254,169,1,54,252,108,6,150,0,132,249,202,189,0,253,1,3,0,238,0,96,0,40,0,18,0,13,0,11,
0,16,255,24,0,3,255,97,1,34,252,226,5,251,0,132,249,202,189,0,253,1,3,0,238,0,96,0,41,0,19,0,13,0,11,
0,230,254,238,255,229,254,97,1,34,252,226,5,248,0,219,249,190,189,0,254,1,3,0,238,0,96,0,40,0,18,0,13,0,11,
0,230,254,238,255,229,254,97,1,34,252,226,5,77,0,232,249,6,189,0,253,1,3,0,237,0,96,0,41,0,18,0,13,0,11,
0,161,254,253,255,201,254,97,1,34,252,226,5,18,1,196,249,210,189,0,254,1,3,0,237,0,96,0,41,0,19,0,13,0,12,
0,174,254,248,255,219,254,97,1,34,252,226,5,18,1,196,249,26,189,0,254,1,3,0,238,0,96,0,40,0,18,0,13,0,11,
0,209,254,241,255,234,254,97,1,34,252,226,5,36,1,60,249,26,189,0,254,1,3,0,238,0,97,0,41,0,18,0,13,0,11,
0,209,254,241,255,234,254,97,1,34,252,226,5,210,0,48,249,3,189,0,254,1,3,0,239,0,96,0,40,0,18,0,12,0,11,
0,242,254,248,255,10,255,97,1,34,252,226,5,157,0,94,249,38,189,0,254,1,3,0,238,0,97,0,41,0,19,0,13,0,11,
0,249,254,249,255,9,255,97,1,34,252,226,5,157,0,127,249,131,189,0,254,1,3,0,238,0,97,0,41,0,18,0,13,0,11,
0,199,254,225,255,239,254,97,1,34,252,226,5,115,0,127,249,131,189,0,255,1,4,0,238,0,96,0,40,0,17,0,12,0,11,
0,199,254,225,255,239,254,73,1,79,252,60,6,85,1,8,249,97,190,0,254,1,3,0,238,0,97,0,41,0,19,0,13,0,11,
0,206,254,208,255,229,254,73,1,79,252,60,6,147,1,228,248,238,189,0,255,1,3,0,238,0,96,0,40,0,17,0,13,0,11,
0,248,254,189,255,213,254,73,1,79,252,60,6,226,0,253,248,171,188,0,254,1,3,0,238,0,96,0,40,0,17,0,12,0,11,
0,248,254,189,255,215,254,73,1,79,252,60,6,226,0,253,248,126,189,0,253,1,3,0,238,0,97,0,41,0,19,0,13,0,12,
0,218,254,173,255,215,254,73,1,79,252,60,6,52,0,236,248,126,189,0,254,1,3,0,238,0,96,0,40,0,18,0,12,0,11,
0,211,254,162,255,217,254,73,1,79,252,60,6,12,1,243,248,140,190,0,253,1,3,0,238,0,97,0,41,0,18,0,13,0,11,
0,197,254,163,255,229,254,73,1,79,252,60,6,144,1,148,248,65,190,0,253,1,3,0,238,0,96,0,40,0,18,0,12,0,11,
0,197,254,163,255,229,254,73,1,79,252,60,6,132,1,12,248,75,188,0,252,1,2,0,238,0,97,0,41,0,19,0,13,0,11,
0,176,254,161,255,234,254,73,1,79,252,60,6,132,1,12,248,75,188,0,252,1,3,0,237,0,96,0,41,0,19,0,13,0,11,
0,164,254,133,255,207,254,73,1,79,252,60,6,43,0,129,248,55,188,0,252,1,3,0,237,0,96,0,40,0,17,0,12,0,11,
0,139,254,130,255,198,254,73,1,79,252,200,5,165,0,208,248,156,190,0,251,1,2,0,237,0,96,0,41,0,19,0,13,0,11,
0,139,254,130,255,198,254,139,1,64,252,200,5,236,0,126,248,138,190,0,251,1,2,0,237,0,96,0,40,0,18,0,12,0,11,
0,88,254,116,255,198,254,139,1,64,252,200,5,236,0,120,248,150,190,0,251,1,2,0,236,0,96,0,40,0,18,0,13,0,11,
0,91,254,81,255,214,254,139,1,64,252,200,5,166,1,120,248,150,190,0,250,1,1,0,236,0,96,0,41,0,19,0,13,0,11,
0,94,254,71,255,233,254,139,1,64,252,200,5,48,1,45,248,135,187,0,250,1,2,0,236,0,96,0,40,0,18,0,13,0,11,
0,94,254,71,255,233,254,139,1,64,252,200,5,24,0,136,248,213,188,0,250,1,1,0,235,0,96,0,41,0,19,0,13,0,11,
0,98,254,47,255,241,254,139,1,64,252,200,5,81,0,234,248,69,191,0,250,1,1,0,235,0,95,0,40,0,18,0,13,0,11,
0,66,254,47,255,251,254,139,1,64,252,200,5,81,0,234,248,69,191,0,249,1,1,0,235,0,96,0,40,0,18,0,13,0,11,
0,66,254,47,255,230,254,139,1,64,252,200,5,63,1,155,248,39,190,0,250,1,1,0,235,0,95,0,40,0,19,0,13,0,11,
0,98,254,59,255,230,254,139,1,64,252,200,5,48,1,2,248,81,188,0,250,1,0,0,234,0,95,0,40,0,18,0,13,0,11,
0,117,254,59,255,214,254,139,1,64,252,200,5,144,255,159,248,208,187,0,250,1,0,0,234,0,95,0,40,0,18,0,12,0,11,
0,66,254,41,255,208,254,120,1,56,252,146,6,144,255,190,248,232,191,0,249,0,255,0,233,0,95,0,41,0,19,0,13,0,11,
0,66,254,41,255,208,254,120,1,56,252,146,6,144,0,190,248,232,191,0,249,0,255,0,233,0,95,0,40,0,18,0,12,0,11,
0,52,254,32,255,205,254,120,1,56,252,146,6,16,1,96,248,99,190,0,249,0,255,0,233,0,94,0,40,0,19,0,13,0,11,
0,99,254,46,255,211,254,120,1,56,252,146,6,145,0,64,248,173,188,0,249,0,255,0,232,0,94,0,40,0,18,0,12,0,11,
0,103,254,22,255,237,254,120,1,56,252,146,6,253,255,92,248,92,188,0,249,0,255,0,232,0,94,0,40,0,17,0,12,0,11,
0,103,254,22,255,237,254,120,1,56,252,146,6,253,255,92,248,93,189,0,248,0,254,0,231,0,95,0,40,0,19,0,13,0,11,
0,51,254,23,255,215,254,120,1,56,252,146,6,235,255,238,248,93,189,0,249,0,254,0,231,0,94,0,40,0,17,0,12,0,11,
0,254,253,255,254,202,254,120,1,56,252,146,6,189,255,209,248,124,190,0,249,0,254,0,230,0,94,0,40,0,18,0,13,0,11,
0,57,254,255,254,182,254,120,1,56,252,146,6,74,0,169,248,245,189,0,249,0,254,0,230,0,93,0,34,0,17,0,13,0,11,
0,57,254,236,254,182,254,120,1,56,252,146,6,74,0,155,248,119,189,0,248,0,253,0,229,0,93,0,36,0,17,0,13,0,12,
0,61,254,6,255,171,254,88,1,77,252,63,6,112,0,155,248,119,189,0,249,0,253,0,229,0,93,0,36,0,16,0,12,0,11,
0,35,254,13,255,164,254,88,1,77,252,63,6,219,255,43,249,243,189,0,249,0,252,0,229,0,93,0,38,0,17,0,13,0,12,
0,35,254,13,255,158,254,88,1,77,252,63,6,153,255,205,248,62,189,0,248,0,252,0,228,0,93,0,38,0,17,0,13,0,12,
0,27,254,243,254,158,254,88,1,77,252,63,6,11,0,29,249,252,189,0,249,0,252,0,228,0,92,0,38,0,16,0,12,0,11,
0,33,254,243,254,163,254,88,1,77,252,63,6,11,0,29,249,85,189,0,249,0,252,0,228,0,93,0,39,0,18,0,13,0,12,
0,25,254,254,254,167,254,88,1,77,252,63,6,11,0,213,248,85,189,0,249,0,252,0,228,0,92,0,38,0,17,0,12,0,11,
0,25,254,254,254,167,254,88,1,77,252,63,6,237,255,211,248,20,188,0,249,0,252,0,227,0,92,0,39,0,17,0,12,0,11,
0,23,254,8,255,166,254,88,1,77,252,63,6,102,255,108,249,131,190,0,250,0,252,0,227,0,92,0,38,0,18,0,13,0,12,
0,37,254,222,254,172,254,88,1,77,252,63,6,129,0,22,249,228,189,0,249,0,251,0,227,0,92,0,39,0,17,0,13,0,11,
0,52,254,215,254,170,254,88,1,77,252,63,6,129,0,22,249,228,189,0,249,0,251,0,226,0,91,0,39,0,18,0,13,0,11,
0,52,254,215,254,170,254,107,1,19,252,234,5,8,0,53,249,149,188,0,250,0,251,0,226,0,91,0,38,0,17,0,12,0,11,
0,42,254,224,254,123,254,107,1,19,252,234,5,61,255,90,249,94,190,0,249,0,251,0,226,0,92,0,39,0,17,0,13,0,11,
0,229,253,237,254,129,254,107,1,19,252,234,5,65,255,75,249,35,189,0,249,0,250,0,225,0,91,0,39,0,18,0,13,0,11,
0,4,254,237,254,150,254,107,1,19,252,234,5,65,255,183,249,199,190,0,249,0,251,0,225,0,91,0,38,0,17,0,12,0,11,
0,4,254,241,254,150,254,107,1,19,252,234,5,204,255,183,249,199,190,0,249,0,250,0,224,0,91,0,39,0,17,0,13,0,11,
0,27,254,204,254,152,254,107,1,19,252,234,5,48,0,102,249,198,188,0,249,0,250,0,225,0,90,0,38,0,17,0,12,0,11,
0,5,254,224,254,134,254,107,1,19,252,234,5,82,255,128,249,228,188,0,249,0,250,0,224,0,91,0,38,0,17,0,12,0,11,
0,5,254,224,254,151,254,107,1,19,252,234,5,243,254,139,249,73,190,0,249,0,249,0,223,0,91,0,38,0,20,0,13,0,11,
0,12,254,252,254,151,254,107,1,19,252,234,5,243,254,139,249,109,190,0,249,0,249,0,223,0,90,0,38,0,18,0,13,0,11,
0,50,254,5,255,142,254,107,1,19,252,234,5,249,255,142,249,109,190,0,249,0,249,0,223,0,90,0,38,0,19,0,13,0,11,
0,41,254,1,255,172,254,50,1,111,252,177,6,73,255,102,249,32,189,0,249,0,249,0,223,0,90,0,42,0,19,0,12,0,11,
0,41,254,1,255,172,254,50,1,111,252,177,6,29,255,85,249,163,189,0,249,0,249,0,222,0,90,0,41,0,19,0,12,0,11,
0,229,253,234,254,180,254,50,1,111,252,177,6,29,255,249,249,76,191,0,248,0,249,0,222,0,90,0,41,0,20,0,13,0,11,
0,206,253,231,254,148,254,50,1,111,252,177,6,83,255,249,249,76,191,0,248,0,249,0,222,0,89,0,40,0,19,0,13,0,11,
0,2,254,251,254,149,254,50,1,111,252,177,6,18,0,11,249,193,187,0,248,0,249,0,222,0,90,0,40,0,19,0,14,0,11,
0,2,254,251,254,149,254,50,1,111,252,177,6,153,254,147,249,158,188,0,248,0,249,0,222,0,89,0,39,0,18,0,13,0,11,
0,247,253,19,255,134,254,50,1,111,252,177,6,109,254,210,249,18,191,0,248,0,249,0,221,0,89,0,39,0,18,0,13,0,11,
0,190,253,32,255,131,254,50,1,111,252,177,6,109,254,210,249,179,190,0,247,0,249,0,221,0,89,0,39,0,19,0,13,0,11,
0,228,253,32,255,110,254,50,1,111,252,177,6,123,0,97,249,179,190,0,248,0,249,0,221,0,88,0,38,0,18,0,12,0,11,
0,228,253,20,255,110,254,50,1,111,252,177,6,242,255,38,249,60,187,0,247,0,249,0,221,0,89,0,38,0,19,0,13,0,11,
0,250,253,22,255,82,254,50,1,111,252,177,6,4,254,167,249,29,188,0,248,0,249,0,222,0,88,0,38,0,17,0,12,0,11,
0,213,253,4,255,82,254,181,1,247,251,192,6,66,255,179,249,235,190,0,247,0,249,0,221,0,89,0,38,0,18,0,12,0,11,
0,213,253,4,255,86,254,181,1,247,251,192,6,66,255,179,249,235,190,0,248,0,249,0,222,0,88,0,37,0,18,0,13,0,11,
0,183,253,31,255,86,254,181,1,247,251,192,6,117,0,102,249,89,190,0,248,0,249,0,221,0,88,0,37,0,17,0,13,0,11,
0,198,253,56,255,117,254,181,1,247,251,192,6,217,255,52,249,75,187,0,247,0,249,0,221,0,89,0,38,0,18,0,13,0,11,
0,5,254,42,255,131,254,181,1,247,251,192,6,192,253,22,250,76,189,0,248,0,249,0,222,0,88,0,37,0,17,0,12,0,11,
0,5,254,42,255,131,254,181,1,247,251,192,6,192,253,22,249,30,192,0,247,0,249,0,221,0,89,0,38,0,18,0,13,0,11,
0,10,254,50,255,136,254,181,1,247,251,192,6,182,255,204,249,30,192,0,247,0,249,0,222,0,89,0,38,0,18,0,13,0,11,
0,252,253,36,255,121,254,181,1,247,251,192,6,68,0,52,249,130,188,0,247,0,249,0,221,0,89,0,38,0,18,0,13,0,11,
0,236,253,19,255,94,254,181,1,247,251,192,6,72,255,179,249,200,187,0,247,0,249,0,221,0,89,0,38,0,18,0,13,0,11,
0,236,253,19,255,94,254,181,1,247,251,192,6,174,254,37,250,182,188,0,248,0,249,0,221,0,88,0,37,0,17,0,12,0,11,
0,231,253,3,255,112,254,126,1,13,252,81,6,174,254,37,250,182,188,0,247,0,248,0,220,0,89,0,38,0,18,0,13,0,11,
0,219,253,3,255,111,254,126,1,13,252,81,6,169,255,65,250,64,190,0,247,0,248,0,220,0,89,0,38,0,18,0,13,0,11,
0,219,253,3,255,79,254,126,1,13,252,81,6,242,255,203,249,238,189,0,247,0,248,0,220,0,88,0,38,0,18,0,13,0,11,
0,214,253,239,254,79,254,126,1,13,252,81,6,237,255,59,249,180,187,0,247,0,248,0,221,0,88,0,38,0,18,0,13,0,11,
0,20,254,245,254,70,254,126,1,13,252,81,6,237,255,181,249,153,187,0,247,0,248,0,222,0,88,0,37,0,17,0,12,0,11,
0,12,254,20,255,60,254,126,1,13,252,81,6,81,255,181,249,153,187,0,246,0,248,0,222,0,88,0,37,0,18,0,12,0,11,
0,12,254,20,255,71,254,126,1,13,252,81,6,9,255,51,250,238,188,0,246,0,249,0,222,0,89,0,38,0,18,0,13,0,11,
0,225,253,30,255,71,254,126,1,13,252,81,6,235,255,241,249,90,190,0,246,0,249,0,222,0,89,0,38,0,18,0,13,0,11,
0,0,254,0,255,75,254,126,1,13,252,81,6,189,255,71,249,68,188,0,245,0,248,0,222,0,89,0,38,0,18,0,13,0,11,
0,38,254,233,254,99,254,126,1,13,252,81,6,189,255,71,249,45,188,0,245,0,249,0,222,0,88,0,37,0,17,0,12,0,11,
0,38,254,233,254,99,254,84,1,62,252,159,6,233,255,111,249,45,188,0,245,0,248,0,222,0,88,0,37,0,17,0,12,0,11,
0,23,254,233,254,83,254,84,1,62,252,159,6,86,255,230,249,30,189,0,244,0,248,0,222,0,89,0,38,0,18,0,13,0,11,
0,239,253,235,254,78,254,84,1,62,252,159,6,92,255,64,250,208,190,0,244,0,249,0,222,0,88,0,37,0,17,0,12,0,11,
0,25,254,254,254,82,254,84,1,62,252,159,6,92,255,94,249,75,188,0,244,0,248,0,222,0,89,0,37,0,18,0,13,0,11,
0,25,254,254,254,82,254,84,1,62,252,159,6,91,0,94,249,75,188,0,244,0,249,0,223,0,88,0,37,0,17,0,12,0,11,
0,32,254,225,254,75,254,84,1,62,252,159,6,42,255,143,249,142,188,0,244,0,249,0,223,0,88,0,37,0,17,0,12,0,11,
0,244,253,206,254,65,254,84,1,62,252,159,6,224,254,212,249,49,189,0,243,0,248,0,222,0,89,0,38,0,18,0,13,0,11,
0,244,253,206,254,65,254,84,1,62,252,159,6,198,255,195,249,34,191,0,243,0,248,0,223,0,89,0,38,0,18,0,13,0,11,
0,4,254,197,254,65,254,84,1,62,252,159,6,198,255,195,249,177,186,0,243,0,248,0,223,0,89,0,38,0,19,0,13,0,11,
0,6,254,191,254,66,254,84,1,62,252,159,6,124,0,4,249,177,186,0,243,0,248,0,223,0,89,0,37,0,17,0,13,0,11,
0,9,254,181,254,60,254,179,1,38,252,105,6,233,254,226,249,222,187,0,243,0,248,0,223,0,89,0,37,0,18,0,13,0,11,
0,9,254,181,254,46,254,179,1,38,252,105,6,50,255,78,250,94,191,0,243,0,248,0,223,0,90,0,38,0,18,0,13,0,11,
0,209,253,159,254,46,254,179,1,38,252,105,6,209,0,106,249,4,190,0,243,0,248,0,223,0,89,0,38,0,18,0,13,0,11,
0,250,253,147,254,71,254,179,1,38,252,105,6,209,0,106,249,4,190,0,243,0,248,0,224,0,89,0,38,0,16,0,12,0,11,
0,239,253,138,254,83,254,179,1,38,252,105,6,198,255,67,249,233,186,0,243,0,247,0,223,0,90,0,38,0,19,0,13,0,12,
0,239,253,138,254,83,254,179,1,38,252,105,6,123,254,211,249,65,188,0,243,0,248,0,224,0,89,0,38,0,16,0,12,0,11,
0,248,253,153,254,60,254,179,1,38,252,105,6,58,255,248,249,255,190,0,243,0,247,0,224,0,90,0,38,0,17,0,13,0,11,
0,236,253,186,254,61,254,179,1,38,252,105,6,58,255,184,249,201,190,0,244,0,247,0,224,0,89,0,37,0,16,0,13,0,11,
0,0,254,177,254,75,254,179,1,38,252,105,6,56,0,184,249,201,190,0,244,0,248,0,224,0,89,0,37,0,16,0,12,0,11,
0,0,254,177,254,75,254,179,1,38,252,105,6,190,255,108,249,207,186,0,244,0,247,0,224,0,90,0,38,0,17,0,13,0,11,
0,4,254,173,254,71,254,179,1,38,252,105,6,212,253,102,250,241,189,0,244,0,247,0,224,0,89,0,37,0,16,0,12,0,11,
0,254,253,166,254,55,254,87,1,66,252,93,6,104,255,249,249,51,192,0,244,0,247,0,223,0,90,0,38,0,19,0,13,0,11,
0,254,253,166,254,43,254,87,1,66,252,93,6,104,255,249,249,51,188,0,245,0,247,0,224,0,90,0,38,0,17,0,13,0,11,
0,233,253,157,254,43,254,87,1,66,252,93,6,90,0,69,249,77,188,0,244,0,247,0,223,0,90,0,38,0,19,0,13,0,11,
0,227,253,156,254,51,254,87,1,66,252,93,6,255,253,10,250,35,188,0,245,0,247,0,224,0,89,0,37,0,16,0,12,0,10,
0,230,253,133,254,46,254,87,1,66,252,93,6,191,254,57,250,234,191,0,245,0,246,0,223,0,89,0,37,0,18,0,12,0,11,
0,230,253,133,254,46,254,87,1,66,252,93,6,191,254,191,249,33,189,0,245,0,246,0,223,0,90,0,38,0,19,0,13,0,11,
0,238,253,115,254,35,254,87,1,66,252,93,6,197,255,191,249,33,189,0,246,0,246,0,223,0,90,0,38,0,19,0,13,0,11,
0,224,253,143,254,30,254,87,1,66,252,93,6,141,255,93,249,196,187,0,245,0,246,0,222,0,89,0,38,0,19,0,13,0,11,
0,230,253,160,254,14,254,87,1,66,252,93,6,29,254,9,250,62,189,0,246,0,246,0,223,0,89,0,37,0,17,0,12,0,11,
0,230,253,160,254,14,254,87,1,66,252,93,6,253,254,63,250,78,191,0,246,0,245,0,222,0,89,0,37,0,18,0,13,0,11,
0,205,253,220,254,25,254,178,1,49,252,86,6,253,254,63,250,102,190,0,246,0,245,0,222,0,89,0,38,0,19,0,13,0,12,
0,149,253,174,254,34,254,178,1,49,252,86,6,57,255,10,250,102,190,0,246,0,245,0,222,0,89,0,38,0,18,0,13,0,11,
0,208,253,170,254,29,254,178,1,49,252,86,6,183,255,41,250,61,190,0,246,0,245,0,221,0,89,0,38,0,18,0,13,0,11,
0,208,253,170,254,29,254,178,1,49,252,86,6,91,255,167,249,148,188,0,247,0,245,0,221,0,89,0,37,0,17,0,12,0,11,
0,246,253,172,254,37,254,178,1,49,252,86,6,123,254,242,249,60,188,0,247,0,245,0,221,0,89,0,37,0,17,0,13,0,11,
0,219,253,185,254,41,254,178,1,49,252,86,6,123,254,242,249,60,188,0,247,0,245,0,220,0,89,0,33,0,18,0,13,0,12,
0,219,253,185,254,38,254,178,1,49,252,86,6,241,254,142,250,173,190,0,247,0,245,0,221,0,89,0,33,0,17,0,13,0,12,
0,148,253,207,254,38,254,178,1,49,252,86,6,103,255,98,250,38,190,0,247,0,244,0,220,0,88,0,35,0,17,0,13,0,11,
0,176,253,196,254,44,254,178,1,49,252,86,6,115,255,18,250,184,189,0,247,0,245,0,220,0,87,0,35,0,16,0,12,0,11,
0,226,253,202,254,63,254,178,1,49,252,86,6,115,255,18,250,2,190,0,247,0,245,0,220,0,88,0,35,0,17,0,12,0,11,
0,226,253,202,254,63,254,119,1,16,252,248,5,98,255,117,250,2,190,0,247,0,245,0,220,0,88,0,36,0,18,0,13,0,11,
0,195,253,167,254,36,254,119,1,16,252,248,5,17,255,134,250,217,190,0,248,0,245,0,220,0,88,0,36,0,17,0,13,0,11,
0,139,253,152,254,2,254,119,1,16,252,248,5,94,255,19,250,88,188,0,248,0,245,0,219,0,88,0,36,0,18,0,13,0,11,
0,144,253,168,254,26,254,119,1,16,252,248,5,29,255,132,250,128,189,0,249,0,245,0,219,0,87,0,36,0,17,0,12,0,11,
0,144,253,168,254,26,254,119,1,16,252,248,5,29,255,132,250,128,189,0,249,0,245,0,219,0,87,0,36,0,17,0,12,0,11,
0,171,253,209,254,11,254,119,1,16,252,248,5,155,254,21,251,54,190,0,249,0,244,0,218,0,87,0,37,0,18,0,13,0,11,
0,154,253,217,254,18,254,119,1,16,252,248,5,147,255,53,250,166,190,0,250,0,245,0,219,0,87,0,37,0,17,0,12,0,11,
0,128,253,228,254,27,254,119,1,16,252,248,5,55,255,105,250,35,189,0,249,0,245,0,218,0,88,0,37,0,18,0,13,0,11,
0,128,253,228,254,27,254,119,1,16,252,248,5,55,255,150,250,67,188,0,250,0,245,0,218,0,87,0,36,0,17,0,12,0,11,
0,125,253,228,254,49,254,119,1,16,252,248,5,222,254,150,250,67,188,0,250,0,245,0,217,0,87,0,37,0,18,0,13,0,12,
0,139,253,235,254,47,254,134,1,39,252,0,6,119,254,227,250,111,189,0,251,0,245,0,217,0,87,0,37,0,18,0,13,0,12,
0,139,253,235,254,38,254,134,1,39,252,0,6,253,254,38,251,144,190,0,251,0,245,0,217,0,87,0,37,0,17,0,13,0,12,
0,140,253,209,254,38,254,134,1,39,252,0,6,243,254,17,251,110,190,0,252,0,245,0,216,0,86,0,36,0,17,0,13,0,12,
0,145,253,204,254,16,254,134,1,39,252,0,6,243,254,17,251,161,189,0,252,0,245,0,216,0,87,0,37,0,18,0,13,0,11,
0,135,253,208,254,23,254,134,1,39,252,0,6,120,255,139,250,161,189,0,253,0,245,0,216,0,86,0,36,0,17,0,12,0,11,
0,135,253,208,254,23,254,134,1,39,252,0,6,90,255,216,250,6,189,0,253,0,245,0,215,0,87,0,37,0,18,0,13,0,11,
0,135,253,195,254,250,253,134,1,39,252,0,6,205,254,193,250,67,188,0,254,0,245,0,215,0,86,0,36,0,17,0,13,0,11,
0,152,253,166,254,19,254,134,1,39,252,0,6,205,254,8,251,29,190,0,254,0,245,0,215,0,87,0,41,0,19,0,12,0,11,
0,123,253,163,254,32,254,134,1,39,252,0,6,185,254,8,251,29,190,0,254,0,246,0,215,0,86,0,40,0,18,0,12,0,10,
0,123,253,163,254,32,254,134,1,39,252,0,6,255,254,24,251,143,188,0,255,0,245,0,215,0,86,0,38,0,18,0,12,0,11,
0,126,253,175,254,39,254,134,1,39,252,0,6,173,254,42,251,87,189,0,255,0,245,0,215,0,86,0,38,0,19,0,13,0,11,
0,132,253,166,254,21,254,200,1,245,251,243,6,224,254,90,251,173,190,0,255,0,246,0,215,0,86,0,37,0,17,0,13,0,11,
0,106,253,178,254,245,253,200,1,245,251,243,6,224,254,90,251,18,189,0,255,0,245,0,215,0,86,0,37,0,19,0,13,0,11,
0,106,253,178,254,245,253,200,1,245,251,243,6,184,255,24,251,18,189,1,0,0,246,0,215,0,85,0,37,0,17,0,13,0,11,
0,125,253,194,254,216,253,200,1,245,251,243,6,117,255,202,250,157,187,0,255,0,246,0,215,0,86,0,36,0,17,0,12,0,11,
0,117,253,215,254,214,253,200,1,245,251,243,6,249,254,73,251,248,187,1,0,0,247,0,215,0,86,0,36,0,18,0,13,0,11,
0,117,253,215,254,217,253,200,1,245,251,243,6,113,254,154,251,60,189,1,0,0,247,0,215,0,86,0,36,0,17,0,13,0,11,
0,110,253,212,254,217,253,200,1,245,251,243,6,113,254,154,251,60,189,1,0,0,247,0,215,0,85,0,36,0,17,0,12,0,11,
0,126,253,211,254,221,253,200,1,245,251,243,6,67,255,133,251,164,189,1,0,0,246,0,215,0,86,0,37,0,18,0,13,0,12,
0,155,253,202,254,211,253,200,1,245,251,243,6,185,255,75,251,195,189,1,0,0,246,0,216,0,85,0,36,0,17,0,12,0,11,
0,155,253,202,254,211,253,200,1,245,251,243,6,143,255,184,250,109,187,1,0,0,246,0,216,0,86,0,37,0,18,0,13,0,11,
0,126,253,231,254,219,253,99,1,47,252,4,6,143,255,184,251,25,189,1,0,0,247,0,217,0,86,0,36,0,17,0,12,0,11,
0,118,253,225,254,220,253,99,1,47,252,4,6,101,255,73,251,25,189,1,0,0,247,0,217,0,87,0,37,0,18,0,13,0,11,
0,143,253,209,254,214,253,99,1,47,252,4,6,244,254,92,251,46,189,1,0,0,247,0,218,0,86,0,36,0,17,0,12,0,11,
0,143,253,209,254,214,253,99,1,47,252,4,6,38,255,116,251,252,188,0,255,0,247,0,218,0,87,0,37,0,18,0,13,0,11,
0,137,253,174,254,211,253,99,1,47,252,4,6,78,255,113,251,16,189,1,0,0,247,0,218,0,87,0,36,0,18,0,13,0,11,
0,111,253,160,254,210,253,99,1,47,252,4,6,78,255,113,251,16,189,1,0,0,247,0,219,0,86,0,36,0,17,0,12,0,11,
0,112,253,184,254,223,253,99,1,47,252,4,6,100,255,102,251,186,189,0,255,0,247,0,218,0,87,0,37,0,18,0,13,0,11,
0,112,253,184,254,223,253,99,1,47,252,4,6,205,255,43,251,3,189,1,0,0,247,0,219,0,87,0,36,0,17,0,12,0,11,
0,104,253,198,254,232,253,99,1,47,252,4,6,150,255,18,251,43,188,0,255,0,247,0,219,0,87,0,37,0,18,0,13,0,11,
0,88,253,205,254,244,253,99,1,47,252,4,6,150,255,13,251,91,187,1,0,0,247,0,219,0,87,0,37,0,18,0,13,0,11,
0,88,253,205,254,241,253,100,1,225,251,72,6,56,255,13,251,91,187,1,0,0,247,0,219,0,87,0,36,0,17,0,12,0,11,
0,108,253,192,254,241,253,100,1,225,251,72,6,187,254,47,251,45,189,1,0,0,247,0,219,0,87,0,37,0,18,0,13,0,11,
0,123,253,199,254,219,253,100,1,225,251,72,6,208,254,68,251,172,189,1,0,0,247,0,220,0,87,0,36,0,17,0,12,0,11,
0,125,253,220,254,243,253,100,1,225,251,72,6,155,255,96,251,101,190,1,0,0,247,0,220,0,87,0,37,0,18,0,13,0,11,
0,125,253,220,254,243,253,100,1,225,251,72,6,155,255,96,251,177,187,1,0,0,247,0,220,0,87,0,37,0,18,0,13,0,11,
0,110,253,221,254,233,253,100,1,225,251,72,6,219,255,6,251,177,187,1,1,0,247,0,221,0,87,0,36,0,17,0,12,0,11,
0,78,253,228,254,230,253,100,1,225,251,72,6,119,255,32,251,179,186,1,0,0,247,0,220,0,88,0,37,0,18,0,13,0,11,
0,74,253,225,254,225,253,100,1,225,251,72,6,117,254,136,251,29,188,1,1,0,248,0,221,0,87,0,36,0,17,0,12,0,11,
0,74,253,225,254,225,253,100,1,225,251,72,6,117,254,160,251,137,189,1,0,0,247,0,220,0,88,0,37,0,17,0,12,0,11,
0,73,253,228,254,230,253,100,1,225,251,72,6,45,255,160,251,137,189,1,1,0,248,0,221,0,88,0,37,0,18,0,13,0,11,
0,80,253,226,254,252,253,110,1,251,251,6,6,74,0,46,251,72,189,1,1,0,248,0,221,0,88,0,37,0,19,0,13,0,12,
0,99,253,226,254,0,254,110,1,251,251,6,6,149,255,51,251,139,188,1,1,0,248,0,221,0,88,0,37,0,17,0,12,0,11,
0,99,253,218,254,0,254,110,1,251,251,6,6,250,255,24,251,210,188,1,1,0,248,0,221,0,88,0,37,0,18,0,13,0,11,
0,97,253,226,254,255,253,110,1,251,251,6,6,250,255,24,251,21,188,1,1,0,248,0,221,0,88,0,37,0,17,0,13,0,11,
0,100,253,206,254,4,254,110,1,251,251,6,6,149,255,11,251,21,188,1,1,0,248,0,221,0,88,0,37,0,18,0,13,0,12,
0,100,253,206,254,254,253,110,1,251,251,6,6,3,255,42,251,248,187,1,1,0,248,0,222,0,88,0,37,0,17,0,12,0,11,
0,102,253,203,254,254,253,110,1,251,251,6,6,202,254,71,251,103,189,1,1,0,248,0,222,0,88,0,37,0,17,0,13,0,11,
0,67,253,222,254,247,253,110,1,251,251,6,6,122,255,16,251,127,189,1,1,0,247,0,221,0,89,0,38,0,18,0,13,0,11,
0,48,253,7,255,234,253,110,1,251,251,6,6,122,255,16,251,127,189,1,1,0,248,0,222,0,88,0,37,0,17,0,13,0,11,
0,48,253,7,255,234,253,110,1,251,251,6,6,219,255,242,250,45,188,1,1,0,248,0,221,0,89,0,37,0,18,0,13,0,11,
0,49,253,248,254,229,253,110,1,251,251,160,5,93,255,229,250,20,188,1,2,0,248,0,221,0,88,0,37,0,19,0,13,0,11,
0,12,253,249,254,223,253,125,1,4,252,160,5,78,255,251,250,248,188,1,1,0,248,0,220,0,88,0,37,0,18,0,13,0,11,
0,19,253,252,254,227,253,125,1,4,252,160,5,78,255,143,251,51,190,1,2,0,248,0,221,0,88,0,37,0,17,0,12,0,11,
0,19,253,252,254,227,253,125,1,4,252,160,5,219,254,143,251,51,190,1,2,0,248,0,220,0,88,0,37,0,17,0,12,0,11,
0,13,253,255,254,245,253,125,1,4,252,160,5,134,255,18,251,9,190,1,2,0,247,0,220,0,88,0,38,0,18,0,13,0,12,
0,252,252,224,254,222,253,125,1,4,252,160,5,100,0,169,250,40,189,1,2,0,248,0,220,0,88,0,37,0,19,0,13,0,11,
0,38,253,224,254,214,253,125,1,4,252,160,5,177,255,171,250,95,187,1,3,0,248,0,219,0,88,0,37,0,17,0,13,0,11,
0,38,253,202,254,214,253,125,1,4,252,160,5,177,255,171,250,95,187,1,3,0,247,0,218,0,88,0,37,0,18,0,13,0,12,
0,237,252,219,254,210,253,125,1,4,252,160,5,174,254,4,251,118,188,1,3,0,247,0,218,0,87,0,37,0,17,0,12,0,11,
0,213,252,216,254,227,253,125,1,4,252,160,5,85,254,93,251,160,190,1,4,0,247,0,217,0,87,0,37,0,18,0,13,0,11,
0,213,252,216,254,240,253,125,1,4,252,160,5,33,0,13,251,92,190,1,4,0,247,0,217,0,87,0,37,0,18,0,13,0,11,
0,208,252,212,254,240,253,190,1,144,251,152,6,33,0,4,251,83,189,1,4,0,246,0,216,0,87,0,37,0,18,0,13,0,11,
0,236,252,246,254,243,253,190,1,144,251,152,6,45,255,4,251,83,189,1,5,0,246,0,216,0,87,0,36,0,17,0,12,0,11,
0,227,252,254,254,233,253,190,1,144,251,152,6,252,254,248,250,205,188,1,5,0,246,0,215,0,87,0,37,0,18,0,13,0,12,
0,227,252,254,254,233,253,190,1,144,251,152,6,119,254,247,250,110,189,1,6,0,245,0,215,0,87,0,37,0,18,0,13,0,11,
0,194,252,248,254,196,253,190,1,144,251,152,6,10,255,22,251,192,189,1,6,0,245,0,215,0,86,0,36,0,18,0,13,0,11,
0,145,252,6,255,187,253,190,1,144,251,152,6,10,255,22,251,35,190,1,6,0,245,0,214,0,86,0,37,0,18,0,13,0,11,
0,106,252,255,254,188,253,190,1,144,251,152,6,37,255,238,250,35,190,1,7,0,245,0,214,0,85,0,36,0,17,0,12,0,11,
0,106,252,255,254,188,253,190,1,144,251,152,6,254,254,37,251,223,189,1,8,0,245,0,213,0,85,0,36,0,17,0,12,0,11,
0,86,252,243,254,197,253,190,1,144,251,152,6,229,254,12,251,188,188,1,8,0,244,0,212,0,85,0,36,0,18,0,13,0,11,
0,64,252,14,255,199,253,190,1,144,251,152,6,229,254,146,250,114,188,1,8,0,244,0,212,0,84,0,35,0,18,0,13,0,11,
0,80,252,14,255,186,253,131,1,224,251,1,6,187,254,146,250,114,188,1,8,0,243,0,211,0,84,0,36,0,17,0,12,0,11,
0,80,252,28,255,186,253,131,1,224,251,1,6,107,254,57,251,209,188,1,8,0,243,0,211,0,84,0,35,0,16,0,12,0,10,
0,30,252,15,255,173,253,131,1,224,251,1,6,255,253,76,251,27,190,1,8,0,243,0,211,0,84,0,30,0,17,0,13,0,12,
0,251,251,1,255,181,253,131,1,224,251,1,6,111,252,150,245,208,188,0,185,0,254,0,222,0,84,0,31,0,16,0,12,0,11,
0,251,251,1,255,196,253,131,1,224,251,1,6,111,252,150,245,239,182,0,144,1,24,0,247,0,88,0,33,0,16,0,13,0,11,
0,226,251,7,255,196,253,131,1,224,251,1,6,37,252,28,203,239,182,1,90,1,63,1,67,0,101,0,38,0,18,0,14,0,12,
0,229,252,220,254,35,253,131,1,224,251,1,6,105,41,88,69,187,232,0,170,1,58,1,87,0,108,0,38,0,16,0,12,0,11,
0,252,253,39,254,110,252,131,1,224,251,1,6,244,20,43,192,90,220,0,132,1,67,1,83,0,115,0,41,0,18,0,12,0,11,
0,252,253,39,254,110,252,131,1,224,251,1,6,226,23,203,203,95,226,0,134,1,84,1,80,0,122,0,45,0,20,0,14,0,12,
0,200,1,135,251,114,251,131,1,224,251,1,6,226,23,203,203,95,226,0,133,1,82,1,73,0,126,0,47,0,19,0,13,0,11,
0,24,8,99,246,219,250,1,2,229,251,124,6,99,40,208,9,153,24,0,134,1,71,1,21,0,122,0,47,0,20,0,12,0,10,
0,125,14,186,239,191,251,1,2,229,251,124,6,66,31,177,40,78,27,0,136,1,53,0,174,0,109,0,47,0,18,0,12,0,11,
0,125,14,186,239,191,251,1,2,229,251,124,6,228,12,105,57,50,39,0,136,0,224,0,135,0,97,0,45,0,19,0,13,0,11,
0,40,18,255,233,104,254,1,2,229,251,124,6,228,12,57,57,196,27,0,136,0,162,0,133,0,87,0,43,0,19,0,13,0,11,
0,161,19,91,230,35,3,1,2,229,251,124,6,100,7,57,57,196,27,0,137,0,159,0,135,0,80,0,41,0,20,0,14,0,12,
0,161,20,91,230,74,8,1,2,229,251,124,6,228,1,60,40,1,14,0,138,0,184,0,138,0,73,0,38,0,18,0,14,0,13,
0,209,20,216,229,74,8,1,2,229,251,124,6,173,2,13,43,10,246,0,139,0,174,0,140,0,68,0,35,0,17,0,12,0,11,
0,41,22,18,234,14,12,1,2,229,251,124,6,26,244,35,50,44,236,0,142,0,137,0,135,0,63,0,32,0,16,0,12,0,10,
0,247,20,188,240,153,12,1,2,229,251,124,6,26,244,35,50,44,226,0,148,0,133,0,132,0,60,0,30,0,16,0,12,0,11,
0,247,20,188,240,244,9,1,2,229,251,124,6,199,239,63,31,224,226,0,158,0,133,0,132,0,56,0,27,0,14,0,11,0,11,
0,173,15,142,246,244,9,97,2,70,252,238,6,245,247,162,7,105,207,0,169,0,133,0,132,0,55,0,27,0,15,0,12,0,11,
0,71,8,234,250,88,5,97,2,70,252,238,6,205,2,235,248,56,197,0,195,0,134,0,132,0,54,0,26,0,15,0,13,0,12,
0,91,0,213,254,221,0,97,2,70,252,238,6,205,2,123,236,139,186,0,229,0,137,0,134,0,53,0,25,0,14,0,13,0,13,
0,91,0,213,254,221,0,97,2,70,252,238,6,142,3,123,236,139,186,1,0,0,162,0,170,0,55,0,24,0,14,0,13,0,13,
0,110,249,227,1,239,253,97,2,70,252,238,6,73,5,204,232,228,181,1,17,1,85,1,92,0,77,0,33,0,18,0,14,0,14,
0,207,244,97,2,218,252,97,2,70,252,238,6,128,5,149,232,245,180,1,22,1,80,1,81,0,91,0,35,0,18,0,13,0,12,
0,191,242,83,255,77,253,97,2,70,252,238,6,201,0,123,233,123,176,1,12,1,78,1,78,0,100,0,36,0,15,0,12,0,12,
0,191,242,83,255,77,253,97,2,70,252,238,6,201,0,123,233,52,173,0,247,1,75,1,77,0,107,0,38,0,14,0,11,0,10,
0,74,243,247,248,152,254,97,2,70,252,238,6,60,251,128,235,52,173,0,222,1,69,1,73,0,114,0,41,0,16,0,11,0,10,
0,116,246,29,241,12,0,97,2,70,252,238,6,54,245,211,238,35,169,0,200,1,67,1,72,0,118,0,43,0,15,0,10,0,9,
0,116,246,29,241,44,1,97,2,70,252,238,6,147,238,242,242,146,164,0,183,1,66,1,66,0,121,0,44,0,16,0,11,0,9,
0,158,251,129,233,44,1,100,2,85,252,19,6,253,232,219,243,95,160,0,174,1,63,1,62,0,124,0,47,0,20,0,12,0,10,
0,109,1,119,227,182,1,100,2,85,252,19,6,253,232,219,243,95,160,0,164,1,60,1,39,0,124,0,49,0,19,0,12,0,10,
0,33,7,115,224,12,2,100,2,85,252,19,6,11,216,104,246,91,158,0,161,1,55,0,244,0,118,0,49,0,22,0,13,0,11,
0,33,7,115,224,2,4,100,2,85,252,19,6,180,217,11,247,195,150,0,160,1,53,0,188,0,108,0,47,0,22,0,13,0,11,
0,81,11,104,224,2,4,100,2,85,252,19,6,234,215,102,243,105,167,0,163,1,59,0,146,0,98,0,47,0,22,0,14,0,11,
0,124,13,134,228,50,8,100,2,85,252,19,6,234,215,102,241,141,178,0,170,1,66,0,136,0,87,0,43,0,20,0,13,0,11,
0,49,14,32,235,48,12,100,2,85,252,19,6,110,212,23,241,141,178,0,177,1,65,0,133,0,79,0,40,0,17,0,12,0,11,
0,49,14,32,235,48,12,100,2,85,252,19,6,198,216,200,243,202,186,0,188,1,63,0,133,0,73,0,38,0,18,0,13,0,11,
0,208,13,154,241,181,13,100,2,85,252,19,6,62,217,25,246,58,197,0,200,1,62,0,133,0,68,0,36,0,18,0,12,0,11,
0,179,12,90,247,202,11,100,2,85,252,19,6,16,216,229,248,84,202,0,208,1,59,0,133,0,63,0,33,0,17,0,13,0,11,
0,45,11,181,251,144,7,3,3,106,252,150,6,16,216,229,248,84,202,0,218,1,53,0,132,0,60,0,31,0,16,0,12,0,11,
0,45,11,181,251,144,7,3,3,106,252,150,6,123,222,53,249,144,198,0,230,1,43,0,134,0,57,0,28,0,15,0,12,0,11,
0,131,9,200,255,182,3,3,3,106,252,150,6,34,230,70,248,192,195,0,242,1,28,0,135,0,57,0,29,0,16,0,13,0,11,
0,225,7,63,4,195,1,3,3,106,252,150,6,44,235,201,247,5,199,0,254,1,14,0,137,0,55,0,27,0,15,0,12,0,11,
0,225,7,63,4,61,1,3,3,106,252,150,6,44,235,52,246,37,203,1,12,1,1,0,146,0,54,0,25,0,16,0,12,0,11,
0,146,6,146,8,61,1,3,3,106,252,150,6,6,239,52,246,37,203,1,30,0,247,0,223,0,62,0,27,0,16,0,12,0,11,
0,152,5,112,11,59,1,3,3,106,252,150,6,37,244,15,243,144,201,1,49,0,238,1,83,0,81,0,30,0,17,0,14,0,12,
0,231,4,17,12,100,1,3,3,106,252,150,6,28,247,207,241,179,199,1,72,0,233,1,77,0,93,0,32,0,14,0,13,0,12,
0,231,4,17,12,100,1,3,3,106,252,150,6,66,249,112,243,168,200,1,69,0,229,1,75,0,102,0,35,0,16,0,12,0,11,
0,141,4,199,10,201,1,3,3,106,252,150,6,66,249,112,243,12,202,1,65,0,227,1,73,0,110,0,40,0,17,0,13,0,11,
0,137,4,28,8,99,2,133,2,160,252,242,5,250,252,147,244,12,202,1,65,0,227,1,72,0,116,0,41,0,17,0,13,0,12,
0,228,4,175,4,249,2,133,2,160,252,242,5,57,255,138,244,246,198,1,94,0,228,1,70,0,120,0,43,0,17,0,12,0,11,
0,228,4,175,4,249,2,133,2,160,252,242,5,218,254,47,245,85,195,1,91,0,231,1,69,0,125,0,47,0,20,0,13,0,12,
0,23,5,4,1,47,3,133,2,160,252,242,5,218,254,227,248,68,195,1,79,0,232,1,69,0,128,0,52,0,21,0,13,0,11,
0,233,4,216,253,6,3,133,2,160,252,242,5,81,253,227,248,68,195,1,76,0,237,1,68,0,129,0,52,0,21,0,13,0,11,
0,130,4,12,252,151,2,133,2,160,252,242,5,190,254,120,250,162,195,1,74,0,240,1,67,0,131,0,54,0,22,0,13,0,12,
0,130,4,12,252,151,2,133,2,160,252,242,5,231,255,24,251,141,194,1,73,0,242,1,68,0,133,0,55,0,22,0,14,0,11,
0,224,3,233,251,53,2,133,2,160,252,242,5,14,0,51,251,211,192,1,72,0,244,1,67,0,135,0,56,0,24,0,14,0,11,
0,49,3,2,253,231,1,133,2,160,252,242,5,14,0,51,251,20,194,1,72,0,244,1,68,0,135,0,56,0,23,0,14,0,11,
0,49,3,2,253,158,1,133,2,160,252,242,5,29,1,232,250,20,194,1,70,0,245,1,67,0,135,0,56,0,23,0,14,0,11,
0,118,2,208,254,158,1,156,2,158,252,210,6,152,4,58,250,59,196,1,68,0,243,1,65,0,136,0,58,0,25,0,16,0,12,
0,137,1,134,0,68,1,156,2,158,252,210,6,209,8,30,249,238,193,1,68,0,238,1,65,0,137,0,58,0,24,0,15,0,11,
0,248,0,42,2,46,1,156,2,158,252,210,6,253,11,218,247,14,192,1,67,0,235,1,63,0,136,0,58,0,27,0,16,0,12,
0,248,0,42,2,46,1,156,2,158,252,210,6,253,11,218,247,14,192,1,67,0,233,1,63,0,136,0,59,0,27,0,16,0,12,
0,108,0,119,3,85,1,156,2,158,252,210,6,229,13,40,246,107,192,1,65,0,233,1,62,0,137,0,59,0,27,0,16,0,12,
0,253,255,5,4,153,1,156,2,158,252,210,6,59,13,209,243,38,191,1,63,0,234,1,61,0,136,0,59,0,26,0,16,0,12,
0,177,255,143,3,233,1,156,2,158,252,210,6,230,11,31,242,2,190,1,63,0,234,1,60,0,136,0,59,0,26,0,16,0,12,
0,177,255,143,3,233,1,156,2,158,252,210,6,230,11,31,240,225,189,1,61,0,236,1,59,0,136,0,59,0,27,0,16,0,13,
0,140,255,148,2,50,2,156,2,158,252,210,6,228,9,221,240,225,189,1,61,0,239,1,56,0,136,0,59,0,26,0,16,0,12,
0,131,255,138,1,103,2,156,2,158,252,210,6,131,7,149,240,226,190,1,60,0,242,1,52,0,134,0,59,0,26,0,16,0,12,
0,130,255,93,0,177,2,156,2,158,252,210,6,220,4,109,238,174,188,1,59,0,243,1,45,0,133,0,59,0,24,0,16,0,12,
0,130,255,93,0,177,2,129,2,238,252,243,5,36,2,131,236,62,190,1,59,0,244,1,37,0,131,0,58,0,24,0,15,0,12,
0,186,255,24,255,242,2,129,2,238,252,243,5,36,2,131,236,62,190,1,57,0,243,1,25,0,129,0,58,0,27,0,16,0,12,
0,213,255,247,253,0,3,129,2,238,252,243,5,32,0,157,234,151,191,1,56,0,242,1,11,0,124,0,56,0,24,0,16,0,12,
0,213,255,247,253,3,3,129,2,238,252,243,5,89,255,175,232,193,193,1,56,0,239,0,251,0,119,0,54,0,25,0,15,0,11,
0,182,255,250,252,3,3,129,2,238,252,243,5,215,253,83,230,126,192,1,55,0,235,0,231,0,115,0,54,0,23,0,15,0,12,
0,74,255,242,251,250,2,129,2,238,252,243,5,215,253,94,228,110,191,1,57,0,231,0,210,0,108,0,51,0,24,0,14,0,11,
0,183,254,232,250,1,3,129,2,238,252,243,5,199,252,94,228,110,191,1,57,0,225,0,189,0,100,0,49,0,23,0,14,0,11,
0,183,254,232,250,1,3,129,2,238,252,243,5,104,250,237,227,204,193,1,57,0,220,0,170,0,93,0,46,0,21,0,14,0,11,
0,60,254,223,249,179,2,129,2,238,252,243,5,31,250,22,227,157,191,1,55,0,213,0,154,0,86,0,43,0,22,0,14,0,11,
0,212,253,21,249,86,2,129,2,238,252,243,5,181,247,178,227,35,188,1,54,0,206,0,145,0,79,0,41,0,21,0,13,0,11,
0,34,253,136,248,254,1,188,2,184,252,65,6,181,247,178,227,29,188,1,55,0,200,0,139,0,72,0,37,0,16,0,12,0,10,
0,34,253,136,248,254,1,188,2,184,252,65,6,59,245,51,229,29,188,1,54,0,194,0,136,0,68,0,35,0,17,0,13,0,11,
0,129,252,102,248,117,1,188,2,184,252,65,6,132,243,57,230,67,187,1,54,0,190,0,136,0,63,0,33,0,16,0,13,0,11,
0,245,251,167,248,232,0,188,2,184,252,65,6,231,241,245,231,136,184,1,53,0,185,0,135,0,61,0,31,0,16,0,12,0,11,
0,147,251,62,249,76,0,188,2,184,252,65,6,231,240,128,234,201,181,1,54,0,181,0,135,0,57,0,28,0,14,0,11,0,10,
0,147,251,62,249,76,0,188,2,184,252,65,6,203,240,128,234,201,181,1,52,0,176,0,135,0,56,0,28,0,15,0,12,0,11,
0,40,251,77,250,205,255,188,2,184,252,65,6,104,239,33,237,133,181,1,52,0,173,0,135,0,55,0,26,0,14,0,12,0,11,
0,12,251,170,251,67,255,188,2,184,252,65,6,27,240,38,239,122,180,1,53,0,171,0,135,0,53,0,25,0,13,0,11,0,11,
0,12,251,170,251,200,254,188,2,184,252,65,6,33,239,147,240,56,178,1,53,0,168,0,135,0,52,0,24,0,13,0,11,0,11,
0,48,251,17,253,200,254,188,2,184,252,65,6,33,239,147,240,191,181,1,54,0,167,0,136,0,50,0,19,0,11,0,11,0,11,
0,58,251,94,254,63,254,175,2,129,252,148,6,37,239,140,243,191,181,1,54,0,164,0,136,0,49,0,20,0,11,0,11,0,11,
0,102,251,121,255,227,253,175,2,129,252,148,6,147,240,94,245,181,180,1,54,0,161,0,136,0,50,0,21,0,11,0,11,0,11,
0,102,251,121,255,227,253,175,2,129,252,148,6,180,240,98,247,177,178,1,55,0,159,0,136,0,49,0,21,0,11,0,11,0,11,
0,211,251,173,0,156,253,175,2,129,252,148,6,49,240,120,249,168,178,1,56,0,158,0,136,0,49,0,21,0,11,0,11,0,10,
0,47,252,153,1,81,253,175,2,129,252,148,6,49,240,120,249,168,178,1,55,0,156,0,136,0,49,0,22,0,12,0,11,0,11,
0,107,252,114,2,41,253,175,2,129,252,148,6,79,239,141,251,58,179,1,57,0,155,0,136,0,48,0,21,0,11,0,10,0,10,
0,107,252,114,2,41,253,175,2,129,252,148,6,149,239,144,253,29,180,1,56,0,153,0,136,0,48,0,22,0,12,0,11,0,11,
0,197,252,42,3,244,252,175,2,129,252,148,6,123,239,109,254,244,177,1,55,0,153,0,137,0,48,0,22,0,12,0,11,0,10,
0,37,253,34,4,185,252,175,2,129,252,148,6,123,239,105,255,81,176,1,54,0,152,0,138,0,48,0,21,0,11,0,10,0,10,
0,61,253,88,5,97,252,175,2,129,252,148,6,251,237,105,255,81,176,1,52,0,151,0,138,0,48,0,22,0,12,0,11,0,11,
0,61,253,88,5,97,252,194,2,132,252,34,6,238,236,167,0,126,179,1,51,0,151,0,139,0,49,0,22,0,11,0,10,0,10,
0,52,253,148,6,11,252,194,2,132,252,34,6,130,238,92,1,121,179,1,49,0,151,0,139,0,49,0,22,0,12,0,11,0,11,
0,33,253,223,7,162,251,194,2,132,252,34,6,185,240,178,1,146,177,1,49,0,151,0,140,0,49,0,22,0,11,0,11,0,10,
0,33,253,223,7,74,251,194,2,132,252,34,6,185,240,178,1,129,177,1,47,0,151,0,141,0,50,0,22,0,12,0,11,0,11,
0,41,253,32,9,74,251,194,2,132,252,34,6,120,241,211,2,129,177,1,46,0,151,0,143,0,49,0,22,0,11,0,11,0,11,
0,11,253,77,10,20,251,194,2,132,252,34,6,71,243,84,4,93,179,1,44,0,151,0,144,0,50,0,22,0,13,0,11,0,11,
0,17,253,95,11,238,250,194,2,132,252,34,6,8,246,140,4,95,180,1,43,0,151,0,146,0,51,0,23,0,14,0,11,0,11,
0,17,253,95,11,238,250,194,2,132,252,34,6,8,246,82,4,217,177,1,41,0,151,0,149,0,51,0,22,0,13,0,11,0,11,
0,140,253,49,12,230,250,194,2,132,252,34,6,5,247,82,4,217,177,1,39,0,151,0,152,0,53,0,23,0,14,0,11,0,11,
0,18,254,207,12,206,250,194,2,132,252,34,6,87,246,224,4,79,179,1,36,0,152,0,157,0,53,0,23,0,14,0,11,0,11,
0,61,254,96,13,188,250,194,2,132,252,34,6,187,247,142,4,137,181,1,33,0,152,0,161,0,55,0,27,0,11,0,11,0,10,
0,61,254,96,13,188,250,59,2,95,252,100,6,171,248,24,4,73,182,1,30,0,151,0,168,0,57,0,27,0,13,0,11,0,11,
0,84,254,8,14,194,250,59,2,95,252,100,6,171,248,24,4,152,182,1,27,0,152,0,174,0,59,0,27,0,13,0,11,0,11,
0,207,254,199,14,185,250,59,2,95,252,100,6,81,249,87,3,152,182,1,23,0,153,0,181,0,60,0,26,0,14,0,11,0,10,
0,23,255,199,15,141,250,59,2,95,252,100,6,31,251,72,2,4,184,1,20,0,152,0,188,0,63,0,27,0,15,0,12,0,11,
0,23,255,129,15,141,250,59,2,95,252,100,6,135,252,18,1,213,183,1,16,0,154,0,195,0,65,0,27,0,12,0,11,0,10,
0,42,255,23,16,109,250,59,2,95,252,100,6,153,254,206,0,8,186,1,13,0,154,0,202,0,68,0,28,0,14,0,11,0,11,
0,215,254,136,16,79,250,59,2,95,252,100,6,153,254,206,0,8,186,1,10,0,155,0,210,0,71,0,28,0,16,0,12,0,11,
0,215,254,136,16,61,250,59,2,95,252,100,6,66,1,118,0,206,186,1,8,0,155,0,217,0,74,0,30,0,16,0,11,0,11,
0,175,254,138,16,61,250,59,2,95,252,100,6,104,3,16,0,111,187,1,6,0,155,0,224,0,77,0,30,0,13,0,11,0,11,
0,163,254,98,16,49,250,59,2,95,252,100,6,14,6,67,255,209,188,1,4,0,155,0,230,0,80,0,31,0,14,0,12,0,11,
0,151,254,213,15,54,250,12,2,115,252,234,6,14,6,67,254,221,188,1,2,0,155,0,236,0,84,0,33,0,15,0,12,0,11,
0,151,254,213,15,54,250,12,2,115,252,234,6,56,8,77,254,221,188,1,0,0,155,0,242,0,86,0,34,0,17,0,12,0,11,
0,95,254,17,15,101,250,12,2,115,252,234,6,164,8,110,253,63,186,0,255,0,155,0,247,0,90,0,35,0,18,0,13,0,11,
0,58,254,69,14,146,250,12,2,115,252,234,6,255,7,186,252,57,188,0,254,0,155,0,252,0,92,0,36,0,17,0,12,0,11,
0,18,254,101,13,197,250,12,2,115,252,234,6,208,8,152,251,216,189,0,253,0,156,1,0,0,95,0,37,0,16,0,12,0,11,
0,18,254,101,13,197,250,12,2,115,252,234,6,208,8,152,251,216,189,0,252,0,156,1,4,0,98,0,39,0,17,0,13,0,12,
0,221,253,203,12,229,250,12,2,115,252,234,6,19,10,115,250,102,188,0,252,0,157,1,8,0,100,0,40,0,17,0,13,0,12,
0,194,253,75,12,245,250,12,2,115,252,234,6,30,10,180,249,233,185,0,251,0,158,1,11,0,102,0,40,0,18,0,13,0,11,
0,115,253,75,12,246,250,12,2,115,252,234,6,58,10,64,249,95,187,0,250,0,160,1,15,0,104,0,41,0,17,0,13,0,12,
0,115,253,205,11,246,250,12,2,115,252,234,6,58,10,147,249,131,188,0,250,0,161,1,17,0,106,0,42,0,20,0,13,0,11,
0,55,253,86,11,27,251,202,1,66,252,56,6,224,11,147,249,131,188,0,250,0,163,1,19,0,108,0,43,0,21,0,13,0,12,
0,235,252,185,10,90,251,202,1,66,252,56,6,30,14,184,248,75,188,0,251,0,164,1,20,0,109,0,44,0,20,0,14,0,12,
0,235,252,185,10,142,251,202,1,66,252,56,6,105,15,70,248,254,187,0,251,0,164,1,21,0,111,0,45,0,21,0,14,0,12,
0,141,252,239,9,142,251,202,1,66,252,56,6,22,16,54,248,235,185,0,252,0,166,1,22,0,111,0,45,0,21,0,14,0,11,
0,86,252,245,8,184,251,202,1,66,252,56,6,22,16,54,248,47,186,0,253,0,166,1,21,0,112,0,46,0,20,0,13,0,11,
0,4,252,198,7,230,251,202,1,66,252,56,6,178,15,10,248,47,186,0,253,0,167,1,20,0,113,0,47,0,21,0,14,0,12,
0,4,252,198,7,230,251,202,1,66,252,56,6,144,15,253,247,42,187,0,254,0,168,1,20,0,113,0,47,0,21,0,14,0,12,
0,170,251,166,6,56,252,202,1,66,252,56,6,204,15,114,247,243,186,0,254,0,168,1,17,0,114,0,48,0,22,0,14,0,12,
0,158,251,175,5,86,252,202,1,66,252,56,6,204,15,41,247,207,185,0,255,0,169,1,16,0,113,0,47,0,21,0,14,0,11,
0,129,251,218,4,152,252,202,1,66,252,56,6,42,15,41,247,207,185,0,255,0,169,1,14,0,113,0,47,0,19,0,13,0,11,
0,129,251,218,4,152,252,128,1,86,252,224,5,145,14,65,247,235,185,0,254,0,170,1,12,0,113,0,48,0,21,0,14,0,12,
0,11,251,236,3,221,252,128,1,86,252,224,5,236,14,77,247,239,186,0,254,0,171,1,12,0,113,0,49,0,21,0,14,0,12,
0,157,250,37,3,251,252,128,1,86,252,224,5,51,14,99,247,223,184,0,252,0,172,1,11,0,113,0,48,0,21,0,14,0,12,
0,157,250,37,3,36,253,128,1,86,252,224,5,51,14,99,247,71,186,0,251,0,174,1,12,0,112,0,48,0,20,0,14,0,11,
0,129,250,63,2,36,253,128,1,86,252,224,5,219,13,85,248,71,186,0,248,0,175,1,12,0,112,0,49,0,22,0,15,0,12,
0,119,250,108,1,94,253,128,1,86,252,224,5,20,12,67,249,47,187,0,246,0,178,1,13,0,112,0,49,0,22,0,14,0,12,
0,89,250,124,0,222,253,128,1,86,252,224,5,14,12,42,249,192,187,0,244,0,180,1,13,0,112,0,48,0,21,0,14,0,12,
0,89,250,124,0,89,254,128,1,86,252,224,5,147,10,66,250,49,187,0,241,0,182,1,13,0,112,0,48,0,21,0,14,0,12,
0,45,250,173,255,89,254,128,1,86,252,224,5,147,10,66,250,49,187,0,237,0,183,1,13,0,113,0,49,0,22,0,15,0,12,
0,26,250,226,254,13,255,128,1,86,252,224,5,67,5,112,251,117,186,0,234,0,187,1,12,0,112,0,48,0,21,0,14,0,11,
0,84,250,239,253,61,0,128,1,86,252,176,6,149,1,242,0,167,186,0,232,0,191,1,12,0,112,0,49,0,21,0,14,0,12,
0,84,250,239,253,61,0,180,1,50,252,176,6,90,0,205,0,175,187,0,235,0,195,1,11,0,111,0,48,0,22,0,14,0,12,
0,162,250,55,253,178,1,180,1,50,252,176,6,90,0,205,2,143,188,0,237,0,197,1,10,0,111,0,47,0,21,0,14,0,11,
0,221,250,40,253,107,2,180,1,50,252,176,6,72,252,238,2,143,188,0,240,0,198,1,11,0,111,0,48,0,21,0,14,0,12,
0,90,251,99,253,195,2,180,1,50,252,176,6,190,248,206,6,89,186,0,238,0,200,1,8,0,111,0,47,0,20,0,13,0,11,
0,90,251,99,253,195,2,180,1,50,252,176,6,155,247,125,7,14,187,0,238,0,200,0,254,0,110,0,47,0,23,0,14,0,11,
0,214,251,238,253,35,3,180,1,50,252,176,6,162,247,106,7,160,187,0,240,0,198,0,250,0,108,0,47,0,22,0,14,0,11,
0,87,252,152,254,79,3,180,1,50,252,176,6,162,247,106,7,160,187,0,241,0,196,0,247,0,106,0,46,0,22,0,14,0,11,
0,87,252,152,254,21,3,180,1,50,252,176,6,221,248,21,8,110,186,0,243,0,193,0,245,0,105,0,46,0,20,0,13,0,11,
0,203,252,100,255,21,3,180,1,50,252,176,6,200,247,191,7,57,183,0,246,0,191,0,246,0,104,0,46,0,21,0,13,0,11,
0,132,253,74,0,244,2,180,1,50,252,176,6,97,246,165,6,202,183,0,248,0,186,0,247,0,104,0,45,0,21,0,14,0,11,
0,108,254,5,1,234,2,147,1,29,252,17,6,97,246,231,5,88,186,0,251,0,183,0,248,0,103,0,45,0,21,0,13,0,11,
0,108,254,5,1,127,2,147,1,29,252,17,6,184,245,231,5,88,186,0,253,0,180,0,251,0,103,0,45,0,21,0,14,0,11,
0,89,255,137,1,127,2,147,1,29,252,17,6,115,247,43,3,135,185,0,255,0,178,0,255,0,104,0,44,0,20,0,13,0,11,
0,20,0,33,2,238,1,147,1,29,252,17,6,57,248,29,1,79,184,0,255,0,177,1,4,0,104,0,44,0,18,0,13,0,11,
0,137,0,149,2,103,1,147,1,29,252,17,6,36,248,60,0,45,183,0,253,0,175,1,9,0,106,0,44,0,19,0,13,0,11,
0,137,0,149,2,103,1,147,1,29,252,17,6,36,248,60,0,238,183,0,252,0,176,1,16,0,107,0,45,0,22,0,14,0,12,
0,169,0,219,2,183,0,147,1,29,252,17,6,29,248,237,255,238,183,0,249,0,177,1,22,0,109,0,45,0,21,0,13,0,11,
0,102,0,240,2,33,0,147,1,29,252,17,6,34,249,79,255,74,186,0,247,0,178,1,27,0,111,0,46,0,22,0,14,0,12,
0,10,0,58,3,142,255,147,1,29,252,17,6,58,250,147,254,120,186,0,244,0,179,1,34,0,113,0,46,0,18,0,13,0,11,
0,10,0,58,3,142,255,147,1,29,252,17,6,58,250,196,253,45,184,0,239,0,179,1,39,0,116,0,48,0,20,0,14,0,12,
0,127,255,142,3,43,255,83,1,61,252,175,6,87,250,196,253,45,184,0,235,0,180,1,44,0,118,0,48,0,20,0,13,0,11,
0,54,255,212,3,210,254,83,1,61,252,175,6,207,249,36,253,45,185,0,230,0,180,1,48,0,120,0,49,0,23,0,14,0,12,
0,54,255,212,3,126,254,83,1,61,252,175,6,42,250,228,252,125,188,0,224,0,180,1,53,0,122,0,50,0,22,0,14,0,11,
0,254,254,6,4,126,254,83,1,61,252,175,6,27,252,42,251,218,186,0,217,0,180,1,55,0,124,0,51,0,23,0,14,0,11,
0,218,254,35,4,42,254,83,1,61,252,175,6,27,252,42,251,52,185,0,210,0,180,1,57,0,126,0,52,0,23,0,15,0,12,
0,168,254,22,4,211,253,83,1,61,252,175,6,220,252,86,250,52,185,0,203,0,181,1,58,0,128,0,55,0,23,0,15,0,12,
0,168,254,22,4,140,253,83,1,61,252,175,6,27,253,35,250,18,186,0,196,0,181,1,58,0,129,0,51,0,23,0,15,0,12,
0,63,254,245,3,140,253,83,1,61,252,175,6,134,254,236,249,29,187,0,189,0,183,1,59,0,130,0,52,0,23,0,15,0,12,
0,234,253,178,3,85,253,83,1,61,252,175,6,169,0,212,249,1,187,0,181,0,183,1,58,0,131,0,53,0,23,0,15,0,12,
0,219,253,130,3,78,253,83,1,61,252,175,6,169,0,212,249,1,187,0,174,0,184,1,58,0,131,0,54,0,23,0,15,0,12,
0,219,253,130,3,78,253,118,1,25,252,128,7,3,2,110,249,251,184,0,168,0,185,1,57,0,131,0,54,0,23,0,15,0,12,
0,224,253,18,3,82,253,118,1,25,252,128,7,142,1,103,249,33,186,0,162,0,187,1,56,0,132,0,55,0,23,0,14,0,11,
0,22,254,132,2,81,253,118,1,25,252,128,7,87,1,174,249,38,186,0,157,0,188,1,55,0,132,0,56,0,25,0,15,0,12,
0,12,254,43,2,109,253,118,1,25,252,128,7,87,1,240,249,141,186,0,153,0,190,1,54,0,132,0,56,0,24,0,14,0,11,
0,12,254,43,2,109,253,118,1,25,252,128,7,54,2,240,249,141,186,0,149,0,192,1,52,0,132,0,56,0,25,0,16,0,12,
0,241,253,6,2,99,253,118,1,25,252,128,7,141,1,245,249,6,185,0,147,0,194,1,52,0,131,0,56,0,24,0,15,0,12,
0,238,253,16,2,98,253,118,1,25,252,128,7,166,1,223,249,20,186,0,144,0,196,1,50,0,131,0,56,0,25,0,15,0,12,
0,238,253,16,2,89,253,118,1,25,252,128,7,206,1,7,250,30,186,0,143,0,199,1,49,0,131,0,56,0,24,0,15,0,12,
0,15,254,52,2,89,253,118,1,25,252,128,7,206,1,7,250,30,186,0,142,0,201,1,47,0,130,0,56,0,23,0,15,0,11,
0,44,254,129,2,55,253,118,1,25,252,128,7,206,1,232,250,189,186,0,141,0,203,1,46,0,130,0,56,0,23,0,15,0,12,
0,68,254,185,2,65,253,7,1,58,252,52,6,138,2,125,251,50,188,0,141,0,207,1,44,0,130,0,56,0,24,0,15,0,12,
0,68,254,185,2,65,253,7,1,58,252,52,6,28,3,24,252,242,189,0,140,0,209,1,42,0,128,0,59,0,24,0,15,0,12,
0,119,254,215,2,66,253,7,1,58,252,52,6,28,3,117,252,105,189,0,140,0,211,1,40,0,128,0,61,0,25,0,15,0,12,
0,183,254,209,2,87,253,7,1,58,252,52,6,159,4,117,252,105,189,0,140,0,213,1,39,0,127,0,59,0,25,0,15,0,11,
0,207,254,189,2,101,253,7,1,58,252,52,6,77,4,30,252,135,187,0,140,0,215,1,36,0,127,0,58,0,25,0,15,0,12,
0,207,254,189,2,101,253,7,1,58,252,52,6,216,3,4,253,160,189,0,140,0,217,1,34,0,126,0,57,0,25,0,15,0,12,
0,204,254,135,2,90,253,7,1,58,252,52,6,53,3,26,253,101,190,0,141,0,218,1,31,0,124,0,57,0,27,0,16,0,12,
0,2,255,64,2,105,253,7,1,58,252,52,6,53,3,26,253,232,192,0,141,0,219,1,27,0,124,0,60,0,27,0,16,0,12,
0,61,255,8,2,129,253,7,1,58,252,52,6,192,3,231,252,232,192,0,142,0,220,1,25,0,122,0,58,0,26,0,14,0,11,
0,61,255,8,2,129,253,7,1,58,252,52,6,85,4,162,251,136,189,0,142,0,221,1,23,0,121,0,57,0,26,0,16,0,12,
0,104,255,248,1,126,253,7,1,58,252,52,6,184,3,191,251,144,189,0,143,0,222,1,20,0,120,0,56,0,26,0,16,0,12,
0,118,255,223,1,114,253,66,1,25,252,27,7,184,3,159,251,180,190,0,144,0,222,1,17,0,119,0,55,0,25,0,15,0,12,
0,118,255,223,1,112,253,66,1,25,252,27,7,164,3,159,251,180,190,0,144,0,223,1,15,0,117,0,53,0,22,0,14,0,11,
0,112,255,170,1,112,253,66,1,25,252,27,7,235,3,181,251,26,192,0,144,0,223,1,11,0,116,0,53,0,23,0,15,0,12,
0,63,255,109,1,113,253,66,1,25,252,27,7,81,6,62,251,29,192,0,145,0,222,1,8,0,115,0,52,0,23,0,15,0,12,
0,56,255,59,1,111,253,66,1,25,252,27,7,96,6,182,250,118,188,0,146,0,222,1,7,0,114,0,51,0,23,0,15,0,12,
0,56,255,59,1,111,253,66,1,25,252,27,7,96,6,182,250,237,189,0,146,0,222,1,4,0,113,0,51,0,23,0,14,0,12,
0,33,255,5,1,140,253,66,1,25,252,27,7,127,5,57,251,237,189,0,147,0,222,1,2,0,111,0,49,0,21,0,14,0,11,
0,4,255,149,0,200,253,66,1,25,252,27,7,28,6,234,250,29,192,0,147,0,221,1,0,0,110,0,49,0,21,0,14,0,11,
0,210,254,56,0,215,253,66,1,25,252,27,7,211,7,93,250,43,191,0,147,0,219,0,254,0,109,0,49,0,24,0,14,0,12,
0,210,254,56,0,215,253,66,1,25,252,27,7,187,6,236,249,183,187,0,147,0,219,0,253,0,108,0,48,0,23,0,14,0,12,
0,160,254,25,0,228,253,18,1,93,252,237,5,187,6,236,249,183,187,0,147,0,218,0,252,0,106,0,47,0,22,0,14,0,11,
0,138,254,238,255,206,253,18,1,93,252,237,5,246,5,249,249,91,189,0,146,0,218,0,251,0,106,0,47,0,22,0,14,0,12,
0,84,254,195,255,187,253,18,1,93,252,237,5,229,5,18,250,11,191,0,147,0,218,0,251,0,105,0,46,0,21,0,14,0,11,
0,84,254,195,255,187,253,18,1,93,252,237,5,223,6,48,250,53,190,0,146,0,218,0,251,0,105,0,46,0,22,0,14,0,11,
0,29,254,193,255,171,253,18,1,93,252,237,5,223,6,41,250,125,188,0,146,0,219,0,252,0,104,0,45,0,21,0,14,0,11,
0,11,254,197,255,152,253,18,1,93,252,237,5,252,6,41,250,125,188,0,145,0,219,0,252,0,104,0,45,0,21,0,14,0,11,
0,11,254,197,255,202,253,18,1,93,252,237,5,219,6,112,250,194,188,0,145,0,221,0,253,0,104,0,44,0,20,0,13,0,11,
0,191,253,179,255,202,253,18,1,93,252,237,5,241,5,232,250,233,188,0,145,0,221,0,253,0,104,0,45,0,21,0,14,0,12,
0,131,253,150,255,225,253,18,1,93,252,237,5,239,5,229,250,175,189,0,145,0,221,0,254,0,104,0,45,0,21,0,14,0,12,
0,90,253,124,255,236,253,18,1,93,252,237,5,239,5,229,250,123,189,0,145,0,222,0,255,0,105,0,45,0,21,0,14,0,12,
0,90,253,124,255,236,253,39,1,44,252,163,6,89,6,213,250,123,189,0,145,0,223,1,0,0,105,0,45,0,19,0,14,0,11,
0,54,253,111,255,255,253,39,1,44,252,163,6,112,5,228,250,252,189,0,145,0,224,1,2,0,105,0,44,0,18,0,13,0,11,
0,93,253,112,255,255,253,39,1,44,252,163,6,87,5,228,250,59,188,0,145,0,225,1,3,0,105,0,44,0,19,0,13,0,11,
0,94,253,65,255,22,254,39,1,44,252,163,6,87,5,124,250,150,188,0,144,0,226,1,2,0,106,0,45,0,20,0,14,0,12,
0,94,253,65,255,22,254,39,1,44,252,163,6,40,4,124,250,150,188,0,145,0,228,1,3,0,106,0,45,0,20,0,13,0,11,
0,104,253,72,255,45,254,39,1,44,252,163,6,41,4,198,250,5,190,0,145,0,228,1,3,0,106,0,45,0,20,0,14,0,11,
0,127,253,60,255,56,254,39,1,44,252,163,6,82,4,144,250,148,190,0,145,0,229,1,3,0,107,0,45,0,20,0,14,0,11,
0,121,253,19,255,102,254,39,1,44,252,163,6,132,4,153,250,25,190,0,145,0,230,1,4,0,106,0,45,0,19,0,13,0,11,
0,121,253,19,255,102,254,39,1,44,252,163,6,132,4,153,250,250,188,0,145,0,230,1,4,0,107,0,46,0,20,0,14,0,11,
0,100,253,207,254,137,254,39,1,44,252,163,6,72,4,188,250,250,188,0,146,0,232,1,5,0,107,0,45,0,20,0,13,0,11,
0,82,253,156,254,174,254,49,1,21,252,132,6,44,3,209,250,90,188,0,147,0,232,1,5,0,107,0,46,0,20,0,13,0,11,
0,82,253,156,254,210,254,49,1,21,252,132,6,214,2,192,250,224,189,0,148,0,232,1,6,0,107,0,45,0,19,0,13,0,11,
0,67,253,97,254,210,254,49,1,21,252,132,6,131,2,240,250,212,191,0,148,0,232,1,6,0,107,0,45,0,20,0,13,0,11,
0,26,253,72,254,210,254,49,1,21,252,132,6,131,2,240,250,212,191,0,149,0,232,1,6,0,108,0,46,0,20,0,14,0,12,
0,14,253,60,254,199,254,49,1,21,252,132,6,72,3,93,250,190,190,0,150,0,233,1,6,0,108,0,46,0,20,0,14,0,12,
0,14,253,60,254,199,254,49,1,21,252,132,6,179,2,178,249,47,187,0,151,0,233,1,6,0,108,0,46,0,20,0,14,0,11,
0,79,253,29,254,201,254,49,1,21,252,132,6,2,1,22,250,24,189,0,151,0,233,1,6,0,108,0,46,0,21,0,14,0,12,
0,86,253,35,254,206,254,49,1,21,252,132,6,2,1,22,250,200,191,0,153,0,234,1,6,0,108,0,46,0,20,0,13,0,11,
0,9,253,34,254,222,254,49,1,21,252,132,6,7,1,123,250,200,191,0,154,0,234,1,6,0,109,0,46,0,21,0,14,0,12,
0,9,253,34,254,222,254,49,1,21,252,132,6,236,2,231,249,150,190,0,155,0,235,1,6,0,109,0,46,0,21,0,14,0,11,
0,194,252,32,254,216,254,49,1,21,252,132,6,34,2,231,249,146,186,0,157,0,235,1,5,0,108,0,47,0,20,0,14,0,11,
0,165,252,249,253,199,254,23,1,59,252,11,6,166,1,230,249,70,189,0,159,0,235,1,5,0,108,0,46,0,20,0,13,0,11,
0,187,252,249,253,182,254,23,1,59,252,11,6,166,1,230,249,70,189,0,160,0,235,1,4,0,108,0,46,0,21,0,14,0,12,
0,187,252,191,253,182,254,23,1,59,252,11,6,48,1,81,250,33,189,0,162,0,236,1,3,0,108,0,46,0,21,0,14,0,12,
0,176,252,121,253,177,254,23,1,59,252,11,6,242,1,165,250,9,191,0,164,0,236,1,2,0,108,0,46,0,21,0,13,0,11,
0,172,252,72,253,208,254,23,1,59,252,11,6,189,1,236,249,195,188,0,166,0,237,1,1,0,107,0,45,0,20,0,13,0,11,
0,172,252,72,253,182,254,23,1,59,252,11,6,189,1,65,250,173,187,0,168,0,236,0,255,0,107,0,46,0,22,0,14,0,12,
0,143,252,57,253,182,254,23,1,59,252,11,6,26,1,65,250,173,187,0,169,0,237,0,254,0,106,0,46,0,21,0,13,0,11,
0,84,252,58,253,179,254,23,1,59,252,11,6,237,255,115,250,148,187,0,171,0,236,0,251,0,106,0,46,0,22,0,14,0,12,
0,112,252,75,253,166,254,23,1,59,252,11,6,16,0,111,250,215,189,0,172,0,237,0,249,0,105,0,45,0,21,0,14,0,11,
0,112,252,75,253,166,254,23,1,59,252,11,6,194,0,93,250,103,189,0,173,0,236,0,247,0,104,0,45,0,21,0,14,0,11,
0,147,252,77,253,163,254,37,1,205,251,207,6,194,0,93,250,142,189,0,175,0,237,0,245,0,103,0,44,0,20,0,13,0,11,
0,82,252,60,253,147,254,37,1,205,251,207,6,156,0,117,250,142,189,0,176,0,236,0,243,0,103,0,44,0,21,0,14,0,11,
0,31,252,64,253,168,254,37,1,205,251,207,6,204,0,119,250,112,188,0,178,0,236,0,241,0,101,0,44,0,21,0,14,0,11,
0,31,252,64,253,168,254,37,1,205,251,207,6,104,0,217,250,92,188,0,179,0,236,0,239,0,101,0,44,0,19,0,14,0,11,
0,31,252,59,253,206,254,37,1,205,251,207,6,104,0,64,251,197,189,0,180,0,236,0,237,0,100,0,43,0,18,0,13,0,11,
0,49,252,10,253,191,254,37,1,205,251,207,6,227,0,64,251,197,189,0,182,0,236,0,236,0,98,0,42,0,18,0,13,0,11,
0,26,252,10,252,214,254,37,1,205,251,207,6,241,0,255,250,147,188,0,183,0,236,0,234,0,98,0,43,0,19,0,13,0,11,
0,26,252,223,252,214,254,37,1,205,251,207,6,79,255,250,250,45,187,0,184,0,236,0,233,0,97,0,42,0,19,0,13,0,11,
0,56,252,163,252,221,254,37,1,205,251,207,6,63,255,27,251,94,189,0,185,0,237,0,232,0,96,0,41,0,18,0,13,0,11,
0,34,252,183,252,233,254,37,1,205,251,207,6,63,255,27,251,0,189,0,187,0,236,0,231,0,96,0,42,0,19,0,13,0,11,
0,34,252,183,252,1,255,75,1,208,251,60,6,109,255,251,250,0,189,0,188,0,237,0,230,0,95,0,41,0,18,0,13,0,11,
0,37,252,209,252,1,255,75,1,208,251,60,6,89,254,170,250,40,189,0,190,0,238,0,229,0,94,0,41,0,18,0,13,0,11,
0,60,252,251,252,252,254,75,1,208,251,60,6,99,254,230,250,23,190,0,190,0,238,0,228,0,94,0,35,0,18,0,14,0,12,
0,43,252,13,253,252,254,75,1,208,251,60,6,105,255,161,250,132,188,0,192,0,238,0,227,0,94,0,36,0,17,0,13,0,12,
0,43,252,13,253,252,254,75,1,208,251,60,6,105,255,161,250,132,188,0,193,0,239,0,227,0,93,0,36,0,16,0,12,0,11,
0,61,252,51,253,254,254,75,1,208,251,60,6,195,254,205,250,252,187,0,194,0,239,0,226,0,93,0,38,0,17,0,13,0,12,
0,76,252,77,253,9,255,75,1,208,251,60,6,91,254,106,251,147,189,0,196,0,239,0,226,0,92,0,38,0,16,0,12,0,11,
0,50,252,53,253,13,255,75,1,208,251,60,6,91,254,205,251,12,190,0,197,0,239,0,226,0,92,0,38,0,18,0,13,0,11,
0,50,252,53,253,13,255,75,1,208,251,60,6,91,254,189,251,40,190,0,199,0,239,0,226,0,92,0,38,0,17,0,13,0,11,
0,31,252,43,253,34,255,75,1,208,251,60,6,43,254,189,251,40,190,0,200,0,238,0,225,0,92,0,38,0,17,0,12,0,11,
0,65,252,53,253,47,255,75,1,1,252,0,6,253,254,96,251,38,189,0,201,0,238,0,225,0,91,0,38,0,17,0,13,0,11,
0,132,252,53,253,54,255,75,1,1,252,0,6,150,253,132,251,239,187,0,203,0,238,0,225,0,91,0,38,0,16,0,12,0,11,
0,132,252,31,253,54,255,75,1,1,252,0,6,205,252,178,251,45,188,0,203,0,237,0,225,0,91,0,38,0,17,0,13,0,11,
0,119,252,62,253,36,255,75,1,1,252,0,6,205,252,178,251,45,189,0,205,0,237,0,226,0,91,0,38,0,18,0,13,0,11,
0,96,252,102,253,16,255,75,1,1,252,0,6,211,252,214,251,34,189,0,205,0,237,0,226,0,91,0,38,0,17,0,12,0,11,
0,96,252,102,253,251,254,75,1,1,252,0,6,129,253,205,251,217,187,0,207,0,237,0,227,0,91,0,38,0,17,0,12,0,11,
0,97,252,137,253,251,254,75,1,1,252,0,6,2,253,226,251,115,188,0,207,0,236,0,227,0,91,0,38,0,18,0,13,0,11,
0,97,252,170,253,5,255,75,1,1,252,0,6,2,253,65,252,94,189,0,208,0,236,0,228,0,91,0,38,0,17,0,13,0,11,
0,125,252,191,253,17,255,75,1,1,252,0,6,11,253,65,252,94,189,0,209,0,236,0,230,0,91,0,38,0,17,0,13,0,11,
0,125,252,191,253,17,255,75,1,1,252,0,6,142,253,119,252,27,189,0,211,0,236,0,231,0,92,0,38,0,17,0,12,0,11,
0,128,252,254,253,29,255,75,1,1,252,0,6,27,254,49,252,50,188,0,211,0,235,0,232,0,92,0,39,0,18,0,13,0,12,
0,146,252,14,254,40,255,104,1,217,251,165,6,144,253,51,252,41,187,0,212,0,236,0,232,0,92,0,39,0,17,0,12,0,11,
0,161,252,32,254,24,255,104,1,217,251,165,6,144,253,51,252,183,186,0,213,0,235,0,233,0,93,0,40,0,18,0,13,0,11,
0,161,252,32,254,24,255,104,1,217,251,165,6,143,252,101,252,183,186,0,214,0,235,0,235,0,93,0,39,0,17,0,12,0,11,
0,180,252,76,254,25,255,104,1,217,251,165,6,115,252,239,252,103,188,0,215,0,235,0,235,0,94,0,44,0,18,0,12,0,11,
0,203,252,114,254,19,255,104,1,217,251,165,6,109,252,188,252,165,189,0,215,0,235,0,237,0,94,0,43,0,18,0,12,0,10,
0,203,252,114,254,235,254,104,1,217,251,165,6,109,253,79,252,229,187,0,216,0,235,0,237,0,95,0,42,0,19,0,13,0,11,
0,213,252,158,254,235,254,104,1,217,251,165,6,131,253,79,252,229,187,0,216,0,235,0,238,0,95,0,42,0,19,0,13,0,11,
0,201,252,218,254,205,254,104,1,217,251,165,6,250,252,125,252,194,186,0,217,0,235,0,239,0,96,0,42,0,19,0,13,0,11,
0,210,252,15,255,199,254,104,1,217,251,165,6,5,253,143,252,22,188,0,218,0,235,0,239,0,96,0,41,0,19,0,13,0,11,
0,210,252,15,255,182,254,104,1,217,251,165,6,79,253,150,252,7,187,0,219,0,235,0,240,0,96,0,41,0,20,0,13,0,11,
0,190,252,42,255,182,254,149,1,194,251,102,6,79,253,150,252,13,188,0,219,0,235,0,240,0,97,0,41,0,20,0,13,0,11,
0,207,252,61,255,189,254,149,1,194,251,102,6,148,253,99,252,13,188,0,219,0,235,0,241,0,97,0,41,0,20,0,13,0,11,
0,231,252,80,255,183,254,149,1,194,251,102,6,251,252,174,252,141,188,0,220,0,235,0,241,0,97,0,41,0,20,0,13,0,11,
0,231,252,80,255,183,254,149,1,194,251,102,6,189,253,209,252,126,189,0,220,0,235,0,242,0,97,0,41,0,19,0,13,0,11,
0,4,253,102,255,155,254,149,1,194,251,102,6,181,254,113,252,251,187,0,220,0,235,0,242,0,97,0,41,0,19,0,13,0,11,
0,24,253,130,255,146,254,149,1,194,251,102,6,181,254,113,252,251,187,0,220,0,234,0,242,0,98,0,41,0,20,0,14,0,11,
0,39,253,155,255,141,254,149,1,194,251,102,6,232,253,199,251,197,186,0,220,0,234,0,242,0,98,0,41,0,20,0,13,0,11,
0,39,253,155,255,141,254,149,1,194,251,102,6,63,253,8,252,224,187,0,221,0,234,0,243,0,98,0,41,0,20,0,13,0,11,
0,38,253,181,255,125,254,149,1,194,251,102,6,170,253,95,252,84,189,0,221,0,234,0,243,0,99,0,42,0,19,0,13,0,11,
0,14,253,204,255,103,254,149,1,194,251,102,6,170,253,213,251,179,189,0,221,0,234,0,244,0,98,0,41,0,19,0,13,0,11,
0,14,253,204,255,96,254,102,1,216,251,38,7,55,255,213,251,179,189,0,222,0,235,0,245,0,99,0,41,0,19,0,13,0,11,
0,35,253,216,255,96,254,102,1,216,251,38,7,48,255,206,251,45,188,0,221,0,234,0,244,0,99,0,42,0,20,0,14,0,12,
0,78,253,254,255,96,254,102,1,216,251,38,7,197,254,148,251,42,186,0,222,0,234,0,245,0,99,0,42,0,20,0,14,0,12,
0,100,253,23,0,81,254,102,1,216,251,38,7,197,253,52,252,47,189,0,222,0,234,0,245,0,100,0,42,0,19,0,13,0,11,
0,100,253,23,0,62,254,102,1,216,251,38,7,197,253,52,252,55,190,0,223,0,234,0,246,0,99,0,42,0,19,0,13,0,11,
0,104,253,20,0,62,254,102,1,216,251,38,7,169,255,247,251,55,190,0,223,0,234,0,246,0,100,0,42,0,19,0,13,0,11,
0,77,253,14,0,39,254,102,1,216,251,38,7,40,0,153,251,151,188,0,223,0,234,0,246,0,100,0,43,0,20,0,14,0,12,
0,69,253,24,0,51,254,102,1,216,251,38,7,202,255,157,251,171,186,0,223,0,233,0,246,0,100,0,43,0,20,0,14,0,12,
0,69,253,24,0,51,254,102,1,216,251,38,7,202,255,167,251,53,187,0,223,0,233,0,246,0,101,0,43,0,20,0,13,0,11,
0,98,253,58,0,19,254,102,1,216,251,38,7,73,255,167,251,53,187,0,224,0,233,0,247,0,100,0,42,0,19,0,13,0,11,
0,129,253,60,0,32,254,166,1,129,251,126,6,159,255,157,251,122,189,0,224,0,233,0,247,0,100,0,42,0,19,0,13,0,11,
0,148,253,63,0,28,254,166,1,129,251,126,6,254,255,106,251,230,188,0,224,0,233,0,247,0,101,0,43,0,20,0,13,0,12,
0,148,253,63,0,28,254,166,1,129,251,126,6,38,1,70,251,51,188,0,224,0,233,0,247,0,100,0,42,0,20,0,14,0,12,
0,77,253,50,0,14,254,166,1,129,251,126,6,38,1,70,251,22,188,0,224,0,232,0,247,0,101,0,43,0,20,0,13,0,11,
0,65,253,55,0,36,254,166,1,129,251,126,6,0,1,107,251,22,188,0,224,0,232,0,247,0,101,0,42,0,19,0,13,0,11,
0,65,253,55,0,13,254,166,1,129,251,126,6,64,1,111,251,30,188,0,225,0,232,0,247,0,100,0,43,0,19,0,13,0,11,
0,39,253,34,0,13,254,166,1,129,251,126,6,14,1,127,251,43,188,0,224,0,231,0,247,0,101,0,43,0,20,0,14,0,11,
0,45,253,33,0,2,254,166,1,129,251,126,6,247,0,113,251,184,188,0,224,0,230,0,247,0,101,0,43,0,20,0,14,0,11,
0,81,253,0,0,1,254,166,1,129,251,126,6,247,0,113,251,184,188,0,224,0,230,0,247,0,101,0,43,0,20,0,13,0,11,
0,81,253,0,0,244,253,166,1,129,251,126,6,153,1,47,251,191,188,0,224,0,230,0,247,0,100,0,42,0,19,0,13,0,11,
0,85,253,255,255,244,253,166,1,129,251,126,6,0,2,238,250,71,187,0,223,0,228,0,247,0,101,0,43,0,20,0,14,0,12,
0,85,253,248,255,218,253,115,1,182,251,82,6,132,1,202,250,92,188,0,223,0,228,0,247,0,101,0,43,0,20,0,14,0,11,
0,72,253,16,0,190,253,115,1,182,251,82,6,132,1,202,250,165,187,0,223,0,227,0,247,0,101,0,43,0,20,0,14,0,11,
0,72,253,16,0,190,253,115,1,182,251,82,6,74,1,224,250,165,187,0,222,0,227,0,247,0,101,0,43,0,20,0,14,0,11,
0,38,253,32,0,187,253,115,1,182,251,82,6,96,1,253,250,97,188,0,224,0,235,0,255,0,102,0,43,0,20,0,13,0,11,
0,51,253,250,255,163,253,115,1,182,251,82,6,163,2,229,252,233,188,0,235,0,247,1,12,0,105,0,44,0,19,0,14,0,12,
0,47,253,242,255,166,253,115,1,182,251,82,6,177,28,52,46,141,206,1,91,0,235,1,30,0,109,0,45,0,22,0,14,0,12,
0,47,253,242,255,166,253,115,1,182,251,82,6,177,28,52,46,141,206,0,175,1,13,1,77,0,114,0,46,0,18,0,13,0,11,
0,46,253,199,255,208,253,115,1,182,251,82,6,17,30,108,251,64,197,0,133,1,35,1,80,0,119,0,46,0,19,0,12,0,11,
0,141,253,147,255,127,254,115,1,182,251,82,6,210,10,96,214,97,205,0,134,1,84,1,82,0,125,0,49,0,21,0,14,0,11,
0,141,253,147,255,251,255,115,1,182,251,82,6,211,20,62,255,238,1,0,136,1,87,1,83,0,131,0,52,0,23,0,14,0,11,
0,90,0,119,251,251,255,131,1,146,251,219,6,211,20,136,14,145,16,0,139,1,81,1,78,0,132,0,52,0,20,0,13,0,11,
0,111,6,51,243,235,1,131,1,146,251,219,6,243,19,136,14,145,16,0,136,1,73,1,60,0,132,0,52,0,22,0,13,0,11,
0,212,13,212,233,45,4,131,1,146,251,219,6,188,8,206,26,238,20,0,134,1,48,0,242,0,125,0,54,0,24,0,14,0,11,
0,212,13,212,233,45,6,131,1,146,251,219,6,166,1,157,41,136,16,0,136,0,253,0,171,0,112,0,52,0,21,0,13,0,11,
0,28,21,85,226,56,6,131,1,146,251,219,6,75,1,203,44,144,241,0,136,0,202,0,137,0,98,0,47,0,20,0,13,0,11,
0,198,25,130,225,9,8,131,1,146,251,219,6,75,1,203,44,142,240,0,137,0,159,0,134,0,88,0,46,0,20,0,14,0,12,
0,113,26,52,232,114,9,131,1,146,251,219,6,86,254,18,35,142,240,0,141,0,137,0,136,0,80,0,42,0,19,0,13,0,11,
0,113,26,52,232,114,9,131,1,146,251,219,6,9,255,229,23,140,224,0,143,0,133,0,135,0,73,0,38,0,18,0,13,0,11,
0,146,22,105,242,53,9,131,1,146,251,219,6,82,253,232,14,144,224,0,145,0,134,0,134,0,68,0,35,0,17,0,13,0,11,
0,72,15,161,250,114,6,131,1,146,251,219,6,82,253,48,4,115,224,0,146,0,134,0,133,0,63,0,33,0,16,0,12,0,11,
0,19,7,42,255,151,2,196,1,47,252,115,6,203,8,48,4,115,224,0,148,0,134,0,132,0,60,0,31,0,16,0,13,0,11,
0,19,7,42,255,151,2,196,1,47,252,115,6,61,25,70,255,139,214,0,155,0,136,0,132,0,58,0,30,0,16,0,13,0,12,
0,12,0,8,2,99,255,196,1,47,252,115,6,77,36,141,250,160,211,0,172,0,137,0,134,0,55,0,27,0,15,0,12,0,12,
0,42,251,202,3,127,253,196,1,47,252,115,6,224,38,156,245,93,201,0,209,0,141,0,138,0,54,0,25,0,14,0,12,0,12,
0,42,251,202,3,100,253,196,1,47,252,115,6,224,38,156,245,170,198,0,248,0,147,0,205,0,61,0,27,0,16,0,13,0,12,
0,103,248,59,3,100,253,196,1,47,252,115,6,40,30,166,240,170,198,1,26,0,161,1,72,0,79,0,30,0,17,0,14,0,14,
0,12,247,111,255,121,254,196,1,47,252,115,6,147,16,200,238,43,199,1,28,0,187,1,79,0,91,0,32,0,16,0,13,0,13,
0,65,247,50,248,55,0,196,1,47,252,115,6,73,1,249,239,55,192,1,14,0,207,1,78,0,102,0,36,0,16,0,13,0,12,
0,65,247,50,248,55,0,196,1,47,252,115,6,138,240,230,235,110,183,0,219,0,225,1,76,0,109,0,38,0,16,0,12,0,11,
0,7,249,158,239,14,2,196,1,47,252,115,6,138,240,230,235,110,183,0,177,0,241,1,72,0,114,0,35,0,15,0,12,0,11,
0,103,252,87,232,142,3,239,1,38,252,158,6,139,227,71,232,205,174,0,155,0,250,1,68,0,118,0,38,0,15,0,11,0,10,
0,5,1,91,228,190,4,239,1,38,252,158,6,101,217,8,228,95,171,0,146,1,1,1,62,0,121,0,41,0,18,0,12,0,9,
0,5,1,91,228,190,4,239,1,38,252,158,6,165,212,115,223,189,168,0,143,1,10,1,51,0,122,0,43,0,17,0,11,0,9,
0,125,5,133,227,108,5,239,1,38,252,158,6,165,212,88,222,216,170,0,141,1,19,1,24,0,121,0,45,0,18,0,12,0,10,
0,47,9,114,228,153,5,239,1,38,252,158,6,176,217,88,222,216,170,0,141,1,33,0,239,0,115,0,46,0,17,0,12,0,10,
0,140,11,21,230,42,5,239,1,38,252,158,6,247,221,245,226,43,182,0,140,1,48,0,182,0,106,0,46,0,21,0,13,0,11,
0,140,11,21,230,42,5,239,1,38,252,158,6,103,228,169,232,19,187,0,141,1,61,0,143,0,94,0,43,0,18,0,12,0,11,
0,39,12,13,233,70,5,239,1,38,252,158,6,17,226,90,236,224,191,0,141,1,66,0,134,0,86,0,42,0,18,0,13,0,11,
0,203,11,45,238,165,6,239,1,38,252,158,6,17,226,90,236,224,191,0,142,1,67,0,133,0,77,0,39,0,18,0,13,0,11,
0,203,11,45,238,33,8,239,1,38,252,158,6,146,221,48,237,127,195,0,142,1,62,0,133,0,72,0,37,0,18,0,13,0,11,
0,32,11,61,244,33,8,239,2,83,252,210,6,97,221,123,242,95,199,0,143,1,59,0,133,0,67,0,35,0,17,0,13,0,11,
0,119,10,145,249,116,8,103,2,83,252,210,6,216,224,40,246,248,206,0,144,1,54,0,133,0,63,0,32,0,16,0,13,0,11,
0,251,9,84,253,222,6,103,2,83,252,210,6,216,224,167,252,187,207,0,144,1,49,0,134,0,60,0,30,0,16,0,12,0,10,
0,251,9,84,253,222,6,103,2,83,252,210,6,49,228,167,252,187,207,0,147,1,41,0,137,0,57,0,28,0,15,0,12,0,11,
0,145,9,181,255,141,4,103,2,83,252,210,6,93,234,177,255,51,203,0,149,1,31,0,148,0,56,0,27,0,16,0,12,0,11,
0,89,9,248,1,50,3,103,2,83,252,210,6,240,236,55,0,60,204,0,152,1,20,0,181,0,60,0,27,0,16,0,12,0,11,
0,88,9,60,4,29,3,103,2,83,252,210,6,184,236,242,0,172,208,0,156,1,10,0,228,0,67,0,27,0,14,0,12,0,11,
0,88,9,60,4,29,3,103,2,83,252,210,6,184,236,242,0,150,209,0,160,1,1,1,13,0,76,0,29,0,14,0,12,0,11,
0,115,9,182,5,151,3,103,2,83,252,210,6,226,237,149,255,150,209,0,168,0,250,1,46,0,86,0,31,0,14,0,12,0,11,
0,195,9,212,5,28,4,103,2,83,252,210,6,153,238,55,255,67,206,0,177,0,244,1,65,0,96,0,34,0,15,0,12,0,11,
0,216,9,197,4,119,4,103,2,83,252,210,6,13,239,183,255,227,203,0,190,0,240,1,67,0,105,0,38,0,16,0,13,0,12,
0,216,9,197,4,119,4,117,2,60,252,70,6,13,240,143,255,109,203,0,207,0,237,1,65,0,111,0,43,0,18,0,12,0,11,
0,187,9,3,3,176,4,117,2,60,252,70,6,228,240,143,255,109,203,0,228,0,233,1,62,0,117,0,46,0,21,0,13,0,11,
0,43,9,35,1,154,4,117,2,60,252,70,6,164,241,118,0,254,201,0,251,0,230,1,60,0,121,0,47,0,22,0,14,0,12,
0,43,9,35,1,85,4,117,2,60,252,70,6,82,243,118,1,22,202,1,29,0,228,1,59,0,123,0,49,0,21,0,13,0,11,
0,148,8,110,255,85,4,117,2,60,252,70,6,159,244,12,3,51,198,1,51,0,225,1,58,0,126,0,50,0,22,0,14,0,12,
0,218,7,158,254,242,3,117,2,60,252,70,6,159,244,12,3,247,194,1,57,0,225,1,59,0,127,0,52,0,23,0,14,0,12,
0,27,7,236,254,169,3,117,2,60,252,70,6,67,245,113,3,247,194,1,60,0,224,1,61,0,129,0,52,0,23,0,14,0,12,
0,27,7,236,254,169,3,117,2,60,252,70,6,4,247,223,2,161,194,1,60,0,223,1,62,0,131,0,54,0,24,0,15,0,12,
0,112,6,189,255,62,3,117,2,60,252,70,6,213,248,110,1,47,193,1,62,0,225,1,63,0,131,0,54,0,23,0,14,0,11,
0,205,5,241,0,228,2,117,2,60,252,70,6,191,251,218,254,73,192,1,84,0,225,1,63,0,133,0,55,0,24,0,15,0,12,
0,7,5,103,2,172,2,45,2,143,252,20,7,191,251,218,254,73,192,1,85,0,223,1,63,0,134,0,57,0,25,0,15,0,12,
0,7,5,103,2,172,2,45,2,143,252,20,7,169,254,147,252,163,189,1,91,0,220,1,63,0,135,0,57,0,25,0,15,0,12,
0,162,4,237,3,165,2,45,2,143,252,20,7,217,255,102,249,242,185,1,73,0,220,1,63,0,134,0,57,0,24,0,15,0,12,
0,87,4,109,5,207,2,45,2,143,252,20,7,202,255,129,247,128,186,1,70,0,221,1,63,0,136,0,58,0,25,0,16,0,12,
0,19,4,109,6,17,3,45,2,143,252,20,7,202,255,211,244,205,187,1,68,0,223,1,63,0,136,0,59,0,26,0,16,0,12,
0,19,4,152,6,17,3,45,2,143,252,20,7,221,254,211,244,205,187,1,67,0,226,1,63,0,136,0,58,0,26,0,16,0,12,
0,206,3,51,7,79,3,45,2,143,252,20,7,154,255,176,241,252,186,1,66,0,230,1,62,0,136,0,57,0,25,0,16,0,12,
0,170,3,100,7,96,3,45,2,143,252,20,7,123,254,79,240,254,184,1,66,0,234,1,61,0,136,0,58,0,25,0,15,0,12,
0,170,3,100,7,61,3,45,2,143,252,20,7,67,252,46,239,206,183,1,64,0,238,1,60,0,136,0,59,0,26,0,16,0,12,
0,149,3,126,7,61,3,45,2,143,252,20,7,67,252,46,239,206,186,1,63,0,241,1,58,0,136,0,59,0,26,0,16,0,12,
0,150,3,161,7,31,3,93,2,171,252,112,6,243,249,50,238,223,186,1,63,0,244,1,56,0,135,0,59,0,26,0,16,0,12,
0,187,3,94,7,238,2,93,2,171,252,112,6,36,250,154,235,80,189,1,63,0,246,1,53,0,134,0,59,0,26,0,15,0,12,
0,187,3,94,7,238,2,93,2,171,252,112,6,179,251,1,233,111,189,1,62,0,247,1,49,0,133,0,59,0,26,0,16,0,12,
0,163,3,20,7,182,2,93,2,171,252,112,6,179,251,151,230,158,188,1,63,0,247,1,46,0,132,0,58,0,23,0,15,0,12,
0,136,3,137,6,70,2,93,2,171,252,112,6,220,252,151,230,158,188,1,62,0,246,1,38,0,131,0,58,0,25,0,15,0,12,
0,68,3,246,5,12,2,93,2,171,252,112,6,163,253,217,228,149,189,1,62,0,244,1,30,0,129,0,57,0,27,0,16,0,12,
0,68,3,246,5,12,2,93,2,171,252,112,6,41,254,46,227,24,191,1,63,0,241,1,22,0,126,0,56,0,26,0,16,0,12,
0,5,3,45,5,235,1,93,2,171,252,112,6,187,254,189,224,126,192,1,63,0,239,1,12,0,123,0,55,0,23,0,15,0,12,
0,193,2,74,4,148,1,93,2,171,252,112,6,187,254,189,224,105,193,1,63,0,233,1,1,0,119,0,54,0,23,0,15,0,12,
0,43,2,74,3,25,1,93,2,171,252,112,6,127,255,27,223,105,193,1,63,0,228,0,243,0,116,0,54,0,25,0,15,0,12,
0,43,2,65,3,25,1,68,2,178,252,78,6,29,0,103,223,71,191,1,63,0,222,0,229,0,111,0,52,0,23,0,15,0,12,
0,84,1,91,2,200,0,68,2,178,252,78,6,14,0,37,224,91,191,1,63,0,215,0,214,0,105,0,50,0,24,0,15,0,11,
0,111,0,208,1,123,0,68,2,178,252,78,6,105,0,129,224,242,187,1,63,0,208,0,198,0,99,0,48,0,21,0,14,0,11,
0,111,0,208,1,86,0,68,2,178,252,78,6,105,0,129,224,242,187,1,63,0,200,0,182,0,93,0,45,0,22,0,14,0,11,
0,203,255,140,1,86,0,68,2,178,252,78,6,149,254,231,224,102,185,1,63,0,192,0,166,0,87,0,43,0,20,0,14,0,11,
0,58,255,66,1,249,255,68,2,178,252,78,6,227,253,166,226,79,184,1,63,0,183,0,154,0,81,0,41,0,21,0,14,0,11,
0,166,254,43,1,124,255,68,2,178,252,78,6,189,253,234,228,57,183,1,63,0,175,0,145,0,75,0,38,0,20,0,13,0,10,
0,166,254,43,1,124,255,68,2,178,252,78,6,189,253,234,228,144,182,1,63,0,168,0,141,0,69,0,35,0,16,0,12,0,11,
0,255,253,104,1,234,254,68,2,178,252,78,6,27,254,29,231,144,182,1,63,0,162,0,137,0,65,0,33,0,16,0,12,0,10,
0,160,253,4,2,68,254,68,2,178,252,78,6,66,254,9,232,250,180,1,63,0,156,0,136,0,62,0,31,0,16,0,13,0,11,
0,82,253,154,2,190,253,68,2,178,252,78,6,123,254,234,233,149,179,1,63,0,151,0,135,0,59,0,30,0,15,0,12,0,11,
0,82,253,154,2,190,253,22,2,166,252,73,7,109,255,74,236,55,181,1,63,0,147,0,135,0,57,0,28,0,14,0,12,0,10,
0,254,252,237,2,59,253,22,2,166,252,73,7,109,255,74,236,55,181,1,65,0,144,0,135,0,54,0,26,0,13,0,11,0,11,
0,234,252,24,3,210,252,22,2,166,252,73,7,115,1,169,238,115,179,1,65,0,142,0,135,0,53,0,25,0,13,0,11,0,10,
0,213,252,24,3,133,252,22,2,166,252,73,7,243,1,12,241,22,177,1,65,0,140,0,134,0,52,0,25,0,13,0,11,0,11,
0,213,252,64,3,133,252,22,2,166,252,73,7,220,0,4,243,100,177,1,66,0,139,0,134,0,51,0,23,0,13,0,11,0,11,
0,224,252,63,3,115,252,22,2,166,252,73,7,220,0,154,244,173,178,1,66,0,138,0,135,0,50,0,23,0,12,0,11,0,11,
0,239,252,35,3,126,252,22,2,166,252,73,7,158,0,154,244,173,178,1,67,0,138,0,135,0,49,0,22,0,12,0,11,0,10,
0,239,252,35,3,100,252,22,2,166,252,73,7,161,255,176,245,185,178,1,66,0,138,0,135,0,49,0,22,0,11,0,11,0,10,
0,248,252,18,3,100,252,22,2,166,252,73,7,181,254,67,246,125,176,1,66,0,137,0,134,0,49,0,22,0,12,0,11,0,11,
0,6,253,82,3,43,252,22,2,166,252,73,7,235,252,75,246,155,174,1,65,0,137,0,134,0,49,0,22,0,12,0,11,0,11,
0,243,252,218,3,215,251,232,1,153,252,135,6,235,252,75,246,146,176,1,65,0,137,0,134,0,49,0,22,0,12,0,11,0,10,
0,243,252,218,3,215,251,232,1,153,252,135,6,117,251,216,246,146,176,1,65,0,137,0,135,0,47,0,21,0,11,0,11,0,10,
0,137,252,162,4,116,251,232,1,153,252,135,6,144,251,43,247,33,176,1,65,0,137,0,134,0,48,0,22,0,12,0,11,0,11,
0,32,252,85,5,254,250,232,1,153,252,135,6,201,252,146,247,207,176,1,64,0,138,0,134,0,48,0,22,0,12,0,11,0,11,
0,195,251,227,5,178,250,232,1,153,252,135,6,201,252,160,248,245,175,1,64,0,138,0,134,0,47,0,22,0,12,0,11,0,11,
0,195,251,227,5,178,250,232,1,153,252,135,6,127,254,160,248,245,175,1,64,0,139,0,134,0,47,0,21,0,11,0,10,0,10,
0,63,251,98,6,135,250,232,1,153,252,135,6,85,255,217,249,92,176,1,63,0,138,0,134,0,47,0,22,0,12,0,11,0,11,
0,230,250,170,6,132,250,232,1,153,252,135,6,46,0,199,250,134,177,1,63,0,139,0,134,0,47,0,21,0,11,0,10,0,10,
0,230,250,170,6,156,250,232,1,153,252,135,6,177,0,235,250,172,176,1,63,0,139,0,135,0,48,0,22,0,12,0,11,0,11,
0,210,250,223,6,156,250,232,1,153,252,135,6,177,0,235,250,193,173,1,63,0,139,0,136,0,47,0,22,0,12,0,11,0,11,
0,195,250,6,7,194,250,110,1,189,252,108,7,103,255,7,251,193,173,1,62,0,139,0,136,0,47,0,21,0,11,0,11,0,10,
0,190,250,16,7,186,250,110,1,189,252,108,7,146,254,176,251,69,176,1,61,0,140,0,137,0,47,0,21,0,11,0,10,0,10,
0,190,250,16,7,181,250,110,1,189,252,108,7,14,254,75,252,73,178,1,60,0,140,0,139,0,48,0,22,0,12,0,11,0,11,
0,144,250,86,7,181,250,110,1,189,252,108,7,238,254,156,251,165,177,1,59,0,141,0,141,0,49,0,22,0,12,0,11,0,11,
0,107,250,229,7,169,250,110,1,189,252,108,7,238,254,156,251,165,177,1,59,0,142,0,146,0,49,0,21,0,13,0,11,0,11,
0,73,250,125,8,109,250,110,1,189,252,108,7,53,254,113,250,132,174,1,57,0,143,0,155,0,52,0,22,0,14,0,11,0,11,
0,73,250,125,8,109,250,110,1,189,252,108,7,203,253,130,251,126,177,1,56,0,144,0,171,0,54,0,18,0,11,0,12,0,12,
0,44,250,20,9,65,250,110,1,189,252,108,7,15,255,47,252,112,180,1,55,0,147,0,187,0,57,0,20,0,12,0,11,0,11,
0,54,250,119,9,40,250,110,1,189,252,108,7,15,255,47,251,73,181,1,53,0,149,0,212,0,63,0,23,0,14,0,12,0,12,
0,5,250,154,9,61,250,110,1,189,252,108,7,144,0,155,251,73,181,1,51,0,152,0,235,0,70,0,25,0,12,0,12,0,12,
0,5,250,154,9,61,250,158,1,98,252,155,6,164,255,80,248,112,179,1,48,0,158,1,0,0,77,0,27,0,12,0,11,0,11,
0,229,249,41,9,140,250,158,1,98,252,155,6,153,249,55,246,91,181,1,43,0,166,1,21,0,86,0,30,0,16,0,12,0,12,
0,203,249,83,8,96,251,158,1,98,252,155,6,234,246,157,252,246,181,1,38,0,176,1,43,0,93,0,33,0,14,0,12,0,11,
0,203,249,83,8,1,253,158,1,98,252,155,6,234,246,157,252,246,181,1,31,0,185,1,60,0,102,0,36,0,18,0,13,0,12,
0,115,249,108,7,1,253,158,1,98,252,155,6,168,250,63,252,138,183,1,27,0,193,1,66,0,109,0,39,0,16,0,13,0,12,
0,6,249,67,7,31,254,158,1,98,252,155,6,125,251,196,253,81,185,1,23,0,196,1,66,0,114,0,41,0,16,0,12,0,11,
0,174,248,203,7,98,254,158,1,98,252,155,6,154,251,7,255,132,188,1,19,0,201,1,63,0,119,0,44,0,21,0,13,0,12,
0,174,248,203,7,60,254,158,1,98,252,155,6,154,251,118,255,237,188,1,16,0,208,1,63,0,122,0,46,0,20,0,13,0,11,
0,86,248,30,8,60,254,158,1,98,252,155,6,185,252,118,255,237,188,1,12,0,214,1,63,0,125,0,48,0,22,0,14,0,12,
0,27,248,23,8,240,253,158,1,98,252,155,6,95,254,22,0,50,186,1,8,0,221,1,63,0,127,0,49,0,21,0,14,0,12,
0,53,248,2,8,203,253,158,1,98,252,155,6,36,0,198,1,235,185,1,4,0,226,1,63,0,129,0,51,0,22,0,14,0,11,
0,53,248,2,8,203,253,65,1,125,252,51,6,192,0,39,3,247,186,1,2,0,232,1,63,0,130,0,52,0,22,0,14,0,12,
0,229,248,201,7,222,253,65,1,125,252,51,6,192,0,39,3,228,188,0,255,0,236,1,61,0,132,0,54,0,24,0,15,0,12,
0,122,249,98,7,40,254,65,1,125,252,51,6,15,255,209,5,228,188,1,0,0,239,1,58,0,132,0,55,0,24,0,15,0,12,
0,0,250,234,6,140,254,65,1,125,252,51,6,42,252,239,7,219,187,1,2,0,243,1,55,0,132,0,55,0,24,0,15,0,12,
0,0,250,234,6,140,254,65,1,125,252,51,6,15,249,71,8,163,185,1,2,0,244,1,53,0,132,0,56,0,24,0,15,0,12,
0,153,250,116,6,91,255,65,1,125,252,51,6,15,249,245,7,227,186,1,4,0,246,1,49,0,131,0,55,0,24,0,15,0,11,
0,51,251,75,6,80,0,65,1,125,252,51,6,56,249,245,7,227,186,1,6,0,247,1,46,0,131,0,56,0,23,0,15,0,12,
0,51,251,75,6,110,0,65,1,125,252,51,6,209,249,166,8,18,189,1,9,0,247,1,42,0,130,0,61,0,24,0,14,0,12,
0,222,251,158,6,110,0,65,1,125,252,51,6,71,249,155,7,222,185,1,12,0,245,1,35,0,128,0,62,0,25,0,14,0,11,
0,166,252,33,7,105,0,65,1,125,252,51,6,73,249,177,5,185,184,1,15,0,241,1,30,0,127,0,60,0,27,0,15,0,11,
0,139,253,150,7,156,0,30,1,68,252,236,6,73,249,177,5,249,184,1,19,0,238,1,27,0,125,0,58,0,27,0,16,0,12,
0,139,253,150,7,156,0,30,1,68,252,236,6,50,249,224,3,249,184,1,23,0,234,1,27,0,123,0,57,0,25,0,15,0,11,
0,137,254,207,7,208,0,30,1,68,252,236,6,100,249,175,3,77,185,1,25,0,230,1,27,0,123,0,56,0,26,0,15,0,12,
0,15,255,231,7,234,0,30,1,68,252,236,6,107,249,218,2,174,186,1,27,0,228,1,30,0,122,0,55,0,25,0,16,0,12,
0,88,255,13,8,236,0,30,1,68,252,236,6,118,249,157,0,51,185,1,26,0,223,1,34,0,122,0,55,0,23,0,15,0,11,
0,88,255,13,8,236,0,30,1,68,252,236,6,118,249,157,0,51,185,1,25,0,221,1,42,0,123,0,54,0,22,0,14,0,11,
0,139,255,38,8,145,0,30,1,68,252,236,6,47,249,65,255,158,182,1,22,0,218,1,49,0,124,0,54,0,25,0,14,0,11,
0,123,255,249,7,29,0,30,1,68,252,236,6,85,249,152,254,53,184,1,17,0,215,1,54,0,126,0,55,0,25,0,15,0,12,
0,59,255,198,7,142,255,30,1,68,252,236,6,253,250,91,253,37,185,1,14,0,215,1,56,0,127,0,55,0,25,0,15,0,12,
0,59,255,198,7,142,255,30,1,68,252,236,6,253,250,181,251,160,184,1,10,0,213,1,58,0,128,0,57,0,24,0,14,0,11,
0,245,254,187,7,17,255,5,1,43,252,45,6,89,253,181,251,160,184,1,4,0,212,1,58,0,130,0,58,0,25,0,15,0,12,
0,169,254,186,7,128,254,5,1,43,252,45,6,134,253,249,250,195,183,0,255,0,213,1,59,0,130,0,57,0,25,0,15,0,11,
0,169,254,186,7,35,254,5,1,43,252,45,6,34,254,42,251,143,183,0,249,0,214,1,59,0,131,0,57,0,25,0,16,0,12,
0,97,254,181,7,35,254,5,1,43,252,45,6,79,255,31,252,251,185,0,242,0,216,1,58,0,132,0,57,0,26,0,16,0,12,
0,41,254,124,7,198,253,5,1,43,252,45,6,79,255,31,252,251,185,0,234,0,218,1,58,0,132,0,57,0,25,0,15,0,12,
0,48,254,49,7,123,253,5,1,43,252,45,6,117,1,194,251,171,185,0,226,0,221,1,58,0,132,0,57,0,25,0,15,0,12,
0,48,254,49,7,123,253,5,1,43,252,45,6,54,2,104,251,82,184,0,216,0,223,1,58,0,133,0,58,0,26,0,16,0,13,
0,28,254,237,6,140,253,5,1,43,252,45,6,112,1,152,251,177,184,0,207,0,224,1,58,0,133,0,57,0,25,0,16,0,12,
0,250,253,140,6,147,253,5,1,43,252,45,6,112,1,171,251,118,188,0,196,0,227,1,58,0,133,0,57,0,26,0,16,0,13,
0,240,253,11,6,157,253,5,1,43,252,45,6,7,2,171,251,118,188,0,186,0,229,1,58,0,133,0,57,0,25,0,15,0,12,
0,240,253,11,6,157,253,210,0,46,252,22,6,252,3,130,250,47,187,0,175,0,231,1,56,0,134,0,58,0,26,0,16,0,12,
0,243,253,141,5,193,253,210,0,46,252,22,6,74,3,94,250,1,187,0,167,0,233,1,55,0,133,0,57,0,25,0,15,0,12,
0,245,253,52,5,185,253,210,0,46,252,22,6,165,3,6,250,123,186,0,158,0,235,1,54,0,133,0,58,0,26,0,16,0,12,
0,253,253,225,4,216,253,210,0,46,252,22,6,165,3,6,250,157,187,0,152,0,238,1,53,0,133,0,58,0,26,0,16,0,12,
0,253,253,225,4,216,253,210,0,46,252,22,6,191,3,24,250,157,187,0,148,0,240,1,52,0,132,0,58,0,26,0,16,0,12,
0,240,253,131,4,3,254,210,0,46,252,22,6,163,4,82,250,173,188,0,145,0,243,1,52,0,132,0,58,0,26,0,16,0,12,
0,237,253,29,4,42,254,210,0,46,252,22,6,94,5,126,250,161,188,0,142,0,245,1,52,0,131,0,57,0,25,0,15,0,11,
0,237,253,29,4,101,254,210,0,46,252,22,6,94,6,190,250,179,187,0,141,0,247,1,51,0,132,0,57,0,25,0,16,0,12,
0,24,254,182,3,101,254,210,0,46,252,22,6,16,6,190,250,179,187,0,139,0,249,1,51,0,131,0,57,0,25,0,15,0,12,
0,67,254,103,3,137,254,210,0,46,252,22,6,235,4,174,251,191,187,0,139,0,252,1,51,0,131,0,57,0,25,0,15,0,11,
0,105,254,26,3,177,254,210,0,46,252,22,6,40,5,227,251,206,189,0,138,0,255,1,52,0,131,0,57,0,25,0,15,0,11,
0,105,254,26,3,177,254,183,0,35,252,198,6,218,4,127,251,93,189,0,137,1,1,1,52,0,131,0,57,0,25,0,16,0,12,
0,177,254,198,2,196,254,183,0,35,252,198,6,218,4,127,251,179,189,0,137,1,3,1,52,0,131,0,56,0,25,0,15,0,12,
0,229,254,126,2,242,254,183,0,35,252,198,6,20,5,245,251,179,189,0,137,1,5,1,52,0,131,0,57,0,25,0,15,0,12,
0,254,254,73,2,50,255,183,0,35,252,198,6,136,4,229,251,176,189,0,137,1,8,1,51,0,131,0,57,0,25,0,15,0,12,
0,254,254,73,2,50,255,183,0,35,252,198,6,227,4,63,251,172,190,0,137,1,10,1,51,0,131,0,56,0,25,0,16,0,12,
0,2,255,31,2,93,255,183,0,35,252,198,6,90,4,99,251,30,191,0,137,1,12,1,50,0,131,0,57,0,25,0,15,0,12,
0,34,255,6,2,119,255,183,0,35,252,198,6,90,4,99,251,30,191,0,137,1,13,1,49,0,131,0,57,0,25,0,16,0,12,
0,111,255,183,1,154,255,183,0,35,252,198,6,177,4,203,251,87,193,0,138,1,15,1,48,0,130,0,57,0,25,0,16,0,12,
0,111,255,183,1,154,255,183,0,35,252,198,6,215,5,144,251,163,193,0,138,1,17,1,47,0,130,0,57,0,23,0,15,0,12,
0,149,255,88,1,183,255,183,0,35,252,198,6,157,6,30,251,185,192,0,138,1,17,1,46,0,130,0,57,0,24,0,15,0,12,
0,156,255,201,0,212,255,121,0,93,252,198,5,157,6,204,250,152,192,0,139,1,18,1,46,0,129,0,56,0,23,0,14,0,11,
0,156,255,201,0,20,0,121,0,93,252,198,5,98,6,204,250,152,192,0,138,1,18,1,44,0,129,0,57,0,25,0,15,0,12,
0,116,255,80,0,20,0,121,0,93,252,198,5,24,6,215,250,36,192,0,139,1,18,1,43,0,128,0,59,0,25,0,15,0,12,
0,148,255,186,255,74,0,121,0,93,252,198,5,222,5,102,250,117,192,0,139,1,19,1,42,0,128,0,60,0,25,0,14,0,11,
0,197,255,18,255,80,0,121,0,93,252,198,5,11,5,46,250,35,194,0,139,1,19,1,42,0,127,0,59,0,25,0,15,0,11,
0,197,255,18,255,80,0,121,0,93,252,198,5,11,5,46,250,35,192,0,139,1,18,1,40,0,127,0,58,0,25,0,16,0,12,
0,209,255,177,254,106,0,121,0,93,252,198,5,245,5,47,249,98,192,0,139,1,18,1,40,0,127,0,58,0,25,0,15,0,12,
0,151,255,88,254,134,0,121,0,93,252,198,5,108,5,220,248,241,189,0,140,1,18,1,38,0,126,0,57,0,25,0,16,0,12,
0,28,255,9,254,130,0,121,0,93,252,198,5,115,4,229,248,53,191,0,140,1,18,1,37,0,125,0,55,0,24,0,15,0,12,
0,28,255,9,254,130,0,121,0,93,252,198,5,115,4,213,248,56,193,0,139,1,17,1,36,0,125,0,55,0,24,0,15,0,12,
0,190,254,183,253,150,0,152,0,107,252,18,6,238,5,213,248,56,193,0,140,1,18,1,36,0,124,0,55,0,24,0,14,0,11,
0,146,254,100,253,138,0,152,0,107,252,18,6,90,7,119,248,242,190,0,140,1,17,1,34,0,125,0,55,0,24,0,15,0,12,
0,106,254,41,253,127,0,152,0,107,252,18,6,73,8,76,248,41,190,0,140,1,17,1,33,0,124,0,55,0,24,0,15,0,12,
0,106,254,41,253,127,0,152,0,107,252,18,6,46,7,178,248,168,189,0,140,1,16,1,33,0,123,0,54,0,23,0,14,0,12,
0,41,254,192,252,162,0,152,0,107,252,18,6,46,7,178,248,80,191,0,140,1,17,1,33,0,123,0,54,0,23,0,14,0,12,
0,47,254,82,252,188,0,152,0,107,252,18,6,8,7,138,248,80,191,0,139,1,16,1,32,0,123,0,54,0,24,0,15,0,12,
0,47,254,82,252,234,0,152,0,107,252,18,6,77,7,129,248,249,190,0,140,1,17,1,31,0,123,0,54,0,26,0,15,0,12,
0,9,254,231,251,234,0,152,0,107,252,18,6,36,7,58,248,240,188,0,139,1,17,1,30,0,122,0,54,0,25,0,16,0,12,
0,254,253,111,251,231,0,152,0,107,252,18,6,230,5,82,248,205,188,0,139,1,17,1,30,0,121,0,53,0,24,0,15,0,11,
0,234,253,79,251,247,0,152,0,107,252,18,6,230,5,82,248,205,188,0,140,1,19,1,30,0,121,0,52,0,23,0,14,0,11,
0,234,253,79,251,247,0,206,0,62,252,157,6,30,5,131,248,137,190,0,139,1,19,1,28,0,121,0,53,0,24,0,15,0,12,
0,203,253,37,251,15,1,206,0,62,252,157,6,59,5,121,248,142,190,0,139,1,20,1,28,0,121,0,53,0,24,0,15,0,12,
0,177,253,243,250,13,1,206,0,62,252,157,6,40,5,165,248,203,189,0,139,1,21,1,27,0,120,0,52,0,24,0,15,0,12,
0,126,253,236,250,33,1,206,0,62,252,157,6,40,5,165,248,190,189,0,139,1,22,1,27,0,119,0,47,0,23,0,15,0,12,
0,126,253,236,250,33,1,206,0,62,252,157,6,47,5,219,248,190,189,0,140,1,24,1,26,0,119,0,47,0,22,0,14,0,11,
0,123,253,245,250,55,1,206,0,62,252,157,6,28,5,62,249,139,189,0,140,1,24,1,25,0,119,0,49,0,23,0,15,0,12,
0,95,253,228,250,82,1,206,0,62,252,157,6,58,4,146,249,236,189,0,140,1,25,1,23,0,119,0,49,0,23,0,15,0,12,
0,127,253,228,250,105,1,206,0,62,252,157,6,236,3,145,249,196,190,0,140,1,25,1,23,0,118,0,49,0,23,0,15,0,12,
0,127,253,179,250,105,1,206,0,62,252,157,6,236,3,145,249,196,190,0,140,1,26,1,22,0,118,0,50,0,22,0,14,0,11,
0,160,253,130,250,122,1,206,0,62,252,157,6,184,3,203,249,153,191,0,140,1,27,1,21,0,117,0,50,0,22,0,14,0,11,
0,112,253,88,250,175,1,206,0,40,252,224,5,180,3,114,249,227,189,0,140,1,27,1,20,0,117,0,50,0,23,0,14,0,12,
0,112,253,88,250,208,1,7,1,40,252,224,5,184,2,88,249,219,188,0,141,1,27,1,19,0,117,0,50,0,23,0,14,0,12,
0,128,253,34,250,208,1,7,1,40,252,224,5,184,2,161,249,245,189,0,141,1,27,1,19,0,116,0,50,0,23,0,15,0,12,
0,121,253,51,250,233,1,7,1,40,252,224,5,190,1,161,249,245,189,0,141,1,28,1,20,0,116,0,50,0,22,0,14,0,11,
0,97,253,29,250,248,1,7,1,40,252,224,5,0,1,218,249,162,190,0,142,1,29,1,19,0,116,0,50,0,22,0,14,0,12,
0,97,253,29,250,248,1,7,1,40,252,224,5,209,0,18,250,213,191,0,142,1,29,1,19,0,116,0,50,0,23,0,15,0,12,
0,87,253,246,249,253,1,7,1,40,252,224,5,203,1,241,249,49,190,0,143,1,30,1,19,0,116,0,50,0,23,0,14,0,12,
0,67,253,29,250,43,2,7,1,40,252,224,5,203,1,241,249,149,186,0,144,1,30,1,19,0,116,0,50,0,23,0,15,0,12,
0,72,253,64,250,58,2,7,1,40,252,224,5,247,0,244,249,149,186,0,144,1,30,1,20,0,115,0,50,0,22,0,14,0,11,
0,72,253,64,250,58,2,7,1,40,252,224,5,205,254,34,251,216,190,0,144,1,31,1,20,0,115,0,49,0,22,0,14,0,11,
0,45,253,81,250,56,2,7,1,40,252,224,5,162,1,216,249,224,189,0,145,1,31,1,20,0,116,0,50,0,23,0,15,0,12,
0,25,253,62,250,61,2,247,0,44,252,7,6,162,1,52,250,0,188,0,145,1,31,1,20,0,115,0,50,0,23,0,14,0,12,
0,38,253,62,250,75,2,247,0,44,252,7,6,251,254,52,250,0,188,0,146,1,30,1,19,0,115,0,49,0,22,0,14,0,12,
0,38,253,59,250,75,2,247,0,44,252,7,6,59,254,177,250,55,190,0,147,1,31,1,20,0,115,0,49,0,22,0,14,0,11,
0,27,253,92,250,88,2,247,0,44,252,7,6,231,254,53,250,161,189,0,147,1,30,1,19,0,115,0,50,0,23,0,14,0,12,
0,28,253,164,250,79,2,247,0,44,252,7,6,86,254,34,250,234,186,0,148,1,30,1,19,0,115,0,53,0,22,0,13,0,11,
0,28,253,164,250,86,2,247,0,44,252,7,6,86,254,34,250,197,188,0,148,1,30,1,18,0,115,0,53,0,23,0,14,0,11,
0,26,253,197,250,86,2,247,0,44,252,7,6,203,253,234,250,197,188,0,149,1,29,1,17,0,115,0,52,0,23,0,14,0,11,
0,29,253,212,250,84,2,247,0,44,252,7,6,149,253,10,251,126,188,0,149,1,29,1,17,0,115,0,51,0,23,0,14,0,11,
0,15,253,14,251,76,2,247,0,44,252,7,6,186,253,19,251,136,188,0,150,1,28,1,16,0,115,0,51,0,23,0,14,0,11,
0,15,253,14,251,76,2,247,0,44,252,7,6,96,253,41,251,31,187,0,151,1,29,1,16,0,114,0,50,0,22,0,14,0,11,
0,232,252,83,251,90,2,22,1,234,251,76,6,96,253,41,251,31,187,0,151,1,28,1,15,0,114,0,50,0,21,0,14,0,12,
0,27,253,117,251,89,2,22,1,234,251,76,6,194,252,248,250,64,188,0,151,1,28,1,14,0,114,0,50,0,22,0,14,0,12,
0,44,253,163,251,99,2,22,1,234,251,76,6,158,251,188,251,229,187,0,151,1,27,1,13,0,113,0,50,0,21,0,14,0,11,
0,44,253,163,251,99,2,22,1,234,251,76,6,249,251,220,251,147,189,0,151,1,27,1,13,0,113,0,49,0,21,0,14,0,11,
0,254,252,237,251,104,2,22,1,234,251,76,6,249,251,48,251,137,187,0,151,1,26,1,11,0,113,0,49,0,22,0,14,0,12,
0,248,252,57,252,90,2,22,1,234,251,76,6,158,252,48,251,137,187,0,151,1,26,1,10,0,112,0,49,0,22,0,14,0,12,
0,252,252,57,252,83,2,22,1,234,251,76,6,166,251,241,250,18,186,0,150,1,26,1,9,0,112,0,49,0,21,0,14,0,12,
0,252,252,136,252,83,2,22,1,234,251,76,6,215,250,53,251,19,188,0,150,1,26,1,9,0,111,0,48,0,20,0,14,0,11,
0,238,252,194,252,90,2,22,1,234,251,76,6,195,251,122,251,172,189,0,150,1,26,1,8,0,111,0,48,0,22,0,14,0,12,
0,221,252,245,252,104,2,22,1,234,251,76,6,195,251,122,251,172,187,0,150,1,27,1,8,0,110,0,47,0,21,0,13,0,11,
0,221,252,245,252,84,2,118,1,24,252,99,6,174,252,62,251,143,187,0,150,1,26,1,6,0,111,0,48,0,21,0,14,0,12,
0,195,252,45,253,84,2,118,1,24,252,99,6,242,251,50,251,201,186,0,150,1,27,1,6,0,110,0,47,0,21,0,14,0,11,
0,187,252,115,253,85,2,118,1,24,252,99,6,223,250,195,251,17,188,0,150,1,27,1,5,0,109,0,47,0,20,0,13,0,11,
0,135,252,161,253,86,2,118,1,24,252,99,6,223,250,30,252,132,189,0,149,1,26,1,4,0,109,0,47,0,21,0,14,0,11,
0,135,252,161,253,86,2,118,1,24,252,99,6,102,251,30,252,132,189,0,149,1,27,1,4,0,108,0,46,0,20,0,13,0,11,
0,182,252,193,253,73,2,118,1,24,252,99,6,146,251,195,251,162,188,0,149,1,26,1,3,0,109,0,47,0,21,0,14,0,12,
0,252,252,250,253,68,2,118,1,24,252,99,6,41,251,35,251,149,186,0,149,1,27,1,3,0,108,0,47,0,21,0,14,0,11,
0,47,253,40,254,52,2,118,1,24,252,99,6,214,249,142,251,94,186,0,149,1,27,1,2,0,107,0,46,0,20,0,13,0,11,
0,47,253,40,254,52,2,118,1,24,252,99,6,214,249,142,251,205,188,0,149,1,27,1,1,0,108,0,46,0,21,0,14,0,11,
0,255,252,84,254,54,2,118,1,24,252,99,6,237,249,235,251,205,188,0,150,1,27,1,2,0,107,0,46,0,19,0,13,0,11,
0,219,252,169,254,49,2,114,1,217,251,239,6,223,251,181,251,221,189,0,150,1,27,1,1,0,107,0,46,0,21,0,14,0,11,
0,219,252,169,254,37,2,114,1,217,251,239,6,62,251,64,251,82,186,0,150,1,28,1,1,0,107,0,46,0,21,0,14,0,12,
0,218,252,237,254,37,2,114,1,217,251,239,6,62,250,93,252,13,188,0,150,1,28,1,1,0,106,0,45,0,20,0,13,0,11,
0,4,253,55,255,49,2,114,1,217,251,239,6,110,250,93,252,13,188,0,150,1,28,1,0,0,107,0,46,0,21,0,14,0,12,
0,228,252,104,255,40,2,114,1,217,251,239,6,59,251,81,252,48,189,0,151,1,28,1,1,0,106,0,45,0,20,0,13,0,11,
0,228,252,104,255,26,2,114,1,217,251,239,6,34,252,93,252,51,188,0,151,1,28,1,1,0,107,0,46,0,20,0,14,0,11,
0,215,252,142,255,26,2,114,1,217,251,239,6,245,251,194,251,205,186,0,152,1,29,1,2,0,106,0,45,0,20,0,13,0,11,
0,235,252,200,255,46,2,114,1,217,251,239,6,245,251,194,251,118,186,0,152,1,29,1,2,0,107,0,46,0,20,0,13,0,11,
0,8,253,251,255,34,2,114,1,217,251,239,6,186,250,80,252,118,186,0,153,1,29,1,3,0,106,0,45,0,20,0,13,0,11,
0,8,253,251,255,34,2,114,1,217,251,239,6,91,250,179,252,234,187,0,153,1,28,1,3,0,107,0,46,0,20,0,13,0,11,
0,19,253,21,0,42,2,114,1,217,251,239,6,123,251,181,252,60,190,0,154,1,29,1,4,0,107,0,46,0,20,0,14,0,11,
0,57,253,75,0,63,2,33,1,47,252,151,5,29,252,12,252,188,188,0,155,1,30,1,4,0,107,0,45,0,19,0,13,0,11,
0,57,253,131,0,83,2,33,1,47,252,151,5,29,252,12,252,188,188,0,155,1,30,1,5,0,107,0,46,0,20,0,13,0,11,
0,57,253,131,0,83,2,33,1,47,252,151,5,129,251,19,252,215,185,0,156,1,31,1,6,0,107,0,45,0,20,0,13,0,11,
0,66,253,223,0,79,2,33,1,47,252,151,5,180,250,206,252,79,188,0,156,1,31,1,7,0,108,0,46,0,20,0,14,0,11,
0,87,253,37,1,73,2,33,1,47,252,151,5,81,252,96,252,114,189,0,157,1,31,1,8,0,108,0,46,0,20,0,14,0,11,
0,87,253,37,1,78,2,33,1,47,252,151,5,81,252,165,252,10,189,0,158,1,33,1,8,0,108,0,45,0,20,0,13,0,11,
0,133,253,102,1,78,2,33,1,47,252,151,5,122,253,165,252,10,189,0,158,1,32,1,9,0,109,0,46,0,20,0,13,0,11,
0,111,253,133,1,51,2,33,1,47,252,151,5,109,253,57,252,31,187,0,159,1,33,1,9,0,109,0,45,0,20,0,13,0,11,
0,123,253,179,1,36,2,33,1,47,252,151,5,171,252,67,252,218,187,0,160,1,32,1,10,0,110,0,46,0,20,0,13,0,11,
0,123,253,179,1,16,2,33,1,47,252,151,5,251,252,226,252,253,188,0,161,1,33,1,11,0,110,0,47,0,20,0,14,0,11,
0,99,253,223,1,16,2,22,1,18,252,166,6,251,252,226,252,121,189,0,162,1,33,1,12,0,110,0,46,0,20,0,14,0,11,
0,124,253,218,1,23,2,22,1,18,252,166,6,138,253,14,252,121,189,0,162,1,33,1,13,0,110,0,47,0,20,0,13,0,11,
0,115,253,245,1,47,2,22,1,18,252,166,6,178,252,53,252,241,188,0,163,1,33,1,14,0,111,0,47,0,20,0,13,0,11,
0,115,253,245,1,47,2,22,1,18,252,166,6,155,252,102,252,146,189,0,164,1,33,1,14,0,111,0,47,0,21,0,14,0,12,
0,151,253,25,2,26,2,22,1,18,252,166,6,155,252,24,252,131,190,0,164,1,33,1,16,0,112,0,47,0,23,0,14,0,11,
0,171,253,58,2,15,2,22,1,18,252,166,6,165,253,24,252,131,190,0,166,1,34,1,17,0,112,0,47,0,22,0,14,0,11,
0,186,253,102,2,41,2,22,1,18,252,166,6,181,254,173,251,230,187,0,166,1,34,1,19,0,113,0,47,0,22,0,14,0,11,
0,186,253,102,2,41,2,22,1,18,252,166,6,9,254,231,251,13,188,0,168,1,34,1,20,0,113,0,48,0,22,0,14,0,12,
0,209,253,127,2,24,2,22,1,18,252,166,6,42,254,59,252,113,189,0,169,1,34,1,22,0,113,0,48,0,21,0,14,0,11,
0,191,253,149,2,8,2,22,1,18,252,166,6,42,254,59,252,102,191,0,170,1,34,1,22,0,115,0,49,0,22,0,14,0,11,
0,191,253,149,2,8,2,107,1,197,251,86,6,72,255,83,252,102,191,0,171,1,34,1,23,0,115,0,49,0,22,0,14,0,12,
0,210,253,155,2,8,2,107,1,197,251,86,6,8,0,11,252,226,190,0,172,1,34,1,25,0,115,0,49,0,22,0,14,0,11,
0,238,253,143,2,22,2,107,1,197,251,86,6,113,0,159,251,85,188,0,173,1,34,1,26,0,116,0,49,0,21,0,13,0,11,
0,228,253,127,2,11,2,107,1,197,251,86,6,125,255,236,251,4,189,0,174,1,33,1,26,0,117,0,49,0,22,0,14,0,12,
0,228,253,127,2,11,2,107,1,197,251,86,6,125,255,236,251,4,189,0,175,1,33,1,27,0,117,0,50,0,23,0,14,0,11,
0,205,253,124,2,23,2,107,1,197,251,86,6,221,254,87,252,145,192,0,177,1,33,1,28,0,118,0,50,0,22,0,14,0,11,
0,216,253,122,2,35,2,107,1,197,251,86,6,182,1,75,251,186,191,0,179,1,33,1,29,0,117,0,49,0,22,0,14,0,11,
0,232,253,108,2,33,2,107,1,197,251,86,6,178,0,2,251,225,187,0,180,1,33,1,29,0,118,0,50,0,23,0,14,0,12,
0,232,253,108,2,33,2,107,1,197,251,86,6,178,0,2,251,164,190,0,182,1,33,1,30,0,118,0,49,0,22,0,14,0,11,
0,217,253,73,2,4,2,107,1,197,251,86,6,172,255,91,251,164,190,0,183,1,32,1,29,0,119,0,51,0,23,0,14,0,12,
0,204,253,77,2,31,2,223,0,225,251,232,5,214,0,159,251,30,193,0,185,1,32,1,29,0,119,0,45,0,22,0,15,0,12,
0,234,253,94,2,41,2,223,0,225,251,232,5,85,2,174,251,107,192,0,186,1,32,1,29,0,119,0,47,0,22,0,14,0,12,
0,234,253,94,2,41,2,223,0,225,251,232,5,245,1,70,251,100,188,0,188,1,32,1,29,0,119,0,47,0,21,0,14,0,11,
0,238,253,76,2,45,2,223,0,225,251,232,5,245,1,70,251,100,188,0,189,1,31,1,28,0,119,0,49,0,22,0,15,0,12,
0,236,253,5,2,41,2,223,0,225,251,232,5,184,0,4,252,18,192,0,191,1,31,1,27,0,119,0,50,0,22,0,15,0,12,
0,236,253,5,2,42,2,223,0,225,251,232,5,13,2,147,251,177,193,0,192,1,30,1,27,0,119,0,50,0,22,0,14,0,11,
0,213,253,223,1,42,2,223,0,225,251,232,5,238,2,77,251,76,191,0,193,1,29,1,25,0,119,0,51,0,22,0,14,0,12,
0,250,253,213,1,40,2,223,0,225,251,232,5,238,2,119,251,85,189,0,195,1,29,1,25,0,119,0,50,0,22,0,14,0,11,
0,13,254,224,1,33,2,223,0,225,251,232,5,29,2,119,251,85,189,0,196,1,28,1,23,0,119,0,51,0,23,0,15,0,12,
0,13,254,224,1,33,2,223,0,225,251,232,5,102,1,86,251,148,191,0,198,1,27,1,22,0,118,0,51,0,23,0,14,0,12,
0,251,253,191,1,37,2,223,0,225,251,232,5,222,1,239,251,68,193,0,200,1,27,1,21,0,118,0,51,0,23,0,15,0,12,
0,184,253,126,1,34,2,7,1,174,251,189,5,136,2,201,251,160,193,0,201,1,26,1,20,0,117,0,51,0,22,0,14,0,11,
0,215,253,76,1,14,2,7,1,174,251,189,5,136,2,201,251,88,190,0,203,1,26,1,19,0,116,0,50,0,23,0,14,0,12,
0,215,253,76,1,14,2,7,1,174,251,189,5,67,3,141,251,88,190,0,204,1,25,1,18,0,116,0,50,0,22,0,14,0,11,
0,20,254,58,1,21,2,7,1,174,251,189,5,142,1,214,251,185,189,0,205,1,25,1,17,0,116,0,50,0,23,0,14,0,12,
0,226,253,232,0,42,2,7,1,174,251,189,5,168,1,137,252,2,194,0,207,1,24,1,16,0,115,0,50,0,23,0,14,0,11,
0,223,253,192,0,94,2,7,1,174,251,189,5,168,1,68,252,177,192,0,208,1,23,1,15,0,115,0,50,0,20,0,14,0,11,
0,223,253,192,0,94,2,7,1,174,251,189,5,250,2,68,252,177,192,0,209,1,23,1,14,0,114,0,49,0,21,0,14,0,12,
0,13,254,185,0,135,2,7,1,174,251,189,5,225,2,24,252,184,191,0,211,1,23,1,12,0,113,0,49,0,20,0,14,0,11,
0,39,254,115,0,115,2,7,1,174,251,189,5,197,2,245,251,104,190,0,211,1,21,1,11,0,113,0,49,0,21,0,14,0,12,
0,39,254,115,0,103,2,7,1,174,251,189,5,1,1,130,252,40,191,0,212,1,21,1,10,0,113,0,49,0,22,0,14,0,12,
0,30,254,67,0,103,2,244,0,195,251,202,5,1,1,130,252,54,193,0,214,1,20,1,9,0,112,0,49,0,21,0,14,0,11,
0,241,253,9,0,115,2,244,0,195,251,202,5,5,2,119,252,54,193,0,215,1,19,1,8,0,112,0,53,0,23,0,14,0,12,
0,9,254,231,255,138,2,244,0,195,251,202,5,205,2,107,252,104,192,0,217,1,19,1,7,0,111,0,52,0,22,0,13,0,11,
0,9,254,231,255,138,2,244,0,195,251,202,5,178,2,83,252,248,190,0,217,1,18,1,6,0,111,0,51,0,23,0,14,0,12,
0,44,254,219,255,120,2,244,0,195,251,202,5,250,1,217,252,134,190,0,219,1,17,1,5,0,110,0,50,0,22,0,14,0,12,
0,68,254,214,255,95,2,244,0,195,251,202,5,250,1,217,252,134,190,0,220,1,17,1,4,0,109,0,49,0,21,0,14,0,11,
0,25,254,139,255,95,2,244,0,195,251,202,5,222,1,16,253,201,191,0,222,1,16,1,3,0,110,0,49,0,22,0,14,0,12,
0,25,254,139,255,95,2,244,0,195,251,202,5,92,2,73,253,74,192,0,223,1,16,1,3,0,109,0,47,0,21,0,14,0,11,
0,21,254,82,255,104,2,244,0,195,251,202,5,240,1,65,253,87,191,0,224,1,14,1,1,0,108,0,47,0,22,0,14,0,11,
0,35,254,84,255,81,2,244,0,195,251,202,5,240,1,68,253,171,191,0,225,1,13,1,1,0,108,0,47,0,21,0,14,0,12,
0,65,254,55,255,53,2,60,1,188,251,126,5,215,1,68,253,171,191,0,227,1,13,1,1,0,107,0,47,0,20,0,13,0,11,
0,65,254,55,255,53,2,60,1,188,251,126,5,12,2,15,253,209,191,0,228,1,12,1,0,0,107,0,46,0,20,0,13,0,11,
0,68,254,29,255,31,2,60,1,188,251,126,5,44,1,40,253,211,190,0,229,1,11,0,255,0,107,0,46,0,23,0,14,0,11,
0,78,254,25,255,46,2,60,1,188,251,126,5,80,1,155,253,147,192,0,230,1,11,0,255,0,106,0,46,0,22,0,14,0,11,
0,78,254,25,255,13,2,60,1,188,251,126,5,80,1,155,253,147,192,0,231,1,10,0,254,0,106,0,46,0,22,0,14,0,12,
0,97,254,26,255,13,2,60,1,188,251,126,5,168,1,142,253,249,192,0,232,1,10,0,255,0,105,0,45,0,20,0,13,0,11,
0,117,254,36,255,18,2,60,1,188,251,126,5,46,2,90,253,71,191,0,232,1,9,0,254,0,106,0,46,0,22,0,14,0,11,
0,136,254,7,255,20,2,60,1,188,251,126,5,92,1,63,253,198,189,0,234,1,9,0,254,0,105,0,45,0,20,0,13,0,11,
0,136,254,7,255,20,2,60,1,188,251,126,5,92,1,205,253,194,191,0,234,1,9,0,254,0,105,0,45,0,21,0,14,0,12,
0,129,254,254,254,18,2,60,1,188,251,126,5,241,0,205,253,194,191,0,235,1,8,0,254,0,105,0,45,0,21,0,14,0,12,
0,151,254,9,255,36,2,107,1,156,251,181,6,68,1,174,253,217,192,0,236,1,8,0,254,0,105,0,45,0,21,0,14,0,12,
0,202,254,244,254,28,2,107,1,156,251,181,6,28,1,205,253,142,193,0,237,1,8,0,254,0,105,0,45,0,21,0,14,0,12,
0,202,254,244,254,28,2,107,1,156,251,181,6,182,1,57,253,180,191,0,239,1,8,0,255,0,105,0,44,0,20,0,13,0,11,
0,203,254,246,254,43,2,107,1,156,251,181,6,182,1,57,253,246,188,0,239,1,8,0,254,0,105,0,45,0,21,0,14,0,12,
0,206,254,222,254,60,2,107,1,156,251,181,6,17,1,235,252,246,188,0,239,1,7,0,255,0,105,0,45,0,21,0,14,0,12,
0,202,254,218,254,32,2,107,1,156,251,181,6,6,0,112,253,3,191,0,241,1,8,0,255,0,105,0,45,0,20,0,13,0,11,
0,202,254,218,254,32,2,107,1,156,251,181,6,134,0,167,253,9,193,0,242,1,8,0,255,0,105,0,45,0,21,0,14,0,12,
0,201,254,248,254,9,2,107,1,156,251,181,6,134,1,83,253,95,192,0,242,1,8,1,0,0,105,0,44,0,18,0,13,0,11,
0,237,254,252,254,242,1,107,1,156,251,181,6,178,1,83,253,95,192,0,243,1,6,1,0,0,105,0,45,0,20,0,14,0,11,
0,237,254,252,254,247,1,107,1,156,251,181,6,85,1,156,252,229,189,0,243,1,6,1,0,0,105,0,45,0,19,0,13,0,12,
0,50,255,17,255,247,1,107,1,156,251,181,5,102,0,247,252,197,190,0,244,1,6,1,0,0,105,0,44,0,19,0,13,0,11,
0,33,255,47,255,212,1,33,1,159,251,138,5,54,1,54,253,95,193,0,245,1,6,1,1,0,106,0,45,0,20,0,13,0,12,
0,246,254,66,255,185,1,33,1,159,251,138,5,54,1,54,253,27,192,0,245,1,6,1,2,0,105,0,44,0,19,0,13,0,11,
0,246,254,66,255,185,1,33,1,159,251,138,5,12,1,34,253,27,192,0,245,1,6,1,2,0,106,0,45,0,20,0,13,0,11,
0,54,255,18,255,201,1,33,1,159,251,138,5,24,1,10,253,10,192,0,246,1,6,1,3,0,106,0,45,0,20,0,13,0,11,
0,76,255,244,254,202,1,33,1,159,251,138,5,79,1,240,252,61,192,0,246,1,6,1,3,0,106,0,45,0,19,0,13,0,11,
0,74,255,10,255,211,1,33,1,159,251,138,5,18,1,187,252,76,191,0,247,1,6,1,4,0,106,0,44,0,19,0,12,0,11,
0,74,255,10,255,211,1,33,1,159,251,138,5,18,1,187,252,76,191,0,247,1,6,1,4,0,107,0,45,0,20,0,14,0,11,
0,82,255,242,254,219,1,33,1,159,251,138,5,164,0,134,252,225,191,0,247,1,6,1,5,0,107,0,46,0,20,0,14,0,11,
0,114,255,249,254,201,1,33,1,159,251,138,5,122,0,66,252,11,192,0,247,1,7,1,6,0,108,0,46,0,20,0,14,0,11,
0,83,255,249,255,182,1,33,1,159,251,138,5,195,0,70,252,239,192,0,248,1,7,1,6,0,108,0,46,0,20,0,14,0,11,
0,83,255,8,255,182,1,33,1,235,251,248,5,195,0,197,251,149,193,0,249,1,8,1,7,0,108,0,46,0,20,0,14,0,12,
0,83,255,25,255,127,1,33,1,235,251,248,5,234,1,197,251,149,193,0,249,1,8,1,8,0,108,0,46,0,20,0,13,0,11,
0,71,255,56,255,123,1,33,1,235,251,248,5,137,1,189,251,101,191,0,249,1,8,1,8,0,109,0,46,0,21,0,14,0,12,
0,71,255,56,255,136,1,33,1,235,251,248,5,214,0,26,252,132,192,0,249,1,8,1,8,0,109,0,46,0,21,0,14,0,12,
0,62,255,53,255,136,1,33,1,235,251,248,5,112,1,231,251,111,193,0,250,1,8,1,8,0,109,0,47,0,20,0,14,0,11,
0,76,255,26,255,148,1,33,1,235,251,248,5,112,1,231,251,76,193,0,251,1,8,1,8,0,109,0,46,0,20,0,13,0,11,
0,54,255,44,255,175,1,33,1,235,251,248,5,59,2,235,251,76,193,0,251,1,8,1,8,0,110,0,47,0,21,0,14,0,11,
0,54,255,44,255,175,1,33,1,235,251,248,5,250,1,130,251,8,191,0,251,1,8,1,8,0,110,0,47,0,21,0,14,0,11,
0,47,255,59,255,174,1,33,1,235,251,248,5,180,0,174,251,40,193,0,251,1,8,1,8,0,110,0,47,0,21,0,14,0,12,
0,25,255,71,255,181,1,33,1,235,251,248,5,180,0,58,251,254,192,0,252,1,8,1,8,0,109,0,47,0,20,0,13,0,11,
0,15,255,76,255,169,1,63,1,197,251,224,5,224,1,58,251,254,192,0,252,1,9,1,8,0,109,0,46,0,20,0,13,0,11,
0,15,255,76,255,169,1,63,1,197,251,224,5,182,1,18,251,211,193,0,252,1,9,1,7,0,109,0,47,0,21,0,14,0,11,
0,6,255,62,255,123,1,63,1,197,251,224,5,176,2,210,250,219,191,0,252,1,9,1,6,0,109,0,47,0,21,0,14,0,11,
0,33,255,57,255,117,1,63,1,197,251,224,5,214,1,232,250,168,190,0,252,1,9,1,6,0,109,0,46,0,20,0,13,0,11,
0,65,255,57,255,118,1,63,1,197,251,224,5,214,1,232,250,178,192,0,252,1,9,1,6,0,109,0,46,0,20,0,13,0,11,
0,65,255,68,255,118,1,63,1,197,251,224,5,34,1,11,251,178,192,0,252,1,9,1,6,0,108,0,46,0,20,0,14,0,11,
0,67,255,80,255,123,1,63,1,197,251,224,5,41,2,61,251,33,194,0,253,1,9,1,6,0,108,0,46,0,20,0,13,0,11,
0,82,255,60,255,114,1,63,1,197,251,224,5,85,3,190,250,131,193,0,252,1,9,1,4,0,109,0,47,0,21,0,14,0,11,
0,82,255,60,255,90,1,63,1,197,251,224,5,5,2,115,250,137,191,0,252,1,8,1,4,0,109,0,47,0,21,0,14,0,12,
0,101,255,100,255,90,1,63,1,197,251,224,5,5,2,115,250,137,191,0,251,1,9,1,4,0,108,0,46,0,20,0,13,0,11,
0,90,255,105,255,75,1,21,1,218,251,88,5,222,1,191,250,166,191,0,251,1,9,1,4,0,108,0,46,0,20,0,14,0,12,
0,60,255,73,255,85,1,21,1,218,251,88,5,138,1,214,250,59,193,0,251,1,9,1,3,0,108,0,46,0,20,0,13,0,11,
0,60,255,73,255,85,1,21,1,218,251,88,5,48,2,161,250,93,194,0,250,1,8,1,2,0,108,0,47,0,21,0,14,0,12,
0,39,255,72,255,91,1,21,1,218,251,88,5,48,2,161,250,113,193,0,250,1,8,1,1,0,108,0,47,0,21,0,14,0,12,
0,80,255,75,255,86,1,21,1,218,251,88,5,121,2,133,250,113,193,0,250,1,9,1,2,0,108,0,46,0,20,0,14,0,12,
0,109,255,95,255,59,1,21,1,218,251,88,5,18,2,107,250,71,192,0,248,1,8,1,1,0,107,0,46,0,21,0,14,0,12,
0,109,255,95,255,59,1,21,1,218,251,88,5,4,2,155,250,32,194,0,249,1,9,1,0,0,107,0,46,0,20,0,13,0,11,
0,114,255,96,255,63,1,21,1,218,251,88,5,32,3,127,250,21,193,0,248,1,9,0,255,0,106,0,41,0,22,0,14,0,12,
0,41,255,71,255,55,1,21,1,218,251,88,5,32,3,127,250,21,193,0,247,1,8,0,254,0,106,0,41,0,21,0,14,0,12,
0,10,255,71,255,50,1,21,1,218,251,88,5,74,2,44,250,220,190,0,247,1,8,0,254,0,105,0,42,0,20,0,13,0,11,
0,10,255,46,255,50,1,21,1,126,251,143,6,182,1,203,250,175,192,0,247,1,8,0,253,0,105,0,43,0,20,0,13,0,11,
0,27,255,15,255,49,1,98,1,126,251,143,6,173,1,208,250,70,193,0,246,1,8,0,251,0,105,0,43,0,20,0,14,0,11,
0,52,255,12,255,50,1,98,1,126,251,143,6,173,1,243,250,17,194,0,246,1,7,0,250,0,104,0,43,0,20,0,14,0,11,
0,52,255,12,255,66,1,98,1,126,251,143,6,234,1,243,250,17,194,0,245,1,6,0,249,0,104,0,43,0,20,0,14,0,11,
0,85,255,29,255,66,1,98,1,126,251,143,6,98,2,180,250,67,193,0,245,1,6,0,249,0,104,0,44,0,19,0,13,0,11,
0,93,255,47,255,43,1,98,1,126,251,143,6,218,1,133,250,94,192,0,245,1,6,0,249,0,103,0,43,0,20,0,13,0,11,
0,30,255,49,255,26,1,98,1,126,251,143,6,218,1,145,250,14,192,0,244,1,5,0,247,0,103,0,44,0,20,0,14,0,11,
0,30,255,49,255,26,1,98,1,126,251,143,6,218,1,145,250,173,192,0,244,1,5,0,245,0,102,0,43,0,20,0,13,0,11,
0,4,255,17,255,42,1,98,1,126,251,143,6,65,1,81,251,173,192,0,244,1,4,0,244,0,102,0,43,0,20,0,14,0,11,
0,3,255,20,255,21,1,98,1,126,251,143,6,141,1,100,251,193,192,0,244,1,4,0,244,0,101,0,43,0,20,0,13,0,11,
0,13,255,51,255,247,0,98,1,126,251,143,6,114,1,97,251,59,193,0,245,1,3,0,244,0,101,0,43,0,20,0,14,0,12,
0,13,255,51,255,247,0,82,1,138,251,0,6,114,1,159,251,90,193,0,245,1,4,0,243,0,100,0,43,0,20,0,13,0,11,
0,40,255,40,255,254,0,82,1,138,251,0,6,169,1,159,251,90,193,0,245,1,3,0,241,0,100,0,43,0,20,0,14,0,12,
0,32,255,24,255,244,0,82,1,138,251,0,6,209,1,195,251,43,192,0,245,1,3,0,240,0,100,0,43,0,20,0,14,0,12,
0,32,255,24,255,222,0,82,1,138,251,0,6,222,0,211,251,164,191,0,246,1,2,0,240,0,99,0,43,0,19,0,13,0,11,
0,30,255,7,255,222,0,82,1,138,251,0,6,159,0,8,252,146,192,0,246,1,2,0,241,0,99,0,42,0,20,0,14,0,12,
0,58,255,18,255,216,0,82,1,138,251,0,6,159,0,8,252,25,193,0,246,1,2,0,241,0,99,0,42,0,19,0,13,0,11,
0,71,255,39,255,223,0,82,1,138,251,0,6,233,0,39,252,25,193,0,246,1,1,0,239,0,99,0,42,0,18,0,13,0,12,
0,71,255,39,255,199,0,82,1,138,251,0,6,50,1,190,251,54,191,0,246,1,1,0,238,0,98,0,46,0,19,0,13,0,11,
0,84,255,40,255,199,0,82,1,138,251,0,6,32,1,42,252,206,191,0,247,1,1,0,237,0,97,0,45,0,19,0,12,0,11,
0,55,255,81,255,172,0,82,1,138,251,0,6,147,0,149,252,47,192,0,247,1,0,0,237,0,97,0,44,0,20,0,13,0,11,
0,50,255,91,255,179,0,50,1,194,251,101,6,147,0,149,252,47,192,0,247,1,0,0,237,0,97,0,43,0,19,0,13,0,11,
0,50,255,91,255,179,0,50,1,194,251,101,6,157,0,219,252,149,192,0,247,0,255,0,238,0,97,0,43,0,19,0,13,0,11,
0,68,255,61,255,166,0,50,1,194,251,101,6,188,0,184,252,218,193,0,247,1,0,0,237,0,97,0,42,0,19,0,13,0,11,
0,47,255,56,255,174,0,50,1,194,251,101,6,16,2,147,252,30,192,0,247,1,0,0,237,0,96,0,42,0,18,0,13,0,11,
0,29,255,47,255,167,0,50,1,194,251,101,6,16,2,147,252,97,190,0,247,1,0,0,236,0,96,0,41,0,18,0,12,0,11,
0,29,255,47,255,167,0,50,1,194,251,101,6,124,1,125,252,97,190,0,248,0,255,0,235,0,96,0,42,0,19,0,13,0,11,
0,25,255,59,255,172,0,50,1,194,251,101,6,226,255,218,252,58,191,0,248,0,255,0,235,0,96,0,42,0,19,0,13,0,11,
0,28,255,56,255,154,0,50,1,194,251,101,6,158,0,125,253,67,194,0,248,0,255,0,235,0,96,0,41,0,19,0,13,0,11,
0,28,255,56,255,145,0,50,1,194,251,101,6,144,1,213,252,168,192,0,248,0,255,0,235,0,96,0,41,0,18,0,13,0,11,
0,37,255,55,255,145,0,50,1,194,251,101,6,144,1,213,252,168,192,0,248,0,255,0,236,0,95,0,41,0,18,0,13,0,11,
0,81,255,92,255,172,0,108,1,152,251,167,7,13,1,112,252,168,189,0,247,0,255,0,236,0,96,0,41,0,19,0,14,0,12,
0,95,255,100,255,170,0,108,1,152,251,167,7,237,0,168,252,101,191,0,247,0,255,0,237,0,96,0,41,0,19,0,13,0,11,
0,95,255,100,255,164,0,108,1,152,251,167,7,222,255,2,253,220,191,0,247,0,255,0,236,0,96,0,41,0,19,0,13,0,12,
0,99,255,110,255,164,0,108,1,152,251,167,7,222,255,249,252,163,193,0,247,0,255,0,236,0,96,0,41,0,18,0,13,0,11,
0,103,255,119,255,152,0,108,1,152,251,167,7,108,1,249,252,163,193,0,248,1,0,0,237,0,95,0,40,0,18,0,13,0,11,
0,108,255,145,255,140,0,108,1,152,251,167,7,25,2,7,252,150,190,0,247,0,255,0,237,0,96,0,41,0,19,0,13,0,12,
0,108,255,145,255,140,0,108,1,152,251,167,7,97,0,138,252,57,190,0,247,0,255,0,238,0,96,0,41,0,19,0,13,0,11,
0,127,255,136,255,148,0,108,1,152,251,167,7,3,0,59,253,43,194,0,247,0,255,0,238,0,96,0,41,0,18,0,13,0,11,
0,138,255,118,255,151,0,108,1,152,251,167,7,3,0,59,253,217,193,0,247,1,0,0,239,0,96,0,40,0,18,0,12,0,11,
0,117,255,132,255,149,0,108,1,152,251,167,7,241,1,163,252,217,193,0,246,0,255,0,239,0,96,0,41,0,18,0,13,0,11,
0,117,255,132,255,149,0,72,1,206,251,237,5,36,1,250,251,3,190,0,247,1,0,0,240,0,96,0,40,0,19,0,12,0,11,
0,90,255,166,255,171,0,72,1,206,251,237,5,72,0,120,252,205,191,0,246,1,0,0,240,0,97,0,40,0,20,0,13,0,11,
0,130,255,191,255,161,0,72,1,206,251,237,5,72,0,139,252,3,193,0,245,1,0,0,241,0,97,0,41,0,19,0,13,0,11,
0,130,255,191,255,161,0,72,1,206,251,237,5,79,0,139,252,3,193,0,245,1,0,0,241,0,97,0,40,0,19,0,13,0,11,
0,140,255,186,255,161,0,72,1,206,251,237,5,52,1,76,252,215,193,0,245,1,0,0,242,0,97,0,40,0,18,0,13,0,11,
0,135,255,197,255,172,0,72,1,206,251,237,5,28,2,183,251,173,191,0,244,1,0,0,242,0,98,0,41,0,20,0,13,0,11,
0,103,255,215,255,155,0,72,1,206,251,237,5,142,0,202,251,175,190,0,244,1,0,0,243,0,98,0,41,0,19,0,13,0,11,
0,103,255,215,255,155,0,72,1,206,251,237,5,142,0,202,251,62,193,0,244,1,0,0,244,0,98,0,41,0,19,0,13,0,11,
0,66,255,195,255,141,0,72,1,206,251,237,5,166,0,85,252,62,193,0,244,1,1,0,244,0,98,0,41,0,18,0,13,0,11,
0,84,255,193,255,159,0,72,1,206,251,237,5,83,1,222,251,25,194,0,244,1,0,0,245,0,99,0,42,0,20,0,14,0,12,
0,122,255,237,255,186,0,72,1,206,251,237,5,250,1,84,251,75,192,0,244,1,1,0,246,0,99,0,41,0,19,0,13,0,11,
0,122,255,237,255,186,0,28,1,145,251,233,5,64,1,96,251,200,191,0,244,1,0,0,246,0,100,0,42,0,20,0,13,0,11,
0,121,255,250,255,174,0,28,1,145,251,233,5,64,1,96,251,200,191,0,244,1,0,0,246,0,100,0,42,0,20,0,14,0,12,
0,101,255,221,255,170,0,28,1,145,251,233,5,74,0,134,251,80,192,0,244,1,1,0,246,0,100,0,41,0,19,0,13,0,11,
0,98,255,185,255,162,0,28,1,145,251,233,5,168,0,106,251,221,194,0,244,1,1,0,247,0,100,0,42,0,19,0,13,0,11,
0,98,255,185,255,162,0,28,1,145,251,233,5,146,1,244,250,183,192,0,243,1,0,0,247,0,101,0,43,0,20,0,14,0,12,
0,99,255,198,255,150,0,28,1,145,251,233,5,146,1,135,250,114,191,0,243,1,0,0,247,0,101,0,43,0,20,0,13,0,12,
0,117,255,220,255,167,0,28,1,145,251,233,5,98,1,135,250,114,191,0,243,1,0,0,247,0,101,0,43,0,20,0,13,0,11,
0,117,255,220,255,144,0,28,1,145,251,233,5,219,255,19,251,215,191,0,243,1,1,0,247,0,100,0,42,0,19,0,13,0,11,
0,122,255,215,255,144,0,28,1,145,251,233,5,163,0,255,250,147,193,0,242,1,0,0,247,0,101,0,43,0,20,0,13,0,11,
0,113,255,221,255,144,0,28,1,145,251,233,5,129,1,237,250,119,193,0,242,1,1,0,247,0,100,0,42,0,19,0,13,0,11,
0,128,255,2,0,162,0,64,1,211,251,96,6,129,1,237,250,119,192,0,241,1,0,0,247,0,101,0,43,0,20,0,13,0,11,
0,128,255,2,0,162,0,64,1,211,251,96,6,204,0,120,250,104,192,0,241,1,0,0,246,0,101,0,43,0,20,0,13,0,11,
0,138,255,231,255,130,0,64,1,211,251,96,6,244,0,161,250,189,193,0,240,1,0,0,246,0,100,0,43,0,20,0,13,0,11,
0,158,255,205,255,122,0,64,1,211,251,96,6,154,1,144,250,177,192,0,239,1,0,0,246,0,101,0,43,0,20,0,13,0,11,
0,132,255,189,255,139,0,64,1,211,251,96,6,154,1,21,250,78,191,0,239,1,0,0,245,0,100,0,42,0,19,0,13,0,11,
0,132,255,189,255,139,0,64,1,211,251,96,6,75,1,21,250,78,191,0,239,1,0,0,244,0,101,0,43,0,20,0,13,0,11,
0,100,255,212,255,150,0,64,1,211,251,96,6,97,0,133,250,76,191,0,239,1,0,0,244,0,100,0,43,0,20,0,14,0,11,
0,96,255,215,255,146,0,64,1,211,251,96,6,237,255,230,250,185,193,0,238,0,255,0,244,0,100,0,42,0,19,0,13,0,11,
0,93,255,217,255,120,0,64,1,211,251,96,6,80,1,146,250,24,194,0,238,0,255,0,244,0,100,0,43,0,20,0,14,0,12,
0,93,255,217,255,120,0,64,1,211,251,96,6,80,1,146,250,147,191,0,238,1,0,0,245,0,99,0,42,0,19,0,13,0,11,
0,71,255,227,255,136,0,57,1,207,251,73,5,210,1,165,249,147,191,0,237,1,0,0,244,0,100,0,43,0,20,0,14,0,12,
0,39,255,238,255,139,0,57,1,207,251,73,5,70,1,35,250,146,191,0,237,1,0,0,243,0,100,0,43,0,20,0,14,0,12,
0,39,255,238,255,144,0,57,1,207,251,73,5,64,0,218,250,252,191,0,237,1,0,0,242,0,99,0,42,0,20,0,13,0,11,
0,89,255,233,255,144,0,57,1,207,251,73,5,14,1,251,250,248,193,0,238,1,0,0,241,0,99,0,42,0,19,0,13,0,11,
0,97,255,222,255,133,0,57,1,207,251,73,5,14,1,251,250,248,193,0,238,0,255,0,240,0,99,0,43,0,20,0,14,0,11,
0,105,255,210,255,143,0,57,1,207,251,73,5,228,1,231,250,241,192,0,238,0,255,0,239,0,99,0,43,0,18,0,13,0,11,
0,105,255,210,255,143,0,57,1,207,251,73,5,161,1,79,250,10,190,0,239,0,255,0,239,0,98,0,42,0,18,0,13,0,11,
0,104,255,212,255,146,0,57,1,207,251,73,5,237,255,51,251,242,190,0,240,0,255,0,239,0,98,0,42,0,18,0,13,0,11,
0,127,255,176,255,114,0,57,1,207,251,73,5,237,255,51,251,30,194,0,239,0,254,0,240,0,98,0,42,0,21,0,13,0,11,
0,90,255,169,255,112,0,57,1,207,251,73,5,121,0,69,251,30,194,0,239,0,255,0,241,0,97,0,41,0,19,0,13,0,11,
0,90,255,169,255,112,0,120,1,135,251,204,6,147,1,209,250,144,192,0,239,0,254,0,240,0,98,0,42,0,20,0,13,0,11,
0,105,255,191,255,131,0,120,1,135,251,204,6,61,1,188,250,117,191,0,239,0,255,0,239,0,98,0,41,0,18,0,13,0,11,
0,122,255,242,255,126,0,120,1,135,251,204,6,84,0,250,250,228,190,0,239,0,254,0,237,0,97,0,41,0,17,0,13,0,11,
0,126,255,233,255,102,0,120,1,135,251,204,6,84,0,250,250,228,190,0,241,0,254,0,237,0,97,0,41,0,17,0,12,0,11,
0,126,255,233,255,102,0,120,1,135,251,204,6,101,0,152,251,213,192,0,241,0,253,0,235,0,97,0,36,0,18,0,13,0,12,
0,110,255,196,255,86,0,120,1,135,251,204,6,114,1,123,251,209,192,0,240,0,253,0,236,0,97,0,37,0,17,0,13,0,11,
0,125,255,191,255,84,0,120,1,135,251,204,6,28,1,106,251,64,190,0,240,0,253,0,237,0,96,0,38,0,17,0,13,0,11,
0,125,255,191,255,70,0,120,1,135,251,204,6,28,1,82,251,136,190,0,240,0,253,0,238,0,96,0,39,0,17,0,12,0,11,
0,130,255,181,255,70,0,120,1,135,251,204,6,7,1,82,251,136,190,0,239,0,253,0,237,0,97,0,40,0,18,0,13,0,12,
0,139,255,177,255,86,0,120,1,135,251,204,6,94,0,233,251,29,191,0,240,0,254,0,236,0,96,0,40,0,17,0,12,0,11,
0,127,255,173,255,92,0,120,1,135,251,204,6,255,0,194,251,156,191,0,239,0,253,0,235,0,96,0,40,0,18,0,13,0,12,
0,127,255,173,255,92,0,77,1,202,251,25,6,208,0,209,251,78,191,0,240,0,252,0,234,0,96,0,40,0,18,0,13,0,11,
0,124,255,159,255,86,0,77,1,202,251,25,6,208,0,209,251,205,191,0,240,0,252,0,233,0,95,0,40,0,18,0,13,0,11,
0,169,255,177,255,64,0,77,1,202,251,25,6,48,1,171,251,205,191,0,240,0,252,0,233,0,96,0,40,0,18,0,13,0,12,
0,141,255,181,255,56,0,77,1,202,251,25,6,250,0,145,251,221,189,0,241,0,252,0,234,0,95,0,40,0,17,0,12,0,11,
0,141,255,181,255,56,0,77,1,202,251,25,6,106,0,5,252,14,190,0,240,0,252,0,235,0,95,0,40,0,18,0,13,0,11,
0,152,255,196,255,51,0,77,1,202,251,25,6,106,0,47,252,206,191,0,240,0,252,0,235,0,95,0,40,0,18,0,13,0,11,
0,161,255,167,255,47,0,77,1,202,251,25,6,130,0,47,252,206,191,0,240,0,253,0,235,0,95,0,40,0,17,0,13,0,11,
0,176,255,144,255,46,0,77,1,202,251,25,6,233,0,63,252,100,190,0,240,0,253,0,235,0,95,0,41,0,18,0,13,0,11,
0,176,255,144,255,46,0,77,1,202,251,25,6,246,0,85,252,144,189,0,240,0,253,0,235,0,95,0,40,0,17,0,12,0,11,
0,143,255,162,255,14,0,77,1,202,251,25,6,76,0,121,252,189,190,0,240,0,252,0,234,0,95,0,40,0,18,0,13,0,11,
0,152,255,216,255,0,0,30,1,212,251,191,6,76,0,121,252,246,190,0,240,0,252,0,234,0,95,0,40,0,18,0,13,0,11,
0,152,255,216,255,238,255,30,1,212,251,191,6,215,0,108,252,246,190,0,241,0,253,0,235,0,95,0,40,0,17,0,12,0,11,
0,181,255,215,255,238,255,30,1,212,251,191,6,240,0,190,252,137,190,0,241,0,253,0,235,0,95,0,40,0,18,0,13,0,11,
0,196,255,206,255,2,0,30,1,212,251,191,6,224,0,109,252,80,190,0,241,0,253,0,236,0,95,0,40,0,17,0,12,0,11,
0,206,255,192,255,27,0,30,1,212,251,191,6,20,1,88,252,204,189,0,240,0,253,0,235,0,96,0,44,0,19,0,13,0,11,
0,206,255,192,255,27,0,30,1,212,251,191,6,20,1,88,252,204,189,0,240,0,253,0,236,0,95,0,44,0,19,0,13,0,11,
0,211,255,208,255,46,0,30,1,212,251,191,6,86,0,203,252,38,190,0,241,0,254,0,236,0,95,0,43,0,19,0,13,0,11,
0,189,255,223,255,7,0,30,1,212,251,191,6,128,0,227,252,115,190,0,240,0,254,0,237,0,96,0,43,0,19,0,13,0,11,
0,202,255,217,255,2,0,30,1,212,251,191,6,93,1,202,252,182,191,0,241,0,254,0,237,0,95,0,41,0,18,0,13,0,11,
0,202,255,217,255,2,0,30,1,212,251,191,6,93,1,202,252,13,189,0,240,0,254,0,237,0,96,0,42,0,19,0,13,0,11,
0,203,255,238,255,255,255,97,1,182,251,139,6,186,1,104,252,13,189,0,240,0,254,0,237,0,96,0,42,0,19,0,13,0,11,
0,226,255,228,255,19,0,97,1,182,251,139,6,14,1,130,252,146,189,0,240,0,255,0,238,0,96,0,41,0,18,0,13,0,11,
0,196,255,228,255,22,0,97,1,182,251,139,6,245,255,221,252,144,189,0,241,0,255,0,239,0,96,0,41,0,18,0,13,0,11,
0,196,255,207,255,22,0,97,1,182,251,139,6,224,0,211,252,166,192,0,240,0,255,0,238,0,97,0,41,0,19,0,13,0,12,
0,196,255,211,255,5,0,97,1,182,251,139,6,224,0,211,252,166,192,0,240,0,255,0,239,0,97,0,41,0,19,0,13,0,11,
0,181,255,218,255,24,0,97,1,182,251,139,6,38,2,147,252,143,190,0,240,0,255,0,239,0,97,0,41,0,19,0,13,0,11,
0,181,255,218,255,64,0,97,1,182,251,139,6,136,1,74,252,116,188,0,241,0,255,0,240,0,97,0,41,0,20,0,13,0,11,
0,232,255,237,255,64,0,97,1,182,251,139,6,0,0,14,253,111,190,0,240,0,255,0,239,0,97,0,41,0,19,0,13,0,11,
0,37,0,232,255,50,0,97,1,182,251,139,6,0,0,16,253,190,192,0,241,1,0,0,241,0,97,0,40,0,19,0,13,0,11,
0,219,255,245,255,42,0,97,1,182,251,139,6,142,0,16,253,190,192,0,241,1,0,0,241,0,97,0,41,0,20,0,13,0,11,
0,219,255,245,255,42,0,82,1,185,251,147,6,241,1,129,252,176,190,0,241,1,0,0,241,0,98,0,41,0,20,0,13,0,11,
0,217,255,2,0,48,0,82,1,185,251,147,6,64,1,235,251,11,190,0,241,1,0,0,241,0,97,0,41,0,19,0,13,0,11,
0,15,0,17,0,42,0,82,1,185,251,147,6,197,255,126,252,61,190,0,241,1,1,0,241,0,97,0,40,0,19,0,13,0,11,
0,8,0,15,0,71,0,82,1,185,251,147,6,197,255,126,252,0,194,0,241,1,0,0,241,0,98,0,41,0,20,0,13,0,11,
0,8,0,15,0,71,0,82,1,185,251,147,6,185,0,186,252,0,194,0,241,1,0,0,241,0,98,0,41,0,19,0,13,0,11,
0,255,255,255,255,50,0,82,1,185,251,147,6,25,2,181,251,222,190,0,240,1,0,0,241,0,98,0,41,0,20,0,13,0,11,
0,0,0,25,0,54,0,82,1,185,251,147,6,194,0,179,251,32,188,0,241,1,1,0,241,0,98,0,41,0,19,0,13,0,11,
0,231,255,25,0,41,0,82,1,185,251,147,6,194,255,98,252,211,190,0,241,1,1,0,241,0,98,0,41,0,20,0,14,0,12,
0,231,255,1,0,41,0,82,1,185,251,147,6,105,255,98,252,211,190,0,241,1,1,0,241,0,98,0,41,0,19,0,13,0,11,
0,11,0,226,255,43,0,82,1,185,251,147,6,158,0,197,251,209,193,0,241,1,1,0,241,0,98,0,41,0,20,0,13,0,11,
0,52,0,244,255,29,0,82,1,185,251,147,6,60,1,102,251,34,192,0,241,1,1,0,241,0,98,0,41,0,20,0,14,0,12,
0,52,0,244,255,31,0,50,1,168,251,200,6,152,0,147,251,159,190,0,240,1,1,0,241,0,98,0,41,0,19,0,13,0,11,
0,46,0,14,0,31,0,50,1,168,251,200,6,152,0,147,251,69,190,0,241,1,1,0,241,0,98,0,42,0,20,0,13,0,11,
0,235,255,253,255,70,0,50,1,168,251,200,6,62,0,68,251,69,190,0,240,1,1,0,241,0,98,0,41,0,19,0,13,0,11,
0,187,255,223,255,79,0,50,1,168,251,200,6,109,255,210,251,127,191,0,239,1,1,0,241,0,99,0,42,0,20,0,13,0,11,
0,187,255,223,255,79,0,50,1,168,251,200,6,246,0,53,251,130,192,0,240,1,1,0,241,0,98,0,42,0,20,0,13,0,11,
0,228,255,10,0,57,0,50,1,168,251,200,6,14,1,182,250,16,190,0,239,1,1,0,241,0,98,0,41,0,19,0,13,0,11,
0,28,0,16,0,74,0,50,1,168,251,200,6,14,1,182,250,16,190,0,239,1,1,0,241,0,98,0,41,0,20,0,13,0,11,
0,5,0,215,255,55,0,50,1,168,251,200,6,102,0,207,250,39,189,0,239,1,2,0,242,0,97,0,41,0,19,0,13,0,11,
0,5,0,215,255,55,0,50,1,168,251,200,6,182,255,77,251,253,190,0,239,1,2,0,242,0,98,0,42,0,20,0,13,0,11,
0,237,255,174,255,25,0,50,1,168,251,200,6,154,255,35,251,210,191,0,238,1,1,0,242,0,98,0,41,0,19,0,13,0,11,
0,210,255,204,255,244,255,28,1,215,251,226,5,154,255,9,251,148,191,0,238,1,1,0,242,0,98,0,41,0,20,0,13,0,11,
0,225,255,204,255,250,255,28,1,215,251,226,5,170,0,9,251,148,191,0,238,1,1,0,242,0,99,0,41,0,19,0,13,0,11,
0,225,255,208,255,250,255,28,1,215,251,226,5,236,0,149,250,64,189,0,238,1,2,0,243,0,98,0,41,0,18,0,13,0,11,
0,202,255,225,255,30,0,28,1,215,251,226,5,83,255,178,250,165,189,0,237,1,2,0,243,0,99,0,42,0,20,0,13,0,11,
0,224,255,241,255,42,0,28,1,215,251,226,5,241,255,2,251,239,192,0,236,1,2,0,243,0,99,0,42,0,20,0,14,0,11,
0,224,255,241,255,35,0,28,1,215,251,226,5,241,255,2,251,239,191,0,236,1,2,0,243,0,99,0,42,0,20,0,14,0,11,
0,205,255,13,0,35,0,28,1,215,251,226,5,43,1,109,250,23,191,0,236,1,2,0,243,0,99,0,42,0,20,0,14,0,12,
0,197,255,252,255,40,0,28,1,215,251,226,5,122,0,130,250,203,188,0,236,1,3,0,243,0,99,0,42,0,19,0,13,0,11,
0,180,255,226,255,50,0,28,1,215,251,226,5,61,255,240,250,142,190,0,235,1,2,0,243,0,100,0,42,0,20,0,14,0,11,
0,180,255,226,255,50,0,28,1,215,251,226,5,61,255,208,250,231,192,0,235,1,3,0,243,0,99,0,41,0,19,0,13,0,11,
0,182,255,220,255,66,0,66,1,235,251,89,6,199,0,208,250,231,192,0,234,1,2,0,243,0,99,0,42,0,19,0,13,0,11,
0,239,255,240,255,48,0,66,1,235,251,89,6,6,1,99,250,109,190,0,234,1,2,0,243,0,99,0,42,0,20,0,14,0,12,
0,246,255,20,0,34,0,66,1,235,251,89,6,110,0,152,250,168,188,0,234,1,3,0,243,0,99,0,41,0,19,0,13,0,11,
0,246,255,20,0,34,0,66,1,235,251,89,6,81,255,0,251,50,190,0,233,1,3,0,243,0,99,0,42,0,20,0,13,0,11,
0,238,255,32,0,13,0,66,1,235,251,89,6,81,255,0,251,85,192,0,233,1,3,0,243,0,99,0,42,0,20,0,13,0,11,
0,212,255,43,0,10,0,66,1,235,251,89,6,195,255,207,250,85,192,0,232,1,3,0,242,0,98,0,42,0,19,0,13,0,11,
0,212,255,43,0,6,0,66,1,235,251,89,6,158,0,137,250,232,190,0,232,1,3,0,243,0,98,0,41,0,19,0,13,0,11,
0,215,255,32,0,6,0,66,1,235,251,89,6,197,0,149,250,138,189,0,232,1,3,0,242,0,99,0,42,0,20,0,13,0,11,
0,216,255,14,0,244,255,66,1,235,251,89,6,73,0,195,250,196,189,0,232,1,4,0,242,0,99,0,42,0,19,0,13,0,11,
0,213,255,28,0,245,255,66,1,235,251,89,6,73,0,195,250,196,189,0,232,1,4,0,242,0,99,0,42,0,20,0,13,0,11,
0,213,255,28,0,24,0,4,1,234,251,182,5,40,0,217,250,217,190,0,232,1,4,0,242,0,98,0,41,0,19,0,13,0,11,
0,230,255,17,0,24,0,4,1,234,251,182,5,216,0,179,250,75,190,0,232,1,5,0,243,0,98,0,42,0,20,0,13,0,11,
0,8,0,38,0,12,0,4,1,234,251,182,5,239,255,3,251,108,190,0,232,1,5,0,243,0,98,0,41,0,19,0,13,0,11,
0,255,255,38,0,25,0,4,1,234,251,182,5,239,255,3,251,141,190,0,231,1,5,0,243,0,99,0,42,0,19,0,13,0,11,
0,255,255,38,0,25,0,4,1,234,251,182,5,239,255,73,251,141,190,0,231,1,5,0,243,0,99,0,42,0,20,0,13,0,11,
0,229,255,44,0,44,0,4,1,234,251,182,5,219,0,48,251,4,192,0,232,1,6,0,243,0,99,0,41,0,19,0,13,0,11,
0,245,255,43,0,3,0,4,1,234,251,182,5,48,1,173,250,194,189,0,232,1,6,0,244,0,99,0,41,0,19,0,13,0,11,
0,12,0,68,0,230,255,4,1,234,251,182,5,142,0,198,250,28,188,0,232,1,6,0,243,0,100,0,42,0,20,0,14,0,12,
0,12,0,68,0,230,255,4,1,234,251,182,5,142,0,198,250,28,188,0,232,1,6,0,244,0,99,0,42,0,20,0,14,0,12,
0,10,0,69,0,229,255,4,1,234,251,182,5,191,255,58,251,166,189,0,232,1,6,0,243,0,99,0,42,0,20,0,14,0,12,
0,240,255,36,0,16,0,4,1,234,251,46,6,144,0,167,251,237,191,0,232,1,7,0,244,0,99,0,36,0,18,0,14,0,12,
0,240,255,36,0,14,0,16,1,234,251,46,6,39,1,135,251,78,190,0,232,1,7,0,244,0,99,0,38,0,19,0,14,0,12,
0,234,255,253,255,14,0,16,1,234,251,46,6,39,1,72,251,39,189,0,233,1,8,0,244,0,99,0,39,0,18,0,13,0,11,
0,9,0,250,255,29,0,16,1,234,251,46,6,177,0,72,251,39,189,0,233,1,7,0,244,0,99,0,40,0,19,0,13,0,11,
0,62,0,14,0,26,0,16,1,234,251,46,6,229,0,94,251,101,189,0,234,1,8,0,244,0,99,0,40,0,19,0,13,0,11,
0,62,0,14,0,27,0,16,1,234,251,46,6,236,0,118,251,219,189,0,234,1,7,0,244,0,99,0,40,0,19,0,13,0,11,
0,40,0,51,0,27,0,16,1,234,251,46,6,33,1,75,251,221,189,0,234,1,8,0,244,0,99,0,41,0,19,0,13,0,11,
0,1,0,50,0,25,0,16,1,234,251,46,6,33,1,75,251,1,189,0,235,1,8,0,244,0,99,0,41,0,19,0,13,0,11,
0,216,255,232,255,13,0,16,1,234,251,46,6,50,0,77,251,1,189,0,235,1,8,0,244,0,99,0,41,0,19,0,13,0,11,
0,216,255,232,255,13,0,16,1,234,251,46,6,83,0,213,251,86,190,0,235,1,8,0,244,0,100,0,41,0,19,0,13,0,11,
0,226,255,237,255,10,0,16,1,234,251,46,6,50,1,138,251,4,190,0,236,1,8,0,244,0,99,0,41,0,19,0,13,0,11,
0,249,255,244,255,29,0,17,1,22,252,47,6,50,1,75,251,115,189,0,236,1,8,0,244,0,99,0,41,0,19,0,13,0,11,
0,25,0,236,255,28,0,17,1,22,252,47,6,150,1,75,251,115,189,0,236,1,8,0,244,0,100,0,42,0,20,0,13,0,12,
0,25,0,236,255,28,0,17,1,22,252,47,6,36,1,115,251,1,188,0,236,1,8,0,244,0,99,0,42,0,20,0,13,0,11,
0,24,0,233,255,2,0,17,1,22,252,47,6,251,255,25,252,48,189,0,237,1,8,0,244,0,99,0,42,0,20,0,14,0,11,
0,41,0,215,255,230,255,17,1,22,252,47,6,7,1,206,251,194,191,0,238,1,8,0,244,0,99,0,42,0,19,0,13,0,11,
0,41,0,215,255,239,255,17,1,22,252,47,6,7,1,206,251,68,188,0,238,1,8,0,244,0,99,0,42,0,19,0,13,0,11,
0,16,0,219,255,239,255,17,1,22,252,47,6,227,1,249,250,68,188,0,238,1,8,0,244,0,100,0,42,0,20,0,14,0,12,
0,238,255,220,255,11,0,17,1,22,252,47,6,105,0,144,251,248,187,0,238,1,8,0,244,0,99,0,42,0,20,0,13,0,11,
0,249,255,202,255,10,0,17,1,22,252,47,6,151,0,248,251,175,190,0,239,1,8,0,244,0,100,0,42,0,20,0,14,0,12,
0,249,255,202,255,10,0,17,1,22,252,47,6,83,1,102,251,225,189,0,239,1,8,0,244,0,99,0,42,0,19,0,13,0,11,
0,255,255,191,255,23,0,74,1,194,251,91,6,83,1,102,251,225,189,0,239,1,8,0,244,0,99,0,42,0,19,0,13,0,11,
0,28,0,162,255,15,0,74,1,194,251,91,6,150,1,103,251,114,189,0,239,1,7,0,244,0,100,0,47,0,21,0,13,0,12,
0,31,0,175,255,49,0,74,1,194,251,91,6,126,0,75,251,201,187,0,240,1,7,0,244,0,100,0,46,0,21,0,13,0,11,
0,31,0,175,255,49,0,74,1,194,251,91,6,182,255,207,251,80,189,0,240,1,7,0,244,0,100,0,45,0,21,0,13,0,11,
0,41,0,182,255,78,0,74,1,194,251,91,6,182,255,207,251,115,191,0,241,1,8,0,244,0,99,0,43,0,20,0,13,0,11,
0,24,0,178,255,73,0,74,1,194,251,91,6,221,0,55,251,115,191,0,241,1,8,0,244,0,99,0,43,0,20,0,13,0,11,
0,45,0,168,255,43,0,74,1,194,251,91,6,228,1,44,251,78,189,0,241,1,7,0,243,0,99,0,44,0,21,0,14,0,11,
0,45,0,168,255,43,0,74,1,194,251,91,6,182,0,18,251,7,187,0,242,1,7,0,243,0,100,0,43,0,20,0,13,0,11,
0,24,0,171,255,39,0,74,1,194,251,91,6,200,255,34,251,32,189,0,242,1,6,0,243,0,99,0,43,0,20,0,14,0,11,
0,48,0,197,255,59,0,74,1,194,251,91,6,200,255,34,251,32,189,0,243,1,7,0,244,0,99,0,42,0,19,0,13,0,11,
0,48,0,197,255,74,0,98,1,245,251,97,6,136,0,116,251,138,189,0,243,1,7,0,244,0,99,0,42,0,19,0,13,0,11,
0,61,0,189,255,74,0,98,1,245,251,97,6,107,0,194,250,235,189,0,243,1,6,0,244,0,100,0,43,0,20,0,14,0,12,
0,47,0,196,255,77,0,98,1,245,251,97,6,192,0,245,250,117,189,0,244,1,6,0,243,0,99,0,42,0,20,0,13,0,11,
0,68,0,189,255,85,0,98,1,245,251,97,6,192,0,11,251,192,188,0,244,1,6,0,244,0,99,0,42,0,20,0,13,0,12,
0,68,0,189,255,85,0,98,1,245,251,97,6,65,0,11,251,192,188,0,245,1,6,0,244,0,99,0,42,0,19,0,13,0,11,
0,84,0,215,255,57,0,98,1,245,251,97,6,124,0,190,250,109,189,0,244,1,6,0,244,0,100,0,43,0,20,0,14,0,12,
0,65,0,225,255,65,0,98,1,245,251,97,6,251,0,139,250,199,188,0,245,1,6,0,244,0,99,0,42,0,19,0,13,0,11,
0,64,0,241,255,74,0,98,1,245,251,97,6,22,0,92,250,23,188,0,245,1,6,0,244,0,100,0,43,0,20,0,14,0,12,
0,64,0,241,255,74,0,98,1,245,251,97,6,22,0,92,250,6,190,0,245,1,5,0,244,0,100,0,43,0,20,0,14,0,12,
0,80,0,0,0,81,0,98,1,245,251,97,6,129,255,199,250,6,190,0,245,1,6,0,245,0,99,0,42,0,19,0,13,0,11,
0,54,0,244,255,127,0,80,1,193,251,78,6,138,0,109,250,82,190,0,245,1,6,0,245,0,99,0,42,0,19,0,13,0,11,
0,11,0,248,255,119,0,80,1,193,251,78,6,61,1,37,250,167,189,0,245,1,5,0,244,0,100,0,43,0,20,0,14,0,12,
0,11,0,248,255,119,0,80,1,193,251,78,6,61,1,26,250,91,187,0,245,1,5,0,245,0,100,0,43,0,20,0,13,0,11,
0,241,255,4,0,75,0,80,1,193,251,78,6,23,0,26,250,91,187,0,245,1,5,0,245,0,100,0,42,0,20,0,14,0,11,
0,6,0,10,0,46,0,80,1,193,251,78,6,135,255,132,250,65,190,0,245,1,6,0,246,0,99,0,42,0,19,0,13,0,11,
0,6,0,10,0,30,0,80,1,193,251,78,6,182,0,215,249,215,190,0,245,1,5,0,245,0,100,0,42,0,20,0,13,0,11,
0,45,0,249,255,30,0,80,1,193,251,78,6,142,0,189,249,33,189,0,245,1,5,0,246,0,100,0,41,0,19,0,13,0,11,
0,23,0,10,0,55,0,80,1,193,251,78,6,142,0,189,249,79,188,0,245,1,4,0,246,0,100,0,42,0,19,0,13,0,11,
0,59,0,0,0,51,0,80,1,193,251,78,6,16,0,214,249,79,188,0,244,1,4,0,246,0,100,0,42,0,20,0,13,0,11,
0,59,0,0,0,51,0,80,1,193,251,78,6,123,255,26,250,47,189,0,245,1,4,0,246,0,100,0,41,0,19,0,13,0,11,
0,68,0,26,0,70,0,80,1,193,251,78,6,76,0,29,250,74,191,0,244,1,4,0,246,0,100,0,43,0,20,0,14,0,11,
0,62,0,45,0,99,0,55,1,14,252,68,6,193,0,191,249,246,190,0,245,1,4,0,246,0,100,0,42,0,19,0,13,0,11,
0,19,0,25,0,61,0,55,1,14,252,68,6,193,0,191,249,246,190,0,244,1,3,0,246,0,100,0,43,0,20,0,14,0,12,
0,19,0,25,0,61,0,55,1,14,252,68,6,205,255,96,249,86,187,0,245,1,3,0,246,0,100,0,43,0,20,0,13,0,11,
0,10,0,41,0,58,0,55,1,14,252,68,6,112,255,26,250,8,190,0,245,1,3,0,246,0,100,0,43,0,20,0,14,0,11,
0,27,0,46,0,67,0,55,1,14,252,68,6,10,0,199,249,93,191,0,245,1,3,0,246,0,101,0,43,0,20,0,14,0,12,
0,39,0,43,0,72,0,55,1,14,252,68,6,10,0,53,249,206,189,0,246,1,3,0,246,0,100,0,42,0,19,0,13,0,11,
0,39,0,43,0,72,0,55,1,14,252,68,6,206,0,53,249,206,189,0,245,1,2,0,246,0,101,0,43,0,20,0,13,0,11,
0,49,0,51,0,68,0,55,1,14,252,68,6,187,255,65,249,228,187,0,245,1,2,0,246,0,101,0,43,0,20,0,14,0,12,
0,36,0,61,0,72,0,55,1,14,252,68,6,73,255,160,249,160,190,0,246,1,2,0,246,0,100,0,43,0,19,0,13,0,11,
0,36,0,61,0,81,0,55,1,14,252,68,6,96,0,167,249,246,191,0,246,1,2,0,246,0,101,0,43,0,20,0,14,0,12,
0,42,0,94,0,81,0,40,1,45,252,23,6,96,0,167,249,246,189,0,246,1,2,0,245,0,100,0,42,0,19,0,13,0,11,
0,4,0,88,0,76,0,40,1,45,252,23,6,179,0,12,249,241,189,0,246,1,2,0,245,0,100,0,43,0,20,0,14,0,12,
0,214,255,70,0,86,0,40,1,45,252,23,6,98,255,41,249,105,189,0,246,1,2,0,244,0,100,0,43,0,20,0,13,0,11,
0,214,255,70,0,86,0,40,1,45,252,23,6,119,255,154,249,109,191,0,246,1,2,0,244,0,100,0,42,0,19,0,13,0,11,
0,24,0,86,0,86,0,40,1,45,252,23,6,119,255,249,248,72,190,0,246,1,2,0,244,0,100,0,43,0,20,0,13,0,11,
0,29,0,101,0,92,0,40,1,45,252,23,6,178,0,249,248,72,190,0,246,1,2,0,244,0,99,0,42,0,19,0,13,0,11,
0,254,255,94,0,123,0,40,1,45,252,23,6,194,255,129,249,129,190,0,245,1,1,0,243,0,100,0,42,0,20,0,13,0,11,
0,254,255,94,0,123,0,40,1,45,252,23,6,203,255,122,249,133,190,0,245,1,1,0,243,0,99,0,42,0,19,0,13,0,11,
0,249,255,99,0,97,0,40,1,45,252,23,6,188,0,67,249,117,190,0,244,1,1,0,243,0,99,0,42,0,19,0,13,0,11,
0,249,255,90,0,115,0,40,1,45,252,23,6,188,0,67,249,132,188,0,244,1,0,0,242,0,99,0,42,0,20,0,13,0,11,
0,200,255,90,0,68,0,115,1,212,251,236,6,182,255,124,249,132,188,0,244,1,1,0,242,0,99,0,41,0,19,0,13,0,11,
0,200,255,87,0,68,0,115,1,212,251,236,6,10,0,194,249,57,191,0,243,1,1,0,242,0,99,0,42,0,20,0,13,0,11,
0,156,255,85,0,63,0,115,1,212,251,236,6,163,0,179,249,40,191,0,243,1,1,0,241,0,99,0,42,0,20,0,13,0,11,
0,193,255,80,0,74,0,115,1,212,251,236,6,216,0,115,249,27,190,0,242,1,1,0,241,0,99,0,42,0,19,0,13,0,11,
0,193,255,80,0,45,0,115,1,212,251,236,6,216,0,115,249,27,190,0,242,1,0,0,241,0,99,0,42,0,20,0,14,0,11,
0,26,0,108,0,45,0,115,1,212,251,236,6,140,0,98,249,202,188,0,242,1,1,0,241,0,98,0,41,0,19,0,13,0,11,
0,244,255,109,0,46,0,115,1,212,251,236,6,209,255,221,249,173,190,0,241,1,0,0,241,0,99,0,42,0,20,0,14,0,12,
0,174,255,88,0,44,0,115,1,212,251,236,6,228,0,196,249,205,191,0,240,1,0,0,240,0,98,0,42,0,20,0,14,0,12,
0,174,255,88,0,44,0,115,1,212,251,236,6,228,0,196,249,221,188,0,240,1,0,0,241,0,98,0,42,0,19,0,13,0,11,
0,148,255,70,0,66,0,115,1,212,251,236,6,190,0,161,249,221,188,0,240,1,1,0,241,0,98,0,41,0,19,0,13,0,11,
0,144,255,64,0,53,0,23,1,233,251,85,6,221,255,216,249,101,188,0,239,1,0,0,240,0,98,0,42,0,20,0,14,0,12,
0,100,255,47,0,22,0,23,1,233,251,85,6,123,0,234,249,254,190,0,239,1,0,0,240,0,98,0,42,0,20,0,13,0,11,
0,100,255,47,0,22,0,23,1,233,251,85,6,66,1,2,250,97,191,0,239,1,0,0,240,0,98,0,41,0,20,0,13,0,11,
0,141,255,45,0,1,0,23,1,233,251,85,6,66,1,2,250,97,191,0,239,1,0,0,240,0,97,0,41,0,19,0,13,0,11,
0,167,255,30,0,240,255,23,1,233,251,85,6,218,0,47,250,72,188,0,238,0,255,0,240,0,98,0,42,0,20,0,13,0,11,
0,166,255,30,0,199,255,23,1,233,251,85,6,52,0,109,250,145,188,0,238,1,0,0,240,0,97,0,41,0,19,0,13,0,11,
0,166,255,34,0,199,255,23,1,233,251,85,6,112,0,130,250,254,191,0,237,1,0,0,239,0,98,0,41,0,18,0,13,0,11,
0,159,255,21,0,225,255,23,1,233,251,85,6,112,0,71,250,34,190,0,238,0,255,0,239,0,97,0,36,0,17,0,13,0,12,
0,180,255,18,0,231,255,23,1,233,251,85,6,108,1,71,250,34,190,0,237,0,255,0,239,0,97,0,37,0,17,0,13,0,12,
0,180,255,18,0,243,255,23,1,233,251,85,6,12,1,101,250,143,188,0,237,0,255,0,239,0,97,0,38,0,17,0,13,0,11,
0,158,255,31,0,243,255,23,1,233,251,85,6,241,255,216,250,38,188,0,237,0,255,0,239,0,97,0,38,0,17,0,12,0,11,
0,150,255,248,255,235,255,13,1,238,251,33,6,168,0,242,250,233,190,0,236,0,255,0,239,0,97,0,40,0,17,0,13,0,11,
0,123,255,231,255,226,255,13,1,238,251,33,6,168,0,242,250,26,191,0,236,0,255,0,239,0,97,0,40,0,18,0,13,0,11,
0,123,255,231,255,226,255,13,1,238,251,33,6,243,1,139,250,26,191,0,236,0,255,0,239,0,97,0,40,0,18,0,13,0,11,
0,144,255,221,255,237,255,13,1,238,251,33,6,13,1,145,250,179,186,0,235,0,255,0,239,0,97,0,41,0,18,0,13,0,11,
0,158,255,211,255,235,255,13,1,238,251,33,6,240,255,115,251,69,190,0,236,0,255,0,239,0,97,0,40,0,17,0,12,0,11,
0,170,255,212,255,239,255,13,1,238,251,33,6,240,255,153,250,84,191,0,235,0,255,0,239,0,97,0,41,0,18,0,13,0,11,
0,170,255,212,255,239,255,13,1,238,251,33,6,138,2,153,250,84,191,0,235,0,255,0,239,0,97,0,41,0,18,0,13,0,11,
0,162,255,202,255,248,255,13,1,238,251,33,6,135,1,78,250,104,187,0,235,0,255,0,239,0,97,0,41,0,18,0,13,0,11,
0,140,255,202,255,246,255,13,1,238,251,33,6,133,0,27,251,143,189,0,235,0,255,0,239,0,97,0,41,0,18,0,12,0,11,
0,160,255,202,255,225,255,13,1,238,251,33,6,52,1,0,251,140,191,0,234,0,255,0,239,0,98,0,41,0,19,0,13,0,11,
0,160,255,200,255,225,255,30,1,31,252,21,6,52,1,0,251,105,190,0,234,0,255,0,239,0,97,0,41,0,18,0,13,0,11,
0,161,255,199,255,225,255,30,1,31,252,21,6,155,1,249,250,105,190,0,234,0,255,0,239,0,97,0,41,0,19,0,13,0,11,
0,159,255,179,255,202,255,30,1,31,252,21,6,203,1,248,250,216,189,0,233,1,0,0,240,0,97,0,40,0,20,0,13,0,11,
0,159,255,179,255,173,255,30,1,31,252,21,6,224,1,139,250,80,188,0,234,1,0,0,241,0,97,0,40,0,19,0,13,0,11,
0,152,255,135,255,173,255,30,1,31,252,21,6,248,0,83,251,94,189,0,233,0,255,0,241,0,98,0,41,0,20,0,13,0,11,
0,152,255,103,255,148,255,30,1,31,252,21,6,248,0,83,251,94,189,0,233,0,255,0,241,0,98,0,41,0,19,0,13,0,11,
0,146,255,96,255,166,255,30,1,31,252,21,6,251,0,24,251,152,190,0,233,0,255,0,241,0,98,0,41,0,19,0,13,0,11,
0,146,255,96,255,166,255,30,1,31,252,21,6,222,1,253,250,33,190,0,233,1,0,0,242,0,97,0,41,0,19,0,13,0,11,
0,139,255,86,255,179,255,30,1,31,252,21,6,39,1,198,250,206,189,0,233,1,0,0,242,0,98,0,45,0,20,0,12,0,10,
0,173,255,57,255,190,255,30,1,31,252,21,6,39,1,255,250,189,190,0,232,1,0,0,242,0,99,0,44,0,20,0,13,0,11,
0,158,255,51,255,202,255,254,0,77,252,163,5,186,1,255,250,189,190,0,232,1,0,0,242,0,98,0,44,0,20,0,13,0,11,
0,158,255,51,255,202,255,254,0,77,252,163,5,4,2,235,250,195,190,0,232,1,0,0,243,0,99,0,43,0,20,0,13,0,11,
0,122,255,70,255,189,255,254,0,77,252,163,5,139,1,109,250,163,188,0,232,1,0,0,243,0,98,0,43,0,19,0,13,0,11,
0,129,255,72,255,208,255,254,0,77,252,163,5,181,0,254,250,222,189,0,232,0,255,0,243,0,99,0,43,0,21,0,14,0,12,
0,129,255,72,255,198,255,254,0,77,252,163,5,181,0,254,250,222,191,0,232,1,0,0,244,0,99,0,42,0,19,0,13,0,11,
0,144,255,53,255,198,255,254,0,77,252,163,5,89,1,240,250,203,191,0,232,0,255,0,244,0,99,0,43,0,20,0,14,0,11,
0,172,255,47,255,181,255,254,0,77,252,163,5,143,1,245,250,250,190,0,232,0,255,0,244,0,99,0,43,0,20,0,14,0,12,
0,141,255,20,255,170,255,254,0,77,252,163,5,16,2,26,250,247,188,0,232,1,0,0,245,0,99,0,42,0,19,0,13,0,11,
0,141,255,20,255,172,255,254,0,77,252,163,5,16,2,127,250,59,189,0,232,1,0,0,245,0,99,0,42,0,19,0,13,0,11,
0,111,255,4,255,172,255,254,0,77,252,163,5,198,0,127,250,59,189,0,231,0,255,0,244,0,100,0,43,0,20,0,14,0,12,
0,110,255,241,254,187,255,39,1,235,251,36,6,152,0,243,250,146,191,0,231,0,255,0,244,0,100,0,43,0,20,0,13,0,11,
0,101,255,247,254,200,255,39,1,235,251,36,6,247,0,161,250,109,192,0,231,0,255,0,244,0,100,0,43,0,20,0,13,0,11,
0,101,255,247,254,200,255,39,1,235,251,36,6,31,2,61,250,221,190,0,231,1,0,0,245,0,99,0,42,0,20,0,13,0,11,
0,87,255,6,255,204,255,39,1,235,251,36,6,31,2,61,250,46,189,0,231,0,255,0,245,0,100,0,43,0,20,0,13,0,12,
0,105,255,221,254,192,255,39,1,235,251,36,6,56,1,27,250,46,189,0,231,0,255,0,245,0,99,0,42,0,19,0,13,0,11,
0,131,255,223,254,176,255,39,1,235,251,36,6,0,0,155,250,187,189,0,230,0,255,0,244,0,100,0,42,0,20,0,13,0,11,
0,131,255,223,254,176,255,39,1,235,251,36,6,50,0,193,250,46,192,0,230,0,254,0,244,0,100,0,42,0,20,0,13,0,11,
0,140,255,230,254,202,255,39,1,235,251,36,6,50,1,115,250,196,191,0,230,0,255,0,245,0,99,0,42,0,19,0,13,0,11,
0,97,255,227,254,246,255,39,1,235,251,36,6,76,1,115,250,196,191,0,230,0,255,0,244,0,100,0,42,0,19,0,13,0,11,
0,97,255,227,254,226,255,39,1,235,251,36,6,148,0,206,249,78,188,0,230,0,254,0,244,0,100,0,43,0,20,0,13,0,11,
0,65,255,214,254,226,255,39,1,235,251,36,6,226,254,115,250,228,190,0,230,0,253,0,244,0,100,0,42,0,20,0,13,0,11,
0,62,255,209,254,211,255,12,1,23,252,30,6,8,0,111,250,131,193,0,229,0,254,0,244,0,100,0,42,0,20,0,13,0,11,
0,44,255,201,254,209,255,12,1,23,252,30,6,8,0,111,250,167,190,0,229,0,254,0,244,0,99,0,42,0,20,0,13,0,11,
0,44,255,201,254,221,255,12,1,23,252,30,6,20,1,218,249,167,190,0,229,0,253,0,243,0,100,0,43,0,20,0,14,0,12,
0,21,255,205,254,221,255,12,1,23,252,30,6,242,255,78,250,184,188,0,229,0,254,0,244,0,99,0,42,0,19,0,13,0,11,
0,23,255,190,254,210,255,12,1,23,252,30,6,55,255,226,250,9,192,0,228,0,253,0,243,0,100,0,42,0,20,0,13,0,11,
0,34,255,220,254,217,255,12,1,23,252,30,6,163,0,146,250,209,192,0,229,0,254,0,243,0,99,0,42,0,19,0,13,0,11,
0,34,255,220,254,217,255,12,1,23,252,30,6,163,0,146,250,209,192,0,228,0,253,0,243,0,99,0,42,0,20,0,13,0,11,
0,34,255,219,254,200,255,12,1,23,252,30,6,135,0,254,249,210,189,0,228,0,253,0,243,0,100,0,43,0,20,0,14,0,12,
0,41,255,230,254,187,255,12,1,23,252,30,6,93,255,99,250,224,189,0,228,0,253,0,243,0,99,0,42,0,19,0,13,0,11,
0,50,255,225,254,210,255,12,1,23,252,30,6,0,255,11,251,182,191,0,227,0,253,0,242,0,100,0,42,0,20,0,13,0,11,
0,50,255,225,254,210,255,15,1,20,252,54,6,0,255,119,250,226,192,0,227,0,253,0,242,0,99,0,42,0,20,0,14,0,11,
0,49,255,208,254,218,255,15,1,20,252,54,6,223,255,119,250,226,192,0,227,0,253,0,242,0,99,0,42,0,20,0,13,0,11,
0,64,255,226,254,220,255,15,1,20,252,54,6,164,0,44,250,205,190,0,226,0,252,0,241,0,99,0,42,0,20,0,14,0,11,
0,64,255,226,254,181,255,15,1,20,252,54,6,22,255,163,250,160,188,0,227,0,253,0,241,0,98,0,41,0,19,0,13,0,11,
0,59,255,222,254,181,255,15,1,20,252,54,6,163,254,43,251,220,191,0,226,0,252,0,241,0,99,0,42,0,20,0,13,0,11,
0,17,255,233,254,175,255,15,1,20,252,54,6,163,254,43,251,25,192,0,226,0,252,0,241,0,99,0,42,0,20,0,14,0,11,
0,247,254,15,255,187,255,15,1,20,252,54,6,13,0,11,251,25,192,0,225,0,252,0,240,0,98,0,42,0,20,0,14,0,11,
0,247,254,15,255,188,255,15,1,20,252,54,6,128,0,151,250,38,190,0,225,0,252,0,240,0,98,0,42,0,20,0,14,0,11,
0,14,255,42,255,188,255,15,1,20,252,54,6,73,255,224,250,185,188,0,225,0,252,0,240,0,97,0,41,0,19,0,13,0,11,
0,56,255,31,255,187,255,15,1,20,252,54,6,73,255,218,251,74,191,0,225,0,252,0,239,0,98,0,41,0,17,0,13,0,11,
0,81,255,18,255,196,255,91,1,49,252,71,6,13,255,218,251,74,191,0,225,0,252,0,239,0,98,0,42,0,18,0,13,0,11,
0,81,255,18,255,196,255,91,1,49,252,71,6,163,255,81,251,40,193,0,225,0,252,0,239,0,97,0,41,0,18,0,13,0,11,
0,55,255,34,255,192,255,91,1,49,252,71,6,179,0,158,250,251,189,0,225,0,252,0,239,0,98,0,42,0,19,0,13,0,11,
0,25,255,54,255,177,255,91,1,49,252,71,6,59,255,14,251,107,188,0,225,0,252,0,239,0,97,0,41,0,18,0,12,0,11,
0,31,255,54,255,171,255,91,1,49,252,71,6,59,255,14,251,200,191,0,225,0,252,0,239,0,98,0,42,0,19,0,13,0,11,
0,31,255,54,255,171,255,91,1,49,252,71,6,135,254,212,251,200,191,0,225,0,252,0,239,0,98,0,42,0,19,0,13,0,12,
0,21,255,41,255,162,255,91,1,49,252,71,6,216,255,93,251,80,192,0,225,0,252,0,239,0,97,0,41,0,18,0,13,0,11,
0,21,255,60,255,150,255,91,1,49,252,71,6,42,0,237,250,145,189,0,225,0,252,0,239,0,98,0,42,0,19,0,13,0,11,
0,21,255,60,255,139,255,91,1,49,252,71,6,125,255,47,251,168,188,0,225,0,252,0,239,0,97,0,41,0,18,0,13,0,11,
0,51,255,101,255,139,255,91,1,49,252,71,6,125,255,47,251,168,188,0,225,0,252,0,239,0,97,0,41,0,19,0,13,0,11,
0,68,255,120,255,161,255,74,1,61,252,147,6,127,254,197,251,182,190,0,225,0,252,0,239,0,97,0,41,0,19,0,13,0,11,
0,85,255,119,255,168,255,74,1,61,252,147,6,123,255,170,251,29,192,0,226,0,253,0,240,0,97,0,41,0,20,0,13,0,11,
0,85,255,119,255,168,255,74,1,61,252,147,6,234,0,30,251,82,190,0,225,0,252,0,240,0,98,0,41,0,20,0,14,0,11,
0,83,255,127,255,148,255,74,1,61,252,147,6,234,0,30,251,190,187,0,226,0,252,0,241,0,97,0,41,0,19,0,12,0,11,
0,33,255,126,255,139,255,74,1,61,252,147,6,30,0,29,251,190,187,0,226,0,252,0,241,0,98,0,41,0,20,0,13,0,11,
0,22,255,127,255,131,255,74,1,61,252,147,6,193,254,195,251,245,189,0,226,0,252,0,241,0,98,0,41,0,19,0,13,0,11,
0,22,255,127,255,131,255,74,1,61,252,147,6,15,0,194,251,213,192,0,227,0,253,0,242,0,97,0,41,0,19,0,13,0,10,
0,56,255,134,255,109,255,74,1,61,252,147,6,183,0,80,251,129,189,0,227,0,252,0,242,0,98,0,41,0,20,0,13,0,11,
0,85,255,146,255,104,255,74,1,61,252,147,6,183,0,80,251,129,189,0,227,0,253,0,243,0,98,0,41,0,19,0,12,0,11,
0,76,255,194,255,116,255,74,1,61,252,147,6,223,255,132,251,233,187,0,227,0,253,0,243,0,98,0,41,0,20,0,13,0,11,
0,76,255,194,255,116,255,74,1,43,252,183,6,56,255,247,251,111,190,0,227,0,253,0,243,0,99,0,42,0,20,0,14,0,12,
0,66,255,177,255,111,255,16,1,43,252,183,6,122,0,165,251,153,192,0,228,0,254,0,243,0,98,0,41,0,19,0,13,0,11,
0,65,255,191,255,106,255,16,1,43,252,183,6,122,0,178,250,144,188,0,227,0,254,0,244,0,98,0,41,0,19,0,13,0,11,
0,65,255,191,255,126,255,16,1,43,252,183,6,159,1,178,250,144,188,0,227,0,254,0,244,0,99,0,42,0,20,0,14,0,12,
0,51,255,218,255,126,255,16,1,43,252,183,6,125,255,91,251,42,188,0,227,0,254,0,244,0,99,0,37,0,19,0,14,0,12,
0,64,255,200,255,130,255,16,1,43,252,183,6,16,0,197,251,82,192,0,227,0,254,0,245,0,99,0,38,0,19,0,14,0,12,
0,64,255,221,255,112,255,16,1,43,252,183,6,71,1,59,251,73,191,0,227,0,254,0,245,0,99,0,39,0,19,0,14,0,12,
0,64,255,221,255,112,255,16,1,43,252,183,6,71,1,59,251,5,189,0,227,0,254,0,245,0,100,0,40,0,19,0,13,0,12,
0,75,255,249,255,139,255,16,1,43,252,183,6,65,1,198,250,5,189,0,227,0,255,0,246,0,99,0,40,0,18,0,13,0,11,
0,66,255,247,255,132,255,16,1,43,252,183,6,231,255,94,251,221,188,0,226,0,255,0,246,0,100,0,41,0,19,0,13,0,11,
0,82,255,255,255,110,255,16,1,43,252,183,6,64,0,197,251,4,191,0,226,0,255,0,246,0,100,0,41,0,19,0,13,0,11,
0,82,255,255,255,110,255,115,1,15,252,144,6,64,0,88,251,75,192,0,226,0,255,0,247,0,100,0,41,0,19,0,13,0,11,
0,93,255,252,255,104,255,115,1,15,252,144,6,194,0,88,251,75,192,0,226,0,255,0,247,0,100,0,42,0,20,0,14,0,12,
0,72,255,3,0,112,255,115,1,15,252,144,6,213,1,247,250,192,190,0,226,1,0,0,247,0,100,0,41,0,19,0,13,0,11,
0,70,255,5,0,125,255,115,1,15,252,144,6,28,1,190,250,172,188,0,225,1,0,0,247,0,101,0,42,0,19,0,13,0,11,
0,70,255,5,0,125,255,115,1,15,252,144,6,94,255,39,251,55,189,0,225,1,0,0,248,0,100,0,41,0,19,0,13,0,11,
0,70,255,244,255,131,255,115,1,15,252,144,6,94,255,39,251,138,193,0,225,1,0,0,248,0,101,0,42,0,19,0,13,0,11,
0,54,255,254,255,189,255,115,1,15,252,144,6,216,0,59,251,138,193,0,225,1,0,0,249,0,101,0,42,0,19,0,13,0,11,
0,54,255,254,255,234,255,115,1,15,252,144,6,199,1,137,250,223,189,0,225,1,0,0,248,0,101,0,43,0,20,0,14,0,11,
0,31,255,35,0,234,255,115,1,15,252,144,6,207,255,186,250,149,188,0,224,1,0,0,248,0,101,0,43,0,20,0,13,0,11,
0,44,255,37,0,214,255,115,1,15,252,144,6,196,0,56,251,127,193,0,225,1,1,0,249,0,101,0,42,0,19,0,13,0,11,
0,40,255,249,255,183,255,75,1,253,251,73,6,196,0,56,251,127,193,0,225,1,0,0,249,0,101,0,43,0,20,0,13,0,11,
0,40,255,249,255,183,255,75,1,253,251,73,6,39,1,193,250,216,191,0,225,1,0,0,249,0,101,0,43,0,19,0,13,0,11,
0,250,254,238,255,152,255,75,1,253,251,73,6,56,1,75,250,156,189,0,224,1,0,0,248,0,102,0,43,0,20,0,14,0,12,
0,29,255,19,0,142,255,75,1,253,251,73,6,132,0,152,250,192,189,0,224,1,0,0,248,0,102,0,43,0,20,0,13,0,11,
0,56,255,26,0,159,255,75,1,253,251,73,6,132,0,106,251,93,193,0,224,1,0,0,247,0,102,0,43,0,20,0,14,0,12,
0,56,255,26,0,159,255,75,1,253,251,73,6,67,0,106,251,93,193,0,225,1,0,0,247,0,102,0,47,0,20,0,13,0,11,
0,55,255,22,0,187,255,75,1,253,251,73,6,230,1,161,250,166,191,0,224,0,255,0,247,0,102,0,47,0,22,0,14,0,12,
0,79,255,252,255,173,255,75,1,253,251,73,6,55,0,75,250,165,188,0,225,1,0,0,247,0,101,0,45,0,20,0,13,0,11,
0,76,255,236,255,144,255,75,1,253,251,73,6,173,255,18,251,87,192,0,224,1,0,0,247,0,102,0,45,0,21,0,14,0,12,
0,76,255,236,255,144,255,75,1,253,251,73,6,173,255,18,251,161,192,0,225,1,0,0,247,0,101,0,45,0,21,0,14,0,12,
0,66,255,231,255,134,255,48,1,248,251,93,6,127,1,152,250,161,192,0,225,1,0,0,247,0,101,0,43,0,20,0,13,0,11,
0,79,255,219,255,139,255,48,1,248,251,93,6,238,0,153,250,251,190,0,225,0,255,0,246,0,101,0,44,0,21,0,14,0,12,
0,79,255,219,255,141,255,48,1,248,251,93,6,93,0,249,250,21,191,0,225,1,0,0,246,0,100,0,43,0,19,0,13,0,11,
0,103,255,247,255,141,255,48,1,248,251,93,6,93,0,139,250,215,191,0,225,1,0,0,246,0,101,0,43,0,20,0,14,0,11,
0,109,255,0,0,125,255,48,1,248,251,93,6,232,0,139,250,215,191,0,225,0,255,0,246,0,101,0,43,0,20,0,13,0,11,
0,90,255,252,255,139,255,48,1,248,251,93,6,237,0,64,250,221,190,0,226,0,255,0,246,0,100,0,43,0,20,0,13,0,11,
0,90,255,252,255,139,255,48,1,248,251,93,6,198,0,114,250,230,189,0,226,1,0,0,246,0,100,0,42,0,19,0,13,0,11,
0,32,255,241,255,155,255,48,1,248,251,93,6,88,0,201,250,174,191,0,225,0,255,0,245,0,100,0,43,0,20,0,13,0,11,
0,12,255,219,255,151,255,48,1,248,251,93,6,88,0,201,250,62,191,0,225,0,255,0,245,0,100,0,43,0,20,0,14,0,11,
0,89,255,210,255,189,255,48,1,248,251,93,6,110,0,105,250,62,191,0,226,0,255,0,245,0,100,0,43,0,20,0,14,0,12,
0,89,255,210,255,189,255,15,1,70,252,213,5,127,0,104,250,83,190,0,226,0,255,0,245,0,100,0,43,0,19,0,13,0,11,
0,73,255,196,255,184,255,15,1,70,252,213,5,76,0,137,250,144,190,0,226,0,254,0,244,0,100,0,43,0,20,0,14,0,12,
0,32,255,209,255,152,255,15,1,70,252,213,5,121,0,211,250,239,191,0,226,0,254,0,244,0,100,0,42,0,19,0,13,0,11,
0,242,254,209,255,147,255,15,1,70,252,213,5,121,0,211,250,239,191,0,226,0,254,0,244,0,100,0,43,0,20,0,14,0,11,
0,242,254,227,255,147,255,15,1,70,252,213,5,9,1,123,250,49,190,0,226,0,254,0,244,0,100,0,43,0,20,0,14,0,11,
0,23,255,229,255,153,255,15,1,70,252,213,5,30,0,182,250,1,189,0,226,0,254,0,244,0,100,0,43,0,20,0,13,0,11,
0,38,255,248,255,138,255,15,1,70,252,213,5,207,255,21,251,34,193,0,225,0,254,0,243,0,100,0,43,0,20,0,14,0,12,
0,38,255,248,255,136,255,15,1,70,252,213,5,207,255,21,250,15,191,0,226,0,254,0,243,0,99,0,42,0,19,0,13,0,11,
0,74,255,249,255,136,255,15,1,70,252,213,5,227,0,106,250,15,191,0,225,0,254,0,243,0,100,0,42,0,20,0,14,0,11,
0,72,255,234,255,119,255,15,1,70,252,213,5,32,0,42,250,161,188,0,225,0,254,0,242,0,99,0,42,0,20,0,13,0,11,
0,62,255,244,255,136,255,15,1,70,252,213,5,71,255,86,251,82,191,0,225,0,254,0,243,0,99,0,42,0,19,0,13,0,11,
0,62,255,244,255,136,255,23,1,59,252,158,6,233,0,184,250,233,192,0,224,0,255,0,242,0,99,0,42,0,19,0,13,0,11,
0,98,255,234,255,142,255,23,1,59,252,158,6,233,0,184,250,233,192,0,224,0,254,0,242,0,99,0,42,0,20,0,13,0,11,
0,52,255,228,255,138,255,23,1,59,252,158,6,227,0,246,249,0,188,0,223,0,255,0,242,0,99,0,42,0,19,0,13,0,11,
0,21,255,213,255,130,255,23,1,59,252,158,6,49,255,228,250,150,190,0,223,0,255,0,242,0,99,0,42,0,20,0,13,0,11,
0,21,255,213,255,130,255,23,1,59,252,158,6,98,0,184,250,15,194,0,223,0,255,0,242,0,98,0,41,0,19,0,13,0,11,
0,35,255,227,255,106,255,23,1,59,252,158,6,98,0,211,249,120,189,0,222,0,255,0,242,0,99,0,42,0,20,0,13,0,11,
0,35,255,235,255,117,255,23,1,59,252,158,6,7,1,211,249,120,189,0,222,1,0,0,243,0,98,0,41,0,19,0,13,0,11,
0,81,255,235,255,120,255,23,1,59,252,158,6,10,255,203,250,91,190,0,221,0,255,0,242,0,99,0,42,0,20,0,14,0,12,
0,81,255,240,255,120,255,23,1,59,252,158,6,119,0,191,250,107,192,0,221,0,255,0,242,0,99,0,42,0,20,0,13,0,11,
0,96,255,16,0,117,255,23,1,59,252,158,6,195,255,121,250,199,189,0,221,1,0,0,242,0,98,0,41,0,19,0,13,0,11,
0,71,255,15,0,139,255,102,1,28,252,173,6,195,255,121,250,31,191,0,221,1,0,0,242,0,99,0,41,0,19,0,13,0,11,
0,71,255,15,0,142,255,102,1,28,252,173,6,10,0,124,250,31,191,0,220,1,0,0,242,0,99,0,42,0,20,0,14,0,12,
0,64,255,251,255,142,255,102,1,28,252,173,6,247,255,225,250,230,191,0,220,1,0,0,242,0,99,0,42,0,20,0,14,0,11,
0,65,255,249,255,131,255,102,1,28,252,173,6,113,0,135,250,3,191,0,220,1,0,0,242,0,99,0,42,0,20,0,14,0,12,
0,70,255,216,255,135,255,102,1,28,252,173,6,113,255,188,250,222,189,0,220,1,0,0,243,0,99,0,42,0,19,0,13,0,11,
0,70,255,216,255,135,255,102,1,28,252,173,6,252,255,188,250,222,189,0,220,1,0,0,242,0,99,0,42,0,20,0,14,0,12,
0,63,255,196,255,122,255,102,1,28,252,173,6,191,255,227,250,24,191,0,220,1,1,0,243,0,99,0,42,0,19,0,13,0,11,
0,109,255,232,255,117,255,102,1,28,252,173,6,118,0,149,250,171,191,0,219,1,0,0,242,0,99,0,42,0,20,0,14,0,12,
0,134,255,239,255,93,255,102,1,28,252,173,6,94,0,95,250,100,190,0,219,1,0,0,242,0,99,0,42,0,20,0,13,0,11,
0,134,255,239,255,93,255,102,1,28,252,173,6,94,0,95,250,91,190,0,219,1,0,0,242,0,99,0,42,0,20,0,13,0,11,
0,87,255,2,0,105,255,59,1,12,252,4,6,182,255,182,250,91,190,0,219,1,0,0,243,0,99,0,42,0,20,0,13,0,11,
0,69,255,222,255,116,255,59,1,12,252,4,6,80,0,129,250,85,191,0,220,1,1,0,243,0,98,0,41,0,19,0,13,0,11,
0,82,255,222,255,129,255,59,1,12,252,4,6,245,255,17,251,14,191,0,219,1,0,0,243,0,99,0,41,0,19,0,13,0,11,
0,82,255,222,255,129,255,59,1,12,252,4,6,96,0,49,251,29,191,0,219,1,0,0,243,0,99,0,42,0,19,0,13,0,11,
0,56,255,229,255,139,255,59,1,12,252,4,6,96,0,49,251,29,191,0,220,1,1,0,244,0,99,0,41,0,19,0,13,0,11,
0,46,255,229,255,113,255,59,1,12,252,4,6,119,0,186,250,30,191,0,219,1,1,0,243,0,99,0,42,0,20,0,13,0,11,
0,46,255,229,255,93,255,59,1,12,252,4,6,20,0,122,250,126,189,0,220,1,1,0,244,0,99,0,41,0,19,0,13,0,11,
0,64,255,213,255,93,255,59,1,12,252,4,6,162,255,12,251,50,191,0,220,1,0,0,244,0,99,0,42,0,20,0,13,0,11,
0,78,255,216,255,92,255,59,1,12,252,4,6,162,255,50,251,146,191,0,220,1,0,0,244,0,99,0,42,0,20,0,13,0,11,
0,84,255,223,255,101,255,59,1,12,252,4,6,194,255,50,251,146,191,0,221,1,1,0,244,0,99,0,42,0,19,0,13,0,11,
0,84,255,223,255,101,255,231,0,29,252,192,6,170,0,242,250,210,190,0,221,1,0,0,244,0,99,0,42,0,20,0,13,0,12,
0,97,255,178,255,116,255,231,0,29,252,192,6,47,1,208,250,181,190,0,221,1,1,0,244,0,99,0,42,0,19,0,13,0,11,
0,90,255,156,255,96,255,231,0,29,252,192,6,191,255,222,250,139,188,0,221,1,0,0,244,0,100,0,43,0,20,0,14,0,12,
0,69,255,169,255,87,255,231,0,29,252,192,6,191,255,222,250,200,189,0,222,1,0,0,244,0,99,0,42,0,20,0,14,0,12,
0,69,255,169,255,87,255,231,0,29,252,192,6,116,255,13,251,200,189,0,222,1,1,0,244,0,99,0,42,0,19,0,13,0,11,
0,120,255,206,255,87,255,231,0,29,252,192,6,26,0,46,251,147,192,0,222,1,0,0,244,0,100,0,42,0,20,0,14,0,11,
0,148,255,172,255,107,255,231,0,29,252,192,6,58,1,248,250,158,190,0,223,1,1,0,244,0,99,0,42,0,19,0,13,0,11,
0,148,255,172,255,107,255,231,0,29,252,192,6,58,1,109,250,88,188,0,223,1,0,0,244,0,100,0,42,0,20,0,13,0,12,
0,102,255,121,255,107,255,231,0,29,252,192,6,100,0,109,250,88,188,0,223,1,0,0,244,0,99,0,42,0,20,0,13,0,11,
0,105,255,124,255,98,255,231,0,29,252,192,6,91,0,195,250,38,189,0,224,1,0,0,244,0,99,0,42,0,19,0,13,0,11,
0,92,255,166,255,80,255,231,0,29,252,192,6,99,255,148,251,47,191,0,224,1,0,0,244,0,99,0,41,0,19,0,13,0,11,
0,92,255,166,255,58,255,69,1,254,251,201,6,176,0,10,251,254,191,0,224,0,255,0,243,0,99,0,37,0,19,0,14,0,12,
0,106,255,136,255,58,255,69,1,254,251,201,6,176,0,10,251,137,189,0,224,1,0,0,243,0,99,0,38,0,18,0,13,0,11,
0,134,255,125,255,70,255,69,1,254,251,201,6,198,0,142,250,137,189,0,225,1,0,0,243,0,99,0,38,0,18,0,13,0,11,
0,141,255,108,255,100,255,69,1,254,251,201,6,77,0,153,250,163,188,0,225,1,0,0,243,0,99,0,40,0,18,0,13,0,11,
0,141,255,108,255,100,255,69,1,254,251,201,6,145,255,234,250,35,189,0,226,0,255,0,242,0,99,0,41,0,19,0,13,0,12,
0,141,255,108,255,101,255,69,1,254,251,201,6,87,255,35,251,151,190,0,226,0,255,0,243,0,99,0,41,0,18,0,13,0,11,
0,130,255,106,255,83,255,69,1,254,251,201,6,87,255,35,251,151,190,0,226,0,255,0,242,0,99,0,41,0,20,0,13,0,12,
0,110,255,91,255,72,255,69,1,254,251,201,6,210,0,129,250,11,191,0,227,0,255,0,241,0,99,0,41,0,20,0,13,0,11,
0,110,255,91,255,72,255,69,1,254,251,201,6,25,0,130,250,112,188,0,227,0,255,0,242,0,99,0,42,0,19,0,13,0,12,
0,147,255,96,255,103,255,69,1,254,251,201,6,209,255,191,250,213,188,0,228,0,255,0,241,0,99,0,42,0,20,0,14,0,12,
0,158,255,106,255,118,255,228,0,50,252,194,5,209,255,191,250,54,191,0,229,0,255,0,242,0,98,0,41,0,19,0,13,0,11,
0,158,255,106,255,122,255,228,0,50,252,194,5,207,255,143,250,54,191,0,229,0,255,0,241,0,99,0,42,0,20,0,14,0,12,
0,113,255,141,255,122,255,228,0,50,252,194,5,217,255,130,250,121,189,0,229,0,255,0,241,0,99,0,42,0,20,0,14,0,12,
0,177,255,135,255,100,255,228,0,50,252,194,5,51,255,109,250,189,190,0,230,0,255,0,241,0,99,0,42,0,20,0,14,0,12,
0,187,255,91,255,90,255,228,0,50,252,194,5,140,255,145,250,244,190,0,230,0,255,0,241,0,99,0,42,0,20,0,13,0,11,
0,187,255,91,255,85,255,228,0,50,252,194,5,140,255,145,250,244,190,0,231,0,255,0,242,0,98,0,41,0,19,0,13,0,11,
0,193,255,116,255,85,255,228,0,50,252,194,5,62,0,215,249,200,190,0,231,0,254,0,241,0,99,0,42,0,20,0,13,0,12,
0,224,255,73,255,96,255,228,0,50,252,194,5,204,255,203,249,236,188,0,231,0,254,0,241,0,98,0,42,0,20,0,13,0,11,
0,191,255,99,255,104,255,228,0,50,252,194,5,16,255,213,249,168,188,0,232,0,254,0,241,0,98,0,42,0,20,0,13,0,11,
0,191,255,99,255,104,255,228,0,50,252,194,5,16,255,118,250,178,190,0,232,0,254,0,241,0,98,0,42,0,20,0,13,0,11,
0,168,255,108,255,105,255,251,0,25,252,26,6,221,254,118,250,178,190,0,232,0,254,0,241,0,97,0,41,0,19,0,13,0,11,
0,156,255,102,255,113,255,251,0,25,252,26,6,62,255,29,250,245,192,0,232,0,253,0,241,0,98,0,41,0,20,0,13,0,11,
0,156,255,102,255,114,255,251,0,25,252,26,6,101,0,142,249,75,190,0,232,0,253,0,241,0,98,0,46,0,20,0,13,0,11,
0,156,255,102,255,114,255,251,0,25,252,26,6,235,254,186,249,0,188,0,232,0,253,0,241,0,98,0,45,0,20,0,13,0,11,
0,170,255,58,255,101,255,251,0,25,252,26,6,235,254,186,249,246,190,0,232,0,253,0,241,0,98,0,44,0,20,0,13,0,11,
0,173,255,75,255,80,255,251,0,25,252,26,6,119,254,44,250,246,190,0,232,0,254,0,242,0,98,0,43,0,20,0,13,0,11,
0,173,255,75,255,88,255,251,0,25,252,26,6,243,254,241,249,198,191,0,232,0,253,0,242,0,99,0,43,0,20,0,14,0,11,
0,182,255,104,255,88,255,251,0,25,252,26,6,82,255,239,249,127,190,0,232,0,253,0,242,0,99,0,43,0,20,0,14,0,12,
0,204,255,115,255,96,255,251,0,25,252,26,6,82,255,147,249,226,190,0,232,0,253,0,243,0,99,0,43,0,20,0,13,0,12,
0,216,255,141,255,52,255,251,0,25,252,26,6,41,255,147,249,226,190,0,232,0,253,0,243,0,99,0,43,0,20,0,13,0,12,
0,216,255,141,255,52,255,231,0,62,252,154,5,27,255,166,249,43,191,0,232,0,254,0,244,0,98,0,42,0,19,0,13,0,11,
0,228,255,158,255,23,255,231,0,62,252,154,5,245,254,136,249,57,192,0,232,0,253,0,243,0,99,0,43,0,20,0,14,0,12,
0,210,255,146,255,8,255,231,0,62,252,154,5,147,255,43,249,176,190,0,232,0,253,0,244,0,99,0,42,0,20,0,14,0,12,
0,196,255,140,255,15,255,231,0,62,252,154,5,147,255,43,249,84,189,0,231,0,253,0,244,0,99,0,43,0,20,0,14,0,12,
0,196,255,140,255,15,255,231,0,62,252,154,5,9,255,3,249,84,189,0,231,0,253,0,244,0,99,0,43,0,20,0,14,0,11,
0,172,255,139,255,45,255,231,0,62,252,154,5,229,253,58,249,243,190,0,231,0,253,0,245,0,99,0,42,0,19,0,13,0,11,
0,154,255,171,255,74,255,231,0,62,252,154,5,187,254,178,249,165,192,0,230,0,253,0,245,0,100,0,43,0,20,0,14,0,12,
0,168,255,166,255,102,255,231,0,62,252,154,5,98,255,90,249,175,191,0,230,0,253,0,246,0,100,0,42,0,20,0,14,0,12,
0,168,255,166,255,102,255,231,0,62,252,154,5,98,255,90,249,175,191,0,230,0,254,0,246,0,99,0,42,0,19,0,13,0,11,
0,204,255,190,255,71,255,231,0,62,252,154,5,79,255,44,249,224,190,0,230,0,254,0,247,0,100,0,42,0,19,0,13,0,11,
0,202,255,221,255,61,255,231,0,62,252,80,6,124,255,118,249,167,190,0,230,0,253,0,247,0,101,0,43,0,20,0,13,0,11,
0,202,255,221,255,57,255,69,1,31,252,80,6,50,255,66,249,153,192,0,230,0,253,0,247,0,100,0,42,0,20,0,13,0,11,
0,177,255,209,255,57,255,69,1,31,252,80,6,50,255,66,249,139,191,0,229,0,254,0,247,0,100,0,43,0,20,0,13,0,11,
0,152,255,234,255,68,255,69,1,31,252,80,6,99,255,4,249,139,191,0,229,0,254,0,247,0,101,0,43,0,20,0,13,0,11,
0,169,255,241,255,80,255,69,1,31,252,80,6,23,255,10,249,252,189,0,229,0,254,0,248,0,101,0,43,0,20,0,13,0,11,
0,169,255,241,255,80,255,69,1,31,252,80,6,166,254,158,249,171,191,0,229,0,255,0,249,0,100,0,42,0,19,0,13,0,11,
0,186,255,239,255,66,255,69,1,31,252,80,6,127,255,136,249,1,193,0,229,0,254,0,249,0,101,0,43,0,20,0,13,0,11,
0,154,255,254,255,56,255,69,1,31,252,80,6,127,255,136,249,1,193,0,228,0,254,0,249,0,102,0,43,0,20,0,14,0,12,
0,182,255,237,255,40,255,69,1,31,252,80,6,19,0,157,248,41,190,0,228,0,255,0,250,0,101,0,43,0,19,0,13,0,11,
0,182,255,237,255,40,255,69,1,31,252,80,6,17,255,45,249,109,190,0,228,0,254,0,250,0,102,0,43,0,20,0,14,0,12,
0,207,255,246,255,21,255,69,1,31,252,80,6,115,255,157,249,239,191,0,228,0,255,0,250,0,102,0,43,0,19,0,13,0,11,
0,208,255,250,255,13,255,37,1,9,252,71,6,115,255,138,249,93,192,0,228,0,255,0,250,0,102,0,44,0,21,0,14,0,12,
0,214,255,7,0,4,255,37,1,9,252,71,6,192,255,138,249,93,192,0,228,0,255,0,250,0,102,0,44,0,20,0,14,0,12,
0,214,255,7,0,4,255,37,1,9,252,71,6,132,0,232,248,200,189,0,228,0,255,0,251,0,102,0,43,0,20,0,13,0,11,
0,234,255,29,0,38,255,37,1,9,252,71,6,126,255,172,249,27,191,0,228,0,255,0,251,0,102,0,43,0,20,0,13,0,11,
0,215,255,14,0,40,255,37,1,9,252,71,6,11,0,144,249,78,191,0,227,0,255,0,251,0,103,0,44,0,20,0,14,0,12,
0,215,255,14,0,25,255,37,1,9,252,71,6,11,0,144,249,127,191,0,227,0,255,0,251,0,103,0,43,0,20,0,13,0,11,
0,214,255,35,0,25,255,37,1,9,252,71,6,159,0,101,249,127,191,0,227,0,255,0,251,0,103,0,43,0,20,0,13,0,12,
0,212,255,22,0,32,255,37,1,9,252,71,6,180,0,155,249,237,189,0,227,1,0,0,251,0,102,0,43,0,20,0,13,0,11,
0,206,255,43,0,27,255,37,1,9,252,71,6,134,0,240,249,232,190,0,227,1,0,0,252,0,103,0,43,0,20,0,13,0,11,
0,206,255,43,0,27,255,37,1,9,252,71,6,134,0,241,249,110,191,0,226,1,0,0,251,0,103,0,44,0,20,0,14,0,11,
0,216,255,32,0,34,255,51,1,43,252,207,5,195,0,241,249,110,191,0,226,1,0,0,251,0,103,0,43,0,20,0,13,0,11,
0,212,255,6,0,31,255,51,1,43,252,207,5,221,0,15,250,106,192,0,227,1,1,0,251,0,103,0,43,0,19,0,13,0,11,
0,187,255,12,0,53,255,51,1,43,252,207,5,26,1,146,249,108,190,0,226,1,1,0,251,0,103,0,43,0,20,0,13,0,11,
0,187,255,12,0,53,255,51,1,43,252,207,5,123,0,175,249,209,189,0,226,1,0,0,250,0,103,0,44,0,20,0,14,0,11,
0,180,255,13,0,88,255,51,1,43,252,207,5,123,0,175,249,28,192,0,226,1,1,0,251,0,102,0,43,0,20,0,13,0,11,
0,210,255,243,255,112,255,51,1,43,252,207,5,57,0,93,250,28,192,0,226,1,1,0,250,0,103,0,44,0,21,0,14,0,11,
0,243,255,255,255,56,255,51,1,43,252,207,5,203,1,137,249,87,191,0,225,1,1,0,250,0,103,0,44,0,20,0,14,0,11,
0,243,255,255,255,56,255,51,1,43,252,207,5,184,0,241,249,89,190,0,226,1,1,0,250,0,102,0,43,0,20,0,13,0,11,
0,15,0,13,0,42,255,51,1,43,252,207,5,227,0,17,250,94,191,0,225,1,1,0,249,0,103,0,44,0,21,0,14,0,12,
0,14,0,25,0,62,255,51,1,43,252,207,5,227,0,17,250,94,191,0,226,1,2,0,250,0,102,0,43,0,19,0,13,0,11,
0,14,0,25,0,44,255,54,1,42,252,179,7,146,1,245,249,210,190,0,225,1,1,0,249,0,103,0,44,0,20,0,14,0,12,
0,227,255,12,0,44,255,54,1,42,252,179,7,78,1,5,250,234,191,0,225,1,1,0,249,0,103,0,44,0,20,0,14,0,12,
0,239,255,249,255,23,255,54,1,42,252,179,7,132,1,186,249,190,190,0,225,1,2,0,249,0,102,0,43,0,20,0,13,0,11,
0,209,255,232,255,64,255,54,1,42,252,179,7,132,1,181,249,55,190,0,225,1,1,0,248,0,102,0,44,0,21,0,14,0,12,
0,209,255,232,255,64,255,54,1,42,252,179,7,26,1,181,249,55,190,0,225,1,1,0,248,0,102,0,43,0,20,0,13,0,11,
0,179,255,216,255,95,255,54,1,42,252,179,7,169,0,0,250,218,190,0,225,1,1,0,248,0,102,0,43,0,20,0,13,0,11,
0,220,255,216,255,76,255,54,1,42,252,179,7,152,1,253,249,114,192,0,226,1,2,0,248,0,101,0,43,0,19,0,13,0,11,
0,9,0,185,255,82,255,54,1,42,252,179,7,241,1,156,249,56,191,0,225,1,1,0,248,0,102,0,43,0,20,0,13,0,11,
0,9,0,185,255,82,255,54,1,42,252,179,7,241,1,156,249,56,189,0,226,1,1,0,247,0,101,0,43,0,20,0,13,0,11,
0,58,0,200,255,70,255,54,1,42,252,179,7,78,1,132,249,48,189,0,225,1,1,0,247,0,102,0,43,0,20,0,14,0,11,
0,20,0,201,255,67,255,58,1,103,252,95,6,142,0,148,249,183,190,0,225,1,1,0,247,0,101,0,43,0,20,0,13,0,11,
0,180,255,167,255,80,255,58,1,103,252,95,6,90,0,36,250,79,193,0,226,1,1,0,247,0,101,0,42,0,19,0,13,0,11,
0,180,255,167,255,80,255,58,1,103,252,95,6,90,0,146,249,252,191,0,226,1,1,0,247,0,101,0,43,0,20,0,13,0,11,
0,161,255,171,255,82,255,58,1,103,252,95,6,180,1,146,249,252,191,0,226,1,1,0,246,0,101,0,43,0,20,0,13,0,11,
0,185,255,136,255,95,255,58,1,103,252,95,6,221,1,246,248,117,189,0,226,1,0,0,246,0,101,0,43,0,20,0,14,0,11,
0,185,255,136,255,116,255,58,1,103,252,95,6,181,0,102,249,212,188,0,226,1,0,0,245,0,101,0,43,0,20,0,13,0,11,
0,174,255,120,255,116,255,58,1,103,252,95,6,40,0,189,249,48,191,0,227,1,0,0,245,0,100,0,42,0,19,0,13,0,11,
0,147,255,130,255,144,255,58,1,103,252,95,6,40,0,189,249,35,193,0,227,1,0,0,244,0,100,0,43,0,20,0,13,0,11,
0,136,255,160,255,137,255,58,1,103,252,95,6,106,1,127,249,35,193,0,227,1,0,0,244,0,100,0,37,0,19,0,14,0,12,
0,136,255,160,255,137,255,58,1,103,252,95,6,180,1,29,249,97,189,0,227,0,255,0,244,0,100,0,40,0,19,0,14,0,12,
0,165,255,166,255,108,255,58,1,103,252,95,6,82,0,56,249,170,188,0,228,0,255,0,243,0,100,0,40,0,19,0,13,0,11,
0,176,255,134,255,107,255,8,1,122,252,21,6,239,255,142,249,88,191,0,228,0,255,0,243,0,100,0,41,0,20,0,14,0,12,
0,163,255,83,255,128,255,8,1,122,252,21,6,239,255,142,249,88,191,0,228,0,255,0,243,0,99,0,41,0,19,0,13,0,11,
0,163,255,83,255,128,255,8,1,122,252,21,6,167,0,106,249,152,192,0,229,0,255,0,243,0,99,0,41,0,19,0,13,0,11,
0,159,255,65,255,145,255,8,1,122,252,21,6,168,1,188,248,84,191,0,229,0,255,0,242,0,100,0,42,0,20,0,14,0,12,
0,169,255,70,255,143,255,8,1,122,252,21,6,192,0,180,248,9,188,0,230,0,255,0,241,0,99,0,42,0,19,0,13,0,11,
0,167,255,70,255,153,255,8,1,122,252,21,6,192,0,180,248,124,189,0,230,0,254,0,241,0,99,0,42,0,20,0,14,0,12,
0,167,255,70,255,153,255,8,1,122,252,21,6,160,255,48,249,124,189,0,231,0,255,0,240,0,99,0,41,0,19,0,13,0,11,
0,127,255,90,255,166,255,8,1,122,252,21,6,49,0,133,249,253,192,0,231,0,254,0,240,0,99,0,42,0,20,0,13,0,11,
0,172,255,110,255,150,255,8,1,122,252,21,6,75,1,255,248,169,190,0,232,0,255,0,240,0,98,0,41,0,19,0,12,0,11,
0,172,255,110,255,154,255,8,1,122,252,21,6,220,0,226,248,55,188,0,232,0,254,0,239,0,98,0,41,0,17,0,12,0,11,
0,163,255,90,255,154,255,55,1,13,252,126,6,220,0,226,248,55,188,0,232,0,254,0,239,0,98,0,41,0,18,0,13,0,11,
0,129,255,70,255,142,255,55,1,13,252,126,6,165,255,49,249,147,190,0,233,0,254,0,239,0,98,0,42,0,18,0,13,0,11,
0,149,255,81,255,137,255,55,1,13,252,126,6,143,255,155,249,138,191,0,233,0,253,0,238,0,97,0,41,0,19,0,13,0,11,
0,149,255,81,255,137,255,55,1,13,252,126,6,118,0,104,249,130,191,0,234,0,254,0,238,0,97,0,41,0,18,0,12,0,11,
0,141,255,66,255,161,255,55,1,13,252,126,6,118,0,17,249,101,189,0,234,0,253,0,237,0,97,0,41,0,19,0,13,0,11,
0,123,255,92,255,183,255,55,1,13,252,126,6,124,0,17,249,101,189,0,235,0,253,0,237,0,97,0,41,0,19,0,13,0,11,
0,142,255,99,255,195,255,55,1,13,252,126,6,187,255,44,249,193,188,0,236,0,253,0,237,0,97,0,41,0,18,0,13,0,11,
0,142,255,99,255,195,255,55,1,13,252,126,6,88,255,160,249,24,191,0,236,0,252,0,236,0,97,0,41,0,19,0,13,0,11,
0,190,255,70,255,183,255,55,1,13,252,126,6,122,0,135,249,80,191,0,237,0,252,0,236,0,96,0,44,0,19,0,13,0,11,
0,196,255,84,255,169,255,55,1,13,252,126,6,122,0,135,249,199,188,0,237,0,252,0,235,0,96,0,45,0,20,0,13,0,11,
0,219,255,84,255,175,255,55,1,64,252,167,5,204,0,42,249,199,188,0,237,0,252,0,235,0,96,0,44,0,20,0,13,0,11,
0,219,255,86,255,175,255,55,1,64,252,167,5,129,255,85,249,129,189,0,238,0,251,0,235,0,96,0,43,0,19,0,13,0,11,
0,1,0,101,255,175,255,55,1,64,252,167,5,29,255,21,250,235,191,0,238,0,251,0,235,0,95,0,42,0,19,0,13,0,11,
0,208,255,138,255,180,255,55,1,64,252,167,5,29,255,181,249,31,191,0,238,0,251,0,235,0,96,0,42,0,19,0,13,0,11,
0,208,255,138,255,177,255,55,1,64,252,167,5,4,1,181,249,31,191,0,239,0,251,0,235,0,96,0,41,0,18,0,13,0,11,
0,140,255,139,255,177,255,55,1,64,252,167,5,75,0,116,249,66,188,0,239,0,251,0,235,0,96,0,41,0,19,0,13,0,11,
0,152,255,149,255,149,255,55,1,64,252,167,5,14,255,133,249,60,189,0,240,0,251,0,235,0,95,0,41,0,18,0,13,0,11,
0,140,255,173,255,156,255,55,1,64,252,167,5,125,255,4,250,245,190,0,240,0,251,0,236,0,95,0,41,0,18,0,13,0,11,
0,140,255,173,255,156,255,55,1,64,252,167,5,125,255,4,250,8,191,0,240,0,251,0,236,0,96,0,41,0,19,0,13,0,11,
0,140,255,168,255,146,255,55,1,64,252,167,5,112,0,245,249,8,191,0,240,0,251,0,236,0,95,0,41,0,18,0,12,0,11,
0,164,255,178,255,147,255,29,1,92,252,41,6,136,0,199,249,171,189,0,241,0,251,0,236,0,95,0,41,0,18,0,13,0,11,
0,153,255,190,255,144,255,29,1,92,252,41,6,60,0,31,250,111,190,0,241,0,251,0,237,0,95,0,40,0,18,0,12,0,11,
0,153,255,190,255,144,255,29,1,92,252,41,6,76,255,34,250,98,189,0,242,0,251,0,237,0,95,0,40,0,18,0,12,0,11,
0,133,255,192,255,125,255,29,1,92,252,41,6,76,255,34,250,98,189,0,242,0,250,0,237,0,96,0,41,0,18,0,13,0,11,
0,151,255,189,255,129,255,29,1,92,252,41,6,229,255,67,250,169,190,0,242,0,251,0,238,0,96,0,40,0,17,0,12,0,11,
0,154,255,189,255,139,255,29,1,92,252,41,6,237,255,57,250,78,190,0,242,0,251,0,238,0,96,0,41,0,18,0,13,0,11,
0,154,255,210,255,139,255,29,1,92,252,41,6,150,0,67,250,118,190,0,243,0,251,0,239,0,96,0,40,0,18,0,13,0,11,
0,176,255,214,255,141,255,29,1,92,252,41,6,150,0,81,250,147,189,0,243,0,251,0,239,0,96,0,41,0,18,0,13,0,11,
0,211,255,229,255,156,255,29,1,92,252,41,6,96,0,81,250,147,189,0,243,0,251,0,239,0,97,0,41,0,19,0,13,0,11,
0,211,255,229,255,197,255,29,1,92,252,41,6,167,0,40,250,142,190,0,243,0,251,0,239,0,97,0,41,0,18,0,12,0,11,
0,227,255,12,0,197,255,29,1,92,252,41,6,54,0,24,250,53,188,0,243,0,251,0,239,0,97,0,41,0,19,0,13,0,12,
0,217,255,35,0,219,255,37,1,107,252,201,6,169,255,152,250,233,189,0,244,0,251,0,240,0,97,0,41,0,20,0,13,0,11,
0,181,255,1,0,151,255,37,1,107,252,201,6,169,255,152,250,233,189,0,244,0,251,0,241,0,97,0,41,0,19,0,13,0,11,
0,181,255,1,0,151,255,37,1,107,252,201,6,181,0,220,250,5,192,0,244,0,251,0,241,0,98,0,41,0,20,0,14,0,12,
0,173,255,237,255,152,255,37,1,107,252,201,6,235,1,90,250,85,190,0,244,0,251,0,241,0,98,0,41,0,19,0,13,0,11,
0,191,255,226,255,153,255,37,1,107,252,201,6,6,1,108,250,135,187,0,244,0,252,0,241,0,98,0,41,0,20,0,14,0,11,
0,174,255,0,0,170,255,37,1,107,252,201,6,6,1,235,250,122,189,0,244,0,251,0,241,0,98,0,42,0,20,0,13,0,11,
0,174,255,0,0,170,255,37,1,107,252,201,6,233,255,235,250,122,189,0,244,0,252,0,242,0,98,0,41,0,20,0,13,0,11,
0,179,255,43,0,157,255,37,1,107,252,201,6,26,0,46,251,5,192,0,244,0,252,0,242,0,97,0,41,0,19,0,13,0,11,
0,188,255,27,0,182,255,37,1,107,252,201,6,3,2,171,250,77,190,0,244,0,252,0,242,0,98,0,41,0,19,0,13,0,11,
0,188,255,27,0,189,255,37,1,107,252,201,6,59,1,64,250,248,187,0,244,0,252,0,243,0,98,0,41,0,20,0,13,0,11,
0,255,255,71,0,189,255,243,0,88,252,188,5,59,1,64,250,171,189,0,244,0,253,0,243,0,98,0,41,0,19,0,13,0,11,
0,19,0,120,0,204,255,243,0,88,252,188,5,24,1,174,250,171,189,0,244,0,253,0,243,0,99,0,42,0,20,0,13,0,11,
0,232,255,110,0,218,255,243,0,88,252,188,5,0,0,79,251,6,191,0,244,0,254,0,244,0,98,0,41,0,19,0,13,0,11,
0,232,255,110,0,214,255,243,0,88,252,188,5,185,1,190,250,72,191,0,244,0,254,0,244,0,99,0,41,0,19,0,12,0,11,
0,234,255,72,0,214,255,243,0,88,252,188,5,185,2,11,250,137,188,0,244,0,254,0,244,0,99,0,42,0,20,0,14,0,12,
0,26,0,73,0,209,255,243,0,88,252,188,5,26,2,11,250,137,188,0,244,0,254,0,245,0,99,0,42,0,19,0,13,0,11,
0,25,0,88,0,194,255,243,0,88,252,188,5,253,0,253,249,200,187,0,244,0,254,0,245,0,100,0,42,0,20,0,14,0,12,
0,25,0,88,0,194,255,243,0,88,252,188,5,39,0,25,251,64,192,0,244,0,255,0,246,0,100,0,42,0,19,0,13,0,11,
0,255,255,67,0,220,255,243,0,88,252,188,5,30,3,36,250,91,190,0,243,0,255,0,246,0,100,0,43,0,20,0,14,0,12,
0,245,255,78,0,225,255,243,0,88,252,188,5,30,3,36,250,58,187,0,243,0,255,0,246,0,100,0,43,0,20,0,14,0,12,
0,33,0,80,0,195,255,38,1,92,252,18,7,112,1,237,249,58,187,0,243,1,0,0,246,0,100,0,42,0,20,0,13,0,11,
0,33,0,80,0,195,255,38,1,92,252,18,7,200,0,79,250,49,190,0,243,1,0,0,247,0,100,0,42,0,19,0,13,0,11,
0,22,0,82,0,181,255,38,1,92,252,18,7,132,1,100,250,123,192,0,242,0,255,0,246,0,101,0,43,0,20,0,14,0,12,
0,241,255,106,0,221,255,38,1,92,252,18,7,190,2,101,249,212,188,0,242,1,0,0,247,0,100,0,42,0,19,0,13,0,11,
0,241,0,106,0,202,255,38,1,92,252,18,7,190,2,101,249,212,188,0,242,1,0,0,246,0,101,0,42,0,20,0,13,0,11,
0,0,0,123,0,202,255,38,1,92,252,18,7,186,1,231,249,70,188,0,242,1,1,0,247,0,100,0,43,0,20,0,13,0,11,
0,17,0,133,0,208,255,38,1,92,252,18,7,219,0,24,250,184,190,0,242,1,1,0,246,0,101,0,43,0,20,0,13,0,11,
0,7,0,98,0,208,255,38,1,92,252,18,7,107,2,189,249,189,191,0,242,1,1,0,247,0,100,0,42,0,19,0,13,0,11,
0,7,0,98,0,198,255,38,1,92,252,18,7,107,2,146,249,37,190,0,242,1,1,0,246,0,100,0,43,0,20,0,13,0,11,
0,7,0,78,0,198,255,38,1,92,252,18,7,148,2,146,249,37,190,0,242,1,1,0,246,0,100,0,42,0,19,0,14,0,11,
0,231,255,63,0,209,255,26,1,92,252,103,6,122,1,27,249,153,187,0,242,1,1,0,246,0,100,0,42,0,19,0,13,0,11,
0,215,255,38,0,218,255,26,1,92,252,103,6,41,1,136,249,28,190,0,241,1,1,0,245,0,100,0,43,0,20,0,13,0,11,
0,215,255,38,0,218,255,26,1,92,252,103,6,27,1,173,249,141,191,0,242,1,2,0,246,0,100,0,42,0,19,0,13,0,11,
0,217,255,21,0,192,255,26,1,92,252,103,6,27,1,173,249,162,190,0,241,1,1,0,245,0,100,0,43,0,20,0,13,0,11,
0,217,255,19,0,212,255,26,1,92,252,103,6,27,3,240,248,162,190,0,241,1,1,0,244,0,100,0,43,0,20,0,13,0,11,
0,249,255,255,255,223,255,26,1,92,252,103,6,245,1,117,248,87,187,0,241,1,1,0,244,0,100,0,43,0,20,0,14,0,11,
0,249,255,255,255,223,255,26,1,92,252,103,6,192,0,2,249,163,189,0,241,1,1,0,244,0,100,0,43,0,20,0,14,0,12,
0,247,255,243,255,211,255,26,1,92,252,103,6,192,0,37,249,200,191,0,242,1,2,0,244,0,99,0,42,0,19,0,13,0,11,
0,202,255,232,255,204,255,26,1,92,252,103,6,74,1,37,249,200,191,0,241,1,1,0,243,0,99,0,42,0,20,0,13,0,11,
0,202,255,232,255,195,255,26,1,92,252,103,6,36,3,202,248,6,191,0,241,1,1,0,243,0,100,0,43,0,20,0,14,0,12,
0,204,255,249,255,195,255,26,1,92,252,103,6,6,2,99,248,46,187,0,242,1,1,0,243,0,99,0,42,0,19,0,13,0,12,
0,239,255,239,255,185,255,218,0,94,252,132,6,84,1,192,248,143,189,0,242,1,1,0,242,0,100,0,43,0,20,0,14,0,12,
0,231,255,218,255,178,255,218,0,94,252,132,6,84,1,192,248,143,190,0,242,1,1,0,242,0,99,0,42,0,19,0,13,0,11,
0,231,255,218,255,178,255,218,0,94,252,132,6,19,1,72,249,143,190,0,242,1,1,0,242,0,99,0,42,0,19,0,13,0,11,
0,185,255,213,255,194,255,218,0,94,252,132,6,161,2,179,248,45,191,0,242,1,0,0,241,0,99,0,42,0,20,0,14,0,12,
0,198,255,183,255,185,255,218,0,94,252,132,6,12,2,0,248,232,187,0,242,1,1,0,241,0,98,0,36,0,18,0,13,0,12,
0,216,255,178,255,175,255,218,0,94,252,132,6,192,0,92,248,156,188,0,242,1,0,0,240,0,99,0,38,0,19,0,13,0,12,
0,216,255,178,255,175,255,218,0,94,252,132,6,192,0,92,248,156,188,0,242,1,1,0,241,0,98,0,38,0,18,0,13,0,11,
0,134,255,169,255,174,255,218,0,94,252,132,6,211,0,2,249,90,191,0,242,1,0,0,239,0,98,0,40,0,17,0,13,0,11,
0,107,255,168,255,139,255,218,0,94,252,132,6,149,2,80,248,181,190,0,242,1,0,0,239,0,97,0,40,0,17,0,13,0,11,
0,111,255,158,255,144,255,218,0,94,252,132,6,232,1,232,247,240,186,0,242,0,255,0,239,0,98,0,40,0,17,0,12,0,11,
0,111,255,158,255,144,255,17,1,62,252,87,6,232,1,232,248,56,189,0,242,0,255,0,238,0,97,0,41,0,18,0,13,0,11,
0,113,255,110,255,157,255,17,1,62,252,87,6,206,0,200,248,56,189,0,243,0,255,0,238,0,97,0,40,0,17,0,12,0,11,
0,112,255,109,255,186,255,17,1,62,252,87,6,125,1,200,248,138,191,0,242,0,255,0,237,0,97,0,41,0,19,0,13,0,11,
0,112,255,109,255,207,255,17,1,62,252,87,6,78,2,116,248,246,189,0,242,0,254,0,237,0,97,0,41,0,18,0,13,0,11,
0,110,255,125,255,207,255,17,1,62,252,87,6,190,1,95,248,233,186,0,243,0,255,0,237,0,96,0,40,0,17,0,13,0,11,
0,109,255,109,255,204,255,17,1,62,252,87,6,190,1,95,248,233,186,0,243,0,254,0,236,0,97,0,41,0,18,0,13,0,11,
0,93,255,72,255,192,255,17,1,62,252,87,6,158,0,252,248,31,189,0,243,0,254,0,236,0,96,0,41,0,18,0,12,0,11,
0,93,255,72,255,192,255,17,1,62,252,87,6,94,1,242,248,129,191,0,243,0,253,0,235,0,96,0,41,0,18,0,13,0,11,
0,64,255,60,255,179,255,17,1,62,252,87,6,171,2,73,248,107,189,0,244,0,254,0,235,0,96,0,40,0,18,0,13,0,11,
0,62,255,53,255,194,255,17,1,62,252,87,6,171,2,200,248,29,187,0,244,0,253,0,234,0,96,0,41,0,18,0,13,0,12,
0,43,255,61,255,189,255,209,0,153,252,190,5,2,1,200,248,29,187,0,244,0,252,0,233,0,96,0,41,0,19,0,13,0,11,
0,43,255,61,255,189,255,209,0,153,252,190,5,86,0,1,249,205,189,0,244,0,252,0,234,0,95,0,40,0,18,0,13,0,11,
0,32,255,71,255,121,255,209,0,153,252,190,5,163,0,134,249,169,191,0,244,0,252,0,233,0,95,0,41,0,19,0,13,0,12,
0,22,255,47,255,157,255,209,0,153,252,190,5,240,1,19,249,2,190,0,244,0,251,0,233,0,95,0,41,0,19,0,13,0,11,
0,22,255,46,255,198,255,209,0,153,252,190,5,240,1,19,249,8,187,0,244,0,251,0,233,0,95,0,40,0,18,0,13,0,11,
0,22,255,46,255,198,255,209,0,153,252,190,5,205,0,184,248,8,187,0,244,0,251,0,233,0,95,0,45,0,19,0,13,0,11,
0,47,255,80,255,153,255,209,0,153,252,190,5,218,255,73,249,11,188,0,245,0,251,0,233,0,94,0,43,0,18,0,12,0,10,
0,38,255,72,255,159,255,209,0,153,252,190,5,68,0,177,249,165,191,0,245,0,250,0,232,0,94,0,43,0,19,0,13,0,11,
0,38,255,72,255,176,255,209,0,153,252,190,5,68,0,226,248,54,189,0,245,0,250,0,232,0,94,0,42,0,19,0,13,0,11,
0,71,255,67,255,176,255,209,0,153,252,190,5,14,2,226,248,54,189,0,245,0,250,0,232,0,94,0,41,0,18,0,13,0,11,
0,76,255,68,255,174,255,34,1,122,252,117,5,113,0,35,249,115,186,0,245,0,250,0,232,0,94,0,41,0,19,0,13,0,11,
0,45,255,41,255,136,255,34,1,122,252,117,5,14,0,209,249,58,189,0,246,0,251,0,233,0,94,0,40,0,18,0,12,0,11,
0,45,255,41,255,136,255,34,1,122,252,117,5,154,0,253,249,169,191,0,246,0,249,0,233,0,94,0,40,0,18,0,13,0,11,
0,208,254,50,255,126,255,34,1,122,252,117,5,154,0,253,249,11,189,0,246,0,249,0,233,0,94,0,40,0,18,0,13,0,11,
0,221,254,30,255,144,255,34,1,122,252,117,5,198,1,41,249,11,189,0,246,0,249,0,234,0,94,0,40,0,18,0,13,0,11,
0,241,254,33,255,153,255,34,1,122,252,117,5,132,0,96,249,175,186,0,246,0,249,0,234,0,95,0,41,0,19,0,13,0,12,
0,241,254,33,255,153,255,34,1,122,252,117,5,211,255,78,250,213,190,0,247,0,249,0,234,0,94,0,40,0,18,0,13,0,12,
0,248,254,39,255,143,255,34,1,122,252,117,5,184,1,139,249,183,189,0,247,0,249,0,235,0,95,0,41,0,18,0,13,0,11,
0,39,255,47,255,128,255,34,1,122,252,117,5,184,1,139,249,183,189,0,247,0,249,0,235,0,95,0,41,0,19,0,13,0,12,
0,250,254,85,255,111,255,34,1,122,252,117,5,130,0,128,249,254,187,0,247,0,249,0,235,0,95,0,41,0,19,0,13,0,12,
0,250,254,85,255,111,255,34,1,122,252,45,6,108,0,90,250,167,190,0,247,0,249,0,235,0,95,0,41,0,18,0,13,0,11,
0,238,254,95,255,91,255,251,0,136,252,45,6,64,1,14,250,62,190,0,247,0,250,0,236,0,95,0,40,0,18,0,13,0,11,
0,26,255,48,255,101,255,251,0,136,252,45,6,64,1,2,250,149,187,0,247,0,249,0,237,0,95,0,40,0,18,0,12,0,11,
0,26,255,48,255,80,255,251,0,136,252,45,6,218,0,2,250,149,187,0,247,0,249,0,237,0,96,0,40,0,19,0,13,0,11,
0,101,255,84,255,80,255,251,0,136,252,45,6,91,0,102,250,133,189,0,247,0,250,0,238,0,95,0,40,0,17,0,12,0,11,
0,97,255,95,255,81,255,251,0,136,252,45,6,138,1,2,250,42,189,0,246,0,249,0,238,0,96,0,41,0,19,0,13,0,11,
0,59,255,97,255,63,255,251,0,136,252,45,6,232,0,226,249,182,187,0,247,0,250,0,239,0,96,0,40,0,17,0,12,0,11,
0,59,255,97,255,63,255,251,0,136,252,45,6,232,0,226,249,182,188,0,246,0,250,0,239,0,96,0,40,0,17,0,12,0,11,
0,40,255,95,255,77,255,251,0,136,252,45,6,171,0,1,250,217,188,0,246,0,250,0,240,0,96,0,40,0,20,0,13,0,11,
0,42,255,96,255,87,255,251,0,136,252,45,6,156,0,27,250,149,189,0,246,0,250,0,240,0,97,0,40,0,19,0,13,0,11,
0,42,255,110,255,73,255,251,0,136,252,45,6,252,0,41,250,149,189,0,246,0,251,0,241,0,97,0,40,0,19,0,13,0,11,
0,42,255,110,255,73,255,34,1,105,252,44,6,252,0,2,250,37,190,0,245,0,250,0,241,0,97,0,41,0,20,0,13,0,11,
0,19,255,131,255,50,255,34,1,105,252,44,6,112,1,2,250,37,190,0,245,0,251,0,241,0,97,0,41,0,19,0,13,0,11,
0,40,255,144,255,73,255,34,1,105,252,44,6,125,1,224,249,97,188,0,245,0,252,0,243,0,97,0,41,0,19,0,13,0,11,
0,81,255,167,255,72,255,34,1,105,252,44,6,248,0,238,249,203,188,0,244,0,251,0,243,0,98,0,41,0,19,0,13,0,11,
0,81,255,167,255,72,255,34,1,105,252,44,6,6,1,57,250,67,190,0,244,0,252,0,244,0,98,0,41,0,19,0,13,0,11,
0,76,255,200,255,85,255,34,1,105,252,44,6,6,1,57,250,211,189,0,243,0,251,0,244,0,99,0,42,0,20,0,14,0,12,
0,77,255,192,255,112,255,34,1,105,252,44,6,255,1,37,250,211,189,0,243,0,252,0,244,0,99,0,42,0,19,0,13,0,11,
0,77,255,192,255,110,255,34,1,105,252,44,6,159,1,176,249,50,188,0,242,0,252,0,245,0,99,0,42,0,20,0,14,0,12,
0,83,255,177,255,110,255,34,1,105,252,44,6,174,0,178,249,68,190,0,242,0,253,0,246,0,99,0,42,0,19,0,13,0,12,
0,81,255,188,255,84,255,34,1,105,252,44,6,231,1,125,249,146,190,0,242,0,253,0,246,0,100,0,42,0,19,0,13,0,11,
0,87,255,180,255,85,255,244,0,106,252,74,6,231,1,125,249,146,190,0,241,0,253,0,247,0,100,0,42,0,20,0,13,0,12,
0,87,255,180,255,85,255,244,0,106,252,74,6,168,1,98,249,92,189,0,241,0,253,0,247,0,100,0,43,0,19,0,13,0,11,
0,62,255,169,255,88,255,244,0,106,252,74,6,8,1,68,249,78,189,0,240,0,253,0,247,0,101,0,43,0,20,0,14,0,12,
0,49,255,195,255,106,255,244,0,106,252,74,6,71,1,66,249,107,190,0,240,0,254,0,247,0,100,0,42,0,19,0,13,0,11,
0,41,255,188,255,87,255,244,0,106,252,74,6,71,1,66,249,248,189,0,240,0,253,0,247,0,100,0,42,0,19,0,13,0,11,
0,41,255,188,255,87,255,244,0,106,252,74,6,26,2,39,249,248,189,0,239,0,253,0,246,0,101,0,43,0,20,0,14,0,11,
0,58,255,202,255,66,255,244,0,106,252,74,6,130,1,158,248,188,187,0,239,0,253,0,247,0,100,0,43,0,19,0,13,0,11,
0,30,255,196,255,61,255,244,0,106,252,74,6,37,1,215,248,253,190,0,238,0,253,0,247,0,101,0,43,0,20,0,13,0,11,
0,40,255,196,255,71,255,244,0,106,252,74,6,164,1,253,248,153,190,0,238,0,253,0,247,0,100,0,42,0,19,0,13,0,11,
0,40,255,165,255,71,255,244,0,106,252,74,6,164,1,253,248,153,190,0,237,0,253,0,247,0,101,0,43,0,20,0,13,0,11,
0,24,255,187,255,100,255,14,1,87,252,52,6,98,2,80,248,90,188,0,237,0,254,0,247,0,101,0,42,0,19,0,13,0,11,
0,22,255,164,255,90,255,14,1,87,252,52,6,62,1,137,248,181,188,0,236,0,253,0,247,0,101,0,43,0,19,0,13,0,11,
0,22,255,164,255,74,255,14,1,87,252,52,6,38,1,176,248,35,191,0,235,0,253,0,246,0,101,0,43,0,20,0,13,0,11,
0,26,255,164,255,74,255,14,1,87,252,52,6,38,1,88,248,208,190,0,235,0,254,0,247,0,100,0,43,0,20,0,13,0,12,
0,2,255,164,255,68,255,14,1,87,252,52,6,128,2,88,248,208,190,0,234,0,253,0,247,0,101,0,43,0,20,0,14,0,12,
0,181,254,184,255,67,255,14,1,87,252,52,6,77,2,184,247,1,188,0,234,0,254,0,247,0,101,0,43,0,19,0,13,0,11,
0,181,254,184,255,67,255,14,1,87,252,52,6,191,0,42,248,231,187,0,233,0,254,0,246,0,101,0,43,0,20,0,13,0,11,
0,194,254,181,255,73,255,14,1,87,252,52,6,37,1,230,248,55,192,0,233,0,253,0,246,0,101,0,43,0,20,0,14,0,12,
0,193,254,129,255,76,255,14,1,87,252,52,6,37,1,230,248,7,190,0,232,0,254,0,246,0,101,0,43,0,20,0,13,0,11,
0,195,254,150,255,79,255,14,1,87,252,52,6,225,2,207,247,7,190,0,232,0,253,0,245,0,101,0,43,0,20,0,14,0,11,
0,195,254,150,255,79,255,232,0,87,252,89,6,23,2,252,247,198,187,0,232,0,254,0,245,0,100,0,43,0,19,0,13,0,11,
0,191,254,165,255,72,255,232,0,87,252,89,6,33,1,121,248,217,189,0,231,0,253,0,244,0,101,0,43,0,20,0,14,0,12,
0,173,254,190,255,56,255,232,0,87,252,89,6,33,1,184,248,126,191,0,231,0,253,0,244,0,100,0,43,0,20,0,13,0,11,
0,171,254,190,255,57,255,232,0,87,252,89,6,96,1,184,248,126,191,0,230,0,253,0,243,0,100,0,43,0,20,0,13,0,11,
0,171,254,166,255,57,255,232,0,87,252,89,6,142,2,116,248,252,190,0,230,0,253,0,243,0,100,0,43,0,20,0,13,0,11,
0,192,254,167,255,38,255,232,0,87,252,89,6,24,2,251,247,119,187,0,230,0,253,0,242,0,99,0,42,0,19,0,13,0,11,
0,182,254,153,255,56,255,232,0,87,252,89,6,47,1,52,248,146,188,0,230,0,252,0,242,0,99,0,42,0,19,0,13,0,11,
0,182,254,153,255,60,255,232,0,87,252,89,6,47,1,52,248,232,190,0,230,0,253,0,241,0,99,0,42,0,19,0,13,0,11,
0,141,254,92,255,60,255,232,0,87,252,89,6,57,1,180,248,232,190,0,229,0,252,0,241,0,99,0,42,0,19,0,13,0,11,
0,130,254,89,255,51,255,232,0,87,252,89,6,48,2,121,248,206,190,0,229,0,251,0,240,0,99,0,42,0,20,0,13,0,11,
0,115,254,65,255,82,255,232,0,87,252,89,6,218,1,43,248,227,188,0,229,0,252,0,240,0,98,0,41,0,19,0,13,0,11,
0,115,254,65,255,82,255,68,1,65,252,110,6,156,1,117,248,130,189,0,228,0,251,0,239,0,98,0,36,0,17,0,14,0,12,
0,120,254,68,255,80,255,68,1,65,252,110,6,156,1,117,248,130,189,0,228,0,251,0,239,0,98,0,38,0,17,0,13,0,12,
0,125,254,58,255,86,255,68,1,65,252,110,6,57,1,125,248,105,189,0,228,0,251,0,238,0,98,0,39,0,17,0,13,0,12,
0,124,254,36,255,57,255,68,1,65,252,110,6,127,1,107,248,236,188,0,228,0,251,0,238,0,98,0,40,0,18,0,13,0,12,
0,124,254,36,255,57,255,68,1,65,252,110,6,136,0,136,248,111,189,0,229,0,251,0,238,0,97,0,40,0,17,0,12,0,11,
0,109,254,27,255,43,255,68,1,65,252,110,6,136,0,232,248,241,190,0,228,0,250,0,237,0,97,0,40,0,17,0,13,0,11,
0,99,254,46,255,28,255,68,1,65,252,110,6,104,1,232,248,241,190,0,228,0,250,0,237,0,97,0,41,0,18,0,13,0,11,
0,129,254,46,255,23,255,68,1,65,252,110,6,124,1,133,248,176,188,0,228,0,250,0,237,0,96,0,40,0,18,0,13,0,11,
0,129,254,35,255,23,255,68,1,65,252,110,6,142,0,11,249,76,189,0,228,0,250,0,236,0,97,0,41,0,18,0,13,0,11,
0,101,254,42,255,28,255,68,1,65,252,110,6,202,1,14,249,75,190,0,228,0,250,0,236,0,96,0,40,0,18,0,13,0,11,
0,58,254,59,255,18,255,47,1,60,252,75,6,202,1,14,249,75,188,0,228,0,250,0,236,0,96,0,41,0,18,0,13,0,11,
0,58,254,59,255,19,255,47,1,60,252,75,6,102,1,246,248,97,188,0,228,0,249,0,236,0,96,0,41,0,19,0,13,0,11,
0,36,254,43,255,19,255,47,1,60,252,75,6,214,0,91,249,53,189,0,228,0,249,0,236,0,96,0,40,0,17,0,12,0,11,
0,36,254,25,255,36,255,47,1,60,252,75,6,180,0,15,249,107,189,0,228,0,249,0,236,0,96,0,40,0,17,0,12,0,10,
0,83,254,21,255,25,255,47,1,60,252,75,6,180,0,103,249,45,190,0,227,0,249,0,236,0,96,0,41,0,19,0,13,0,11,
0,83,254,21,255,25,255,47,1,60,252,75,6,75,1,103,249,45,190,0,228,0,249,0,236,0,96,0,40,0,17,0,12,0,11,
0,53,254,31,255,36,255,47,1,60,252,75,6,94,1,29,249,11,188,0,227,0,249,0,236,0,96,0,40,0,18,0,13,0,11,
0,43,254,46,255,45,255,47,1,60,252,75,6,131,0,153,249,228,188,0,228,0,249,0,236,0,96,0,40,0,17,0,12,0,11,
0,17,254,64,255,20,255,47,1,60,252,75,6,168,1,175,249,22,191,0,227,0,249,0,236,0,96,0,40,0,18,0,13,0,11,
0,17,254,64,255,20,255,47,1,60,252,75,6,168,1,175,249,126,185,0,228,0,249,0,236,0,95,0,40,0,18,0,12,0,11,
0,37,254,77,255,248,254,13,1,71,252,161,6,211,1,198,248,126,185,0,227,0,248,0,236,0,96,0,41,0,19,0,13,0,11,
0,54,254,55,255,10,255,13,1,71,252,161,6,227,255,241,249,230,189,0,228,0,249,0,236,0,96,0,40,0,18,0,13,0,11,
0,54,254,55,255,23,255,13,1,71,252,161,6,132,1,185,249,137,191,0,228,0,249,0,236,0,96,0,45,0,19,0,13,0,11,
0,35,254,41,255,23,255,13,1,71,252,161,6,166,1,49,249,199,187,0,228,0,249,0,236,0,96,0,44,0,19,0,13,0,11,
0,32,254,47,255,25,255,13,1,71,252,161,6,166,1,49,249,199,187,0,228,0,249,0,237,0,95,0,43,0,18,0,12,0,11,
0,54,254,76,255,3,255,13,1,71,252,161,6,87,0,153,249,161,187,0,227,0,249,0,236,0,96,0,43,0,20,0,13,0,11,
0,54,254,76,255,12,255,13,1,71,252,161,6,253,255,51,250,67,190,0,228,0,249,0,236,0,96,0,43,0,19,0,13,0,11,
0,40,254,42,255,12,255,13,1,71,252,161,6,210,1,255,249,13,191,0,228,0,249,0,236,0,95,0,42,0,18,0,13,0,11,
0,57,254,21,255,25,255,13,1,71,252,161,6,210,1,255,249,78,188,0,228,0,249,0,237,0,95,0,41,0,18,0,13,0,11,
0,60,254,26,255,14,255,13,1,71,252,161,6,24,1,93,249,78,188,0,228,0,249,0,236,0,96,0,42,0,19,0,13,0,11,
0,60,254,26,255,14,255,19,1,76,252,12,6,104,0,203,249,132,187,0,228,0,249,0,237,0,96,0,41,0,18,0,13,0,11,
0,45,254,38,255,9,255,19,1,76,252,12,6,185,255,24,250,24,190,0,228,0,249,0,236,0,96,0,41,0,19,0,13,0,11,
0,21,254,40,255,1,255,19,1,76,252,12,6,100,0,4,250,55,191,0,228,0,250,0,237,0,96,0,41,0,18,0,13,0,11,
0,10,254,37,255,7,255,19,1,76,252,12,6,100,0,4,250,55,191,0,228,0,250,0,237,0,96,0,40,0,18,0,12,0,11,
0,10,254,37,255,7,255,19,1,76,252,12,6,217,1,123,249,200,189,0,227,0,249,0,237,0,96,0,41,0,19,0,13,0,11,
0,33,254,33,255,2,255,19,1,76,252,12,6,226,0,130,249,40,187,0,227,0,249,0,237,0,96,0,41,0,18,0,13,0,10,
0,38,254,39,255,17,255,19,1,76,252,12,6,118,255,78,250,6,189,0,227,0,249,0,237,0,96,0,41,0,19,0,13,0,11,
0,38,254,39,255,20,255,19,1,76,252,12,6,118,255,18,250,247,191,0,227,0,249,0,237,0,96,0,41,0,19,0,13,0,11,
0,36,254,36,255,20,255,19,1,76,252,12,6,101,0,18,250,247,191,0,227,0,250,0,237,0,96,0,41,0,18,0,13,0,11,
0,16,254,27,255,19,255,19,1,76,252,12,6,217,1,142,249,117,189,0,227,0,250,0,238,0,96,0,40,0,18,0,12,0,11,
0,244,253,46,255,21,255,19,1,76,252,12,6,84,0,169,249,38,187,0,227,0,250,0,238,0,96,0,41,0,17,0,13,0,11,
0,244,253,46,255,18,255,52,1,80,252,69,5,185,255,64,250,148,190,0,227,0,250,0,238,0,96,0,41,0,19,0,13,0,11,
0,31,254,29,255,18,255,52,1,80,252,69,5,185,255,64,250,206,191,0,227,0,250,0,238,0,96,0,41,0,18,0,13,0,11,
0,58,254,48,255,41,255,52,1,80,252,69,5,206,0,231,249,206,191,0,226,0,250,0,238,0,97,0,41,0,19,0,13,0,12,
0,41,254,42,255,49,255,52,1,80,252,69,5,196,1,68,249,43,189,0,227,0,251,0,239,0,96,0,40,0,18,0,13,0,11,
0,41,254,42,255,49,255,52,1,80,252,69,5,46,0,166,249,153,187,0,226,0,250,0,239,0,97,0,41,0,18,0,13,0,11,
0,33,254,46,255,31,255,52,1,80,252,69,5,46,0,10,250,63,190,0,226,0,250,0,239,0,97,0,41,0,19,0,13,0,12,
0,25,254,18,255,28,255,52,1,80,252,69,5,231,255,10,250,63,190,0,226,0,251,0,239,0,97,0,41,0,18,0,13,0,11,
0,15,254,0,255,38,255,52,1,80,252,69,5,157,0,241,249,13,192,0,226,0,250,0,239,0,97,0,41,0,19,0,13,0,12,
0,15,254,0,255,38,255,52,1,80,252,69,5,58,1,179,249,158,190,0,226,0,251,0,239,0,97,0,41,0,18,0,12,0,11,
0,234,253,28,255,40,255,52,1,80,252,69,5,68,1,85,249,47,187,0,225,0,250,0,239,0,97,0,42,0,19,0,13,0,11,
0,236,253,76,255,32,255,37,1,128,252,215,5,68,1,85,249,209,189,0,225,0,250,0,239,0,97,0,41,0,19,0,13,0,11,
0,236,253,76,255,14,255,37,1,128,252,215,5,247,255,229,249,209,189,0,225,0,250,0,239,0,97,0,41,0,19,0,13,0,11,
0,38,254,73,255,14,255,37,1,128,252,215,5,3,0,47,250,231,190,0,224,0,250,0,239,0,97,0,41,0,19,0,13,0,11,
0,20,254,60,255,11,255,37,1,128,252,215,5,6,1,174,249,254,190,0,224,0,251,0,239,0,97,0,41,0,18,0,12,0,11,
0,31,254,32,255,12,255,37,1,128,252,215,5,170,0,56,249,213,188,0,224,0,251,0,239,0,97,0,41,0,18,0,12,0,11,
0,31,254,32,255,12,255,37,1,128,252,215,5,170,0,56,249,213,188,0,223,0,250,0,239,0,97,0,41,0,18,0,13,0,11,
0,9,254,17,255,7,255,37,1,128,252,215,5,254,255,125,249,149,188,0,223,0,251,0,239,0,97,0,41,0,18,0,13,0,11,
0,0,254,38,255,17,255,37,1,128,252,215,5,227,255,182,249,19,190,0,223,0,250,0,239,0,97,0,41,0,19,0,13,0,11,
0,9,254,55,255,27,255,37,1,128,252,215,5,149,0,105,249,63,190,0,223,0,251,0,239,0,97,0,41,0,18,0,12,0,11,
0,9,254,55,255,27,255,37,1,128,252,215,5,149,0,98,249,33,189,0,222,0,250,0,238,0,97,0,41,0,19,0,13,0,11,
0,30,254,93,255,55,255,11,1,105,252,139,5,228,0,98,249,33,189,0,222,0,250,0,239,0,97,0,41,0,19,0,13,0,12,
0,24,254,74,255,44,255,11,1,105,252,139,5,196,0,106,249,72,189,0,222,0,251,0,239,0,97,0,41,0,18,0,13,0,11,
0,236,253,46,255,47,255,11,1,105,252,139,5,165,255,176,249,80,189,0,222,0,250,0,239,0,97,0,41,0,19,0,13,0,11,
0,236,253,46,255,47,255,11,1,105,252,139,5,70,0,102,249,65,190,0,222,0,251,0,239,0,97,0,41,0,18,0,13,0,11,
0,0,254,38,255,35,255,11,1,105,252,139,5,70,0,102,249,65,190,0,222,0,250,0,238,0,97,0,42,0,19,0,13,0,12,
0,234,253,37,255,16,255,11,1,105,252,139,5,190,0,115,249,104,190,0,222,0,250,0,238,0,97,0,41,0,19,0,13,0,11,
0,234,253,37,255,15,255,11,1,105,252,139,5,94,0,49,249,244,187,0,222,0,250,0,239,0,97,0,41,0,18,0,13,0,11,
0,237,253,42,255,15,255,11,1,105,252,139,5,214,255,112,249,199,189,0,222,0,250,0,238,0,97,0,41,0,19,0,13,0,11,
0,254,253,18,255,13,255,11,1,105,252,139,5,214,255,220,249,142,190,0,222,0,250,0,238,0,97,0,41,0,18,0,13,0,11,
0,243,253,26,255,34,255,11,1,105,252,139,5,70,0,220,249,142,190,0,222,0,250,0,238,0,97,0,41,0,18,0,13,0,11,
0,243,253,26,255,34,255,17,1,92,252,76,6,26,1,13,249,0,189,0,222,0,249,0,238,0,97,0,41,0,19,0,13,0,11,
0,217,253,251,254,16,255,17,1,92,252,76,6,113,0,117,249,137,189,0,222,0,250,0,237,0,96,0,41,0,18,0,13,0,11,
0,194,253,240,254,254,254,17,1,92,252,76,6,215,255,157,249,18,189,0,222,0,249,0,237,0,97,0,41,0,19,0,13,0,11,
0,234,253,253,254,18,255,17,1,92,252,76,6,215,255,157,249,182,190,0,223,0,249,0,237,0,96,0,40,0,18,0,12,0,11,
0,234,253,253,254,18,255,17,1,92,252,76,6,9,0,251,249,182,190,0,223,0,249,0,236,0,96,0,41,0,18,0,12,0,11,
0,26,254,26,255,30,255,17,1,92,252,76,6,41,0,162,249,155,189,0,223,0,249,0,236,0,96,0,41,0,19,0,13,0,11,
0,4,254,59,255,32,255,17,1,92,252,76,6,147,0,116,249,195,188,0,223,0,249,0,236,0,95,0,40,0,17,0,12,0,11,
0,225,253,41,255,17,255,17,1,92,252,76,6,147,0,32,250,76,189,0,223,0,248,0,235,0,96,0,41,0,18,0,13,0,11,
0,225,253,41,255,17,255,17,1,92,252,76,6,18,0,32,250,76,189,0,224,0,249,0,235,0,95,0,40,0,18,0,13,0,11,
0,168,253,37,255,238,254,17,1,92,252,76,6,7,0,247,249,238,189,0,224,0,248,0,235,0,95,0,40,0,17,0,12,0,11,
0,175,253,49,255,254,254,17,1,92,252,76,6,170,0,0,250,38,190,0,224,0,247,0,234,0,96,0,41,0,18,0,13,0,11,
0,175,253,49,255,243,254,61,1,35,252,123,6,56,0,53,250,141,189,0,224,0,247,0,234,0,95,0,40,0,18,0,13,0,11,
0,182,253,60,255,243,254,61,1,35,252,123,6,56,0,53,250,233,188,0,225,0,248,0,233,0,95,0,41,0,19,0,13,0,11,
0,207,253,48,255,4,255,61,1,35,252,123,6,74,0,56,250,233,188,0,226,0,248,0,233,0,95,0,40,0,18,0,13,0,11,
0,202,253,21,255,8,255,61,1,35,252,123,6,202,255,17,250,124,188,0,226,0,247,0,233,0,95,0,40,0,19,0,13,0,11,
0,202,253,21,255,8,255,61,1,35,252,123,6,202,255,186,250,149,190,0,226,0,247,0,233,0,95,0,40,0,19,0,13,0,11,
0,177,253,42,255,2,255,61,1,35,252,123,6,179,0,137,250,198,189,0,227,0,247,0,233,0,95,0,40,0,18,0,13,0,11,
0,167,253,59,255,9,255,61,1,35,252,123,6,179,0,137,250,198,189,0,227,0,247,0,232,0,95,0,41,0,19,0,13,0,11,
0,191,253,42,255,18,255,61,1,35,252,123,6,144,0,152,250,178,188,0,228,0,247,0,233,0,94,0,34,0,16,0,13,0,11,
0,191,253,42,255,18,255,61,1,35,252,123,6,72,0,95,250,25,188,0,228,0,247,0,233,0,94,0,36,0,16,0,13,0,11,
0,183,253,44,255,26,255,61,1,35,252,123,6,43,0,235,250,156,188,0,228,0,247,0,232,0,94,0,37,0,17,0,13,0,11,
0,185,253,54,255,16,255,32,1,73,252,243,5,43,0,18,251,60,190,0,228,0,247,0,233,0,94,0,37,0,16,0,12,0,11,
0,201,253,50,255,2,255,32,1,73,252,243,5,169,255,18,251,60,190,0,228,0,247,0,232,0,94,0,38,0,17,0,13,0,11,
0,201,253,50,255,2,255,32,1,73,252,243,5,228,0,21,251,254,189,0,229,0,247,0,233,0,94,0,38,0,17,0,12,0,11,
0,187,253,51,255,250,254,32,1,73,252,243,5,64,0,196,250,78,187,0,229,0,247,0,233,0,94,0,38,0,17,0,12,0,11,
0,154,253,63,255,1,255,32,1,73,252,243,5,13,0,42,251,237,188,0,229,0,247,0,233,0,94,0,40,0,18,0,13,0,11,
0,154,253,63,255,251,254,32,1,73,252,243,5,13,0,42,251,180,189,0,230,0,248,0,234,0,94,0,39,0,17,0,13,0,11,
0,157,253,85,255,251,254,32,1,73,252,243,5,248,255,43,251,180,189,0,230,0,248,0,234,0,95,0,40,0,18,0,13,0,11,
0,154,253,84,255,236,254,32,1,73,252,243,5,144,0,76,251,97,190,0,230,0,248,0,234,0,94,0,39,0,17,0,12,0,11,
0,162,253,83,255,229,254,32,1,73,252,243,5,90,1,70,251,198,189,0,230,0,248,0,234,0,95,0,40,0,18,0,13,0,11,
0,162,253,83,255,229,254,32,1,73,252,243,5,90,1,209,250,75,187,0,230,0,248,0,234,0,95,0,40,0,18,0,13,0,11,
0,200,253,112,255,249,254,223,0,101,252,188,6,62,1,209,250,75,187,0,231,0,249,0,235,0,94,0,40,0,17,0,12,0,11,
0,196,253,76,255,232,254,223,0,101,252,188,6,202,0,85,251,75,188,0,231,0,249,0,234,0,95,0,40,0,18,0,13,0,11,
0,142,253,57,255,224,254,223,0,101,252,188,6,115,255,33,252,30,191,0,232,0,249,0,235,0,95,0,40,0,17,0,13,0,11,
0,142,253,57,255,224,254,223,0,101,252,188,6,76,1,169,251,118,190,0,232,0,249,0,235,0,95,0,40,0,18,0,13,0,11,
0,156,253,54,255,232,254,223,0,101,252,188,6,76,1,169,251,226,187,0,232,0,249,0,235,0,95,0,41,0,19,0,13,0,12,
0,188,253,64,255,221,254,223,0,101,252,188,6,72,1,23,251,226,187,0,233,0,250,0,236,0,95,0,40,0,18,0,13,0,12,
0,204,253,30,255,220,254,223,0,101,252,188,6,188,0,191,251,127,187,0,233,0,250,0,236,0,95,0,40,0,17,0,12,0,11,
0,204,253,30,255,220,254,223,0,101,252,188,6,34,0,70,252,3,189,0,233,0,249,0,236,0,96,0,41,0,19,0,13,0,11,
0,181,253,22,255,227,254,223,0,101,252,188,6,108,0,73,252,230,190,0,234,0,250,0,236,0,95,0,40,0,17,0,13,0,11,
0,191,253,52,255,231,254,223,0,101,252,188,6,108,0,73,252,230,190,0,235,0,250,0,236,0,96,0,45,0,19,0,13,0,11,
0,191,253,52,255,238,254,23,1,43,252,69,6,106,1,169,251,39,189,0,235,0,249,0,236,0,96,0,44,0,19,0,13,0,11,
0,218,253,56,255,238,254,23,1,43,252,69,6,194,0,219,251,135,189,0,235,0,250,0,236,0,96,0,43,0,19,0,13,0,11,
0,228,253,62,255,232,254,23,1,43,252,69,6,171,0,131,251,67,188,0,236,0,251,0,237,0,95,0,42,0,18,0,12,0,11,
0,215,253,53,255,234,254,23,1,43,252,69,6,171,0,131,251,141,189,0,236,0,251,0,237,0,95,0,42,0,18,0,12,0,11,
0,215,253,53,255,234,254,23,1,43,252,69,6,180,0,243,251,141,189,0,236,0,251,0,237,0,96,0,41,0,19,0,13,0,11,
0,212,253,54,255,232,254,23,1,43,252,69,6,196,0,26,252,91,189,0,236,0,251,0,237,0,96,0,41,0,19,0,13,0,11,
0,188,253,81,255,235,254,23,1,43,252,69,6,100,0,240,251,191,189,0,236,0,251,0,237,0,96,0,41,0,19,0,13,0,11,
0,192,253,55,255,233,254,23,1,43,252,69,6,226,0,212,251,210,189,0,237,0,252,0,238,0,95,0,41,0,18,0,13,0,11,
0,192,253,55,255,233,254,23,1,43,252,69,6,226,0,212,251,210,189,0,237,0,251,0,237,0,96,0,40,0,17,0,12,0,11,
0,227,253,37,255,220,254,23,1,43,252,69,6,153,1,159,251,54,189,0,237,0,252,0,238,0,96,0,41,0,19,0,13,0,11,
0,204,253,68,255,230,254,23,1,53,252,18,5,250,0,101,251,46,188,0,237,0,252,0,238,0,96,0,41,0,18,0,13,0,11,
0,153,253,68,255,218,254,14,1,53,252,18,5,119,0,197,251,211,188,0,237,0,252,0,238,0,97,0,41,0,19,0,13,0,11,
0,153,253,73,255,218,254,14,1,53,252,18,5,119,0,57,252,69,190,0,238,0,253,0,238,0,96,0,41,0,18,0,13,0,11,
0,174,253,52,255,238,254,14,1,53,252,18,5,17,0,57,252,69,190,0,238,0,252,0,238,0,97,0,41,0,19,0,13,0,12,
0,205,253,53,255,242,254,14,1,53,252,18,5,8,1,178,251,126,190,0,238,0,252,0,238,0,97,0,41,0,18,0,13,0,11,
0,205,253,53,255,255,254,14,1,53,252,18,5,200,1,44,251,10,188,0,238,0,253,0,238,0,96,0,41,0,18,0,13,0,11,
0,195,253,70,255,255,254,14,1,53,252,18,5,58,0,156,251,150,187,0,238,0,253,0,238,0,96,0,41,0,18,0,13,0,11,
0,166,253,104,255,252,254,14,1,53,252,18,5,58,0,156,251,220,189,0,237,0,253,0,237,0,97,0,41,0,19,0,13,0,11,
0,145,253,101,255,253,254,14,1,53,252,18,5,219,255,189,251,220,189,0,237,0,253,0,237,0,96,0,41,0,18,0,12,0,11,
0,145,253,101,255,253,254,14,1,53,252,18,5,83,0,178,251,40,191,0,237,0,253,0,237,0,97,0,41,0,19,0,13,0,11,
0,148,253,118,255,241,254,14,1,53,252,18,5,62,1,61,251,208,189,0,237,0,253,0,237,0,96,0,41,0,19,0,13,0,11,
0,180,253,103,255,227,254,87,1,11,252,89,6,62,1,28,251,106,189,0,237,0,253,0,236,0,97,0,41,0,19,0,13,0,11,
0,222,253,103,255,223,254,87,1,11,252,89,6,186,0,28,251,106,189,0,237,0,254,0,237,0,96,0,40,0,18,0,12,0,11,
0,222,253,103,255,223,254,87,1,11,252,89,6,219,255,99,251,64,188,0,236,0,254,0,236,0,96,0,40,0,17,0,12,0,11,
0,179,253,107,255,15,255,87,1,11,252,89,6,31,0,175,251,189,189,0,236,0,254,0,236,0,96,0,41,0,18,0,13,0,11,
0,159,253,90,255,16,255,87,1,11,252,89,6,209,0,162,251,127,190,0,236,0,254,0,236,0,96,0,40,0,18,0,13,0,11,
0,197,253,90,255,16,255,87,1,11,252,89,6,209,0,162,251,145,188,0,236,0,254,0,235,0,96,0,41,0,19,0,13,0,11,
0,197,253,80,255,16,255,87,1,11,252,89,6,174,0,255,250,145,188,0,236,0,255,0,235,0,95,0,40,0,17,0,12,0,11,
0,198,253,84,255,12,255,87,1,11,252,89,6,147,0,102,251,38,188,0,236,0,255,0,235,0,95,0,40,0,17,0,12,0,11,
0,100,253,58,255,250,254,87,1,11,252,89,6,121,255,150,251,162,188,0,236,0,255,0,235,0,95,0,41,0,19,0,13,0,11,
0,100,253,58,255,246,254,87,1,11,252,89,6,222,0,175,251,126,190,0,236,0,255,0,235,0,95,0,40,0,18,0,13,0,11,
0,79,253,57,255,246,254,28,1,45,252,7,6,222,0,175,251,126,190,0,237,0,255,0,235,0,95,0,40,0,18,0,13,0,11,
0,168,253,84,255,230,254,28,1,45,252,7,6,132,0,108,251,49,189,0,236,0,254,0,234,0,96,0,41,0,19,0,13,0,12,
0,200,253,105,255,179,254,28,1,45,252,7,6,208,0,128,251,225,188,0,236,0,255,0,235,0,95,0,40,0,18,0,13,0,11,
0,200,253,105,255,179,254,28,1,45,252,7,6,0,0,122,251,252,187,0,236,0,254,0,234,0,95,0,41,0,19,0,13,0,11,
0,137,253,76,255,151,254,28,1,45,252,7,6,0,0,166,251,78,189,0,236,0,255,0,234,0,95,0,40,0,18,0,13,0,11,
0,90,253,44,255,166,254,28,1,45,252,7,6,10,0,166,251,78,189,0,237,0,255,0,234,0,95,0,40,0,18,0,13,0,11,
0,89,253,44,255,204,254,28,1,45,252,7,6,56,0,139,251,138,189,0,236,0,254,0,234,0,95,0,41,0,19,0,13,0,11,
0,89,253,44,255,204,254,28,1,45,252,7,6,81,0,94,251,165,188,0,236,0,255,0,234,0,95,0,40,0,18,0,13,0,11,
0,125,253,42,255,211,254,28,1,45,252,7,6,130,0,223,251,245,188,0,236,0,254,0,234,0,95,0,41,0,18,0,13,0,11,
0,115,253,29,255,208,254,28,1,45,252,7,6,130,0,223,251,245,188,0,236,0,255,0,234,0,95,0,40,0,18,0,13,0,11,
0,122,253,29,255,196,254,254,0,49,252,48,6,8,0,219,251,7,188,0,236,0,254,0,234,0,95,0,40,0,18,0,13,0,11,
0,122,253,2,255,196,254,254,0,49,252,48,6,51,0,233,251,220,188,0,236,0,254,0,234,0,94,0,40,0,18,0,12,0,11,
0,138,253,13,255,179,254,254,0,49,252,48,6,251,255,29,252,57,190,0,236,0,254,0,234,0,95,0,40,0,17,0,12,0,11,
0,137,253,21,255,170,254,254,0,49,252,48,6,251,255,95,251,181,188,0,236,0,254,0,234,0,95,0,40,0,18,0,13,0,11,
0,137,253,21,255,159,254,254,0,49,252,48,6,250,0,95,251,181,188,0,235,0,254,0,234,0,95,0,40,0,19,0,13,0,11,
0,100,253,30,255,159,254,254,0,49,252,48,6,147,255,205,251,32,188,0,235,0,254,0,235,0,95,0,40,0,18,0,13,0,11,
0,60,253,40,255,138,254,254,0,49,252,48,6,153,255,193,251,86,189,0,236,0,255,0,235,0,95,0,40,0,18,0,13,0,11,
0,75,253,18,255,125,254,254,0,49,252,48,6,102,0,250,251,45,189,0,235,0,254,0,235,0,95,0,40,0,17,0,12,0,11,
0,75,253,18,255,125,254,254,0,49,252,48,6,102,0,250,251,150,188,0,235,0,254,0,235,0,95,0,40,0,19,0,13,0,11,
0,66,253,30,255,101,254,254,0,49,252,48,6,72,0,191,251,150,188,0,235,0,255,0,236,0,95,0,40,0,18,0,13,0,11,
0,60,253,34,255,116,254,78,1,233,251,171,6,98,255,162,251,214,186,0,235,0,255,0,236,0,95,0,40,0,18,0,13,0,11,
0,68,253,16,255,122,254,78,1,233,251,171,6,225,255,195,251,15,189,0,235,0,254,0,236,0,96,0,41,0,19,0,13,0,11,
0,68,253,16,255,122,254,78,1,233,251,171,6,225,0,28,252,55,190,0,235,0,255,0,237,0,95,0,40,0,17,0,13,0,11,
0,74,253,34,255,119,254,78,1,233,251,171,6,124,0,28,252,55,190,0,235,0,255,0,237,0,96,0,41,0,19,0,13,0,12,
0,52,253,50,255,82,254,78,1,233,251,171,6,186,0,154,251,69,187,0,235,0,255,0,238,0,96,0,41,0,19,0,13,0,12,
0,52,253,50,255,72,254,78,1,233,251,171,6,251,255,155,251,219,187,0,235,0,255,0,238,0,96,0,41,0,19,0,13,0,11,
0,64,253,29,255,72,254,78,1,233,251,171,6,108,0,214,251,215,189,0,236,0,255,0,239,0,96,0,41,0,18,0,13,0,11,
0,62,253,26,255,69,254,78,1,233,251,171,6,108,0,214,251,151,188,0,235,0,255,0,239,0,97,0,41,0,19,0,13,0,12,
0,46,253,28,255,88,254,78,1,233,251,171,6,162,0,140,251,151,188,0,235,0,255,0,239,0,97,0,41,0,19,0,13,0,11,
0,46,253,28,255,109,254,78,1,233,251,171,6,189,0,212,251,237,187,0,236,0,255,0,240,0,96,0,41,0,20,0,13,0,11,
0,25,253,18,255,109,254,78,1,233,251,171,6,180,0,102,251,150,188,0,236,0,255,0,240,0,97,0,41,0,20,0,14,0,11,
0,17,253,244,254,103,254,47,1,30,252,88,5,158,0,179,251,231,187,0,236,0,255,0,241,0,97,0,41,0,19,0,13,0,11,
0,28,253,236,254,73,254,47,1,30,252,88,5,158,0,179,251,231,187,0,236,0,255,0,241,0,97,0,41,0,19,0,13,0,11,
0,28,253,236,254,73,254,47,1,30,252,88,5,50,0,247,251,105,189,0,236,0,255,0,241,0,98,0,41,0,20,0,14,0,12,
0,17,253,222,254,78,254,47,1,30,252,88,5,166,0,183,251,70,190,0,236,1,0,0,242,0,98,0,40,0,20,0,14,0,11,
0,17,253,205,254,67,254,47,1,30,252,88,5,156,1,77,251,169,188,0,237,1,0,0,243,0,98,0,35,0,18,0,13,0,11,
0,9,253,205,254,64,254,47,1,30,252,88,5,156,1,96,251,76,187,0,237,1,0,0,243,0,98,0,37,0,19,0,14,0,12,
0,9,253,205,254,64,254,47,1,30,252,88,5,211,0,96,251,76,187,0,237,1,0,0,244,0,98,0,38,0,18,0,13,0,11,
0,6,253,229,254,40,254,47,1,30,252,88,5,219,255,218,251,43,189,0,238,1,0,0,244,0,99,0,40,0,19,0,13,0,12,
0,28,253,220,254,37,254,47,1,30,252,88,5,249,0,161,251,60,191,0,238,1,0,0,244,0,99,0,40,0,19,0,13,0,12,
0,28,253,220,254,32,254,47,1,30,252,88,5,144,1,86,251,6,189,0,238,1,0,0,244,0,99,0,41,0,19,0,13,0,11,
0,246,252,233,254,32,254,40,1,3,252,40,6,144,1,86,251,15,188,0,239,1,1,0,245,0,99,0,40,0,19,0,13,0,11,
0,241,252,250,254,2,254,40,1,3,252,40,6,75,1,19,251,15,188,0,239,1,1,0,245,0,99,0,41,0,18,0,13,0,11,
0,235,252,251,254,8,254,40,1,3,252,40,6,133,0,29,251,173,187,0,239,1,1,0,245,0,100,0,41,0,20,0,14,0,12,
0,235,252,251,254,39,254,40,1,3,252,40,6,62,0,181,251,227,188,0,239,1,1,0,245,0,100,0,42,0,20,0,13,0,11,
0,243,252,255,254,39,254,40,1,3,252,40,6,62,0,47,251,162,190,0,239,1,2,0,245,0,100,0,42,0,20,0,13,0,11,
0,236,252,223,254,15,254,40,1,3,252,40,6,228,0,47,251,162,190,0,240,1,3,0,245,0,99,0,41,0,19,0,13,0,11,
0,252,252,206,254,252,253,40,1,3,252,40,6,250,0,29,251,157,189,0,240,1,2,0,245,0,99,0,41,0,19,0,13,0,11,
0,252,252,206,254,252,253,40,1,3,252,40,6,50,1,177,250,98,188,0,239,1,3,0,245,0,100,0,42,0,20,0,13,0,11,
0,4,253,202,254,249,253,40,1,3,252,40,6,251,255,162,248,123,187,0,200,1,28,1,10,0,102,0,42,0,18,0,13,0,11,
0,252,252,190,254,23,254,40,1,3,252,40,6,251,255,162,248,121,194,0,134,1,36,1,29,0,106,0,43,0,20,0,14,0,11,
0,14,253,134,254,214,253,85,1,183,251,33,6,123,12,198,0,121,194,1,80,1,66,1,83,0,116,0,45,0,21,0,14,0,11,
0,14,253,134,254,214,253,85,1,183,251,33,6,17,64,111,15,54,233,0,253,1,67,1,87,0,120,0,46,0,19,0,12,0,10,
0,18,254,151,254,200,252,85,1,183,251,33,6,48,72,74,179,232,209,0,152,1,86,1,86,0,124,0,48,0,20,0,13,0,11,
0,123,0,176,253,170,250,85,1,183,251,33,6,1,78,41,246,197,251,0,175,1,85,1,79,0,129,0,51,0,20,0,14,0,11,
0,123,0,176,253,107,249,85,1,183,251,33,6,1,78,41,246,197,251,0,134,1,84,1,46,0,129,0,52,0,21,0,13,0,11,
0,163,3,78,248,107,249,85,1,183,251,33,6,83,59,58,54,173,60,0,133,1,60,0,208,0,119,0,52,0,23,0,14,0,12,
0,157,8,69,235,57,251,85,1,183,251,33,6,125,25,194,78,208,84,0,135,1,41,0,143,0,104,0,53,0,21,0,13,0,11,
0,179,16,57,218,224,255,85,1,183,251,33,6,54,14,247,73,149,29,0,136,0,227,0,134,0,93,0,50,0,21,0,13,0,11,
0,179,16,57,218,224,6,85,1,183,251,33,6,54,14,247,62,112,233,0,136,0,192,0,134,0,83,0,46,0,20,0,13,0,11,
0,175,24,13,208,231,6,85,1,183,251,33,6,112,0,133,62,112,233,0,136,0,180,0,134,0,76,0,42,0,19,0,13,0,11,
0,221,28,128,210,87,13,246,1,113,252,243,5,95,231,153,42,240,209,0,137,0,153,0,136,0,70,0,39,0,18,0,13,0,11,
0,69,28,18,222,70,16,246,1,113,252,243,5,179,217,86,35,111,221,0,144,0,134,0,136,0,65,0,34,0,16,0,12,0,10,
0,69,28,18,222,70,16,246,1,113,252,243,5,161,212,53,0,211,194,0,173,0,133,0,133,0,60,0,30,0,15,0,12,0,11,
0,78,23,22,236,91,15,246,1,113,252,243,5,161,212,53,0,211,194,0,149,0,133,0,132,0,58,0,30,0,16,0,13,0,11,
0,109,13,177,247,139,11,246,1,113,252,243,5,131,234,176,252,125,208,0,175,0,134,0,132,0,57,0,30,0,17,0,14,0,11,
0,164,1,176,255,51,7,246,1,113,252,243,5,111,2,188,234,145,207,1,16,0,136,0,132,0,54,0,27,0,14,0,12,0,12,
0,164,1,176,255,51,7,246,1,113,252,243,5,226,12,80,227,77,192,1,60,0,148,0,133,0,52,0,25,0,14,0,12,0,13,
0,20,247,114,5,171,3,246,1,113,252,243,5,226,12,163,226,56,186,1,98,0,244,0,135,0,54,0,27,0,16,0,14,0,14,
0,10,239,68,8,77,2,246,1,113,252,243,5,76,18,163,226,56,186,1,78,1,86,0,136,0,53,0,26,0,16,0,14,0,13,
0,10,239,68,8,176,2,246,1,113,252,243,5,232,16,119,236,117,185,1,70,1,82,0,216,0,59,0,25,0,16,0,13,0,14,
0,242,234,97,7,176,2,246,1,113,252,243,5,92,7,15,246,178,191,1,55,1,77,1,86,0,79,0,29,0,16,0,13,0,14,
0,109,234,94,1,199,3,247,1,53,252,96,6,88,253,238,246,83,185,1,30,1,75,1,81,0,92,0,32,0,16,0,12,0,12,
0,156,237,206,246,252,4,247,1,53,252,96,6,88,253,238,246,34,173,0,239,1,70,1,78,0,102,0,35,0,15,0,11,0,11,
0,156,237,206,246,252,4,247,1,53,252,96,6,69,243,80,246,34,173,0,175,1,63,1,75,0,107,0,36,0,14,0,11,0,10,
0,213,243,9,235,191,5,247,1,53,252,96,6,199,228,94,245,151,162,0,139,1,65,1,72,0,113,0,39,0,14,0,10,0,9,
0,159,251,195,225,70,6,247,1,53,252,96,6,250,213,178,242,168,152,0,134,1,66,1,65,0,118,0,41,0,16,0,10,0,8,
0,75,3,244,220,181,6,247,1,53,252,96,6,250,213,85,239,144,148,0,133,1,58,1,51,0,120,0,45,0,19,0,11,0,9,
0,75,3,244,220,181,6,247,1,53,252,96,6,211,205,85,239,144,148,0,134,1,54,1,22,0,118,0,45,0,19,0,11,0,10,
0,155,9,192,220,83,6,247,1,53,252,96,6,247,199,248,234,150,159,0,136,1,55,0,225,0,111,0,45,0,17,0,11,0,10,
0,249,13,217,223,23,5,247,1,53,252,96,6,201,199,212,235,60,163,0,136,1,58,0,170,0,103,0,46,0,20,0,13,0,10,
0,195,15,212,228,178,4,247,1,53,252,96,6,159,206,2,237,16,176,0,137,1,66,0,141,0,92,0,44,0,19,0,13,0,11,
0,195,15,212,228,178,4,187,2,99,252,115,6,159,206,2,237,176,184,0,143,1,68,0,134,0,83,0,40,0,18,0,13,0,11,
0,157,15,95,236,218,5,187,2,99,252,115,6,169,206,83,232,176,184,0,161,1,68,0,133,0,75,0,38,0,18,0,13,0,11,
0,169,14,207,244,56,7,187,2,99,252,115,6,221,206,100,230,141,195,0,173,1,63,0,133,0,72,0,38,0,19,0,14,0,11,
0,169,14,207,244,14,7,187,2,99,252,115,6,27,212,210,229,21,203,0,217,1,61,0,133,0,66,0,35,0,17,0,13,0,11,
0,100,13,77,252,14,7,187,2,99,252,115,6,206,213,69,232,248,207,0,241,1,59,0,133,0,61,0,31,0,15,0,12,0,11,
0,42,12,36,2,156,4,187,2,99,252,115,6,206,213,69,232,248,207,1,32,1,49,0,133,0,60,0,31,0,17,0,13,0,11,
0,255,10,36,6,66,1,187,2,99,252,115,6,192,223,85,234,147,202,1,80,1,33,0,134,0,58,0,29,0,17,0,13,0,11,
0,255,10,36,6,66,1,187,2,99,252,115,6,159,234,193,235,72,204,1,82,1,11,0,147,0,55,0,26,0,16,0,11,0,11,
0,41,10,76,9,28,255,187,2,99,252,115,6,181,239,138,237,65,208,1,79,0,244,0,221,0,63,0,27,0,14,0,12,0,11,
0,216,9,81,12,151,254,187,2,99,252,115,6,181,239,166,237,137,213,1,76,0,223,1,48,0,78,0,30,0,17,0,13,0,11,
0,228,9,238,13,4,255,29,2,172,252,5,7,50,243,166,237,137,213,1,76,0,205,1,76,0,91,0,32,0,14,0,12,0,10,
0,228,9,238,13,4,255,29,2,172,252,5,7,244,244,148,235,254,212,1,76,0,189,1,74,0,100,0,35,0,15,0,12,0,11,
0,226,9,140,13,157,255,29,2,172,252,5,7,211,245,10,235,45,211,1,75,0,177,1,73,0,108,0,38,0,16,0,12,0,11,
0,8,10,152,11,54,0,29,2,172,252,5,7,39,245,14,235,209,208,1,76,0,168,1,71,0,115,0,41,0,18,0,13,0,11,
0,236,9,166,8,160,0,29,2,172,252,5,7,39,245,14,235,209,208,1,77,0,164,1,70,0,119,0,43,0,17,0,12,0,11,
0,236,9,166,8,160,0,29,2,172,252,5,7,74,246,204,235,104,205,1,75,0,162,1,67,0,122,0,46,0,18,0,12,0,11,
0,167,9,147,5,214,0,29,2,172,252,5,7,230,246,114,237,116,206,1,74,0,159,1,63,0,126,0,49,0,22,0,14,0,12,
0,247,8,152,2,131,0,29,2,172,252,5,7,112,248,66,240,74,206,1,73,0,159,1,63,0,128,0,53,0,23,0,14,0,11,
0,247,8,152,2,208,255,29,2,172,252,5,7,112,248,167,243,56,198,1,72,0,160,1,61,0,129,0,53,0,22,0,14,0,12,
0,253,7,130,0,208,255,29,2,172,252,5,7,117,250,167,243,56,198,1,72,0,158,1,60,0,131,0,54,0,23,0,14,0,12,
0,149,6,187,255,64,255,76,2,165,252,239,5,37,252,167,247,39,198,1,71,0,158,1,59,0,131,0,55,0,23,0,14,0,11,
0,225,4,74,0,165,254,76,2,165,252,239,5,23,1,147,251,233,196,1,69,0,158,1,58,0,133,0,57,0,25,0,15,0,12,
0,225,4,74,0,165,254,76,2,165,252,239,5,191,4,252,253,127,191,1,69,0,159,1,58,0,132,0,56,0,25,0,15,0,12,
0,148,3,206,1,23,254,76,2,165,252,239,5,191,4,252,253,184,189,1,67,0,156,1,57,0,132,0,56,0,25,0,15,0,12,
0,158,2,62,3,203,253,76,2,165,252,239,5,20,7,68,0,184,189,1,66,0,155,1,57,0,133,0,57,0,24,0,15,0,11,
0,195,1,100,4,231,253,76,2,165,252,239,5,52,11,20,1,89,188,1,65,0,153,1,55,0,133,0,57,0,25,0,15,0,12,
0,195,1,100,4,231,253,76,2,165,252,239,5,109,15,79,0,179,186,1,65,0,151,1,54,0,132,0,57,0,25,0,15,0,12,
0,29,1,105,5,75,254,76,2,165,252,239,5,109,16,99,255,210,181,1,65,0,150,1,55,0,132,0,57,0,25,0,15,0,12,
0,195,0,13,6,197,254,76,2,165,252,239,5,70,16,99,255,210,181,1,63,0,149,1,54,0,133,0,58,0,26,0,16,0,12,
0,132,0,49,6,92,255,76,2,165,252,239,5,180,13,99,254,24,181,1,62,0,150,1,53,0,132,0,57,0,25,0,15,0,12,
0,132,0,49,6,92,255,76,2,165,252,239,5,41,13,224,252,177,183,1,61,0,151,1,51,0,131,0,56,0,23,0,14,0,11,
0,134,0,145,5,253,255,51,2,241,252,19,5,132,12,93,252,2,182,1,59,0,152,1,48,0,132,0,57,0,26,0,16,0,12,
0,196,0,156,4,96,0,51,2,241,252,19,5,132,12,93,252,121,179,1,57,0,153,1,46,0,131,0,58,0,24,0,16,0,12,
0,196,0,156,4,175,0,51,2,241,252,19,5,119,9,162,251,121,179,1,56,0,155,1,41,0,129,0,57,0,24,0,15,0,12,
0,10,1,141,3,175,0,51,2,241,252,19,5,146,5,34,251,37,179,1,55,0,156,1,36,0,127,0,55,0,23,0,14,0,12,
0,117,1,199,2,193,0,51,2,241,252,19,5,3,3,12,249,63,182,1,53,0,158,1,28,0,126,0,56,0,26,0,15,0,12,
0,164,1,73,2,214,0,51,2,241,252,19,5,204,1,224,245,78,185,1,50,0,158,1,17,0,124,0,56,0,26,0,16,0,12,
0,164,1,73,2,214,0,51,2,241,252,19,5,204,1,224,245,78,185,1,48,0,158,1,4,0,120,0,54,0,23,0,15,0,12,
0,233,1,154,1,185,0,51,2,241,252,19,5,70,2,83,242,135,186,1,45,0,157,0,245,0,116,0,53,0,25,0,15,0,12,
0,243,1,157,0,107,0,51,2,241,252,19,5,204,2,72,238,38,187,1,44,0,157,0,231,0,111,0,52,0,22,0,14,0,11,
0,14,2,176,255,62,0,51,2,241,252,19,5,7,2,35,235,165,189,1,42,0,155,0,215,0,106,0,50,0,23,0,14,0,11,
0,14,2,176,255,62,0,33,2,197,252,3,7,7,2,27,231,82,193,1,41,0,153,0,200,0,100,0,48,0,22,0,14,0,12,
0,223,1,211,254,253,255,33,2,197,252,3,7,154,2,27,231,82,193,1,41,0,152,0,184,0,94,0,41,0,22,0,15,0,12,
0,68,1,0,254,136,255,33,2,197,252,3,7,151,1,16,228,224,192,1,40,0,150,0,169,0,88,0,40,0,19,0,14,0,11,
0,169,0,0,252,37,255,33,2,197,252,3,7,175,0,44,227,227,193,1,40,0,149,0,158,0,81,0,38,0,20,0,13,0,11,
0,169,0,239,252,37,255,33,2,197,252,3,7,148,0,146,226,77,194,1,41,0,147,0,149,0,75,0,36,0,18,0,13,0,11,
0,246,255,66,252,232,254,33,2,197,252,3,7,148,0,146,226,246,189,1,41,0,146,0,144,0,72,0,35,0,18,0,13,0,11,
0,12,255,252,251,225,254,33,2,197,252,3,7,118,255,126,226,246,189,1,41,0,144,0,140,0,67,0,33,0,16,0,13,0,11,
0,12,255,252,251,195,254,33,2,197,252,3,7,99,252,196,226,107,189,1,41,0,144,0,138,0,63,0,31,0,15,0,12,0,11,
0,118,254,210,251,195,254,33,2,197,252,3,7,173,250,130,227,151,189,1,41,0,143,0,137,0,59,0,28,0,14,0,11,0,10,
0,243,253,234,251,118,254,33,2,197,252,3,7,173,250,56,228,149,185,1,40,0,142,0,136,0,57,0,27,0,14,0,11,0,10,
0,141,253,118,252,3,254,47,2,195,252,170,6,165,250,56,228,149,185,1,40,0,141,0,136,0,56,0,27,0,14,0,12,0,11,
0,141,253,118,252,3,254,47,2,195,252,170,6,49,248,231,228,144,183,1,40,0,140,0,136,0,54,0,25,0,13,0,11,0,11,
0,12,253,128,253,150,253,47,2,195,252,170,6,142,246,210,229,104,184,1,40,0,140,0,136,0,53,0,25,0,13,0,11,0,10,
0,145,252,228,254,28,253,47,2,195,252,170,6,174,247,45,231,246,185,1,41,0,140,0,136,0,52,0,24,0,12,0,11,0,10,
0,18,252,80,0,192,252,47,2,195,252,170,6,174,247,45,231,203,183,1,42,0,139,0,136,0,51,0,23,0,13,0,11,0,11,
0,18,252,80,0,192,252,47,2,195,252,170,6,242,248,40,233,203,183,1,44,0,139,0,136,0,50,0,23,0,12,0,11,0,11,
0,207,251,55,1,85,252,47,2,195,252,170,6,218,250,124,235,133,182,1,47,0,139,0,136,0,49,0,23,0,13,0,11,0,11,
0,108,251,199,1,236,251,47,2,195,252,170,6,71,252,234,238,11,183,1,50,0,139,0,136,0,49,0,22,0,12,0,11,0,10,
0,127,251,199,1,176,251,47,2,195,252,170,6,127,253,117,241,147,181,1,54,0,138,0,136,0,49,0,22,0,13,0,11,0,11,
0,127,251,36,2,176,251,47,2,195,252,170,6,127,253,117,241,147,181,1,58,0,138,0,136,0,48,0,22,0,11,0,11,0,10,
0,166,251,69,2,149,251,242,1,194,252,48,6,115,252,246,243,213,179,1,59,0,138,0,136,0,49,0,23,0,13,0,11,0,11,
0,183,251,26,2,116,251,242,1,194,252,48,6,205,249,17,246,139,179,1,60,0,138,0,136,0,49,0,22,0,12,0,11,0,11,
0,183,251,26,2,127,251,242,1,194,252,48,6,95,247,132,247,159,178,1,62,0,138,0,136,0,49,0,22,0,12,0,11,0,11,
0,250,251,78,2,127,251,242,1,194,252,48,6,95,247,132,247,176,176,1,63,0,138,0,136,0,48,0,25,0,11,0,10,0,10,
0,83,252,5,3,87,251,242,1,194,252,48,6,1,246,185,247,176,176,1,62,0,138,0,136,0,49,0,25,0,13,0,11,0,11,
0,98,252,80,4,53,251,242,1,194,252,48,6,24,244,160,247,70,175,1,62,0,138,0,136,0,49,0,24,0,13,0,11,0,10,
0,98,252,80,4,53,251,242,1,194,252,48,6,187,243,89,248,203,177,1,62,0,138,0,137,0,47,0,23,0,12,0,11,0,11,
0,57,252,202,5,245,250,242,1,194,252,48,6,46,247,181,248,72,177,1,61,0,139,0,136,0,48,0,23,0,12,0,11,0,10,
0,34,252,227,6,123,250,242,1,194,252,48,6,46,247,181,248,72,177,1,60,0,139,0,137,0,47,0,22,0,11,0,10,0,10,
0,220,251,209,7,50,250,242,1,194,252,48,6,183,248,38,249,87,175,1,59,0,140,0,137,0,48,0,22,0,11,0,11,0,10,
0,220,251,209,7,50,250,242,2,127,252,196,6,187,249,18,251,184,177,1,59,0,140,0,137,0,48,0,22,0,12,0,11,0,11,
0,138,251,119,8,36,250,31,2,127,252,196,6,31,252,63,252,207,178,1,58,0,141,0,138,0,48,0,22,0,12,0,11,0,11,
0,76,251,174,8,80,250,31,2,127,252,196,6,31,252,73,252,172,176,1,57,0,141,0,139,0,49,0,22,0,11,0,11,0,10,
0,76,251,174,8,161,250,31,2,127,252,196,6,149,253,73,252,172,176,1,56,0,141,0,139,0,49,0,22,0,12,0,11,0,11,
0,68,251,141,8,161,250,31,2,127,252,196,6,93,252,104,253,164,177,1,54,0,142,0,141,0,48,0,21,0,11,0,10,0,10,
0,81,251,39,8,243,250,31,2,127,252,196,6,144,251,189,253,59,180,1,52,0,142,0,142,0,50,0,23,0,12,0,11,0,11,
0,85,251,24,8,37,251,31,2,127,252,196,6,205,250,28,253,166,179,1,49,0,143,0,143,0,50,0,22,0,12,0,11,0,11,
0,85,251,24,8,21,251,31,2,127,252,196,6,205,250,28,253,185,177,1,47,0,144,0,145,0,50,0,22,0,13,0,11,0,11,
0,31,251,85,8,21,251,31,2,127,252,196,6,14,250,111,251,185,177,1,42,0,145,0,147,0,51,0,23,0,14,0,11,0,11,
0,0,251,227,8,186,250,31,2,127,252,196,6,41,247,246,249,196,178,1,38,0,147,0,150,0,52,0,23,0,13,0,11,0,10,
0,196,250,179,9,102,250,31,2,127,252,196,6,240,246,115,251,9,182,1,35,0,151,0,154,0,53,0,23,0,14,0,12,0,11,
0,196,250,179,9,102,250,239,1,123,252,215,6,240,247,205,252,145,181,1,29,0,156,0,161,0,54,0,23,0,12,0,11,0,11,
0,123,250,134,10,61,250,239,1,123,252,215,6,81,247,205,252,145,181,1,23,0,162,0,171,0,56,0,23,0,11,0,11,0,11,
0,31,250,25,11,165,250,239,1,123,252,215,6,188,248,98,253,85,182,1,15,0,168,0,181,0,59,0,25,0,15,0,12,0,11,
0,180,249,99,11,107,251,239,1,123,252,215,6,189,249,150,249,48,183,1,9,0,176,0,192,0,62,0,25,0,11,0,11,0,11,
0,180,249,99,11,107,251,239,1,123,252,215,6,74,248,62,0,43,186,1,2,0,184,0,203,0,66,0,26,0,13,0,11,0,11,
0,128,249,51,11,139,252,239,1,123,252,215,6,74,248,62,0,18,187,0,250,0,191,0,214,0,70,0,27,0,15,0,11,0,11,
0,117,249,138,10,29,254,239,1,123,252,215,6,11,252,190,0,18,187,0,241,0,199,0,225,0,75,0,29,0,14,0,11,0,11,
0,117,249,138,10,26,255,239,1,123,252,215,6,157,253,42,1,110,188,0,236,0,206,0,236,0,78,0,30,0,14,0,11,0,11,
0,80,249,29,10,26,255,239,1,123,252,215,6,251,252,147,3,196,189,0,231,0,208,0,245,0,83,0,32,0,16,0,12,0,11,
0,76,249,3,10,64,255,239,1,123,252,215,6,54,252,226,5,47,189,0,227,0,212,0,251,0,87,0,33,0,17,0,12,0,11,
0,131,249,11,10,247,254,99,1,165,252,137,6,54,252,226,5,47,189,0,227,0,216,1,2,0,91,0,34,0,15,0,12,0,11,
0,131,249,11,10,8,255,99,1,165,252,137,6,2,250,99,8,45,190,0,228,0,219,1,8,0,95,0,36,0,16,0,12,0,11,
0,240,249,93,10,8,255,99,1,165,252,137,6,239,246,132,11,49,189,0,228,0,222,1,17,0,98,0,37,0,17,0,12,0,11,
0,125,250,212,10,123,255,99,1,165,252,137,6,141,248,112,13,141,187,0,228,0,227,1,25,0,102,0,38,0,18,0,12,0,11,
0,73,251,118,11,217,255,99,1,165,252,137,6,141,248,98,14,38,189,0,227,0,231,1,31,0,107,0,41,0,19,0,13,0,11,
0,73,251,118,11,217,255,99,1,165,252,137,6,251,250,98,14,38,189,0,230,0,232,1,35,0,109,0,42,0,17,0,13,0,11,
0,13,252,45,12,213,255,99,1,165,252,137,6,114,253,101,14,243,186,0,232,0,232,1,36,0,111,0,43,0,17,0,13,0,11,
0,237,252,161,12,134,255,99,1,165,252,137,6,54,0,18,13,206,183,0,235,0,228,1,36,0,115,0,45,0,19,0,13,0,11,
0,2,254,186,12,66,255,99,1,165,252,137,6,82,0,110,11,75,183,0,241,0,223,1,37,0,116,0,46,0,19,0,12,0,11,
0,2,254,186,12,66,255,99,1,165,252,137,6,82,0,110,11,75,186,0,246,0,218,1,36,0,117,0,47,0,20,0,14,0,11,
0,19,255,116,12,39,255,52,1,55,252,230,6,40,1,77,9,110,186,0,249,0,214,1,36,0,119,0,49,0,21,0,14,0,12,
0,15,0,53,12,46,255,52,1,55,252,230,6,237,1,30,6,141,186,0,251,0,209,1,38,0,120,0,49,0,21,0,14,0,11,
0,15,0,53,12,5,255,52,1,55,252,230,6,92,2,88,2,177,184,0,253,0,206,1,40,0,120,0,49,0,20,0,13,0,11,
0,175,0,253,11,5,255,52,1,55,252,230,6,92,2,123,255,157,183,0,252,0,203,1,44,0,122,0,50,0,21,0,13,0,11,
0,18,1,149,11,183,254,52,1,55,252,230,6,190,1,123,255,157,183,0,251,0,200,1,49,0,124,0,52,0,24,0,14,0,12,
0,35,1,89,11,54,254,52,1,55,252,230,6,206,1,5,254,238,185,0,249,0,197,1,52,0,125,0,52,0,23,0,14,0,11,
0,35,1,89,11,212,253,52,1,55,252,230,6,35,4,109,252,69,186,0,247,0,195,1,54,0,126,0,53,0,23,0,14,0,12,
0,13,1,81,11,212,253,52,1,55,252,230,6,194,5,44,251,169,184,0,246,0,192,1,56,0,127,0,53,0,23,0,15,0,12,
0,170,0,66,11,159,253,52,1,55,252,230,6,194,5,44,251,15,184,0,243,0,190,1,57,0,129,0,54,0,23,0,14,0,11,
0,72,0,42,11,105,253,52,1,55,252,230,6,120,6,176,250,15,184,0,239,0,187,1,57,0,130,0,55,0,24,0,15,0,12,
0,72,0,42,11,105,253,31,1,81,252,158,6,2,7,77,250,6,185,0,235,0,184,1,57,0,131,0,55,0,24,0,15,0,12,
0,10,0,208,10,83,253,31,1,81,252,158,6,23,9,112,249,239,186,0,229,0,182,1,57,0,131,0,56,0,25,0,15,0,12,
0,209,255,65,10,43,253,31,1,81,252,158,6,201,10,77,248,202,185,0,223,0,180,1,57,0,131,0,55,0,24,0,15,0,12,
0,125,255,148,9,250,252,31,1,81,252,158,6,201,10,77,248,202,185,0,216,0,178,1,58,0,132,0,56,0,24,0,14,0,12,
0,125,255,148,9,250,252,31,1,81,252,158,6,30,11,4,247,173,184,0,208,0,176,1,57,0,132,0,56,0,25,0,15,0,12,
0,15,255,214,8,0,253,31,1,81,252,158,6,141,10,9,246,182,183,0,200,0,176,1,58,0,132,0,57,0,25,0,15,0,12,
0,198,254,6,8,229,252,31,1,81,252,158,6,23,11,8,246,134,186,0,192,0,177,1,58,0,133,0,57,0,25,0,15,0,11,
0,198,254,6,8,193,252,31,1,81,252,158,6,23,11,8,246,192,186,0,183,0,177,1,57,0,133,0,57,0,25,0,16,0,12,
0,164,254,40,7,193,252,31,1,81,252,158,6,106,13,122,245,192,186,0,175,0,180,1,56,0,132,0,57,0,24,0,15,0,11,
0,150,254,105,6,183,252,31,1,81,252,158,6,110,13,203,245,60,184,0,167,0,181,1,54,0,133,0,57,0,25,0,16,0,12,
0,87,254,170,5,227,252,31,1,81,252,158,6,209,12,77,247,163,184,0,160,0,183,1,54,0,132,0,57,0,25,0,15,0,12,
0,87,254,170,5,227,253,189,0,67,252,5,7,229,13,245,247,111,187,0,154,0,186,1,51,0,132,0,57,0,25,0,15,0,12,
0,56,254,231,4,39,253,189,0,67,252,5,7,229,13,245,247,111,187,0,150,0,188,1,50,0,131,0,57,0,25,0,15,0,12,
0,43,254,14,4,75,253,189,0,67,252,5,7,25,14,175,248,185,186,0,146,0,191,1,47,0,131,0,57,0,23,0,15,0,11,
0,88,254,93,3,89,253,189,0,67,252,5,7,36,13,105,249,200,183,0,144,0,193,1,44,0,130,0,57,0,23,0,15,0,12,
0,88,254,93,3,89,253,189,0,67,252,5,7,221,10,35,250,116,185,0,142,0,195,1,41,0,129,0,56,0,23,0,15,0,12,
0,118,254,220,2,147,253,189,0,67,252,5,7,221,10,219,250,70,188,0,140,0,197,1,38,0,128,0,59,0,25,0,15,0,12,
0,129,254,178,2,199,253,189,0,67,252,5,7,91,10,219,250,70,188,0,140,0,200,1,34,0,127,0,57,0,24,0,14,0,11,
0,169,254,160,2,189,253,189,0,67,252,5,7,191,10,115,250,38,188,0,139,0,202,1,30,0,126,0,57,0,27,0,16,0,12,
0,169,254,160,2,189,253,189,0,67,252,5,7,104,10,78,251,109,186,0,139,0,205,1,26,0,123,0,50,0,25,0,16,0,12,
0,208,254,158,2,203,253,189,0,67,252,5,7,43,10,9,253,206,188,0,139,0,208,1,23,0,122,0,51,0,24,0,16,0,12,
0,227,254,131,2,225,253,176,0,81,252,62,6,43,10,9,253,144,190,0,139,0,210,1,20,0,120,0,51,0,23,0,15,0,12,
0,227,254,131,2,22,254,176,0,81,252,62,6,209,10,115,253,144,190,0,139,0,212,1,16,0,119,0,51,0,24,0,15,0,12,
0,240,254,55,2,22,254,176,0,81,252,62,6,71,12,129,253,8,190,0,139,0,214,1,14,0,118,0,51,0,21,0,14,0,11,
0,36,255,175,1,75,254,176,0,81,252,62,6,28,11,174,253,62,188,0,139,0,215,1,12,0,117,0,51,0,22,0,15,0,12,
0,124,255,7,1,116,254,176,0,81,252,62,6,28,11,21,254,117,190,0,140,0,216,1,11,0,115,0,50,0,21,0,14,0,12,
0,124,255,7,1,116,254,176,0,81,252,62,6,89,9,21,254,117,190,0,140,0,217,1,10,0,115,0,50,0,22,0,14,0,12,
0,203,255,98,0,216,254,176,0,81,252,62,6,163,8,181,253,137,192,0,141,0,217,1,9,0,113,0,49,0,21,0,14,0,11,
0,0,0,235,255,236,254,176,0,81,252,62,6,132,8,85,252,177,190,0,141,0,218,1,8,0,113,0,49,0,21,0,14,0,11,
0,5,0,153,255,238,254,176,0,81,252,62,6,207,7,134,251,67,189,0,142,0,218,1,8,0,112,0,49,0,22,0,14,0,12,
0,5,0,153,255,238,254,176,0,81,252,62,6,207,7,134,251,67,190,0,142,0,219,1,7,0,111,0,49,0,22,0,14,0,12,
0,253,255,93,255,217,254,92,0,156,252,80,6,180,6,218,250,67,190,0,143,0,219,1,6,0,111,0,49,0,22,0,14,0,12,
0,210,255,48,255,213,254,92,0,156,252,80,6,115,7,84,250,54,192,0,144,0,220,1,6,0,110,0,47,0,21,0,14,0,12,
0,146,255,245,254,244,254,92,0,156,252,80,6,41,9,30,250,177,192,0,144,0,221,1,6,0,110,0,47,0,20,0,13,0,11,
0,146,255,245,254,244,254,92,0,156,252,80,6,96,10,230,249,52,190,0,144,0,220,1,5,0,110,0,47,0,21,0,14,0,11,
0,92,255,137,254,14,255,92,0,156,252,80,6,96,10,230,249,52,190,0,144,0,220,1,5,0,110,0,47,0,21,0,14,0,12,
0,25,255,252,253,34,255,92,0,156,252,80,6,227,9,205,249,13,189,0,145,0,219,1,5,0,109,0,47,0,21,0,14,0,11,
0,25,255,252,253,49,255,92,0,156,252,80,6,113,10,35,250,112,190,0,145,0,219,1,5,0,108,0,47,0,21,0,14,0,11,
0,184,254,54,253,49,255,92,0,156,252,80,6,215,10,3,250,251,190,0,145,0,218,1,5,0,108,0,46,0,20,0,13,0,11,
0,110,254,111,252,27,255,92,0,156,252,80,6,215,10,89,249,164,187,0,145,0,216,1,4,0,109,0,47,0,21,0,14,0,12,
0,82,254,245,251,27,255,92,0,156,252,80,6,98,10,89,249,164,187,0,145,0,215,1,4,0,108,0,46,0,20,0,14,0,11,
0,82,254,245,251,27,255,221,0,61,252,79,6,34,8,35,249,57,187,0,145,0,214,1,4,0,109,0,51,0,21,0,13,0,11,
0,59,254,160,251,27,255,221,0,61,252,79,6,196,7,165,248,97,189,0,145,0,214,1,5,0,108,0,50,0,21,0,13,0,11,
0,247,253,151,251,16,255,221,0,61,252,79,6,0,8,101,248,242,188,0,144,0,213,1,5,0,108,0,48,0,21,0,13,0,11,
0,152,253,189,251,249,254,221,0,61,252,79,6,0,8,101,248,242,188,0,144,0,213,1,5,0,108,0,48,0,21,0,14,0,11,
0,152,253,189,251,249,254,221,0,61,252,79,6,132,7,34,248,56,187,0,144,0,213,1,5,0,108,0,48,0,21,0,14,0,11,
0,98,253,252,251,217,254,221,0,61,252,79,6,206,7,202,248,0,187,0,144,0,214,1,6,0,108,0,47,0,21,0,14,0,11,
0,59,253,61,252,237,254,221,0,61,252,79,6,59,8,24,249,248,187,0,144,0,215,1,7,0,108,0,47,0,21,0,14,0,11,
0,45,253,66,252,47,255,221,0,61,252,79,6,59,8,205,249,187,188,0,144,0,216,1,8,0,108,0,47,0,20,0,13,0,11,
0,45,253,66,252,47,255,221,0,61,252,79,6,14,9,205,249,187,188,0,143,0,216,1,8,0,109,0,47,0,21,0,14,0,12,
0,240,252,248,251,53,255,221,0,61,252,79,6,231,9,108,249,67,186,0,143,0,217,1,8,0,109,0,47,0,21,0,14,0,11,
0,201,252,138,251,96,255,221,0,61,252,79,6,153,7,245,249,248,185,0,144,0,217,1,8,0,109,0,47,0,21,0,14,0,11,
0,201,252,138,251,115,255,184,0,137,252,116,5,226,6,252,249,24,189,0,143,0,218,1,9,0,109,0,47,0,21,0,14,0,12,
0,231,252,36,251,115,255,184,0,137,252,116,5,226,6,252,249,85,187,0,143,0,219,1,9,0,109,0,46,0,20,0,13,0,11,
0,234,252,249,250,127,255,184,0,137,252,116,5,57,7,53,249,85,187,0,143,0,219,1,9,0,110,0,47,0,21,0,14,0,12,
0,244,252,204,250,148,255,184,0,137,252,116,5,238,4,188,248,231,184,0,143,0,221,1,9,0,110,0,47,0,21,0,14,0,12,
0,244,252,204,250,148,255,184,0,137,252,116,5,221,3,30,249,220,189,0,143,0,223,1,8,0,110,0,47,0,21,0,14,0,11,
0,246,252,180,250,112,255,184,0,137,252,116,5,221,4,196,248,152,188,0,143,0,224,1,8,0,109,0,47,0,21,0,14,0,12,
0,210,252,194,250,120,255,184,0,137,252,116,5,233,4,196,248,152,188,0,144,0,225,1,8,0,109,0,46,0,20,0,13,0,11,
0,192,252,192,250,123,255,184,0,137,252,116,5,252,4,194,248,61,186,0,143,0,226,1,8,0,110,0,47,0,21,0,14,0,11,
0,192,252,192,250,123,255,184,0,137,252,116,5,231,4,104,249,237,185,0,144,0,228,1,8,0,109,0,47,0,20,0,14,0,11,
0,131,252,212,250,115,255,184,0,137,252,116,5,129,4,74,250,247,187,0,144,0,228,1,7,0,109,0,47,0,21,0,14,0,11,
0,78,252,190,250,113,255,193,0,99,252,156,6,129,4,74,250,26,189,0,145,0,229,1,7,0,109,0,47,0,20,0,14,0,11,
0,108,252,190,250,104,255,193,0,99,252,156,6,234,4,101,250,26,189,0,145,0,230,1,7,0,109,0,46,0,20,0,13,0,11,
0,108,252,122,250,104,255,193,0,99,252,156,6,159,5,252,249,175,186,0,145,0,230,1,6,0,109,0,47,0,21,0,14,0,11,
0,149,252,76,250,131,255,193,0,99,252,156,6,6,3,236,249,65,185,0,146,0,230,1,5,0,109,0,47,0,21,0,14,0,12,
0,129,252,35,250,134,255,193,0,99,252,156,6,9,2,113,250,51,189,0,147,0,230,1,5,0,109,0,47,0,21,0,14,0,11,
0,129,252,35,250,131,255,193,0,99,252,156,6,9,2,113,250,51,189,0,148,0,230,1,5,0,108,0,46,0,20,0,13,0,11,
0,72,252,13,250,131,255,193,0,99,252,156,6,46,3,94,249,101,187,0,148,0,231,1,5,0,108,0,46,0,20,0,13,0,11,
0,92,252,42,250,121,255,193,0,99,252,156,6,178,1,53,249,173,184,0,149,0,232,1,5,0,109,0,47,0,21,0,14,0,12,
0,100,252,65,250,102,255,193,0,99,252,156,6,64,0,227,249,100,185,0,150,0,233,1,5,0,109,0,47,0,21,0,14,0,12,
0,100,252,65,250,102,255,193,0,99,252,156,6,64,0,78,250,59,189,0,150,0,234,1,6,0,108,0,46,0,20,0,13,0,11,
0,65,252,136,250,75,255,43,1,42,252,11,8,155,1,78,250,59,189,0,151,0,235,1,6,0,109,0,47,0,21,0,14,0,12,
0,239,251,157,250,62,255,43,1,42,252,11,8,116,2,75,250,73,187,0,152,0,236,1,6,0,108,0,46,0,20,0,13,0,11,
0,201,251,188,250,18,255,43,1,42,252,11,8,160,1,93,250,65,183,0,152,0,237,1,6,0,108,0,47,0,21,0,14,0,12,
0,201,251,188,250,18,255,43,1,42,252,11,8,64,0,99,251,58,186,0,153,0,238,1,5,0,108,0,47,0,21,0,14,0,11,
0,193,251,171,250,12,255,43,1,42,252,11,8,64,0,99,251,44,188,0,153,0,238,1,5,0,108,0,46,0,21,0,13,0,11,
0,231,251,189,250,255,254,43,1,42,252,11,8,135,1,226,250,44,188,0,154,0,239,1,5,0,108,0,46,0,20,0,13,0,11,
0,211,251,189,250,27,255,43,1,42,252,11,8,75,1,39,250,40,185,0,153,0,239,1,3,0,108,0,46,0,21,0,14,0,12,
0,211,251,186,250,27,255,43,1,42,252,11,8,181,254,171,250,3,183,0,154,0,239,1,2,0,108,0,46,0,20,0,14,0,12,
0,181,251,197,250,47,255,43,1,42,252,11,8,181,254,146,250,42,187,0,154,0,239,1,1,0,108,0,46,0,20,0,14,0,12,
0,176,251,7,251,12,255,43,1,42,252,11,8,187,254,146,250,42,187,0,154,0,239,0,255,0,107,0,46,0,22,0,14,0,11,
0,176,251,7,251,226,254,19,1,135,252,252,5,217,255,211,249,7,186,0,154,0,240,0,255,0,106,0,45,0,21,0,14,0,12,
0,183,251,67,251,226,254,19,1,135,252,252,5,33,255,8,250,67,185,0,154,0,241,0,254,0,106,0,46,0,21,0,13,0,11,
0,165,251,113,251,206,254,19,1,135,252,252,5,224,254,245,250,208,186,0,153,0,241,0,252,0,106,0,46,0,22,0,14,0,12,
0,134,251,165,251,213,254,19,1,135,252,252,5,224,254,245,250,188,184,0,153,0,241,0,252,0,105,0,46,0,22,0,14,0,12,
0,134,251,165,251,213,254,19,1,135,252,252,5,10,0,197,250,188,184,0,153,0,241,0,251,0,104,0,45,0,20,0,14,0,11,
0,116,251,165,251,202,254,19,1,135,252,252,5,19,255,107,251,17,184,0,153,0,241,0,250,0,105,0,45,0,22,0,14,0,12,
0,98,251,225,251,199,254,19,1,135,252,252,5,153,254,121,251,96,185,0,153,0,242,0,250,0,104,0,45,0,20,0,14,0,11,
0,89,251,249,251,185,254,19,1,135,252,252,5,107,254,102,251,100,185,0,152,0,241,0,249,0,104,0,45,0,21,0,14,0,12,
0,89,251,249,251,185,254,19,1,135,252,252,5,107,254,102,251,100,185,0,152,0,242,0,249,0,103,0,44,0,20,0,14,0,12,
0,79,251,250,251,181,254,19,1,135,252,252,5,14,254,4,251,97,183,0,152,0,243,0,249,0,103,0,44,0,20,0,13,0,11,
0,57,251,45,252,169,254,19,1,135,252,189,5,127,252,29,251,92,184,0,151,0,243,0,248,0,103,0,44,0,21,0,14,0,12,
0,73,251,45,252,140,254,11,1,37,252,189,5,222,252,35,251,243,185,0,151,0,243,0,248,0,102,0,44,0,20,0,13,0,11,
0,73,251,158,252,140,254,11,1,37,252,189,5,222,252,174,250,51,184,0,151,0,243,0,248,0,103,0,44,0,21,0,14,0,12,
0,95,251,8,253,108,254,11,1,37,252,189,5,141,253,174,250,51,184,0,151,0,245,0,249,0,103,0,44,0,20,0,14,0,11,
0,59,251,80,253,89,254,11,1,37,252,189,5,222,252,242,250,143,183,0,151,0,245,0,249,0,102,0,44,0,20,0,13,0,11,
0,59,251,80,253,112,254,11,1,37,252,189,5,40,253,110,251,90,184,0,151,0,246,0,249,0,102,0,43,0,20,0,13,0,11,
0,25,251,144,253,112,254,11,1,37,252,189,5,210,253,227,251,130,184,0,150,0,247,0,249,0,102,0,44,0,21,0,14,0,12,
0,2,251,200,253,147,254,11,1,37,252,189,5,210,253,227,251,130,184,0,151,0,247,0,250,0,102,0,44,0,20,0,14,0,11,
0,248,250,242,253,149,254,11,1,37,252,189,5,145,253,46,252,226,184,0,151,0,248,0,251,0,102,0,43,0,20,0,13,0,11,
0,248,250,242,253,149,254,11,1,37,252,189,5,223,253,48,252,216,183,0,151,0,247,0,250,0,103,0,44,0,20,0,14,0,12,
0,14,251,7,254,141,254,11,1,37,252,189,5,175,252,85,252,150,183,0,151,0,248,0,251,0,102,0,43,0,20,0,13,0,11,
0,37,251,12,254,166,254,118,1,35,252,102,6,175,252,15,252,230,183,0,151,0,248,0,251,0,103,0,44,0,20,0,14,0,12,
0,11,251,60,254,124,254,118,1,35,252,102,6,139,252,15,252,230,183,0,151,0,248,0,251,0,103,0,44,0,20,0,14,0,12,
0,11,251,60,254,124,254,118,1,35,252,102,6,147,251,243,251,45,184,0,151,0,248,0,251,0,102,0,43,0,19,0,13,0,11,
0,20,251,141,254,79,254,118,1,35,252,102,6,8,252,16,252,253,184,0,150,0,248,0,251,0,103,0,44,0,20,0,13,0,11,
0,57,251,233,254,51,254,118,1,35,252,102,6,85,252,213,251,238,183,0,150,0,249,0,252,0,102,0,43,0,20,0,13,0,11,
0,57,251,233,254,39,254,118,1,35,252,102,6,85,252,213,251,116,183,0,150,0,249,0,252,0,103,0,39,0,20,0,14,0,12,
0,33,251,80,255,39,254,118,1,35,252,102,6,86,253,156,251,116,183,0,150,0,249,0,253,0,104,0,40,0,20,0,14,0,12,
0,8,251,159,255,39,254,118,1,35,252,102,6,233,252,169,252,29,184,0,150,0,250,0,254,0,103,0,40,0,19,0,13,0,12,
0,11,251,228,255,20,254,118,1,35,252,102,6,52,253,197,252,6,185,0,150,0,250,0,254,0,104,0,42,0,19,0,13,0,11,
0,11,251,228,255,22,254,118,1,35,252,102,6,52,254,189,252,89,185,0,151,0,251,0,255,0,104,0,42,0,19,0,13,0,11,
0,37,251,9,0,22,254,73,1,19,252,188,6,66,254,189,252,89,185,0,150,0,250,1,0,0,104,0,43,0,18,0,13,0,11,
0,22,251,2,0,38,254,73,1,19,252,188,6,209,254,153,252,69,185,0,150,0,250,1,1,0,105,0,43,0,18,0,13,0,11,
0,5,251,16,0,22,254,73,1,19,252,188,6,237,253,24,252,113,182,0,150,0,251,1,2,0,105,0,43,0,19,0,13,0,11,
0,5,251,16,0,22,254,73,1,19,252,188,6,29,253,117,251,3,183,0,136,1,19,1,26,0,108,0,45,0,20,0,13,0,11,
0,22,251,53,0,10,254,73,1,19,252,188,6,29,253,117,251,144,202,0,143,1,9,1,39,0,111,0,44,0,19,0,13,0,11,
0,31,251,81,0,12,254,73,1,19,252,188,6,189,19,98,51,144,202,1,4,1,63,1,83,0,119,0,47,0,21,0,13,0,11,
0,50,251,137,0,95,254,73,1,19,252,188,6,29,39,218,233,216,199,0,139,1,60,1,84,0,123,0,47,0,20,0,13,0,11,
0,50,251,137,0,95,254,73,1,19,252,188,6,53,41,0,236,102,205,0,134,1,77,1,84,0,128,0,53,0,23,0,14,0,12,
0,243,251,113,0,83,254,73,1,19,252,188,6,150,41,66,20,171,23,0,133,1,79,1,77,0,134,0,56,0,23,0,15,0,12,
0,75,255,220,250,193,254,73,1,19,252,188,6,150,41,66,20,171,23,0,135,1,82,1,63,0,133,0,56,0,25,0,14,0,11,
0,75,8,220,250,254,255,135,1,1,252,246,6,174,26,145,31,216,43,0,134,1,66,1,3,0,125,0,52,0,19,0,12,0,12,
0,15,8,237,238,254,255,135,1,1,252,246,6,35,18,125,44,250,35,0,135,1,29,0,199,0,115,0,52,0,21,0,14,0,12,
0,188,19,3,226,215,2,135,1,1,252,246,6,6,18,82,54,239,1,0,136,0,233,0,154,0,104,0,51,0,24,0,14,0,10,
0,188,28,137,219,1,7,135,1,1,252,246,6,6,18,66,50,205,233,0,137,0,214,0,140,0,94,0,48,0,21,0,14,0,11,
0,188,28,137,219,161,10,135,1,1,252,246,6,213,9,66,50,205,233,0,140,0,200,0,136,0,82,0,42,0,17,0,12,0,11,
0,4,32,5,223,161,10,135,1,1,252,246,6,124,246,243,34,3,221,0,145,0,167,0,137,0,75,0,39,0,17,0,12,0,10,
0,37,30,253,232,49,12,135,1,1,252,246,6,100,243,96,13,93,208,0,152,0,136,0,137,0,71,0,38,0,18,0,13,0,10,
0,112,22,108,243,7,11,135,1,1,252,246,6,225,244,246,6,134,210,0,155,0,133,0,133,0,66,0,39,0,18,0,13,0,11,
0,112,22,108,243,7,11,135,1,1,252,246,6,225,244,246,6,134,211,0,160,0,133,0,132,0,61,0,35,0,16,0,12,0,11,
0,63,11,142,251,62,7,135,1,1,252,246,6,235,3,145,252,178,211,0,176,0,133,0,132,0,58,0,31,0,16,0,12,0,10,
0,178,255,12,1,203,2,177,1,48,252,3,6,181,20,223,244,118,204,0,197,0,134,0,132,0,57,0,31,0,18,0,14,0,12,
0,22,246,162,4,142,255,177,1,48,252,3,6,136,34,249,239,220,207,0,236,0,147,0,134,0,55,0,30,0,16,0,13,0,13,
0,22,246,162,4,142,255,177,1,48,252,3,6,136,34,93,234,4,205,1,31,1,31,0,144,0,54,0,27,0,17,0,13,0,14,
0,38,240,48,6,222,253,177,1,48,252,3,6,41,42,93,234,4,205,1,39,1,79,1,88,0,76,0,30,0,18,0,15,0,14,
0,86,238,128,4,128,253,177,1,48,252,3,6,255,38,198,233,10,204,1,36,1,76,1,83,0,91,0,33,0,18,0,14,0,14,
0,86,238,128,4,23,254,177,1,48,252,3,6,225,30,220,234,64,206,1,24,1,72,1,81,0,101,0,36,0,18,0,13,0,13,
0,52,240,102,254,23,254,177,1,48,252,3,6,36,20,3,234,174,199,0,230,1,73,1,79,0,108,0,37,0,15,0,12,0,12,
0,203,244,18,244,60,255,177,1,48,252,3,6,36,20,3,234,60,189,0,193,1,72,1,76,0,116,0,41,0,17,0,13,0,12,
0,43,251,111,232,154,0,177,1,48,252,3,6,176,5,37,231,60,189,0,168,1,70,1,71,0,120,0,43,0,17,0,12,0,10,
0,43,251,111,232,31,2,177,1,48,252,3,6,127,247,197,227,112,178,0,155,1,67,1,60,0,120,0,43,0,17,0,10,0,9,
0,206,1,140,223,31,2,177,1,48,252,3,6,71,235,2,225,236,173,0,149,1,61,1,37,0,121,0,46,0,17,0,11,0,9,
0,227,7,0,219,132,3,23,2,114,252,104,6,93,227,135,217,139,177,0,146,1,53,0,253,0,117,0,47,0,20,0,12,0,9,
0,82,12,106,218,89,4,23,2,114,252,104,6,93,227,135,217,139,177,0,144,1,51,0,197,0,108,0,46,0,18,0,12,0,9,
0,82,12,106,218,89,4,23,2,114,252,104,6,144,225,206,214,37,185,0,143,1,54,0,147,0,96,0,44,0,20,0,12,0,11,
0,126,14,222,219,124,4,23,2,114,252,104,6,51,228,75,215,229,188,0,142,1,60,0,135,0,87,0,43,0,18,0,13,0,11,
0,61,14,192,222,196,4,23,2,114,252,104,6,90,229,140,215,76,199,0,142,1,67,0,133,0,79,0,40,0,18,0,12,0,10,
0,126,12,81,227,179,5,23,2,114,252,104,6,90,229,140,215,119,205,0,142,1,67,0,133,0,73,0,37,0,18,0,13,0,11,
0,126,12,81,227,179,5,23,2,114,252,104,6,249,225,246,216,119,205,0,142,1,65,0,133,0,67,0,34,0,16,0,12,0,11,
0,118,10,134,233,215,6,23,2,114,252,104,6,88,221,119,220,250,211,0,142,1,63,0,133,0,63,0,33,0,16,0,12,0,10,
0,225,8,184,239,26,7,23,2,114,252,104,6,98,220,85,224,117,213,0,142,1,63,0,134,0,60,0,31,0,16,0,12,0,11,
0,225,8,184,239,44,6,23,2,114,252,104,6,255,222,110,229,20,214,0,142,1,59,0,134,0,57,0,28,0,14,0,12,0,11,
0,212,7,71,244,44,6,221,2,150,252,236,6,255,222,110,229,20,214,0,142,1,51,0,134,0,55,0,27,0,14,0,11,0,11,
0,40,7,24,247,109,4,221,2,150,252,236,6,51,229,183,235,245,212,0,143,1,41,0,137,0,54,0,26,0,14,0,12,0,11,
0,164,6,20,249,9,3,221,2,150,252,236,6,145,235,115,243,133,208,0,143,1,31,0,144,0,54,0,26,0,16,0,12,0,11,
0,164,6,20,249,9,2,221,2,150,252,236,6,11,236,34,250,194,207,0,144,1,25,0,166,0,54,0,24,0,12,0,11,0,11,
0,100,6,34,251,210,2,221,2,150,252,236,6,11,236,111,255,173,212,0,146,1,19,0,204,0,60,0,25,0,12,0,11,0,10,
0,87,6,212,252,184,3,221,2,150,252,236,6,109,234,111,255,173,212,0,147,1,13,0,235,0,69,0,28,0,15,0,12,0,11,
0,94,6,124,253,245,4,221,2,150,252,236,6,211,233,14,0,181,212,0,150,1,9,1,6,0,76,0,28,0,13,0,11,0,11,
0,94,6,124,253,245,4,221,2,150,252,236,6,226,231,195,1,24,211,0,153,1,5,1,27,0,85,0,30,0,16,0,11,0,11,
0,47,6,154,252,245,5,221,2,150,252,236,6,203,229,151,6,84,206,0,159,1,3,1,45,0,94,0,33,0,15,0,12,0,11,
0,166,5,2,251,55,6,221,2,150,252,236,6,203,229,151,6,85,204,0,166,1,0,1,55,0,102,0,36,0,18,0,12,0,11,
0,47,5,147,249,2,6,211,2,195,252,109,7,43,228,241,9,85,204,0,175,0,254,1,57,0,108,0,39,0,18,0,12,0,11,
0,47,5,147,249,2,6,211,2,195,252,109,7,186,227,145,11,59,204,0,188,0,252,1,55,0,112,0,41,0,19,0,13,0,12,
0,199,4,154,248,156,5,211,2,195,252,109,7,96,228,195,11,102,200,0,201,0,248,1,54,0,117,0,44,0,20,0,13,0,11,
0,108,4,139,248,40,5,211,2,195,252,109,7,96,228,85,10,155,195,0,213,0,245,1,52,0,120,0,46,0,21,0,14,0,12,
0,108,4,139,248,102,4,211,2,195,252,109,7,160,230,85,10,155,195,0,229,0,242,1,53,0,121,0,47,0,20,0,13,0,12,
0,238,3,135,249,102,4,211,2,195,252,109,7,84,233,95,10,178,189,0,244,0,239,1,54,0,124,0,49,0,22,0,14,0,12,
0,48,3,87,251,180,3,211,2,195,252,109,7,88,235,59,9,104,186,1,4,0,238,1,56,0,127,0,51,0,22,0,14,0,12,
0,112,2,123,253,59,3,211,2,195,252,109,7,196,238,86,7,64,185,1,29,0,235,1,59,0,128,0,55,0,23,0,14,0,12,
0,112,2,123,253,59,3,211,2,195,252,109,7,196,238,86,7,75,182,1,51,0,235,1,61,0,129,0,54,0,24,0,15,0,12,
0,240,1,194,255,53,3,211,2,195,252,109,7,56,241,127,4,75,182,1,57,0,232,1,63,0,131,0,55,0,23,0,14,0,11,
0,164,1,147,1,66,3,36,3,119,252,186,6,55,243,188,1,58,182,1,58,0,229,1,63,0,133,0,56,0,25,0,15,0,12,
0,143,1,242,2,35,3,36,3,119,252,186,6,132,245,186,0,86,181,1,57,0,227,1,65,0,134,0,57,0,23,0,15,0,12,
0,143,1,242,2,35,3,36,3,119,252,186,6,207,246,178,253,59,179,1,57,0,226,1,67,0,134,0,56,0,22,0,14,0,11,
0,100,1,50,4,22,3,36,3,119,252,186,6,207,246,178,253,59,179,1,56,0,225,1,66,0,136,0,57,0,24,0,15,0,12,
0,55,1,72,5,66,3,36,3,119,252,186,6,148,246,132,250,104,178,1,56,0,227,1,67,0,136,0,58,0,24,0,15,0,11,
0,57,1,28,6,53,3,36,3,119,252,186,6,123,245,92,248,89,179,1,54,0,230,1,67,0,136,0,58,0,25,0,15,0,12,
0,57,1,28,6,53,3,36,3,119,252,186,6,13,245,130,246,2,182,1,56,0,232,1,66,0,136,0,58,0,24,0,15,0,12,
0,112,1,91,6,54,3,36,3,119,252,186,6,13,245,130,246,189,182,1,89,0,235,1,65,0,137,0,58,0,25,0,16,0,12,
0,179,1,109,6,18,3,36,3,119,252,186,6,203,245,26,246,189,182,1,78,0,237,1,63,0,138,0,59,0,28,0,16,0,12,
0,179,1,109,6,223,2,36,3,119,252,186,6,114,246,213,244,189,181,1,86,0,238,1,63,0,136,0,58,0,26,0,15,0,12,
0,234,1,182,6,223,2,36,3,119,252,186,6,27,245,34,243,104,181,1,82,0,240,1,60,0,137,0,59,0,27,0,16,0,12,
0,25,2,12,7,163,2,199,2,184,252,243,6,176,244,253,240,73,186,1,89,0,241,1,58,0,136,0,60,0,28,0,16,0,13,
0,29,2,39,7,76,2,199,2,184,252,243,6,176,244,253,240,73,186,1,72,0,241,1,55,0,136,0,59,0,27,0,16,0,12,
0,29,2,39,7,76,2,199,2,184,252,243,6,44,246,253,237,179,187,1,69,0,239,1,52,0,134,0,59,0,26,0,16,0,13,
0,253,1,12,7,23,2,199,2,184,252,243,6,179,247,68,236,84,189,1,68,0,239,1,48,0,133,0,58,0,26,0,16,0,12,
0,235,1,255,6,222,1,199,2,184,252,243,6,58,249,40,233,217,188,1,66,0,236,1,43,0,133,0,59,0,25,0,16,0,12,
0,167,1,206,6,161,1,199,2,184,252,243,6,58,249,235,230,15,189,1,67,0,233,1,37,0,130,0,58,0,25,0,16,0,12,
0,167,1,206,6,161,1,199,2,184,252,243,6,193,249,235,230,15,189,1,67,0,230,1,30,0,128,0,59,0,26,0,15,0,12,
0,42,1,102,6,108,1,199,2,184,252,243,6,182,250,24,228,27,191,1,66,0,225,1,21,0,126,0,59,0,27,0,16,0,12,
0,178,0,142,5,20,1,199,2,184,252,243,6,31,251,232,226,252,188,1,66,0,222,1,12,0,123,0,57,0,24,0,15,0,11,
0,29,0,203,4,210,0,199,2,184,252,243,6,228,251,67,227,166,188,1,65,0,216,1,0,0,119,0,56,0,25,0,16,0,12,
0,29,0,203,4,210,0,146,2,215,252,79,6,228,251,67,227,166,188,1,65,0,211,0,244,0,115,0,54,0,26,0,16,0,12,
0,115,255,85,4,159,0,146,2,215,252,79,6,167,250,159,227,166,188,1,63,0,206,0,231,0,111,0,52,0,23,0,15,0,11,
0,189,254,37,4,133,0,146,2,215,252,79,6,26,250,64,227,60,187,1,63,0,202,0,217,0,105,0,44,0,23,0,15,0,11,
0,189,254,37,4,114,0,146,2,215,252,79,6,54,249,122,226,164,184,1,63,0,196,0,202,0,100,0,44,0,20,0,14,0,12,
0,26,254,19,4,114,0,146,2,215,252,79,6,54,249,219,226,53,182,1,61,0,191,0,187,0,94,0,43,0,22,0,14,0,11,
0,153,253,58,4,51,0,146,2,215,252,79,6,6,248,219,226,53,182,1,60,0,185,0,171,0,88,0,42,0,19,0,14,0,11,
0,35,253,162,4,208,255,146,2,215,252,79,6,18,247,140,228,71,182,1,60,0,180,0,158,0,82,0,40,0,20,0,13,0,11,
0,35,253,162,4,208,255,146,2,215,252,79,6,59,247,171,229,71,182,1,60,0,174,0,148,0,75,0,36,0,18,0,13,0,11,
0,216,252,62,5,53,255,146,2,215,252,79,6,211,248,17,230,165,181,1,61,0,168,0,142,0,70,0,34,0,16,0,12,0,11,
0,93,252,249,5,181,254,146,2,215,252,79,6,211,248,17,230,41,179,1,60,0,162,0,138,0,67,0,33,0,16,0,13,0,11,
0,191,251,152,6,57,254,79,2,185,252,231,6,215,248,207,230,41,179,1,61,0,157,0,136,0,63,0,32,0,16,0,12,0,11,
0,191,251,152,6,57,254,79,2,185,252,231,6,54,250,81,233,137,180,1,62,0,152,0,136,0,59,0,29,0,14,0,11,0,11,
0,83,251,213,6,182,253,79,2,185,252,231,6,253,250,125,236,12,181,1,62,0,148,0,135,0,57,0,28,0,15,0,12,0,11,
0,43,251,245,6,81,253,79,2,185,252,231,6,87,252,241,238,142,180,1,63,0,145,0,135,0,55,0,26,0,13,0,11,0,10,
0,39,251,245,6,15,253,79,2,185,252,231,6,87,252,241,238,142,180,1,63,0,143,0,135,0,54,0,26,0,13,0,11,0,11,
0,39,251,255,6,15,253,79,2,185,252,231,6,46,252,83,240,248,177,1,63,0,141,0,135,0,52,0,24,0,12,0,11,0,11,
0,28,251,235,6,213,252,79,2,185,252,231,6,39,250,170,241,99,176,1,63,0,140,0,135,0,52,0,24,0,13,0,11,0,11,
0,21,251,192,6,166,252,79,2,185,252,231,6,66,248,135,243,155,175,1,63,0,139,0,136,0,50,0,23,0,12,0,11,0,10,
0,21,251,192,6,61,252,79,2,185,252,231,6,66,248,141,244,255,176,1,63,0,138,0,135,0,50,0,23,0,12,0,11,0,11,
0,31,251,14,7,61,252,79,2,185,252,231,6,213,246,141,244,255,176,1,63,0,138,0,135,0,49,0,23,0,12,0,11,0,11,
0,8,251,16,8,230,251,77,2,182,252,25,6,58,247,209,244,23,175,1,64,0,137,0,135,0,49,0,23,0,12,0,11,0,11,
0,254,250,61,9,123,251,77,2,182,252,25,6,77,246,5,245,238,173,1,64,0,137,0,135,0,49,0,22,0,12,0,11,0,11,
0,254,250,61,9,123,251,77,2,182,252,25,6,75,247,184,245,114,175,1,64,0,138,0,136,0,48,0,21,0,11,0,10,0,10,
0,186,250,92,10,21,251,77,2,182,252,25,6,75,247,184,245,114,175,1,63,0,139,0,136,0,48,0,25,0,12,0,10,0,10,
0,120,250,41,11,168,250,77,2,182,252,25,6,35,249,172,246,252,175,1,63,0,138,0,136,0,49,0,25,0,13,0,11,0,10,
0,63,250,167,11,50,250,77,2,182,252,25,6,123,252,223,247,47,175,1,63,0,139,0,136,0,47,0,23,0,13,0,11,0,10,
0,63,250,167,11,50,250,77,2,182,252,25,6,214,253,10,249,38,174,1,63,0,139,0,136,0,47,0,23,0,12,0,11,0,11,
0,24,250,244,11,48,250,77,2,182,252,25,6,214,253,98,249,241,173,1,63,0,139,0,136,0,48,0,23,0,13,0,11,0,11,
0,4,250,2,12,79,250,77,2,182,252,25,6,56,253,98,249,241,173,1,63,0,139,0,137,0,48,0,22,0,11,0,10,0,10,
0,238,249,2,11,71,250,77,2,182,252,25,6,31,252,195,249,126,175,1,63,0,139,0,137,0,48,0,22,0,12,0,11,0,11,
0,238,249,255,11,71,250,77,2,182,252,25,6,86,252,198,250,197,175,1,63,0,140,0,138,0,49,0,22,0,12,0,11,0,11,
0,206,249,50,12,64,250,195,1,164,252,136,7,253,250,3,251,157,174,1,63,0,141,0,139,0,48,0,22,0,11,0,11,0,10,
0,244,249,193,12,19,250,195,1,164,252,136,7,253,250,3,251,48,176,1,62,0,141,0,139,0,49,0,23,0,12,0,11,0,11,
0,244,249,193,12,216,249,195,1,164,252,136,7,72,250,208,251,48,176,1,62,0,143,0,141,0,49,0,21,0,11,0,11,0,11,
0,197,249,137,13,216,249,195,1,164,252,136,7,71,250,195,251,107,176,1,62,0,144,0,142,0,50,0,23,0,12,0,11,0,11,
0,185,249,48,14,183,249,195,1,164,252,136,7,171,250,10,253,158,176,1,61,0,146,0,145,0,50,0,23,0,14,0,11,0,11,
0,216,249,210,14,164,249,195,1,164,252,136,7,171,251,145,253,193,177,1,60,0,148,0,147,0,51,0,23,0,13,0,11,0,11,
0,216,249,210,14,164,249,195,1,164,252,136,7,240,251,145,253,193,177,1,60,0,149,0,151,0,52,0,22,0,13,0,11,0,10,
0,0,250,83,15,160,249,195,1,164,252,136,7,171,253,161,254,100,179,1,59,0,151,0,157,0,53,0,23,0,13,0,11,0,11,
0,41,250,217,15,169,249,195,1,164,252,136,7,8,255,99,254,82,180,1,58,0,154,0,163,0,55,0,23,0,12,0,11,0,11,
0,73,250,249,15,246,249,195,1,164,252,136,7,146,255,41,252,6,181,1,56,0,158,0,171,0,57,0,23,0,12,0,11,0,11,
0,73,250,249,15,246,249,91,1,152,252,199,5,146,255,41,252,150,180,1,53,0,163,0,180,0,59,0,24,0,14,0,11,0,11,
0,109,250,129,15,93,250,91,1,152,252,199,5,189,251,132,246,150,180,1,50,0,171,0,192,0,62,0,25,0,12,0,11,0,11,
0,124,250,236,14,7,251,91,1,152,252,199,5,21,249,127,251,243,181,1,47,0,178,0,205,0,66,0,27,0,13,0,11,0,11,
0,47,250,236,14,12,252,91,1,152,252,199,5,87,252,53,254,152,183,1,47,0,185,0,219,0,70,0,27,0,15,0,12,0,11,
0,47,250,130,14,12,252,91,1,152,252,199,5,161,253,193,255,62,186,1,46,0,190,0,230,0,75,0,28,0,13,0,12,0,11,
0,9,250,212,14,186,252,91,1,152,252,199,5,161,253,193,255,62,186,1,46,0,192,0,241,0,80,0,30,0,16,0,12,0,11,
0,200,249,118,15,224,252,91,1,152,252,199,5,4,254,38,0,15,187,1,46,0,198,0,251,0,85,0,32,0,16,0,12,0,11,
0,200,249,118,15,171,252,91,1,152,252,199,5,47,255,72,1,36,188,1,46,0,205,1,3,0,89,0,33,0,14,0,11,0,11,
0,155,249,192,15,171,252,91,1,152,252,199,5,240,1,90,2,46,188,1,45,0,209,1,10,0,94,0,36,0,16,0,12,0,11,
0,115,249,196,15,93,252,91,1,152,252,199,5,240,1,125,3,88,185,1,44,0,212,1,17,0,98,0,37,0,19,0,13,0,11,
0,124,249,150,15,6,252,0,1,96,252,227,5,105,5,125,3,88,185,1,43,0,216,1,24,0,102,0,39,0,18,0,13,0,11,
0,124,249,150,15,6,252,0,1,96,252,227,5,127,7,238,3,157,184,1,43,0,219,1,33,0,105,0,40,0,16,0,12,0,11,
0,235,249,82,15,206,251,0,1,96,252,227,5,206,7,182,3,168,185,1,42,0,219,1,40,0,110,0,43,0,18,0,13,0,12,
0,101,250,204,14,205,251,0,1,96,252,227,5,30,9,146,3,53,186,1,41,0,221,1,44,0,113,0,44,0,19,0,13,0,12,
0,146,250,245,13,184,251,0,1,96,252,227,5,30,9,146,3,53,187,1,40,0,223,1,47,0,116,0,46,0,20,0,13,0,12,
0,146,250,245,13,184,251,0,1,96,252,227,5,55,11,135,2,97,187,1,39,0,221,1,49,0,119,0,47,0,22,0,14,0,11,
0,190,250,32,13,145,251,0,1,96,252,227,5,228,12,167,0,214,184,1,37,0,222,1,50,0,121,0,48,0,21,0,13,0,11,
0,5,251,102,12,105,251,0,1,96,252,227,5,242,11,138,255,66,184,1,34,0,223,1,50,0,123,0,50,0,23,0,14,0,12,
0,5,251,102,12,101,251,0,1,96,252,227,5,242,11,33,255,62,186,1,31,0,224,1,50,0,124,0,50,0,23,0,14,0,12,
0,93,251,171,11,101,251,0,1,96,252,227,5,96,11,33,255,62,186,1,29,0,225,1,50,0,125,0,51,0,23,0,14,0,12,
0,141,251,176,10,138,251,212,0,31,252,152,7,62,12,28,255,51,188,1,26,0,226,1,49,0,126,0,52,0,23,0,14,0,11,
0,227,251,200,9,189,251,212,0,31,252,152,7,250,10,13,0,138,187,1,26,0,227,1,48,0,127,0,53,0,23,0,15,0,12,
0,227,251,200,9,65,252,212,0,31,252,152,7,238,6,121,2,35,186,1,28,0,228,1,48,0,127,0,53,0,23,0,14,0,11,
0,17,252,16,9,65,252,212,0,31,252,152,7,238,6,121,2,253,186,1,29,0,229,1,47,0,127,0,54,0,22,0,14,0,12,
0,89,252,63,8,139,253,212,0,31,252,152,7,10,1,190,4,253,186,1,28,0,231,1,47,0,128,0,57,0,23,0,14,0,12,
0,201,252,176,7,15,255,212,0,31,252,152,7,22,1,215,3,241,187,1,26,0,233,1,49,0,128,0,59,0,25,0,15,0,11,
0,201,252,176,7,15,255,212,0,31,252,152,7,194,1,246,2,51,189,1,25,0,233,1,49,0,128,0,61,0,25,0,15,0,11,
0,97,253,151,7,234,255,212,0,31,252,152,7,194,2,139,2,117,188,1,22,0,232,1,47,0,129,0,60,0,25,0,15,0,12,
0,39,254,151,7,22,0,212,0,31,252,152,7,108,2,139,2,117,188,1,22,0,230,1,45,0,128,0,61,0,25,0,15,0,12,
0,152,254,113,7,57,0,212,0,31,252,152,7,227,3,79,1,178,187,1,22,0,227,1,43,0,128,0,63,0,26,0,15,0,12,
0,152,254,113,7,57,0,212,0,31,252,152,6,240,3,9,255,215,186,1,23,0,224,1,43,0,127,0,61,0,26,0,16,0,11,
0,178,254,0,7,123,0,118,0,76,252,104,6,135,3,188,253,94,188,1,23,0,221,1,43,0,127,0,59,0,25,0,15,0,12,
0,182,254,128,6,151,0,118,0,76,252,104,6,135,3,188,253,48,189,1,20,0,218,1,42,0,127,0,59,0,26,0,16,0,12,
0,182,254,128,6,103,0,118,0,76,252,104,6,239,2,61,253,48,189,1,17,0,217,1,41,0,127,0,58,0,26,0,16,0,12,
0,146,254,9,6,103,0,118,0,76,252,104,6,161,3,242,252,222,189,1,14,0,215,1,43,0,127,0,57,0,25,0,16,0,12,
0,118,254,165,5,249,255,118,0,76,252,104,6,204,4,13,252,27,187,1,10,0,215,1,45,0,127,0,57,0,25,0,16,0,12,
0,97,254,88,5,141,255,118,0,76,252,104,6,124,4,89,251,29,186,1,5,0,214,1,46,0,127,0,56,0,25,0,16,0,12,
0,97,254,88,5,18,255,118,0,76,252,104,6,124,4,89,251,29,186,1,0,0,214,1,47,0,127,0,55,0,23,0,15,0,12,
0,250,253,0,5,18,255,118,0,76,252,104,6,12,4,79,251,94,188,0,251,0,214,1,47,0,128,0,59,0,25,0,15,0,12,
0,144,253,170,4,176,254,118,0,76,252,104,6,202,5,113,250,32,189,0,245,0,215,1,47,0,128,0,61,0,25,0,15,0,12,
0,132,253,115,4,88,254,118,0,76,252,104,6,169,6,5,250,14,187,0,239,0,215,1,47,0,128,0,62,0,26,0,15,0,11,
0,132,253,115,4,88,254,85,0,73,252,64,6,169,6,23,250,139,188,0,234,0,217,1,46,0,128,0,63,0,27,0,16,0,12,
0,141,253,80,4,22,254,85,0,73,252,64,6,210,6,23,250,139,188,0,228,0,218,1,46,0,127,0,61,0,26,0,16,0,12,
0,138,253,62,4,240,253,85,0,73,252,64,6,156,6,51,250,123,189,0,221,0,219,1,45,0,128,0,63,0,27,0,16,0,12,
0,104,253,239,3,181,253,85,0,73,252,64,6,3,8,67,249,245,191,0,213,0,222,1,45,0,128,0,63,0,27,0,16,0,12,
0,104,253,239,3,181,253,85,0,73,252,64,6,51,9,82,248,44,191,0,206,0,223,1,46,0,128,0,64,0,27,0,16,0,12,
0,92,253,69,3,127,253,85,0,73,252,64,6,51,9,82,248,162,189,0,200,0,226,1,47,0,128,0,64,0,27,0,16,0,12,
0,83,253,119,2,146,253,85,0,73,252,64,6,139,9,38,248,162,189,0,193,0,228,1,48,0,128,0,65,0,29,0,16,0,12,
0,83,253,119,2,174,253,85,0,73,252,64,6,133,8,75,249,72,191,0,187,0,229,1,47,0,128,0,66,0,28,0,16,0,12,
0,126,253,127,1,174,253,85,0,73,252,64,6,244,8,88,249,236,192,0,181,0,231,1,48,0,128,0,60,0,29,0,17,0,14,
0,116,253,137,0,188,253,85,0,73,252,64,6,244,8,34,248,246,190,0,175,0,232,1,47,0,129,0,59,0,26,0,16,0,13,
0,121,253,156,255,220,253,79,0,60,252,238,5,56,9,34,248,246,190,0,171,0,233,1,47,0,128,0,61,0,26,0,16,0,12,
0,121,253,156,255,220,254,79,0,60,252,238,5,213,7,31,248,84,191,0,165,0,233,1,47,0,129,0,60,0,27,0,16,0,13,
0,140,253,209,254,33,254,79,0,60,252,238,5,131,6,150,248,53,191,0,161,0,235,1,46,0,129,0,59,0,26,0,16,0,13,
0,153,253,70,254,104,254,79,0,60,252,238,5,4,7,195,248,64,193,0,158,0,236,1,46,0,128,0,60,0,26,0,16,0,12,
0,164,253,218,253,145,254,79,0,60,252,238,5,4,7,195,248,222,191,0,154,0,237,1,45,0,128,0,62,0,26,0,16,0,12,
0,164,253,218,253,145,254,79,0,60,252,238,5,192,7,22,248,222,191,0,152,0,239,1,44,0,128,0,63,0,27,0,16,0,13,
0,155,253,157,253,155,254,79,0,60,252,238,5,37,7,34,248,94,190,0,150,0,239,1,45,0,127,0,61,0,26,0,16,0,12,
0,172,253,100,253,162,254,79,0,60,252,238,5,210,6,188,248,180,192,0,148,0,239,1,44,0,128,0,63,0,27,0,16,0,12,
0,210,253,54,253,193,254,79,0,60,252,238,5,194,7,197,249,129,194,0,146,0,240,1,43,0,128,0,64,0,27,0,16,0,12,
0,210,253,54,253,193,254,79,0,60,252,238,5,194,7,197,249,129,194,0,145,0,241,1,43,0,127,0,62,0,27,0,16,0,12,
0,174,253,238,252,246,254,142,0,79,252,139,5,46,9,194,249,224,192,0,145,0,242,1,43,0,127,0,60,0,26,0,16,0,12,
0,166,253,133,252,72,255,142,0,79,252,139,5,152,8,195,249,219,192,0,144,0,241,1,42,0,127,0,59,0,27,0,16,0,12,
0,166,253,133,252,132,255,142,0,79,252,139,5,102,7,48,250,34,192,0,144,0,241,1,42,0,127,0,58,0,26,0,16,0,12,
0,190,253,253,251,132,255,142,0,79,252,139,5,102,7,48,250,34,193,0,143,0,241,1,41,0,126,0,57,0,26,0,16,0,12,
0,228,253,78,251,128,255,142,0,79,252,139,5,10,6,211,250,34,193,0,142,0,241,1,40,0,126,0,56,0,25,0,16,0,12,
0,244,253,226,250,142,255,142,0,79,252,139,5,121,5,199,250,129,194,0,142,0,241,1,40,0,126,0,56,0,25,0,16,0,12,
0,244,253,226,250,142,255,142,0,79,252,139,5,142,5,117,250,85,194,0,143,0,242,1,40,0,125,0,55,0,23,0,14,0,11,
0,247,253,195,250,170,255,142,0,79,252,139,5,157,4,55,250,43,193,0,142,0,241,1,39,0,126,0,55,0,25,0,15,0,12,
0,4,254,168,250,193,255,142,0,79,252,139,5,157,4,55,250,43,193,0,142,0,242,1,38,0,126,0,55,0,24,0,16,0,12,
0,14,254,115,250,182,255,142,0,79,252,139,5,63,4,237,249,23,193,0,142,0,242,1,38,0,125,0,55,0,24,0,15,0,12,
0,14,254,115,250,182,255,142,0,39,252,176,6,116,4,32,250,65,193,0,142,0,243,1,38,0,125,0,59,0,25,0,15,0,12,
0,18,254,72,250,186,255,150,0,39,252,176,6,225,4,9,250,89,193,0,142,0,243,1,37,0,124,0,58,0,24,0,14,0,11,
0,24,254,28,250,202,255,150,0,39,252,176,6,225,4,72,250,239,192,0,142,0,243,1,36,0,125,0,57,0,25,0,15,0,12,
0,38,254,252,249,240,255,150,0,39,252,176,6,247,4,72,250,239,192,0,142,0,243,1,35,0,124,0,56,0,25,0,15,0,12,
0,38,254,252,249,240,255,150,0,39,252,176,6,186,4,64,250,124,193,0,143,0,242,1,34,0,124,0,56,0,25,0,15,0,12,
0,40,254,136,249,239,255,150,0,39,252,176,6,224,4,166,249,196,194,0,143,0,242,1,33,0,123,0,55,0,24,0,15,0,11,
0,237,253,214,248,252,255,150,0,39,252,176,6,224,4,208,248,215,191,0,142,0,241,1,32,0,123,0,55,0,24,0,16,0,12,
0,237,253,214,248,9,0,150,0,39,252,176,6,224,4,208,248,87,189,0,142,0,241,1,31,0,123,0,55,0,26,0,15,0,12,
0,206,253,105,248,9,0,150,0,39,252,176,6,213,3,141,248,87,189,0,142,0,241,1,30,0,122,0,54,0,25,0,16,0,12,
0,192,253,33,248,21,0,150,0,39,252,176,6,100,2,33,249,155,192,0,142,0,241,1,29,0,121,0,53,0,25,0,15,0,11,
0,158,253,25,248,43,0,150,0,39,252,176,6,239,2,162,248,154,193,0,142,0,242,1,28,0,121,0,53,0,24,0,15,0,12,
0,158,253,25,248,43,0,191,0,54,252,20,6,239,2,15,248,77,192,0,142,0,243,1,28,0,120,0,52,0,23,0,14,0,11,
0,144,253,9,248,63,0,191,0,54,252,20,6,186,3,15,248,77,192,0,141,0,243,1,27,0,120,0,53,0,24,0,15,0,12,
0,106,253,0,248,67,0,191,0,54,252,20,6,40,3,86,248,71,190,0,142,0,244,1,27,0,119,0,53,0,24,0,15,0,12,
0,76,253,0,248,89,0,191,0,54,252,20,6,79,2,160,248,131,189,0,141,0,244,1,26,0,119,0,52,0,23,0,14,0,11,
0,76,253,0,248,89,0,191,0,54,252,20,6,46,2,155,249,160,192,0,141,0,245,1,26,0,119,0,52,0,23,0,14,0,11,
0,250,252,27,248,117,0,191,0,54,252,20,6,46,2,155,249,55,192,0,141,0,245,1,26,0,119,0,52,0,23,0,15,0,12,
0,241,252,52,248,110,0,191,0,54,252,20,6,54,3,97,249,55,192,0,141,0,246,1,26,0,119,0,52,0,23,0,15,0,12,
0,49,253,55,248,134,0,191,0,54,252,20,6,237,2,39,249,26,191,0,141,0,247,1,26,0,119,0,52,0,23,0,15,0,12,
0,49,253,55,248,134,0,191,0,54,252,20,6,250,1,63,249,174,189,0,140,0,247,1,26,0,119,0,51,0,23,0,15,0,11,
0,29,253,43,248,175,0,191,0,54,252,20,6,167,0,175,249,5,191,0,141,0,249,1,27,0,118,0,51,0,22,0,14,0,12,
0,35,253,17,248,177,0,227,0,69,252,240,5,167,0,175,249,5,191,0,140,0,250,1,27,0,118,0,51,0,23,0,14,0,11,
0,35,253,17,248,158,0,227,0,69,252,240,5,74,0,144,249,34,192,0,140,0,251,1,27,0,119,0,52,0,23,0,15,0,12,
0,246,252,23,248,158,0,227,0,69,252,240,5,232,255,154,249,236,191,0,140,0,252,1,26,0,119,0,52,0,23,0,15,0,12,
0,239,252,72,248,175,0,227,0,69,252,240,5,142,255,104,249,189,190,0,140,0,253,1,27,0,119,0,52,0,23,0,15,0,12,
0,227,252,118,248,181,0,227,0,69,252,240,5,142,255,240,249,76,192,0,141,0,255,1,28,0,119,0,51,0,23,0,14,0,12,
0,227,252,118,248,181,0,227,0,69,252,240,5,164,255,240,249,76,192,0,141,1,0,1,28,0,118,0,50,0,23,0,14,0,11,
0,235,252,151,248,198,0,227,0,69,252,240,5,176,255,191,249,246,189,0,141,1,2,1,27,0,119,0,51,0,23,0,15,0,12,
0,249,252,188,248,220,0,227,0,69,252,240,5,9,255,31,250,51,190,0,141,1,2,1,27,0,119,0,51,0,23,0,15,0,12,
0,232,252,236,248,236,0,227,0,69,252,240,5,101,254,154,250,135,191,0,141,1,3,1,27,0,119,0,51,0,23,0,14,0,11,
0,232,252,236,248,236,0,227,0,69,252,240,5,101,254,154,250,135,191,0,142,1,4,1,27,0,119,0,51,0,23,0,15,0,12,
0,244,252,28,249,11,1,79,1,235,251,144,6,205,254,60,250,86,191,0,142,1,5,1,27,0,118,0,50,0,22,0,14,0,11,
0,29,253,47,249,22,1,79,1,235,251,144,6,31,254,239,249,66,191,0,142,1,5,1,26,0,119,0,51,0,23,0,14,0,12,
0,255,252,98,249,3,1,79,1,235,251,144,6,83,253,242,249,217,188,0,142,1,5,1,25,0,119,0,51,0,23,0,15,0,12,
0,255,252,98,249,3,1,79,1,235,251,144,6,83,253,70,250,68,191,0,142,1,5,1,25,0,118,0,51,0,23,0,14,0,11,
0,5,253,158,249,255,0,79,1,235,251,144,6,18,252,70,250,68,191,0,143,1,6,1,25,0,118,0,51,0,22,0,14,0,12,
0,254,252,224,249,6,1,79,1,235,251,144,6,144,252,181,249,30,192,0,143,1,7,1,25,0,118,0,50,0,22,0,14,0,11,
0,254,252,224,249,4,1,79,1,235,251,144,6,169,252,106,249,202,189,0,143,1,6,1,25,0,118,0,51,0,23,0,15,0,12,
0,240,252,28,250,4,1,79,1,235,251,144,6,214,251,249,249,180,189,0,143,1,7,1,25,0,118,0,51,0,23,0,15,0,12,
0,237,252,105,250,25,1,79,1,235,251,144,6,214,251,249,249,79,190,0,144,1,7,1,25,0,118,0,51,0,23,0,15,0,12,
0,240,252,199,250,35,1,79,1,235,251,144,6,108,251,141,250,79,190,0,144,1,8,1,26,0,118,0,50,0,22,0,14,0,12,
0,240,252,199,250,35,1,69,1,239,251,196,5,84,252,147,250,36,191,0,144,1,8,1,27,0,118,0,51,0,22,0,14,0,11,
0,217,252,246,250,29,1,69,1,239,251,196,5,18,252,49,250,9,190,0,144,1,8,1,27,0,119,0,51,0,23,0,15,0,12,
0,219,252,60,251,11,1,69,1,239,251,196,5,18,251,36,250,254,187,0,144,1,8,1,27,0,118,0,51,0,22,0,15,0,12,
0,213,252,155,251,13,1,69,1,239,251,196,5,48,251,36,250,254,187,0,144,1,8,1,27,0,119,0,51,0,23,0,15,0,11,
0,213,252,155,251,13,1,69,1,239,251,196,5,31,250,132,250,113,189,0,144,1,8,1,27,0,119,0,51,0,23,0,15,0,12,
0,205,252,227,251,26,1,69,1,239,251,196,5,90,250,88,250,89,190,0,144,1,8,1,27,0,118,0,51,0,22,0,14,0,11,
0,200,252,73,252,51,1,69,1,239,251,196,5,166,250,201,249,166,190,0,144,1,8,1,27,0,119,0,51,0,23,0,15,0,12,
0,190,252,73,252,35,1,69,1,239,251,196,5,166,250,201,249,210,187,0,144,1,9,1,27,0,118,0,51,0,23,0,15,0,12,
0,190,252,139,252,35,1,69,1,239,251,196,5,35,251,64,249,210,187,0,143,1,8,1,25,0,118,0,51,0,23,0,14,0,11,
0,220,252,192,252,2,1,69,1,239,251,196,5,113,249,203,249,48,188,0,144,1,9,1,25,0,118,0,51,0,23,0,14,0,12,
0,232,252,21,253,8,1,69,1,239,251,196,5,137,250,81,250,35,191,0,143,1,9,1,25,0,118,0,51,0,22,0,14,0,11,
0,232,252,21,253,242,0,50,1,27,252,11,7,87,251,50,250,48,191,0,143,1,9,1,24,0,118,0,51,0,23,0,14,0,12,
0,253,252,73,253,242,0,50,1,27,252,11,7,87,251,50,250,48,191,0,143,1,9,1,24,0,117,0,50,0,23,0,14,0,12,
0,218,252,158,253,228,0,50,1,27,252,11,7,167,251,205,249,227,187,0,142,1,8,1,23,0,117,0,51,0,23,0,14,0,11,
0,171,252,210,253,212,0,50,1,27,252,11,7,71,250,15,250,3,188,0,143,1,9,1,23,0,117,0,50,0,22,0,14,0,11,
0,171,252,210,253,212,0,50,1,27,252,11,7,233,249,203,250,97,190,0,143,1,9,1,22,0,117,0,50,0,22,0,14,0,11,
0,146,252,253,253,210,0,50,1,27,252,11,7,233,249,41,250,89,190,0,142,1,8,1,21,0,117,0,51,0,23,0,14,0,12,
0,167,252,73,254,213,0,50,1,27,252,11,7,119,251,41,250,89,190,0,142,1,8,1,20,0,117,0,50,0,23,0,14,0,12,
0,206,252,140,254,232,0,50,1,27,252,11,7,189,250,209,249,229,187,0,142,1,8,1,20,0,116,0,50,0,23,0,14,0,11,
0,206,252,140,254,232,0,50,1,27,252,11,7,83,250,243,249,122,187,0,142,1,9,1,20,0,116,0,50,0,22,0,14,0,11,
0,197,252,243,254,226,0,50,1,27,252,11,7,228,248,133,250,34,189,0,141,1,8,1,19,0,116,0,50,0,23,0,15,0,12,
0,213,252,78,255,229,0,97,1,5,252,73,6,228,248,133,250,92,191,0,142,1,9,1,19,0,116,0,50,0,23,0,15,0,12,
0,233,252,78,255,221,0,97,1,5,252,73,6,41,250,136,250,92,191,0,142,1,9,1,19,0,116,0,50,0,23,0,14,0,12,
0,233,252,188,255,221,0,97,1,5,252,73,6,199,251,84,250,43,189,0,142,1,9,1,19,0,115,0,50,0,22,0,14,0,11,
0,235,252,13,0,223,0,97,1,5,252,73,6,170,251,80,250,200,186,0,142,1,11,1,20,0,115,0,49,0,22,0,14,0,12,
0,230,252,65,0,230,0,97,1,5,252,73,6,170,251,218,250,245,187,0,142,1,11,1,19,0,115,0,49,0,22,0,14,0,11,
0,230,252,65,0,13,1,97,1,5,252,73,6,131,250,218,250,245,187,0,142,1,11,1,19,0,115,0,44,0,22,0,15,0,12,
0,210,252,95,0,13,1,97,1,5,252,73,6,68,251,117,251,42,191,0,143,1,12,1,20,0,115,0,45,0,21,0,15,0,12,
0,213,252,125,0,1,1,97,1,5,252,73,6,113,252,13,251,103,189,0,142,1,11,1,20,0,115,0,46,0,21,0,14,0,11,
0,235,252,184,0,4,1,97,1,5,252,73,6,155,251,213,250,86,188,0,143,1,12,1,21,0,115,0,47,0,22,0,14,0,12,
0,235,252,184,0,4,1,97,1,5,252,73,6,155,251,213,250,89,188,0,143,1,13,1,21,0,115,0,47,0,21,0,14,0,11,
0,13,253,238,0,12,1,75,1,241,251,28,6,92,251,196,250,89,188,0,144,1,13,1,21,0,115,0,48,0,22,0,14,0,12,
0,6,253,41,1,18,1,75,1,241,251,28,6,61,251,11,251,85,190,0,144,1,14,1,22,0,115,0,48,0,21,0,14,0,12,
0,252,252,111,1,240,0,75,1,241,251,28,6,144,251,184,250,61,190,0,144,1,14,1,22,0,116,0,49,0,22,0,13,0,11,
0,252,252,111,1,240,0,75,1,241,251,28,6,189,251,255,250,242,188,0,144,1,16,1,23,0,116,0,49,0,21,0,14,0,12,
0,255,252,171,1,197,0,75,1,241,251,28,6,189,251,255,250,242,188,0,145,1,16,1,23,0,116,0,49,0,22,0,14,0,11,
0,2,253,230,1,192,0,75,1,241,251,28,6,193,251,63,251,143,189,0,145,1,16,1,23,0,116,0,50,0,22,0,14,0,12,
0,18,253,230,1,213,0,75,1,241,251,28,6,207,252,165,251,250,191,0,146,1,17,1,24,0,117,0,50,0,23,0,14,0,12,
0,18,253,238,1,213,0,75,1,241,251,28,6,98,254,71,251,112,190,0,147,1,17,1,24,0,117,0,50,0,23,0,14,0,12,
0,20,253,245,1,214,0,75,1,241,251,28,6,98,254,71,251,208,187,0,147,1,17,1,25,0,117,0,50,0,23,0,15,0,12,
0,12,253,6,2,202,0,75,1,241,251,28,6,3,254,3,251,208,187,0,148,1,18,1,26,0,117,0,50,0,22,0,14,0,11,
0,12,253,6,2,209,0,115,1,144,251,194,6,105,253,83,251,94,189,0,149,1,18,1,25,0,118,0,50,0,23,0,15,0,12,
0,24,253,19,2,209,0,115,1,144,251,194,6,107,253,178,251,120,192,0,149,1,18,1,26,0,118,0,51,0,23,0,15,0,12,
0,24,253,250,1,192,0,115,1,144,251,194,6,154,254,144,251,133,191,0,150,1,18,1,27,0,118,0,51,0,23,0,15,0,12,
0,246,252,253,1,169,0,115,1,144,251,194,6,154,254,144,251,133,191,0,151,1,19,1,28,0,118,0,51,0,23,0,15,0,12,
0,246,252,253,1,169,0,115,1,144,251,194,6,173,254,213,250,19,189,0,153,1,19,1,29,0,118,0,50,0,22,0,14,0,11,
0,18,253,33,2,164,0,115,1,144,251,194,6,53,254,25,251,24,189,0,154,1,19,1,29,0,119,0,51,0,23,0,14,0,12,
0,18,253,98,2,207,0,115,1,144,251,194,6,71,254,72,251,90,190,0,155,1,20,1,30,0,119,0,51,0,23,0,15,0,12,
0,63,253,131,2,200,0,115,1,144,251,194,6,71,254,96,251,214,191,0,157,1,20,1,31,0,119,0,55,0,23,0,14,0,11,
0,63,253,131,2,200,0,115,1,144,251,194,6,60,255,96,251,214,191,0,158,1,20,1,31,0,120,0,55,0,24,0,14,0,11,
0,57,253,154,2,173,0,115,1,144,251,194,6,83,0,115,251,173,190,0,161,1,21,1,33,0,119,0,53,0,21,0,13,0,11,
0,65,253,171,2,202,0,115,1,144,251,194,6,176,0,115,251,6,190,0,163,1,20,1,33,0,120,0,54,0,22,0,14,0,12,
0,65,253,171,2,225,0,82,1,165,251,15,7,178,0,196,251,45,192,0,165,1,21,1,34,0,121,0,53,0,23,0,14,0,12,
0,76,253,160,2,225,0,82,1,165,251,15,7,178,0,196,251,55,190,0,168,1,20,1,35,0,121,0,53,0,23,0,14,0,11,
0,88,253,127,2,249,0,82,1,165,251,15,7,52,1,86,251,55,190,0,170,1,21,1,35,0,121,0,52,0,22,0,14,0,11,
0,111,253,70,2,4,1,82,1,165,251,15,7,109,0,231,251,3,190,0,173,1,20,1,35,0,122,0,53,0,23,0,15,0,12,
0,111,253,70,2,229,0,82,1,165,251,15,7,230,0,40,252,90,192,0,175,1,20,1,35,0,122,0,53,0,23,0,14,0,12,
0,137,253,26,2,229,0,82,1,165,251,15,7,230,0,144,251,205,190,0,178,1,20,1,35,0,122,0,53,0,23,0,15,0,12,
0,116,253,10,2,213,0,82,1,165,251,15,7,191,1,144,251,205,190,0,181,1,20,1,36,0,122,0,52,0,22,0,14,0,11,
0,109,253,229,1,205,0,82,1,165,251,15,7,127,1,126,251,214,190,0,183,1,19,1,35,0,123,0,53,0,23,0,15,0,12,
0,109,253,229,1,205,0,82,1,165,251,15,7,209,1,0,252,156,191,0,186,1,20,1,35,0,122,0,53,0,22,0,14,0,12,
0,143,253,248,1,207,0,82,1,165,251,15,7,135,2,23,252,177,190,0,188,1,19,1,34,0,123,0,53,0,23,0,15,0,12,
0,209,253,213,1,228,0,56,1,159,251,26,6,135,2,23,252,172,192,0,191,1,19,1,34,0,123,0,54,0,23,0,15,0,12,
0,190,253,177,1,250,0,56,1,159,251,26,6,190,2,90,252,172,192,0,193,1,18,1,33,0,123,0,53,0,23,0,14,0,11,
0,190,253,177,1,250,0,56,1,159,251,26,6,102,3,205,251,97,191,0,196,1,19,1,33,0,122,0,53,0,23,0,14,0,11,
0,164,253,146,1,17,1,56,1,159,251,26,6,13,3,225,251,153,190,0,199,1,18,1,32,0,123,0,54,0,23,0,15,0,12,
0,180,253,96,1,17,1,56,1,159,251,26,6,34,2,235,251,48,191,0,201,1,17,1,31,0,122,0,53,0,25,0,15,0,12,
0,180,253,96,1,53,1,56,1,159,251,26,6,34,2,235,251,48,191,0,203,1,17,1,30,0,122,0,53,0,25,0,15,0,12,
0,214,253,58,1,53,1,56,1,159,251,26,6,90,2,140,252,59,194,0,206,1,16,1,30,0,122,0,53,0,24,0,15,0,12,
0,210,253,250,0,45,1,56,1,159,251,26,6,169,3,184,251,98,193,0,208,1,16,1,29,0,121,0,53,0,24,0,15,0,12,
0,191,253,206,0,66,1,56,1,159,251,26,6,138,2,97,251,6,190,0,211,1,16,1,28,0,120,0,52,0,23,0,14,0,11,
0,191,253,206,0,95,1,56,1,159,251,26,6,138,2,38,252,219,192,0,212,1,15,1,27,0,121,0,52,0,24,0,15,0,12,
0,233,253,169,0,95,1,25,1,149,251,222,5,194,1,38,252,219,192,0,215,1,16,1,26,0,120,0,52,0,23,0,15,0,12,
0,240,253,157,0,105,1,25,1,149,251,222,5,207,2,18,252,109,194,0,217,1,15,1,25,0,119,0,52,0,23,0,14,0,11,
0,251,253,151,0,103,1,25,1,149,251,222,5,83,3,135,251,205,192,0,220,1,15,1,25,0,119,0,51,0,22,0,14,0,12,
0,251,253,151,0,103,1,25,1,149,251,222,5,236,3,66,251,52,191,0,222,1,14,1,24,0,119,0,51,0,23,0,14,0,11,
0,9,254,85,0,113,1,25,1,149,251,222,5,236,3,66,251,52,191,0,224,1,14,1,22,0,118,0,52,0,23,0,15,0,12,
0,14,254,29,0,134,1,25,1,149,251,222,5,104,2,142,251,155,191,0,227,1,13,1,21,0,118,0,51,0,23,0,15,0,12,
0,2,254,225,255,155,1,25,1,149,251,222,5,139,2,2,252,253,194,0,229,1,12,1,20,0,117,0,51,0,23,0,14,0,11,
0,2,254,225,255,155,1,25,1,149,251,222,5,213,3,56,251,209,192,0,232,1,12,1,19,0,116,0,51,0,23,0,14,0,11,
0,245,253,208,255,166,1,25,1,149,251,222,5,213,3,134,251,172,190,0,233,1,11,1,17,0,116,0,51,0,23,0,15,0,12,
0,244,253,169,255,183,1,25,1,149,251,222,5,200,2,134,251,172,190,0,236,1,10,1,16,0,116,0,51,0,23,0,15,0,12,
0,244,253,169,255,169,1,34,1,159,251,70,6,150,1,201,251,251,192,0,238,1,9,1,15,0,116,0,51,0,21,0,14,0,12,
0,243,253,105,255,169,1,34,1,159,251,70,6,233,1,6,252,114,194,0,239,1,9,1,14,0,115,0,50,0,21,0,14,0,11,
0,17,254,70,255,156,1,34,1,159,251,70,6,74,3,35,251,75,192,0,242,1,9,1,13,0,114,0,49,0,21,0,13,0,11,
0,248,253,33,255,170,1,34,1,159,251,70,6,74,3,35,251,227,190,0,243,1,8,1,11,0,114,0,49,0,22,0,14,0,12,
0,248,253,33,255,170,1,34,1,159,251,70,6,72,2,74,251,227,190,0,245,1,8,1,10,0,113,0,49,0,22,0,14,0,12,
0,8,254,251,254,185,1,34,1,159,251,70,6,53,1,182,251,248,192,0,247,1,6,1,9,0,112,0,49,0,22,0,14,0,12,
0,253,253,238,254,215,1,34,1,159,251,70,6,155,2,203,251,40,194,0,248,1,6,1,8,0,111,0,49,0,21,0,14,0,11,
0,245,253,195,254,204,1,34,1,159,251,70,6,155,2,97,251,50,191,0,251,1,6,1,8,0,111,0,48,0,21,0,14,0,12,
0,245,253,195,254,204,1,34,1,159,251,70,6,106,2,97,251,50,191,0,252,1,5,1,6,0,110,0,47,0,21,0,13,0,11,
0,241,253,152,254,159,1,34,1,159,251,70,6,116,1,31,252,142,191,0,253,1,4,1,5,0,110,0,48,0,21,0,14,0,12,
0,10,254,113,254,177,1,34,1,159,251,70,6,106,1,235,251,103,192,0,254,1,3,1,4,0,110,0,48,0,21,0,14,0,11,
0,49,254,106,254,202,1,7,1,215,251,89,6,70,1,181,251,193,193,1,0,1,3,1,3,0,109,0,47,0,21,0,13,0,11,
0,49,254,106,254,202,1,7,1,215,251,89,6,70,1,181,251,42,193,1,2,1,3,1,3,0,108,0,46,0,20,0,14,0,11,
0,46,254,105,254,221,1,7,1,215,251,89,6,123,1,197,251,42,193,1,3,1,2,1,1,0,108,0,46,0,20,0,13,0,11,
0,56,254,71,254,216,1,7,1,215,251,89,6,2,1,98,251,210,191,1,4,1,1,1,0,0,108,0,47,0,21,0,14,0,11,
0,56,254,71,254,222,1,7,1,215,251,89,6,91,0,153,251,244,190,1,5,1,1,1,0,0,107,0,46,0,20,0,14,0,12,
0,60,254,82,254,222,1,7,1,215,251,89,6,144,255,51,252,177,193,1,6,1,1,0,254,0,107,0,46,0,23,0,14,0,11,
0,86,254,66,254,222,1,7,1,215,251,89,6,144,255,51,252,177,193,1,7,1,0,0,254,0,106,0,46,0,23,0,14,0,12,
0,93,254,83,254,236,1,7,1,215,251,89,6,232,0,6,252,250,193,1,8,1,0,0,253,0,105,0,45,0,21,0,14,0,11,
0,93,254,83,254,236,1,7,1,215,251,89,6,36,1,166,251,240,191,1,9,0,255,0,252,0,106,0,46,0,22,0,14,0,12,
0,107,254,76,254,237,1,7,1,215,251,89,6,41,0,240,251,222,190,1,10,0,255,0,252,0,105,0,46,0,21,0,14,0,12,
0,138,254,36,254,249,1,79,1,191,251,203,5,41,0,51,252,23,192,1,11,0,255,0,252,0,104,0,45,0,20,0,13,0,11,
0,166,254,5,254,241,1,79,1,191,251,203,5,182,255,51,252,23,192,1,11,0,254,0,251,0,105,0,45,0,21,0,14,0,11,
0,166,254,5,254,241,1,79,1,191,251,203,5,190,255,147,252,185,192,1,13,0,254,0,251,0,104,0,45,0,20,0,13,0,11,
0,166,254,14,254,254,1,79,1,191,251,203,5,112,255,27,252,1,192,1,13,0,253,0,250,0,104,0,45,0,21,0,14,0,12,
0,182,254,28,254,3,2,79,1,191,251,203,5,89,255,31,252,111,192,1,14,0,253,0,250,0,104,0,45,0,21,0,14,0,12,
0,205,254,41,254,253,1,79,1,191,251,203,5,89,255,31,252,13,192,1,14,0,253,0,250,0,103,0,44,0,20,0,13,0,11,
0,205,254,41,254,253,1,79,1,191,251,203,5,185,254,233,251,13,192,1,15,0,252,0,249,0,104,0,45,0,21,0,14,0,11,
0,242,254,61,254,235,1,79,1,191,251,203,5,94,255,213,251,30,193,1,16,0,253,0,250,0,102,0,44,0,20,0,13,0,11,
0,221,254,86,254,206,1,79,1,191,251,203,5,140,255,187,251,178,191,1,16,0,252,0,249,0,103,0,44,0,20,0,14,0,11,
0,221,254,86,254,214,1,79,1,191,251,203,5,140,255,175,251,49,191,1,16,0,252,0,249,0,103,0,44,0,20,0,13,0,11,
0,197,254,137,254,214,1,55,1,134,251,75,6,250,254,175,251,49,191,1,16,0,252,0,250,0,103,0,44,0,20,0,13,0,11,
0,231,254,136,254,212,1,55,1,134,251,75,6,153,254,8,252,89,192,1,17,0,252,0,251,0,102,0,43,0,20,0,13,0,11,
0,50,255,132,254,214,1,55,1,134,251,75,6,125,254,84,252,163,193,1,17,0,252,0,250,0,102,0,38,0,20,0,14,0,12,
0,50,255,132,254,214,1,55,1,134,251,75,6,187,255,255,251,29,193,1,17,0,252,0,251,0,103,0,40,0,19,0,14,0,12,
0,39,255,155,254,199,1,55,1,134,251,75,6,187,255,255,251,49,192,1,17,0,252,0,251,0,103,0,41,0,19,0,14,0,12,
0,45,255,198,254,199,1,55,1,134,251,75,6,161,255,117,251,49,192,1,18,0,252,0,252,0,102,0,41,0,19,0,13,0,11,
0,25,255,227,254,198,1,55,1,134,251,75,6,192,254,200,251,183,190,1,17,0,252,0,252,0,104,0,42,0,20,0,14,0,12,
0,25,255,227,254,198,1,55,1,134,251,75,6,24,254,241,251,46,192,1,18,0,253,0,252,0,103,0,42,0,19,0,13,0,11,
0,36,255,234,254,176,1,55,1,134,251,75,6,77,254,198,251,230,192,1,18,0,252,0,252,0,104,0,43,0,20,0,14,0,12,
0,49,255,12,255,166,1,55,1,134,251,75,6,77,254,198,251,230,192,1,18,0,253,0,252,0,104,0,43,0,20,0,13,0,12,
0,86,255,13,255,149,1,57,1,91,251,13,6,96,255,188,251,100,193,1,18,0,253,0,253,0,104,0,43,0,20,0,13,0,11,
0,86,255,13,255,149,1,57,1,91,251,13,6,6,255,111,251,83,192,1,18,0,253,0,253,0,104,0,43,0,19,0,13,0,11,
0,95,255,62,255,105,1,57,1,91,251,13,6,209,254,120,251,153,191,1,19,0,254,0,254,0,104,0,43,0,20,0,13,0,11,
0,89,255,95,255,110,1,57,1,91,251,13,6,209,254,120,251,183,192,1,18,0,253,0,253,0,104,0,44,0,20,0,14,0,11,
0,89,255,95,255,133,1,57,1,91,251,13,6,194,254,221,251,183,192,1,18,0,254,0,253,0,104,0,44,0,20,0,14,0,11,
0,52,255,86,255,133,1,57,1,91,251,13,6,81,255,245,251,114,193,1,19,0,254,0,254,0,104,0,44,0,20,0,13,0,11,
0,62,255,106,255,125,1,57,1,91,251,13,6,121,255,6,252,195,192,1,19,0,254,0,254,0,104,0,43,0,20,0,13,0,11,
0,81,255,107,255,104,1,57,1,91,251,13,6,94,255,190,251,186,192,1,19,0,254,0,254,0,104,0,44,0,20,0,14,0,12,
0,81,255,107,255,104,1,57,1,91,251,13,6,94,255,190,251,186,192,1,19,0,254,0,254,0,104,0,44,0,20,0,14,0,11,
0,79,255,104,255,92,1,57,1,91,251,13,6,103,255,184,251,137,191,1,19,0,254,0,254,0,104,0,44,0,20,0,13,0,12,
0,75,255,133,255,111,1,57,1,127,251,247,6,44,255,175,251,229,191,1,20,0,255,0,254,0,104,0,44,0,20,0,13,0,11,
0,90,255,157,255,100,1,105,1,127,251,247,6,160,254,205,251,173,192,1,20,0,254,0,254,0,104,0,44,0,20,0,14,0,12,
0,90,255,157,255,100,1,105,1,127,251,247,6,160,254,193,251,21,194,1,20,0,255,0,255,0,104,0,44,0,20,0,13,0,11,
0,99,255,200,255,106,1,105,1,127,251,247,6,147,255,193,251,21,194,1,20,0,255,0,255,0,104,0,44,0,21,0,14,0,11,
0,87,255,201,255,110,1,105,1,127,251,247,6,167,255,109,251,99,191,1,21,1,0,0,255,0,105,0,48,0,21,0,14,0,11,
0,120,255,218,255,88,1,105,1,127,251,247,6,125,255,172,251,152,191,1,21,1,0,1,0,0,105,0,47,0,19,0,13,0,11,
0,120,255,218,255,88,1,105,1,127,251,247,6,27,255,229,251,91,193,1,22,1,0,1,0,0,105,0,46,0,19,0,13,0,11,
0,118,255,220,255,90,1,105,1,127,251,247,6,27,255,229,251,210,193,1,22,1,0,1,0,0,105,0,47,0,20,0,13,0,12,
0,122,255,232,255,76,1,105,1,127,251,247,6,251,255,158,251,210,193,1,22,1,0,1,1,0,105,0,47,0,20,0,14,0,11,
0,122,255,232,255,59,1,105,1,127,251,247,6,160,0,77,251,35,192,1,22,1,0,1,1,0,106,0,46,0,20,0,14,0,11,
0,131,255,224,255,59,1,105,1,127,251,247,6,181,255,110,251,234,191,1,23,1,0,1,1,0,106,0,46,0,20,0,13,0,11,
0,120,255,216,255,77,1,71,1,195,251,244,5,181,255,194,251,138,193,1,23,1,1,1,2,0,105,0,45,0,20,0,13,0,11,
0,131,255,210,255,78,1,71,1,195,251,244,5,150,255,194,251,138,193,1,23,1,0,1,1,0,106,0,46,0,20,0,14,0,12,
0,131,255,210,255,78,1,71,1,195,251,244,5,38,0,145,251,12,194,1,23,1,0,1,2,0,106,0,46,0,20,0,14,0,11,
0,166,255,232,255,102,1,71,1,195,251,244,5,225,0,4,251,202,191,1,23,1,1,1,3,0,106,0,45,0,20,0,13,0,11,
0,150,255,233,255,114,1,71,1,195,251,244,5,48,0,75,251,48,191,1,23,1,1,1,2,0,106,0,45,0,20,0,13,0,11,
0,155,255,228,255,97,1,71,1,195,251,244,5,48,0,75,251,181,193,1,23,1,1,1,2,0,106,0,45,0,19,0,13,0,11,
0,155,255,228,255,97,1,71,1,195,251,244,5,88,255,194,251,181,193,1,23,1,0,1,2,0,106,0,45,0,19,0,13,0,11,
0,175,255,5,0,89,1,71,1,195,251,244,5,152,0,53,251,21,194,1,22,1,0,1,2,0,107,0,45,0,20,0,13,0,11,
0,176,255,31,0,95,1,71,1,195,251,244,5,210,0,63,251,139,192,1,22,0,255,1,2,0,107,0,46,0,20,0,13,0,11,
0,191,255,31,0,103,1,71,1,195,251,244,5,169,0,224,250,36,191,1,22,1,0,1,2,0,107,0,45,0,20,0,13,0,11,
0,191,255,25,0,103,1,80,1,94,251,157,6,169,0,224,250,36,191,1,22,1,0,1,1,0,106,0,45,0,19,0,13,0,11,
0,158,255,42,0,99,1,80,1,94,251,157,6,250,255,100,251,29,193,1,22,0,255,1,1,0,107,0,46,0,20,0,14,0,11,
0,150,255,54,0,93,1,80,1,94,251,157,6,145,0,91,251,50,194,1,21,0,255,1,1,0,107,0,46,0,21,0,14,0,11,
0,150,255,54,0,152,1,80,1,94,251,157,6,39,1,208,250,204,191,1,21,0,255,1,2,0,107,0,46,0,20,0,14,0,12,
0,160,255,57,0,152,1,80,1,94,251,157,6,39,1,170,250,113,190,1,20,0,255,1,1,0,107,0,46,0,20,0,13,0,11,
0,141,255,72,0,201,1,80,1,94,251,157,6,93,0,170,250,113,190,1,20,0,255,1,0,0,107,0,46,0,20,0,14,0,12,
0,132,255,85,0,214,1,80,1,94,251,157,6,121,255,86,251,132,193,1,20,0,255,0,255,0,106,0,45,0,21,0,13,0,11,
0,132,255,85,0,214,1,80,1,94,251,157,6,160,0,0,251,111,194,1,20,0,254,0,255,0,106,0,46,0,22,0,14,0,11,
0,144,255,96,0,157,1,80,1,94,251,157,6,181,0,189,250,220,191,1,19,0,255,1,0,0,106,0,46,0,20,0,14,0,12,
0,139,255,120,0,143,1,80,1,94,251,157,6,181,0,189,250,220,191,1,19,0,255,1,1,0,105,0,45,0,19,0,13,0,11,
0,154,255,120,0,164,1,75,1,167,251,132,6,171,255,65,251,139,191,1,17,0,255,0,255,0,106,0,46,0,22,0,14,0,12,
0,154,255,120,0,164,1,75,1,167,251,132,6,38,0,76,251,235,192,1,18,0,255,0,254,0,105,0,45,0,21,0,14,0,11,
0,163,255,145,0,147,1,75,1,167,251,132,6,152,0,10,251,70,193,1,17,0,255,0,253,0,105,0,45,0,22,0,14,0,12,
0,143,255,157,0,138,1,75,1,167,251,132,6,152,0,216,250,220,191,1,17,0,254,0,253,0,105,0,45,0,21,0,14,0,12,
0,99,255,157,0,153,1,75,1,167,251,132,6,149,0,216,250,220,191,1,16,0,254,0,254,0,105,0,45,0,20,0,13,0,11,
0,99,255,142,0,153,1,75,1,167,251,132,6,230,255,10,251,109,191,1,16,0,255,0,254,0,104,0,44,0,20,0,13,0,11,
0,86,255,143,0,165,1,75,1,167,251,132,6,95,255,17,251,221,192,1,14,0,255,0,253,0,105,0,45,0,21,0,14,0,11,
0,114,255,159,0,153,1,75,1,167,251,132,6,90,0,210,250,56,194,1,14,0,255,0,251,0,104,0,44,0,21,0,14,0,11,
0,114,255,159,0,152,1,75,1,167,251,132,6,90,0,210,250,110,191,1,15,0,254,0,250,0,104,0,44,0,20,0,13,0,11,
0,164,255,159,0,152,1,75,1,167,251,132,6,10,1,132,250,110,191,1,14,0,254,0,250,0,104,0,44,0,20,0,13,0,11,
0,153,255,183,0,165,1,54,1,166,251,244,6,161,255,159,250,251,190,1,13,0,254,0,251,0,104,0,44,0,20,0,14,0,11,
0,117,255,198,0,166,1,54,1,166,251,244,6,198,255,238,250,107,192,1,13,0,255,0,251,0,103,0,44,0,20,0,13,0,11,
0,117,255,198,0,166,1,54,1,166,251,244,6,198,0,192,250,0,194,1,12,0,255,0,250,0,104,0,44,0,21,0,14,0,11,
0,80,255,198,0,169,1,54,1,166,251,244,6,232,0,192,250,0,194,1,13,0,255,0,248,0,102,0,44,0,20,0,14,0,11,
0,88,255,198,0,175,1,54,1,166,251,244,6,21,1,145,250,48,192,1,12,0,254,0,248,0,103,0,44,0,20,0,14,0,11,
0,107,255,212,0,189,1,54,1,166,251,244,6,153,0,184,250,174,190,1,12,0,254,0,248,0,103,0,44,0,20,0,14,0,12,
0,107,255,212,0,189,1,54,1,166,251,244,6,167,255,207,250,58,192,1,12,0,254,0,249,0,102,0,43,0,20,0,13,0,11,
0,124,255,198,0,181,1,54,1,166,251,244,6,167,255,207,250,197,193,1,11,0,254,0,249,0,103,0,44,0,21,0,14,0,12,
0,97,255,167,0,182,1,54,1,166,251,244,6,95,0,238,250,197,193,1,11,0,254,0,248,0,102,0,43,0,20,0,13,0,11,
0,81,255,167,0,180,1,54,1,166,251,244,6,48,1,176,250,207,192,1,11,0,254,0,247,0,102,0,44,0,20,0,13,0,11,
0,81,255,168,0,180,1,54,1,166,251,244,6,168,0,37,250,252,189,1,12,0,254,0,247,0,101,0,43,0,20,0,14,0,12,
0,112,255,139,0,197,1,92,1,174,251,201,5,113,0,152,250,179,191,1,11,0,254,0,247,0,101,0,43,0,20,0,13,0,11,
0,158,255,145,0,156,1,92,1,174,251,201,5,113,0,152,250,179,191,1,11,0,253,0,247,0,102,0,43,0,20,0,14,0,11,
0,158,255,145,0,189,1,92,1,174,251,201,5,178,255,250,250,227,192,1,10,0,253,0,247,0,102,0,44,0,20,0,14,0,11,
0,116,255,165,0,189,1,92,1,174,251,201,5,66,1,211,250,211,193,1,11,0,253,0,246,0,101,0,43,0,19,0,13,0,11,
0,119,255,180,0,202,1,92,1,174,251,201,5,124,1,85,250,50,191,1,11,0,253,0,245,0,101,0,43,0,19,0,14,0,11,
0,96,255,159,0,195,1,92,1,174,251,201,5,124,1,103,250,173,189,1,11,0,253,0,246,0,101,0,42,0,19,0,13,0,11,
0,96,255,159,0,195,1,92,1,174,251,201,5,168,0,103,250,173,189,1,10,0,253,0,246,0,101,0,43,0,20,0,13,0,11,
0,96,255,163,0,175,1,92,1,174,251,201,5,37,0,56,251,201,191,1,10,0,253,0,247,0,100,0,42,0,19,0,13,0,11,
0,87,255,158,0,185,1,92,1,174,251,201,5,104,0,114,251,85,194,1,9,0,253,0,246,0,101,0,43,0,19,0,13,0,11,
0,83,255,162,0,181,1,92,1,174,251,201,5,19,2,120,250,89,191,1,10,0,253,0,245,0,100,0,42,0,19,0,13,0,11,
0,83,255,162,0,181,1,90,1,189,251,8,6,19,2,120,250,66,191,1,10,0,252,0,245,0,100,0,42,0,19,0,13,0,11,
0,133,255,152,0,175,1,90,1,189,251,8,6,5,1,21,251,66,191,1,10,0,251,0,245,0,101,0,43,0,20,0,13,0,11,
0,107,255,176,0,167,1,90,1,189,251,8,6,189,255,67,251,240,189,1,10,0,251,0,246,0,101,0,43,0,20,0,14,0,12,
0,107,255,176,0,141,1,90,1,189,251,8,6,132,0,142,251,40,193,1,10,0,252,0,247,0,100,0,42,0,19,0,13,0,11,
0,115,255,144,0,141,1,90,1,189,251,8,6,132,0,233,250,217,191,1,9,0,252,0,247,0,101,0,43,0,20,0,14,0,12,
0,93,255,134,0,126,1,90,1,189,251,8,6,222,1,233,250,217,191,1,10,0,253,0,247,0,101,0,42,0,19,0,13,0,11,
0,87,255,145,0,146,1,90,1,189,251,8,6,33,1,200,250,230,188,1,10,0,252,0,246,0,101,0,43,0,20,0,14,0,12,
0,87,255,145,0,152,1,90,1,189,251,8,6,7,0,186,251,69,190,1,10,0,252,0,245,0,101,0,43,0,20,0,14,0,12,
0,125,255,134,0,152,1,90,1,189,251,8,6,244,0,195,251,56,194,1,11,0,252,0,246,0,101,0,43,0,20,0,13,0,11,
0,130,255,107,0,172,1,90,1,189,251,8,6,244,0,195,251,122,191,1,10,0,252,0,247,0,100,0,37,0,19,0,14,0,12,
0,136,255,78,0,187,1,56,1,101,251,190,6,218,1,56,251,122,191,1,10,0,252,0,248,0,100,0,38,0,18,0,13,0,11,
0,136,255,78,0,187,1,56,1,101,251,190,6,42,1,113,251,9,190,1,9,0,253,0,248,0,101,0,40,0,19,0,14,0,12,
0,153,255,70,0,135,1,56,1,101,251,190,6,95,0,11,252,163,190,1,10,0,253,0,248,0,101,0,41,0,19,0,13,0,11,
0,202,255,61,0,119,1,56,1,101,251,190,6,3,1,215,251,119,192,1,10,0,253,0,247,0,101,0,41,0,19,0,13,0,11,
0,200,255,33,0,105,1,56,1,101,251,190,6,3,1,215,251,119,192,1,11,0,253,0,247,0,101,0,41,0,18,0,13,0,11,
0,200,255,33,0,105,1,56,1,101,251,190,6,225,1,137,251,82,192,1,11,0,253,0,247,0,101,0,41,0,19,0,13,0,11,
0,196,255,26,0,113,1,56,1,101,251,190,6,179,1,104,251,109,188,1,11,0,253,0,247,0,101,0,42,0,20,0,13,0,11,
0,168,255,20,0,118,1,56,1,101,251,190,6,16,0,39,252,161,189,1,11,0,253,0,247,0,101,0,42,0,20,0,13,0,11,
0,168,255,20,0,87,1,56,1,101,251,190,6,16,0,39,252,130,193,1,11,0,254,0,248,0,101,0,42,0,19,0,13,0,11,
0,164,255,16,0,87,1,56,1,101,251,190,6,214,0,26,252,130,193,1,12,0,254,0,249,0,101,0,42,0,19,0,13,0,11,
0,190,255,20,0,78,1,56,1,125,251,58,6,130,2,159,251,26,191,1,12,0,255,0,249,0,101,0,42,0,19,0,13,0,11,
0,212,255,10,0,104,1,56,1,125,251,58,6,200,1,111,251,201,189,1,12,0,255,0,248,0,102,0,43,0,20,0,14,0,11,
0,212,255,10,0,94,1,56,1,125,251,58,6,145,255,141,252,224,188,1,12,0,255,0,248,0,102,0,43,0,20,0,14,0,12,
0,191,255,255,255,94,1,56,1,125,251,58,6,145,255,141,252,224,188,1,13,0,255,0,248,0,102,0,43,0,20,0,13,0,11,
0,179,255,244,255,59,1,56,1,125,251,58,6,184,1,48,252,29,193,1,13,1,0,0,249,0,101,0,42,0,19,0,14,0,12,
0,215,255,219,255,30,1,56,1,125,251,58,6,97,2,75,251,80,188,1,14,1,0,0,249,0,101,0,43,0,20,0,13,0,11,
0,215,255,219,255,30,1,56,1,125,251,58,6,139,255,95,252,101,189,1,14,1,0,0,249,0,102,0,43,0,20,0,14,0,12,
0,191,255,185,255,8,1,56,1,125,251,58,6,139,255,80,252,69,192,1,14,1,0,0,250,0,102,0,43,0,20,0,13,0,11,
0,208,255,199,255,249,0,56,1,125,251,58,6,126,1,80,252,69,192,1,14,1,1,0,251,0,102,0,43,0,19,0,13,0,11,
0,229,255,223,255,238,0,56,1,125,251,58,6,207,1,165,251,115,189,1,15,1,1,0,251,0,102,0,43,0,19,0,14,0,12,
0,229,255,223,255,238,0,56,1,125,251,58,6,151,0,211,251,140,188,1,15,1,2,0,251,0,102,0,43,0,20,0,13,0,11,
0,253,255,202,255,238,0,234,0,201,251,102,6,208,0,24,252,215,190,1,15,1,1,0,251,0,103,0,47,0,21,0,13,0,11,
0,19,0,196,255,195,0,234,0,201,251,102,6,208,0,24,252,44,190,1,16,1,2,0,252,0,103,0,47,0,21,0,13,0,11,
0,19,0,196,255,206,0,234,0,201,251,102,6,146,1,231,251,44,190,1,16,1,3,0,253,0,103,0,45,0,20,0,13,0,11,
0,46,0,218,255,206,0,234,0,201,251,102,6,143,1,194,251,224,188,1,16,1,2,0,253,0,104,0,46,0,21,0,14,0,11,
0,24,0,250,255,229,0,234,0,201,251,102,6,14,1,92,252,99,190,1,17,1,3,0,254,0,103,0,45,0,20,0,13,0,11,
0,240,255,206,255,234,0,234,0,201,251,102,6,14,1,29,252,166,189,1,17,1,3,0,254,0,104,0,45,0,21,0,14,0,11,
0,240,255,206,255,234,0,234,0,201,251,102,6,217,1,29,252,166,189,1,16,1,3,0,254,0,104,0,45,0,21,0,14,0,11,
0,239,255,177,255,223,0,234,0,201,251,102,6,183,1,197,251,58,189,1,17,1,3,0,254,0,103,0,44,0,20,0,13,0,11,
0,254,255,164,255,192,0,234,0,201,251,102,6,106,1,216,251,97,190,1,17,1,3,0,254,0,104,0,44,0,20,0,14,0,11,
0,22,0,179,255,194,0,234,0,201,251,102,6,117,1,251,251,76,190,1,17,1,4,0,255,0,104,0,44,0,20,0,13,0,11,
0,22,0,179,255,194,0,93,1,151,251,79,6,117,1,251,251,152,190,1,17,1,3,0,254,0,104,0,44,0,21,0,14,0,12,
0,44,0,197,255,197,0,93,1,151,251,79,6,18,1,244,251,152,190,1,17,1,3,0,255,0,104,0,45,0,20,0,14,0,11,
0,23,0,195,255,208,0,93,1,151,251,79,6,210,1,120,251,136,190,1,17,1,4,0,255,0,104,0,44,0,20,0,13,0,11,
0,23,0,191,255,204,0,93,1,151,251,79,6,126,1,148,251,202,189,1,17,1,4,0,255,0,104,0,45,0,21,0,14,0,12,
0,23,0,191,255,204,0,93,1,151,251,79,6,237,0,254,251,60,190,1,17,1,4,0,255,0,104,0,44,0,20,0,13,0,11,
0,67,0,199,255,195,0,93,1,151,251,79,6,237,0,254,251,60,190,1,16,1,4,0,255,0,105,0,45,0,21,0,14,0,12,
0,70,0,202,255,195,0,93,1,151,251,79,6,38,1,183,251,94,190,1,16,1,3,0,255,0,105,0,45,0,21,0,14,0,12,
0,70,0,202,255,171,0,93,1,151,251,79,6,34,1,34,251,171,189,1,16,1,3,0,255,0,104,0,44,0,20,0,13,0,11,
0,58,0,170,255,171,0,93,1,151,251,79,6,182,0,163,251,232,189,1,16,1,4,1,0,0,105,0,44,0,18,0,14,0,11,
0,55,0,152,255,179,0,93,1,151,251,79,6,182,0,174,251,99,191,1,16,1,4,0,255,0,105,0,44,0,20,0,13,0,11,
0,46,0,174,255,198,0,84,1,159,251,182,6,205,0,174,251,99,191,1,16,1,3,0,255,0,105,0,45,0,21,0,14,0,12,
0,46,0,174,255,198,0,84,1,159,251,182,6,202,0,67,251,158,189,1,15,1,3,0,255,0,105,0,45,0,21,0,14,0,11,
0,40,0,212,255,188,0,84,1,159,251,182,6,29,0,255,250,193,188,1,15,1,3,0,255,0,104,0,44,0,20,0,13,0,11,
0,61,0,209,255,164,0,84,1,159,251,182,6,24,0,70,251,185,190,1,14,1,2,0,255,0,105,0,45,0,21,0,14,0,12,
0,45,0,184,255,174,0,84,1,159,251,182,6,24,0,70,251,77,191,1,14,1,3,0,255,0,104,0,44,0,20,0,13,0,11,
0,45,0,184,255,174,0,84,1,159,251,182,6,248,0,251,250,77,191,1,14,1,2,0,255,0,105,0,45,0,21,0,14,0,11,
0,2,0,206,255,192,0,84,1,159,251,182,6,194,0,237,250,187,189,1,13,1,2,0,254,0,105,0,45,0,21,0,14,0,11,
0,41,0,217,255,204,0,84,1,159,251,182,6,54,0,219,250,113,189,1,13,1,3,0,255,0,104,0,44,0,20,0,13,0,11,
0,64,0,212,255,188,0,84,1,159,251,182,6,54,0,16,251,162,190,1,13,1,2,0,254,0,105,0,44,0,20,0,14,0,11,
0,64,0,212,255,188,0,84,1,159,251,182,6,30,0,16,251,162,190,1,13,1,2,0,254,0,104,0,44,0,20,0,13,0,11,
0,70,0,224,255,173,0,86,1,122,251,64,6,6,1,16,251,183,190,1,12,1,1,0,253,0,105,0,44,0,21,0,14,0,12,
0,42,0,210,255,167,0,86,1,122,251,64,6,24,0,156,250,101,190,1,12,1,1,0,253,0,104,0,44,0,21,0,14,0,12,
0,42,0,210,255,170,0,86,1,122,251,64,6,120,0,152,250,228,189,1,12,1,1,0,253,0,104,0,44,0,20,0,13,0,11,
0,247,255,191,255,170,0,86,1,122,251,64,6,120,0,152,250,132,189,1,12,1,0,0,252,0,104,0,45,0,21,0,14,0,12,
0,228,255,151,255,166,0,86,1,122,251,64,6,96,0,18,251,132,189,1,12,1,0,0,252,0,104,0,44,0,20,0,13,0,11,
0,229,255,126,255,134,0,86,1,122,251,64,6,223,255,229,250,188,189,1,12,1,0,0,251,0,104,0,44,0,21,0,14,0,12,
0,229,255,126,255,134,0,86,1,122,251,64,6,123,0,35,251,115,190,1,12,0,255,0,250,0,104,0,45,0,21,0,14,0,12,
0,239,255,130,255,130,0,86,1,122,251,64,6,179,0,144,250,82,189,1,12,0,255,0,250,0,104,0,44,0,20,0,14,0,12,
0,233,255,159,255,146,0,86,1,122,251,64,6,179,0,144,250,82,189,1,12,0,255,0,249,0,104,0,45,0,21,0,14,0,12,
0,227,255,214,255,159,0,86,1,122,251,64,6,203,255,195,250,136,189,1,12,0,255,0,248,0,102,0,44,0,20,0,13,0,11,
0,227,255,214,255,159,0,86,1,122,251,204,5,102,0,64,251,130,191,1,12,0,254,0,247,0,103,0,44,0,21,0,14,0,12,
0,230,255,243,255,150,0,75,1,182,251,204,5,136,0,3,251,185,190,1,12,0,254,0,247,0,102,0,44,0,20,0,14,0,11,
0,238,255,212,255,108,0,75,1,182,251,204,5,136,0,3,250,78,189,1,12,0,254,0,246,0,102,0,44,0,20,0,13,0,11,
0,235,255,214,255,121,0,75,1,182,251,204,5,112,0,236,250,78,189,1,12,0,254,0,246,0,101,0,43,0,20,0,14,0,11,
0,235,255,214,255,121,0,75,1,182,251,204,5,241,255,95,251,33,190,1,12,0,253,0,245,0,101,0,43,0,20,0,13,0,11,
0,211,255,241,255,121,0,75,1,182,251,204,5,173,0,149,251,80,191,1,12,0,252,0,244,0,101,0,43,0,20,0,13,0,11,
0,197,255,235,255,93,0,75,1,182,251,204,5,198,0,105,251,195,189,1,12,0,252,0,243,0,100,0,43,0,20,0,13,0,11,
0,197,255,235,255,75,0,75,1,182,251,204,5,198,0,105,251,195,189,1,12,0,252,0,243,0,100,0,43,0,19,0,13,0,11,
0,204,255,235,255,75,0,75,1,182,251,204,5,6,0,107,251,220,188,1,12,0,252,0,243,0,99,0,42,0,20,0,13,0,11,
0,213,255,22,0,56,0,75,1,182,251,204,5,6,0,201,251,30,190,1,12,0,252,0,242,0,99,0,42,0,19,0,13,0,11,
0,203,255,13,0,65,0,75,1,182,251,204,5,164,0,223,251,168,190,1,12,0,251,0,242,0,100,0,43,0,20,0,13,0,11,
0,203,255,13,0,65,0,12,1,210,251,190,5,164,0,239,251,74,190,1,12,0,251,0,241,0,99,0,42,0,20,0,13,0,11,
0,213,255,1,0,81,0,12,1,210,251,190,5,186,0,239,251,74,190,1,12,0,251,0,241,0,99,0,42,0,19,0,13,0,11,
0,218,255,23,0,84,0,12,1,210,251,190,5,132,0,240,251,91,189,1,11,0,250,0,241,0,99,0,43,0,20,0,14,0,12,
0,219,255,14,0,45,0,12,1,210,251,190,5,142,0,73,252,90,189,1,12,0,250,0,241,0,99,0,42,0,19,0,13,0,11,
0,219,255,14,0,45,0,12,1,210,251,190,5,141,0,240,252,250,189,1,11,0,249,0,241,0,99,0,42,0,20,0,13,0,11,
0,220,255,18,0,54,0,12,1,210,251,190,5,141,0,240,252,66,190,1,11,0,250,0,241,0,98,0,42,0,19,0,13,0,11,
0,242,255,22,0,57,0,12,1,210,251,190,5,23,1,157,252,66,190,1,11,0,249,0,241,0,99,0,42,0,20,0,13,0,11,
0,250,255,252,255,68,0,12,1,210,251,190,5,218,0,116,252,168,188,1,11,0,249,0,241,0,98,0,41,0,20,0,14,0,11,
0,250,255,252,255,68,0,12,1,210,251,190,5,215,255,246,252,178,189,1,11,0,249,0,241,0,98,0,41,0,19,0,13,0,11,
0,246,255,235,255,65,0,12,1,210,251,190,5,215,1,233,252,248,190,1,10,0,248,0,241,0,99,0,42,0,20,0,13,0,12,
0,255,255,241,255,24,0,53,1,209,251,53,6,86,1,233,252,248,190,1,10,0,248,0,242,0,98,0,42,0,20,0,14,0,11,
0,255,255,241,255,14,0,53,1,209,251,53,6,24,1,196,252,158,189,1,10,0,248,0,242,0,98,0,41,0,19,0,13,0,11,
0,239,255,6,0,14,0,53,1,209,251,53,6,197,0,65,253,116,188,1,9,0,248,0,243,0,98,0,41,0,19,0,13,0,11,
0,211,255,17,0,11,0,53,1,209,251,53,6,190,0,138,253,139,190,1,9,0,247,0,243,0,99,0,42,0,20,0,13,0,11,
0,199,255,224,255,246,255,53,1,209,251,53,6,190,0,138,253,16,191,1,8,0,247,0,244,0,99,0,42,0,20,0,13,0,11,
0,199,255,224,255,246,255,53,1,209,251,53,6,212,1,67,253,16,191,1,8,0,247,0,244,0,99,0,42,0,19,0,13,0,11,
0,211,255,211,255,246,255,53,1,209,251,53,6,202,1,253,252,207,186,1,8,0,248,0,245,0,98,0,36,0,18,0,13,0,11,
0,204,255,198,255,244,255,53,1,209,251,53,6,56,0,225,253,234,189,1,8,0,247,0,246,0,100,0,38,0,19,0,14,0,12,
0,192,255,195,255,228,255,53,1,209,251,53,6,182,2,80,253,22,191,1,8,0,248,0,247,0,99,0,39,0,18,0,13,0,11,
0,192,255,195,255,228,255,53,1,209,251,53,6,182,2,80,253,22,191,1,6,0,247,0,247,0,100,0,40,0,19,0,13,0,12,
0,173,255,188,255,214,255,30,1,203,251,114,5,164,1,223,252,168,185,1,6,0,247,0,248,0,100,0,40,0,19,0,13,0,11,
0,180,255,180,255,219,255,30,1,203,251,114,5,188,0,181,253,173,189,1,5,0,247,0,248,0,101,0,41,0,20,0,13,0,12,
0,196,255,180,255,217,255,30,1,203,251,114,5,148,1,184,253,243,191,1,4,0,248,0,249,0,101,0,42,0,20,0,14,0,12,
0,196,255,192,255,217,255,30,1,203,251,114,5,148,1,255,252,242,187,1,4,0,248,0,250,0,101,0,41,0,19,0,13,0,11,
0,232,255,217,255,221,255,30,1,203,251,114,5,250,2,255,252,242,187,1,3,0,248,0,250,0,102,0,43,0,20,0,13,0,12,
0,248,255,222,255,207,255,30,1,203,251,114,5,130,1,67,253,71,188,1,3,0,248,0,251,0,102,0,43,0,20,0,14,0,12,
0,248,255,222,255,204,255,30,1,203,251,114,5,168,1,147,253,55,190,1,2,0,248,0,251,0,102,0,42,0,19,0,13,0,11,
0,24,0,254,255,204,255,30,1,203,251,114,5,64,2,82,253,41,191,1,2,0,248,0,252,0,102,0,43,0,20,0,14,0,11,
0,36,0,249,255,207,255,30,1,203,251,114,5,64,2,82,253,191,189,1,2,0,249,0,252,0,102,0,43,0,19,0,13,0,11,
0,50,0,229,255,196,255,30,1,203,251,114,5,86,2,5,253,191,189,1,1,0,249,0,252,0,103,0,43,0,20,0,14,0,12,
0,50,0,229,255,196,255,29,1,210,251,40,6,111,2,31,253,135,187,1,0,0,249,0,253,0,103,0,43,0,20,0,13,0,12,
0,37,0,214,255,193,255,29,1,210,251,40,6,211,1,224,252,172,189,1,0,0,249,0,253,0,103,0,43,0,20,0,13,0,11,
0,75,0,209,255,198,255,29,1,210,251,40,6,211,1,131,253,129,190,1,0,0,250,0,254,0,103,0,43,0,20,0,14,0,11,
0,93,0,203,255,206,255,29,1,210,251,40,6,122,1,131,253,129,190,1,0,0,250,0,254,0,103,0,43,0,20,0,13,0,11,
0,93,0,203,255,206,255,29,1,210,251,40,6,37,2,246,252,126,190,0,255,0,250,0,254,0,104,0,44,0,20,0,13,0,11,
0,84,0,181,255,187,255,29,1,210,251,40,6,147,2,191,252,8,190,0,254,0,250,0,254,0,104,0,44,0,20,0,13,0,11,
0,84,0,170,255,201,255,29,1,210,251,40,6,253,2,85,252,30,189,0,254,0,250,0,254,0,104,0,43,0,20,0,13,0,11,
0,37,0,170,255,201,255,29,1,210,251,40,6,253,2,85,252,58,189,0,254,0,251,0,255,0,104,0,44,0,20,0,14,0,11,
0,37,0,161,255,201,255,29,1,210,251,40,6,64,2,95,252,58,189,0,254,0,251,0,255,0,104,0,48,0,20,0,13,0,11,
0,30,0,161,255,190,255,29,1,210,251,40,6,50,2,111,252,102,190,0,253,0,251,0,255,0,105,0,47,0,21,0,13,0,11,
0,53,0,164,255,223,255,29,1,210,251,40,6,147,2,92,252,119,189,0,253,0,251,0,255,0,105,0,47,0,21,0,13,0,11,
0,53,0,164,255,220,255,24,1,231,251,8,6,80,2,122,252,133,190,0,252,0,251,0,255,0,105,0,47,0,22,0,14,0,12,
0,71,0,154,255,220,255,24,1,231,251,8,6,80,2,122,252,133,190,0,252,0,251,0,255,0,105,0,47,0,21,0,14,0,12,
0,248,255,145,255,196,255,24,1,231,251,8,6,154,2,60,252,104,190,0,252,0,251,0,255,0,105,0,46,0,21,0,14,0,11,
0,245,255,147,255,204,255,24,1,231,251,8,6,216,2,178,251,247,188,0,251,0,251,0,255,0,105,0,46,0,22,0,14,0,12,
0,245,255,147,255,204,255,24,1,231,251,8,6,65,2,165,251,182,188,0,252,0,251,0,255,0,105,0,46,0,21,0,14,0,12,
0,2,0,155,255,202,255,24,1,231,251,8,6,65,2,165,251,133,190,0,251,0,250,0,255,0,105,0,46,0,21,0,14,0,12,
0,3,0,148,255,216,255,24,1,231,251,8,6,22,2,215,251,133,190,0,251,0,251,0,255,0,105,0,45,0,21,0,14,0,12,
0,220,255,119,255,210,255,24,1,231,251,8,6,5,2,103,252,178,190,0,252,0,251,0,255,0,105,0,45,0,20,0,13,0,11,
0,220,255,119,255,210,255,24,1,231,251,8,6,242,2,244,251,1,191,0,251,0,250,0,254,0,105,0,46,0,21,0,14,0,11,
0,233,255,115,255,241,255,24,1,231,251,8,6,188,2,130,251,62,188,0,252,0,250,0,255,0,105,0,45,0,21,0,14,0,11,
0,242,255,80,255,236,255,253,0,244,251,203,5,188,2,130,251,62,188,0,252,0,250,0,255,0,105,0,45,0,21,0,14,0,11,
0,216,255,80,255,226,255,253,0,244,251,203,5,114,2,94,251,80,189,0,251,0,249,0,254,0,105,0,45,0,21,0,14,0,11,
0,216,255,32,255,226,255,253,0,244,251,203,5,78,1,240,251,176,189,0,252,0,250,0,254,0,104,0,44,0,20,0,13,0,11,
0,229,255,51,255,246,255,253,0,244,251,203,5,88,2,213,251,13,192,0,252,0,249,0,253,0,105,0,45,0,21,0,14,0,11,
0,221,255,47,255,236,255,253,0,244,251,203,5,88,2,100,251,159,190,0,252,0,249,0,253,0,104,0,45,0,21,0,13,0,11,
0,221,255,47,255,234,255,253,0,244,251,203,5,7,3,100,251,159,190,0,252,0,249,0,253,0,104,0,45,0,20,0,14,0,11,
0,173,255,50,255,234,255,253,0,244,251,203,5,110,2,46,251,141,188,0,252,0,249,0,253,0,104,0,44,0,21,0,14,0,11,
0,157,255,34,255,240,255,253,0,244,251,203,5,243,1,78,251,208,189,0,252,0,249,0,253,0,104,0,44,0,20,0,13,0,11,
0,174,255,37,255,1,0,253,0,244,251,203,5,134,1,30,251,1,190,0,252,0,249,0,252,0,104,0,44,0,21,0,14,0,12,
0,174,255,37,255,1,0,253,0,244,251,203,5,134,1,30,251,104,189,0,252,0,249,0,251,0,104,0,45,0,21,0,14,0,12,
0,147,255,252,254,23,0,15,1,187,251,253,5,130,1,229,250,104,189,0,252,0,249,0,251,0,104,0,45,0,21,0,14,0,12,
0,121,255,189,254,15,0,15,1,187,251,253,5,90,1,27,251,102,190,0,252,0,249,0,250,0,104,0,45,0,21,0,14,0,12,
0,104,255,195,254,237,255,15,1,187,251,253,5,69,1,63,251,245,190,0,253,0,249,0,250,0,103,0,44,0,20,0,13,0,11,
0,104,255,195,254,237,255,15,1,187,251,253,5,69,1,242,250,41,191,0,252,0,248,0,249,0,104,0,44,0,21,0,14,0,12,
0,108,255,226,254,223,255,15,1,187,251,253,5,144,1,242,250,41,191,0,253,0,248,0,249,0,104,0,44,0,21,0,14,0,12,
0,114,255,209,254,244,255,15,1,187,251,253,5,219,1,109,250,60,189,0,252,0,248,0,248,0,103,0,44,0,20,0,14,0,12,
0,114,255,209,254,238,255,15,1,187,251,253,5,203,0,31,251,158,188,0,252,0,247,0,248,0,102,0,44,0,21,0,14,0,12,
0,103,255,214,254,238,255,15,1,187,251,253,5,82,0,21,251,219,190,0,253,0,248,0,248,0,102,0,43,0,20,0,13,0,11,
0,71,255,209,254,251,255,15,1,187,251,253,5,82,0,21,251,14,191,0,252,0,247,0,247,0,102,0,44,0,21,0,14,0,12,
0,61,255,215,254,5,0,15,1,187,251,253,5,48,1,191,250,14,191,0,253,0,247,0,246,0,102,0,44,0,20,0,14,0,12,
0,61,255,215,254,12,0,90,1,199,251,54,6,98,1,123,250,127,188,0,253,0,247,0,246,0,101,0,43,0,20,0,14,0,11,
0,63,255,205,254,12,0,90,1,199,251,54,6,167,0,251,250,80,189,0,253,0,247,0,245,0,101,0,43,0,20,0,14,0,11,
0,87,255,201,254,7,0,90,1,199,251,54,6,20,0,234,250,84,191,0,253,0,247,0,245,0,100,0,43,0,19,0,13,0,11,
0,69,255,209,254,3,0,90,1,199,251,54,6,20,0,234,250,84,191,0,253,0,247,0,244,0,101,0,43,0,20,0,13,0,11,
0,69,255,209,254,3,0,90,1,199,251,54,6,24,1,111,250,179,190,0,253,0,247,0,244,0,100,0,43,0,20,0,13,0,11,
0,58,255,229,254,4,0,90,1,199,251,54,6,143,0,103,250,187,189,0,253,0,247,0,243,0,100,0,43,0,20,0,13,0,11,
0,54,255,248,254,237,255,90,1,199,251,54,6,241,255,162,250,168,188,0,253,0,246,0,243,0,100,0,43,0,20,0,14,0,12,
0,49,255,231,254,230,255,90,1,199,251,54,6,241,255,4,251,139,190,0,254,0,247,0,243,0,99,0,42,0,19,0,13,0,11,
0,49,255,231,254,230,255,90,1,199,251,54,6,71,255,4,251,139,190,0,253,0,247,0,243,0,100,0,43,0,20,0,13,0,11,
0,36,255,230,254,250,255,90,1,199,251,54,6,4,1,128,250,212,191,0,253,0,247,0,243,0,100,0,43,0,20,0,14,0,12,
0,60,255,232,254,231,255,90,1,199,251,54,6,25,0,44,250,232,187,0,253,0,246,0,243,0,100,0,42,0,19,0,13,0,11,
0,60,255,232,254,214,255,49,1,237,251,91,5,203,255,133,250,45,190,0,254,0,247,0,243,0,99,0,42,0,19,0,13,0,11,
0,37,255,232,254,214,255,49,1,237,251,91,5,203,255,133,250,45,190,0,253,0,247,0,243,0,100,0,43,0,20,0,14,0,12,
0,248,254,228,254,198,255,49,1,237,251,91,5,30,0,215,250,139,191,0,253,0,247,0,243,0,100,0,43,0,20,0,14,0,11,
0,252,254,243,254,209,255,49,1,237,251,91,5,34,0,195,250,135,188,0,252,0,247,0,243,0,99,0,43,0,20,0,14,0,12,
0,252,254,243,254,188,255,49,1,237,251,91,5,113,255,216,250,86,189,0,252,0,247,0,242,0,99,0,42,0,20,0,13,0,11,
0,252,254,36,255,188,255,49,1,237,251,91,5,113,255,221,250,216,190,0,253,0,247,0,242,0,99,0,42,0,20,0,14,0,12,
0,242,254,44,255,185,255,49,1,237,251,91,5,35,255,221,250,216,190,0,253,0,246,0,242,0,99,0,42,0,19,0,13,0,11,
0,239,254,48,255,194,255,49,1,237,251,91,5,18,0,190,250,56,189,0,252,0,246,0,242,0,99,0,42,0,20,0,13,0,11,
0,239,254,48,255,194,255,49,1,237,251,91,5,131,255,234,250,102,189,0,251,0,246,0,243,0,99,0,42,0,20,0,13,0,11,
0,1,255,48,255,176,255,49,1,237,251,91,5,0,255,17,251,50,190,0,251,0,247,0,244,0,99,0,42,0,19,0,13,0,11,
0,240,254,54,255,158,255,110,1,170,251,189,6,0,255,17,251,110,190,0,250,0,247,0,244,0,99,0,42,0,19,0,13,0,11,
0,6,255,85,255,121,255,110,1,170,251,189,6,66,255,11,251,110,190,0,249,0,247,0,244,0,99,0,42,0,20,0,13,0,11,
0,6,255,85,255,121,255,110,1,170,251,189,6,255,255,168,250,58,189,0,249,0,247,0,244,0,99,0,42,0,20,0,13,0,11,
0,47,255,107,255,126,255,110,1,170,251,189,6,37,255,59,251,3,189,0,249,0,247,0,245,0,99,0,41,0,19,0,13,0,11,
0,69,255,113,255,115,255,110,1,170,251,189,6,37,255,86,251,217,189,0,248,0,247,0,245,0,100,0,42,0,19,0,13,0,11,
0,69,255,113,255,114,255,110,1,170,251,189,6,194,255,86,251,217,189,0,248,0,247,0,246,0,99,0,42,0,19,0,13,0,11,
0,45,255,139,255,114,255,110,1,170,251,189,6,32,0,29,251,17,190,0,247,0,247,0,245,0,100,0,42,0,20,0,14,0,11,
0,18,255,114,255,119,255,110,1,170,251,189,6,13,0,28,251,57,189,0,247,0,247,0,246,0,100,0,42,0,20,0,13,0,11,
0,27,255,83,255,125,255,110,1,170,251,189,6,110,255,95,251,138,189,0,247,0,247,0,247,0,100,0,42,0,19,0,13,0,11,
0,27,255,83,255,125,255,110,1,170,251,189,6,110,255,95,251,199,188,0,246,0,247,0,247,0,100,0,42,0,19,0,13,0,11,
0,17,255,105,255,104,255,45,1,219,251,101,5,168,255,73,251,199,188,0,246,0,248,0,248,0,100,0,42,0,19,0,13,0,11,
0,27,255,115,255,86,255,45,1,219,251,101,5,199,255,90,251,5,189,0,244,0,248,0,249,0,101,0,43,0,20,0,14,0,12,
0,232,254,140,255,57,255,45,1,219,251,101,5,138,255,114,251,152,189,0,244,0,248,0,249,0,101,0,43,0,20,0,14,0,12,
0,232,254,140,255,57,255,45,1,219,251,101,5,28,0,135,251,34,191,0,243,0,249,0,251,0,101,0,37,0,18,0,14,0,12,
0,221,254,129,255,63,255,45,1,219,251,101,5,28,0,135,251,34,191,0,243,0,249,0,250,0,102,0,39,0,19,0,13,0,12,
0,202,254,144,255,63,255,45,1,219,251,101,5,46,1,11,251,193,189,0,242,0,249,0,250,0,102,0,40,0,20,0,14,0,12,
0,249,254,168,255,83,255,45,1,219,251,101,5,83,0,94,251,49,187,0,242,0,249,0,250,0,102,0,41,0,19,0,13,0,11,
0,249,254,168,255,83,255,45,1,219,251,101,5,182,255,79,251,25,188,0,241,0,249,0,251,0,102,0,42,0,20,0,14,0,12,
0,44,255,182,255,84,255,45,1,219,251,101,5,182,255,205,251,105,190,0,241,0,249,0,251,0,102,0,42,0,20,0,13,0,12,
0,20,255,178,255,78,255,45,1,219,251,101,5,197,255,205,251,105,190,0,240,0,249,0,253,0,102,0,42,0,19,0,13,0,11,
0,20,255,178,255,57,255,89,1,192,251,94,6,26,1,109,251,15,191,0,239,0,250,0,254,0,103,0,43,0,20,0,14,0,11,
0,46,255,180,255,57,255,89,1,192,251,94,6,4,1,66,251,82,189,0,239,0,251,0,255,0,103,0,43,0,19,0,13,0,11,
0,87,255,187,255,63,255,89,1,192,251,94,6,102,0,73,251,53,187,0,238,0,251,0,255,0,104,0,43,0,20,0,14,0,12,
0,64,255,196,255,66,255,89,1,192,251,94,6,102,0,73,251,43,189,0,237,0,251,0,254,0,104,0,43,0,20,0,14,0,11,
0,64,255,196,255,66,255,89,1,192,251,94,6,185,255,139,251,43,189,0,238,0,252,0,255,0,104,0,43,0,19,0,13,0,11,
0,51,255,206,255,56,255,89,1,192,251,94,6,182,0,142,251,124,190,0,236,0,251,0,254,0,104,0,44,0,20,0,14,0,12,
0,51,255,215,255,66,255,89,1,192,251,94,6,50,1,52,251,82,189,0,236,0,252,0,255,0,104,0,43,0,20,0,13,0,11,
0,51,255,194,255,40,255,89,1,192,251,94,6,50,1,40,251,80,188,0,235,0,251,1,0,0,105,0,44,0,19,0,13,0,11,
0,51,255,194,255,40,255,89,1,192,251,94,6,116,1,40,251,80,188,0,235,0,252,1,1,0,105,0,45,0,19,0,14,0,12,
0,61,255,175,255,1,255,89,1,192,251,94,6,0,1,55,251,60,188,0,234,0,253,1,3,0,105,0,44,0,19,0,13,0,11,
0,58,255,174,255,255,254,89,1,192,251,94,6,18,1,22,251,247,189,0,233,0,253,1,3,0,106,0,45,0,20,0,14,0,12,
0,74,255,176,255,3,255,62,1,204,251,166,5,68,1,238,250,1,189,0,233,0,254,1,3,0,106,0,45,0,19,0,13,0,11,
0,74,255,176,255,3,255,62,1,204,251,166,5,68,1,238,250,243,189,0,232,0,253,1,2,0,107,0,45,0,20,0,14,0,11,
0,88,255,199,255,1,255,62,1,204,251,166,5,59,1,9,251,243,189,0,232,0,253,1,2,0,107,0,45,0,20,0,14,0,12,
0,108,255,169,255,2,255,62,1,204,251,166,5,235,1,213,250,162,188,0,232,0,253,1,3,0,106,0,49,0,20,0,13,0,11,
0,108,255,169,255,5,255,62,1,204,251,166,5,85,1,174,250,221,188,0,231,0,253,1,4,0,107,0,49,0,21,0,14,0,11,
0,77,255,137,255,5,255,62,1,204,251,166,5,29,1,204,250,66,189,0,230,0,254,1,6,0,107,0,48,0,20,0,13,0,11,
0,77,255,134,255,13,255,62,1,204,251,166,5,29,1,204,250,66,189,0,229,0,254,1,6,0,108,0,48,0,21,0,13,0,11,
0,112,255,144,255,5,255,62,1,204,251,166,5,27,1,201,250,79,189,0,228,0,254,1,6,0,108,0,47,0,21,0,14,0,11,
0,112,255,144,255,5,255,62,1,204,251,166,5,134,1,146,250,78,190,0,228,0,254,1,4,0,108,0,47,0,21,0,14,0,11,
0,88,255,127,255,30,255,62,1,204,251,166,5,32,2,167,250,188,189,0,228,0,253,1,4,0,107,0,47,0,21,0,14,0,11,
0,53,255,92,255,34,255,16,1,56,252,170,5,32,2,167,250,11,189,0,228,0,253,1,4,0,107,0,46,0,20,0,13,0,11,
0,52,255,58,255,21,255,16,1,56,252,170,5,212,1,119,250,11,189,0,227,0,253,1,4,0,107,0,46,0,20,0,13,0,11,
0,52,255,58,255,21,255,16,1,56,252,170,5,91,0,131,250,147,189,0,226,0,253,1,5,0,108,0,46,0,20,0,14,0,11,
0,59,255,55,255,11,255,16,1,56,252,170,5,109,0,203,250,144,190,0,225,0,253,1,6,0,107,0,46,0,20,0,13,0,11,
0,92,255,51,255,15,255,16,1,56,252,170,5,152,1,119,250,42,191,0,225,0,254,1,6,0,108,0,46,0,20,0,13,0,11,
0,101,255,68,255,20,255,16,1,56,252,170,5,152,1,119,250,42,191,0,224,0,254,1,5,0,107,0,46,0,20,0,13,0,11,
0,101,255,68,255,20,255,16,1,56,252,170,5,117,1,207,249,225,188,0,223,0,253,1,3,0,108,0,46,0,20,0,14,0,11,
0,86,255,39,255,251,254,16,1,56,252,170,5,197,0,63,250,188,188,0,223,0,252,1,2,0,108,0,46,0,20,0,14,0,12,
0,88,255,32,255,223,254,16,1,56,252,170,5,35,0,215,250,121,190,0,223,0,252,1,2,0,107,0,46,0,20,0,13,0,11,
0,88,255,32,255,210,254,16,1,56,252,170,5,35,0,40,250,209,191,0,222,0,252,1,3,0,107,0,46,0,21,0,14,0,12,
0,104,255,24,255,210,254,76,1,211,251,181,6,55,2,40,250,209,191,0,222,0,252,1,3,0,107,0,46,0,20,0,13,0,11,
0,72,255,11,255,206,254,76,1,211,251,181,6,12,1,218,249,157,189,0,220,0,252,1,3,0,108,0,46,0,20,0,14,0,12,
0,34,255,0,255,233,254,76,1,211,251,181,6,186,255,47,250,32,189,0,220,0,252,1,3,0,107,0,46,0,20,0,13,0,11,
0,34,255,0,255,233,254,76,1,211,251,181,6,86,0,148,250,83,191,0,220,0,251,1,1,0,107,0,46,0,20,0,13,0,11,
0,66,255,14,255,254,254,76,1,211,251,181,6,86,0,148,250,72,192,0,220,0,251,1,0,0,107,0,46,0,21,0,14,0,12,
0,82,255,37,255,243,254,76,1,211,251,181,6,227,0,50,250,72,192,0,220,0,251,0,255,0,106,0,46,0,22,0,14,0,11,
0,57,255,24,255,235,254,76,1,211,251,181,6,74,1,227,249,107,190,0,220,0,249,0,255,0,107,0,46,0,22,0,14,0,12,
0,57,255,24,255,235,254,76,1,211,251,181,6,118,0,222,249,40,188,0,219,0,249,0,255,0,106,0,46,0,22,0,14,0,11,
0,63,255,245,254,5,255,76,1,211,251,181,6,118,0,117,250,120,190,0,219,0,249,0,255,0,105,0,45,0,21,0,14,0,11,
0,53,255,219,254,17,255,76,1,211,251,181,6,73,255,117,250,120,190,0,219,0,248,0,255,0,106,0,45,0,21,0,14,0,11,
0,3,255,219,254,252,254,100,1,171,251,246,5,127,0,130,250,174,192,0,219,0,249,0,255,0,105,0,44,0,20,0,13,0,11,
0,3,255,209,254,252,254,100,1,171,251,246,5,218,0,103,250,167,191,0,218,0,248,0,254,0,105,0,45,0,21,0,14,0,11,
0,42,255,218,254,242,254,100,1,171,251,246,5,178,0,58,250,107,189,0,218,0,247,0,253,0,105,0,45,0,21,0,14,0,11,
0,106,255,242,254,255,254,100,1,171,251,246,5,178,0,58,250,254,188,0,218,0,247,0,252,0,104,0,44,0,20,0,13,0,11,
0,106,255,242,254,247,254,100,1,171,251,246,5,44,0,27,250,254,188,0,219,0,247,0,252,0,104,0,44,0,20,0,13,0,11,
0,84,255,230,254,247,254,100,1,171,251,246,5,117,255,219,250,192,191,0,219,0,246,0,251,0,104,0,45,0,21,0,14,0,12,
0,47,255,212,254,239,254,100,1,171,251,246,5,167,0,177,250,236,191,0,219,0,245,0,251,0,104,0,45,0,20,0,14,0,11,
0,53,255,211,254,228,254,100,1,171,251,246,5,152,0,46,250,87,189,0,219,0,245,0,251,0,104,0,44,0,21,0,14,0,12,
0,53,255,211,254,228,254,100,1,171,251,246,5,152,0,46,250,87,189,0,219,0,245,0,252,0,104,0,44,0,20,0,13,0,11,
0,41,255,221,254,217,254,100,1,171,251,246,5,173,255,72,250,117,189,0,219,0,244,0,251,0,104,0,44,0,21,0,14,0,12,
0,6,255,219,254,217,254,100,1,171,251,170,6,206,255,229,250,172,191,0,219,0,244,0,251,0,104,0,44,0,20,0,13,0,11,
0,239,254,203,254,208,254,65,1,24,252,170,6,107,0,226,250,76,192,0,219,0,244,0,251,0,104,0,45,0,21,0,14,0,12,
0,239,254,203,254,208,254,65,1,24,252,170,6,107,0,215,250,253,189,0,219,0,244,0,250,0,104,0,45,0,21,0,14,0,12,
0,60,255,192,254,230,254,65,1,24,252,170,6,194,0,215,250,253,189,0,219,0,244,0,250,0,104,0,45,0,21,0,14,0,12,
0,67,255,184,254,226,254,65,1,24,252,170,6,79,0,251,250,140,189,0,220,0,243,0,250,0,104,0,45,0,21,0,14,0,12,
0,15,255,184,254,227,254,65,1,24,252,170,6,185,255,63,251,131,189,0,220,0,243,0,250,0,103,0,44,0,20,0,13,0,11,
0,15,255,195,254,227,254,65,1,24,252,170,6,182,0,157,251,210,191,0,221,0,242,0,249,0,103,0,44,0,20,0,14,0,11,
0,3,255,190,254,233,254,65,1,24,252,170,6,182,0,157,251,210,189,0,221,0,242,0,249,0,103,0,44,0,20,0,14,0,11,
0,109,255,175,254,240,254,65,1,24,252,170,6,166,0,20,251,137,189,0,222,0,242,0,249,0,102,0,43,0,20,0,14,0,12,
0,109,255,175,254,247,254,65,1,24,252,170,6,147,255,67,251,120,188,0,222,0,241,0,249,0,103,0,44,0,20,0,13,0,11,
0,59,255,184,254,247,254,65,1,24,252,170,6,199,255,194,251,214,191,0,223,0,242,0,249,0,102,0,43,0,20,0,13,0,11,
0,241,254,196,254,243,254,112,1,155,251,73,6,199,255,209,251,149,191,0,223,0,241,0,249,0,102,0,44,0,20,0,13,0,11,
0,216,254,197,254,233,254,112,1,155,251,73,6,12,1,209,251,149,191,0,223,0,241,0,249,0,102,0,43,0,20,0,14,0,11,
0,216,254,197,254,233,254,112,1,155,251,73,6,4,1,41,251,71,188,0,224,0,241,0,249,0,102,0,43,0,20,0,13,0,11,
0,4,255,191,254,234,254,112,1,155,251,73,6,6,0,226,251,78,189,0,225,0,241,0,249,0,102,0,43,0,20,0,13,0,11,
0,28,255,199,254,210,254,112,1,155,251,73,6,64,0,96,252,55,192,0,225,0,241,0,249,0,103,0,44,0,20,0,14,0,11,
0,28,255,225,254,213,254,112,1,155,251,73,6,64,0,96,252,12,191,0,225,0,241,0,249,0,102,0,44,0,20,0,13,0,11,
0,28,255,225,254,213,254,112,1,155,251,73,6,18,2,209,251,12,191,0,226,0,241,0,249,0,102,0,44,0,20,0,14,0,11,
0,34,255,241,254,189,254,112,1,155,251,73,6,83,1,148,251,179,188,0,227,0,241,0,250,0,102,0,43,0,20,0,13,0,11,
0,69,255,237,254,194,254,112,1,155,251,73,6,247,255,249,251,100,189,0,228,0,241,0,250,0,102,0,43,0,20,0,13,0,11,
0,48,255,237,254,229,254,112,1,155,251,73,6,247,0,133,252,232,191,0,228,0,241,0,249,0,103,0,44,0,20,0,14,0,12,
0,48,255,5,255,229,254,65,1,7,252,210,5,80,0,133,252,232,191,0,228,0,241,0,249,0,102,0,44,0,20,0,13,0,12,
0,254,254,249,254,222,254,65,1,7,252,210,5,32,1,19,252,29,191,0,229,0,241,0,250,0,102,0,44,0,21,0,14,0,12,
0,68,255,8,255,238,254,65,1,7,252,210,5,42,1,206,251,79,190,0,230,0,241,0,251,0,102,0,43,0,20,0,13,0,11,
0,68,255,8,255,229,254,65,1,7,252,210,5,152,0,207,251,164,190,0,230,0,241,0,251,0,103,0,44,0,21,0,14,0,12,
0,113,255,5,255,229,254,65,1,7,252,210,5,152,0,207,251,150,190,0,230,0,242,0,251,0,102,0,43,0,20,0,13,0,11,
0,63,255,250,254,205,254,65,1,7,252,210,5,232,0,25,252,150,190,0,231,0,241,0,251,0,103,0,44,0,20,0,14,0,12,
0,64,255,245,254,214,254,65,1,7,252,210,5,229,0,29,252,32,191,0,232,0,242,0,250,0,103,0,44,0,20,0,13,0,12,
0,64,255,245,254,214,254,65,1,7,252,210,5,8,1,35,252,193,190,0,232,0,242,0,250,0,102,0,43,0,20,0,13,0,11,
0,74,255,250,254,242,254,65,1,7,252,210,5,7,1,93,252,44,191,0,233,0,242,0,250,0,102,0,43,0,20,0,13,0,11,
0,54,255,22,255,3,255,65,1,7,252,210,5,7,1,93,252,44,191,0,233,0,242,0,251,0,103,0,44,0,20,0,14,0,11,
0,77,255,42,255,235,254,38,1,231,251,102,6,91,1,13,252,72,191,0,233,0,242,0,252,0,103,0,38,0,19,0,14,0,12,
0,77,255,42,255,235,254,38,1,231,251,102,6,106,1,194,251,11,190,0,234,0,243,0,253,0,103,0,40,0,19,0,14,0,12,
0,84,255,40,255,8,255,38,1,231,251,102,6,177,0,41,252,189,189,0,234,0,244,0,254,0,103,0,40,0,18,0,13,0,11,
0,88,255,30,255,28,255,38,1,231,251,102,6,177,0,64,252,250,190,0,235,0,244,0,254,0,103,0,41,0,19,0,13,0,11,
0,88,255,30,255,19,255,38,1,231,251,102,6,30,0,64,252,250,190,0,235,0,244,0,253,0,104,0,42,0,20,0,14,0,11,
0,127,255,28,255,19,255,38,1,231,251,102,6,58,1,66,252,55,193,0,235,0,245,0,253,0,104,0,43,0,20,0,13,0,11,
0,150,255,16,255,7,255,38,1,231,251,102,6,68,2,187,251,215,190,0,235,0,245,0,253,0,104,0,43,0,20,0,14,0,12,
0,129,255,251,254,25,255,38,1,231,251,102,6,194,1,127,251,87,188,0,236,0,245,0,254,0,104,0,43,0,20,0,13,0,11,
0,129,255,251,254,12,255,38,1,231,251,102,6,194,1,127,251,54,190,0,237,0,246,0,254,0,104,0,44,0,20,0,14,0,12,
0,109,255,15,255,12,255,38,1,231,251,102,6,121,0,209,251,54,190,0,237,0,246,0,254,0,104,0,43,0,20,0,13,0,11,
0,97,255,52,255,39,255,139,1,181,251,160,6,118,1,252,251,86,193,0,237,0,246,0,254,0,104,0,44,0,20,0,14,0,12,
0,86,255,41,255,33,255,139,1,181,251,160,6,138,2,155,251,114,191,0,237,0,246,0,254,0,105,0,44,0,20,0,14,0,12,
0,86,255,41,255,33,255,139,1,181,251,160,6,138,2,99,251,62,188,0,237,0,247,0,255,0,104,0,44,0,20,0,14,0,11,
0,110,255,56,255,34,255,139,1,181,251,160,6,236,0,99,251,62,188,0,237,0,247,0,255,0,105,0,44,0,21,0,14,0,12,
0,119,255,45,255,69,255,139,1,181,251,160,6,155,0,237,251,18,190,0,238,0,247,1,0,0,105,0,44,0,18,0,13,0,11,
0,105,255,59,255,71,255,139,1,181,251,160,6,146,1,181,251,140,192,0,237,0,248,0,255,0,105,0,45,0,21,0,14,0,11,
0,105,255,59,255,71,255,139,1,181,251,160,6,229,2,103,251,59,192,0,238,0,248,0,254,0,105,0,45,0,21,0,14,0,11,
0,104,255,86,255,67,255,139,1,181,251,160,6,229,2,103,251,235,188,0,238,0,248,0,254,0,104,0,44,0,21,0,14,0,12,
0,122,255,96,255,81,255,139,1,181,251,160,6,229,1,227,250,235,188,0,238,0,248,0,254,0,105,0,45,0,21,0,14,0,11,
0,122,255,96,255,86,255,139,1,181,251,160,6,187,0,55,251,250,189,0,238,0,249,0,255,0,104,0,44,0,20,0,13,0,11,
0,122,255,98,255,86,255,139,1,181,251,160,6,0,1,102,251,252,191,0,238,0,249,0,255,0,105,0,45,0,20,0,14,0,11,
0,102,255,78,255,85,255,104,1,3,252,181,6,76,1,5,251,196,191,0,237,0,249,0,255,0,105,0,49,0,21,0,14,0,11,
0,114,255,68,255,85,255,104,1,3,252,181,6,76,1,5,251,196,191,0,238,0,250,1,0,0,105,0,47,0,19,0,13,0,10,
0,114,255,68,255,106,255,104,1,3,252,181,6,68,2,6,251,53,191,0,238,0,251,0,255,0,105,0,47,0,21,0,13,0,11,
0,100,255,70,255,106,255,104,1,3,252,181,6,57,2,171,250,252,189,0,238,0,250,0,254,0,105,0,47,0,22,0,14,0,11,
0,127,255,54,255,104,255,104,1,3,252,181,6,176,0,198,250,3,189,0,238,0,250,0,254,0,105,0,46,0,21,0,14,0,11,
0,105,255,87,255,94,255,104,1,3,252,181,6,176,0,198,251,68,193,0,238,0,250,0,254,0,105,0,46,0,21,0,14,0,12,
0,105,255,87,255,94,255,104,1,3,252,181,6,97,1,5,251,68,193,0,239,0,251,0,255,0,105,0,46,0,21,0,14,0,11,
0,78,255,78,255,87,255,104,1,3,252,181,6,86,2,90,250,149,190,0,239,0,251,0,255,0,105,0,45,0,20,0,13,0,11,
0,86,255,69,255,104,255,104,1,3,252,181,6,63,1,61,250,158,188,0,238,0,251,0,255,0,105,0,46,0,21,0,14,0,12,
0,121,255,92,255,135,255,104,1,3,252,181,6,119,0,243,250,240,191,0,238,0,252,0,255,0,105,0,46,0,21,0,14,0,12,
0,121,255,92,255,135,255,64,1,193,251,200,6,119,0,243,250,240,191,0,238,0,252,0,254,0,105,0,46,0,21,0,14,0,12,
0,113,255,100,255,144,255,64,1,193,251,200,6,197,1,138,250,8,193,0,239,0,252,0,254,0,104,0,45,0,20,0,14,0,11,
0,164,255,85,255,148,255,64,1,193,251,200,6,63,2,196,249,13,189,0,239,0,253,0,253,0,105,0,45,0,21,0,14,0,12,
0,164,255,85,255,152,255,64,1,193,251,200,6,32,0,96,250,39,190,0,239,0,253,0,253,0,104,0,44,0,20,0,13,0,11,
0,149,255,70,255,152,255,64,1,193,251,200,6,32,0,223,250,27,194,0,239,0,252,0,252,0,105,0,45,0,21,0,14,0,11,
0,104,255,69,255,156,255,64,1,193,251,200,6,194,0,223,250,27,194,0,239,0,252,0,252,0,104,0,45,0,21,0,14,0,11,
0,88,255,55,255,193,255,64,1,193,251,200,6,136,2,239,249,24,191,0,239,0,253,0,253,0,104,0,44,0,20,0,13,0,11,
0,88,255,55,255,200,255,64,1,193,251,200,6,240,0,252,249,56,189,0,239,0,253,0,253,0,104,0,45,0,21,0,14,0,11,
0,108,255,25,255,200,255,64,1,193,251,200,6,248,255,139,250,239,190,0,239,0,253,0,252,0,104,0,44,0,20,0,13,0,11,
0,97,255,49,255,184,255,64,1,193,251,200,6,248,255,139,250,140,192,0,239,0,253,0,251,0,104,0,44,0,20,0,13,0,11,
0,108,255,54,255,150,255,105,1,208,251,107,6,75,0,191,250,140,192,0,240,0,253,0,251,0,104,0,44,0,20,0,14,0,11,
0,108,255,54,255,150,255,105,1,208,251,107,6,4,1,70,250,159,192,0,240,0,253,0,251,0,104,0,44,0,20,0,13,0,11,
0,130,255,49,255,111,255,105,1,208,251,107,6,216,1,149,249,175,189,0,241,0,253,0,250,0,104,0,44,0,20,0,14,0,11,
0,100,255,63,255,106,255,105,1,208,251,107,6,216,1,5,250,208,189,0,241,0,254,0,250,0,103,0,43,0,20,0,13,0,11,
0,101,255,59,255,112,255,105,1,208,251,107,6,236,255,5,250,208,189,0,241,0,253,0,249,0,103,0,44,0,20,0,14,0,11,
0,101,255,59,255,112,255,105,1,208,251,107,6,7,0,225,250,21,194,0,242,0,253,0,248,0,103,0,44,0,20,0,14,0,12,
0,83,255,77,255,98,255,105,1,208,251,107,6,1,2,252,249,218,190,0,242,0,253,0,248,0,102,0,44,0,20,0,13,0,11,
0,55,255,67,255,126,255,105,1,208,251,107,6,175,255,31,250,187,188,0,243,0,253,0,248,0,103,0,44,0,21,0,14,0,11,
0,55,255,67,255,130,255,105,1,208,251,107,6,175,255,31,250,203,191,0,243,0,253,0,248,0,102,0,43,0,20,0,13,0,11,
0,27,255,60,255,130,255,105,1,208,251,107,6,205,255,162,250,203,191,0,243,0,253,0,247,0,102,0,44,0,20,0,14,0,11,
0,33,255,76,255,119,255,19,1,10,252,6,6,212,0,27,250,229,191,0,244,0,253,0,247,0,102,0,44,0,20,0,14,0,12,
0,43,255,60,255,125,255,19,1,10,252,6,6,209,0,30,250,89,190,0,244,0,254,0,247,0,101,0,43,0,20,0,13,0,11,
0,43,255,60,255,125,255,19,1,10,252,6,6,173,255,93,250,2,190,0,244,0,253,0,247,0,102,0,44,0,20,0,14,0,12,
0,47,255,70,255,114,255,19,1,10,252,6,6,173,255,93,250,2,190,0,245,0,254,0,247,0,101,0,43,0,20,0,13,0,11,
0,57,255,102,255,117,255,19,1,10,252,6,6,45,255,243,250,225,191,0,244,0,253,0,247,0,102,0,43,0,20,0,14,0,11,
0,68,255,122,255,107,255,19,1,10,252,6,6,184,0,149,250,133,192,0,245,0,253,0,247,0,101,0,43,0,20,0,14,0,12,
0,68,255,122,255,107,255,19,1,10,252,6,6,123,0,57,250,141,189,0,245,0,254,0,247,0,101,0,43,0,20,0,13,0,11,
0,68,255,135,255,112,255,19,1,10,252,6,6,123,0,210,250,200,189,0,245,0,254,0,248,0,101,0,43,0,19,0,13,0,11,
0,42,255,127,255,130,255,19,1,10,252,6,6,151,255,210,250,200,189,0,244,0,254,0,247,0,102,0,43,0,20,0,14,0,11,
0,62,255,110,255,113,255,19,1,10,252,6,6,145,255,18,251,163,191,0,244,0,254,0,247,0,101,0,43,0,20,0,13,0,11,
0,62,255,110,255,113,255,19,1,10,252,6,6,154,0,167,250,23,192,0,245,0,253,0,247,0,101,0,43,0,20,0,14,0,11,
0,80,255,97,255,88,255,164,1,251,251,8,6,228,0,117,250,212,190,0,245,0,254,0,247,0,101,0,43,0,20,0,13,0,11,
0,64,255,123,255,73,255,164,1,251,251,8,6,228,0,117,250,212,189,0,245,0,253,0,247,0,101,0,43,0,20,0,14,0,11,
0,64,255,123,255,79,255,164,1,251,251,8,6,156,255,207,250,87,189,0,245,0,253,0,247,0,101,0,43,0,19,0,13,0,11,
0,55,255,124,255,79,255,164,1,251,251,8,6,19,255,241,250,227,190,0,244,0,253,0,247,0,101,0,43,0,20,0,13,0,11,
0,52,255,127,255,76,255,164,1,251,251,8,6,195,255,226,250,65,193,0,245,0,253,0,248,0,101,0,43,0,20,0,14,0,12,
0,39,255,146,255,115,255,164,1,251,251,8,6,195,255,156,250,115,190,0,244,0,253,0,249,0,102,0,43,0,20,0,14,0,11,
0,39,255,146,255,115,255,164,1,251,251,8,6,182,0,156,250,115,190,0,244,0,254,0,249,0,102,0,43,0,20,0,14,0,12,
0,6,255,130,255,89,255,164,1,251,251,8,6,104,255,139,250,20,188,0,244,0,254,0,250,0,102,0,43,0,19,0,13,0,11,
0,28,255,136,255,55,255,164,1,251,251,8,6,75,255,7,251,116,192,0,244,0,254,0,249,0,102,0,43,0,20,0,13,0,11,
0,68,255,176,255,70,255,164,1,251,251,8,6,120,0,163,250,17,192,0,244,0,253,0,248,0,102,0,43,0,20,0,14,0,12,
0,68,255,176,255,70,255,143,1,229,251,236,5,120,0,163,250,212,190,0,244,0,254,0,248,0,102,0,43,0,20,0,13,0,11,
0,55,255,163,255,89,255,143,1,229,251,236,5,120,0,146,250,212,190,0,245,0,253,0,248,0,102,0,43,0,20,0,14,0,12,
0,75,255,187,255,92,255,143,1,229,251,236,5,154,255,162,250,70,189,0,245,0,253,0,250,0,101,0,43,0,20,0,13,0,11,
0,103,255,209,255,70,255,143,1,229,251,236,5,249,254,36,251,184,191,0,244,0,252,0,250,0,102,0,43,0,20,0,13,0,11,
0,103,255,209,255,70,255,143,1,229,251,236,5,100,0,114,250,245,191,0,244,0,253,0,251,0,102,0,43,0,20,0,14,0,11,
0,99,255,221,255,55,255,143,1,229,251,236,5,100,0,114,250,245,191,0,243,0,254,0,252,0,102,0,43,0,20,0,13,0,11,
0,66,255,207,255,56,255,143,1,229,251,236,5,207,255,52,250,91,189,0,243,0,253,0,251,0,103,0,44,0,20,0,13,0,11,
0,66,255,207,255,50,255,143,1,229,251,236,5,91,255,228,250,157,191,0,244,0,253,0,251,0,102,0,43,0,20,0,13,0,11,
0,97,255,192,255,50,255,143,1,229,251,236,5,231,0,145,250,108,191,0,243,0,253,0,250,0,103,0,43,0,20,0,13,0,11,
0,93,255,221,255,74,255,143,1,229,251,236,5,231,0,145,250,148,189,0,243,0,253,0,250,0,102,0,43,0,20,0,13,0,11,
0,76,255,221,255,87,255,59,1,4,252,117,7,195,255,88,250,148,189,0,243,0,252,0,251,0,103,0,43,0,20,0,14,0,11,
0,76,255,221,255,87,255,59,1,4,252,117,7,247,255,38,250,237,190,0,242,0,253,0,252,0,103,0,44,0,20,0,14,0,11,
0,32,255,226,255,88,255,59,1,4,252,117,7,229,255,66,250,195,191,0,242,0,253,0,254,0,102,0,43,0,19,0,13,0,11,
0,51,255,217,255,100,255,59,1,4,252,117,7,46,0,28,250,62,190,0,241,0,253,0,254,0,104,0,44,0,20,0,13,0,11,
0,70,255,213,255,76,255,59,1,4,252,117,7,46,0,28,250,62,190,0,240,0,254,0,253,0,104,0,44,0,20,0,14,0,11,
0,70,255,213,255,76,255,59,1,4,252,117,7,147,255,0,250,38,190,0,240,0,254,0,253,0,104,0,44,0,20,0,13,0,11,
0,76,255,223,255,75,255,59,1,4,252,117,7,145,255,16,250,83,191,0,241,0,254,0,252,0,104,0,38,0,19,0,14,0,12,
0,110,255,216,255,62,255,59,1,4,252,117,7,234,255,237,249,36,191,0,240,0,253,0,251,0,104,0,40,0,20,0,14,0,12,
0,101,255,192,255,53,255,59,1,4,252,117,7,234,255,245,249,18,191,0,239,0,253,0,252,0,104,0,41,0,20,0,14,0,12,
0,101,255,192,255,53,255,59,1,4,252,117,7,148,0,245,249,18,191,0,239,0,253,0,253,0,104,0,42,0,20,0,14,0,12,
0,84,255,216,255,55,255,119,1,245,251,146,6,254,255,211,249,11,190,0,239,0,254,0,254,0,104,0,42,0,19,0,13,0,11,
0,83,255,212,255,67,255,119,1,245,251,146,6,65,0,95,249,180,191,0,238,0,253,0,254,0,104,0,43,0,20,0,14,0,12,
0,83,255,212,255,82,255,119,1,245,251,146,6,83,255,157,249,140,190,0,238,0,254,0,253,0,104,0,43,0,20,0,13,0,11,
0,99,255,211,255,82,255,119,1,245,251,146,6,83,255,157,249,83,192,0,238,0,253,0,252,0,104,0,43,0,20,0,14,0,12,
0,77,255,201,255,94,255,119,1,245,251,146,6,154,255,254,249,83,192,0,238,0,253,0,251,0,104,0,44,0,20,0,14,0,11,
0,51,255,208,255,111,255,119,1,245,251,146,6,62,0,75,249,26,191,0,238,0,252,0,251,0,104,0,43,0,20,0,13,0,11,
0,51,255,208,255,111,255,119,1,245,251,146,6,237,255,1,249,175,189,0,237,0,252,0,251,0,104,0,44,0,20,0,14,0,11,
0,57,255,198,255,99,255,119,1,245,251,146,6,237,255,113,249,248,190,0,237,0,252,0,252,0,103,0,43,0,20,0,13,0,11,
0,75,255,173,255,94,255,119,1,245,251,146,6,121,255,113,249,248,190,0,236,0,252,0,252,0,104,0,44,0,20,0,14,0,11,
0,53,255,186,255,96,255,119,1,245,251,146,6,188,255,133,249,43,192,0,235,0,252,0,252,0,104,0,44,0,20,0,13,0,11,
0,53,255,186,255,96,255,119,1,245,251,146,6,72,0,19,249,191,190,0,235,0,252,0,252,0,103,0,43,0,20,0,13,0,11,
0,75,255,199,255,78,255,147,1,234,251,42,5,7,0,199,248,22,191,0,235,0,252,0,252,0,103,0,43,0,20,0,13,0,11,
0,37,255,191,255,68,255,147,1,234,251,42,5,7,0,199,248,18,191,0,235,0,251,0,250,0,104,0,44,0,21,0,14,0,11,
0,1,255,191,255,65,255,147,1,234,251,42,5,139,255,97,249,18,191,0,235,0,251,0,250,0,104,0,43,0,20,0,13,0,11,
0,1,255,188,255,65,255,147,1,234,251,42,5,155,255,157,249,130,192,0,234,0,250,0,250,0,103,0,44,0,21,0,14,0,12,
0,17,255,187,255,60,255,147,1,234,251,42,5,227,255,56,249,233,191,0,234,0,250,0,251,0,103,0,43,0,20,0,13,0,11,
0,53,255,204,255,64,255,147,1,234,251,42,5,94,0,207,248,158,189,0,234,0,250,0,251,0,103,0,44,0,20,0,14,0,12,
0,53,255,204,255,61,255,147,1,234,251,42,5,94,0,207,248,158,189,0,234,0,251,0,251,0,103,0,44,0,20,0,13,0,11,
0,90,255,189,255,61,255,147,1,234,251,42,5,68,255,61,249,223,189,0,233,0,250,0,250,0,104,0,48,0,21,0,14,0,11,
0,50,255,188,255,68,255,147,1,234,251,42,5,125,255,153,249,193,191,0,233,0,249,0,250,0,103,0,47,0,21,0,13,0,11,
0,17,255,183,255,66,255,147,1,234,251,42,5,108,0,36,249,3,192,0,233,0,249,0,250,0,103,0,46,0,21,0,13,0,11,
0,17,255,183,255,66,255,111,1,234,251,205,6,108,0,253,248,48,192,0,233,0,249,0,250,0,102,0,46,0,21,0,13,0,11,
0,255,254,145,255,54,255,111,1,234,251,205,6,178,0,253,248,48,192,0,232,0,248,0,249,0,103,0,46,0,22,0,14,0,12,
0,5,255,150,255,69,255,111,1,234,251,205,6,237,255,2,249,242,188,0,232,0,248,0,249,0,103,0,45,0,21,0,14,0,11,
0,46,255,137,255,69,255,111,1,234,251,205,6,44,254,217,249,192,191,0,232,0,247,0,249,0,103,0,45,0,21,0,14,0,12,
0,46,255,137,255,69,255,111,1,234,251,205,6,182,0,157,249,177,192,0,232,0,247,0,249,0,102,0,44,0,20,0,13,0,11,
0,52,255,134,255,31,255,111,1,234,251,205,6,182,0,157,249,177,189,0,231,0,247,0,248,0,102,0,44,0,21,0,14,0,11,
0,21,255,148,255,11,255,111,1,234,251,205,6,228,255,63,249,153,189,0,231,0,247,0,248,0,101,0,44,0,20,0,13,0,11,
0,35,255,148,255,30,255,111,1,234,251,205,6,79,255,160,249,30,191,0,230,0,246,0,247,0,102,0,44,0,20,0,14,0,11,
0,35,255,144,255,30,255,111,1,234,251,205,6,64,255,199,249,70,192,0,230,0,246,0,247,0,102,0,43,0,20,0,14,0,11,
0,13,255,137,255,22,255,111,1,234,251,205,6,64,255,250,249,238,191,0,230,0,246,0,247,0,101,0,43,0,20,0,13,0,11,
0,24,255,127,255,35,255,51,1,244,251,220,5,233,255,250,249,238,191,0,230,0,246,0,247,0,101,0,43,0,20,0,13,0,11,
0,24,255,127,255,24,255,51,1,244,251,220,5,118,0,173,249,181,191,0,229,0,245,0,246,0,101,0,44,0,20,0,14,0,11,
0,44,255,137,255,24,255,51,1,244,251,220,5,26,255,220,249,40,189,0,229,0,245,0,246,0,101,0,43,0,20,0,13,0,11,
0,50,255,138,255,5,255,51,1,244,251,220,5,187,254,79,250,1,191,0,229,0,245,0,245,0,101,0,43,0,20,0,14,0,12,
0,59,255,130,255,8,255,51,1,244,251,220,5,187,254,79,250,198,192,0,229,0,245,0,245,0,100,0,43,0,20,0,13,0,11,
0,59,255,130,255,8,255,51,1,244,251,220,5,253,254,66,250,198,192,0,229,0,245,0,245,0,100,0,43,0,20,0,13,0,11,
0,56,255,136,255,22,255,51,1,244,251,220,5,85,0,52,250,9,192,0,228,0,244,0,244,0,101,0,43,0,20,0,14,0,12,
0,61,255,142,255,41,255,51,1,244,251,220,5,186,255,43,250,1,189,0,228,0,244,0,244,0,100,0,43,0,20,0,14,0,12,
0,83,255,143,255,18,255,51,1,244,251,220,5,186,254,168,250,121,190,0,228,0,244,0,244,0,100,0,43,0,20,0,14,0,12,
0,83,255,143,255,18,255,51,1,244,251,220,5,81,254,168,250,121,190,0,228,0,244,0,244,0,100,0,43,0,19,0,13,0,11,
0,66,255,152,255,15,255,71,1,22,252,161,5,248,254,18,251,23,193,0,229,0,244,0,244,0,100,0,43,0,20,0,13,0,11,
0,74,255,141,255,245,254,71,1,22,252,161,5,13,0,187,250,26,193,0,228,0,243,0,244,0,100,0,43,0,20,0,14,0,12,
0,72,255,141,255,241,254,71,1,22,252,161,5,184,255,77,250,174,188,0,228,0,243,0,243,0,100,0,43,0,20,0,13,0,11,
0,72,255,155,255,241,254,71,1,22,252,161,5,184,255,77,250,86,190,0,228,0,243,0,243,0,100,0,43,0,20,0,14,0,11,
0,63,255,132,255,224,254,71,1,22,252,161,5,54,254,239,250,86,190,0,229,0,243,0,244,0,99,0,42,0,19,0,13,0,11,
0,59,255,124,255,211,254,71,1,22,252,161,5,83,255,100,251,86,194,0,229,0,243,0,244,0,99,0,42,0,20,0,13,0,11,
0,59,255,124,255,4,255,71,1,22,252,161,5,188,0,101,250,158,190,0,229,0,243,0,244,0,99,0,42,0,19,0,13,0,11,
0,57,255,146,255,4,255,71,1,22,252,161,5,158,255,247,250,79,189,0,229,0,243,0,243,0,100,0,42,0,20,0,13,0,11,
0,39,255,142,255,12,255,71,1,22,252,161,5,158,255,247,250,79,189,0,230,0,243,0,243,0,100,0,42,0,20,0,13,0,11,
0,42,255,138,255,239,254,71,1,22,252,161,5,155,254,149,251,139,190,0,230,0,243,0,244,0,99,0,42,0,19,0,13,0,11,
0,42,255,138,255,239,254,71,1,208,251,156,4,126,255,6,252,168,192,0,230,0,243,0,244,0,99,0,42,0,20,0,13,0,11,
0,51,255,137,255,245,254,128,1,208,251,156,4,38,0,159,251,186,191,0,230,0,243,0,244,0,99,0,42,0,19,0,13,0,11,
0,57,255,132,255,247,254,128,1,208,251,156,4,38,0,12,251,166,187,0,230,0,243,0,244,0,100,0,42,0,20,0,13,0,11,
0,58,255,142,255,209,254,128,1,208,251,156,4,251,255,12,251,166,187,0,231,0,243,0,244,0,99,0,42,0,20,0,13,0,11,
0,58,255,142,255,209,254,128,1,208,251,156,4,181,254,219,251,97,190,0,232,0,243,0,244,0,99,0,42,0,19,0,13,0,11,
0,67,255,129,255,203,254,128,1,208,251,156,4,198,255,125,252,140,192,0,232,0,243,0,243,0,100,0,43,0,20,0,14,0,12,
0,54,255,129,255,224,254,128,1,208,251,156,4,224,0,248,251,184,190,0,232,0,243,0,244,0,99,0,42,0,19,0,13,0,11,
0,54,255,129,255,241,254,128,1,208,251,156,4,224,0,248,251,5,188,0,232,0,243,0,244,0,100,0,43,0,20,0,14,0,12,
0,94,255,101,255,241,254,128,1,208,251,156,4,169,255,179,251,5,188,0,233,0,243,0,244,0,100,0,43,0,20,0,14,0,12,
0,119,255,83,255,230,254,128,1,208,251,156,4,233,254,86,252,227,189,0,233,0,244,0,245,0,100,0,42,0,20,0,13,0,11,
0,140,255,93,255,251,254,128,1,208,251,156,4,118,255,63,252,16,192,0,233,0,244,0,245,0,100,0,43,0,20,0,14,0,12,
0,140,255,93,255,4,255,104,1,226,251,236,5,118,255,237,251,11,191,0,233,0,244,0,246,0,100,0,42,0,20,0,13,0,11,
0,213,255,103,255,4,255,104,1,226,251,236,5,71,0,237,251,11,191,0,232,0,244,0,246,0,100,0,43,0,20,0,14,0,12,
0,217,255,121,255,240,254,104,1,226,251,236,5,185,0,163,251,52,190,0,233,0,245,0,245,0,100,0,43,0,20,0,13,0,11,
0,180,255,137,255,203,254,104,1,226,251,236,5,66,0,189,251,229,188,0,233,0,245,0,245,0,100,0,42,0,19,0,13,0,11,
0,180,255,137,255,203,254,104,1,226,251,236,5,155,255,53,252,72,190,0,234,0,245,0,245,0,100,0,42,0,19,0,13,0,11,
0,166,255,140,255,197,254,104,1,226,251,236,5,155,255,53,252,85,191,0,233,0,244,0,245,0,100,0,43,0,20,0,14,0,11,
0,158,255,144,255,240,254,104,1,226,251,236,5,163,255,1,252,85,191,0,233,0,245,0,245,0,100,0,42,0,20,0,13,0,11,
0,155,255,103,255,242,254,104,1,226,251,236,5,192,0,151,251,4,190,0,233,0,245,0,246,0,100,0,42,0,20,0,13,0,11,
0,155,255,103,255,242,254,104,1,226,251,236,5,231,255,227,251,21,188,0,233,0,246,0,248,0,100,0,42,0,19,0,13,0,11,
0,140,255,102,255,238,254,104,1,226,251,236,5,61,255,241,251,221,189,0,233,0,246,0,248,0,100,0,42,0,19,0,13,0,11,
0,116,255,86,255,237,254,148,1,244,251,182,6,61,255,241,251,221,189,0,232,0,246,0,247,0,101,0,43,0,20,0,14,0,11,
0,116,255,86,255,237,254,148,1,244,251,182,6,250,255,155,251,176,191,0,232,0,246,0,246,0,100,0,43,0,20,0,13,0,11,
0,102,255,85,255,237,254,148,1,244,251,182,6,88,0,124,251,225,190,0,233,0,246,0,245,0,101,0,43,0,20,0,14,0,11,
0,179,255,67,255,231,254,148,1,244,251,182,6,38,0,107,251,152,190,0,233,0,246,0,246,0,100,0,43,0,19,0,13,0,11,
0,220,255,92,255,233,254,148,1,244,251,182,6,38,0,107,251,154,189,0,233,0,246,0,246,0,100,0,42,0,19,0,13,0,11,
0,220,255,92,255,225,254,148,1,244,251,182,6,211,255,63,251,154,189,0,233,0,246,0,247,0,101,0,43,0,20,0,14,0,12,
0,189,255,114,255,225,254,148,1,244,251,182,6,2,0,20,251,15,190,0,232,0,246,0,248,0,101,0,43,0,20,0,14,0,11,
0,156,255,99,255,222,254,148,1,244,251,182,6,187,255,14,251,37,190,0,232,0,247,0,249,0,101,0,43,0,20,0,14,0,12,
0,215,255,99,255,231,254,148,1,244,251,182,6,133,255,53,251,94,190,0,232,0,247,0,248,0,101,0,43,0,20,0,14,0,12,
0,215,255,99,255,231,254,148,1,244,251,182,6,133,255,53,251,94,190,0,233,0,247,0,247,0,102,0,43,0,20,0,14,0,12,
0,205,255,99,255,1,255,85,1,20,252,84,5,92,0,194,250,126,192,0,233,0,247,0,247,0,101,0,43,0,19,0,13,0,11,
0,163,255,99,255,246,254,85,1,20,252,84,5,166,0,242,250,61,191,0,233,0,247,0,246,0,101,0,43,0,20,0,13,0,11,
0,161,255,81,255,254,254,85,1,20,252,84,5,238,255,99,250,0,189,0,234,0,247,0,247,0,101,0,43,0,20,0,14,0,11,
0,161,255,81,255,254,254,85,1,20,252,84,5,238,255,227,250,140,190,0,234,0,247,0,248,0,100,0,37,0,19,0,13,0,11,
0,171,255,68,255,6,255,85,1,20,252,84,5,175,254,227,250,140,190,0,234,0,247,0,249,0,101,0,39,0,19,0,14,0,12,
0,223,255,65,255,13,255,85,1,20,252,84,5,175,255,29,251,188,192,0,234,0,248,0,250,0,101,0,40,0,18,0,13,0,11,
0,223,255,65,255,37,255,85,1,20,252,84,5,165,0,73,250,11,190,0,233,0,247,0,249,0,101,0,40,0,19,0,13,0,11,
0,219,255,55,255,37,255,85,1,20,252,84,5,24,0,236,249,180,189,0,234,0,247,0,248,0,102,0,41,0,20,0,13,0,11,
0,214,255,60,255,15,255,85,1,20,252,84,5,24,0,236,249,70,189,0,235,0,247,0,247,0,101,0,41,0,19,0,13,0,11,
0,198,255,80,255,14,255,85,1,20,252,84,5,45,255,87,250,70,189,0,235,0,247,0,246,0,101,0,42,0,20,0,13,0,11,
0,198,255,80,255,14,255,66,1,29,252,6,6,29,255,180,250,93,192,0,236,0,247,0,247,0,101,0,42,0,19,0,13,0,11,
0,216,255,68,255,35,255,66,1,29,252,6,6,187,255,56,250,180,192,0,236,0,246,0,247,0,101,0,42,0,20,0,13,0,11,
0,210,255,55,255,251,254,66,1,29,252,6,6,187,255,34,250,195,190,0,237,0,246,0,247,0,101,0,43,0,20,0,14,0,12,
0,215,255,59,255,247,254,66,1,29,252,6,6,81,0,34,250,195,190,0,237,0,247,0,248,0,101,0,42,0,20,0,13,0,11,
0,215,255,59,255,247,254,66,1,29,252,6,6,200,255,250,249,22,189,0,238,0,247,0,247,0,101,0,43,0,20,0,14,0,12,
0,188,255,41,255,2,255,66,1,29,252,6,6,158,254,34,250,185,189,0,238,0,247,0,247,0,101,0,43,0,20,0,13,0,11,
0,168,255,49,255,18,255,66,1,29,252,6,6,225,254,142,250,236,191,0,238,0,247,0,246,0,101,0,43,0,20,0,14,0,12,
0,171,255,36,255,47,255,66,1,29,252,6,6,225,254,142,250,172,192,0,239,0,247,0,246,0,101,0,43,0,20,0,14,0,12,
0,171,255,36,255,47,255,66,1,29,252,6,6,20,0,59,250,172,192,0,240,0,247,0,246,0,100,0,42,0,20,0,14,0,12,
0,182,255,25,255,26,255,66,1,29,252,6,6,202,255,1,250,142,188,0,240,0,246,0,245,0,101,0,43,0,20,0,14,0,12,
0,226,255,22,255,19,255,66,1,29,252,6,6,44,254,132,250,200,188,0,241,0,246,0,245,0,100,0,43,0,20,0,13,0,11,
0,226,255,22,255,15,255,152,1,199,251,14,7,96,255,104,250,207,192,0,241,0,246,0,244,0,100,0,43,0,20,0,13,0,11,
0,241,255,14,255,15,255,152,1,199,251,14,7,96,255,104,250,207,192,0,242,0,245,0,244,0,100,0,43,0,20,0,14,0,11,
0,180,255,25,255,39,255,152,1,199,251,14,7,122,0,18,250,101,191,0,243,0,246,0,244,0,100,0,42,0,19,0,13,0,11,
0,140,255,7,255,58,255,152,1,199,251,14,7,87,255,189,249,55,188,0,244,0,245,0,244,0,99,0,42,0,19,0,13,0,11,
0,140,255,7,255,58,255,152,1,199,251,14,7,19,254,127,250,231,189,0,244,0,245,0,243,0,100,0,47,0,21,0,13,0,11,
0,134,255,55,255,34,255,152,1,199,251,14,7,19,254,129,250,147,193,0,244,0,245,0,243,0,99,0,46,0,20,0,13,0,10,
0,160,255,77,255,15,255,152,1,199,251,14,7,163,254,129,250,147,193,0,245,0,244,0,242,0,99,0,45,0,20,0,13,0,11,
0,208,255,32,255,13,255,152,1,199,251,14,7,3,0,241,249,151,190,0,246,0,245,0,242,0,99,0,44,0,20,0,13,0,11,
0,208,255,32,255,13,255,152,1,199,251,14,7,185,254,88,250,122,188,0,246,0,245,0,242,0,99,0,43,0,20,0,13,0,11,
0,171,255,17,255,24,255,152,1,199,251,14,7,12,254,41,251,153,191,0,247,0,244,0,241,0,99,0,44,0,20,0,14,0,11,
0,153,255,24,255,24,255,92,1,19,252,233,5,12,254,41,251,153,193,0,247,0,244,0,241,0,99,0,43,0,20,0,13,0,11,
0,133,255,40,255,67,255,92,1,19,252,233,5,217,254,243,250,63,193,0,247,0,244,0,241,0,99,0,43,0,20,0,14,0,12,
0,133,255,40,255,67,255,92,1,19,252,233,5,26,0,73,250,190,189,0,249,0,244,0,241,0,98,0,42,0,20,0,14,0,12,
0,144,255,55,255,86,255,92,1,19,252,233,5,93,254,213,250,255,188,0,249,0,244,0,240,0,99,0,43,0,20,0,14,0,12,
0,157,255,44,255,62,255,92,1,19,252,233,5,93,254,106,251,175,192,0,250,0,244,0,241,0,98,0,42,0,19,0,13,0,11,
0,157,255,44,255,64,255,92,1,19,252,233,5,16,254,106,251,175,192,0,251,0,244,0,240,0,98,0,42,0,20,0,13,0,11,
0,164,255,88,255,64,255,92,1,19,252,233,5,143,255,2,251,70,192,0,251,0,244,0,240,0,99,0,42,0,20,0,14,0,12,
0,135,255,92,255,34,255,92,1,19,252,233,5,21,255,108,250,252,188,0,252,0,244,0,240,0,98,0,42,0,20,0,13,0,11,
0,134,255,67,255,27,255,92,1,19,252,233,5,48,254,46,251,81,189,0,253,0,244,0,239,0,98,0,42,0,18,0,13,0,11,
0,134,255,67,255,27,255,92,1,19,252,233,5,48,254,46,251,119,192,0,254,0,244,0,240,0,97,0,41,0,19,0,13,0,11,
0,128,255,77,255,30,255,69,1,31,252,19,6,45,254,245,251,119,192,0,254,0,243,0,240,0,98,0,42,0,20,0,13,0,11,
0,130,255,107,255,31,255,69,1,31,252,19,6,95,255,71,251,200,191,0,255,0,244,0,239,0,98,0,42,0,18,0,13,0,12,
0,141,255,137,255,33,255,69,1,31,252,19,6,163,255,11,251,33,189,1,0,0,244,0,240,0,97,0,41,0,20,0,13,0,11,
0,141,255,137,255,33,255,69,1,31,252,19,6,146,254,162,251,160,188,1,0,0,243,0,239,0,97,0,42,0,18,0,13,0,11,
0,160,255,148,255,51,255,69,1,31,252,19,6,146,254,162,251,160,188,1,1,0,244,0,240,0,97,0,41,0,19,0,13,0,11,
0,147,255,129,255,54,255,69,1,31,252,19,6,237,253,234,251,30,190,1,1,0,243,0,239,0,97,0,41,0,18,0,13,0,11,
0,143,255,136,255,65,255,69,1,31,252,19,6,148,254,11,252,122,192,1,2,0,243,0,239,0,97,0,41,0,18,0,13,0,11,
0,143,255,136,255,65,255,69,1,31,252,19,6,69,0,77,251,206,190,1,3,0,244,0,240,0,97,0,41,0,19,0,13,0,11,
0,146,255,134,255,56,255,69,1,31,252,19,6,69,0,77,251,186,187,1,3,0,244,0,240,0,97,0,41,0,19,0,12,0,11,
0,189,255,160,255,21,255,69,1,31,252,19,6,61,255,85,251,186,187,1,3,0,243,0,240,0,97,0,41,0,20,0,13,0,11,
0,189,255,160,255,38,255,106,1,31,252,199,5,188,253,93,252,238,189,1,3,0,244,0,240,0,97,0,41,0,19,0,13,0,11,
0,183,255,177,255,38,255,106,1,31,252,199,5,50,255,209,251,238,191,1,3,0,244,0,240,0,98,0,41,0,20,0,14,0,11,
0,164,255,177,255,42,255,106,1,31,252,199,5,43,0,178,251,223,190,1,4,0,244,0,241,0,97,0,41,0,19,0,13,0,11,
0,175,255,173,255,51,255,106,1,31,252,199,5,43,0,178,251,223,190,1,4,0,244,0,242,0,97,0,41,0,19,0,13,0,11,
0,175,255,173,255,51,255,106,1,31,252,199,5,213,255,90,251,67,188,1,4,0,244,0,242,0,98,0,42,0,20,0,14,0,12,
0,177,255,160,255,53,255,106,1,31,252,199,5,196,254,173,251,48,189,1,4,0,244,0,242,0,98,0,42,0,19,0,13,0,11,
0,169,255,188,255,60,255,106,1,31,252,199,5,176,254,26,252,156,190,1,4,0,245,0,243,0,98,0,42,0,20,0,14,0,12,
0,188,255,220,255,56,255,106,1,31,252,199,5,176,254,253,251,80,190,1,5,0,246,0,244,0,98,0,41,0,19,0,13,0,11,
0,188,255,220,255,56,255,106,1,31,252,199,5,102,255,253,251,80,190,1,4,0,246,0,244,0,99,0,42,0,20,0,14,0,12,
0,220,255,236,255,44,255,106,1,31,252,199,5,200,255,136,251,232,188,1,5,0,246,0,245,0,99,0,42,0,19,0,13,0,11,
0,218,255,207,255,54,255,106,1,31,252,199,5,220,255,233,251,213,189,1,4,0,247,0,245,0,99,0,42,0,20,0,13,0,11,
0,210,255,215,255,66,255,82,1,14,252,127,5,166,255,144,251,18,191,1,4,0,247,0,246,0,99,0,42,0,20,0,14,0,12,
0,210,255,215,255,66,255,82,1,14,252,127,5,166,255,144,251,229,188,1,4,0,247,0,247,0,100,0,42,0,19,0,13,0,11,
0,139,255,239,255,55,255,82,1,14,252,127,5,76,0,96,251,229,188,1,4,0,248,0,248,0,100,0,42,0,19,0,13,0,11,
0,151,255,217,255,68,255,82,1,14,252,127,5,93,255,91,251,185,188,1,3,0,248,0,248,0,100,0,43,0,20,0,14,0,11,
0,151,255,217,255,60,255,82,1,14,252,127,5,11,255,140,251,165,189,1,3,0,248,0,249,0,100,0,42,0,20,0,13,0,11,
0,192,255,203,255,60,255,82,1,14,252,127,5,11,255,117,251,139,191,1,2,0,249,0,250,0,101,0,43,0,20,0,13,0,11,
0,199,255,190,255,62,255,82,1,14,252,127,5,162,255,117,251,139,191,1,2,0,249,0,251,0,101,0,42,0,19,0,13,0,11,
0,223,255,193,255,64,255,82,1,14,252,127,5,204,0,65,251,61,190,1,2,0,249,0,251,0,102,0,43,0,20,0,14,0,11,
0,223,255,193,255,64,255,82,1,14,252,127,5,124,0,194,250,207,187,1,2,0,250,0,253,0,102,0,42,0,19,0,13,0,11,
0,245,255,247,255,69,255,82,1,14,252,127,5,82,0,31,251,215,188,1,1,0,250,0,253,0,103,0,43,0,20,0,13,0,11,
0,251,255,32,0,53,255,65,1,65,252,210,5,82,0,31,251,4,190,1,1,0,250,0,254,0,103,0,43,0,20,0,13,0,12,
0,255,255,31,0,64,255,65,1,65,252,210,5,205,255,22,251,4,190,1,0,0,251,0,254,0,103,0,43,0,20,0,13,0,11,
0,255,255,31,0,64,255,65,1,65,252,210,5,208,255,190,250,40,191,0,255,0,251,0,255,0,104,0,44,0,20,0,13,0,12,
0,237,255,23,0,76,255,65,1,65,252,210,5,254,0,108,250,51,190,0,255,0,252,1,0,0,104,0,44,0,18,0,13,0,11,
0,219,255,239,255,88,255,65,1,65,252,210,5,132,0,71,250,149,189,0,254,0,251,1,1,0,105,0,44,0,19,0,13,0,11,
0,216,255,239,255,86,255,65,1,65,252,210,5,132,0,71,250,149,189,0,254,0,252,1,1,0,105,0,44,0,19,0,14,0,12,
0,216,255,235,255,86,255,65,1,65,252,210,5,42,0,88,250,85,189,0,254,0,252,1,1,0,105,0,44,0,19,0,13,0,11,
0,233,255,235,255,73,255,65,1,65,252,210,5,8,0,147,250,243,189,0,254,0,253,1,1,0,105,0,44,0,19,0,13,0,11,
0,5,0,221,255,59,255,65,1,65,252,210,5,120,0,65,250,252,190,0,254,0,252,1,0,0,106,0,45,0,20,0,14,0,12,
0,5,0,221,255,30,255,65,1,65,252,210,5,120,0,65,249,114,189,0,253,0,252,1,1,0,106,0,45,0,20,0,13,0,11,
0,2,0,248,255,30,255,105,1,251,251,46,6,162,0,226,249,114,189,0,253,0,252,1,2,0,106,0,45,0,20,0,14,0,11,
0,213,255,242,255,41,255,105,1,251,251,46,6,64,0,241,249,247,190,0,253,0,253,1,3,0,106,0,44,0,20,0,13,0,11,
0,226,255,243,255,86,255,105,1,251,251,46,6,5,1,235,249,15,190,0,252,0,253,1,3,0,106,0,45,0,19,0,13,0,11,
0,226,255,243,255,86,255,105,1,251,251,46,6,101,0,138,249,77,188,0,252,0,253,1,3,0,107,0,45,0,20,0,13,0,11,
0,13,0,232,255,106,255,105,1,251,251,46,6,101,0,138,249,77,188,0,251,0,253,1,4,0,107,0,45,0,20,0,13,0,11,
0,34,0,255,255,85,255,105,1,251,251,46,6,231,255,193,249,15,190,0,251,0,254,1,4,0,107,0,45,0,20,0,13,0,11,
0,247,255,33,0,103,255,105,1,251,251,46,6,18,0,202,249,81,191,0,251,0,254,1,4,0,107,0,45,0,19,0,13,0,11,
0,247,255,33,0,103,255,105,1,251,251,46,6,93,1,46,249,52,191,0,251,0,254,1,4,0,107,0,46,0,20,0,14,0,11,
0,10,0,39,0,122,255,105,1,251,251,46,6,93,1,253,248,136,188,0,251,0,254,1,5,0,107,0,45,0,20,0,13,0,11,
0,3,0,29,0,127,255,105,1,251,251,46,6,72,1,253,248,136,188,0,250,0,254,1,4,0,107,0,46,0,20,0,13,0,11,
0,226,255,29,255,146,255,41,1,116,252,215,5,100,0,81,249,111,189,0,250,0,254,1,5,0,107,0,40,0,19,0,14,0,12,
0,226,255,236,255,146,255,41,1,116,252,215,5,235,255,66,249,98,190,0,250,0,255,1,5,0,107,0,41,0,19,0,13,0,11,
0,209,255,237,255,140,255,41,1,116,252,215,5,108,0,39,249,230,191,0,250,0,255,1,5,0,107,0,43,0,19,0,13,0,11,
0,219,255,216,255,126,255,41,1,116,252,215,5,108,0,39,249,254,190,0,249,0,254,1,4,0,108,0,44,0,20,0,14,0,12,
0,219,255,216,255,103,255,41,1,116,252,215,5,146,1,250,248,254,190,0,250,0,255,1,5,0,108,0,44,0,19,0,13,0,11,
0,198,255,199,255,103,255,41,1,116,252,215,5,113,0,75,248,243,186,0,249,0,254,1,4,0,108,0,45,0,20,0,14,0,12,
0,183,255,197,255,80,255,41,1,116,252,215,5,133,255,73,249,72,190,0,250,0,255,1,4,0,107,0,45,0,20,0,14,0,12,
0,203,255,189,255,92,255,41,1,116,252,215,5,133,255,22,249,214,192,0,249,0,254,1,4,0,108,0,46,0,20,0,14,0,12,
0,203,255,189,255,92,255,41,1,116,252,215,5,184,0,22,249,214,192,0,250,0,255,1,4,0,107,0,45,0,19,0,13,0,11,
0,205,255,193,255,84,255,41,1,116,252,215,5,142,1,137,248,72,190,0,249,0,254,1,3,0,108,0,46,0,20,0,14,0,11,
0,179,255,181,255,104,255,41,1,116,252,215,5,250,0,178,248,142,188,0,249,0,254,1,3,0,108,0,46,0,20,0,13,0,12,
0,128,255,185,255,114,255,99,1,38,252,153,6,128,0,221,248,34,190,0,249,0,254,1,3,0,108,0,46,0,20,0,13,0,11,
0,128,255,185,255,114,255,99,1,38,252,153,6,128,0,221,248,135,190,0,249,0,254,1,2,0,107,0,46,0,20,0,14,0,11,
0,157,255,181,255,108,255,99,1,38,252,153,6,196,0,33,249,135,190,0,249,0,254,1,2,0,107,0,45,0,19,0,13,0,11,
0,189,255,172,255,109,255,99,1,38,252,153,6,238,0,43,249,166,191,0,249,0,254,1,1,0,107,0,45,0,20,0,13,0,11,
0,172,255,172,255,89,255,99,1,38,252,153,6,36,1,192,248,220,189,0,249,0,254,1,1,0,107,0,46,0,20,0,13,0,11,
0,172,255,152,255,89,255,99,1,38,252,153,6,26,1,167,248,226,188,0,250,0,254,1,1,0,106,0,45,0,20,0,13,0,11,
0,152,255,150,255,76,255,99,1,38,252,153,6,26,1,167,248,226,188,0,250,0,253,1,0,0,106,0,45,0,20,0,13,0,11,
0,115,255,125,255,80,255,99,1,38,252,153,6,108,0,66,249,67,190,0,250,0,253,1,0,0,106,0,45,0,20,0,13,0,11,
0,115,255,125,255,88,255,99,1,38,252,153,6,153,0,68,249,113,191,0,250,0,253,0,255,0,106,0,45,0,22,0,14,0,12,
0,106,255,121,255,88,255,99,1,38,252,153,6,50,1,12,249,92,190,0,250,0,252,0,255,0,106,0,46,0,22,0,14,0,12,
0,106,255,107,255,104,255,50,1,68,252,240,5,50,1,35,249,134,190,0,251,0,253,0,255,0,105,0,45,0,21,0,14,0,11,
0,89,255,99,255,103,255,50,1,68,252,240,5,176,0,35,249,134,190,0,251,0,252,0,254,0,106,0,50,0,22,0,14,0,12,
0,89,255,99,255,103,255,50,1,68,252,240,5,198,0,16,249,175,188,0,251,0,252,0,254,0,105,0,48,0,21,0,13,0,11,
0,111,255,125,255,92,255,50,1,68,252,240,5,64,0,92,249,154,190,0,251,0,252,0,253,0,105,0,48,0,22,0,14,0,11,
0,99,255,132,255,74,255,50,1,68,252,240,5,141,0,144,249,0,191,0,251,0,251,0,252,0,105,0,47,0,22,0,14,0,12,
0,87,255,125,255,81,255,50,1,68,252,240,5,141,0,144,249,0,189,0,252,0,252,0,252,0,104,0,46,0,21,0,14,0,11,
0,87,255,125,255,81,255,50,1,68,252,240,5,223,0,47,249,206,189,0,252,0,251,0,252,0,104,0,46,0,22,0,14,0,12,
0,87,255,135,255,87,255,50,1,68,252,240,5,150,0,139,249,18,189,0,252,0,252,0,252,0,104,0,45,0,21,0,13,0,11,
0,90,255,133,255,97,255,50,1,68,252,240,5,247,255,201,249,224,190,0,252,0,251,0,251,0,104,0,46,0,21,0,14,0,12,
0,90,255,133,255,110,255,50,1,68,252,240,5,247,255,144,249,142,190,0,252,0,251,0,251,0,104,0,45,0,21,0,14,0,11,
0,56,255,165,255,110,255,51,1,70,252,91,6,186,0,144,249,142,190,0,253,0,251,0,251,0,104,0,44,0,20,0,13,0,11,
0,68,255,183,255,91,255,51,1,70,252,91,6,120,0,166,249,15,190,0,253,0,250,0,251,0,104,0,45,0,21,0,14,0,11,
0,60,255,181,255,69,255,51,1,70,252,91,6,78,0,150,249,245,188,0,254,0,251,0,251,0,103,0,44,0,20,0,13,0,11,
0,60,255,181,255,66,255,51,1,70,252,91,6,3,0,198,249,246,189,0,253,0,250,0,250,0,104,0,44,0,21,0,14,0,11,
0,48,255,163,255,66,255,51,1,70,252,91,6,3,0,198,249,159,190,0,253,0,250,0,250,0,103,0,44,0,20,0,13,0,11,
0,71,255,159,255,54,255,51,1,70,252,91,6,157,0,171,249,159,190,0,254,0,250,0,250,0,103,0,44,0,20,0,13,0,11,
0,50,255,164,255,94,255,51,1,70,252,91,6,228,0,74,249,248,188,0,254,0,250,0,250,0,103,0,44,0,20,0,13,0,11,
0,50,255,164,255,94,255,51,1,70,252,91,6,193,255,27,250,30,190,0,254,0,250,0,250,0,103,0,44,0,21,0,14,0,12,
0,43,255,163,255,103,255,51,1,70,252,91,6,159,0,17,250,228,191,0,254,0,250,0,250,0,103,0,44,0,20,0,13,0,11,
0,22,255,147,255,74,255,51,1,70,252,91,6,159,0,17,250,228,191,0,254,0,250,0,250,0,103,0,44,0,20,0,14,0,12,
0,26,255,159,255,72,255,156,1,46,252,104,6,40,1,87,249,67,189,0,254,0,250,0,250,0,103,0,44,0,21,0,14,0,12,
0,26,255,159,255,72,255,156,1,46,252,104,6,68,0,184,249,163,189,0,254,0,250,0,249,0,103,0,44,0,20,0,14,0,12,
0,43,255,154,255,82,255,156,1,46,252,104,6,184,255,247,249,72,189,0,255,0,251,0,250,0,102,0,43,0,20,0,13,0,11,
0,58,255,135,255,88,255,156,1,46,252,104,6,184,255,247,249,188,191,0,255,0,250,0,249,0,103,0,44,0,20,0,14,0,12,
0,58,255,135,255,102,255,156,1,46,252,104,6,168,0,52,250,188,191,0,255,0,250,0,249,0,103,0,44,0,20,0,14,0,12,
0,63,255,137,255,102,255,156,1,46,252,104,6,197,0,155,249,179,188,0,255,0,250,0,249,0,102,0,43,0,20,0,13,0,11,
0,65,255,157,255,86,255,156,1,46,252,104,6,88,0,169,249,30,189,0,255,0,250,0,249,0,102,0,44,0,20,0,14,0,12,
0,81,255,155,255,75,255,156,1,46,252,104,6,221,255,4,250,237,189,0,255,0,250,0,250,0,102,0,43,0,20,0,13,0,11,
0,81,255,155,255,81,255,156,1,46,252,104,6,221,255,4,250,237,189,0,255,0,250,0,249,0,102,0,44,0,20,0,13,0,11,
0,65,255,161,255,81,255,156,1,46,252,104,6,180,0,16,250,10,192,0,255,0,249,0,249,0,102,0,44,0,20,0,14,0,11,
0,45,255,195,255,90,255,156,1,34,252,236,5,152,0,91,249,24,189,0,255,0,250,0,249,0,102,0,43,0,20,0,13,0,11,
0,37,255,180,255,65,255,123,1,34,252,236,5,163,0,123,249,95,189,0,255,0,250,0,249,0,102,0,44,0,20,0,14,0,12,
0,37,255,180,255,65,255,123,1,34,252,236,5,163,0,197,249,173,189,0,255,0,250,0,250,0,102,0,43,0,20,0,13,0,11,
0,46,255,191,255,68,255,123,1,34,252,236,5,0,0,197,249,173,189,0,255,0,250,0,250,0,102,0,43,0,20,0,13,0,11,
0,43,255,211,255,83,255,123,1,34,252,236,5,38,0,125,249,244,190,0,255,0,249,0,249,0,102,0,43,0,20,0,14,0,11,
0,65,255,215,255,96,255,123,1,34,252,236,5,8,0,80,249,30,191,0,255,0,250,0,250,0,102,0,43,0,20,0,13,0,11,
0,65,255,215,255,96,255,123,1,34,252,236,5,128,0,4,249,38,190,0,254,0,249,0,250,0,103,0,43,0,20,0,14,0,11,
0,94,255,216,255,114,255,123,1,34,252,236,5,128,0,4,249,208,189,0,254,0,250,0,251,0,102,0,43,0,19,0,13,0,11,
0,79,255,220,255,120,255,123,1,34,252,236,5,104,0,255,248,208,189,0,254,0,250,0,250,0,103,0,44,0,20,0,14,0,12,
0,79,255,220,255,103,255,123,1,34,252,236,5,255,255,72,249,27,191,0,253,0,250,0,251,0,103,0,44,0,20,0,14,0,11,
0,38,255,4,0,103,255,123,1,34,252,236,5,144,0,6,249,218,190,0,253,0,250,0,251,0,103,0,43,0,20,0,14,0,11,
0,52,255,231,255,108,255,37,1,61,252,165,6,144,0,180,248,137,190,0,252,0,250,0,251,0,102,0,43,0,20,0,13,0,11,
0,32,255,231,255,110,255,37,1,61,252,165,6,148,0,180,248,137,190,0,252,0,249,0,251,0,104,0,44,0,21,0,14,0,12,
0,32,255,231,255,110,255,37,1,61,252,165,6,255,255,218,248,181,189,0,251,0,249,0,252,0,103,0,44,0,20,0,14,0,11,
0,28,255,235,255,80,255,37,1,61,252,165,6,57,0,33,249,26,191,0,250,0,249,0,252,0,104,0,44,0,21,0,14,0,12,
0,18,255,250,255,71,255,37,1,61,252,165,6,7,1,146,248,222,190,0,250,0,250,0,252,0,103,0,44,0,20,0,13,0,11,
0,5,255,17,0,93,255,37,1,61,252,165,6,7,1,146,248,145,189,0,249,0,249,0,252,0,104,0,44,0,21,0,14,0,12,
0,5,255,17,0,93,255,37,1,61,252,165,6,124,0,159,248,145,189,0,249,0,250,0,253,0,104,0,44,0,20,0,13,0,11,
0,246,254,11,0,109,255,37,1,61,252,165,6,249,255,135,248,33,190,0,248,0,249,0,253,0,104,0,44,0,21,0,14,0,12,
0,227,254,19,0,129,255,37,1,61,252,165,6,91,0,203,248,180,191,0,247,0,249,0,253,0,104,0,44,0,20,0,14,0,11,
0,206,254,32,0,122,255,37,1,61,252,165,6,79,1,236,247,245,188,0,247,0,250,0,254,0,104,0,44,0,19,0,14,0,11,
0,206,254,32,0,122,255,125,1,32,252,72,6,79,1,236,247,245,188,0,246,0,249,0,253,0,104,0,44,0,21,0,14,0,11,
0,196,254,27,0,142,255,125,1,32,252,72,6,49,0,107,248,219,189,0,246,0,250,0,254,0,104,0,43,0,20,0,13,0,11,
0,216,254,15,0,126,255,125,1,32,252,72,6,243,255,43,249,225,192,0,245,0,249,0,253,0,104,0,44,0,20,0,13,0,11,
0,216,254,15,0,103,255,125,1,32,252,72,6,12,2,8,248,165,191,0,244,0,249,0,254,0,104,0,44,0,21,0,14,0,12,
0,217,254,39,0,103,255,125,1,32,252,72,6,12,2,25,248,13,188,0,244,0,250,0,254,0,104,0,44,0,20,0,13,0,11,
0,228,254,63,0,105,255,125,1,32,252,72,6,176,0,25,248,13,188,0,243,0,249,0,253,0,104,0,44,0,20,0,14,0,11,
0,188,254,63,0,110,255,125,1,32,252,72,6,103,255,238,248,175,190,0,243,0,249,0,254,0,104,0,44,0,20,0,13,0,11,
0,188,254,63,0,110,255,125,1,32,252,72,6,136,0,123,248,193,192,0,242,0,249,0,254,0,104,0,44,0,20,0,13,0,11,
0,187,254,31,0,100,255,125,1,32,252,72,6,186,1,38,248,22,190,0,241,0,249,0,253,0,104,0,45,0,21,0,14,0,12,
0,193,254,13,0,65,255,125,1,32,252,72,6,186,1,38,248,22,188,0,241,0,249,0,254,0,104,0,44,0,20,0,13,0,11,
0,191,254,48,0,44,255,32,1,79,252,186,5,192,0,52,248,51,188,0,240,0,249,0,253,0,104,0,45,0,21,0,14,0,12,
0,191,254,48,0,44,255,32,1,79,252,186,5,189,255,6,249,191,190,0,240,0,249,0,253,0,104,0,44,0,20,0,13,0,11,
0,216,254,13,0,55,255,32,1,79,252,186,5,213,0,127,248,118,193,0,239,0,249,0,253,0,104,0,44,0,20,0,13,0,11,
0,200,254,241,255,73,255,32,1,79,252,186,5,213,0,80,248,56,190,0,239,0,249,0,253,0,104,0,45,0,21,0,14,0,12,
0,195,254,234,255,66,255,32,1,79,252,186,5,22,2,80,248,56,190,0,238,0,249,0,253,0,104,0,44,0,20,0,14,0,11,
0,195,254,234,255,66,255,32,1,79,252,186,5,153,0,102,248,149,188,0,238,0,249,0,252,0,104,0,44,0,21,0,14,0,12,
0,185,254,245,255,50,255,32,1,79,252,186,5,38,0,81,249,86,191,0,238,0,249,0,252,0,104,0,44,0,20,0,13,0,11,
0,147,254,235,255,47,255,32,1,79,252,186,5,28,1,26,249,182,192,0,237,0,248,0,252,0,104,0,39,0,20,0,14,0,12,
0,147,254,235,255,64,255,32,1,79,252,186,5,28,1,26,249,235,190,0,237,0,248,0,252,0,104,0,40,0,19,0,14,0,12,
0,159,254,12,0,64,255,32,1,79,252,186,5,197,1,155,248,235,190,0,237,0,249,0,252,0,104,0,41,0,19,0,13,0,11,
0,195,254,13,0,68,255,110,1,26,252,240,6,145,1,231,248,136,188,0,236,0,249,0,252,0,103,0,41,0,19,0,13,0,11,
0,220,254,7,0,38,255,110,1,26,252,240,6,222,0,85,249,23,190,0,236,0,248,0,251,0,104,0,43,0,20,0,14,0,12,
0,220,254,7,0,38,255,110,1,26,252,240,6,222,0,133,249,198,191,0,236,0,248,0,251,0,104,0,43,0,19,0,13,0,11,
0,135,254,249,255,50,255,110,1,26,252,240,6,174,0,133,249,198,191,0,235,0,247,0,251,0,104,0,43,0,20,0,14,0,11,
0,122,254,246,255,53,255,110,1,26,252,240,6,135,1,71,249,129,191,0,235,0,248,0,251,0,103,0,43,0,19,0,13,0,11,
0,162,254,254,255,23,255,110,1,26,252,240,6,193,1,68,249,86,190,0,235,0,247,0,250,0,103,0,43,0,20,0,13,0,11,
0,162,254,254,255,23,255,110,1,26,252,240,6,45,1,64,249,250,189,0,235,0,247,0,250,0,102,0,43,0,19,0,13,0,11,
0,197,254,244,255,29,255,110,1,26,252,240,6,45,1,64,249,44,190,0,235,0,247,0,249,0,103,0,43,0,20,0,13,0,11,
0,220,254,220,255,55,255,110,1,26,252,240,6,52,1,144,249,44,190,0,235,0,247,0,249,0,103,0,43,0,20,0,14,0,11,
0,210,254,219,255,36,255,110,1,26,252,240,6,63,1,74,249,85,189,0,235,0,247,0,249,0,102,0,43,0,20,0,13,0,12,
0,210,254,219,255,36,255,110,1,26,252,240,6,46,1,229,249,159,191,0,235,0,246,0,248,0,103,0,44,0,20,0,14,0,12,
0,190,254,197,255,4,255,85,1,39,252,234,6,10,1,231,249,179,190,0,236,0,247,0,248,0,102,0,43,0,20,0,13,0,11,
0,191,254,239,255,11,255,85,1,39,252,234,6,10,1,231,249,179,190,0,235,0,246,0,247,0,102,0,44,0,20,0,14,0,12,
0,191,254,239,255,27,255,85,1,39,252,234,6,60,1,176,249,90,190,0,235,0,246,0,247,0,102,0,44,0,21,0,14,0,12,
0,197,254,234,255,27,255,85,1,39,252,234,6,38,1,173,249,30,189,0,236,0,246,0,247,0,102,0,43,0,20,0,14,0,12,
0,222,254,184,255,23,255,85,1,39,252,234,6,94,0,18,250,161,189,0,236,0,246,0,246,0,102,0,43,0,20,0,14,0,12,
0,182,254,171,255,38,255,85,1,39,252,234,6,94,0,67,250,92,191,0,236,0,246,0,246,0,101,0,43,0,20,0,13,0,11,
0,182,254,171,255,38,255,85,1,39,252,234,6,202,0,67,250,92,191,0,236,0,245,0,246,0,102,0,43,0,20,0,14,0,12,
0,127,254,180,255,26,255,85,1,39,252,234,6,198,1,255,249,50,189,0,237,0,245,0,246,0,101,0,43,0,20,0,14,0,11,
0,152,254,170,255,24,255,85,1,39,252,234,6,230,0,250,249,91,188,0,237,0,245,0,245,0,101,0,47,0,21,0,13,0,11,
0,150,254,184,255,43,255,85,1,39,252,234,6,98,1,124,250,246,190,0,237,0,245,0,245,0,101,0,46,0,21,0,13,0,11,
0,150,254,184,255,43,255,72,1,73,252,7,6,98,1,124,250,150,190,0,238,0,245,0,245,0,100,0,45,0,20,0,13,0,11,
0,193,254,184,255,32,255,72,1,73,252,7,6,127,1,99,250,150,190,0,237,0,244,0,244,0,100,0,45,0,21,0,13,0,11,
0,204,254,194,255,6,255,72,1,73,252,7,6,64,1,88,250,191,188,0,238,0,244,0,244,0,100,0,44,0,21,0,13,0,11,
0,217,254,165,255,9,255,72,1,73,252,7,6,176,0,104,250,138,189,0,238,0,244,0,244,0,100,0,44,0,20,0,13,0,11,
0,217,254,165,255,9,255,72,1,73,252,7,6,176,0,90,250,110,190,0,238,0,244,0,244,0,100,0,43,0,20,0,13,0,11,
0,246,254,152,255,9,255,72,1,73,252,7,6,32,1,90,250,110,190,0,239,0,245,0,244,0,99,0,43,0,20,0,13,0,11,
0,220,254,129,255,18,255,72,1,73,252,7,6,91,1,253,249,170,188,0,239,0,244,0,243,0,100,0,43,0,20,0,14,0,11,
0,220,254,129,255,20,255,72,1,73,252,7,6,194,0,92,250,166,189,0,239,0,244,0,243,0,100,0,43,0,20,0,14,0,12,
0,197,254,123,255,20,255,72,1,73,252,7,6,228,0,122,250,134,190,0,239,0,244,0,243,0,99,0,43,0,20,0,14,0,12,
0,196,254,142,255,31,255,72,1,73,252,7,6,228,0,122,250,45,190,0,239,0,244,0,243,0,100,0,43,0,20,0,14,0,12,
0,176,254,170,255,50,255,83,1,58,252,143,6,98,1,75,250,45,190,0,240,0,244,0,243,0,99,0,42,0,19,0,13,0,11,
0,176,254,170,255,50,255,83,1,58,252,143,6,17,1,81,250,95,189,0,240,0,244,0,242,0,99,0,43,0,20,0,14,0,12,
0,180,254,166,255,26,255,83,1,58,252,143,6,77,0,43,250,230,188,0,240,0,244,0,242,0,99,0,43,0,20,0,13,0,12,
0,191,254,153,255,37,255,83,1,58,252,143,6,10,1,112,250,168,190,0,241,0,244,0,243,0,99,0,42,0,19,0,13,0,12,
0,218,254,162,255,45,255,83,1,58,252,143,6,10,1,112,250,168,190,0,241,0,244,0,243,0,99,0,42,0,19,0,13,0,11,
0,218,254,162,255,45,255,83,1,58,252,143,6,233,0,26,250,52,190,0,241,0,244,0,242,0,99,0,43,0,20,0,14,0,12,
0,244,254,170,255,28,255,83,1,58,252,143,6,4,1,226,249,172,188,0,241,0,244,0,242,0,99,0,42,0,20,0,13,0,11,
0,230,254,126,255,42,255,83,1,58,252,143,6,73,0,75,250,116,189,0,241,0,244,0,242,0,99,0,42,0,20,0,13,0,11,
0,171,254,126,255,62,255,83,1,58,252,143,6,73,0,75,250,80,191,0,242,0,244,0,243,0,99,0,42,0,19,0,13,0,11,
0,171,254,103,255,62,255,83,1,58,252,143,6,1,1,83,250,80,191,0,242,0,244,0,242,0,99,0,42,0,20,0,13,0,11,
0,173,254,134,255,50,255,115,1,50,252,251,5,140,1,167,249,113,189,0,242,0,244,0,243,0,98,0,41,0,19,0,13,0,11,
0,211,254,148,255,26,255,115,1,50,252,251,5,220,0,175,249,195,188,0,242,0,244,0,242,0,99,0,42,0,20,0,14,0,11,
0,211,254,148,255,23,255,115,1,50,252,251,5,246,255,16,250,251,189,0,242,0,244,0,242,0,99,0,42,0,20,0,14,0,11,
0,228,254,145,255,23,255,115,1,50,252,251,5,246,255,16,250,251,189,0,242,0,244,0,243,0,98,0,41,0,19,0,13,0,11,
0,224,254,161,255,18,255,115,1,50,252,251,5,20,1,46,250,82,191,0,242,0,244,0,243,0,99,0,41,0,19,0,13,0,11,
0,239,254,170,255,31,255,115,1,50,252,251,5,205,0,164,249,126,189,0,242,0,244,0,242,0,99,0,42,0,20,0,13,0,11,
0,239,254,170,255,31,255,115,1,50,252,251,5,87,0,100,249,31,188,0,242,0,244,0,243,0,99,0,42,0,19,0,13,0,11,
0,188,254,175,255,57,255,115,1,50,252,251,5,87,0,241,249,202,191,0,242,0,244,0,243,0,99,0,42,0,20,0,14,0,12,
0,181,254,144,255,73,255,115,1,50,252,251,5,212,255,241,249,202,191,0,242,0,244,0,244,0,99,0,42,0,19,0,13,0,11,
0,212,254,122,255,68,255,115,1,50,252,251,5,38,1,156,249,114,191,0,242,0,244,0,243,0,99,0,42,0,19,0,13,0,11,
0,212,254,122,255,68,255,115,1,50,252,251,5,33,1,71,249,133,187,0,242,0,243,0,243,0,99,0,42,0,20,0,14,0,12,
0,228,254,138,255,78,255,89,1,66,252,122,6,126,255,143,249,239,188,0,242,0,244,0,244,0,99,0,42,0,19,0,13,0,11,
0,224,254,175,255,53,255,89,1,66,252,122,6,126,255,143,249,45,193,0,243,0,244,0,244,0,99,0,42,0,19,0,14,0,12,
0,216,254,175,255,59,255,89,1,66,252,122,6,46,0,160,249,45,193,0,243,0,244,0,244,0,99,0,42,0,19,0,13,0,11,
0,216,254,209,255,59,255,89,1,66,252,122,6,160,1,218,248,0,189,0,243,0,244,0,244,0,99,0,42,0,19,0,13,0,11,
0,219,254,204,255,80,255,89,1,66,252,122,6,229,255,50,249,59,188,0,242,0,244,0,244,0,100,0,43,0,20,0,14,0,12,
0,196,254,194,255,71,255,89,1,66,252,122,6,229,255,157,249,208,191,0,242,0,244,0,244,0,100,0,42,0,19,0,13,0,11,
0,196,254,194,255,63,255,89,1,66,252,122,6,129,255,157,249,208,191,0,242,0,244,0,244,0,99,0,42,0,19,0,13,0,12,
0,189,254,169,255,63,255,89,1,66,252,122,6,58,1,160,249,104,191,0,242,0,244,0,244,0,99,0,42,0,19,0,13,0,11,
0,195,254,172,255,25,255,89,1,66,252,122,6,201,0,175,248,157,187,0,242,0,244,0,244,0,99,0,42,0,19,0,13,0,11,
0,193,254,146,255,20,255,89,1,66,252,122,6,171,255,61,249,7,190,0,241,0,244,0,243,0,100,0,42,0,20,0,13,0,11,
0,193,254,146,255,20,255,51,1,44,252,127,6,171,255,61,249,17,192,0,241,0,244,0,244,0,99,0,42,0,19,0,13,0,11,
0,195,254,136,255,27,255,51,1,44,252,127,6,171,255,156,249,17,192,0,241,0,244,0,243,0,99,0,42,0,20,0,13,0,11,
0,147,254,165,255,9,255,51,1,44,252,127,6,162,0,47,249,223,191,0,241,0,244,0,244,0,99,0,42,0,19,0,13,0,11,
0,148,254,185,255,0,255,51,1,44,252,127,6,14,1,214,248,2,190,0,241,0,244,0,243,0,99,0,42,0,20,0,13,0,11,
0,148,254,185,255,0,255,51,1,44,252,127,6,231,255,22,249,109,188,0,241,0,245,0,243,0,99,0,41,0,19,0,13,0,11,
0,153,254,159,255,253,254,51,1,44,252,127,6,231,255,22,249,109,188,0,240,0,244,0,243,0,99,0,42,0,20,0,14,0,11,
0,151,254,176,255,32,255,51,1,44,252,127,6,253,254,169,249,1,191,0,239,0,244,0,242,0,99,0,42,0,20,0,13,0,11,
0,144,254,176,255,69,255,51,1,44,252,127,6,20,0,98,249,162,192,0,239,0,245,0,243,0,99,0,42,0,19,0,13,0,11,
0,144,254,164,255,69,255,51,1,44,252,127,6,197,0,240,248,122,190,0,239,0,245,0,242,0,99,0,42,0,19,0,13,0,11,
0,129,254,164,255,60,255,51,1,44,252,127,6,197,0,4,249,181,188,0,239,0,245,0,242,0,99,0,42,0,20,0,13,0,12,
0,112,254,187,255,55,255,29,1,102,252,119,6,48,0,4,249,181,188,0,239,0,245,0,242,0,99,0,42,0,20,0,13,0,11,
0,112,254,187,255,245,254,29,1,102,252,119,6,103,255,246,248,156,190,0,239,0,245,0,241,0,99,0,42,0,20,0,14,0,12,
0,128,254,199,255,245,254,29,1,102,252,119,6,54,255,165,249,78,192,0,239,0,246,0,242,0,98,0,42,0,20,0,14,0,12,
0,216,254,198,255,238,254,29,1,102,252,119,6,56,0,74,249,142,191,0,238,0,245,0,241,0,99,0,42,0,20,0,14,0,12,
0,205,254,179,255,235,254,29,1,102,252,119,6,56,0,74,249,142,190,0,238,0,246,0,241,0,98,0,41,0,19,0,13,0,11,
0,205,254,179,255,235,254,29,1,102,252,119,6,99,0,26,249,41,190,0,238,0,246,0,241,0,99,0,42,0,20,0,13,0,11,
0,166,254,199,255,242,254,29,1,102,252,119,6,36,0,83,249,40,190,0,238,0,245,0,241,0,99,0,42,0,20,0,13,0,11,
0,153,254,191,255,254,254,29,1,102,252,119,6,49,255,225,249,168,190,0,238,0,246,0,241,0,98,0,41,0,19,0,13,0,11,
0,147,254,142,255,241,254,29,1,102,252,119,6,49,255,124,249,230,190,0,238,0,246,0,240,0,98,0,42,0,20,0,13,0,11,
0,147,254,142,255,241,254,29,1,102,252,119,6,75,255,124,249,230,190,0,238,0,246,0,241,0,98,0,41,0,19,0,13,0,11,
0,159,254,145,255,246,254,59,1,33,252,144,6,101,255,115,249,110,191,0,238,0,245,0,240,0,98,0,42,0,20,0,13,0,11,
0,186,254,143,255,245,254,59,1,33,252,144,6,236,255,154,249,250,190,0,237,0,245,0,240,0,98,0,41,0,19,0,13,0,11,
0,186,254,143,255,243,254,59,1,33,252,144,6,37,0,148,249,35,190,0,238,0,246,0,240,0,97,0,41,0,19,0,13,0,11,
0,153,254,166,255,243,254,59,1,33,252,144,6,37,0,148,249,82,189,0,238,0,245,0,240,0,98,0,41,0,20,0,14,0,11,
0,104,254,176,255,7,255,59,1,33,252,144,6,99,255,152,249,82,189,0,238,0,246,0,240,0,97,0,36,0,18,0,13,0,12,
0,104,254,201,255,228,254,59,1,33,252,144,6,127,255,205,249,210,190,0,238,0,245,0,240,0,97,0,37,0,18,0,13,0,11,
0,104,254,201,255,216,254,59,1,33,252,144,6,218,255,237,249,3,191,0,238,0,246,0,240,0,97,0,38,0,19,0,14,0,12,
0,117,254,208,255,216,254,59,1,33,252,144,6,253,255,214,249,94,190,0,238,0,245,0,240,0,98,0,39,0,18,0,13,0,11,
0,121,254,211,255,213,254,59,1,33,252,144,6,253,255,214,249,94,190,0,238,0,245,0,240,0,98,0,40,0,19,0,14,0,12,
0,142,254,243,255,219,254,59,1,33,252,144,6,98,0,156,249,129,189,0,238,0,246,0,241,0,97,0,40,0,18,0,13,0,11,
0,142,254,243,255,219,254,59,1,33,252,144,5,143,255,28,250,167,188,0,238,0,246,0,241,0,98,0,41,0,19,0,13,0,12,
0,163,254,213,255,234,254,68,1,20,252,237,5,44,255,86,250,61,190,0,238,0,246,0,241,0,98,0,41,0,19,0,14,0,12,
0,110,254,205,255,233,254,68,1,20,252,237,5,44,255,86,250,193,191,0,238,0,246,0,242,0,98,0,41,0,19,0,13,0,11,
0,93,254,218,255,229,254,68,1,20,252,237,5,195,255,105,250,193,191,0,238,0,247,0,242,0,98,0,41,0,19,0,13,0,11,
0,93,254,218,255,229,254,68,1,20,252,237,5,62,1,36,250,247,189,0,238,0,246,0,242,0,99,0,42,0,19,0,13,0,12,
0,124,254,193,255,212,254,68,1,20,252,237,5,73,0,224,249,134,187,0,238,0,247,0,242,0,99,0,42,0,19,0,13,0,11,
0,169,254,192,255,204,254,68,1,20,252,237,5,61,255,85,250,161,188,0,238,0,246,0,242,0,98,0,42,0,20,0,13,0,11,
0,169,254,192,255,194,254,68,1,20,252,237,5,61,255,85,250,161,188,0,238,0,247,0,243,0,98,0,41,0,19,0,13,0,11,
0,127,254,168,255,194,254,68,1,20,252,237,5,112,255,252,250,242,190,0,238,0,247,0,243,0,99,0,42,0,20,0,13,0,11,
0,119,254,179,255,189,254,68,1,20,252,237,5,227,0,210,250,198,190,0,239,0,248,0,244,0,98,0,41,0,19,0,13,0,11,
0,143,254,189,255,188,254,68,1,20,252,237,5,48,1,67,250,246,187,0,238,0,247,0,244,0,99,0,42,0,20,0,13,0,11,
0,143,254,189,255,190,254,78,1,37,252,127,6,48,1,186,250,212,188,0,238,0,247,0,244,0,99,0,42,0,19,0,13,0,11,
0,166,254,169,255,190,254,78,1,37,252,127,6,212,0,186,250,212,188,0,238,0,248,0,245,0,99,0,41,0,19,0,13,0,11,
0,144,254,171,255,182,254,78,1,37,252,127,6,192,255,19,251,131,188,0,238,0,249,0,246,0,99,0,41,0,19,0,13,0,11,
0,151,254,164,255,198,254,78,1,37,252,127,6,24,0,239,250,53,191,0,238,0,249,0,246,0,100,0,42,0,20,0,13,0,11,
0,151,254,164,255,198,254,78,1,37,252,127,6,131,1,219,250,40,190,0,238,0,250,0,246,0,100,0,42,0,19,0,13,0,11,
0,177,254,164,255,202,254,78,1,37,252,127,6,131,1,219,250,12,188,0,238,0,250,0,246,0,100,0,47,0,20,0,13,0,11,
0,191,254,161,255,213,254,78,1,37,252,127,6,1,1,130,250,12,188,0,239,0,250,0,246,0,100,0,45,0,20,0,13,0,11,
0,190,254,177,255,204,254,78,1,37,252,127,6,20,0,29,251,0,189,0,239,0,251,0,247,0,100,0,45,0,20,0,13,0,11,
0,190,254,177,255,204,254,78,1,37,252,127,6,156,0,35,251,202,190,0,239,0,251,0,247,0,101,0,45,0,21,0,14,0,11,
0,214,254,176,255,182,254,78,1,37,252,127,6,156,0,14,251,49,190,0,239,0,251,0,247,0,101,0,44,0,20,0,13,0,11,
0,202,254,170,255,200,254,83,1,1,252,133,6,148,1,14,251,49,190,0,239,0,251,0,247,0,101,0,44,0,21,0,14,0,12,
0,202,254,170,255,191,254,83,1,1,252,133,6,8,1,240,250,178,189,0,239,0,252,0,248,0,101,0,44,0,20,0,13,0,12,
0,180,254,152,255,191,254,83,1,1,252,133,6,134,0,150,250,30,188,0,239,0,252,0,249,0,101,0,44,0,21,0,14,0,12,
0,168,254,120,255,207,254,83,1,1,252,133,6,182,0,26,251,71,190,0,240,0,253,0,250,0,101,0,43,0,20,0,13,0,11,
0,197,254,111,255,203,254,83,1,1,252,133,6,182,0,26,251,230,190,0,240,0,253,0,250,0,102,0,43,0,20,0,13,0,11,
0,197,254,111,255,203,254,83,1,1,252,133,6,0,1,8,251,230,190,0,241,0,254,0,250,0,102,0,44,0,20,0,14,0,12,
0,211,254,110,255,195,254,83,1,1,252,133,6,132,1,186,250,168,188,0,242,0,254,0,250,0,102,0,43,0,20,0,13,0,11,
0,229,254,134,255,207,254,83,1,1,252,133,6,98,0,184,250,215,187,0,242,0,254,0,249,0,102,0,44,0,21,0,14,0,12,
0,237,254,127,255,213,254,83,1,1,252,133,6,136,0,212,250,81,191,0,243,0,255,0,250,0,102,0,43,0,19,0,13,0,11,
0,237,254,127,255,213,254,83,1,1,252,133,6,136,0,212,250,81,191,0,244,0,254,0,251,0,102,0,43,0,20,0,13,0,11,
0,254,254,119,255,2,255,79,1,17,252,252,5,183,1,43,250,126,189,0,244,0,254,0,251,0,102,0,43,0,20,0,14,0,11,
0,35,255,84,255,252,254,79,1,17,252,252,5,111,1,34,250,171,188,0,244,0,255,0,252,0,102,0,43,0,20,0,14,0,11,
0,1,255,80,255,255,254,79,1,17,252,252,5,248,255,183,250,89,188,0,245,0,255,0,252,0,103,0,44,0,20,0,14,0,12,
0,1,255,80,255,255,254,79,1,17,252,252,5,248,255,166,250,254,191,0,246,0,255,0,252,0,103,0,43,0,19,0,13,0,11,
0,231,254,30,255,244,254,79,1,17,252,252,5,234,0,166,250,254,191,0,246,0,255,0,252,0,103,0,43,0,20,0,13,0,11,
0,11,255,12,255,237,254,79,1,17,252,252,5,210,1,193,249,85,188,0,247,0,255,0,251,0,103,0,44,0,21,0,14,0,12,
0,11,255,12,255,248,254,79,1,17,252,252,5,229,0,19,250,19,188,0,248,0,255,0,251,0,103,0,43,0,20,0,13,0,11,
0,66,255,21,255,248,254,79,1,17,252,252,5,225,255,169,250,44,191,0,248,0,255,0,250,0,103,0,44,0,21,0,14,0,12,
0,38,255,9,255,244,254,79,1,17,252,252,5,225,255,169,250,44,190,0,249,0,255,0,251,0,103,0,43,0,20,0,13,0,11,
0,243,254,254,254,241,254,79,1,17,252,252,5,244,0,253,249,239,190,0,249,0,255,0,251,0,104,0,44,0,21,0,14,0,12,
0,243,254,254,254,241,255,11,1,28,252,165,6,217,1,66,249,233,188,0,249,0,255,0,251,0,104,0,44,0,20,0,14,0,12,
0,232,254,247,254,1,255,11,1,28,252,165,6,188,0,207,249,53,189,0,249,1,0,0,252,0,103,0,44,0,21,0,14,0,12,
0,235,254,223,254,10,255,11,1,28,252,165,6,188,0,26,250,167,189,0,249,0,255,0,252,0,104,0,44,0,20,0,14,0,12,
0,225,254,238,254,13,255,11,1,28,252,165,6,217,255,26,250,167,189,0,250,1,0,0,252,0,103,0,43,0,20,0,13,0,11,
0,225,254,238,254,13,255,11,1,28,252,165,6,22,0,22,250,80,192,0,250,0,255,0,251,0,104,0,44,0,21,0,14,0,12,
0,242,254,233,254,6,255,11,1,28,252,165,6,80,1,113,249,33,190,0,250,0,255,0,250,0,104,0,44,0,20,0,14,0,12,
0,3,255,212,254,7,255,11,1,28,252,165,6,110,0,190,249,207,187,0,251,0,255,0,249,0,103,0,44,0,20,0,13,0,12,
0,203,254,194,254,17,255,11,1,28,252,165,6,110,0,190,249,83,191,0,251,0,254,0,249,0,103,0,44,0,20,0,14,0,11,
0,203,254,194,254,17,255,11,1,28,252,165,6,27,255,94,250,83,191,0,252,0,255,0,249,0,102,0,43,0,19,0,13,0,11,
0,145,254,206,254,33,255,11,1,28,252,165,6,184,0,221,249,238,191,0,251,0,254,0,249,0,103,0,44,0,20,0,14,0,11,
0,189,254,221,254,46,255,11,1,28,252,165,6,179,0,210,248,122,187,0,251,0,254,0,249,0,102,0,43,0,20,0,13,0,11,
0,189,254,221,254,19,255,55,1,5,252,252,5,179,255,142,249,40,189,0,252,0,254,0,249,0,102,0,44,0,20,0,13,0,12,
0,200,254,213,254,19,255,55,1,5,252,252,5,41,255,142,249,40,189,0,251,0,253,0,249,0,102,0,43,0,20,0,14,0,12,
0,191,254,201,254,250,254,55,1,5,252,252,5,77,255,50,250,4,193,0,252,0,254,0,248,0,102,0,43,0,20,0,13,0,11,
0,164,254,202,254,246,254,55,1,5,252,252,5,224,0,117,249,124,190,0,251,0,253,0,247,0,102,0,43,0,20,0,14,0,12,
0,164,254,202,254,246,254,55,1,5,252,252,5,40,255,117,249,108,187,0,252,0,253,0,246,0,102,0,44,0,20,0,14,0,12,
0,189,254,226,254,232,254,55,1,5,252,252,5,40,255,117,249,190,191,0,253,0,253,0,245,0,101,0,43,0,20,0,14,0,12,
0,156,254,226,254,245,254,55,1,5,252,252,5,237,254,85,250,190,191,0,253,0,251,0,244,0,101,0,43,0,20,0,14,0,12,
0,156,254,217,254,233,254,55,1,5,252,252,5,217,255,155,249,124,190,0,254,0,251,0,244,0,100,0,43,0,20,0,13,0,11,
0,156,254,217,254,233,254,55,1,5,252,252,5,227,254,127,249,183,188,0,253,0,251,0,244,0,101,0,43,0,20,0,14,0,12,
0,184,254,226,254,211,254,55,1,5,252,252,5,211,254,35,250,49,191,0,253,0,251,0,243,0,100,0,43,0,20,0,14,0,12,
0,200,254,204,254,215,254,31,1,54,252,248,5,211,254,35,250,49,191,0,254,0,251,0,243,0,100,0,43,0,20,0,14,0,12,
0,176,254,218,254,189,254,31,1,54,252,248,5,151,255,174,249,193,190,0,253,0,251,0,242,0,100,0,43,0,20,0,14,0,11,
0,176,254,218,254,189,254,31,1,54,252,248,5,69,255,167,249,12,189,0,254,0,251,0,243,0,99,0,42,0,19,0,13,0,11,
0,154,254,244,254,213,254,31,1,54,252,248,5,16,254,235,249,87,189,0,253,0,251,0,242,0,100,0,43,0,20,0,14,0,12,
0,157,254,4,255,209,254,31,1,54,252,248,5,16,254,8,250,62,191,0,254,0,251,0,242,0,99,0,43,0,20,0,13,0,11,
0,157,254,4,255,205,254,31,1,54,252,248,5,101,255,8,250,62,191,0,254,0,251,0,242,0,99,0,42,0,20,0,13,0,11,
0,162,254,226,254,205,254,31,1,54,252,248,5,139,255,137,249,15,188,0,254,0,251,0,241,0,99,0,42,0,20,0,13,0,11,
0,165,254,204,254,197,254,31,1,54,252,248,5,255,253,91,250,190,190,0,255,0,251,0,241,0,98,0,41,0,19,0,13,0,11,
0,171,254,244,254,166,254,31,1,54,252,248,5,184,255,30,250,217,190,0,255,0,251,0,240,0,99,0,42,0,20,0,14,0,11,
0,171,254,244,254,166,254,31,1,54,252,248,5,184,255,30,250,141,188,0,255,0,251,0,240,0,98,0,42,0,20,0,13,0,11,
0,189,254,42,255,146,254,121,1,225,251,161,6,197,255,85,249,141,188,0,255,0,250,0,240,0,98,0,42,0,20,0,13,0,11,
0,160,254,43,255,147,254,121,1,225,251,161,6,255,254,210,249,168,189,0,255,0,250,0,240,0,98,0,42,0,20,0,13,0,11,
0,167,254,41,255,144,254,121,1,225,251,161,6,192,254,91,250,2,190,0,255,0,251,0,240,0,97,0,41,0,19,0,13,0,11,
0,167,254,41,255,144,254,121,1,225,251,161,6,192,254,159,250,202,190,0,255,0,250,0,240,0,98,0,42,0,20,0,13,0,11,
0,150,254,23,255,151,254,121,1,225,251,161,6,5,255,159,250,202,190,0,255,0,250,0,240,0,98,0,42,0,19,0,13,0,11,
0,146,254,26,255,130,254,121,1,225,251,161,6,253,255,221,249,38,189,0,255,0,250,0,239,0,98,0,42,0,18,0,13,0,11,
0,155,254,47,255,145,254,121,1,225,251,161,6,29,255,59,250,138,188,0,255,0,250,0,239,0,98,0,42,0,18,0,13,0,11,
0,155,254,47,255,145,254,121,1,225,251,161,6,211,254,177,250,204,189,0,255,0,250,0,240,0,97,0,41,0,19,0,13,0,11,
0,125,254,39,255,162,254,121,1,225,251,161,6,211,254,177,250,126,191,0,255,0,250,0,239,0,98,0,42,0,18,0,13,0,12,
0,128,254,64,255,154,254,121,1,225,251,161,6,246,255,142,250,126,191,0,255,0,250,0,239,0,98,0,42,0,19,0,13,0,11,
0,128,254,64,255,137,254,42,1,234,251,222,5,52,0,4,250,104,188,0,255,0,250,0,239,0,97,0,41,0,18,0,13,0,11,
0,133,254,79,255,137,254,42,1,234,251,222,5,219,254,155,250,250,188,0,255,0,250,0,239,0,97,0,36,0,18,0,14,0,12,
0,147,254,81,255,99,254,42,1,234,251,222,5,194,254,50,251,82,192,1,0,0,250,0,240,0,97,0,37,0,19,0,13,0,11,
0,131,254,77,255,108,254,42,1,234,251,222,5,194,254,50,251,82,192,0,255,0,250,0,239,0,97,0,39,0,17,0,13,0,11,
0,131,254,77,255,108,254,42,1,234,251,222,5,202,0,73,250,125,189,0,255,0,249,0,239,0,97,0,40,0,17,0,13,0,12,
0,145,254,72,255,126,254,42,1,234,251,222,5,150,255,127,250,214,186,1,0,0,249,0,240,0,97,0,40,0,19,0,13,0,11,
0,143,254,75,255,145,254,42,1,234,251,222,5,165,254,86,251,133,190,1,0,0,249,0,239,0,97,0,40,0,17,0,13,0,11,
0,119,254,77,255,142,254,42,1,234,251,222,5,165,254,0,251,176,191,1,0,0,249,0,240,0,97,0,40,0,19,0,13,0,11,
0,119,254,77,255,142,254,42,1,234,251,222,5,104,0,0,251,176,191,1,0,0,249,0,239,0,97,0,40,0,17,0,12,0,11,
0,137,254,86,255,118,254,42,1,234,251,222,5,59,0,115,250,119,187,1,1,0,249,0,240,0,97,0,40,0,20,0,13,0,11,
0,125,254,79,255,112,254,42,1,234,251,222,5,195,254,50,251,111,189,1,1,0,249,0,240,0,97,0,40,0,19,0,13,0,11,
0,72,254,79,255,109,254,25,1,20,252,23,6,10,0,98,251,1,191,1,1,0,248,0,240,0,97,0,40,0,19,0,13,0,11,
0,72,254,69,255,109,254,25,1,20,252,23,6,10,0,98,251,1,189,1,1,0,248,0,240,0,97,0,41,0,20,0,13,0,11,
0,99,254,86,255,99,254,25,1,20,252,23,6,41,1,178,250,14,189,1,1,0,248,0,240,0,98,0,41,0,19,0,13,0,11,
0,106,254,75,255,98,254,25,1,20,252,23,6,229,255,228,250,241,187,1,1,0,248,0,241,0,97,0,41,0,20,0,13,0,12,
0,106,254,75,255,111,254,25,1,20,252,23,6,43,255,117,251,159,189,1,1,0,248,0,241,0,98,0,41,0,19,0,14,0,12,
0,92,254,96,255,111,254,25,1,20,252,23,6,43,255,84,251,159,191,1,2,0,248,0,241,0,97,0,41,0,19,0,13,0,11,
0,78,254,115,255,123,254,25,1,20,252,23,6,60,0,84,251,159,191,1,1,0,248,0,242,0,98,0,42,0,20,0,14,0,11,
0,109,254,92,255,108,254,25,1,20,252,23,6,18,0,188,250,9,188,1,1,0,249,0,242,0,98,0,41,0,19,0,13,0,11,
0,109,254,92,255,108,254,25,1,20,252,23,6,184,255,92,251,127,189,1,3,0,249,0,242,0,98,0,41,0,20,0,14,0,12,
0,134,254,77,255,104,254,25,1,20,252,23,6,110,0,97,251,243,189,1,3,0,249,0,241,0,98,0,41,0,19,0,14,0,11,
0,130,254,59,255,116,254,27,1,240,251,253,5,110,0,97,251,33,189,1,4,0,248,0,241,0,98,0,41,0,19,0,13,0,11,
0,111,254,42,255,130,254,27,1,240,251,253,5,178,0,61,251,33,189,1,4,0,247,0,240,0,99,0,46,0,20,0,13,0,12,
0,111,254,42,255,130,254,27,1,240,251,253,5,228,255,16,251,80,189,1,4,0,247,0,241,0,98,0,45,0,20,0,12,0,11,
0,102,254,38,255,125,254,27,1,240,251,253,5,80,0,96,251,122,190,1,4,0,247,0,242,0,98,0,44,0,20,0,13,0,11,
0,134,254,32,255,94,254,27,1,240,251,253,5,223,0,227,250,134,188,1,4,0,248,0,242,0,98,0,43,0,20,0,13,0,11,
0,127,254,32,255,77,254,27,1,240,251,253,5,223,0,227,250,134,188,1,4,0,247,0,242,0,99,0,43,0,20,0,13,0,11,
0,127,254,30,255,77,254,27,1,240,251,253,5,74,0,27,251,73,188,1,4,0,248,0,243,0,98,0,43,0,19,0,13,0,11,
0,143,254,11,255,92,254,27,1,240,251,253,5,145,255,144,251,251,189,1,4,0,247,0,242,0,99,0,43,0,20,0,13,0,11,
0,112,254,15,255,108,254,27,1,240,251,253,5,223,0,81,251,83,189,1,5,0,247,0,241,0,99,0,43,0,20,0,13,0,11,
0,112,254,15,255,119,254,27,1,240,251,253,5,223,0,81,251,24,187,1,6,0,247,0,240,0,98,0,42,0,19,0,13,0,11,
0,63,254,16,255,119,254,125,1,238,251,164,6,38,1,223,250,24,187,1,6,0,247,0,239,0,98,0,42,0,18,0,13,0,11,
0,64,254,15,255,125,254,125,1,238,251,164,6,203,255,26,251,168,188,1,6,0,247,0,239,0,97,0,41,0,17,0,12,0,11,
0,109,254,4,255,144,254,125,1,238,251,164,6,50,0,104,251,223,190,1,6,0,246,0,239,0,98,0,42,0,18,0,13,0,11,
0,109,254,4,255,144,254,125,1,238,251,164,6,65,1,200,250,175,188,1,5,0,246,0,240,0,98,0,42,0,20,0,13,0,11,
0,91,254,224,254,152,254,125,1,238,251,164,6,65,1,200,250,175,188,1,5,0,247,0,241,0,97,0,41,0,20,0,13,0,11,
0,53,254,221,254,130,254,125,1,238,251,164,6,8,0,122,250,169,186,1,4,0,247,0,241,0,98,0,42,0,20,0,14,0,12,
0,37,254,209,254,141,254,125,1,238,251,164,6,98,255,58,251,153,189,1,4,0,247,0,241,0,97,0,41,0,19,0,13,0,11,
0,37,254,209,254,141,254,125,1,238,251,164,6,148,1,180,250,17,191,1,4,0,247,0,239,0,97,0,41,0,17,0,13,0,11,
0,48,254,223,254,135,254,125,1,238,251,164,6,148,1,16,250,170,186,1,4,0,246,0,238,0,98,0,42,0,19,0,13,0,12,
0,88,254,239,254,127,254,125,1,238,251,164,6,240,0,16,250,170,186,1,4,0,246,0,238,0,97,0,41,0,18,0,13,0,11,
0,90,254,239,254,119,254,28,1,216,251,169,6,120,255,194,250,17,188,1,4,0,246,0,238,0,97,0,41,0,18,0,13,0,11,
0,90,254,214,254,119,254,28,1,216,251,169,6,75,0,5,251,198,190,1,3,0,245,0,238,0,97,0,42,0,19,0,13,0,11,
0,39,254,199,254,116,254,28,1,216,251,169,6,190,0,109,250,157,189,1,3,0,245,0,239,0,97,0,41,0,18,0,13,0,11,
0,21,254,197,254,136,254,28,1,216,251,169,6,190,0,109,250,59,187,1,2,0,245,0,239,0,97,0,41,0,19,0,13,0,11,
0,21,254,197,254,166,254,28,1,216,251,169,6,136,0,19,250,59,187,1,2,0,245,0,239,0,97,0,41,0,18,0,13,0,11,
0,46,254,203,254,166,254,28,1,216,251,169,6,189,255,151,250,217,187,1,2,0,246,0,239,0,97,0,41,0,18,0,12,0,11,
0,28,254,198,254,159,254,28,1,216,251,169,6,31,255,226,250,197,188,1,1,0,245,0,239,0,97,0,41,0,19,0,13,0,11,
0,43,254,196,254,124,254,28,1,216,251,169,6,31,255,209,250,212,190,1,1,0,245,0,239,0,97,0,41,0,18,0,12,0,11,
0,43,254,196,254,124,254,28,1,216,251,169,6,129,255,209,250,212,190,1,1,0,244,0,238,0,97,0,41,0,19,0,13,0,11,
0,70,254,187,254,127,254,28,1,216,251,169,6,251,0,75,250,70,189,1,1,0,244,0,238,0,97,0,41,0,18,0,13,0,11,
0,46,254,202,254,175,254,28,1,216,251,169,6,69,0,105,250,102,187,1,1,0,244,0,238,0,97,0,41,0,19,0,13,0,11,
0,28,254,205,254,149,254,94,1,247,251,170,6,98,255,121,250,28,189,1,1,0,244,0,239,0,96,0,41,0,18,0,13,0,11,
0,28,254,205,254,149,254,94,1,247,251,170,6,98,255,121,250,242,190,1,0,0,244,0,239,0,96,0,41,0,18,0,12,0,11,
0,238,253,200,254,133,254,94,1,247,251,170,6,27,255,196,250,242,190,1,0,0,244,0,239,0,97,0,41,0,19,0,13,0,11,
0,215,253,167,254,153,254,94,1,247,251,170,6,188,255,17,250,81,189,1,0,0,244,0,239,0,97,0,41,0,18,0,13,0,11,
0,215,253,167,254,136,254,94,1,247,251,170,6,201,255,21,250,168,187,1,0,0,244,0,239,0,97,0,41,0,19,0,13,0,11,
0,191,253,184,254,136,254,94,1,247,251,170,6,2,255,64,250,112,188,1,0,0,244,0,239,0,97,0,41,0,18,0,12,0,11,
0,213,253,217,254,145,254,94,1,247,251,170,6,2,255,64,250,112,188,0,255,0,243,0,239,0,97,0,41,0,19,0,13,0,11,
0,235,253,220,254,152,254,94,1,247,251,170,6,11,255,161,250,149,190,1,0,0,243,0,238,0,97,0,41,0,19,0,13,0,11,
0,235,253,220,254,144,254,94,1,247,251,170,6,165,255,50,250,217,189,1,0,0,243,0,238,0,97,0,41,0,19,0,13,0,12,
0,207,253,225,254,144,254,94,1,247,251,170,6,52,255,50,250,44,188,1,0,0,242,0,238,0,97,0,41,0,19,0,13,0,11,
0,202,253,230,254,115,254,19,1,43,252,2,6,52,255,83,250,229,189,1,0,0,242,0,238,0,96,0,41,0,18,0,13,0,11,
0,172,253,229,254,80,254,19,1,43,252,2,6,17,255,83,250,229,189,1,0,0,242,0,238,0,96,0,41,0,18,0,13,0,11,
0,172,253,229,254,80,254,19,1,43,252,2,6,136,255,162,249,141,188,0,255,0,242,0,238,0,97,0,41,0,19,0,13,0,11,
0,159,253,244,254,99,254,19,1,43,252,2,6,206,254,234,249,207,187,1,0,0,242,0,238,0,96,0,41,0,18,0,13,0,11,
0,166,253,215,254,151,254,19,1,43,252,2,6,159,254,56,250,175,190,1,0,0,242,0,238,0,96,0,41,0,18,0,12,0,11,
0,124,253,194,254,147,254,19,1,43,252,2,6,159,254,56,250,175,190,0,255,0,241,0,237,0,97,0,41,0,19,0,13,0,11,
0,124,253,194,254,147,254,19,1,43,252,2,6,2,255,227,249,112,188,0,255,0,241,0,237,0,96,0,41,0,18,0,12,0,11,
0,110,253,207,254,171,254,19,1,43,252,2,6,93,254,224,249,110,188,0,255,0,241,0,237,0,97,0,41,0,19,0,13,0,11,
0,119,253,224,254,128,254,19,1,43,252,2,6,105,254,31,250,82,190,1,0,0,242,0,237,0,96,0,40,0,18,0,13,0,11,
0,119,253,224,254,94,254,19,1,43,252,2,6,105,254,178,249,93,188,0,255,0,242,0,237,0,96,0,40,0,18,0,12,0,11,
0,117,253,11,255,94,254,120,1,239,251,193,6,92,255,178,249,93,188,0,255,0,241,0,236,0,96,0,41,0,19,0,13,0,11,
0,103,253,22,255,98,254,120,1,239,251,193,6,89,254,244,249,240,188,0,255,0,241,0,236,0,96,0,40,0,17,0,13,0,11,
0,83,253,56,255,119,254,120,1,239,251,193,6,135,254,7,250,13,189,0,254,0,241,0,235,0,96,0,41,0,18,0,13,0,11,
0,83,253,56,255,123,254,120,1,239,251,193,6,62,254,4,250,151,189,0,254,0,241,0,235,0,96,0,41,0,19,0,13,0,11,
0,51,253,51,255,123,254,120,1,239,251,193,6,62,254,4,250,172,188,0,254,0,241,0,235,0,96,0,41,0,19,0,13,0,11,
0,47,253,53,255,104,254,120,1,239,251,193,6,139,254,1,250,172,188,0,254,0,241,0,235,0,95,0,40,0,18,0,13,0,12,
0,54,253,63,255,130,254,120,1,239,251,193,6,222,254,77,250,16,189,0,254,0,241,0,235,0,95,0,40,0,18,0,12,0,11,
0,54,253,63,255,130,254,120,1,239,251,193,6,171,254,254,249,163,187,0,254,0,241,0,234,0,95,0,41,0,19,0,13,0,12,
0,63,253,75,255,118,254,120,1,239,251,193,6,171,254,119,250,210,188,0,254,0,241,0,234,0,95,0,41,0,18,0,13,0,11,
0,38,253,77,255,109,254,120,1,239,251,193,6,41,254,119,250,210,188,0,253,0,241,0,233,0,95,0,40,0,18,0,13,0,11,
0,17,253,54,255,78,254,45,1,8,252,119,5,154,254,57,250,124,189,0,254,0,241,0,233,0,95,0,40,0,17,0,12,0,11,
0,17,253,54,255,78,254,45,1,8,252,119,5,213,254,90,250,73,189,0,253,0,241,0,233,0,95,0,40,0,18,0,13,0,11,
0,229,252,51,255,52,254,45,1,8,252,119,5,164,253,63,250,198,187,0,253,0,241,0,232,0,95,0,40,0,18,0,13,0,11,
0,221,252,68,255,67,254,45,1,8,252,119,5,164,253,63,250,65,190,0,253,0,241,0,233,0,94,0,40,0,17,0,13,0,11,
0,221,252,68,255,87,254,45,1,8,252,119,5,55,255,93,250,65,190,0,253,0,241,0,233,0,94,0,40,0,17,0,12,0,11,
0,206,252,80,255,87,254,45,1,8,252,119,5,91,255,241,249,97,187,0,253,0,241,0,232,0,95,0,40,0,18,0,13,0,11,
0,207,252,62,255,92,254,45,1,8,252,119,5,162,253,152,250,226,187,0,252,0,241,0,232,0,94,0,40,0,17,0,12,0,11,
0,224,252,62,255,78,254,45,1,8,252,119,5,143,254,16,251,148,190,0,252,0,241,0,232,0,94,0,34,0,17,0,13,0,12,
0,224,252,62,255,78,254,45,1,8,252,119,5,143,254,16,251,148,190,0,252,0,242,0,232,0,93,0,35,0,17,0,13,0,12,
0,223,252,92,255,72,254,45,1,8,252,119,5,114,255,109,250,116,188,0,252,0,242,0,232,0,93,0,36,0,16,0,12,0,11,
0,221,252,91,255,81,254,45,1,250,251,185,6,205,254,123,250,113,186,0,251,0,242,0,232,0,94,0,38,0,17,0,13,0,11,
0,197,252,83,255,86,254,99,1,250,251,185,6,190,253,182,250,145,188,0,251,0,242,0,232,0,94,0,38,0,16,0,12,0,11,
0,197,252,83,255,86,254,99,1,250,251,185,6,190,253,48,251,60,190,0,251,0,242,0,232,0,94,0,39,0,18,0,13,0,12,
0,211,252,83,255,77,254,99,1,250,251,185,6,2,255,48,251,60,190,0,250,0,242,0,232,0,94,0,39,0,18,0,13,0,12,
0,216,252,83,255,83,254,99,1,250,251,185,6,235,255,81,250,177,186,0,249,0,242,0,232,0,94,0,40,0,18,0,13,0,11,
0,171,252,94,255,42,254,99,1,250,251,185,6,211,253,140,250,2,186,0,249,0,243,0,233,0,94,0,39,0,17,0,12,0,11,
0,171,252,94,255,42,254,99,1,250,251,185,6,181,254,107,251,220,190,0,249,0,243,0,233,0,94,0,39,0,17,0,12,0,11,
0,111,252,115,255,38,254,99,1,250,251,185,6,181,254,107,251,91,188,0,248,0,243,0,233,0,94,0,40,0,18,0,13,0,11,
0,126,252,142,255,58,254,99,1,250,251,185,6,112,0,148,250,91,188,0,248,0,243,0,234,0,94,0,40,0,18,0,13,0,11,
0,126,252,142,255,51,254,99,1,250,251,185,6,101,254,227,250,198,185,0,247,0,243,0,234,0,95,0,40,0,18,0,13,0,11,
0,146,252,147,255,51,254,99,1,250,251,185,6,228,254,128,251,120,190,0,247,0,244,0,235,0,94,0,39,0,17,0,12,0,11,
0,166,252,132,255,52,254,105,1,186,251,98,6,228,254,220,250,203,188,0,246,0,244,0,235,0,94,0,40,0,17,0,12,0,11,
0,166,252,121,255,48,254,105,1,186,251,98,6,232,255,220,250,203,188,0,245,0,244,0,235,0,95,0,40,0,18,0,13,0,11,
0,166,252,121,255,48,254,105,1,186,251,98,6,151,254,60,251,93,186,0,244,0,244,0,235,0,95,0,40,0,18,0,13,0,11,
0,130,252,108,255,34,254,105,1,186,251,98,6,146,255,99,251,236,188,0,234,1,4,0,252,0,96,0,40,0,19,0,13,0,11,
0,149,252,105,255,251,253,105,1,186,251,98,6,135,254,208,245,69,187,0,133,1,30,1,8,0,99,0,41,0,18,0,13,0,11,
0,166,252,113,255,252,253,105,1,186,251,98,6,135,254,208,245,144,208,0,141,1,72,1,80,0,109,0,42,0,20,0,13,0,11,
0,166,252,113,255,252,253,105,1,186,251,98,6,150,1,215,249,144,208,1,89,1,80,1,87,0,118,0,45,0,22,0,14,0,11,
0,177,253,23,255,102,253,105,1,186,251,98,6,174,45,23,254,5,213,1,80,1,83,1,89,0,123,0,46,0,20,0,13,0,11,
0,85,255,95,255,2,251,105,1,186,251,98,6,34,54,203,4,45,231,0,182,1,78,1,85,0,128,0,56,0,23,0,14,0,12,
0,73,2,186,253,146,248,105,1,186,251,98,6,41,41,217,5,60,252,0,133,1,72,1,42,0,127,0,57,0,22,0,13,0,10,
0,73,2,186,253,146,248,93,1,237,251,56,6,41,41,217,5,60,252,0,134,1,42,0,146,0,109,0,52,0,22,0,12,0,10,
0,139,8,124,247,186,247,93,1,237,251,56,6,201,43,16,31,229,13,0,135,0,215,0,132,0,95,0,47,0,18,0,11,0,10,
0,36,16,96,239,219,248,93,1,237,251,56,6,52,43,241,58,177,13,0,136,0,144,0,133,0,87,0,47,0,22,0,14,0,11,
0,36,16,96,239,131,251,93,1,237,251,56,6,69,28,188,65,154,12,0,136,0,136,0,134,0,80,0,44,0,21,0,14,0,11,
0,12,22,61,234,131,251,93,1,237,251,56,6,69,28,186,54,18,13,0,137,0,135,0,134,0,72,0,39,0,18,0,13,0,13,
0,255,24,100,234,234,255,93,1,237,251,56,6,71,7,186,54,18,13,0,139,0,140,0,135,0,67,0,36,0,17,0,13,0,14,
0,241,25,225,236,200,5,93,1,237,251,56,6,207,12,61,31,217,11,0,142,0,163,0,136,0,66,0,37,0,21,0,16,0,14,
0,241,25,225,236,200,5,93,1,237,251,56,6,74,13,81,21,45,4,0,147,0,171,0,136,0,62,0,33,0,18,0,14,0,13,
0,45,26,28,239,132,9,93,1,237,251,56,6,74,4,234,13,124,237,0,155,0,150,0,133,0,57,0,28,0,14,0,12,0,13,
0,149,25,221,240,131,9,93,1,237,251,56,6,74,4,234,13,124,217,0,164,0,136,0,132,0,54,0,26,0,14,0,12,0,11,
0,23,23,59,243,170,6,13,2,70,252,254,7,29,252,215,11,150,217,0,183,0,133,0,132,0,55,0,28,0,16,0,13,0,11,
0,23,23,59,243,170,6,13,2,70,252,254,7,82,239,216,244,198,209,0,217,0,133,0,132,0,52,0,25,0,13,0,11,0,11,
0,65,18,165,246,189,2,13,2,70,252,254,7,100,228,162,225,79,193,0,230,0,133,0,133,0,48,0,21,0,11,0,10,0,11,
0,231,11,221,248,180,255,13,2,70,252,254,7,100,228,24,215,129,192,0,246,0,134,0,144,0,52,0,24,0,16,0,12,0,10,
0,240,4,126,249,87,254,13,2,70,252,254,7,160,233,24,215,129,192,1,10,0,137,1,86,0,74,0,28,0,16,0,12,0,10,
0,240,4,126,249,87,254,13,2,70,252,254,7,180,236,68,206,67,182,1,17,0,183,1,82,0,86,0,29,0,14,0,11,0,11,
0,82,254,54,249,13,254,13,2,70,252,254,7,45,243,144,199,133,180,1,17,1,82,1,80,0,96,0,31,0,14,0,11,0,12,
0,89,249,138,248,52,254,13,2,70,252,254,7,137,250,198,200,54,175,1,8,1,78,1,79,0,106,0,36,0,16,0,12,0,9,
0,89,249,138,248,41,254,13,2,70,252,254,7,137,250,198,200,188,170,0,245,1,77,1,78,0,114,0,40,0,16,0,12,0,9,
0,80,246,225,246,41,254,13,2,70,252,254,7,96,252,226,214,188,170,0,225,1,77,1,77,0,117,0,40,0,14,0,10,0,10,
0,84,245,77,243,9,254,255,1,132,252,115,6,85,255,133,231,105,172,0,206,1,75,1,74,0,122,0,43,0,17,0,12,0,11,
0,160,246,182,237,224,253,255,1,132,252,115,6,119,254,171,247,179,175,0,185,1,73,1,66,0,127,0,49,0,21,0,13,0,11,
0,160,246,182,237,224,253,255,1,132,252,115,6,119,255,88,254,248,158,0,171,1,70,1,48,0,127,0,50,0,22,0,14,0,11,
0,186,249,239,231,147,254,255,1,132,252,115,6,39,255,88,254,248,158,0,164,1,69,1,14,0,121,0,47,0,18,0,12,0,11,
0,74,254,182,227,136,1,255,1,132,252,115,6,167,249,226,253,227,156,0,163,1,67,0,212,0,115,0,49,0,22,0,14,0,12,
0,41,3,39,226,206,5,255,1,132,252,115,6,221,241,216,1,162,166,0,161,1,64,0,148,0,104,0,49,0,24,0,15,0,11,
0,41,3,39,226,206,5,255,1,132,252,115,6,200,235,87,3,217,171,0,164,1,61,0,133,0,92,0,46,0,20,0,14,0,12,
0,108,7,169,226,81,9,255,1,132,252,115,6,200,235,87,3,91,182,0,175,1,59,0,133,0,80,0,40,0,17,0,12,0,11,
0,192,10,164,228,152,10,255,1,132,252,115,6,199,231,128,3,91,182,0,185,1,60,0,132,0,76,0,40,0,20,0,14,0,11,
0,139,12,181,231,140,9,255,1,132,252,115,6,216,225,165,6,7,193,0,196,1,62,0,132,0,71,0,39,0,20,0,14,0,10,
0,139,12,181,231,140,9,255,1,132,252,115,6,136,222,43,4,19,198,0,208,1,59,0,133,0,64,0,34,0,16,0,12,0,11,
0,151,12,227,235,233,7,93,2,148,252,81,6,18,219,83,254,13,200,0,224,1,52,0,134,0,61,0,31,0,16,0,12,0,11,
0,29,11,76,241,160,6,93,2,148,252,81,6,18,219,83,254,13,200,0,240,1,43,0,134,0,60,0,31,0,18,0,14,0,11,
0,29,11,76,241,171,5,93,2,148,252,81,6,87,216,187,249,198,198,1,0,1,34,0,135,0,57,0,29,0,16,0,12,0,10,
0,27,9,75,247,171,5,93,2,148,252,81,6,200,217,248,247,32,201,1,14,1,25,0,136,0,54,0,26,0,14,0,11,0,11,
0,202,6,221,252,229,4,93,2,148,252,81,6,48,224,225,243,107,201,1,30,1,16,0,138,0,53,0,25,0,13,0,11,0,11,
0,194,4,150,1,105,4,93,2,148,252,81,6,48,224,142,239,159,194,1,43,1,6,0,141,0,55,0,27,0,16,0,13,0,11,
0,194,4,150,1,105,4,93,2,148,252,81,6,54,230,142,239,159,194,1,58,0,253,0,151,0,55,0,26,0,16,0,12,0,11,
0,40,3,204,4,51,4,93,2,148,252,81,6,159,234,214,235,44,194,1,67,0,247,0,179,0,56,0,24,0,14,0,11,0,11,
0,148,2,82,6,52,4,93,2,148,252,81,6,154,239,161,232,68,194,1,72,0,243,0,233,0,64,0,25,0,12,0,11,0,11,
0,186,2,33,6,88,4,93,2,148,252,81,6,158,243,154,231,20,193,1,67,0,243,1,74,0,83,0,30,0,15,0,12,0,11,
0,186,2,33,6,88,4,174,2,109,252,196,6,158,243,154,231,108,194,1,65,0,244,1,81,0,95,0,33,0,16,0,12,0,11,
0,232,2,78,4,98,4,174,2,109,252,196,6,19,247,4,233,108,194,1,63,0,247,1,76,0,102,0,34,0,13,0,11,0,11,
0,87,3,89,1,76,4,174,2,109,252,196,6,243,248,95,235,239,196,1,63,0,250,1,74,0,111,0,40,0,17,0,12,0,11,
0,210,3,89,254,231,3,174,2,109,252,196,6,60,248,178,237,111,193,1,88,1,1,1,75,0,118,0,42,0,18,0,13,0,11,
0,210,3,43,254,231,3,174,2,109,252,196,6,60,248,215,241,36,196,1,94,1,7,1,72,0,121,0,44,0,18,0,12,0,11,
0,25,4,152,251,77,3,174,2,109,252,196,6,230,245,215,241,36,196,1,78,1,11,1,69,0,125,0,46,0,19,0,13,0,12,
0,251,3,33,250,170,2,174,2,109,252,196,6,228,246,238,244,166,200,1,76,1,13,1,70,0,129,0,50,0,21,0,14,0,11,
0,251,3,33,250,0,2,174,2,109,252,196,6,217,248,156,247,81,197,1,75,1,16,1,70,0,131,0,52,0,21,0,15,0,12,
0,116,3,223,249,0,2,174,2,109,252,196,6,238,248,111,250,181,198,1,74,1,16,1,71,0,132,0,52,0,21,0,14,0,12,
0,194,2,27,251,90,1,174,2,109,252,196,6,238,248,111,250,75,204,1,73,1,15,1,70,0,133,0,53,0,21,0,13,0,11,
0,36,2,0,253,249,0,177,2,211,252,159,6,63,252,27,253,75,204,1,72,1,9,1,69,0,136,0,56,0,24,0,15,0,12,
0,36,2,0,253,249,0,177,2,211,252,159,6,254,255,146,253,163,199,1,72,1,1,1,69,0,136,0,56,0,23,0,14,0,11,
0,240,0,255,254,174,0,177,2,211,252,159,6,134,1,179,252,1,194,1,70,0,248,1,67,0,136,0,56,0,23,0,14,0,12,
0,168,255,166,0,178,0,177,2,211,252,159,6,234,3,144,253,247,196,1,70,0,239,1,67,0,136,0,57,0,23,0,14,0,11,
0,163,254,212,1,190,0,177,2,211,252,159,6,234,3,144,253,247,196,1,69,0,230,1,66,0,137,0,58,0,25,0,15,0,11,
0,163,254,212,1,190,0,177,2,211,252,159,6,41,7,41,252,1,192,1,68,0,221,1,64,0,137,0,59,0,25,0,15,0,12,
0,242,253,188,2,214,0,177,2,211,252,159,6,34,7,96,250,111,187,1,69,0,215,1,63,0,136,0,57,0,26,0,15,0,12,
0,113,253,221,2,44,1,177,2,211,252,159,6,163,6,137,249,230,187,1,67,0,209,1,61,0,137,0,60,0,27,0,16,0,12,
0,90,253,221,2,96,1,177,2,211,252,159,6,163,6,144,248,11,185,1,66,0,206,1,59,0,136,0,59,0,27,0,16,0,11,
0,90,253,88,2,96,1,177,2,211,252,159,6,71,7,144,248,11,185,1,65,0,203,1,55,0,135,0,58,0,26,0,16,0,12,
0,108,253,108,1,129,1,110,2,206,252,117,6,96,6,188,247,28,181,1,65,0,201,1,49,0,134,0,58,0,26,0,16,0,12,
0,217,253,58,0,191,1,110,2,206,252,117,6,188,4,130,246,48,181,1,63,0,200,1,42,0,133,0,59,0,25,0,16,0,12,
0,217,253,58,0,234,1,110,2,206,252,117,6,216,2,45,245,195,181,1,62,0,197,1,33,0,131,0,58,0,24,0,15,0,12,
0,114,254,53,255,234,1,110,2,206,252,117,6,216,2,45,245,195,184,1,61,0,194,1,21,0,127,0,57,0,26,0,16,0,13,
0,241,254,93,254,223,1,110,2,206,252,117,6,242,0,236,242,38,184,1,59,0,193,1,8,0,123,0,50,0,23,0,16,0,13,
0,49,255,103,253,164,1,110,2,206,252,117,6,238,0,50,240,196,184,1,56,0,191,0,248,0,120,0,52,0,26,0,16,0,13,
0,49,255,103,253,164,1,110,2,206,252,117,6,22,0,232,237,1,184,1,55,0,189,0,231,0,113,0,50,0,22,0,15,0,13,
0,77,255,94,252,114,1,110,2,206,252,117,6,22,0,218,236,195,185,1,53,0,186,0,212,0,107,0,48,0,23,0,15,0,12,
0,97,255,62,251,47,1,110,2,206,252,117,6,53,255,218,236,195,185,1,52,0,182,0,194,0,100,0,47,0,21,0,15,0,12,
0,19,255,85,250,202,0,110,2,206,252,117,6,107,254,74,235,157,188,1,49,0,178,0,175,0,94,0,46,0,21,0,14,0,11,
0,19,255,85,250,202,0,110,2,206,252,117,6,15,254,99,233,164,188,1,47,0,174,0,160,0,87,0,43,0,20,0,14,0,11,
0,141,254,137,249,76,0,235,2,149,252,119,7,194,252,64,232,109,188,1,45,0,171,0,150,0,79,0,39,0,20,0,13,0,11,
0,13,254,202,248,198,255,235,2,149,252,119,7,194,252,64,232,160,185,1,42,0,168,0,143,0,75,0,38,0,18,0,13,0,11,
0,73,253,202,248,131,255,235,2,149,252,119,7,133,250,49,232,160,185,1,41,0,165,0,139,0,70,0,35,0,16,0,12,0,10,
0,73,253,132,248,131,255,235,2,149,252,119,7,152,247,21,233,131,186,1,40,0,163,0,137,0,65,0,32,0,16,0,12,0,11,
0,167,252,132,248,21,255,235,2,149,252,119,7,6,247,9,234,148,188,1,40,0,160,0,136,0,61,0,30,0,15,0,12,0,11,
0,68,252,231,248,165,254,235,2,149,252,119,7,6,247,130,234,230,183,1,39,0,158,0,136,0,59,0,30,0,16,0,12,0,11,
0,68,252,231,248,44,254,235,2,149,252,119,7,37,247,130,234,230,183,1,38,0,157,0,135,0,56,0,28,0,14,0,11,0,11,
0,237,251,135,249,44,254,235,2,149,252,119,7,184,244,177,236,119,182,1,37,0,155,0,135,0,54,0,26,0,13,0,11,0,11,
0,203,251,85,250,193,253,235,2,149,252,119,7,211,243,98,238,135,183,1,37,0,154,0,135,0,52,0,25,0,13,0,11,0,10,
0,219,251,52,251,92,253,235,2,149,252,119,7,139,244,34,239,11,183,1,37,0,153,0,135,0,53,0,26,0,14,0,12,0,11,
0,219,251,52,251,92,253,201,2,129,252,130,6,139,244,34,239,112,182,1,38,0,152,0,135,0,51,0,23,0,12,0,11,0,11,
0,7,252,65,252,253,252,201,2,129,252,130,6,37,244,134,240,112,182,1,39,0,151,0,135,0,50,0,23,0,12,0,11,0,11,
0,32,252,79,253,210,252,201,2,129,252,130,6,79,243,216,242,232,181,1,40,0,151,0,135,0,49,0,23,0,12,0,11,0,10,
0,80,252,47,254,156,252,201,2,129,252,130,6,96,242,63,245,76,183,1,40,0,150,0,135,0,50,0,23,0,13,0,12,0,11,
0,80,252,47,254,156,252,201,2,129,252,130,6,0,244,187,246,122,182,1,42,0,149,0,135,0,49,0,22,0,12,0,11,0,11,
0,114,252,248,254,85,252,201,2,129,252,130,6,0,244,187,246,122,182,1,44,0,148,0,136,0,49,0,26,0,13,0,11,0,11,
0,139,252,206,255,26,252,201,2,129,252,130,6,2,243,23,248,66,179,1,45,0,148,0,136,0,49,0,25,0,13,0,11,0,10,
0,139,252,206,255,253,251,201,2,129,252,130,6,57,241,91,250,111,182,1,47,0,148,0,136,0,48,0,23,0,12,0,11,0,11,
0,185,252,188,0,253,251,201,2,129,252,130,6,194,240,174,250,71,180,1,49,0,148,0,136,0,47,0,22,0,11,0,10,0,10,
0,236,252,229,1,217,251,201,2,129,252,130,6,194,240,249,251,163,179,1,50,0,148,0,136,0,49,0,23,0,12,0,11,0,11,
0,8,253,27,3,180,251,179,2,148,252,63,7,25,239,249,251,163,179,1,50,0,148,0,137,0,49,0,23,0,13,0,11,0,11,
0,8,253,27,3,118,251,179,2,148,252,63,7,155,238,17,253,21,181,1,49,0,148,0,137,0,49,0,23,0,13,0,11,0,11,
0,51,253,113,4,118,251,179,2,148,252,63,7,171,239,79,253,149,179,1,50,0,149,0,138,0,47,0,21,0,11,0,10,0,10,
0,49,253,1,6,88,251,179,2,148,252,63,7,84,241,233,253,72,179,1,48,0,149,0,139,0,49,0,22,0,12,0,11,0,11,
0,55,253,76,7,50,251,179,2,148,252,63,7,84,241,233,253,237,178,1,47,0,150,0,141,0,49,0,23,0,12,0,11,0,11,
0,55,253,76,7,50,251,179,2,148,252,63,7,240,240,75,255,237,178,1,46,0,151,0,143,0,49,0,22,0,11,0,10,0,11,
0,57,253,140,8,32,251,179,2,148,252,63,7,37,244,109,255,129,180,1,45,0,152,0,145,0,49,0,22,0,13,0,11,0,10,
0,95,253,145,9,253,250,179,2,148,252,63,7,81,245,73,255,31,177,1,43,0,153,0,149,0,51,0,23,0,14,0,12,0,11,
0,135,253,90,10,229,250,179,2,148,252,63,7,81,245,78,0,140,177,1,42,0,154,0,153,0,52,0,23,0,13,0,11,0,10,
0,135,253,90,10,229,250,179,2,148,252,63,7,22,243,78,0,140,177,1,40,0,155,0,158,0,53,0,23,0,13,0,11,0,11,
0,125,253,242,10,6,251,178,2,161,252,94,6,119,245,96,0,137,182,1,39,0,156,0,165,0,54,0,23,0,11,0,11,0,11,
0,145,253,144,11,7,251,178,2,161,252,94,6,46,246,169,255,61,180,1,36,0,157,0,172,0,57,0,25,0,13,0,11,0,11,
0,145,253,144,11,16,251,178,2,161,252,94,6,154,245,59,255,68,177,1,34,0,159,0,180,0,59,0,24,0,14,0,11,0,11,
0,147,253,84,12,16,251,178,2,161,252,94,6,154,245,59,255,103,182,1,32,0,160,0,188,0,61,0,24,0,13,0,11,0,11,
0,184,253,43,13,58,251,178,2,161,252,94,6,226,245,18,0,103,182,1,29,0,161,0,196,0,65,0,26,0,13,0,12,0,11,
0,178,253,5,14,32,251,178,2,161,252,94,6,225,248,46,255,128,182,1,27,0,162,0,204,0,69,0,27,0,14,0,12,0,11,
0,178,253,5,14,7,251,178,2,161,252,94,6,210,249,195,254,117,180,1,24,0,164,0,214,0,72,0,28,0,16,0,12,0,11,
0,158,253,188,14,7,251,178,2,161,252,94,6,248,249,122,255,59,183,1,22,0,166,0,223,0,74,0,28,0,14,0,11,0,11,
0,133,253,93,15,255,250,178,2,161,252,94,6,248,249,122,255,59,183,1,18,0,168,0,232,0,80,0,31,0,14,0,12,0,11,
0,101,253,187,15,29,251,178,2,161,252,94,6,88,253,38,255,143,185,1,15,0,169,0,241,0,83,0,32,0,17,0,12,0,11,
0,101,253,187,15,29,251,178,2,161,252,35,6,63,255,175,254,69,182,1,12,0,171,0,251,0,86,0,33,0,16,0,12,0,11,
0,50,253,212,15,79,251,18,2,154,252,35,6,117,0,182,254,29,185,1,10,0,173,1,5,0,90,0,34,0,14,0,12,0,11,
0,4,253,195,15,87,251,18,2,154,252,35,6,117,0,48,254,235,184,1,8,0,174,1,13,0,96,0,36,0,16,0,12,0,11,
0,176,252,112,15,120,251,18,2,154,252,35,6,198,2,48,254,235,184,1,5,0,177,1,22,0,99,0,38,0,18,0,12,0,11,
0,176,252,112,15,120,251,18,2,154,252,35,6,204,1,224,254,153,182,1,3,0,179,1,29,0,104,0,40,0,18,0,13,0,11,
0,147,252,229,14,177,251,18,2,154,252,35,6,76,2,46,255,158,187,1,2,0,181,1,36,0,107,0,41,0,17,0,13,0,12,
0,130,252,109,14,238,251,18,2,154,252,35,6,232,2,224,255,85,183,1,2,0,184,1,41,0,111,0,43,0,19,0,13,0,11,
0,130,252,109,14,89,252,18,2,154,252,35,6,232,2,224,255,85,182,1,4,0,186,1,43,0,114,0,44,0,18,0,12,0,11,
0,135,252,6,14,89,252,18,2,154,252,35,6,219,254,119,1,253,182,1,8,0,188,1,43,0,116,0,45,0,18,0,12,0,11,
0,127,252,226,13,6,253,18,2,154,252,35,6,221,248,33,6,106,188,1,13,0,190,1,41,0,118,0,47,0,20,0,13,0,12,
0,125,252,224,13,85,254,18,2,154,252,35,6,99,248,205,7,17,185,1,16,0,193,1,43,0,120,0,48,0,20,0,14,0,11,
0,125,252,224,13,85,255,191,1,151,252,75,6,99,248,168,6,205,183,1,18,0,196,1,42,0,121,0,48,0,20,0,13,0,11,
0,249,252,10,14,244,255,191,1,151,252,75,6,60,247,168,6,205,183,1,17,0,197,1,39,0,122,0,50,0,21,0,14,0,12,
0,165,253,134,14,227,0,191,1,151,252,75,6,112,245,235,6,229,185,1,19,0,196,1,36,0,122,0,51,0,21,0,14,0,11,
0,122,254,5,15,37,1,191,1,151,252,75,6,26,249,161,6,203,186,1,21,0,196,1,34,0,123,0,52,0,22,0,14,0,12,
0,122,254,5,15,37,1,191,1,151,252,75,6,189,249,7,5,55,182,1,26,0,195,1,31,0,121,0,51,0,23,0,14,0,11,
0,45,255,91,15,74,1,191,1,151,252,75,6,189,249,7,5,71,184,1,30,0,192,1,30,0,121,0,52,0,24,0,14,0,11,
0,226,255,198,15,167,1,191,1,151,252,75,6,155,248,242,2,71,184,1,33,0,190,1,29,0,121,0,52,0,23,0,14,0,11,
0,132,0,233,15,208,1,191,1,151,252,75,6,79,249,211,1,252,185,1,35,0,187,1,27,0,120,0,52,0,23,0,14,0,11,
0,132,0,233,15,208,1,191,1,151,252,75,6,93,250,162,0,124,185,1,35,0,185,1,27,0,120,0,52,0,23,0,14,0,11,
0,230,0,17,16,180,1,191,1,151,252,75,6,51,250,126,0,187,183,1,36,0,184,1,29,0,119,0,51,0,23,0,14,0,11,
0,61,1,59,16,85,1,107,1,114,252,192,5,51,250,126,0,187,183,1,34,0,184,1,31,0,120,0,52,0,23,0,14,0,11,
0,61,1,59,16,192,0,107,1,114,252,192,5,176,251,212,255,160,185,1,31,0,183,1,35,0,121,0,52,0,21,0,14,0,11,
0,166,1,78,16,192,0,107,1,114,252,192,5,224,253,167,254,50,187,1,29,0,182,1,40,0,121,0,51,0,21,0,13,0,11,
0,209,1,65,16,44,0,107,1,114,252,192,5,250,255,182,253,149,185,1,26,0,182,1,44,0,123,0,52,0,22,0,14,0,11,
0,229,1,20,16,147,255,107,1,114,252,192,5,250,255,182,253,80,185,1,23,0,182,1,48,0,124,0,53,0,24,0,15,0,11,
0,229,1,20,16,147,255,107,1,114,252,192,5,64,0,24,253,80,185,1,20,0,183,1,51,0,125,0,52,0,23,0,14,0,11,
0,192,1,244,15,19,255,107,1,114,252,192,5,95,2,10,252,119,187,1,17,0,183,1,52,0,126,0,54,0,24,0,15,0,12,
0,119,1,181,15,140,254,107,1,114,252,192,5,34,4,76,251,113,188,1,13,0,184,1,54,0,127,0,54,0,23,0,14,0,11,
0,18,1,136,15,0,254,107,1,114,252,192,5,193,4,138,250,191,186,1,8,0,184,1,54,0,129,0,55,0,25,0,15,0,12,
0,18,1,136,15,0,254,107,1,114,252,192,5,193,4,138,250,191,186,1,4,0,185,1,55,0,129,0,54,0,23,0,15,0,12,
0,147,0,34,15,153,253,18,1,81,252,251,6,78,6,35,250,135,189,0,254,0,184,1,55,0,130,0,55,0,24,0,15,0,12,
0,39,0,174,14,43,253,18,1,81,252,251,6,35,8,222,248,62,189,0,247,0,185,1,56,0,131,0,55,0,24,0,15,0,12,
0,177,255,255,13,231,252,18,1,81,252,251,6,35,9,51,248,59,188,0,241,0,184,1,56,0,131,0,56,0,24,0,15,0,12,
0,177,255,255,13,231,252,18,1,81,252,251,6,35,9,229,247,193,187,0,233,0,183,1,56,0,132,0,57,0,25,0,16,0,13,
0,97,255,68,13,193,252,18,1,81,252,251,6,37,10,229,247,193,187,0,226,0,183,1,57,0,132,0,57,0,25,0,16,0,12,
0,246,254,134,12,199,252,18,1,81,252,251,6,64,11,110,247,157,188,0,218,0,183,1,57,0,132,0,57,0,25,0,15,0,12,
0,246,254,134,12,207,252,18,1,81,252,251,6,237,13,152,246,110,186,0,210,0,181,1,56,0,132,0,57,0,25,0,16,0,12,
0,132,254,167,11,207,252,18,1,81,252,251,6,75,13,216,246,199,184,0,202,0,181,1,56,0,132,0,56,0,24,0,15,0,12,
0,76,254,173,10,193,252,18,1,81,252,251,6,75,13,216,246,43,190,0,194,0,179,1,56,0,133,0,57,0,25,0,16,0,12,
0,251,253,162,9,227,252,18,1,81,252,251,6,111,14,18,248,43,190,0,187,0,179,1,56,0,132,0,58,0,26,0,15,0,12,
0,251,253,162,9,227,252,1,1,98,252,60,6,53,16,252,246,89,183,0,178,0,179,1,55,0,132,0,57,0,25,0,15,0,12,
0,192,253,170,8,249,252,1,1,98,252,60,6,223,14,158,247,33,183,0,171,0,178,1,55,0,132,0,52,0,24,0,16,0,13,
0,182,253,206,7,12,253,1,1,98,252,60,6,223,14,232,248,11,185,0,164,0,179,1,55,0,132,0,52,0,23,0,15,0,12,
0,203,253,27,7,36,253,1,1,98,252,60,6,12,14,232,248,11,185,0,158,0,179,1,54,0,132,0,54,0,24,0,16,0,12,
0,203,253,27,7,36,253,1,1,98,252,60,6,48,15,190,248,158,186,0,153,0,181,1,53,0,131,0,55,0,24,0,15,0,12,
0,250,253,152,6,69,253,1,1,98,252,60,6,144,15,216,248,48,183,0,150,0,182,1,52,0,131,0,55,0,23,0,14,0,11,
0,47,254,56,6,117,253,1,1,98,252,60,6,3,14,181,249,105,183,0,146,0,183,1,50,0,132,0,56,0,25,0,16,0,12,
0,87,254,228,5,138,253,1,1,98,252,60,6,3,14,181,249,15,189,0,144,0,186,1,50,0,131,0,55,0,24,0,14,0,11,
0,87,254,228,5,138,253,1,1,98,252,60,6,96,15,64,251,15,189,0,142,0,187,1,48,0,131,0,56,0,24,0,15,0,12,
0,151,254,101,5,126,253,1,1,98,252,60,6,231,15,202,250,43,184,0,142,0,189,1,47,0,130,0,56,0,23,0,15,0,12,
0,205,254,192,4,207,253,1,1,98,252,60,6,197,14,7,252,162,186,0,140,0,191,1,46,0,130,0,56,0,23,0,15,0,12,
0,205,254,192,4,13,254,146,0,107,252,58,6,180,13,75,252,208,188,0,140,0,194,1,44,0,129,0,55,0,23,0,14,0,11,
0,8,255,41,4,13,254,146,0,107,252,58,6,180,13,75,252,208,188,0,140,0,196,1,42,0,129,0,55,0,24,0,15,0,12,
0,92,255,179,3,45,254,146,0,107,252,58,6,17,14,246,251,205,189,0,140,0,198,1,40,0,128,0,59,0,24,0,15,0,12,
0,145,255,38,3,107,254,146,0,107,252,58,6,16,12,31,252,65,188,0,140,0,201,1,38,0,127,0,58,0,25,0,15,0,12,
0,145,255,38,3,107,254,146,0,107,252,58,6,201,11,65,252,240,190,0,140,0,202,1,34,0,126,0,57,0,24,0,15,0,12,
0,209,255,162,2,160,254,146,0,107,252,58,6,201,11,120,251,64,189,0,141,0,205,1,31,0,125,0,55,0,25,0,15,0,12,
0,238,255,69,2,168,254,146,0,107,252,58,6,146,12,120,251,64,189,0,141,0,206,1,27,0,124,0,55,0,26,0,16,0,12,
0,4,0,189,1,189,254,146,0,107,252,58,6,130,10,162,251,247,189,0,141,0,207,1,23,0,122,0,55,0,26,0,16,0,12,
0,4,0,189,1,189,254,146,0,107,252,58,6,70,11,255,250,188,192,0,142,0,208,1,20,0,120,0,54,0,24,0,14,0,12,
0,33,0,61,1,4,255,146,0,107,252,58,6,101,12,234,249,181,190,0,143,0,208,1,16,0,119,0,53,0,24,0,15,0,12,
0,30,0,196,0,60,255,195,0,139,252,91,6,101,12,234,249,99,189,0,144,0,208,1,12,0,118,0,53,0,23,0,15,0,12,
0,249,255,196,0,87,255,195,0,139,252,91,6,62,11,220,249,99,189,0,144,0,209,1,9,0,116,0,52,0,22,0,14,0,11,
0,249,255,64,0,87,255,195,0,139,252,91,6,145,10,8,250,217,193,0,145,0,208,1,5,0,115,0,55,0,23,0,14,0,11,
0,229,255,113,255,122,255,195,0,139,252,91,6,30,12,220,248,78,191,0,146,0,208,1,2,0,113,0,54,0,23,0,14,0,11,
0,166,255,181,254,113,255,195,0,139,252,91,6,30,12,119,248,93,188,0,147,0,207,0,255,0,111,0,52,0,24,0,14,0,11,
0,166,255,181,254,110,255,195,0,139,252,91,6,25,11,119,248,93,188,0,147,0,205,0,251,0,110,0,51,0,25,0,15,0,12,
0,50,255,38,254,110,255,195,0,139,252,91,6,75,9,90,248,233,190,0,148,0,206,0,249,0,108,0,49,0,23,0,14,0,11,
0,180,254,131,253,106,255,195,0,139,252,91,6,193,10,241,247,73,193,0,148,0,204,0,246,0,107,0,49,0,23,0,15,0,12,
0,126,254,19,253,76,255,195,0,139,252,91,6,56,10,235,246,107,187,0,149,0,204,0,245,0,105,0,47,0,22,0,14,0,11,
0,126,254,19,253,76,255,195,0,139,252,91,6,56,10,235,246,186,190,0,149,0,203,0,243,0,104,0,47,0,22,0,14,0,11,
0,33,254,218,252,56,255,134,0,147,252,113,5,110,9,212,247,186,190,0,150,0,203,0,242,0,103,0,45,0,21,0,14,0,11,
0,210,253,170,252,67,255,134,0,147,252,113,5,226,10,150,247,60,191,0,150,0,203,0,240,0,102,0,46,0,22,0,14,0,12,
0,198,253,132,252,72,255,134,0,147,252,113,5,199,9,200,247,23,188,0,150,0,203,0,239,0,101,0,45,0,19,0,14,0,12,
0,198,253,132,252,72,255,134,0,147,252,113,5,140,10,126,248,95,191,0,150,0,204,0,239,0,100,0,44,0,19,0,14,0,11,
0,128,253,61,252,77,255,134,0,147,252,113,5,140,10,126,248,95,191,0,150,0,205,0,238,0,99,0,43,0,19,0,13,0,11,
0,85,253,241,251,65,255,134,0,147,252,113,5,15,11,223,247,219,187,0,149,0,205,0,237,0,99,0,43,0,20,0,14,0,11,
0,54,253,241,251,54,255,134,0,147,252,113,5,253,7,51,249,69,188,0,150,0,206,0,237,0,98,0,43,0,19,0,13,0,11,
0,54,253,186,251,54,255,134,0,147,252,113,5,227,9,8,249,125,192,0,149,0,206,0,236,0,98,0,43,0,19,0,13,0,11,
0,5,253,120,251,59,255,134,0,147,252,113,5,227,9,28,248,228,186,0,149,0,207,0,236,0,97,0,42,0,19,0,13,0,11,
0,189,252,68,251,72,255,134,0,147,252,113,5,144,9,28,248,228,186,0,149,0,207,0,235,0,96,0,41,0,18,0,12,0,11,
0,189,252,68,251,84,255,213,0,104,252,58,6,70,7,67,249,114,188,0,149,0,208,0,234,0,96,0,42,0,19,0,13,0,11,
0,173,252,32,251,84,255,213,0,104,252,58,6,38,7,179,249,242,191,0,149,0,209,0,235,0,96,0,41,0,18,0,12,0,11,
0,157,252,0,251,103,255,213,0,104,252,58,6,60,8,243,248,107,189,0,149,0,210,0,234,0,96,0,41,0,19,0,13,0,11,
0,180,252,245,250,93,255,213,0,104,252,58,6,60,8,243,248,107,189,0,149,0,211,0,234,0,95,0,41,0,19,0,13,0,11,
0,180,252,245,250,93,255,213,0,104,252,58,6,211,6,61,249,25,187,0,149,0,212,0,234,0,95,0,40,0,18,0,12,0,11,
0,172,252,244,250,109,255,213,0,104,252,58,6,118,6,10,250,3,190,0,149,0,212,0,233,0,95,0,41,0,19,0,13,0,11,
0,150,252,209,250,141,255,213,0,104,252,58,6,162,7,157,249,239,189,0,150,0,213,0,234,0,95,0,40,0,18,0,12,0,11,
0,116,252,172,250,153,255,213,0,104,252,58,6,162,7,163,249,24,188,0,150,0,213,0,233,0,95,0,41,0,18,0,13,0,11,
0,116,252,172,250,153,255,213,0,104,252,58,6,174,6,163,249,24,188,0,150,0,214,0,234,0,95,0,40,0,19,0,13,0,11,
0,119,252,123,250,174,255,213,0,104,252,58,6,206,5,14,250,157,189,0,151,0,214,0,235,0,95,0,40,0,17,0,12,0,11,
0,127,252,69,250,176,255,213,0,104,252,58,6,216,5,155,249,98,189,0,151,0,213,0,235,0,95,0,41,0,19,0,13,0,12,
0,135,252,69,250,189,255,178,0,145,252,116,6,25,5,58,249,140,188,0,151,0,214,0,236,0,95,0,40,0,17,0,13,0,11,
0,135,252,36,250,189,255,178,0,145,252,116,6,25,5,58,249,180,188,0,151,0,214,0,237,0,95,0,40,0,18,0,13,0,12,
0,141,252,18,250,200,255,178,0,145,252,116,6,245,3,147,249,180,188,0,152,0,215,0,238,0,95,0,40,0,18,0,13,0,11,
0,106,252,21,250,217,255,178,0,145,252,116,6,109,4,123,249,62,190,0,153,0,215,0,239,0,96,0,40,0,18,0,12,0,11,
0,106,252,21,250,206,255,178,0,145,252,116,6,184,3,64,249,155,187,0,153,0,215,0,240,0,96,0,41,0,20,0,13,0,11,
0,107,252,249,249,206,255,178,0,145,252,116,6,184,2,135,249,218,186,0,154,0,216,0,242,0,96,0,40,0,19,0,13,0,11,
0,110,252,4,250,228,255,178,0,145,252,116,6,212,2,135,249,218,186,0,155,0,217,0,243,0,97,0,41,0,20,0,13,0,11,
0,107,252,28,250,209,255,178,0,145,252,116,6,44,2,240,249,17,188,0,156,0,217,0,244,0,97,0,41,0,20,0,13,0,11,
0,107,252,28,250,209,255,178,0,145,252,116,6,124,2,50,250,106,189,0,156,0,218,0,245,0,98,0,41,0,19,0,13,0,11,
0,82,252,75,250,220,255,178,0,145,252,116,6,189,2,136,249,131,186,0,157,0,219,0,246,0,98,0,41,0,19,0,13,0,11,
0,71,252,102,250,209,255,245,0,60,252,95,6,189,2,136,249,61,188,0,157,0,219,0,246,0,99,0,42,0,20,0,14,0,12,
0,75,252,102,250,206,255,245,0,60,252,95,6,118,1,151,249,61,188,0,157,0,220,0,247,0,99,0,42,0,19,0,13,0,11,
0,75,252,102,250,206,255,245,0,60,252,95,6,255,0,147,249,195,187,0,158,0,221,0,247,0,99,0,42,0,20,0,14,0,11,
0,17,252,118,250,197,255,245,0,60,252,95,6,168,0,169,249,250,187,0,158,0,221,0,247,0,100,0,42,0,20,0,13,0,11,
0,68,252,133,250,182,255,245,0,60,252,95,6,213,0,25,249,29,187,0,158,0,222,0,246,0,99,0,41,0,19,0,13,0,11,
0,68,252,133,250,155,255,245,0,60,252,95,6,213,0,25,249,29,187,0,158,0,222,0,246,0,100,0,42,0,20,0,13,0,11,
0,104,252,168,250,155,255,245,0,60,252,95,6,213,255,24,249,97,185,0,157,0,222,0,244,0,100,0,42,0,20,0,14,0,12,
0,46,252,211,250,126,255,245,0,60,252,95,6,149,254,146,249,26,188,0,158,0,222,0,243,0,99,0,42,0,19,0,13,0,11,
0,17,252,205,250,88,255,245,0,60,252,95,6,235,255,48,249,197,187,0,157,0,222,0,241,0,100,0,43,0,20,0,14,0,11,
0,17,252,205,250,39,255,245,0,60,252,95,6,235,255,39,249,93,184,0,157,0,223,0,240,0,99,0,42,0,19,0,13,0,11,
0,1,252,180,250,39,255,211,0,98,252,160,6,140,255,39,249,93,184,0,156,0,223,0,239,0,98,0,41,0,17,0,13,0,11,
0,245,251,181,250,37,255,211,0,98,252,160,6,232,253,220,249,191,186,0,155,0,222,0,237,0,99,0,42,0,19,0,13,0,11,
0,215,251,221,250,45,255,211,0,98,252,160,6,101,254,36,250,207,187,0,155,0,223,0,236,0,98,0,42,0,19,0,13,0,11,
0,215,251,221,250,45,255,211,0,98,252,160,6,195,254,157,249,201,185,0,155,0,223,0,235,0,96,0,41,0,19,0,13,0,11,
0,204,251,247,250,27,255,211,0,98,252,160,6,195,254,157,249,231,184,0,153,0,223,0,233,0,97,0,42,0,19,0,13,0,11,
0,196,251,18,251,240,254,211,0,98,252,160,6,223,253,146,249,231,184,0,153,0,224,0,232,0,96,0,41,0,18,0,12,0,11,
0,178,251,60,251,223,254,211,0,98,252,160,6,110,252,37,250,50,186,0,152,0,224,0,231,0,96,0,41,0,19,0,13,0,11,
0,178,251,60,251,223,254,211,0,98,252,160,6,104,253,71,250,93,188,0,151,0,225,0,230,0,95,0,40,0,18,0,13,0,11,
0,188,251,129,251,162,254,211,0,98,252,160,6,104,253,90,249,165,184,0,151,0,226,0,229,0,94,0,40,0,18,0,13,0,11,
0,210,251,230,251,129,254,211,0,98,252,160,6,157,253,90,249,165,184,0,150,0,226,0,228,0,94,0,40,0,18,0,13,0,11,
0,210,251,230,251,124,254,55,1,35,252,48,6,104,251,8,250,175,184,0,150,0,227,0,227,0,93,0,40,0,17,0,13,0,11,
0,215,251,16,252,124,254,55,1,35,252,48,6,89,252,116,250,93,188,0,149,0,227,0,226,0,93,0,40,0,18,0,13,0,11,
0,2,252,86,252,141,254,55,1,35,252,48,6,192,253,46,250,177,187,0,149,0,229,0,225,0,92,0,39,0,17,0,12,0,11,
0,24,252,143,252,147,254,55,1,35,252,48,6,192,253,46,250,175,183,0,148,0,229,0,224,0,92,0,40,0,18,0,13,0,11,
0,24,252,143,252,127,254,55,1,35,252,48,6,211,252,219,249,175,183,0,148,0,230,0,224,0,91,0,38,0,17,0,12,0,11,
0,245,251,197,252,127,254,55,1,35,252,48,6,105,251,149,250,105,185,0,148,0,231,0,223,0,91,0,38,0,19,0,12,0,11,
0,188,251,10,253,128,254,55,1,35,252,48,6,52,251,16,251,84,188,0,148,0,231,0,223,0,91,0,39,0,20,0,13,0,11,
0,177,251,54,253,133,254,55,1,35,252,48,6,248,252,184,250,149,187,0,148,0,232,0,222,0,91,0,39,0,19,0,13,0,11,
0,177,251,54,253,133,254,55,1,35,252,48,6,248,252,184,250,149,187,0,148,0,232,0,222,0,89,0,33,0,17,0,13,0,11,
0,190,251,129,253,103,254,55,1,35,252,48,6,36,252,141,250,225,183,0,147,0,232,0,221,0,89,0,35,0,18,0,13,0,12,
0,243,251,210,253,86,254,55,1,35,252,21,6,192,250,26,251,25,185,0,147,0,232,0,221,0,89,0,34,0,17,0,13,0,11,
0,240,251,24,254,74,254,14,1,12,252,21,6,5,251,184,251,157,188,0,147,0,232,0,220,0,89,0,36,0,17,0,13,0,12,
0,240,251,24,254,74,254,14,1,12,252,21,6,5,251,184,251,99,186,0,147,0,232,0,220,0,88,0,36,0,17,0,13,0,12,
0,195,251,85,254,70,254,14,1,12,252,21,6,211,252,29,251,99,186,0,147,0,232,0,220,0,89,0,37,0,18,0,13,0,11,
0,172,251,148,254,46,254,14,1,12,252,21,6,147,252,197,250,119,183,0,147,0,233,0,221,0,88,0,36,0,17,0,12,0,11,
0,172,251,148,254,247,253,14,1,12,252,21,6,177,250,35,252,102,185,0,147,0,232,0,221,0,89,0,37,0,18,0,13,0,12,
0,168,251,218,254,247,253,14,1,12,252,21,6,15,253,252,251,178,188,0,147,0,233,0,222,0,89,0,37,0,18,0,13,0,11,
0,184,251,43,255,252,253,14,1,12,252,21,6,15,253,252,251,178,188,0,147,0,233,0,224,0,89,0,37,0,16,0,13,0,11,
0,213,251,66,255,31,254,14,1,12,252,21,6,118,253,207,251,72,185,0,147,0,233,0,225,0,89,0,37,0,16,0,12,0,11,
0,213,251,66,255,13,254,14,1,12,252,21,6,192,252,242,251,179,183,0,147,0,233,0,226,0,89,0,37,0,17,0,13,0,11,
0,204,251,111,255,13,254,14,1,12,252,21,6,0,252,4,252,72,184,0,147,0,235,0,228,0,89,0,37,0,16,0,12,0,11,
0,199,251,191,255,8,254,20,1,23,252,230,6,0,252,127,252,166,187,0,146,0,234,0,229,0,91,0,38,0,17,0,13,0,11,
0,213,251,5,0,252,253,20,1,23,252,230,6,90,252,127,252,166,187,0,146,0,235,0,232,0,91,0,37,0,16,0,12,0,11,
0,213,251,5,0,252,253,20,1,23,252,230,6,165,253,249,251,75,187,0,146,0,235,0,232,0,92,0,38,0,17,0,13,0,11,
0,247,251,71,0,25,254,20,1,23,252,230,6,3,254,75,251,233,184,0,146,0,236,0,235,0,92,0,38,0,17,0,12,0,11,
0,11,252,165,0,4,254,20,1,23,252,230,6,213,253,155,251,121,184,0,146,0,236,0,236,0,93,0,38,0,17,0,13,0,11,
0,13,252,234,0,234,253,20,1,23,252,230,6,213,253,155,251,35,186,0,146,0,236,0,238,0,94,0,39,0,17,0,13,0,12,
0,13,252,234,0,234,253,20,1,23,252,230,6,86,253,39,252,35,186,0,146,0,237,0,239,0,94,0,39,0,17,0,13,0,11,
0,15,252,13,1,206,253,20,1,23,252,230,6,6,255,26,252,29,188,0,146,0,237,0,240,0,95,0,40,0,20,0,13,0,11,
0,39,252,59,1,188,253,20,1,23,252,230,6,232,255,114,251,161,184,0,146,0,238,0,242,0,96,0,43,0,19,0,13,0,11,
0,39,252,59,1,191,253,20,1,23,252,230,6,232,254,226,251,254,184,0,146,0,238,0,243,0,97,0,44,0,20,0,13,0,11,
0,41,252,63,1,191,253,56,1,247,251,245,5,30,254,226,251,254,184,0,146,0,237,0,244,0,97,0,43,0,20,0,13,0,11,
0,35,252,40,1,169,253,56,1,247,251,245,5,83,255,105,252,177,189,0,146,0,238,0,246,0,98,0,43,0,20,0,13,0,11,
0,18,252,58,1,152,253,56,1,247,251,245,5,173,0,231,250,201,186,0,146,0,237,0,247,0,98,0,42,0,19,0,13,0,11,
0,18,252,58,1,152,253,56,1,247,251,245,5,91,255,14,251,234,184,0,146,0,236,0,247,0,99,0,43,0,20,0,13,0,11,
0,13,252,63,1,127,253,56,1,247,251,245,5,91,255,14,251,88,189,0,146,0,237,0,249,0,99,0,42,0,19,0,13,0,11,
0,31,252,96,1,157,253,56,1,247,251,245,5,120,255,219,251,88,189,0,146,0,236,0,250,0,100,0,43,0,20,0,13,0,11,
0,15,252,131,1,162,253,56,1,247,251,245,5,207,0,82,251,227,187,0,146,0,236,0,251,0,100,0,43,0,20,0,13,0,11,
0,15,252,131,1,162,253,56,1,247,251,245,5,144,0,197,250,4,186,0,148,0,240,1,0,0,102,0,43,0,18,0,13,0,11,
0,13,252,111,1,159,253,56,1,247,251,245,5,242,252,129,233,93,185,0,138,1,0,1,20,0,104,0,42,0,19,0,12,0,11,
0,1,252,89,1,151,253,56,1,247,251,245,5,242,252,129,233,93,185,1,95,1,13,1,35,0,110,0,45,0,21,0,14,0,12,
0,122,252,63,1,251,252,253,0,40,252,196,5,66,30,72,47,94,208,0,200,1,54,1,82,0,117,0,47,0,21,0,14,0,11,
0,122,252,63,1,251,252,253,0,40,252,196,5,255,29,63,249,39,206,0,133,1,65,1,86,0,120,0,45,0,18,0,12,0,10,
0,74,253,57,1,218,251,253,0,40,252,196,5,106,10,37,205,15,208,0,133,1,77,1,82,0,125,0,48,0,20,0,13,0,11,
0,207,255,67,255,30,252,253,0,40,252,196,5,106,10,198,7,95,4,0,134,1,81,1,77,0,133,0,54,0,23,0,15,0,12,
0,207,255,67,255,19,253,253,0,40,252,196,5,235,17,198,7,95,4,0,136,1,80,1,71,0,132,0,53,0,21,0,13,0,10,
0,126,6,126,248,19,253,253,0,40,252,196,5,57,25,221,39,23,15,0,137,1,68,1,27,0,127,0,50,0,21,0,12,0,12,
0,171,15,43,242,176,254,253,0,40,252,196,5,94,7,77,42,217,4,0,138,1,27,0,190,0,115,0,51,0,23,0,14,0,12,
0,156,22,126,238,27,3,253,0,40,252,196,5,191,255,43,42,181,23,0,139,0,206,0,137,0,105,0,52,0,23,0,15,0,11,
0,156,22,126,238,27,3,253,0,40,252,196,5,191,255,43,42,66,12,0,139,0,172,0,134,0,92,0,47,0,22,0,15,0,12,
0,235,25,173,236,10,10,253,0,40,252,196,5,248,1,129,28,66,12,0,139,0,180,0,135,0,81,0,42,0,18,0,13,0,14,
0,49,27,33,237,63,16,187,1,80,252,201,5,152,8,179,18,201,242,0,139,0,185,0,136,0,76,0,41,0,21,0,15,0,13,
0,53,26,54,241,201,18,187,1,80,252,201,5,174,8,185,28,118,240,0,141,0,155,0,134,0,72,0,40,0,21,0,15,0,11,
0,53,26,54,241,201,18,187,1,80,252,201,5,174,8,179,33,227,240,0,143,0,135,0,133,0,65,0,35,0,17,0,13,0,12,
0,234,21,163,246,37,16,187,1,80,252,201,5,184,251,179,33,227,240,0,145,0,134,0,133,0,59,0,30,0,14,0,11,0,12,
0,149,15,119,250,153,9,187,1,80,252,201,5,118,2,221,23,222,227,0,151,0,133,0,132,0,59,0,31,0,17,0,13,0,11,
0,106,8,110,253,19,2,187,1,80,252,201,5,115,11,242,255,93,213,0,161,0,133,0,132,0,57,0,30,0,17,0,13,0,11,
0,106,8,110,253,19,2,187,1,80,252,201,5,57,28,38,245,70,206,0,175,0,133,0,133,0,53,0,25,0,13,0,12,0,13,
0,7,2,241,0,10,252,187,1,80,252,201,5,57,28,38,245,233,200,0,193,0,136,0,136,0,52,0,24,0,13,0,12,0,12,
0,37,253,26,4,65,248,187,1,80,252,201,5,220,34,186,230,233,200,0,206,0,164,1,89,0,76,0,29,0,18,0,14,0,12,
0,37,253,26,4,185,246,187,1,80,252,201,5,113,33,23,221,38,187,0,211,1,75,1,84,0,89,0,31,0,17,0,14,0,13,
0,170,249,215,4,185,246,187,1,80,252,201,5,122,27,216,217,171,186,0,210,1,79,1,82,0,98,0,32,0,15,0,12,0,12,
0,129,247,184,1,49,247,124,1,120,252,87,6,50,19,150,217,1,189,0,204,1,77,1,81,0,107,0,36,0,16,0,11,0,10,
0,30,247,240,250,252,248,124,1,120,252,87,6,50,19,150,217,1,189,0,190,1,75,1,79,0,116,0,41,0,16,0,12,0,9,
0,30,247,240,250,252,248,124,1,120,252,87,6,234,10,248,216,39,184,0,174,1,74,1,75,0,119,0,42,0,15,0,10,0,9,
0,31,249,199,241,68,251,124,1,120,252,87,6,218,1,79,221,235,175,0,161,1,72,1,68,0,121,0,42,0,14,0,10,0,9,
0,45,253,132,232,92,253,124,1,120,252,87,6,32,248,61,230,53,177,0,152,1,69,1,54,0,124,0,46,0,20,0,12,0,10,
0,78,2,138,225,132,254,124,1,120,252,87,6,32,248,61,236,44,176,0,148,1,65,1,31,0,124,0,49,0,22,0,14,0,11,
0,78,2,138,225,132,254,124,1,120,252,87,6,188,223,142,236,44,176,0,145,1,59,0,234,0,116,0,48,0,18,0,12,0,11,
0,66,7,157,221,140,0,124,1,120,252,87,6,71,223,54,238,112,170,0,144,1,54,0,169,0,104,0,46,0,18,0,12,0,11,
0,56,11,136,221,85,4,124,1,120,252,87,6,232,218,94,238,156,180,0,144,1,55,0,138,0,95,0,46,0,20,0,13,0,10,
0,143,13,8,225,201,8,124,1,120,252,87,6,196,215,5,237,64,196,0,144,1,63,0,133,0,86,0,45,0,21,0,14,0,11,
0,143,13,8,225,201,8,35,2,95,252,127,6,196,215,5,237,64,196,0,145,1,68,0,133,0,76,0,39,0,18,0,12,0,11,
0,103,14,112,230,11,12,35,2,95,252,127,6,134,216,229,240,243,203,0,146,1,67,0,133,0,70,0,36,0,17,0,12,0,11,
0,219,13,125,236,201,12,35,2,95,252,127,6,174,213,197,244,244,209,0,148,1,63,0,133,0,68,0,36,0,19,0,14,0,11,
0,219,13,125,236,232,10,35,2,95,252,127,6,81,210,106,249,28,213,0,149,1,62,0,133,0,63,0,33,0,16,0,12,0,10,
0,130,12,119,242,232,10,35,2,95,252,127,6,81,210,231,251,0,211,0,150,1,59,0,133,0,58,0,29,0,15,0,12,0,11,
0,148,10,234,247,3,8,35,2,95,252,127,6,29,216,231,251,0,211,0,152,1,56,0,133,0,56,0,28,0,15,0,12,0,11,
0,184,8,65,253,4,6,35,2,95,252,127,6,83,224,17,251,242,204,0,153,1,49,0,135,0,55,0,28,0,16,0,12,0,10,
0,184,8,65,253,4,6,35,2,95,252,127,6,238,229,25,251,253,200,0,153,1,39,0,137,0,54,0,26,0,14,0,12,0,11,
0,22,7,109,2,21,5,35,2,95,252,127,6,35,231,148,251,86,200,0,154,1,30,0,148,0,52,0,23,0,13,0,11,0,11,
0,196,5,164,6,210,4,35,2,95,252,127,6,35,231,148,251,229,200,0,155,1,23,0,182,0,57,0,25,0,16,0,12,0,11,
0,236,4,27,9,220,4,109,2,199,252,8,6,16,235,238,250,229,200,0,156,1,21,0,229,0,66,0,28,0,15,0,13,0,11,
0,236,4,27,9,220,4,109,2,199,252,8,6,14,238,217,249,38,201,0,159,1,18,1,15,0,74,0,27,0,12,0,11,0,11,
0,22,5,113,9,215,4,109,2,199,252,8,6,48,238,112,249,246,201,0,161,1,15,1,49,0,85,0,30,0,16,0,12,0,12,
0,165,5,40,8,251,4,109,2,199,252,8,6,48,240,135,251,119,205,0,166,1,13,1,68,0,97,0,34,0,15,0,12,0,11,
0,176,6,40,5,242,4,109,2,199,252,8,6,39,240,135,251,119,205,0,170,1,11,1,68,0,106,0,38,0,17,0,13,0,11,
0,176,6,204,5,242,4,109,2,199,252,8,6,107,241,20,252,67,201,0,177,1,12,1,67,0,111,0,39,0,16,0,12,0,11,
0,161,7,45,3,139,4,109,2,199,252,8,6,2,242,221,252,183,203,0,186,1,13,1,67,0,116,0,42,0,17,0,12,0,11,
0,107,8,189,0,38,4,109,2,199,252,8,6,240,242,140,254,129,205,0,195,1,14,1,68,0,122,0,46,0,19,0,13,0,11,
0,107,8,189,0,160,3,109,2,199,252,8,6,240,242,140,254,212,203,0,204,1,16,1,67,0,126,0,48,0,20,0,14,0,12,
0,255,8,47,255,160,3,109,2,199,252,8,6,138,243,75,0,212,203,0,216,1,17,1,66,0,127,0,48,0,19,0,13,0,12,
0,36,9,146,254,241,2,55,2,252,252,83,6,237,244,129,0,127,199,0,227,1,17,1,66,0,129,0,51,0,21,0,14,0,12,
0,228,8,39,255,99,2,55,2,252,252,83,6,14,247,81,0,142,201,0,238,1,19,1,67,0,132,0,53,0,23,0,14,0,11,
0,228,8,39,255,99,2,55,2,252,252,83,6,29,251,52,255,189,200,0,250,1,17,1,67,0,133,0,54,0,23,0,14,0,12,
0,64,8,138,0,43,2,55,2,252,252,83,6,29,251,52,255,189,200,1,8,1,13,1,68,0,133,0,53,0,21,0,13,0,11,
0,35,7,49,2,10,2,55,2,252,252,83,6,139,253,176,253,166,196,1,20,1,8,1,66,0,136,0,56,0,24,0,16,0,13,
0,214,5,157,3,2,2,55,2,252,252,83,6,85,0,26,253,5,195,1,32,1,6,1,66,0,136,0,51,0,23,0,15,0,12,
0,214,5,157,3,2,2,55,2,252,252,83,6,150,3,84,252,155,193,1,44,1,3,1,66,0,136,0,52,0,23,0,14,0,12,
0,143,4,231,4,0,2,55,2,252,252,83,6,150,3,10,251,119,191,1,55,1,0,1,66,0,136,0,53,0,22,0,14,0,12,
0,132,3,19,6,223,1,55,2,252,252,83,6,152,6,10,251,119,191,1,63,0,255,1,66,0,137,0,56,0,24,0,15,0,11,
0,187,2,19,6,40,2,55,2,252,252,83,6,131,6,229,249,153,185,1,69,0,255,1,65,0,138,0,57,0,25,0,16,0,12,
0,187,2,214,6,40,2,55,2,252,252,83,6,14,5,26,249,251,185,1,67,1,2,1,65,0,136,0,56,0,23,0,15,0,12,
0,56,2,21,7,123,2,28,2,205,252,153,7,217,5,175,246,188,187,1,62,1,5,1,63,0,137,0,57,0,26,0,15,0,12,
0,88,2,20,7,169,2,28,2,205,252,153,7,217,5,175,246,120,185,1,60,1,9,1,63,0,137,0,58,0,27,0,16,0,11,
0,88,2,20,7,206,2,28,2,205,252,153,7,23,7,101,245,120,185,1,57,1,13,1,60,0,137,0,59,0,27,0,16,0,12,
0,207,2,233,6,206,2,28,2,205,252,153,7,218,3,123,244,53,184,1,56,1,16,1,58,0,136,0,58,0,25,0,16,0,13,
0,50,3,122,6,243,2,28,2,205,252,153,7,5,3,27,243,60,188,1,56,1,20,1,54,0,136,0,59,0,27,0,16,0,12,
0,141,3,189,5,15,3,28,2,205,252,153,7,5,3,57,240,120,188,1,54,1,21,1,49,0,135,0,60,0,27,0,16,0,12,
0,141,3,189,5,15,3,28,2,205,252,153,7,22,4,57,240,120,188,1,54,1,24,1,44,0,132,0,58,0,23,0,15,0,12,
0,225,3,178,4,44,3,28,2,205,252,153,7,65,3,144,236,252,187,1,53,1,25,1,36,0,131,0,57,0,24,0,15,0,13,
0,7,4,176,3,30,3,28,2,205,252,153,7,247,0,117,234,139,189,1,52,1,25,1,26,0,129,0,58,0,27,0,16,0,12,
0,180,3,217,2,9,3,28,2,205,252,153,7,139,1,194,232,94,194,1,52,1,24,1,15,0,126,0,57,0,25,0,16,0,12,
0,180,3,217,2,9,3,14,2,38,253,118,6,139,1,194,232,219,192,1,53,1,22,1,2,0,121,0,55,0,23,0,15,0,12,
0,74,3,10,2,230,2,14,2,38,253,118,6,202,2,32,229,219,192,1,90,1,20,0,244,0,116,0,53,0,25,0,15,0,12,
0,181,2,53,1,184,2,14,2,38,253,118,6,237,0,143,227,118,192,1,76,1,16,0,230,0,113,0,54,0,24,0,16,0,12,
0,249,1,53,1,109,2,14,2,38,253,118,6,21,2,245,226,111,195,1,83,1,12,0,214,0,107,0,51,0,25,0,15,0,12,
0,249,1,56,0,109,2,14,2,38,253,118,6,220,2,188,225,70,193,1,80,1,8,0,198,0,99,0,47,0,21,0,14,0,11,
0,56,1,52,255,223,1,14,2,38,253,118,6,220,2,188,225,70,193,1,81,1,3,0,181,0,94,0,50,0,23,0,14,0,11,
0,119,0,110,254,130,1,14,2,38,253,118,6,104,1,142,225,206,189,1,89,0,254,0,165,0,87,0,47,0,21,0,13,0,10,
0,119,0,110,254,52,1,14,2,38,253,118,6,73,255,161,225,2,190,1,72,0,247,0,153,0,81,0,43,0,21,0,13,0,10,
0,233,255,4,254,52,1,14,2,38,253,118,6,40,254,181,225,121,189,1,69,0,240,0,144,0,75,0,40,0,20,0,13,0,11,
0,80,255,153,253,212,0,14,2,38,253,118,6,40,254,120,226,170,186,1,67,0,233,0,140,0,70,0,37,0,18,0,13,0,11,
0,216,254,140,253,111,0,200,1,41,253,159,5,106,253,120,226,170,186,1,65,0,226,0,137,0,66,0,35,0,17,0,13,0,11,
0,216,254,140,253,111,0,200,1,41,253,159,5,46,252,19,228,169,185,1,66,0,220,0,136,0,61,0,32,0,15,0,11,0,11,
0,116,254,245,253,15,0,200,1,41,253,159,5,10,251,151,229,192,183,1,65,0,212,0,136,0,59,0,30,0,16,0,12,0,11,
0,62,254,162,254,156,255,200,1,41,253,159,5,104,250,76,231,234,184,1,65,0,206,0,135,0,57,0,29,0,15,0,12,0,11,
0,41,254,23,255,36,255,200,1,41,253,159,5,104,250,76,231,234,184,1,65,0,199,0,135,0,55,0,28,0,15,0,12,0,11,
0,41,254,23,255,36,255,200,1,41,253,159,5,171,251,110,232,203,185,1,65,0,191,0,135,0,53,0,26,0,13,0,11,0,11,
0,22,254,107,255,187,254,200,1,41,253,159,5,37,253,218,233,227,183,1,65,0,184,0,135,0,51,0,24,0,12,0,11,0,10,
0,63,254,190,255,78,254,200,1,41,253,159,5,105,252,54,236,19,180,1,65,0,176,0,135,0,52,0,25,0,14,0,12,0,11,
0,63,254,190,255,230,253,200,1,41,253,159,5,105,252,104,239,107,182,1,64,0,169,0,135,0,51,0,24,0,13,0,11,0,11,
0,39,254,37,0,230,253,200,1,41,253,159,5,56,251,104,239,107,182,1,65,0,163,0,135,0,49,0,23,0,12,0,11,0,11,
0,7,254,129,0,221,253,249,1,45,253,234,5,239,251,70,242,7,185,1,65,0,157,0,135,0,49,0,23,0,12,0,11,0,11,
0,32,254,163,0,222,253,249,1,45,253,234,5,142,251,130,243,227,181,1,65,0,153,0,136,0,49,0,23,0,12,0,11,0,10,
0,32,254,163,0,205,253,249,1,45,253,234,5,243,249,100,244,36,178,1,63,0,148,0,135,0,49,0,22,0,12,0,11,0,11,
0,64,254,235,0,205,253,249,1,45,253,234,5,243,249,100,244,199,178,1,63,0,146,0,136,0,48,0,22,0,12,0,11,0,11,
0,51,254,121,1,141,253,249,1,45,253,234,5,64,247,181,245,199,178,1,63,0,144,0,136,0,48,0,22,0,12,0,11,0,11,
0,9,254,90,2,43,253,249,1,45,253,234,5,139,246,19,247,219,180,1,63,0,142,0,136,0,48,0,22,0,12,0,11,0,10,
0,9,254,90,2,43,253,249,1,45,253,234,5,245,247,20,247,144,178,1,64,0,141,0,136,0,47,0,21,0,11,0,10,0,10,
0,241,253,123,3,227,252,249,1,45,253,234,5,245,247,211,247,23,176,1,63,0,140,0,136,0,48,0,21,0,12,0,11,0,11,
0,249,253,137,4,153,252,249,1,45,253,234,5,75,247,211,247,23,176,1,63,0,140,0,136,0,48,0,22,0,12,0,11,0,10,
0,189,253,128,5,98,252,249,1,45,253,234,5,174,247,88,249,69,177,1,63,0,140,0,136,0,47,0,21,0,11,0,10,0,10,
0,189,253,128,5,98,252,249,1,45,253,234,5,5,250,200,250,205,179,1,63,0,139,0,136,0,48,0,21,0,11,0,10,0,11,
0,110,253,89,6,34,252,235,1,32,253,126,5,228,251,132,251,113,177,1,63,0,139,0,136,0,48,0,21,0,12,0,11,0,10,
0,63,253,5,7,3,252,235,1,32,253,126,5,228,251,132,251,41,174,1,63,0,139,0,137,0,48,0,21,0,11,0,11,0,10,
0,63,253,5,7,10,252,235,1,32,253,126,5,102,251,253,251,41,174,1,63,0,139,0,137,0,48,0,22,0,12,0,11,0,11,
0,98,253,112,7,10,252,235,1,32,253,126,5,135,250,165,252,100,176,1,64,0,139,0,137,0,48,0,21,0,12,0,11,0,11,
0,140,253,213,7,253,251,235,1,32,253,126,5,255,250,169,253,53,180,1,63,0,139,0,138,0,48,0,22,0,12,0,11,0,11,
0,170,253,100,8,244,251,235,1,32,253,126,5,113,251,92,253,69,176,1,63,0,139,0,138,0,49,0,22,0,12,0,11,0,11,
0,170,253,100,8,235,251,235,1,32,253,126,5,113,251,92,253,69,176,1,63,0,140,0,139,0,48,0,21,0,11,0,10,0,11,
0,184,253,7,9,235,251,235,1,32,253,126,5,169,249,133,253,125,174,1,63,0,139,0,139,0,49,0,22,0,12,0,11,0,11,
0,234,253,202,9,191,251,235,1,32,253,126,5,178,249,3,254,75,180,1,63,0,140,0,140,0,49,0,22,0,12,0,11,0,11,
0,230,253,147,10,161,251,235,1,32,253,126,5,39,252,40,253,122,179,1,62,0,140,0,141,0,50,0,23,0,12,0,11,0,11,
0,230,253,147,10,161,251,63,1,55,253,109,6,39,252,252,252,60,179,1,62,0,141,0,142,0,49,0,21,0,11,0,10,0,11,
0,214,253,53,11,113,251,63,1,55,253,109,6,33,253,252,252,60,179,1,63,0,141,0,144,0,50,0,22,0,13,0,11,0,10,
0,240,253,216,11,87,251,63,1,55,253,109,6,218,253,38,254,253,180,1,62,0,141,0,145,0,51,0,23,0,14,0,12,0,11,
0,208,253,53,12,60,251,63,1,55,253,109,6,82,1,167,253,125,181,1,62,0,141,0,147,0,52,0,23,0,14,0,11,0,11,
0,208,253,53,12,60,251,63,1,55,253,109,6,75,2,72,253,41,181,1,62,0,142,0,150,0,52,0,22,0,13,0,11,0,11,
0,194,253,55,12,59,251,63,1,55,253,109,6,75,2,72,253,248,182,1,62,0,142,0,153,0,52,0,22,0,13,0,11,0,11,
0,203,253,209,11,68,251,63,1,55,253,109,6,50,3,177,252,248,182,1,61,0,143,0,157,0,54,0,23,0,13,0,11,0,10,
0,203,253,209,11,89,251,63,1,55,253,109,6,162,4,231,251,238,183,1,60,0,143,0,161,0,55,0,23,0,11,0,11,0,11,
0,204,253,61,11,89,251,63,1,55,253,109,6,178,4,113,250,23,180,1,60,0,144,0,166,0,55,0,23,0,11,0,11,0,11,
0,140,253,164,10,126,251,63,1,55,253,109,6,178,4,49,250,19,185,1,60,0,144,0,171,0,58,0,24,0,12,0,11,0,11,
0,104,253,38,10,134,251,22,1,37,253,207,5,208,4,49,250,19,185,1,60,0,145,0,177,0,60,0,25,0,14,0,11,0,11,
0,104,253,38,10,134,251,22,1,37,253,207,5,140,5,72,249,201,184,1,59,0,145,0,183,0,62,0,26,0,15,0,12,0,11,
0,56,253,190,9,109,251,22,1,37,253,207,5,122,6,237,247,254,182,1,58,0,146,0,189,0,64,0,26,0,14,0,11,0,11,
0,254,252,119,9,92,251,22,1,37,253,207,5,227,6,209,247,216,182,1,58,0,148,0,195,0,66,0,27,0,13,0,12,0,11,
0,232,252,248,8,67,251,22,1,37,253,207,5,227,6,209,247,3,186,1,57,0,149,0,201,0,69,0,28,0,13,0,11,0,11,
0,232,252,248,8,67,251,22,1,37,253,207,5,18,8,149,248,3,186,1,56,0,150,0,207,0,72,0,29,0,14,0,12,0,12,
0,190,252,143,8,87,251,22,1,37,253,207,5,68,11,48,247,225,185,1,56,0,153,0,212,0,74,0,29,0,16,0,12,0,11,
0,144,252,246,7,99,251,22,1,37,253,207,5,47,11,196,246,209,182,1,55,0,154,0,215,0,77,0,31,0,17,0,13,0,11,
0,100,252,51,7,104,251,22,1,37,253,207,5,208,10,162,247,45,185,1,54,0,155,0,219,0,79,0,32,0,17,0,12,0,11,
0,100,252,51,7,104,251,22,1,37,253,207,5,208,10,162,247,45,185,1,53,0,157,0,223,0,80,0,31,0,15,0,12,0,11,
0,81,252,31,6,149,251,38,1,230,252,238,6,82,12,230,246,180,188,1,50,0,158,0,225,0,83,0,33,0,15,0,12,0,11,
0,78,252,240,4,218,251,38,1,230,252,238,6,102,11,207,245,86,186,1,49,0,161,0,227,0,84,0,33,0,15,0,12,0,11,
0,78,252,240,4,52,252,38,1,230,252,238,6,106,11,157,246,4,184,1,47,0,163,0,228,0,86,0,34,0,16,0,12,0,11,
0,42,252,9,4,52,252,38,1,230,252,238,6,106,11,157,245,127,185,1,46,0,165,0,229,0,87,0,35,0,16,0,12,0,11,
0,236,251,11,3,142,252,38,1,230,252,238,6,201,9,166,245,127,185,1,44,0,168,0,230,0,88,0,35,0,16,0,12,0,11,
0,186,251,52,2,212,252,38,1,230,252,238,6,213,7,255,242,233,188,1,40,0,168,0,230,0,89,0,36,0,17,0,12,0,11,
0,186,251,52,2,212,253,38,1,230,252,238,6,228,4,231,246,65,189,1,40,0,174,0,232,0,89,0,36,0,16,0,12,0,11,
0,141,251,51,1,151,253,38,1,230,252,238,6,110,6,48,249,92,184,1,39,0,177,0,233,0,91,0,37,0,17,0,12,0,11,
0,105,251,46,0,67,255,38,1,230,252,238,6,110,6,48,249,92,184,1,37,0,183,0,235,0,92,0,38,0,17,0,13,0,11,
0,77,251,175,255,53,0,38,1,230,252,238,6,119,5,94,249,7,187,1,35,0,186,0,238,0,93,0,38,0,17,0,12,0,11,
0,77,251,175,255,53,0,38,0,172,252,15,7,134,5,197,251,24,191,1,34,0,188,0,239,0,93,0,38,0,16,0,12,0,11,
0,75,251,56,255,50,0,240,0,172,252,15,7,165,7,238,252,67,190,1,33,0,189,0,237,0,94,0,33,0,17,0,13,0,12,
0,102,251,213,254,222,255,240,0,172,252,15,7,165,7,219,252,66,185,1,32,0,189,0,234,0,94,0,35,0,17,0,13,0,12,
0,205,251,130,254,196,255,240,0,172,252,15,7,198,7,219,252,66,185,1,32,0,189,0,232,0,94,0,36,0,17,0,13,0,12,
0,205,251,130,254,196,255,240,0,172,252,15,7,149,5,47,254,80,186,1,35,0,189,0,231,0,93,0,36,0,16,0,12,0,11,
0,34,252,244,253,190,255,240,0,172,252,15,7,62,4,18,0,50,189,1,37,0,187,0,227,0,93,0,38,0,17,0,13,0,11,
0,101,252,121,253,208,255,240,0,172,252,15,7,178,0,224,2,110,188,1,42,0,187,0,223,0,92,0,38,0,19,0,13,0,11,
0,101,252,121,253,35,0,240,0,172,252,15,7,178,0,224,2,88,185,1,45,0,184,0,219,0,91,0,38,0,19,0,13,0,12,
0,149,252,52,253,35,0,240,0,172,252,15,7,249,252,77,3,88,185,1,47,0,183,0,212,0,89,0,38,0,18,0,13,0,11,
0,236,252,40,253,128,0,240,0,172,252,15,7,179,251,120,3,238,183,1,48,0,180,0,203,0,88,0,38,0,16,0,12,0,10,
0,79,253,109,253,199,0,240,0,172,252,15,7,231,250,31,5,125,185,1,52,0,175,0,197,0,85,0,36,0,16,0,12,0,10,
0,79,253,109,253,199,0,16,1,194,252,102,6,231,249,137,5,229,185,1,54,0,171,0,190,0,83,0,36,0,17,0,12,0,11,
0,237,253,234,253,218,0,16,1,194,252,102,6,171,249,137,5,229,185,1,55,0,167,0,183,0,80,0,35,0,18,0,13,0,11,
0,249,254,97,254,6,1,16,1,194,252,102,6,216,249,184,2,51,185,1,56,0,163,0,179,0,78,0,35,0,17,0,12,0,11,
0,8,0,150,254,79,1,16,1,194,252,102,6,112,248,80,0,213,182,1,57,0,159,0,177,0,75,0,33,0,16,0,12,0,10,
0,8,0,150,254,79,1,16,1,194,252,102,6,46,247,93,255,177,184,1,57,0,158,0,177,0,73,0,33,0,16,0,12,0,11,
0,215,0,181,254,162,1,16,1,194,252,102,6,46,247,93,255,199,185,1,57,0,157,0,177,0,72,0,32,0,16,0,11,0,10,
0,90,1,244,254,222,1,16,1,194,252,102,6,133,246,135,253,199,185,1,55,0,155,0,179,0,72,0,31,0,16,0,12,0,11,
0,153,1,74,255,229,1,16,1,194,252,102,6,169,245,167,251,189,184,1,52,0,154,0,183,0,71,0,31,0,16,0,12,0,11,
0,153,1,74,255,229,1,16,1,194,252,102,6,196,243,31,250,79,184,1,50,0,154,0,189,0,71,0,30,0,15,0,11,0,10,
0,159,1,134,255,220,1,16,1,194,252,102,6,136,243,62,250,70,187,1,46,0,153,0,195,0,72,0,31,0,14,0,12,0,11,
0,89,1,200,255,159,1,211,0,48,253,232,5,136,243,62,250,70,187,1,42,0,153,0,203,0,73,0,30,0,14,0,11,0,10,
0,89,1,200,255,77,1,211,0,48,253,232,5,229,244,98,249,187,186,1,36,0,153,0,209,0,75,0,31,0,16,0,12,0,11,
0,250,0,28,0,77,1,211,0,48,253,232,5,238,245,178,248,37,186,1,31,0,154,0,216,0,78,0,36,0,17,0,12,0,11,
0,115,0,117,0,73,1,211,0,48,253,232,5,232,245,36,248,60,185,1,25,0,155,0,224,0,80,0,35,0,16,0,12,0,10,
0,255,255,207,0,1,1,211,0,48,253,232,5,232,245,34,248,70,187,1,19,0,155,0,232,0,83,0,35,0,15,0,11,0,10,
0,255,255,207,0,1,1,211,0,48,253,232,5,130,245,34,248,70,187,1,12,0,156,0,240,0,86,0,36,0,18,0,13,0,11,
0,170,255,13,1,178,0,211,0,48,253,232,5,100,247,166,247,241,188,1,4,0,156,0,248,0,89,0,37,0,18,0,13,0,11,
0,79,255,51,1,113,0,211,0,48,253,232,5,235,247,134,246,43,184,0,252,0,158,1,1,0,92,0,37,0,16,0,13,0,11,
0,254,254,126,1,30,0,211,0,48,253,232,5,196,246,45,247,134,186,0,243,0,159,1,9,0,96,0,38,0,17,0,13,0,11,
0,254,254,126,1,30,0,211,0,48,253,232,5,196,246,45,247,95,190,0,234,0,161,1,17,0,99,0,39,0,19,0,13,0,12,
0,137,254,206,1,233,255,45,1,163,252,67,6,232,248,98,246,95,190,0,225,0,163,1,24,0,103,0,40,0,19,0,13,0,11,
0,73,254,247,1,206,255,45,1,163,252,67,6,161,250,6,246,242,188,0,215,0,165,1,30,0,107,0,42,0,20,0,13,0,12,
0,28,254,14,2,159,255,45,1,163,252,67,6,233,250,206,245,116,185,0,207,0,168,1,36,0,110,0,43,0,18,0,13,0,12,
0,28,254,14,2,159,255,45,1,163,252,67,6,233,250,112,246,18,187,0,199,0,170,1,42,0,112,0,44,0,18,0,13,0,11,
0,38,254,17,2,169,255,45,1,163,252,67,6,104,250,112,246,18,187,0,190,0,172,1,45,0,116,0,46,0,20,0,14,0,12,
0,36,254,1,2,169,255,45,1,163,252,67,6,14,252,245,246,19,190,0,183,0,175,1,49,0,118,0,47,0,21,0,13,0,11,
0,36,254,1,2,171,255,45,1,163,252,67,6,166,253,243,246,37,188,0,175,0,176,1,51,0,121,0,49,0,22,0,14,0,12,
0,131,254,12,2,171,255,45,1,163,252,67,6,17,253,218,246,170,185,0,169,0,178,1,52,0,123,0,50,0,22,0,14,0,12,
0,169,254,10,2,171,255,45,1,163,252,67,6,17,253,218,246,207,186,0,164,0,180,1,53,0,124,0,51,0,22,0,14,0,11,
0,182,254,15,2,175,255,45,1,163,252,67,6,35,252,220,246,207,186,0,159,0,182,1,54,0,125,0,51,0,22,0,14,0,11,
0,182,254,15,2,175,255,9,1,210,252,81,6,162,252,40,247,124,189,0,154,0,183,1,54,0,127,0,52,0,23,0,14,0,12,
0,222,254,29,2,166,255,9,1,210,252,81,6,90,253,230,246,28,189,0,151,0,185,1,54,0,128,0,56,0,23,0,15,0,12,
0,215,254,71,2,137,255,9,1,210,252,81,6,127,253,34,247,134,188,0,148,0,187,1,53,0,129,0,56,0,24,0,15,0,12,
0,229,254,118,2,143,255,9,1,210,252,81,6,127,253,34,247,134,188,0,146,0,189,1,53,0,129,0,56,0,24,0,15,0,11,
0,229,254,118,2,143,255,9,1,210,252,81,6,227,253,7,247,45,188,0,145,0,191,1,53,0,129,0,55,0,24,0,14,0,12,
0,31,255,143,2,130,255,9,1,210,252,81,6,23,255,149,247,33,190,0,144,0,193,1,52,0,129,0,55,0,24,0,15,0,12,
0,60,255,188,2,138,255,9,1,210,252,81,6,185,255,189,247,104,190,0,143,0,195,1,51,0,130,0,56,0,25,0,15,0,12,
0,55,255,188,2,119,255,9,1,210,252,81,6,185,255,189,247,178,191,0,143,0,196,1,50,0,130,0,56,0,25,0,15,0,12,
0,55,255,209,2,119,255,9,1,210,252,81,6,93,1,255,247,178,191,0,142,0,197,1,49,0,130,0,56,0,24,0,15,0,11,
0,84,255,205,2,121,255,9,1,210,252,81,6,216,1,24,248,72,190,0,142,0,199,1,48,0,130,0,56,0,25,0,15,0,12,
0,126,255,175,2,159,255,9,1,210,252,81,6,176,1,39,248,248,190,0,142,0,200,1,47,0,129,0,55,0,23,0,14,0,11,
0,126,255,175,2,186,255,247,0,233,252,194,6,31,2,23,248,208,191,0,142,0,200,1,46,0,129,0,56,0,23,0,15,0,12,
0,137,255,107,2,186,255,247,0,233,252,194,6,31,2,23,248,208,191,0,142,0,201,1,44,0,129,0,56,0,24,0,15,0,12,
0,167,255,32,2,220,255,247,0,233,252,194,6,127,1,15,248,34,191,0,141,0,201,1,43,0,128,0,58,0,24,0,15,0,11,
0,184,255,228,1,228,255,247,0,233,252,194,6,61,2,209,247,206,191,0,142,0,202,1,42,0,127,0,57,0,23,0,14,0,11,
0,184,255,228,1,228,255,247,0,233,252,194,6,199,2,26,247,152,191,0,142,0,203,1,41,0,127,0,56,0,23,0,14,0,11,
0,199,255,177,1,212,255,247,0,233,252,194,6,199,2,191,246,13,191,0,141,0,202,1,39,0,127,0,57,0,25,0,15,0,12,
0,190,255,182,1,221,255,247,0,233,252,194,6,80,3,191,246,13,191,0,142,0,203,1,37,0,126,0,55,0,24,0,15,0,12,
0,153,255,174,1,228,255,247,0,233,252,194,6,255,3,222,246,96,190,0,141,0,203,1,35,0,126,0,55,0,24,0,15,0,11,
0,153,255,174,1,228,255,247,0,233,252,194,6,235,3,40,247,55,191,0,142,0,203,1,33,0,124,0,54,0,23,0,14,0,11,
0,120,255,141,1,244,255,247,0,233,252,194,6,120,5,1,247,200,193,0,142,0,203,1,31,0,124,0,54,0,25,0,15,0,11,
0,75,255,81,1,30,0,252,0,197,252,65,6,120,5,1,247,201,192,0,141,0,203,1,29,0,123,0,55,0,26,0,16,0,12,
0,50,255,81,1,43,0,252,0,197,252,65,6,184,6,153,246,201,192,0,141,0,203,1,26,0,122,0,54,0,25,0,16,0,12,
0,50,255,20,1,43,0,252,0,197,252,65,6,181,6,206,245,78,189,0,141,0,202,1,24,0,121,0,54,0,24,0,15,0,12,
0,54,255,197,0,67,0,252,0,197,252,65,6,38,5,32,246,0,190,0,141,0,202,1,23,0,120,0,53,0,23,0,15,0,12,
0,237,254,116,0,69,0,252,0,197,252,65,6,38,5,19,246,90,192,0,141,0,202,1,20,0,119,0,52,0,23,0,15,0,12,
0,237,254,116,0,59,0,252,0,197,252,65,6,42,6,19,246,90,192,0,140,0,201,1,18,0,119,0,52,0,24,0,15,0,12,
0,144,254,48,0,59,0,252,0,197,252,65,6,240,6,189,245,240,191,0,140,0,202,1,17,0,118,0,52,0,23,0,15,0,12,
0,130,254,2,0,102,0,252,0,197,252,65,6,186,6,30,245,32,189,0,140,0,202,1,16,0,117,0,51,0,23,0,15,0,11,
0,125,254,236,255,92,0,252,0,197,252,65,6,123,5,118,245,179,188,0,140,0,203,1,16,0,116,0,51,0,23,0,14,0,12,
0,125,254,236,255,92,0,252,0,197,252,65,6,123,5,118,245,249,192,0,140,0,204,1,15,0,115,0,50,0,21,0,14,0,11,
0,52,254,216,255,83,0,221,0,231,252,66,6,245,5,60,246,249,192,0,139,0,205,1,14,0,115,0,51,0,22,0,14,0,12,
0,21,254,218,255,97,0,221,0,231,252,66,6,116,6,64,246,55,191,0,139,0,206,1,13,0,114,0,50,0,22,0,14,0,12,
0,66,254,200,255,131,0,221,0,231,252,66,6,217,6,67,246,129,189,0,139,0,207,1,13,0,113,0,49,0,21,0,14,0,11,
0,66,254,200,255,131,0,221,0,231,252,66,6,184,5,86,246,126,188,0,139,0,208,1,13,0,113,0,49,0,21,0,13,0,12,
0,47,254,162,255,129,0,221,0,231,252,66,6,184,5,86,246,126,188,0,139,0,209,1,12,0,112,0,49,0,21,0,13,0,11,
0,2,254,123,255,105,0,221,0,231,252,66,6,160,4,112,247,190,191,0,139,0,210,1,11,0,113,0,49,0,22,0,14,0,12,
0,252,253,123,255,156,0,221,0,231,252,66,6,148,5,2,247,114,191,0,139,0,211,1,11,0,112,0,49,0,22,0,14,0,11,
0,252,253,94,255,156,0,221,0,231,252,66,6,252,5,125,246,45,189,0,139,0,212,1,10,0,111,0,48,0,21,0,14,0,11,
0,36,254,56,255,191,0,221,0,231,252,66,6,252,5,222,246,152,188,0,140,0,213,1,10,0,111,0,48,0,21,0,14,0,12,
0,13,254,40,255,222,0,221,0,231,252,66,6,82,4,222,246,152,188,0,140,0,214,1,9,0,111,0,47,0,20,0,13,0,11,
0,13,254,40,255,249,0,197,0,184,252,182,6,96,3,12,248,48,193,0,139,0,215,1,8,0,111,0,48,0,21,0,14,0,12,
0,225,253,17,255,249,0,197,0,184,252,182,6,155,4,113,247,52,192,0,140,0,215,1,8,0,111,0,47,0,21,0,14,0,12,
0,212,253,3,255,7,1,197,0,184,252,182,6,114,4,91,247,9,190,0,140,0,216,1,8,0,110,0,47,0,21,0,14,0,11,
0,198,253,253,254,237,0,197,0,184,252,182,6,114,4,91,247,9,188,0,140,0,217,1,8,0,110,0,47,0,20,0,13,0,11,
0,198,253,253,254,237,0,197,0,184,252,182,6,202,3,176,247,98,188,0,140,0,217,1,7,0,110,0,47,0,21,0,14,0,12,
0,221,253,229,254,229,0,197,0,184,252,182,6,214,2,82,248,71,190,0,140,0,218,1,7,0,110,0,47,0,21,0,14,0,12,
0,204,253,235,254,219,0,197,0,184,252,182,6,48,3,122,248,103,192,0,141,0,218,1,6,0,110,0,47,0,21,0,14,0,12,
0,250,253,206,254,8,1,197,0,184,252,182,6,48,3,28,248,230,189,0,141,0,218,1,6,0,109,0,47,0,21,0,14,0,11,
0,250,253,206,254,8,1,197,0,184,252,182,6,117,3,28,248,230,189,0,142,0,219,1,7,0,109,0,41,0,19,0,14,0,12,
0,4,254,191,254,26,1,197,0,184,252,182,6,241,1,49,248,245,187,0,142,0,218,1,6,0,109,0,42,0,19,0,13,0,11,
0,200,253,191,254,32,1,197,0,184,252,182,6,62,1,252,248,246,190,0,142,0,218,1,6,0,109,0,44,0,20,0,14,0,12,
0,200,253,191,254,16,1,26,1,172,252,59,7,74,1,142,248,53,192,0,142,0,218,1,6,0,109,0,44,0,20,0,14,0,12,
0,162,253,186,254,16,1,26,1,172,252,59,7,74,1,142,248,111,189,0,142,0,218,1,6,0,108,0,44,0,19,0,13,0,11,
0,233,253,198,254,247,0,26,1,172,252,59,7,26,2,249,247,111,189,0,143,0,219,1,6,0,108,0,45,0,19,0,13,0,11,
0,243,253,196,254,239,0,26,1,172,252,59,7,67,1,30,248,99,187,0,143,0,219,1,5,0,109,0,45,0,20,0,13,0,11,
0,243,253,196,254,243,0,26,1,172,252,59,7,101,0,137,249,13,192,0,144,0,218,1,4,0,108,0,46,0,20,0,13,0,11,
0,142,253,176,254,243,0,26,1,172,252,59,7,101,1,34,249,240,190,0,144,0,219,1,4,0,108,0,46,0,20,0,13,0,11,
0,98,253,179,254,5,1,26,1,172,252,59,7,250,1,34,249,240,190,0,144,0,218,1,4,0,108,0,46,0,20,0,13,0,11,
0,106,253,199,254,18,1,26,1,172,252,59,7,139,1,237,248,22,188,0,145,0,219,1,3,0,107,0,45,0,20,0,13,0,11,
0,106,253,199,254,18,1,26,1,172,252,59,7,46,0,83,249,213,187,0,145,0,219,1,2,0,107,0,45,0,19,0,13,0,11,
0,118,253,201,254,12,1,26,1,172,252,59,7,61,0,220,249,68,191,0,145,0,217,1,0,0,107,0,46,0,20,0,14,0,11,
0,74,253,186,254,227,0,239,0,206,252,25,6,61,0,220,249,213,190,0,145,0,217,0,255,0,107,0,46,0,22,0,14,0,11,
0,66,253,188,254,228,0,239,0,206,252,25,6,209,255,172,249,213,190,0,145,0,217,0,253,0,106,0,45,0,21,0,14,0,11,
0,66,253,188,254,228,0,239,0,206,252,25,6,93,0,139,249,227,189,0,146,0,217,0,252,0,105,0,45,0,21,0,14,0,12,
0,66,253,201,254,233,0,239,0,206,252,25,6,255,255,115,249,123,188,0,146,0,217,0,250,0,105,0,45,0,20,0,14,0,11,
0,69,253,218,254,198,0,239,0,206,252,25,6,83,255,184,249,193,188,0,146,0,216,0,248,0,104,0,45,0,21,0,14,0,12,
0,69,253,218,254,188,0,239,0,206,252,25,6,83,255,184,249,193,188,0,147,0,217,0,247,0,104,0,44,0,20,0,13,0,11,
0,72,253,250,254,188,0,239,0,206,252,25,6,37,0,197,249,247,188,0,147,0,216,0,245,0,103,0,45,0,21,0,14,0,11,
0,4,253,15,255,190,0,239,0,206,252,25,6,187,255,255,249,201,188,0,148,0,217,0,244,0,102,0,44,0,20,0,13,0,11,
0,234,252,19,255,189,0,239,0,206,252,25,6,139,255,137,250,206,189,0,148,0,217,0,242,0,102,0,44,0,21,0,14,0,12,
0,234,252,19,255,193,0,239,0,206,252,25,6,139,255,105,250,173,190,0,148,0,217,0,241,0,101,0,48,0,21,0,13,0,11,
0,232,252,13,255,193,0,64,1,152,252,183,5,176,0,105,250,173,190,0,149,0,218,0,240,0,100,0,46,0,20,0,13,0,11,
0,247,252,248,254,208,0,64,1,152,252,183,5,153,0,133,250,60,190,0,149,0,217,0,239,0,99,0,46,0,19,0,13,0,11,
0,25,253,223,254,241,0,64,1,152,252,183,5,223,255,251,249,102,187,0,150,0,219,0,238,0,98,0,44,0,19,0,13,0,11,
0,25,253,223,254,241,0,64,1,152,252,183,5,253,254,141,250,105,188,0,151,0,219,0,237,0,99,0,44,0,19,0,13,0,11,
0,23,253,218,254,228,0,64,1,152,252,183,5,253,254,141,250,209,189,0,151,0,219,0,236,0,98,0,44,0,19,0,13,0,11,
0,34,253,240,254,191,0,64,1,152,252,183,5,129,254,209,250,209,189,0,152,0,220,0,236,0,97,0,43,0,18,0,12,0,11,
0,27,253,41,255,219,0,64,1,152,252,183,5,227,254,104,250,180,190,0,152,0,221,0,235,0,97,0,42,0,19,0,13,0,11,
0,27,253,41,255,219,0,64,1,152,252,183,5,145,255,136,250,37,190,0,153,0,223,0,235,0,96,0,41,0,18,0,13,0,11,
0,41,253,40,255,249,0,64,1,152,252,183,5,145,255,85,250,50,189,0,154,0,223,0,235,0,97,0,42,0,19,0,13,0,11,
0,58,253,73,255,238,0,64,1,152,252,183,5,71,255,85,250,50,189,0,155,0,224,0,235,0,96,0,41,0,19,0,13,0,11,
0,58,253,73,255,229,0,231,0,174,252,58,6,0,0,109,250,47,189,0,156,0,225,0,235,0,95,0,41,0,18,0,13,0,11,
0,70,253,63,255,229,0,231,0,174,252,58,6,10,0,228,250,78,191,0,157,0,225,0,235,0,95,0,41,0,18,0,13,0,11,
0,59,253,45,255,228,0,231,0,174,252,58,6,161,255,157,250,85,189,0,158,0,226,0,235,0,95,0,40,0,18,0,13,0,11,
0,62,253,28,255,35,1,231,0,174,252,58,6,161,255,157,250,24,189,0,159,0,226,0,235,0,96,0,41,0,19,0,13,0,12,
0,62,253,28,255,35,1,231,0,174,252,58,6,75,255,173,250,24,189,0,160,0,227,0,235,0,96,0,41,0,19,0,13,0,11,
0,61,253,9,255,49,1,231,0,174,252,58,6,252,254,250,250,218,190,0,161,0,227,0,236,0,95,0,40,0,18,0,13,0,11,
0,94,253,36,255,30,1,231,0,174,252,58,6,35,255,171,250,194,191,0,162,0,228,0,236,0,95,0,40,0,18,0,13,0,11,
0,70,253,25,255,53,1,231,0,174,252,58,6,126,255,53,250,251,189,0,163,0,228,0,238,0,96,0,40,0,18,0,13,0,12,
0,70,253,25,255,53,1,231,0,174,252,58,6,126,255,53,250,251,189,0,165,0,229,0,238,0,96,0,40,0,17,0,13,0,11,
0,83,253,52,255,43,1,231,0,174,252,58,6,11,255,39,250,34,188,0,166,0,229,0,239,0,96,0,41,0,18,0,13,0,11,
0,93,253,103,255,30,1,231,0,174,252,58,6,7,254,88,250,120,190,0,167,0,230,0,239,0,96,0,41,0,18,0,13,0,11,
0,94,253,134,255,36,1,210,0,183,252,228,6,114,254,120,250,198,191,0,168,0,230,0,241,0,96,0,40,0,20,0,13,0,11,
0,94,253,134,255,36,1,210,0,183,252,228,6,114,254,120,250,130,191,0,169,0,230,0,242,0,97,0,41,0,20,0,13,0,11,
0,80,253,176,255,65,1,210,0,183,252,228,6,249,254,107,250,130,191,0,171,0,232,0,243,0,97,0,40,0,19,0,13,0,11,
0,80,253,173,255,73,1,210,0,183,252,228,6,139,255,155,250,32,191,0,171,0,232,0,244,0,98,0,41,0,20,0,13,0,11,
0,80,253,173,255,64,1,210,0,183,252,228,6,60,255,76,250,66,189,0,172,0,232,0,245,0,98,0,41,0,19,0,13,0,11,
0,103,253,181,255,64,1,210,0,183,252,228,6,130,254,46,250,225,189,0,174,0,233,0,247,0,98,0,41,0,19,0,13,0,11,
0,122,253,215,255,78,1,210,0,183,252,228,6,130,254,46,250,225,189,0,175,0,233,0,248,0,100,0,41,0,20,0,13,0,11,
0,116,253,196,255,86,1,210,0,183,252,228,6,109,254,16,250,85,191,0,176,0,233,0,250,0,100,0,41,0,19,0,13,0,11,
0,116,253,196,255,86,1,210,0,183,252,228,6,68,254,34,250,30,191,0,177,0,233,0,251,0,101,0,42,0,20,0,13,0,12,
0,120,253,190,255,101,1,210,0,183,252,228,6,107,254,214,249,60,190,0,179,0,234,0,252,0,101,0,42,0,20,0,13,0,11,
0,139,253,230,255,104,1,230,0,120,252,178,5,107,254,214,249,61,192,0,180,0,234,0,252,0,102,0,43,0,20,0,14,0,11,
0,160,253,5,0,78,1,230,0,120,252,178,5,71,254,214,249,61,192,0,180,0,235,0,254,0,102,0,43,0,20,0,14,0,12,
0,160,253,5,0,78,1,230,0,120,252,178,5,22,255,89,249,63,191,0,182,0,235,0,255,0,103,0,42,0,19,0,13,0,11,
0,169,253,47,0,65,1,230,0,120,252,178,5,175,254,121,249,34,189,0,183,0,235,0,255,0,104,0,43,0,20,0,14,0,12,
0,168,253,71,0,98,1,230,0,120,252,178,5,241,253,236,249,161,190,0,183,0,235,1,0,0,104,0,44,0,19,0,13,0,11,
0,157,253,99,0,128,1,230,0,120,252,178,5,241,253,236,249,113,192,0,185,0,235,1,1,0,104,0,44,0,18,0,13,0,11,
0,157,253,99,0,128,1,230,0,120,252,178,5,112,254,226,249,113,192,0,187,0,236,1,1,0,104,0,44,0,19,0,13,0,12,
0,175,253,107,0,156,1,230,0,120,252,178,5,177,255,164,249,103,192,0,188,0,235,1,2,0,105,0,44,0,19,0,13,0,11,
0,194,253,105,0,153,1,230,0,120,252,178,5,6,255,10,249,69,190,0,188,0,235,1,1,0,106,0,45,0,20,0,14,0,12,
0,194,253,105,0,174,1,230,0,120,252,178,5,6,255,83,249,46,190,0,189,0,235,1,2,0,106,0,45,0,20,0,13,0,11,
0,181,253,123,0,174,1,195,0,189,252,236,5,159,254,83,249,46,190,0,190,0,235,1,2,0,106,0,44,0,20,0,13,0,11,
0,202,253,122,0,177,1,195,0,189,252,236,5,27,254,67,249,192,191,0,192,0,235,1,3,0,106,0,44,0,19,0,13,0,11,
0,196,253,102,0,169,1,195,0,189,252,236,5,145,254,124,249,17,192,0,193,0,235,1,3,0,106,0,44,0,19,0,13,0,11,
0,196,253,102,0,169,1,195,0,189,252,236,5,2,255,135,249,238,191,0,194,0,234,1,3,0,107,0,45,0,20,0,13,0,11,
0,175,253,107,0,161,1,195,0,189,252,236,5,2,255,135,249,139,190,0,195,0,235,1,3,0,106,0,45,0,19,0,13,0,11,
0,194,253,125,0,122,1,195,0,189,252,236,5,38,255,8,249,139,190,0,196,0,234,1,3,0,107,0,45,0,20,0,13,0,11,
0,193,253,142,0,138,1,195,0,189,252,236,5,217,254,237,248,51,190,0,198,0,234,1,3,0,106,0,45,0,19,0,13,0,11,
0,193,253,142,0,138,1,195,0,189,252,236,5,207,254,178,249,231,191,0,200,0,234,1,2,0,107,0,45,0,20,0,14,0,12,
0,203,253,173,0,159,1,195,0,189,252,236,5,46,255,165,249,144,191,0,200,0,234,1,2,0,107,0,45,0,20,0,14,0,11,
0,188,253,182,0,171,1,195,0,189,252,236,5,46,255,165,249,144,191,0,202,0,234,1,3,0,107,0,45,0,19,0,13,0,11,
0,0,254,160,0,166,1,253,0,106,252,193,6,57,255,173,249,74,192,0,203,0,233,1,2,0,107,0,46,0,20,0,13,0,11,
0,0,254,160,0,166,1,253,0,106,252,193,6,79,255,218,249,99,192,0,205,0,234,1,1,0,106,0,45,0,20,0,13,0,12,
0,21,254,163,0,119,1,253,0,106,252,193,6,245,255,54,249,187,191,0,206,0,233,1,1,0,107,0,45,0,20,0,13,0,11,
0,7,254,151,0,89,1,253,0,106,252,193,6,245,255,54,249,107,191,0,207,0,233,1,0,0,107,0,46,0,21,0,14,0,12,
0,7,254,151,0,122,1,253,0,106,252,193,6,127,255,48,249,107,191,0,209,0,233,0,255,0,106,0,45,0,21,0,14,0,11,
0,31,254,135,0,122,1,253,0,106,252,193,6,159,254,119,249,169,191,0,209,0,232,0,254,0,106,0,46,0,22,0,14,0,11,
0,74,254,153,0,123,1,253,0,106,252,193,6,198,255,188,249,129,193,0,211,0,232,0,254,0,105,0,45,0,21,0,13,0,11,
0,58,254,156,0,111,1,253,0,106,252,193,6,6,0,113,249,68,190,0,212,0,231,0,252,0,106,0,45,0,22,0,14,0,12,
0,58,254,156,0,111,1,253,0,106,252,193,6,6,0,113,249,68,190,0,213,0,230,0,251,0,105,0,45,0,21,0,14,0,12,
0,58,254,177,0,114,1,253,0,106,252,193,6,161,255,201,249,222,191,0,214,0,230,0,251,0,104,0,44,0,20,0,13,0,11,
0,73,254,188,0,118,1,253,1,96,252,155,5,36,0,235,249,71,193,0,215,0,229,0,250,0,104,0,45,0,21,0,13,0,11,
0,108,254,193,0,97,1,0,1,96,252,155,5,86,0,163,249,252,191,0,216,0,229,0,249,0,104,0,44,0,20,0,13,0,11,
0,108,254,193,0,97,1,0,1,96,252,155,5,86,0,105,250,253,190,0,217,0,228,0,248,0,104,0,45,0,21,0,14,0,11,
0,133,254,188,0,151,1,0,1,96,252,155,5,97,255,105,250,253,190,0,217,0,227,0,248,0,103,0,44,0,21,0,14,0,11,
0,137,254,194,0,159,1,0,1,96,252,155,5,81,0,107,250,85,193,0,218,0,226,0,247,0,103,0,44,0,20,0,13,0,11,
0,137,254,203,0,127,1,0,1,96,252,155,5,154,0,104,249,102,190,0,219,0,226,0,247,0,102,0,38,0,19,0,13,0,11,
0,137,254,203,0,127,1,0,1,96,252,155,5,73,255,233,249,111,190,0,220,0,225,0,247,0,101,0,39,0,20,0,14,0,12,
0,101,254,218,0,136,1,0,1,96,252,155,5,73,255,233,249,251,192,0,220,0,225,0,247,0,101,0,40,0,18,0,13,0,11,
0,94,254,224,0,134,1,0,1,96,252,155,5,190,255,90,250,251,192,0,221,0,224,0,246,0,102,0,41,0,19,0,14,0,12,
0,94,254,224,0,138,1,0,1,96,252,155,5,136,0,243,249,165,192,0,221,0,223,0,246,0,101,0,42,0,20,0,14,0,11,
0,113,254,235,0,138,1,0,1,96,252,155,5,174,0,11,250,235,190,0,222,0,223,0,247,0,101,0,42,0,19,0,14,0,12,
0,141,254,214,0,126,1,228,0,90,252,183,6,174,0,59,250,199,191,0,222,0,223,0,246,0,102,0,43,0,20,0,14,0,12,
0,147,254,225,0,115,1,228,0,90,252,183,6,218,0,59,250,199,191,0,223,0,223,0,247,0,100,0,42,0,19,0,13,0,11,
0,147,254,225,0,115,1,228,0,90,252,183,6,34,1,76,250,147,191,0,222,0,222,0,247,0,101,0,43,0,20,0,14,0,12,
0,149,254,1,1,110,1,228,0,90,252,183,6,134,0,135,250,219,190,0,223,0,222,0,247,0,101,0,43,0,20,0,14,0,12,
0,141,254,244,0,105,1,228,0,90,252,183,6,229,0,151,250,159,192,0,223,0,221,0,247,0,101,0,43,0,20,0,13,0,11,
0,149,254,237,0,100,1,228,0,90,252,183,6,229,0,151,250,113,191,0,223,0,221,0,247,0,101,0,43,0,20,0,14,0,12,
0,149,254,237,0,100,1,228,0,90,252,183,6,40,1,115,250,113,191,0,223,0,221,0,248,0,101,0,43,0,19,0,13,0,11,
0,186,254,227,0,85,1,228,0,90,252,183,6,132,0,167,250,25,190,0,223,0,220,0,247,0,102,0,43,0,20,0,14,0,12,
0,245,254,241,0,90,1,228,0,90,252,183,6,48,1,0,251,75,193,0,223,0,220,0,248,0,102,0,43,0,20,0,13,0,11,
0,242,254,241,0,98,1,228,0,90,252,183,6,216,1,204,249,207,189,0,223,0,219,0,248,0,101,0,43,0,20,0,13,0,11,
0,242,254,215,0,98,1,41,1,34,252,128,6,216,1,204,249,207,189,0,224,0,220,0,249,0,101,0,43,0,19,0,13,0,11,
0,13,255,193,0,100,1,41,1,34,252,128,6,16,1,107,250,154,191,0,223,0,219,0,249,0,102,0,43,0,20,0,13,0,11,
0,13,255,218,0,81,1,41,1,34,252,128,6,82,1,155,250,140,191,0,223,0,219,0,249,0,102,0,43,0,20,0,14,0,11,
0,13,255,218,0,54,1,41,1,34,252,128,6,36,2,224,250,53,193,0,224,0,219,0,249,0,101,0,43,0,19,0,13,0,11,
0,28,255,214,0,54,1,41,1,34,252,128,6,36,2,57,250,46,190,0,223,0,218,0,250,0,102,0,43,0,20,0,13,0,11,
0,2,255,218,0,24,1,41,1,34,252,128,6,107,2,57,250,46,190,0,224,0,218,0,251,0,102,0,43,0,19,0,13,0,11,
0,15,255,236,0,20,1,41,1,34,252,128,6,146,2,90,250,254,189,0,223,0,217,0,251,0,103,0,48,0,21,0,13,0,11,
0,15,255,236,0,20,1,41,1,34,252,128,6,118,2,176,250,20,191,0,223,0,217,0,251,0,103,0,47,0,21,0,13,0,11,
0,48,255,236,0,34,1,41,1,34,252,128,6,130,2,176,250,32,192,0,223,0,216,0,251,0,103,0,46,0,21,0,14,0,11,
0,94,255,238,0,38,1,41,1,34,252,128,6,130,2,176,250,32,191,0,224,0,217,0,252,0,103,0,46,0,21,0,13,0,11,
0,141,255,250,0,44,1,159,0,114,252,94,6,216,2,60,250,101,191,0,224,0,217,0,253,0,103,0,45,0,20,0,13,0,11,
0,141,255,250,0,44,1,159,0,114,252,94,6,234,2,43,250,93,191,0,224,0,217,0,253,0,104,0,45,0,21,0,14,0,12,
0,128,255,245,0,36,1,159,0,114,252,94,6,139,2,20,250,78,190,0,224,0,217,0,253,0,104,0,45,0,21,0,14,0,12,
0,135,255,245,0,23,1,159,0,114,252,94,6,139,2,38,250,187,192,0,225,0,217,0,254,0,104,0,45,0,21,0,14,0,12,
0,146,255,245,0,11,1,159,0,114,252,94,6,202,2,38,250,187,192,0,224,0,217,0,254,0,104,0,45,0,21,0,13,0,11,
0,146,255,234,0,11,1,159,0,114,252,94,6,162,3,245,249,147,191,0,225,0,217,0,254,0,104,0,44,0,20,0,14,0,12,
0,133,255,219,0,7,1,159,0,114,252,94,6,34,3,204,249,206,190,0,225,0,217,0,255,0,104,0,44,0,20,0,13,0,11,
0,153,255,216,0,9,1,159,0,114,252,94,6,140,3,251,249,246,190,0,225,0,217,0,254,0,104,0,45,0,21,0,14,0,12,
0,153,255,216,0,254,0,159,0,114,252,94,6,140,3,251,249,153,191,0,225,0,217,0,254,0,104,0,45,0,21,0,14,0,12,
0,142,255,223,0,254,0,159,0,114,252,94,6,108,3,139,249,153,191,0,225,0,216,0,254,0,104,0,44,0,20,0,13,0,11,
0,132,255,198,0,230,0,221,0,140,252,127,6,226,3,27,250,226,191,0,226,0,217,0,255,0,104,0,44,0,20,0,14,0,11,
0,143,255,157,0,250,0,221,0,140,252,127,6,154,3,14,250,81,192,0,226,0,216,0,254,0,104,0,44,0,20,0,13,0,11,
0,143,255,157,0,250,0,221,0,140,252,127,6,194,3,142,249,229,192,0,226,0,215,0,254,0,104,0,44,0,20,0,14,0,11,
0,119,255,137,0,11,1,221,0,140,252,127,6,194,3,142,249,229,192,0,226,0,215,0,254,0,105,0,44,0,20,0,14,0,11,
0,122,255,113,0,7,1,221,0,140,252,127,6,136,4,42,249,23,191,0,226,0,215,0,253,0,104,0,44,0,20,0,13,0,11,
0,156,255,113,0,255,0,221,0,140,252,127,6,211,3,20,249,117,190,0,226,0,215,0,253,0,104,0,44,0,20,0,14,0,11,
0,156,255,113,0,255,0,221,0,140,252,127,6,106,2,157,249,81,192,0,226,0,215,0,253,0,104,0,44,0,20,0,13,0,11,
0,170,255,116,0,249,0,221,0,140,252,127,6,106,2,157,249,221,194,0,226,0,215,0,252,0,104,0,44,0,21,0,14,0,11,
0,153,255,109,0,249,0,221,0,140,252,127,6,12,4,27,249,221,194,0,226,0,215,0,251,0,104,0,44,0,20,0,14,0,11,
0,124,255,109,0,229,0,221,0,140,252,127,6,152,4,143,248,201,191,0,227,0,215,0,252,0,104,0,44,0,20,0,13,0,11,
0,124,255,124,0,229,0,221,0,140,252,127,6,210,3,173,248,53,190,0,227,0,215,0,251,0,104,0,45,0,21,0,14,0,12,
0,155,255,116,0,242,0,154,0,135,252,4,6,130,3,240,248,21,192,0,227,0,215,0,251,0,104,0,44,0,20,0,13,0,11,
0,2,0,111,0,249,0,154,0,135,252,4,6,130,3,240,248,21,192,0,227,0,215,0,250,0,104,0,44,0,21,0,14,0,11,
0,2,0,111,0,235,0,154,0,135,252,4,6,200,3,240,248,205,194,0,227,0,215,0,249,0,104,0,44,0,21,0,14,0,12,
0,8,0,90,0,235,0,154,0,135,252,4,6,141,4,45,248,0,193,0,228,0,215,0,249,0,103,0,44,0,20,0,13,0,11,
0,213,255,90,0,234,0,154,0,135,252,4,6,150,3,155,247,247,189,0,228,0,215,0,248,0,102,0,44,0,20,0,13,0,11,
0,160,255,60,0,224,0,154,0,135,252,4,6,150,3,96,248,231,192,0,228,0,215,0,247,0,102,0,44,0,21,0,14,0,12,
0,160,255,60,0,224,0,154,0,135,252,4,6,85,2,96,248,231,192,0,229,0,214,0,246,0,102,0,44,0,21,0,14,0,11,
0,136,255,14,0,205,0,154,0,135,252,4,6,85,3,50,248,55,195,0,230,0,215,0,245,0,102,0,44,0,20,0,14,0,12,
0,120,255,240,255,193,0,154,0,135,252,4,6,255,3,248,246,49,192,0,230,0,214,0,244,0,101,0,43,0,20,0,13,0,11,
0,115,255,205,255,200,0,154,0,135,252,4,6,149,2,171,247,24,191,0,231,0,214,0,244,0,100,0,43,0,19,0,13,0,11,
0,115,255,205,255,200,0,240,0,152,252,154,6,149,2,171,247,18,194,0,231,0,214,0,242,0,100,0,43,0,20,0,13,0,11,
0,111,255,201,255,185,0,240,0,152,252,154,6,186,2,36,248,18,194,0,231,0,213,0,241,0,100,0,43,0,20,0,13,0,11,
0,104,255,228,255,187,0,240,0,152,252,154,6,251,3,118,247,70,193,0,232,0,213,0,239,0,99,0,43,0,18,0,13,0,11,
0,104,255,228,255,199,0,240,0,152,252,154,6,154,3,10,247,164,191,0,232,0,213,0,238,0,99,0,42,0,18,0,13,0,11,
0,114,255,214,255,199,0,240,0,152,252,154,6,154,3,179,247,21,192,0,233,0,213,0,238,0,98,0,42,0,18,0,13,0,11,
0,110,255,173,255,196,0,240,0,152,252,154,6,93,2,179,247,21,192,0,233,0,212,0,235,0,98,0,42,0,19,0,13,0,11,
0,113,255,157,255,199,0,240,0,152,252,154,6,128,3,131,247,90,193,0,234,0,212,0,234,0,97,0,42,0,19,0,13,0,11,
0,113,255,157,255,197,0,240,0,152,252,154,6,220,2,45,247,98,191,0,234,0,211,0,233,0,96,0,42,0,19,0,13,0,11,
0,134,255,132,255,197,0,240,0,152,252,154,6,16,2,136,247,73,192,0,235,0,211,0,232,0,96,0,41,0,18,0,13,0,11,
0,138,255,129,255,180,0,240,0,152,252,154,6,16,2,136,247,164,192,0,235,0,211,0,230,0,95,0,41,0,19,0,13,0,12,
0,156,255,132,255,171,0,215,0,161,252,152,6,125,2,88,247,164,192,0,236,0,211,0,229,0,94,0,40,0,18,0,13,0,11,
0,156,255,132,255,171,0,215,0,161,252,152,6,232,1,104,247,97,192,0,236,0,210,0,227,0,95,0,41,0,19,0,13,0,11,
0,117,255,140,255,151,0,215,0,161,252,152,6,118,2,71,247,153,193,0,237,0,210,0,226,0,94,0,41,0,19,0,13,0,11,
0,103,255,149,255,174,0,215,0,161,252,152,6,220,2,81,247,228,191,0,238,0,210,0,225,0,93,0,40,0,18,0,13,0,11,
0,82,255,129,255,178,0,215,0,161,252,152,6,220,2,81,247,228,191,0,239,0,210,0,224,0,92,0,40,0,17,0,13,0,11,
0,82,255,129,255,178,0,215,0,161,252,152,6,54,2,87,247,53,190,0,239,0,209,0,223,0,91,0,40,0,20,0,13,0,11,
0,61,255,147,255,137,0,215,0,161,252,152,6,94,1,219,247,181,191,0,239,0,209,0,221,0,91,0,40,0,20,0,13,0,11,
0,57,255,134,255,128,0,215,0,161,252,152,6,211,1,35,248,20,194,0,240,0,208,0,220,0,91,0,40,0,20,0,13,0,11,
0,57,255,134,255,116,0,215,0,161,252,152,6,211,1,179,247,219,192,0,240,0,208,0,219,0,89,0,39,0,19,0,13,0,11,
0,77,255,117,255,116,0,215,0,161,252,152,6,215,2,179,247,219,192,0,241,0,208,0,218,0,89,0,38,0,18,0,13,0,11,
0,85,255,109,255,130,0,3,1,120,252,111,6,203,1,94,247,61,189,0,241,0,208,0,217,0,88,0,38,0,18,0,12,0,11,
0,91,255,124,255,145,0,3,1,120,252,111,6,202,0,226,247,166,191,0,242,0,207,0,215,0,88,0,38,0,19,0,13,0,11,
0,91,255,124,255,117,0,3,1,120,252,111,6,226,0,120,248,251,193,0,242,0,207,0,214,0,87,0,37,0,18,0,13,0,11,
0,85,255,122,255,117,0,3,1,120,252,111,6,226,0,120,248,251,193,0,242,0,206,0,213,0,87,0,37,0,17,0,12,0,11,
0,76,255,146,255,118,0,3,1,120,252,111,6,235,1,1,248,57,193,0,243,0,206,0,213,0,86,0,36,0,17,0,12,0,11,
0,62,255,185,255,115,0,3,1,120,252,111,6,16,2,209,247,223,190,0,243,0,206,0,212,0,86,0,37,0,18,0,13,0,11,
0,62,255,185,255,115,0,3,1,120,252,111,6,173,0,147,248,30,191,0,243,0,206,0,212,0,86,0,36,0,18,0,13,0,11,
0,87,255,209,255,103,0,3,1,120,252,111,6,173,0,239,248,102,192,0,243,0,206,0,212,0,85,0,36,0,17,0,13,0,11,
0,65,255,181,255,92,0,3,1,120,252,111,6,226,0,239,248,102,192,0,243,0,206,0,211,0,85,0,36,0,17,0,12,0,11,
0,71,255,144,255,111,0,3,1,120,252,111,6,115,1,12,249,227,193,0,244,0,206,0,211,0,84,0,36,0,17,0,12,0,11,
0,71,255,144,255,111,0,3,1,120,252,111,6,238,1,203,248,79,192,0,243,0,205,0,210,0,85,0,36,0,18,0,13,0,11,
0,59,255,133,255,123,0,226,0,133,252,6,7,22,1,39,249,172,191,0,243,0,204,0,210,0,84,0,36,0,18,0,13,0,11,
0,28,255,162,255,94,0,226,0,133,252,6,7,22,1,39,249,146,191,0,244,0,205,0,209,0,84,0,30,0,16,0,13,0,12,
0,28,255,162,255,76,0,226,0,133,252,6,7,84,1,4,249,146,191,0,244,0,204,0,210,0,83,0,31,0,16,0,13,0,11,
0,48,255,160,255,76,0,226,0,133,252,6,7,174,0,13,249,197,191,0,244,0,205,0,210,0,83,0,32,0,16,0,12,0,11,
0,57,255,166,255,46,0,226,0,133,252,6,7,169,0,74,249,136,192,0,244,0,204,0,210,0,84,0,33,0,17,0,13,0,11,
0,63,255,220,255,23,0,226,0,133,252,6,7,169,0,88,249,218,191,0,244,0,204,0,210,0,83,0,34,0,17,0,13,0,11,
0,63,255,220,255,23,0,226,0,133,252,6,7,254,0,88,249,218,191,0,244,0,204,0,211,0,83,0,34,0,17,0,12,0,11,
0,41,255,252,255,2,0,226,0,133,252,6,7,24,1,57,249,228,190,0,244,0,204,0,211,0,83,0,34,0,16,0,12,0,11,
0,43,255,228,255,245,255,226,0,133,252,6,7,6,1,191,249,51,192,0,244,0,204,0,212,0,83,0,34,0,16,0,13,0,11,
0,38,255,212,255,22,0,226,0,133,252,6,7,116,1,237,249,238,192,0,244,0,204,0,212,0,83,0,34,0,16,0,12,0,11,
0,38,255,212,255,22,0,246,0,86,252,86,6,116,1,237,249,6,192,0,243,0,204,0,213,0,84,0,35,0,17,0,12,0,11,
0,65,255,221,255,26,0,246,0,86,252,86,6,215,0,213,249,6,192,0,243,0,204,0,213,0,84,0,35,0,17,0,12,0,11,
0,14,255,1,0,31,0,246,0,86,252,86,6,105,1,182,249,162,192,0,243,0,204,0,214,0,84,0,35,0,16,0,12,0,11,
0,33,255,254,255,25,0,246,0,86,252,86,6,237,1,146,249,54,191,0,243,0,205,0,215,0,84,0,34,0,17,0,12,0,11,
0,33,255,254,255,25,0,246,0,86,252,86,6,50,1,223,249,112,190,0,243,0,205,0,215,0,84,0,35,0,16,0,12,0,11,
0,66,255,247,255,32,0,246,0,86,252,86,6,50,1,223,249,112,190,0,242,0,204,0,215,0,85,0,35,0,18,0,13,0,11,
0,92,255,241,255,32,0,246,0,86,252,86,6,116,0,19,250,148,191,0,243,0,205,0,217,0,84,0,35,0,17,0,13,0,11,
0,92,255,241,255,249,255,246,0,86,252,86,6,122,1,75,250,59,193,0,242,0,205,0,217,0,86,0,35,0,16,0,12,0,11,
0,83,255,237,255,249,255,246,0,86,252,86,6,18,2,200,249,180,190,0,242,0,205,0,218,0,86,0,36,0,18,0,13,0,12,
0,42,255,5,0,247,255,246,0,86,252,86,6,18,2,226,249,192,190,0,242,0,205,0,219,0,86,0,36,0,17,0,12,0,11,
0,80,255,7,0,245,255,226,0,153,252,52,5,116,1,226,249,192,190,0,241,0,205,0,219,0,87,0,36,0,18,0,13,0,11,
0,80,255,7,0,245,255,226,0,153,252,52,5,5,1,73,250,11,192,0,242,0,206,0,220,0,86,0,36,0,18,0,13,0,11,
0,110,255,24,0,227,255,226,0,153,252,52,5,102,2,243,249,211,192,0,241,0,206,0,221,0,87,0,36,0,17,0,13,0,11,
0,112,255,55,0,21,0,226,0,153,252,52,5,138,2,216,249,122,191,0,241,0,205,0,222,0,88,0,41,0,19,0,12,0,11,
0,76,255,65,0,26,0,226,0,153,252,52,5,138,2,216,249,91,190,0,241,0,206,0,223,0,88,0,40,0,17,0,12,0,11,
0,76,255,65,0,26,0,226,0,153,252,52,5,21,2,218,249,91,190,0,241,0,206,0,224,0,88,0,40,0,17,0,13,0,11,
0,67,255,81,0,1,0,226,0,153,252,52,5,252,0,48,250,33,192,0,241,0,206,0,225,0,89,0,39,0,17,0,12,0,11,
0,124,255,59,0,13,0,226,0,153,252,52,5,201,2,147,249,99,192,0,241,0,207,0,226,0,89,0,38,0,16,0,12,0,10,
0,115,255,89,0,42,0,226,0,153,252,52,5,201,2,123,249,121,190,0,240,0,206,0,227,0,89,0,39,0,17,0,13,0,11,
0,115,255,89,0,42,0,226,0,153,252,52,5,78,1,123,249,121,190,0,240,0,207,0,228,0,89,0,37,0,16,0,12,0,11,
0,96,255,115,0,58,0,188,0,103,252,92,6,126,2,191,249,117,193,0,239,0,207,0,228,0,90,0,38,0,17,0,13,0,11,
0,110,255,131,0,52,0,188,0,103,252,92,6,232,2,132,249,155,191,0,239,0,207,0,229,0,91,0,38,0,17,0,13,0,11,
0,110,255,131,0,5,0,188,0,103,252,92,6,106,1,86,249,121,190,0,239,0,208,0,230,0,91,0,38,0,16,0,12,0,11,
0,107,255,118,0,5,0,188,0,103,252,92,6,106,1,86,249,204,193,0,239,0,208,0,231,0,91,0,38,0,17,0,12,0,11,
0,120,255,129,0,8,0,188,0,103,252,92,6,17,2,219,249,204,193,0,238,0,208,0,231,0,92,0,39,0,18,0,13,0,11,
0,120,255,147,0,19,0,188,0,103,252,92,6,10,3,21,249,212,191,0,237,0,208,0,232,0,92,0,39,0,18,0,13,0,11,
0,120,255,147,0,19,0,188,0,103,252,92,6,37,2,236,248,218,189,0,237,0,208,0,232,0,93,0,39,0,18,0,13,0,11,
0,125,255,125,0,19,0,188,0,103,252,92,6,64,1,143,249,198,193,0,237,0,208,0,233,0,92,0,39,0,17,0,12,0,11,
0,132,255,95,0,18,0,188,0,103,252,92,6,64,1,143,249,198,193,0,236,0,208,0,233,0,93,0,40,0,18,0,13,0,11,
0,87,255,94,0,28,0,188,0,103,252,92,6,182,3,19,249,83,194,0,236,0,208,0,233,0,93,0,39,0,17,0,12,0,11,
0,87,255,94,0,28,0,188,0,103,252,84,6,158,2,129,248,219,189,0,235,0,208,0,233,0,94,0,40,0,18,0,13,0,12,
0,102,255,102,0,10,0,173,0,109,252,84,6,87,1,214,248,28,192,0,234,0,208,0,233,0,94,0,40,0,18,0,13,0,12,
0,101,255,69,0,11,0,173,0,109,252,84,6,87,1,29,249,14,194,0,234,0,208,0,234,0,94,0,40,0,18,0,13,0,11,
0,97,255,68,0,39,0,173,0,109,252,84,6,58,2,29,249,14,194,0,233,0,208,0,234,0,94,0,40,0,18,0,13,0,11,
0,97,255,68,0,39,0,173,0,109,252,84,6,117,3,32,248,75,192,0,233,0,208,0,234,0,94,0,40,0,17,0,12,0,11,
0,82,255,93,0,22,0,173,0,109,252,84,6,193,1,100,248,191,189,0,232,0,208,0,234,0,95,0,40,0,18,0,13,0,11,
0,62,255,94,0,23,0,173,0,109,252,84,6,72,1,57,249,0,194,0,231,0,208,0,234,0,94,0,40,0,18,0,13,0,11,
0,62,255,94,0,17,0,173,0,109,252,84,6,72,1,57,249,0,194,0,231,0,208,0,234,0,94,0,40,0,17,0,12,0,11,
0,81,255,74,0,17,0,173,0,109,252,84,6,173,2,73,248,109,193,0,230,0,208,0,234,0,94,0,39,0,17,0,13,0,11,
0,101,255,63,0,26,0,173,0,109,252,84,6,6,3,251,247,160,191,0,230,0,208,0,234,0,94,0,40,0,17,0,12,0,11,
0,113,255,45,0,10,0,173,0,109,252,84,6,83,2,93,248,131,190,0,229,0,208,0,233,0,94,0,40,0,18,0,13,0,11,
0,113,255,45,0,10,0,199,0,148,252,76,6,83,2,168,248,31,192,0,228,0,208,0,233,0,94,0,40,0,18,0,13,0,11,
0,129,255,62,0,246,255,199,0,148,252,76,6,170,1,168,248,31,192,0,228,0,208,0,232,0,94,0,40,0,17,0,12,0,11,
0,133,255,67,0,231,255,199,0,148,252,76,6,204,1,194,248,159,194,0,227,0,208,0,232,0,94,0,40,0,18,0,13,0,11,
0,117,255,75,0,227,255,199,0,148,252,76,6,37,3,77,248,179,192,0,227,0,208,0,232,0,93,0,39,0,17,0,12,0,11,
0,117,255,75,0,227,255,199,0,148,252,76,6,110,2,220,247,140,189,0,226,0,208,0,231,0,94,0,40,0,18,0,13,0,11,
0,92,255,92,0,254,255,199,0,148,252,76,6,110,2,220,247,37,191,0,225,0,208,0,230,0,94,0,40,0,18,0,13,0,11,
0,75,255,92,0,39,0,199,0,148,252,76,6,224,1,125,248,37,191,0,225,0,208,0,230,0,93,0,40,0,18,0,12,0,11,
0,81,255,87,0,34,0,199,0,148,252,76,6,104,1,21,249,125,192,0,224,0,208,0,230,0,93,0,40,0,17,0,12,0,11,
0,81,255,87,0,34,0,199,0,148,252,76,6,189,2,252,248,12,193,0,223,0,208,0,229,0,93,0,40,0,18,0,13,0,12,
0,80,255,61,0,41,0,199,0,148,252,76,6,189,3,105,248,130,190,0,223,0,208,0,229,0,93,0,40,0,18,0,14,0,11,
0,117,255,73,0,36,0,252,0,115,252,204,6,60,3,105,248,130,190,0,223,0,208,0,229,0,92,0,40,0,18,0,13,0,12,
0,117,255,73,0,238,255,252,0,115,252,204,6,173,2,230,248,208,190,0,222,0,208,0,228,0,93,0,40,0,18,0,13,0,11,
0,134,255,67,0,238,255,252,0,115,252,204,6,118,1,79,249,97,191,0,222,0,208,0,227,0,92,0,40,0,18,0,13,0,11,
0,132,255,55,0,248,255,252,0,115,252,204,6,138,2,125,249,166,192,0,222,0,208,0,227,0,92,0,39,0,17,0,13,0,11,
0,134,255,51,0,236,255,252,0,115,252,204,6,138,2,125,249,17,192,0,221,0,207,0,226,0,92,0,39,0,18,0,13,0,11,
0,134,255,51,0,236,255,252,0,115,252,204,6,244,2,202,248,17,192,0,220,0,207,0,226,0,92,0,39,0,18,0,13,0,11,
0,135,255,58,0,233,255,252,0,115,252,204,6,109,2,46,249,138,189,0,220,0,208,0,226,0,91,0,39,0,17,0,12,0,11,
0,124,255,48,0,219,255,252,0,115,252,204,6,47,1,198,249,119,190,0,220,0,207,0,225,0,91,0,39,0,18,0,13,0,11,
0,119,255,36,0,190,255,252,0,115,252,204,6,76,2,25,250,91,193,0,220,0,208,0,226,0,91,0,38,0,17,0,12,0,11,
0,119,255,36,0,190,255,252,0,115,252,204,6,76,2,25,250,91,193,0,219,0,208,0,225,0,91,0,39,0,17,0,12,0,11,
0,122,255,40,0,233,255,241,0,113,252,44,6,82,3,109,249,79,190,0,219,0,208,0,225,0,91,0,39,0,18,0,13,0,11,
0,108,255,46,0,216,255,241,0,113,252,44,6,193,2,196,249,236,190,0,219,0,208,0,225,0,91,0,38,0,17,0,12,0,11,
0,108,255,46,0,192,255,241,0,113,252,44,6,6,2,98,250,86,189,0,219,0,209,0,226,0,90,0,38,0,17,0,12,0,11,
0,108,255,35,0,192,255,241,0,113,252,44,6,6,2,111,250,17,192,0,218,0,208,0,226,0,91,0,39,0,17,0,13,0,11,
0,96,255,21,0,211,255,241,0,113,252,44,6,169,1,111,250,17,192,0,219,0,209,0,226,0,91,0,38,0,18,0,13,0,11,
0,138,255,25,0,214,255,241,0,113,252,44,6,133,3,244,249,88,191,0,218,0,209,0,226,0,91,0,39,0,18,0,13,0,11,
0,138,255,25,0,227,255,241,0,113,252,44,6,96,2,254,249,140,189,0,218,0,209,0,226,0,91,0,38,0,17,0,12,0,11,
0,144,255,18,0,227,255,241,0,113,252,44,6,185,1,126,250,152,190,0,219,0,210,0,226,0,91,0,38,0,17,0,13,0,11,
0,146,255,21,0,193,255,241,0,113,252,44,6,185,1,126,250,227,192,0,218,0,210,0,226,0,90,0,38,0,17,0,12,0,11,
0,125,255,40,0,196,255,241,0,113,252,44,6,7,2,198,250,227,192,0,217,0,210,0,226,0,91,0,38,0,18,0,13,0,11,
0,125,255,40,0,196,255,189,0,137,252,93,6,13,3,31,250,114,191,0,217,0,210,0,226,0,91,0,38,0,17,0,13,0,11,
0,147,255,30,0,187,255,189,0,137,252,93,6,123,2,121,250,23,191,0,217,0,211,0,227,0,91,0,38,0,17,0,13,0,11,
0,210,255,38,0,181,255,189,0,137,252,93,6,123,2,108,250,164,190,0,218,0,211,0,227,0,91,0,38,0,18,0,13,0,11,
0,37,0,19,0,202,255,189,0,137,252,93,6,40,2,108,250,164,190,0,218,0,212,0,228,0,91,0,38,0,17,0,12,0,11,
0,37,0,19,0,202,255,189,0,137,252,93,6,200,1,230,250,141,191,0,217,0,212,0,228,0,91,0,39,0,18,0,13,0,11,
0,254,255,255,255,207,255,189,0,137,252,93,6,36,2,208,250,25,192,0,217,0,212,0,228,0,91,0,38,0,17,0,13,0,11,
0,222,255,246,255,168,255,189,0,137,252,93,6,54,3,113,250,50,190,0,217,0,212,0,228,0,91,0,38,0,17,0,12,0,11,
0,175,255,246,255,142,255,189,0,137,252,93,6,54,3,113,250,186,189,0,218,0,213,0,229,0,91,0,39,0,17,0,13,0,11,
0,175,255,233,255,142,255,189,0,137,252,93,6,106,1,247,250,186,189,0,218,0,213,0,229,0,91,0,38,0,17,0,12,0,11,
0,180,255,235,255,137,255,189,0,137,252,93,6,160,1,7,251,37,193,0,218,0,213,0,230,0,91,0,33,0,17,0,13,0,11,
0,168,255,250,255,146,255,189,0,137,252,93,6,40,3,106,250,109,191,0,219,0,214,0,231,0,92,0,34,0,16,0,13,0,11,
0,168,255,250,255,144,255,9,1,94,252,247,6,67,2,184,250,119,190,0,219,0,214,0,231,0,92,0,36,0,16,0,12,0,11,
0,186,255,232,255,144,255,9,1,94,252,247,6,67,2,184,250,119,190,0,219,0,214,0,232,0,92,0,36,0,16,0,12,0,11,
0,155,255,2,0,133,255,9,1,94,252,247,6,35,1,44,251,116,190,0,219,0,215,0,233,0,92,0,37,0,16,0,12,0,11,
0,157,255,18,0,165,255,9,1,94,252,247,6,31,2,18,251,170,193,0,219,0,215,0,233,0,93,0,38,0,17,0,13,0,11,
0,157,255,18,0,165,255,9,1,94,252,247,6,111,3,65,250,212,189,0,219,0,215,0,233,0,94,0,39,0,17,0,13,0,11,
0,185,255,21,0,174,255,9,1,94,252,247,6,111,3,65,250,40,190,0,219,0,215,0,234,0,94,0,39,0,17,0,12,0,11,
0,232,255,57,0,170,255,9,1,94,252,247,6,200,0,230,250,40,190,0,220,0,216,0,235,0,94,0,39,0,17,0,13,0,11,
0,217,255,43,0,160,255,9,1,94,252,247,6,67,2,80,251,239,193,0,220,0,216,0,235,0,95,0,40,0,18,0,13,0,11,
0,217,255,43,0,160,255,9,1,94,252,247,6,83,3,109,250,108,190,0,220,0,216,0,236,0,95,0,40,0,18,0,13,0,11,
0,201,255,46,0,158,255,9,1,94,252,247,6,188,1,202,250,213,188,0,220,0,217,0,237,0,95,0,40,0,18,0,13,0,11,
0,196,255,50,0,137,255,237,0,166,252,247,5,188,1,202,250,213,188,0,221,0,217,0,238,0,95,0,40,0,17,0,12,0,11,
0,207,255,50,0,134,255,237,0,166,252,247,5,103,1,8,251,201,191,0,220,0,217,0,239,0,96,0,40,0,18,0,13,0,12,
0,207,255,36,0,134,255,237,0,166,252,247,5,121,2,213,250,205,192,0,221,0,218,0,239,0,95,0,40,0,17,0,12,0,11,
0,216,255,7,0,161,255,237,0,166,252,247,5,207,2,8,250,227,188,0,221,0,218,0,240,0,97,0,41,0,20,0,13,0,11,
0,186,255,25,0,149,255,237,0,166,252,247,5,207,2,242,250,174,190,0,221,0,219,0,240,0,97,0,41,0,20,0,13,0,11,
0,186,255,25,0,150,255,237,0,166,252,247,5,140,1,242,250,174,190,0,222,0,219,0,241,0,97,0,41,0,20,0,13,0,11,
0,174,255,56,0,150,255,237,0,166,252,247,5,74,2,245,250,73,192,0,222,0,219,0,242,0,97,0,41,0,20,0,13,0,11,
0,199,255,42,0,162,255,237,0,166,252,247,5,223,2,63,250,89,189,0,222,0,220,0,243,0,97,0,40,0,18,0,13,0,11,
0,218,255,21,0,157,255,237,0,166,252,247,5,21,2,169,250,96,191,0,222,0,220,0,244,0,98,0,41,0,19,0,13,0,11,
0,218,255,21,0,157,255,237,0,166,252,247,5,21,2,169,250,150,191,0,222,0,220,0,244,0,99,0,45,0,20,0,13,0,11,
0,192,255,19,0,154,255,141,0,151,252,92,5,27,3,126,250,150,191,0,223,0,221,0,245,0,99,0,45,0,20,0,12,0,11,
0,215,255,7,0,153,255,141,0,151,252,92,5,183,2,129,250,8,191,0,223,0,221,0,246,0,99,0,44,0,20,0,13,0,11,
0,208,255,36,0,169,255,141,0,151,252,92,5,64,3,79,250,237,190,0,223,0,222,0,247,0,99,0,43,0,19,0,13,0,11,
0,208,255,36,0,169,255,141,0,151,252,92,5,64,2,11,250,0,190,0,223,0,222,0,247,0,100,0,44,0,21,0,13,0,11,
0,180,255,36,0,184,255,141,0,151,252,92,5,37,2,11,250,0,190,0,223,0,222,0,247,0,100,0,43,0,20,0,13,0,12,
0,186,255,4,0,173,255,141,0,151,252,92,5,62,2,91,250,40,192,0,223,0,222,0,248,0,100,0,43,0,20,0,13,0,11,
0,186,255,4,0,156,255,141,0,151,252,92,5,78,3,235,249,225,190,0,223,0,222,0,249,0,101,0,43,0,20,0,14,0,12,
0,179,255,236,255,156,255,141,0,151,252,92,5,183,1,237,249,91,189,0,224,0,223,0,249,0,101,0,43,0,20,0,13,0,11,
0,182,255,251,255,144,255,141,0,151,252,92,5,183,1,237,249,92,193,0,224,0,223,0,250,0,102,0,44,0,21,0,14,0,12,
0,173,255,22,0,145,255,141,0,151,252,92,5,44,3,23,250,92,193,0,224,0,224,0,250,0,102,0,43,0,20,0,14,0,12,
0,173,255,22,0,153,255,159,0,172,252,185,5,144,3,70,249,114,188,0,224,0,224,0,251,0,102,0,43,0,20,0,13,0,11,
0,156,255,26,0,153,255,159,0,172,252,185,5,255,1,15,250,230,190,0,225,0,225,0,251,0,102,0,43,0,20,0,14,0,12,
0,188,255,31,0,130,255,159,0,172,252,185,5,169,2,248,249,241,192,0,225,0,224,0,251,0,102,0,43,0,20,0,13,0,11,
0,215,255,8,0,138,255,159,0,172,252,185,5,169,2,248,249,241,192,0,224,0,225,0,251,0,103,0,44,0,20,0,14,0,11,
0,215,255,8,0,138,255,159,0,172,252,185,5,240,3,209,249,13,192,0,225,0,225,0,252,0,103,0,44,0,20,0,14,0,11,
0,204,255,6,0,150,255,159,0,172,252,185,5,60,3,5,249,187,189,0,225,0,226,0,252,0,103,0,43,0,20,0,13,0,11,
0,223,255,10,0,162,255,159,0,172,252,185,5,106,2,79,249,254,189,0,225,0,226,0,252,0,103,0,43,0,20,0,14,0,11,
0,239,255,246,255,167,255,159,0,172,252,185,5,106,2,139,249,208,191,0,224,0,226,0,253,0,103,0,43,0,20,0,13,0,11,
0,239,255,246,255,167,255,159,0,172,252,185,5,139,2,139,249,208,191,0,224,0,226,0,252,0,103,0,43,0,20,0,13,0,11,
0,7,0,11,0,136,255,159,0,172,252,185,5,89,3,66,249,213,191,0,223,0,226,0,252,0,104,0,44,0,20,0,13,0,11,
0,249,255,33,0,161,255,159,0,172,252,185,5,110,3,192,248,80,190,0,223,0,227,0,253,0,103,0,43,0,20,0,14,0,11,
0,249,255,33,0,186,255,165,0,113,252,249,5,30,3,24,249,90,190,0,223,0,227,0,252,0,104,0,44,0,20,0,14,0,11,
0,220,255,252,255,186,255,165,0,113,252,249,5,30,3,24,249,90,190,0,223,0,228,0,253,0,103,0,43,0,20,0,13,0,11,
0,188,255,232,255,182,255,165,0,113,252,249,5,28,2,9,249,10,190,0,222,0,227,0,252,0,104,0,44,0,20,0,13,0,11,
0,213,255,227,255,131,255,165,0,113,252,249,5,232,2,55,249,19,192,0,222,0,228,0,252,0,104,0,44,0,20,0,14,0,12,
0,213,255,227,255,106,255,165,0,113,252,249,5,173,3,93,248,19,190,0,222,0,228,0,252,0,104,0,44,0,20,0,13,0,11,
0,211,255,241,255,106,255,165,0,113,252,249,5,173,3,106,248,219,189,0,222,0,229,0,252,0,103,0,44,0,20,0,13,0,11,
0,231,255,10,0,111,255,165,0,113,252,249,5,32,2,106,248,219,189,0,222,0,228,0,251,0,104,0,44,0,21,0,14,0,12,
0,243,255,214,255,120,255,165,0,113,252,249,5,40,2,0,249,64,192,0,222,0,228,0,250,0,104,0,44,0,21,0,14,0,12,
0,243,255,214,255,120,255,165,0,113,252,249,5,161,2,13,249,180,192,0,222,0,229,0,250,0,104,0,44,0,20,0,14,0,12,
0,238,255,189,255,119,255,165,0,113,252,249,5,228,2,61,248,168,190,0,222,0,229,0,250,0,103,0,43,0,20,0,13,0,11,
0,245,255,208,255,97,255,220,0,118,252,181,6,228,2,61,248,111,191,0,223,0,229,0,249,0,103,0,44,0,21,0,14,0,12,
0,232,255,222,255,77,255,220,0,118,252,181,6,32,2,168,248,111,191,0,223,0,230,0,249,0,102,0,43,0,20,0,13,0,11,
0,232,255,222,255,77,255,220,0,118,252,181,6,12,2,206,248,80,190,0,224,0,229,0,248,0,103,0,44,0,21,0,14,0,12,
0,224,255,204,255,82,255,220,0,118,252,181,6,255,1,210,248,181,190,0,225,0,229,0,247,0,102,0,44,0,20,0,14,0,11,
0,222,255,182,255,108,255,220,0,118,252,181,6,216,1,233,248,158,190,0,225,0,229,0,247,0,102,0,43,0,20,0,13,0,11,
0,222,255,182,255,128,255,220,0,118,252,181,6,216,1,233,248,158,190,0,227,0,230,0,247,0,101,0,43,0,19,0,13,0,11,
0,229,255,194,255,128,255,220,0,118,252,181,6,23,1,77,249,27,191,0,227,0,229,0,247,0,102,0,43,0,20,0,14,0,11,
0,215,255,174,255,111,255,220,0,118,252,181,6,219,1,36,249,180,191,0,228,0,229,0,247,0,102,0,43,0,20,0,13,0,11,
0,231,255,146,255,93,255,220,0,118,252,181,6,96,2,241,248,105,189,0,229,0,230,0,247,0,101,0,43,0,20,0,14,0,11,
0,231,255,146,255,93,255,220,0,118,252,181,6,96,2,241,249,183,188,0,230,0,229,0,247,0,101,0,43,0,19,0,13,0,11,
0,246,255,175,255,98,255,165,0,198,252,147,5,210,1,18,249,183,188,0,231,0,230,0,247,0,101,0,43,0,20,0,13,0,11,
0,35,0,176,255,79,255,165,0,198,252,147,5,244,0,74,249,139,190,0,232,0,230,0,246,0,101,0,43,0,20,0,14,0,11,
0,60,0,136,255,46,255,165,0,198,252,147,5,98,1,181,249,191,192,0,232,0,230,0,246,0,101,0,43,0,20,0,13,0,11,
0,60,0,136,255,46,255,165,0,198,252,147,5,56,2,124,249,12,191,0,232,0,230,0,246,0,101,0,43,0,20,0,14,0,12,
0,66,0,133,255,38,255,165,0,198,252,147,5,56,2,124,249,12,191,0,233,0,230,0,247,0,101,0,42,0,20,0,13,0,11,
0,72,0,167,255,17,255,165,0,198,252,147,5,246,1,251,248,36,189,0,234,0,230,0,247,0,100,0,43,0,20,0,14,0,12,
0,87,0,173,255,15,255,165,0,198,252,147,5,130,1,90,249,219,188,0,234,0,231,0,247,0,101,0,43,0,19,0,13,0,11,
0,87,0,173,255,15,255,165,0,198,252,147,5,211,0,147,249,152,188,0,235,0,230,0,247,0,101,0,43,0,21,0,14,0,12,
0,107,0,160,255,18,255,165,0,198,252,147,5,211,0,151,249,132,190,0,235,0,231,0,247,0,102,0,43,0,20,0,14,0,11,
0,120,0,180,255,42,255,165,0,198,252,147,5,12,1,151,249,132,190,0,235,0,231,0,247,0,101,0,43,0,20,0,13,0,11,
0,120,0,180,255,50,255,139,0,199,252,143,6,168,1,117,249,241,190,0,236,0,231,0,248,0,101,0,43,0,19,0,13,0,11,
0,103,0,167,255,50,255,139,0,199,252,143,6,247,0,126,249,253,189,0,236,0,232,0,247,0,102,0,43,0,20,0,14,0,12,
0,84,0,149,255,42,255,139,0,199,252,143,6,201,1,80,249,210,189,0,237,0,232,0,248,0,101,0,43,0,20,0,14,0,11,
0,72,0,158,255,56,255,139,0,199,252,143,6,201,1,80,249,143,188,0,237,0,232,0,248,0,101,0,43,0,20,0,13,0,11,
0,72,0,158,255,56,255,139,0,199,252,143,6,22,1,13,249,143,188,0,238,0,232,0,249,0,101,0,43,0,19,0,13,0,11,
0,72,0,198,255,60,255,139,0,199,252,143,6,24,1,165,249,251,190,0,239,0,233,0,249,0,101,0,43,0,20,0,13,0,11,
0,106,0,174,255,32,255,139,0,199,252,143,6,168,1,102,249,54,189,0,239,0,233,0,250,0,101,0,43,0,19,0,13,0,11,
0,116,0,160,255,11,255,139,0,199,252,143,6,168,1,85,249,237,187,0,239,0,233,0,250,0,102,0,43,0,20,0,13,0,11,
0,116,0,160,255,11,255,139,0,199,252,143,6,78,0,85,249,237,187,0,239,0,234,0,250,0,102,0,43,0,20,0,13,0,11,
0,103,0,172,255,254,254,139,0,199,252,143,6,198,0,221,249,151,191,0,240,0,234,0,251,0,102,0,43,0,20,0,13,0,11,
0,74,0,172,255,14,255,139,0,199,252,143,6,197,1,20,249,198,189,0,241,0,235,0,252,0,102,0,43,0,19,0,13,0,11,
0,74,0,172,255,1,255,217,0,134,252,250,5,90,1,112,249,236,188,0,240,0,235,0,252,0,103,0,43,0,20,0,14,0,11,
0,74,0,172,255,1,255,217,0,134,252,250,5,90,1,112,249,15,188,0,241,0,236,0,253,0,103,0,43,0,20,0,14,0,11,
0,97,0,191,255,247,254,217,0,134,252,250,5,158,0,161,249,15,188,0,241,0,236,0,253,0,103,0,43,0,20,0,14,0,12,
0,82,0,169,255,236,254,217,0,134,252,250,5,202,0,153,249,218,189,0,241,0,237,0,254,0,104,0,43,0,20,0,13,0,11,
0,82,0,169,255,247,254,217,0,134,252,250,5,69,1,171,249,118,190,0,241,0,237,0,255,0,104,0,44,0,20,0,14,0,13,
0,94,0,174,255,247,254,217,0,134,252,250,5,7,1,127,249,202,188,0,241,0,238,1,0,0,104,0,39,0,17,0,13,0,11,
0,84,0,177,255,251,254,217,0,134,252,250,5,7,1,127,249,202,188,0,241,0,239,1,0,0,104,0,40,0,18,0,14,0,12,
0,79,0,180,255,252,254,217,0,134,252,250,5,236,0,83,249,94,189,0,241,0,239,1,1,0,105,0,41,0,19,0,14,0,12,
0,79,0,180,255,252,254,217,0,134,252,250,5,122,1,138,249,63,189,0,241,0,240,1,2,0,105,0,42,0,18,0,13,0,11,
0,68,0,139,255,10,255,217,0,134,252,250,5,236,0,79,249,208,189,0,241,0,241,1,3,0,105,0,43,0,18,0,13,0,11,
0,85,0,190,255,20,255,226,0,211,252,88,6,236,0,103,249,133,190,0,240,0,241,1,4,0,106,0,44,0,20,0,14,0,12,
0,109,0,215,255,19,255,226,0,211,252,88,6,115,0,103,249,133,190,0,240,0,241,1,5,0,107,0,44,0,20,0,13,0,11,
0,109,0,215,255,19,255,226,0,211,252,88,6,254,0,201,249,95,191,0,240,0,242,1,6,0,107,0,45,0,20,0,13,0,11,
0,108,0,211,255,10,255,226,0,211,252,88,6,27,2,35,249,205,190,0,239,0,243,1,7,0,107,0,44,0,19,0,13,0,11,
0,91,0,214,255,17,255,226,0,211,252,88,6,45,1,196,248,232,187,0,240,0,243,1,8,0,107,0,45,0,20,0,13,0,11,
0,85,0,228,255,38,255,226,0,211,252,88,6,45,1,196,248,232,187,0,239,0,244,1,9,0,108,0,45,0,19,0,13,0,11,
0,85,0,228,255,38,255,226,0,211,252,88,6,240,0,12,249,186,189,0,239,0,244,1,9,0,109,0,46,0,20,0,13,0,11,
0,96,0,249,255,39,255,226,0,211,252,88,6,132,0,147,249,141,191,0,239,0,244,1,10,0,109,0,46,0,20,0,13,0,11,
0,99,0,240,255,57,255,226,0,211,252,88,6,29,2,230,248,218,191,0,238,0,244,1,11,0,109,0,46,0,20,0,13,0,11,
0,99,0,240,255,73,255,226,0,211,252,88,6,29,2,16,248,181,187,0,239,0,245,1,12,0,109,0,46,0,20,0,14,0,11,
0,115,0,252,255,73,255,152,0,161,252,210,6,190,1,16,248,181,187,0,238,0,245,1,13,0,110,0,46,0,20,0,13,0,11,
0,102,0,14,0,67,255,152,0,161,252,210,6,178,0,184,248,91,190,0,237,0,245,1,13,0,111,0,47,0,21,0,14,0,12,
0,74,0,40,0,74,255,152,0,161,252,210,6,14,1,248,248,172,192,0,236,0,245,1,14,0,111,0,47,0,21,0,14,0,12,
0,74,0,40,0,74,255,152,0,161,252,210,6,75,2,95,248,251,189,0,236,0,246,1,15,0,111,0,47,0,20,0,13,0,11,
0,55,0,48,0,71,255,152,0,161,252,210,6,75,2,95,248,221,188,0,235,0,246,1,16,0,112,0,47,0,23,0,14,0,12,
0,41,0,60,0,81,255,152,0,161,252,210,6,141,1,42,248,221,188,0,236,0,247,1,16,0,111,0,47,0,22,0,14,0,11,
0,16,0,37,0,93,255,152,0,161,252,210,6,144,0,110,248,193,189,0,235,0,246,1,16,0,113,0,52,0,23,0,14,0,12,
0,16,0,37,0,93,255,152,0,161,252,210,6,16,1,147,248,123,192,0,235,0,246,1,16,0,113,0,52,0,23,0,14,0,12,
0,246,255,255,255,83,255,152,0,161,252,210,6,16,2,222,247,21,190,0,235,0,246,1,17,0,113,0,51,0,23,0,14,0,11,
0,248,255,238,255,54,255,152,0,161,252,210,6,165,2,222,247,21,190,0,234,0,246,1,17,0,113,0,51,0,23,0,15,0,12,
0,248,255,238,255,49,255,194,0,190,252,40,6,207,1,166,247,40,187,0,234,0,247,1,19,0,113,0,50,0,22,0,14,0,11,
0,248,255,241,255,49,255,194,0,190,252,40,6,208,0,29,248,185,189,0,232,0,246,1,19,0,114,0,50,0,23,0,14,0,12,
0,7,0,226,255,44,255,194,0,190,252,40,6,118,1,55,248,94,192,0,232,0,247,1,19,0,114,0,50,0,23,0,15,0,12,
0,243,255,1,0,62,255,194,0,190,252,40,6,118,1,55,248,43,189,0,232,0,247,1,19,0,114,0,49,0,23,0,15,0,12,
0,243,255,1,0,83,255,194,0,190,252,40,6,157,2,114,247,43,189,0,231,0,247,1,19,0,115,0,50,0,22,0,15,0,12,
0,230,255,26,0,83,255,194,0,190,252,40,6,122,1,104,247,76,188,0,230,0,247,1,19,0,114,0,49,0,22,0,14,0,11,
0,214,255,7,0,98,255,194,0,190,252,40,6,17,1,214,247,164,190,0,229,0,247,1,19,0,115,0,49,0,23,0,14,0,11,
0,220,255,217,255,91,255,194,0,190,252,40,6,250,1,96,247,34,191,0,228,0,247,1,19,0,114,0,49,0,22,0,14,0,12,
0,220,255,217,255,91,255,194,0,190,252,40,6,250,1,96,247,34,191,0,228,0,247,1,20,0,114,0,49,0,21,0,14,0,11,
0,239,255,205,255,78,255,194,0,190,252,40,6,234,1,26,247,240,188,0,226,0,247,1,20,0,115,0,49,0,22,0,14,0,12,
0,227,255,210,255,92,255,194,0,203,252,232,4,184,1,40,247,93,189,0,225,0,248,1,21,0,115,0,49,0,22,0,14,0,11,
0,232,255,190,255,92,255,149,0,203,252,232,4,59,1,52,247,134,190,0,224,0,247,1,20,0,115,0,50,0,23,0,14,0,12,
0,232,255,190,255,92,255,149,0,203,252,232,4,59,1,127,246,36,189,0,223,0,248,1,20,0,116,0,49,0,23,0,14,0,12,
0,242,255,203,255,75,255,149,0,203,252,232,4,101,2,127,246,36,189,0,222,0,248,1,19,0,115,0,49,0,22,0,14,0,11,
0,220,255,194,255,78,255,149,0,203,252,232,4,197,1,242,246,137,189,0,221,0,247,1,17,0,115,0,50,0,23,0,15,0,12,
0,221,255,194,255,73,255,149,0,203,252,232,4,178,1,224,246,132,191,0,221,0,247,1,17,0,114,0,49,0,22,0,14,0,11,
0,221,255,176,255,73,255,149,0,203,252,232,4,206,2,76,246,222,189,0,219,0,247,1,17,0,115,0,50,0,23,0,15,0,12,
0,206,255,147,255,89,255,149,0,203,252,232,4,206,2,76,246,30,189,0,218,0,247,1,17,0,115,0,50,0,23,0,15,0,12,
0,237,255,128,255,72,255,149,0,203,252,232,4,188,0,165,246,30,189,0,217,0,247,1,17,0,114,0,49,0,22,0,14,0,11,
0,237,255,128,255,75,255,149,0,203,252,232,4,85,1,237,246,111,192,0,215,0,247,1,16,0,114,0,49,0,23,0,15,0,12,
0,213,255,107,255,75,255,149,0,203,252,232,4,154,2,118,246,245,190,0,215,0,247,1,16,0,113,0,49,0,22,0,14,0,11,
0,188,255,79,255,81,255,228,0,181,252,138,6,154,2,146,246,197,188,0,213,0,247,1,15,0,114,0,49,0,21,0,14,0,12,
0,145,255,94,255,95,255,228,0,181,252,138,6,161,1,146,246,197,188,0,212,0,247,1,14,0,113,0,49,0,21,0,14,0,12,
0,145,255,94,255,95,255,228,0,181,252,138,6,118,0,124,247,152,191,0,212,0,247,1,13,0,113,0,49,0,21,0,14,0,12,
0,149,255,81,255,96,255,228,0,181,252,138,6,255,1,180,246,68,191,0,211,0,246,1,12,0,113,0,49,0,21,0,14,0,12,
0,142,255,94,255,101,255,228,0,181,252,138,6,33,2,134,246,230,188,0,212,0,247,1,12,0,112,0,48,0,20,0,13,0,11,
0,120,255,121,255,73,255,228,0,181,252,138,6,33,2,134,246,189,188,0,211,0,246,1,11,0,112,0,48,0,21,0,14,0,11,
0,120,255,121,255,73,255,228,0,181,252,138,6,8,1,47,247,189,188,0,211,0,246,1,11,0,112,0,48,0,21,0,14,0,12,
0,127,255,89,255,55,255,228,0,181,252,138,6,86,0,136,247,34,191,0,212,0,245,1,11,0,111,0,47,0,20,0,13,0,11,
0,115,255,47,255,72,255,228,0,181,252,138,6,85,1,163,247,92,191,0,212,0,245,1,10,0,111,0,48,0,21,0,14,0,12,
0,128,255,47,255,72,255,228,0,181,252,138,6,10,2,24,247,46,188,0,212,0,245,1,10,0,111,0,47,0,20,0,13,0,11,
0,128,255,51,255,72,255,188,0,206,252,19,6,10,2,24,247,46,188,0,212,0,244,1,9,0,111,0,48,0,21,0,14,0,11,
0,129,255,80,255,91,255,188,0,206,252,19,6,108,1,137,247,10,189,0,213,0,244,1,9,0,111,0,47,0,21,0,14,0,11,
0,126,255,82,255,80,255,188,0,206,252,19,6,19,0,93,248,30,189,0,213,0,244,1,9,0,111,0,48,0,21,0,14,0,12,
0,126,255,82,255,69,255,188,0,206,252,19,6,46,1,143,248,129,191,0,214,0,244,1,9,0,111,0,48,0,21,0,14,0,12,
0,162,255,83,255,69,255,188,0,206,252,19,6,46,1,143,247,82,188,0,214,0,244,1,10,0,110,0,47,0,20,0,14,0,11,
0,177,255,86,255,80,255,188,0,206,252,19,6,21,2,210,247,82,188,0,214,0,243,1,9,0,111,0,48,0,21,0,14,0,12,
0,191,255,82,255,107,255,188,0,206,252,19,6,16,1,55,248,47,187,0,214,0,243,1,9,0,111,0,48,0,21,0,14,0,12,
0,191,255,82,255,107,255,188,0,206,252,19,6,156,0,209,248,195,189,0,215,0,243,1,10,0,110,0,47,0,21,0,14,0,11,
0,158,255,61,255,114,255,188,0,206,252,19,6,152,1,175,248,247,189,0,215,0,243,1,10,0,111,0,47,0,21,0,14,0,12,
0,147,255,68,255,100,255,188,0,206,252,19,6,152,1,175,248,247,189,0,216,0,244,1,11,0,110,0,47,0,20,0,13,0,11,
0,177,255,55,255,80,255,167,0,209,252,151,6,157,2,14,248,246,188,0,216,0,243,1,10,0,111,0,47,0,21,0,14,0,12,
0,177,255,55,255,80,255,167,0,209,252,151,6,124,1,142,248,28,189,0,216,0,244,1,11,0,111,0,47,0,21,0,14,0,11,
0,200,255,36,255,69,255,167,0,209,252,151,6,130,0,235,248,70,189,0,216,0,244,1,11,0,111,0,47,0,21,0,14,0,11,
0,189,255,62,255,95,255,167,0,209,252,151,6,130,0,17,249,121,191,0,216,0,244,1,12,0,111,0,47,0,21,0,14,0,11,
0,189,255,62,255,117,255,167,0,209,252,151,6,216,0,17,249,121,191,0,217,0,245,1,13,0,111,0,47,0,20,0,13,0,11,
0,198,255,48,255,117,255,167,0,209,252,151,6,191,1,240,248,195,190,0,216,0,245,1,13,0,111,0,47,0,21,0,14,0,11,
0,175,255,34,255,127,255,167,0,209,252,151,6,49,1,218,248,203,188,0,216,0,245,1,13,0,111,0,47,0,21,0,14,0,11,
0,220,255,29,255,127,255,167,0,209,252,151,6,209,0,226,248,82,189,0,216,0,245,1,14,0,111,0,47,0,21,0,14,0,11,
0,220,255,29,255,132,255,167,0,209,252,151,6,209,0,226,248,167,190,0,216,0,246,1,14,0,112,0,47,0,20,0,14,0,11,
0,236,255,71,255,132,255,167,0,209,252,151,6,42,1,11,249,167,190,0,217,0,246,1,16,0,111,0,47,0,22,0,13,0,11,
0,224,255,104,255,152,255,234,0,227,252,176,6,92,1,10,249,83,190,0,216,0,246,1,16,0,113,0,48,0,22,0,14,0,12,
0,207,255,82,255,137,255,234,0,227,252,176,6,146,0,69,249,147,190,0,216,0,246,1,16,0,113,0,48,0,22,0,14,0,12,
0,207,255,82,255,137,255,234,0,227,252,176,6,146,0,11,249,28,191,0,216,0,247,1,16,0,112,0,48,0,22,0,14,0,11,
0,191,255,74,255,123,255,234,0,227,252,176,6,12,1,11,249,28,191,0,216,0,247,1,17,0,113,0,48,0,22,0,14,0,12,
0,197,255,66,255,152,255,234,0,227,252,176,6,151,1,36,249,102,190,0,216,0,247,1,18,0,113,0,48,0,21,0,14,0,12,
0,213,255,69,255,157,255,234,0,227,252,176,6,119,1,245,248,39,189,0,215,0,247,1,18,0,114,0,49,0,22,0,14,0,12,
0,213,255,69,255,157,255,234,0,227,252,176,6,88,0,25,249,76,189,0,215,0,247,1,19,0,114,0,49,0,22,0,14,0,12,
0,173,255,59,255,160,255,234,0,227,252,176,6,88,0,25,249,237,190,0,215,0,247,1,20,0,114,0,49,0,22,0,14,0,12,
0,171,255,65,255,138,255,234,0,227,252,176,6,116,0,219,249,237,190,0,215,0,247,1,20,0,115,0,49,0,22,0,14,0,12,
0,171,255,65,255,146,255,234,0,227,252,176,6,132,1,147,249,42,192,0,215,0,248,1,22,0,114,0,49,0,21,0,14,0,11,
0,178,255,86,255,146,255,234,0,227,252,176,6,228,1,26,249,1,189,0,215,0,248,1,22,0,115,0,49,0,22,0,14,0,12,
0,195,255,62,255,158,255,185,0,0,253,112,5,36,1,131,249,56,189,0,215,0,248,1,23,0,116,0,49,0,22,0,14,0,11,
0,196,255,77,255,154,255,185,0,0,253,112,5,36,1,131,249,56,189,0,215,0,249,1,23,0,115,0,43,0,20,0,14,0,12,
0,196,255,77,255,156,255,185,0,0,253,112,5,118,255,246,249,225,189,0,215,0,249,1,24,0,116,0,45,0,21,0,15,0,12,
0,170,255,106,255,156,255,185,0,0,253,112,5,196,1,115,249,130,192,0,214,0,249,1,25,0,116,0,46,0,20,0,14,0,11,
0,235,255,76,255,157,255,185,0,0,253,112,5,52,2,196,248,39,187,0,214,0,249,1,26,0,117,0,47,0,21,0,14,0,11,
0,31,0,68,255,156,255,185,0,0,253,112,5,52,2,119,249,168,189,0,213,0,249,1,27,0,117,0,48,0,22,0,14,0,12,
0,31,0,68,255,156,255,185,0,0,253,112,5,251,255,119,249,168,189,0,213,0,249,1,27,0,117,0,48,0,21,0,14,0,11,
0,48,0,88,255,160,255,185,0,0,253,112,5,178,1,146,249,49,191,0,213,0,249,1,28,0,117,0,48,0,21,0,14,0,11,
0,27,0,127,255,163,255,185,0,0,253,112,5,129,2,70,249,54,189,0,212,0,249,1,28,0,118,0,50,0,22,0,14,0,12,
0,23,0,134,255,150,255,185,0,0,253,112,5,116,1,184,248,215,187,0,212,0,249,1,29,0,119,0,50,0,22,0,14,0,12,
0,23,0,134,255,150,255,154,0,229,252,221,6,116,1,184,248,215,189,0,212,0,249,1,30,0,119,0,51,0,23,0,14,0,12,
0,49,0,156,255,157,255,154,0,229,252,221,6,42,1,32,249,202,189,0,212,0,249,1,30,0,119,0,50,0,22,0,14,0,11,
0,72,0,157,255,172,255,154,0,229,252,221,6,192,0,64,249,74,191,0,211,0,249,1,31,0,119,0,50,0,22,0,14,0,12,
0,72,0,157,255,215,255,154,0,229,252,221,6,179,2,218,248,77,191,0,210,0,249,1,31,0,120,0,51,0,23,0,15,0,12,
0,86,0,158,255,215,255,154,0,229,252,221,6,179,2,33,248,215,187,0,210,0,249,1,31,0,120,0,52,0,23,0,15,0,12,
0,94,0,143,255,230,255,154,0,229,252,221,6,176,1,33,248,215,187,0,209,0,249,1,31,0,120,0,52,0,23,0,15,0,12,
0,105,0,153,255,227,255,154,0,229,252,221,6,16,1,131,248,17,190,0,209,0,249,1,31,0,120,0,51,0,23,0,14,0,12,
0,105,0,153,255,193,255,154,0,229,252,221,6,155,1,155,248,107,192,0,208,0,250,1,31,0,120,0,51,0,23,0,14,0,11,
0,103,0,155,255,193,255,154,0,229,252,221,6,15,3,217,247,125,189,0,207,0,250,1,30,0,121,0,52,0,23,0,15,0,12,
0,94,0,200,255,173,255,154,0,229,252,221,6,15,3,217,247,240,187,0,206,0,249,1,30,0,120,0,52,0,23,0,15,0,12,
0,111,0,192,255,195,255,186,0,221,252,246,6,17,2,203,247,240,187,0,205,0,249,1,30,0,120,0,52,0,23,0,15,0,12,
0,111,0,192,255,195,255,186,0,221,252,246,6,24,2,211,247,218,189,0,204,0,249,1,29,0,120,0,52,0,23,0,14,0,11,
0,120,0,219,255,189,255,186,0,221,252,246,6,29,1,126,248,89,190,0,203,0,249,1,29,0,119,0,51,0,23,0,14,0,11,
0,96,0,207,255,201,255,186,0,221,252,246,6,38,2,163,247,143,191,0,202,0,249,1,27,0,120,0,56,0,24,0,14,0,12,
0,77,0,212,255,214,255,186,0,221,252,246,6,38,2,163,247,143,191,0,201,0,248,1,27,0,119,0,55,0,23,0,14,0,11,
0,77,0,212,255,214,255,186,0,221,252,246,6,230,2,82,247,237,189,0,201,0,248,1,26,0,119,0,54,0,24,0,14,0,11,
0,71,0,199,255,228,255,186,0,221,252,246,6,149,2,90,247,235,187,0,200,0,247,1,25,0,119,0,54,0,24,0,14,0,11,
0,19,0,189,255,218,255,186,0,221,252,246,6,52,1,141,247,153,189,0,200,0,247,1,25,0,119,0,53,0,24,0,15,0,12,
0,19,0,189,255,203,255,186,0,221,252,246,6,52,1,141,247,126,192,0,200,0,247,1,24,0,118,0,52,0,23,0,14,0,11,
0,32,0,190,255,203,255,186,0,221,252,246,6,209,1,174,247,126,192,0,198,0,247,1,23,0,118,0,52,0,23,0,15,0,12,
0,27,0,184,255,225,255,146,0,251,252,13,6,150,3,184,246,252,189,0,198,0,246,1,22,0,118,0,52,0,23,0,15,0,12,
0,8,0,151,255,221,255,146,0,251,252,13,6,116,2,100,247,147,189,0,198,0,246,1,22,0,117,0,51,0,23,0,14,0,11,
0,8,0,151,255,221,255,146,0,251,252,13,6,188,1,82,247,64,189,0,198,0,246,1,21,0,118,0,51,0,23,0,15,0,12,
0,247,255,153,255,208,255,146,0,251,252,13,6,188,1,82,247,64,189,0,197,0,245,1,20,0,117,0,51,0,23,0,14,0,11,
0,254,255,109,255,218,255,146,0,251,252,13,6,210,1,149,247,190,191,0,197,0,244,1,18,0,117,0,51,0,23,0,15,0,12,
0,238,255,103,255,205,255,146,0,251,252,13,6,190,2,127,247,89,191,0,197,0,244,1,17,0,116,0,51,0,23,0,15,0,12,
0,238,255,103,255,205,255,146,0,251,252,13,6,152,2,55,247,1,188,0,197,0,243,1,17,0,115,0,50,0,23,0,14,0,12,
0,239,255,128,255,217,255,146,0,251,252,13,6,152,2,131,247,24,189,0,198,0,243,1,16,0,116,0,51,0,23,0,15,0,12,
0,231,255,105,255,232,255,146,0,251,252,13,6,156,1,131,247,24,189,0,198,0,242,1,15,0,114,0,50,0,20,0,14,0,11,
0,196,255,75,255,236,255,146,0,251,252,13,6,168,1,204,247,222,190,0,198,0,241,1,13,0,114,0,50,0,21,0,14,0,12,
0,196,255,75,255,236,255,146,0,251,252,13,6,174,2,203,247,144,190,0,199,0,240,1,12,0,114,0,50,0,22,0,14,0,12,
0,166,255,70,255,246,255,198,0,224,252,183,6,158,2,193,247,97,189,0,199,0,239,1,11,0,113,0,49,0,21,0,14,0,11,
0,164,255,72,255,215,255,198,0,224,252,183,6,158,2,193,247,210,188,0,200,0,239,1,11,0,112,0,48,0,21,0,13,0,11,
0,164,255,72,255,203,255,198,0,224,252,183,6,43,2,205,247,210,188,0,200,0,238,1,9,0,112,0,49,0,22,0,14,0,12,
0,172,255,47,255,203,255,198,0,224,252,183,6,4,2,205,247,119,188,0,200,0,238,1,8,0,111,0,48,0,21,0,14,0,11,
0,192,255,5,255,190,255,198,0,224,252,183,6,58,2,80,248,157,190,0,200,0,237,1,8,0,111,0,48,0,21,0,14,0,11,
0,204,255,19,255,202,255,198,0,224,252,183,6,58,2,179,247,33,188,0,201,0,237,1,8,0,111,0,47,0,20,0,13,0,11,
0,204,255,19,255,202,255,198,0,224,252,183,6,21,3,179,247,33,188,0,201,0,237,1,7,0,110,0,47,0,20,0,13,0,11,
0,200,255,23,255,219,255,198,0,224,252,183,6,80,1,44,248,235,186,0,201,0,236,1,5,0,110,0,47,0,21,0,14,0,12,
0,167,255,241,254,205,255,198,0,224,252,183,6,0,2,192,248,35,193,0,202,0,236,1,6,0,110,0,47,0,20,0,14,0,11,
0,165,255,252,254,213,255,198,0,224,252,183,6,10,3,115,247,61,187,0,202,0,236,1,4,0,109,0,47,0,21,0,14,0,12,
0,165,255,252,254,213,255,163,0,236,252,70,6,10,3,115,247,175,187,0,203,0,236,1,5,0,109,0,47,0,20,0,13,0,11,
0,185,255,246,254,180,255,163,0,236,252,70,6,10,1,50,248,175,187,0,204,0,236,1,4,0,108,0,47,0,20,0,14,0,11,
0,191,255,226,254,162,255,163,0,236,252,70,6,136,1,224,248,127,191,0,204,0,236,1,3,0,109,0,47,0,21,0,14,0,12,
0,139,255,233,254,125,255,163,0,236,252,70,6,204,2,8,248,180,188,0,205,0,236,1,3,0,109,0,47,0,21,0,14,0,12,
0,139,255,233,254,125,255,163,0,236,252,70,6,96,1,54,248,22,188,0,207,0,236,1,3,0,108,0,47,0,21,0,14,0,12,
0,135,255,7,255,133,255,163,0,236,252,70,6,96,1,54,248,22,188,0,208,0,236,1,3,0,107,0,46,0,20,0,13,0,11,
0,152,255,26,255,126,255,163,0,236,252,70,6,228,0,147,248,55,190,0,209,0,236,1,3,0,108,0,46,0,20,0,13,0,11,
0,152,255,26,255,124,255,163,0,236,252,70,6,142,1,153,248,214,190,0,210,0,236,1,2,0,108,0,47,0,21,0,14,0,12,
0,141,255,6,255,124,255,163,0,236,252,70,6,26,2,162,248,105,189,0,211,0,235,1,2,0,108,0,46,0,20,0,13,0,11,
0,152,255,18,255,96,255,163,0,236,252,70,6,26,2,114,248,77,187,0,212,0,235,1,2,0,107,0,46,0,20,0,14,0,11,
0,150,255,253,254,87,255,192,0,8,253,85,5,149,1,114,248,77,187,0,214,0,236,1,2,0,107,0,46,0,20,0,13,0,11,
0,150,255,253,254,87,255,192,0,8,253,85,5,232,0,225,248,2,189,0,216,0,236,1,2,0,107,0,45,0,19,0,13,0,11,
0,156,255,13,255,84,255,192,0,8,253,85,5,13,1,106,249,95,191,0,217,0,236,1,1,0,107,0,46,0,20,0,14,0,11,
0,148,255,30,255,82,255,192,0,8,253,85,5,230,1,243,248,229,189,0,217,0,236,1,1,0,107,0,46,0,20,0,13,0,11,
0,118,255,36,255,81,255,192,0,8,253,85,5,230,1,243,248,229,188,0,219,0,237,1,2,0,107,0,46,0,20,0,14,0,11,
0,118,255,36,255,81,255,192,0,8,253,85,5,129,1,224,248,87,188,0,220,0,237,1,2,0,106,0,45,0,19,0,13,0,11,
0,116,255,30,255,88,255,192,0,8,253,85,5,12,1,96,249,229,187,0,220,0,238,1,2,0,107,0,46,0,20,0,14,0,11,
0,132,255,40,255,101,255,192,0,8,253,85,5,82,0,130,249,105,189,0,222,0,238,1,3,0,106,0,45,0,19,0,13,0,11,
0,150,255,58,255,103,255,192,0,8,253,85,5,82,0,95,249,178,191,0,222,0,239,1,3,0,107,0,46,0,20,0,14,0,11,
0,150,255,58,255,103,255,192,0,8,253,85,5,68,1,95,249,178,191,0,222,0,239,1,3,0,107,0,46,0,20,0,14,0,11,
0,144,255,78,255,120,255,12,1,239,252,193,6,72,2,211,248,63,189,0,223,0,240,1,4,0,107,0,46,0,20,0,14,0,12,
0,182,255,102,255,109,255,12,1,239,252,193,6,138,1,6,249,124,188,0,223,0,241,1,4,0,107,0,46,0,20,0,14,0,12,
0,182,255,102,255,92,255,12,1,239,252,193,6,216,0,22,249,185,188,0,224,0,242,1,6,0,107,0,46,0,20,0,13,0,11,
0,201,255,100,255,92,255,12,1,239,252,193,6,216,0,22,249,159,191,0,223,0,242,1,6,0,108,0,47,0,20,0,14,0,12,
0,217,255,73,255,82,255,12,1,239,252,193,6,35,1,151,249,159,191,0,223,0,242,1,6,0,108,0,46,0,21,0,14,0,12,
0,205,255,100,255,85,255,12,1,239,252,193,6,13,2,105,249,198,190,0,224,0,243,1,8,0,108,0,46,0,20,0,13,0,11,
0,205,255,100,255,85,255,12,1,239,252,193,6,230,1,122,248,38,188,0,224,0,244,1,9,0,109,0,46,0,21,0,14,0,12,
0,187,255,142,255,96,255,12,1,239,252,193,6,230,0,19,249,180,188,0,224,0,245,1,10,0,109,0,46,0,20,0,13,0,11,
0,191,255,187,255,74,255,12,1,239,252,193,6,128,0,19,249,180,188,0,224,0,245,1,11,0,110,0,47,0,20,0,14,0,11,
0,200,255,191,255,62,255,12,1,239,252,193,6,25,1,26,249,110,192,0,224,0,246,1,12,0,110,0,47,0,21,0,14,0,11,
0,200,255,191,255,62,255,12,1,239,252,193,6,188,2,76,248,3,191,0,224,0,247,1,13,0,110,0,46,0,20,0,13,0,11,
0,162,255,169,255,74,255,181,0,35,253,57,6,234,1,19,248,40,189,0,224,0,247,1,14,0,111,0,47,0,20,0,13,0,11,
0,164,255,165,255,76,255,181,0,35,253,57,6,234,1,19,248,125,189,0,223,0,247,1,14,0,111,0,47,0,21,0,14,0,11,
0,131,255,165,255,88,255,181,0,35,253,57,6,199,0,112,248,125,189,0,223,0,247,1,15,0,111,0,47,0,20,0,13,0,11,
0,131,255,187,255,88,255,181,0,35,253,57,6,76,1,97,248,114,192,0,224,0,248,1,16,0,111,0,47,0,22,0,13,0,11,
0,132,255,203,255,91,255,181,0,35,253,57,6,41,2,70,248,144,191,0,223,0,248,1,17,0,112,0,47,0,22,0,14,0,11,
0,141,255,232,255,96,255,181,0,35,253,57,6,49,2,171,247,3,190,0,223,0,248,1,17,0,113,0,48,0,22,0,14,0,12,
0,141,255,232,255,66,255,181,0,35,253,57,6,49,2,171,247,3,190,0,223,0,248,1,19,0,113,0,47,0,21,0,14,0,11,
0,141,255,248,255,66,255,181,0,35,253,57,6,200,1,182,247,129,189,0,222,0,248,1,19,0,114,0,48,0,22,0,14,0,12,
0,124,255,235,255,73,255,181,0,35,253,57,6,83,1,117,248,40,191,0,222,0,248,1,20,0,113,0,43,0,21,0,15,0,12,
0,122,255,228,255,103,255,181,0,35,253,57,6,101,2,52,248,129,192,0,222,0,249,1,20,0,113,0,44,0,20,0,14,0,12,
0,122,255,228,255,103,255,223,0,187,252,208,6,101,2,96,247,87,190,0,221,0,248,1,20,0,115,0,46,0,21,0,14,0,12,
0,142,255,250,255,82,255,223,0,187,252,208,6,14,2,96,247,87,190,0,221,0,248,1,21,0,114,0,46,0,21,0,14,0,12,
0,156,255,247,255,81,255,223,0,187,252,208,6,219,1,179,247,91,190,0,221,0,248,1,22,0,115,0,47,0,21,0,14,0,12,
0,133,255,232,255,76,255,223,0,187,252,208,6,198,1,216,247,58,191,0,221,0,249,1,22,0,115,0,47,0,21,0,14,0,11,
0,133,255,232,255,76,255,223,0,187,252,208,6,225,1,131,247,114,191,0,220,0,250,1,22,0,116,0,48,0,21,0,14,0,12,
0,120,255,212,255,62,255,223,0,187,252,208,6,225,1,131,247,15,192,0,220,0,251,1,22,0,116,0,49,0,22,0,14,0,12,
0,92,255,229,255,69,255,223,0,187,252,208,6,2,2,89,247,15,192,0,220,0,251,1,22,0,116,0,49,0,22,0,14,0,11,
0,98,255,229,255,89,255,223,0,187,252,208,6,221,1,37,247,87,191,0,220,0,251,1,22,0,116,0,49,0,22,0,14,0,12,
0,98,255,239,255,89,255,223,0,187,252,208,6,31,2,87,247,13,191,0,220,0,251,1,22,0,116,0,49,0,22,0,14,0,12,
0,85,255,3,0,125,255,223,0,187,252,208,6,31,2,250,246,252,190,0,220,0,251,1,22,0,116,0,49,0,22,0,14,0,11,
0,92,255,231,255,85,255,240,0,209,252,215,6,222,1,250,246,252,190,0,219,0,251,1,21,0,116,0,50,0,23,0,14,0,12,
0,92,255,231,255,64,255,240,0,209,252,215,6,222,1,31,247,110,191,0,219,0,251,1,22,0,116,0,49,0,22,0,14,0,11,
0,82,255,216,255,64,255,240,0,209,252,215,6,81,1,39,247,73,192,0,219,0,251,1,21,0,116,0,50,0,23,0,14,0,11,
0,43,255,205,255,86,255,240,0,209,252,215,6,8,2,52,247,222,193,0,218,0,251,1,20,0,116,0,50,0,22,0,14,0,11,
0,40,255,207,255,97,255,240,0,209,252,215,6,8,2,52,247,59,190,0,218,0,251,1,20,0,115,0,49,0,22,0,14,0,11,
0,40,255,207,255,97,255,240,0,209,252,215,6,147,2,83,246,59,190,0,217,0,252,1,19,0,116,0,50,0,23,0,14,0,12,
0,46,255,215,255,109,255,240,0,209,252,215,6,145,1,170,246,138,190,0,217,0,251,1,19,0,115,0,49,0,22,0,14,0,11,
0,42,255,230,255,73,255,240,0,209,252,215,6,11,1,34,247,8,193,0,216,0,251,1,18,0,116,0,49,0,23,0,14,0,12,
0,45,255,8,0,44,255,240,0,209,252,215,6,87,2,208,246,141,193,0,216,0,251,1,17,0,115,0,50,0,23,0,14,0,12,
0,45,255,8,0,44,255,240,0,209,252,215,6,87,2,208,246,141,193,0,215,0,251,1,17,0,114,0,49,0,22,0,14,0,12,
0,54,255,1,0,63,255,161,0,21,253,1,6,94,2,25,246,22,191,0,215,0,250,1,16,0,115,0,54,0,23,0,14,0,12,
0,81,255,209,255,78,255,161,0,21,253,1,6,144,1,80,246,24,191,0,214,0,251,1,16,0,114,0,53,0,23,0,14,0,11,
0,91,255,209,255,50,255,161,0,21,253,1,6,162,0,140,246,76,192,0,214,0,250,1,15,0,114,0,52,0,21,0,14,0,11,
0,91,255,226,255,50,255,161,0,21,253,1,6,162,0,140,246,21,195,0,213,0,249,1,14,0,114,0,52,0,22,0,14,0,12,
0,73,255,234,255,46,255,161,0,21,253,1,6,88,1,191,246,21,195,0,213,0,250,1,14,0,113,0,51,0,21,0,14,0,11,
0,39,255,234,255,37,255,161,0,21,253,1,6,110,2,228,245,19,193,0,212,0,249,1,12,0,113,0,51,0,22,0,14,0,12,
0,39,255,234,255,69,255,161,0,21,253,1,6,152,1,244,245,230,189,0,212,0,249,1,12,0,113,0,49,0,21,0,14,0,11,
0,22,255,227,255,69,255,161,0,21,253,1,6,249,255,201,246,178,192,0,211,0,248,1,11,0,113,0,49,0,22,0,14,0,11,
0,14,255,232,255,68,255,161,0,21,253,1,6,249,255,201,246,178,192,0,211,0,247,1,10,0,112,0,49,0,22,0,14,0,12,
0,245,254,221,255,70,255,161,0,21,253,1,6,248,1,92,246,247,194,0,211,0,247,1,10,0,111,0,49,0,21,0,14,0,11,
0,245,254,221,255,70,255,161,0,9,253,225,6,180,1,180,245,203,190,0,210,0,247,1,8,0,111,0,49,0,22,0,14,0,12,
0,8,255,206,255,67,255,225,0,9,253,225,6,236,0,101,246,86,192,0,210,0,246,1,8,0,111,0,47,0,20,0,13,0,11,
0,247,254,192,255,47,255,225,0,9,253,225,6,236,0,134,246,191,193,0,210,0,245,1,7,0,111,0,48,0,21,0,14,0,11,
0,244,254,201,255,54,255,225,0,9,253,225,6,63,1,134,246,191,193,0,209,0,244,1,6,0,110,0,48,0,21,0,14,0,12,
0,244,254,201,255,54,255,225,0,9,253,225,6,9,2,11,246,33,192,0,210,0,244,1,6,0,110,0,47,0,20,0,13,0,11,
0,12,255,199,255,50,255,225,0,9,253,225,6,97,0,151,246,58,191,0,209,0,243,1,4,0,110,0,47,0,21,0,14,0,12,
0,7,255,199,255,52,255,225,0,9,253,225,6,122,1,178,246,175,193,0,209,0,243,1,4,0,109,0,47,0,20,0,13,0,11,
0,7,254,199,255,61,255,225,0,9,253,225,6,122,1,178,246,77,191,0,209,0,241,1,3,0,109,0,47,0,21,0,14,0,11,
0,242,254,198,255,61,255,225,0,9,253,225,6,149,1,100,246,77,191,0,209,0,241,1,2,0,108,0,46,0,20,0,13,0,11,
0,238,254,175,255,26,255,225,0,9,253,225,6,17,1,20,247,174,191,0,209,0,241,1,1,0,108,0,46,0,20,0,14,0,11,
0,2,255,179,255,252,254,225,0,9,253,225,6,60,1,235,246,80,191,0,209,0,239,1,1,0,108,0,47,0,21,0,14,0,12,
0,2,255,179,255,250,254,207,0,250,252,229,5,60,1,29,247,6,192,0,209,0,239,1,0,0,107,0,46,0,20,0,13,0,11,
0,253,254,182,255,250,254,207,0,250,252,229,5,57,1,29,247,6,192,0,209,0,238,1,0,0,107,0,46,0,21,0,14,0,12,
0,212,254,195,255,3,255,207,0,250,252,229,5,11,2,37,247,240,191,0,209,0,238,0,255,0,107,0,46,0,23,0,14,0,12,
0,217,254,195,255,14,255,207,0,250,252,229,5,64,1,104,247,200,189,0,209,0,237,0,255,0,106,0,46,0,22,0,14,0,12,
0,217,254,195,255,14,255,207,0,250,252,229,5,62,1,239,247,43,193,0,209,0,237,0,255,0,106,0,46,0,22,0,14,0,12,
0,213,254,207,255,28,255,207,0,250,252,229,5,62,1,239,247,6,191,0,209,0,237,0,255,0,105,0,45,0,21,0,14,0,11,
0,223,254,220,255,4,255,207,0,250,252,229,5,99,2,46,247,6,191,0,209,0,236,0,254,0,106,0,46,0,21,0,14,0,12,
0,224,254,218,255,10,255,207,0,250,252,229,5,61,1,104,247,122,189,0,210,0,236,0,254,0,105,0,46,0,21,0,14,0,11,
0,224,254,218,255,10,255,207,0,250,252,229,5,90,1,221,247,3,193,0,210,0,236,0,254,0,104,0,45,0,20,0,14,0,11,
0,225,254,197,255,2,255,207,0,250,252,229,5,29,2,120,247,101,192,0,210,0,236,0,254,0,105,0,45,0,21,0,14,0,11,
0,5,255,183,255,250,254,96,0,74,253,228,5,29,2,120,247,101,192,0,211,0,236,0,254,0,104,0,44,0,20,0,13,0,11,
0,5,255,183,255,0,255,96,0,74,253,228,5,40,2,67,247,65,191,0,211,0,235,0,253,0,105,0,44,0,20,0,13,0,11,
0,42,255,193,255,0,255,96,0,74,253,228,5,206,1,243,246,187,189,0,211,0,235,0,253,0,104,0,45,0,21,0,14,0,11,
0,45,255,211,255,236,254,96,0,74,253,228,5,144,1,234,247,176,191,0,211,0,235,0,253,0,104,0,44,0,20,0,13,0,11,
0,11,255,181,255,237,254,96,0,74,253,228,5,144,1,220,247,85,192,0,212,0,236,0,254,0,104,0,44,0,20,0,13,0,11,
0,11,255,181,255,231,254,96,0,74,253,228,5,202,1,220,247,85,192,0,212,0,235,0,253,0,104,0,44,0,21,0,14,0,11,
0,254,254,156,255,231,254,96,0,74,253,228,5,75,2,30,247,61,190,0,211,0,235,0,252,0,104,0,44,0,20,0,14,0,11,
0,255,254,129,255,233,254,96,0,74,253,228,5,128,1,77,247,222,189,0,212,0,235,0,252,0,104,0,44,0,21,0,14,0,12,
0,18,255,130,255,234,254,96,0,74,253,228,5,163,0,144,247,252,191,0,212,0,235,0,252,0,104,0,44,0,20,0,14,0,11,
0,18,255,130,255,234,254,96,0,74,253,228,5,163,0,144,247,255,192,0,212,0,235,0,252,0,104,0,44,0,21,0,14,0,12,
0,3,255,113,255,223,254,214,0,219,252,19,6,168,2,46,247,255,192,0,212,0,235,0,252,0,104,0,44,0,20,0,13,0,11,
0,254,254,91,255,222,254,214,0,219,252,19,6,32,2,253,246,37,190,0,211,0,235,0,251,0,104,0,44,0,20,0,14,0,12,
0,251,254,106,255,226,254,214,0,219,252,19,6,31,1,7,247,181,189,0,211,0,235,0,251,0,104,0,45,0,21,0,14,0,12,
0,251,254,106,255,226,254,214,0,219,252,19,6,31,1,89,247,14,192,0,211,0,235,0,250,0,103,0,44,0,20,0,13,0,12,
0,238,254,94,255,231,254,214,0,219,252,19,6,208,0,89,247,14,192,0,211,0,235,0,250,0,104,0,44,0,21,0,14,0,12,
0,16,255,68,255,239,254,214,0,219,252,19,6,176,2,52,247,22,193,0,211,0,235,0,250,0,103,0,44,0,20,0,13,0,11,
0,16,255,68,255,233,254,214,0,219,252,19,6,117,2,198,246,255,187,0,210,0,234,0,249,0,103,0,44,0,21,0,13,0,11,
0,20,255,83,255,233,254,214,0,219,252,19,6,51,0,122,247,228,190,0,211,0,234,0,249,0,103,0,44,0,21,0,14,0,11,
0,34,255,71,255,233,254,214,0,219,252,19,6,51,0,122,247,72,193,0,210,0,235,0,248,0,102,0,43,0,20,0,13,0,11,
0,55,255,51,255,245,254,214,0,219,252,19,6,95,2,75,247,72,193,0,210,0,234,0,247,0,102,0,44,0,20,0,13,0,11,
0,55,255,51,255,245,254,192,0,41,253,184,5,226,2,166,246,88,189,0,210,0,235,0,248,0,102,0,43,0,20,0,13,0,11,
0,110,255,63,255,248,254,192,0,41,253,184,5,104,1,11,247,119,189,0,209,0,234,0,247,0,102,0,43,0,20,0,13,0,11,
0,122,255,44,255,248,254,192,0,41,253,184,5,160,0,192,247,100,191,0,208,0,234,0,247,0,102,0,43,0,20,0,13,0,11,
0,94,255,35,255,241,254,192,0,41,253,184,5,160,0,192,247,100,191,0,209,0,234,0,247,0,101,0,43,0,19,0,13,0,11,
0,94,255,35,255,241,254,192,0,41,253,184,5,58,1,95,247,79,193,0,208,0,233,0,246,0,101,0,43,0,20,0,14,0,11,
0,70,255,32,255,4,255,192,0,41,253,184,5,52,2,240,246,193,191,0,208,0,233,0,246,0,101,0,43,0,19,0,13,0,11,
0,33,255,68,255,25,255,192,0,41,253,184,5,251,1,156,246,214,188,0,208,0,233,0,246,0,101,0,43,0,20,0,13,0,11,
0,60,255,53,255,42,255,192,0,41,253,184,5,251,1,156,247,41,190,0,207,0,233,0,245,0,101,0,43,0,20,0,14,0,12,
0,60,255,53,255,42,255,192,0,41,253,184,5,101,0,45,247,41,190,0,208,0,233,0,246,0,100,0,43,0,19,0,13,0,11,
0,84,255,58,255,41,255,192,0,41,253,184,5,192,0,96,247,109,192,0,207,0,233,0,245,0,101,0,43,0,20,0,14,0,12,
0,93,255,65,255,53,255,192,0,41,253,184,5,120,2,118,246,160,191,0,207,0,232,0,244,0,100,0,43,0,20,0,13,0,11,
0,93,255,65,255,47,255,164,0,196,252,27,7,126,1,113,246,240,189,0,207,0,232,0,244,0,101,0,43,0,20,0,14,0,11,
0,88,255,63,255,47,255,164,0,196,252,27,7,126,1,113,246,240,189,0,207,0,232,0,243,0,100,0,43,0,20,0,14,0,12,
0,57,255,73,255,51,255,164,0,196,252,27,7,64,0,190,246,236,189,0,207,0,231,0,243,0,100,0,42,0,19,0,13,0,11,
0,51,255,54,255,70,255,164,0,196,252,27,7,113,0,226,246,138,192,0,206,0,231,0,243,0,100,0,43,0,20,0,14,0,12,
0,51,255,54,255,70,255,164,0,196,252,27,7,137,1,193,246,170,192,0,206,0,231,0,243,0,99,0,42,0,19,0,13,0,11,
0,85,255,54,255,65,255,164,0,196,252,27,7,137,1,85,246,75,189,0,206,0,230,0,243,0,99,0,37,0,19,0,14,0,12,
0,48,255,62,255,50,255,164,0,196,252,27,7,98,1,85,246,75,189,0,206,0,230,0,243,0,99,0,38,0,19,0,14,0,12,
0,37,255,60,255,53,255,164,0,196,252,27,7,102,0,172,246,215,189,0,207,0,230,0,242,0,99,0,39,0,18,0,13,0,11,
0,37,255,60,255,53,255,164,0,196,252,27,7,64,0,22,247,91,192,0,206,0,229,0,242,0,99,0,40,0,19,0,13,0,12,
0,38,255,77,255,37,255,164,0,196,252,27,7,137,1,145,246,111,192,0,207,0,229,0,242,0,99,0,40,0,18,0,13,0,11,
0,64,255,71,255,40,255,184,0,41,253,101,6,137,1,145,246,17,190,0,206,0,228,0,241,0,99,0,40,0,19,0,13,0,11,
0,60,255,100,255,50,255,184,0,41,253,101,6,238,0,57,246,17,190,0,206,0,229,0,241,0,99,0,41,0,19,0,13,0,11,
0,60,255,100,255,50,255,184,0,41,253,101,6,210,255,237,246,222,189,0,206,0,228,0,240,0,99,0,41,0,19,0,13,0,11,
0,51,255,103,255,49,255,184,0,41,253,101,6,108,0,238,246,119,192,0,206,0,228,0,240,0,98,0,41,0,19,0,13,0,11,
0,55,255,93,255,47,255,184,0,41,253,101,6,108,0,188,246,174,191,0,206,0,229,0,240,0,97,0,41,0,19,0,13,0,11,
0,55,255,93,255,53,255,184,0,41,253,101,6,116,1,188,246,174,191,0,206,0,227,0,239,0,98,0,41,0,17,0,13,0,11,
0,47,255,126,255,53,255,184,0,41,253,101,6,121,1,167,246,198,189,0,205,0,227,0,239,0,98,0,41,0,18,0,13,0,11,
0,61,255,138,255,17,255,184,0,41,253,101,6,13,0,239,246,54,189,0,206,0,228,0,239,0,97,0,41,0,17,0,13,0,11,
0,96,255,117,255,239,254,184,0,41,253,101,6,102,0,111,247,27,192,0,205,0,227,0,238,0,97,0,40,0,17,0,12,0,11,
0,96,255,117,255,239,254,184,0,41,253,101,6,102,0,111,247,118,191,0,205,0,227,0,237,0,97,0,41,0,19,0,13,0,11,
0,101,255,107,255,232,254,126,0,28,253,147,6,125,1,56,247,118,191,0,204,0,227,0,238,0,97,0,41,0,19,0,13,0,11,
0,91,255,97,255,240,254,126,0,28,253,147,6,247,0,229,246,55,189,0,203,0,227,0,237,0,97,0,41,0,19,0,13,0,11,
0,56,255,125,255,20,255,126,0,28,253,147,6,39,0,8,247,13,189,0,203,0,227,0,238,0,97,0,41,0,18,0,13,0,11,
0,56,255,125,255,20,255,126,0,28,253,147,6,56,0,205,247,176,191,0,203,0,227,0,238,0,97,0,41,0,19,0,13,0,12,
0,58,255,109,255,9,255,126,0,28,253,147,6,56,0,205,247,176,191,0,202,0,227,0,238,0,96,0,41,0,18,0,13,0,11,
0,62,255,67,255,254,254,126,0,28,253,147,6,56,1,164,247,105,191,0,201,0,227,0,237,0,97,0,41,0,19,0,13,0,11,
0,81,255,85,255,4,255,126,0,28,253,147,6,6,1,77,247,27,190,0,201,0,227,0,238,0,97,0,41,0,19,0,13,0,11,
0,81,255,85,255,4,255,126,0,28,253,147,6,235,0,144,247,143,190,0,200,0,228,0,238,0,97,0,45,0,18,0,12,0,11,
0,105,255,102,255,238,254,126,0,28,253,147,6,235,0,200,247,110,190,0,200,0,227,0,238,0,97,0,44,0,19,0,12,0,11,
0,111,255,110,255,6,255,126,0,28,253,147,6,254,0,200,247,110,190,0,200,0,228,0,239,0,96,0,43,0,18,0,12,0,10,
0,111,255,110,255,251,254,237,0,0,253,205,6,92,1,203,247,225,189,0,199,0,227,0,238,0,97,0,43,0,19,0,13,0,11,
0,99,255,94,255,251,254,237,0,0,253,205,6,33,1,132,247,68,190,0,199,0,227,0,238,0,96,0,42,0,19,0,13,0,11,
0,99,255,91,255,229,254,237,0,0,253,205,6,14,0,7,248,222,190,0,200,0,227,0,238,0,96,0,41,0,18,0,12,0,11,
0,110,255,107,255,224,254,237,0,0,253,205,6,14,0,7,248,222,191,0,198,0,227,0,238,0,97,0,42,0,19,0,13,0,11,
0,110,255,107,255,224,254,237,0,0,253,205,6,139,0,1,248,188,191,0,199,0,227,0,238,0,96,0,41,0,18,0,12,0,11,
0,111,255,103,255,208,254,237,0,0,253,205,6,169,1,2,248,206,191,0,198,0,226,0,238,0,97,0,41,0,19,0,13,0,11,
0,125,255,117,255,230,254,237,0,0,253,205,6,147,1,181,247,93,189,0,198,0,227,0,238,0,97,0,41,0,18,0,13,0,11,
0,181,255,113,255,241,254,237,0,0,253,205,6,147,1,245,247,205,188,0,198,0,226,0,238,0,96,0,41,0,18,0,13,0,11,
0,181,255,113,255,241,254,237,0,0,253,205,6,46,1,245,247,205,188,0,198,0,226,0,237,0,96,0,41,0,18,0,13,0,11,
0,223,255,136,255,229,254,237,0,0,253,205,6,67,0,36,248,150,190,0,199,0,226,0,236,0,96,0,41,0,19,0,13,0,12,
0,168,255,129,255,241,254,237,0,0,253,205,6,34,1,77,248,96,191,0,199,0,225,0,236,0,96,0,41,0,19,0,13,0,11,
0,131,255,101,255,234,254,187,0,40,253,78,5,72,1,94,248,42,191,0,200,0,225,0,236,0,96,0,41,0,18,0,12,0,11,
0,131,255,101,255,234,254,187,0,40,253,78,5,72,1,94,248,194,189,0,200,0,225,0,235,0,96,0,41,0,18,0,13,0,11,
0,115,255,107,255,237,254,187,0,40,253,78,5,42,1,20,248,194,189,0,200,0,225,0,235,0,95,0,41,0,18,0,13,0,11,
0,166,255,97,255,227,254,187,0,40,253,78,5,215,0,86,248,250,189,0,199,0,224,0,234,0,96,0,41,0,19,0,13,0,11,
0,166,255,97,255,212,254,187,0,40,253,78,5,67,0,165,248,97,190,0,200,0,224,0,234,0,95,0,41,0,18,0,13,0,11,
0,173,255,102,255,212,254,187,0,40,253,78,5,67,1,133,248,95,191,0,199,0,224,0,234,0,95,0,41,0,18,0,13,0,11,
0,200,255,90,255,208,254,187,0,40,253,78,5,63,1,133,248,95,191,0,200,0,224,0,234,0,95,0,40,0,18,0,13,0,11,
0,180,255,94,255,224,254,187,0,40,253,78,5,172,1,132,248,10,190,0,200,0,224,0,233,0,94,0,40,0,17,0,12,0,11,
0,180,255,94,255,224,254,187,0,40,253,78,5,176,0,187,248,47,188,0,200,0,223,0,233,0,95,0,41,0,18,0,13,0,11,
0,139,255,76,255,223,254,187,0,40,253,78,5,91,0,22,249,18,192,0,200,0,223,0,233,0,94,0,40,0,18,0,13,0,11,
0,159,255,44,255,224,254,114,0,47,253,179,6,91,0,22,249,48,191,0,200,0,223,0,233,0,94,0,40,0,17,0,12,0,11,
0,231,255,23,255,222,254,114,0,47,253,179,6,199,1,124,248,48,191,0,200,0,223,0,232,0,94,0,40,0,17,0,12,0,11,
0,231,255,23,255,222,254,114,0,47,253,179,6,64,1,113,248,63,188,0,200,0,223,0,232,0,94,0,40,0,17,0,12,0,11,
0,218,255,65,255,210,254,114,0,47,253,179,6,90,0,67,249,187,189,0,200,0,223,0,232,0,94,0,40,0,18,0,13,0,11,
0,175,255,53,255,189,254,114,0,47,253,179,6,135,1,41,249,48,191,0,201,0,223,0,231,0,94,0,40,0,18,0,12,0,11,
0,213,255,53,255,189,254,114,0,47,253,179,6,135,1,41,249,48,191,0,201,0,223,0,232,0,93,0,40,0,17,0,12,0,11,
0,213,255,47,255,189,254,114,0,47,253,179,6,118,1,146,248,227,189,0,202,0,223,0,231,0,94,0,40,0,17,0,13,0,11,
0,235,255,42,255,189,254,114,0,47,253,179,6,67,1,137,248,177,187,0,202,0,223,0,230,0,94,0,40,0,19,0,13,0,12,
0,193,255,34,255,191,254,114,0,47,253,179,6,227,255,90,249,244,189,0,203,0,223,0,231,0,93,0,40,0,17,0,13,0,11,
0,193,255,34,255,182,254,114,0,47,253,179,6,227,255,61,249,164,191,0,203,0,222,0,230,0,94,0,40,0,18,0,13,0,11,
0,192,255,39,255,182,254,219,0,228,252,195,6,176,1,61,249,164,191,0,204,0,223,0,230,0,94,0,40,0,18,0,13,0,12,
0,220,255,27,255,204,254,219,0,228,252,195,6,113,1,152,248,92,189,0,205,0,223,0,230,0,93,0,40,0,18,0,13,0,11,
0,230,255,24,255,233,254,219,0,228,252,195,6,40,1,218,248,117,188,0,205,0,222,0,229,0,93,0,40,0,18,0,13,0,11,
0,230,255,24,255,233,254,219,0,228,252,195,6,212,255,251,248,152,188,0,206,0,223,0,230,0,93,0,40,0,17,0,12,0,11,
0,220,255,37,255,240,254,219,0,228,252,195,6,212,255,251,248,168,191,0,206,0,222,0,229,0,93,0,40,0,18,0,13,0,11,
0,191,255,29,255,245,254,219,0,228,252,195,6,216,0,254,248,168,191,0,206,0,222,0,229,0,93,0,40,0,18,0,13,0,11,
0,184,255,57,255,16,255,219,0,228,252,195,6,174,1,156,248,53,190,0,207,0,222,0,229,0,92,0,39,0,17,0,12,0,11,
0,184,255,57,255,16,255,219,0,228,252,195,6,15,1,180,248,204,187,0,208,0,222,0,230,0,92,0,39,0,17,0,12,0,11,
0,216,255,67,255,13,255,219,0,228,252,195,6,15,1,27,249,91,189,0,208,0,222,0,230,0,93,0,40,0,18,0,13,0,11,
0,208,255,74,255,252,254,219,0,228,252,195,6,237,255,27,249,91,189,0,208,0,222,0,230,0,92,0,40,0,17,0,12,0,10,
0,217,255,74,255,20,255,165,0,24,253,125,6,140,1,228,248,121,192,0,208,0,223,0,230,0,92,0,40,0,18,0,13,0,11,
0,217,255,60,255,20,255,165,0,24,253,125,6,190,1,45,248,205,188,0,209,0,223,0,230,0,92,0,39,0,17,0,12,0,11,
0,240,255,59,255,5,255,165,0,24,253,125,6,227,255,24,248,227,187,0,210,0,223,0,231,0,92,0,39,0,17,0,12,0,10,
0,241,255,87,255,12,255,165,0,24,253,125,6,227,255,24,248,90,191,0,211,0,223,0,231,0,93,0,40,0,18,0,13,0,11,
0,241,255,87,255,14,255,165,0,24,253,125,6,177,0,177,248,90,191,0,211,0,223,0,231,0,93,0,39,0,17,0,12,0,11,
0,199,255,76,255,14,255,165,0,24,253,125,6,184,0,120,248,254,190,0,212,0,223,0,231,0,93,0,40,0,18,0,13,0,11,
0,201,255,60,255,23,255,165,0,24,253,125,6,149,1,209,247,48,190,0,213,0,223,0,232,0,93,0,39,0,17,0,13,0,11,
0,227,255,60,255,18,255,165,0,24,253,125,6,153,0,227,247,93,189,0,213,0,223,0,232,0,93,0,39,0,17,0,12,0,11,
0,227,255,60,255,18,255,165,0,24,253,125,6,153,0,227,247,93,189,0,214,0,223,0,232,0,94,0,40,0,18,0,13,0,11,
0,213,255,51,255,28,255,165,0,24,253,125,6,159,255,122,248,151,189,0,214,0,223,0,232,0,94,0,40,0,18,0,13,0,11,
0,213,255,20,255,60,255,165,0,24,253,150,6,8,0,64,248,47,192,0,215,0,223,0,232,0,94,0,40,0,18,0,13,0,12,
0,235,255,14,255,48,255,177,0,54,253,150,6,177,0,219,247,215,190,0,215,0,223,0,233,0,93,0,40,0,17,0,13,0,11,
0,235,255,14,255,48,255,177,0,54,253,150,6,177,0,219,247,60,188,0,215,0,223,0,233,0,94,0,40,0,18,0,13,0,12,
0,251,255,38,255,48,255,177,0,54,253,150,6,157,0,149,247,60,188,0,216,0,223,0,233,0,94,0,40,0,17,0,12,0,11,
0,181,255,56,255,47,255,177,0,54,253,150,6,180,255,46,248,42,190,0,216,0,223,0,233,0,94,0,40,0,18,0,13,0,11,
0,199,255,56,255,250,254,177,0,54,253,150,6,15,0,28,248,118,191,0,217,0,223,0,233,0,94,0,40,0,18,0,13,0,11,
0,199,255,53,255,250,254,177,0,54,253,150,6,160,1,130,247,95,190,0,218,0,223,0,234,0,94,0,40,0,17,0,12,0,11,
0,214,255,45,255,3,255,177,0,54,253,150,6,160,1,130,247,95,190,0,218,0,223,0,234,0,94,0,40,0,18,0,13,0,11,
0,223,255,27,255,25,255,177,0,54,253,150,6,125,0,135,247,163,187,0,219,0,223,0,234,0,94,0,40,0,17,0,12,0,11,
0,223,255,27,255,76,255,177,0,54,253,150,6,184,255,57,248,180,190,0,219,0,222,0,234,0,94,0,40,0,18,0,12,0,10,
0,185,255,58,255,76,255,177,0,54,253,150,6,25,1,53,248,201,191,0,220,0,223,0,235,0,94,0,40,0,18,0,13,0,11,
0,198,255,57,255,62,255,166,0,80,253,249,5,25,1,239,247,103,190,0,220,0,223,0,235,0,94,0,40,0,18,0,13,0,11,
0,226,255,69,255,38,255,166,0,80,253,249,5,4,1,239,247,103,190,0,221,0,223,0,235,0,95,0,40,0,18,0,13,0,11,
0,226,255,69,255,38,255,166,0,80,253,249,5,136,0,171,247,238,187,0,222,0,223,0,235,0,94,0,34,0,17,0,13,0,11,
0,210,255,94,255,54,255,166,0,80,253,249,5,206,255,89,248,137,189,0,222,0,223,0,235,0,94,0,36,0,17,0,13,0,11,
0,187,255,91,255,63,255,166,0,80,253,249,5,112,0,102,248,252,191,0,222,0,223,0,235,0,95,0,37,0,17,0,13,0,12,
0,212,255,123,255,99,255,166,0,80,253,249,5,112,0,102,248,132,190,0,223,0,223,0,235,0,94,0,38,0,17,0,12,0,11,
0,212,255,123,255,99,255,166,0,80,253,249,5,237,1,26,248,132,190,0,223,0,223,0,235,0,95,0,39,0,18,0,13,0,12,
0,221,255,146,255,104,255,166,0,80,253,249,5,224,0,253,247,36,188,0,224,0,223,0,236,0,95,0,39,0,17,0,12,0,11,
0,211,255,148,255,81,255,166,0,80,253,249,5,67,0,149,248,100,190,0,225,0,223,0,236,0,95,0,40,0,18,0,13,0,11,
0,211,255,148,255,86,255,166,0,80,253,249,5,67,1,127,248,47,191,0,225,0,223,0,236,0,96,0,40,0,18,0,13,0,12,
0,190,255,152,255,86,255,140,0,105,253,38,6,199,1,127,248,47,191,0,226,0,223,0,236,0,95,0,40,0,17,0,13,0,11,
0,215,255,147,255,80,255,140,0,105,253,38,6,158,1,237,247,191,189,0,226,0,223,0,236,0,96,0,40,0,19,0,13,0,11,
0,9,0,173,255,81,255,140,0,105,253,38,6,200,1,167,247,152,188,0,226,0,223,0,237,0,95,0,40,0,17,0,13,0,11,
0,9,0,173,255,98,255,140,0,105,253,38,6,20,1,216,247,101,188,0,226,0,223,0,237,0,96,0,40,0,18,0,13,0,11,
0,10,0,205,255,98,255,140,0,105,253,38,6,20,1,216,247,102,190,0,226,0,223,0,237,0,96,0,40,0,18,0,13,0,11,
0,9,0,198,255,97,255,140,0,105,253,38,6,217,0,65,248,102,190,0,227,0,223,0,238,0,96,0,40,0,17,0,12,0,11,
0,43,0,232,255,90,255,140,0,105,253,38,6,144,1,202,247,213,190,0,227,0,223,0,238,0,96,0,40,0,18,0,12,0,11,
0,43,0,232,255,90,255,140,0,105,253,38,6,116,1,183,247,219,189,0,226,0,223,0,238,0,96,0,41,0,18,0,13,0,11,
0,32,0,16,0,114,255,140,0,105,253,38,6,116,1,34,247,34,189,0,226,0,223,0,238,0,96,0,40,0,18,0,12,0,11,
0,251,255,6,0,113,255,140,0,105,253,38,6,116,1,34,247,34,189,0,226,0,223,0,239,0,96,0,40,0,18,0,13,0,11,
0,248,255,244,255,122,255,233,0,18,253,252,6,235,0,178,247,219,190,0,226,0,224,0,239,0,96,0,40,0,18,0,12,0,11,
0,248,255,244,255,122,255,233,0,18,253,252,6,74,1,159,247,166,191,0,226,0,224,0,239,0,96,0,40,0,17,0,12,0,11,
0,249,255,225,255,133,255,233,0,18,253,252,6,24,2,13,247,190,189,0,225,0,224,0,239,0,97,0,40,0,19,0,13,0,12,
0,8,0,254,255,118,255,233,0,18,253,252,6,24,2,106,247,31,190,0,225,0,224,0,239,0,97,0,41,0,18,0,13,0,11,
0,8,255,254,255,101,255,233,0,18,253,252,6,52,1,106,247,31,190,0,225,0,224,0,239,0,97,0,45,0,19,0,13,0,11,
0,246,255,7,0,101,255,233,0,18,253,252,6,90,1,87,247,195,190,0,225,0,225,0,239,0,96,0,43,0,19,0,12,0,11,
0,210,255,239,255,84,255,233,0,18,253,252,6,132,1,171,247,97,191,0,225,0,224,0,239,0,97,0,44,0,20,0,13,0,11,
0,221,255,203,255,117,255,233,0,18,253,252,6,224,1,70,247,92,190,0,225,0,225,0,240,0,97,0,43,0,20,0,13,0,11,
0,221,255,203,255,132,255,233,0,18,253,252,6,224,1,70,247,92,189,0,224,0,225,0,240,0,97,0,43,0,20,0,13,0,11,
0,218,255,203,255,132,255,233,0,18,253,252,6,154,1,43,247,235,189,0,224,0,225,0,240,0,97,0,42,0,20,0,14,0,12,
0,217,255,206,255,138,255,214,0,76,253,89,6,227,1,83,247,67,191,0,225,0,226,0,241,0,97,0,42,0,20,0,14,0,12,
0,207,255,211,255,141,255,214,0,76,253,89,6,191,1,101,247,96,190,0,224,0,225,0,240,0,98,0,42,0,20,0,14,0,12,
0,207,255,211,255,141,255,214,0,76,253,89,6,191,1,96,247,68,191,0,224,0,226,0,240,0,97,0,41,0,19,0,13,0,11,
0,178,255,244,255,126,255,214,0,76,253,89,6,67,1,96,247,68,191,0,225,0,225,0,239,0,98,0,42,0,18,0,13,0,11,
0,188,255,245,255,108,255,214,0,76,253,89,6,16,2,64,247,151,191,0,225,0,225,0,238,0,97,0,41,0,18,0,13,0,11,
0,241,255,242,255,129,255,214,0,76,253,89,6,52,2,79,247,169,189,0,225,0,225,0,237,0,97,0,42,0,19,0,13,0,11,
0,241,255,242,255,129,255,214,0,76,253,89,6,111,1,89,247,99,189,0,225,0,224,0,237,0,97,0,41,0,18,0,13,0,11,
0,0,0,209,255,131,255,214,0,76,253,89,6,111,1,89,247,154,190,0,225,0,225,0,237,0,96,0,40,0,17,0,12,0,11,
0,216,255,195,255,130,255,214,0,76,253,89,6,54,1,191,247,154,190,0,225,0,224,0,237,0,96,0,41,0,18,0,12,0,11,
0,216,255,195,255,131,255,214,0,76,253,89,6,151,2,79,247,248,190,0,225,0,224,0,237,0,97,0,41,0,19,0,13,0,11,
0,225,255,194,255,131,255,214,0,76,253,89,6,49,2,49,247,9,189,0,225,0,225,0,238,0,96,0,40,0,17,0,12,0,11,
0,222,255,166,255,123,255,184,0,62,253,199,6,243,1,77,247,120,190,0,225,0,224,0,237,0,96,0,41,0,19,0,13,0,11,
0,251,255,183,255,99,255,184,0,62,253,199,6,243,1,77,247,120,190,0,226,0,225,0,235,0,96,0,40,0,17,0,12,0,11,
0,251,255,183,255,99,255,184,0,62,253,199,6,51,2,219,247,216,191,0,226,0,224,0,233,0,96,0,41,0,18,0,12,0,11,
0,254,255,220,255,101,255,184,0,62,253,199,6,75,2,43,247,186,189,0,227,0,223,0,233,0,95,0,41,0,19,0,13,0,11,
0,240,255,220,255,116,255,184,0,62,253,199,6,133,1,77,247,18,190,0,227,0,223,0,233,0,95,0,40,0,18,0,13,0,11,
0,239,255,218,255,97,255,184,0,62,253,199,6,133,1,77,247,42,191,0,226,0,223,0,233,0,95,0,41,0,19,0,13,0,12,
0,239,255,218,255,97,255,184,0,62,253,199,6,110,2,122,247,42,191,0,227,0,223,0,234,0,95,0,40,0,17,0,13,0,11,
0,18,0,240,255,67,255,184,0,62,253,199,6,17,3,180,246,26,189,0,225,0,223,0,234,0,95,0,41,0,18,0,13,0,11,
0,22,0,232,255,95,255,184,0,62,253,199,6,18,1,25,247,72,189,0,225,0,223,0,233,0,95,0,41,0,19,0,13,0,11,
0,241,255,16,0,101,255,184,0,62,253,199,6,218,1,2,247,70,192,0,226,0,223,0,232,0,95,0,40,0,18,0,13,0,11,
0,241,255,16,0,101,255,176,0,88,253,8,6,218,1,2,247,70,192,0,226,0,223,0,231,0,94,0,40,0,19,0,13,0,12,
0,238,255,250,255,122,255,176,0,88,253,8,6,174,2,232,246,10,191,0,227,0,223,0,230,0,94,0,40,0,18,0,13,0,11,
0,215,255,240,255,126,255,176,0,88,253,8,6,117,2,151,246,117,190,0,226,0,222,0,230,0,94,0,40,0,18,0,13,0,11,
0,215,255,240,255,99,255,176,0,88,253,8,6,171,1,137,246,107,189,0,226,0,221,0,231,0,94,0,40,0,18,0,13,0,11,
0,184,255,203,255,99,255,176,0,88,253,8,6,171,1,157,246,81,191,0,225,0,222,0,232,0,93,0,40,0,18,0,13,0,11,
0,212,255,170,255,53,255,176,0,88,253,8,6,86,1,157,246,81,191,0,224,0,222,0,232,0,94,0,40,0,18,0,13,0,11,
0,223,255,149,255,71,255,176,0,88,253,8,6,164,1,107,246,176,190,0,224,0,222,0,232,0,93,0,39,0,17,0,12,0,11,
0,223,255,149,255,71,255,176,0,88,253,8,6,206,1,120,246,106,190,0,224,0,222,0,230,0,94,0,40,0,18,0,13,0,11,
0,237,255,160,255,65,255,176,0,88,253,8,6,77,2,65,246,227,190,0,225,0,221,0,228,0,93,0,40,0,18,0,13,0,11,
0,234,255,169,255,71,255,176,0,88,253,8,6,77,2,65,246,225,189,0,225,0,221,0,228,0,92,0,39,0,17,0,12,0,11,
0,181,255,158,255,107,255,141,0,86,253,178,6,208,1,53,246,225,189,0,225,0,220,0,229,0,92,0,39,0,17,0,12,0,11,
0,181,255,158,255,107,255,141,0,86,253,178,6,190,1,16,246,182,190,0,224,0,219,0,229,0,93,0,40,0,18,0,13,0,11,
0,168,255,151,255,88,255,141,0,86,253,178,6,38,1,157,246,198,190,0,223,0,220,0,231,0,93,0,40,0,17,0,13,0,11,
0,175,255,145,255,71,255,141,0,86,253,178,6,38,1,108,246,3,192,0,223,0,220,0,231,0,93,0,40,0,18,0,13,0,11,
0,169,255,142,255,52,255,141,0,86,253,178,6,38,2,108,246,3,192,0,224,0,221,0,230,0,92,0,40,0,17,0,13,0,11,
0,169,255,142,255,52,255,141,0,86,253,178,6,66,2,67,246,250,189,0,225,0,220,0,229,0,92,0,39,0,17,0,13,0,11,
0,161,255,174,255,43,255,141,0,86,253,178,6,117,1,64,246,244,188,0,225,0,219,0,227,0,93,0,40,0,19,0,13,0,12,
0,134,255,161,255,43,255,141,0,86,253,178,6,76,1,155,246,225,190,0,226,0,219,0,228,0,92,0,40,0,18,0,13,0,11,
0,134,255,161,255,35,255,141,0,86,253,178,6,76,1,155,246,71,191,0,226,0,218,0,228,0,92,0,40,0,18,0,13,0,12,
0,123,255,176,255,35,255,141,0,86,253,178,6,2,2,54,246,71,191,0,227,0,219,0,230,0,92,0,39,0,17,0,12,0,11,
0,122,255,175,255,23,255,195,0,52,253,192,6,157,2,6,246,30,189,0,227,0,219,0,232,0,93,0,40,0,18,0,13,0,12,
0,112,255,178,255,22,255,195,0,52,253,192,6,250,1,232,245,111,189,0,228,0,220,0,232,0,92,0,39,0,17,0,13,0,11,
0,112,255,178,255,22,255,195,0,52,253,192,6,56,1,112,246,112,190,0,228,0,219,0,231,0,93,0,40,0,18,0,13,0,11,
0,73,255,186,255,19,255,195,0,52,253,192,6,56,1,112,246,112,190,0,230,0,219,0,229,0,93,0,40,0,18,0,13,0,11,
0,83,255,188,255,20,255,195,0,52,253,192,6,120,2,107,246,93,191,0,231,0,219,0,229,0,92,0,39,0,17,0,12,0,11,
0,101,255,193,255,5,255,195,0,52,253,192,6,2,3,72,246,154,189,0,232,0,218,0,230,0,92,0,39,0,17,0,12,0,11,
0,101,255,193,255,5,255,195,0,52,253,192,6,110,2,51,246,61,188,0,232,0,218,0,230,0,93,0,40,0,18,0,13,0,11,
0,100,255,174,255,8,255,195,0,52,253,192,6,110,2,116,246,32,189,0,232,0,218,0,232,0,93,0,39,0,18,0,12,0,11,
0,84,255,185,255,41,255,195,0,52,253,192,6,227,1,116,246,32,189,0,232,0,219,0,232,0,93,0,39,0,18,0,13,0,11,
0,47,255,200,255,40,255,195,0,52,253,192,6,100,2,170,246,171,191,0,232,0,220,0,233,0,93,0,39,0,17,0,12,0,11,
0,47,255,200,255,40,255,195,0,52,253,192,6,9,4,140,245,16,190,0,233,0,220,0,233,0,93,0,40,0,18,0,13,0,11,
0,50,255,212,255,18,255,172,0,78,253,44,6,241,2,251,245,187,188,0,234,0,221,0,232,0,93,0,39,0,17,0,12,0,11,
0,76,255,213,255,11,255,172,0,78,253,44,6,241,2,251,245,187,191,0,234,0,220,0,231,0,94,0,40,0,18,0,13,0,11,
0,76,255,213,255,25,255,172,0,78,253,44,6,107,2,87,246,12,191,0,235,0,220,0,231,0,93,0,40,0,18,0,13,0,11,
0,136,255,217,255,25,255,172,0,78,253,44,6,20,4,7,246,185,191,0,235,0,220,0,232,0,93,0,39,0,17,0,12,0,11,
0,121,255,226,255,24,255,172,0,78,253,44,6,249,2,233,245,62,189,0,235,0,220,0,232,0,94,0,40,0,18,0,13,0,12,
0,89,255,216,255,15,255,172,0,78,253,44,6,249,2,251,245,124,190,0,235,0,221,0,234,0,94,0,40,0,17,0,13,0,11,
0,89,255,216,255,15,255,172,0,78,253,44,6,206,2,251,245,124,190,0,235,0,222,0,235,0,94,0,40,0,18,0,12,0,11,
0,78,255,200,255,17,255,172,0,78,253,44,6,196,2,10,246,11,191,0,235,0,222,0,234,0,94,0,40,0,18,0,13,0,12,
0,87,255,211,255,251,254,172,0,78,253,44,6,228,2,162,245,131,189,0,235,0,223,0,233,0,94,0,40,0,17,0,12,0,11,
0,90,255,228,255,13,255,172,0,78,253,44,6,157,2,239,245,1,191,0,236,0,223,0,232,0,94,0,34,0,17,0,13,0,12,
0,90,255,228,255,13,255,162,0,38,253,196,6,157,2,239,245,215,190,0,236,0,222,0,231,0,94,0,36,0,17,0,13,0,12,
0,91,255,206,255,6,255,162,0,38,253,196,6,52,3,31,246,215,190,0,236,0,222,0,231,0,94,0,37,0,17,0,12,0,11,
0,66,255,185,255,15,255,162,0,38,253,196,6,119,3,243,245,124,190,0,236,0,221,0,232,0,94,0,38,0,17,0,13,0,11,
0,23,255,147,255,19,255,162,0,38,253,196,6,159,2,161,245,12,189,0,236,0,222,0,233,0,93,0,38,0,16,0,12,0,11,
0,23,255,147,255,19,255,162,0,38,253,196,6,84,2,26,246,54,191,0,235,0,223,0,233,0,94,0,38,0,17,0,12,0,11,
0,21,255,89,255,33,255,162,0,38,253,196,6,84,2,26,246,54,191,0,235,0,223,0,232,0,94,0,39,0,18,0,13,0,11,
0,23,255,94,255,26,255,162,0,38,253,196,6,23,3,9,246,9,191,0,235,0,222,0,230,0,94,0,39,0,17,0,12,0,10,
0,23,255,94,255,20,255,162,0,38,253,196,6,158,3,23,246,224,189,0,236,0,222,0,229,0,93,0,39,0,17,0,13,0,11,
0,4,255,86,255,20,255,162,0,38,253,196,6,150,2,15,246,248,188,0,237,0,221,0,228,0,93,0,39,0,18,0,13,0,11,
0,6,255,91,255,11,255,162,0,38,253,196,6,150,2,15,246,249,190,0,236,0,220,0,229,0,93,0,39,0,17,0,13,0,11,
0,4,255,77,255,250,254,169,0,56,253,114,5,198,2,31,246,249,190,0,236,0,221,0,230,0,92,0,39,0,17,0,12,0,11,
0,4,255,77,255,250,254,169,0,56,253,114,5,18,3,54,246,208,189,0,235,0,221,0,230,0,93,0,40,0,18,0,13,0,11,
0,15,255,98,255,10,255,169,0,56,253,114,5,44,2,62,246,217,189,0,236,0,221,0,229,0,93,0,40,0,18,0,13,0,12,
0,11,255,113,255,18,255,169,0,56,253,114,5,208,2,12,246,80,191,0,236,0,221,0,227,0,92,0,39,0,17,0,12,0,11,
0,234,254,72,255,15,255,169,0,56,253,114,5,208,2,12,246,80,191,0,236,0,220,0,226,0,92,0,40,0,18,0,13,0,11,
0,234,254,72,255,15,255,169,0,56,253,114,5,82,3,220,245,200,189,0,237,0,219,0,226,0,91,0,39,0,17,0,13,0,11,
0,212,254,56,255,248,254,169,0,56,253,114,5,184,2,245,245,246,187,0,236,0,219,0,227,0,92,0,39,0,17,0,12,0,11,
0,237,254,10,255,238,254,169,0,56,253,114,5,227,1,147,246,240,189,0,236,0,219,0,227,0,91,0,39,0,17,0,13,0,12,
0,251,254,10,255,250,254,169,0,56,253,114,5,227,1,163,246,254,190,0,236,0,219,0,225,0,91,0,39,0,18,0,13,0,11,
0,251,254,23,255,250,254,169,0,56,253,114,5,134,2,163,246,254,190,0,236,0,218,0,224,0,91,0,39,0,18,0,13,0,11,
0,246,254,26,255,21,255,198,0,91,253,235,5,164,3,30,246,121,189,0,237,0,218,0,223,0,91,0,38,0,19,0,13,0,11,
0,223,254,15,255,22,255,198,0,91,253,235,5,13,3,53,246,247,188,0,236,0,216,0,223,0,91,0,43,0,19,0,12,0,11,
0,223,254,15,255,250,254,198,0,91,253,235,5,105,2,90,246,127,188,0,236,0,216,0,223,0,91,0,41,0,20,0,13,0,11,
0,217,254,6,255,250,254,198,0,91,253,235,5,105,2,90,246,151,189,0,236,0,216,0,222,0,90,0,40,0,19,0,13,0,11,
0,207,254,4,255,13,255,198,0,91,253,235,5,248,1,125,246,151,189,0,235,0,216,0,221,0,90,0,40,0,19,0,13,0,11,
0,211,254,3,255,13,255,198,0,91,253,235,5,178,2,112,246,68,192,0,236,0,215,0,220,0,89,0,40,0,18,0,12,0,11,
0,211,254,3,255,13,255,198,0,91,253,235,5,70,3,40,246,131,189,0,235,0,215,0,219,0,89,0,39,0,18,0,12,0,11,
0,219,254,10,255,4,255,198,0,91,253,235,5,70,3,248,245,134,187,0,235,0,214,0,218,0,88,0,38,0,19,0,13,0,11,
0,233,254,19,255,15,255,198,0,91,253,235,5,161,2,248,245,134,187,0,235,0,214,0,218,0,88,0,38,0,18,0,13,0,11,
0,199,254,15,255,251,254,198,0,91,253,235,5,176,0,144,246,88,188,0,234,0,214,0,217,0,88,0,38,0,19,0,13,0,11,
0,199,254,15,255,251,254,198,0,91,253,235,5,31,2,101,246,104,191,0,234,0,214,0,216,0,87,0,37,0,17,0,12,0,11,
0,152,254,250,254,232,254,113,0,115,253,140,6,149,2,76,246,201,189,0,233,0,213,0,214,0,87,0,37,0,17,0,13,0,11,
0,185,254,11,255,222,254,113,0,115,253,140,6,149,2,76,246,21,189,0,233,0,213,0,214,0,87,0,37,0,18,0,13,0,11,
0,216,254,11,255,199,254,113,0,115,253,140,6,111,2,57,246,21,189,0,233,0,213,0,214,0,86,0,36,0,17,0,12,0,11,
0,216,254,242,254,199,254,113,0,115,253,140,6,136,1,5,246,214,188,0,232,0,212,0,213,0,86,0,37,0,18,0,13,0,11,
0,189,254,248,254,193,254,113,0,115,253,140,6,142,1,119,246,112,189,0,232,0,212,0,212,0,85,0,36,0,17,0,12,0,11,
0,175,254,241,254,184,254,113,0,115,253,140,6,158,1,71,246,145,189,0,232,0,212,0,211,0,85,0,37,0,17,0,12,0,11,
0,175,254,241,254,168,254,113,0,115,253,140,6,158,1,71,246,145,189,0,231,0,212,0,210,0,85,0,36,0,18,0,13,0,11,
0,194,254,227,254,168,254,113,0,115,253,140,6,119,1,119,246,215,190,0,230,0,211,0,210,0,84,0,36,0,17,0,12,0,11,
0,163,254,18,255,173,254,113,0,115,253,140,6,132,1,138,246,38,190,0,230,0,211,0,210,0,84,0,35,0,17,0,12,0,11,
0,117,254,9,255,194,254,113,0,115,253,140,6,160,1,42,246,117,189,0,229,0,210,0,208,0,84,0,36,0,18,0,13,0,11,
0,117,254,9,255,194,254,170,0,127,253,244,5,160,1,42,246,103,189,0,229,0,210,0,207,0,83,0,36,0,15,0,12,0,11,
0,132,254,1,255,192,254,170,0,127,253,244,5,118,1,41,246,103,189,0,229,0,209,0,206,0,83,0,35,0,16,0,12,0,11,
0,126,254,7,255,186,254,170,0,127,253,244,5,138,0,169,246,237,189,0,228,0,209,0,206,0,82,0,35,0,16,0,12,0,11,
0,117,254,18,255,161,254,170,0,127,253,244,5,178,0,146,246,163,190,0,228,0,208,0,206,0,81,0,34,0,16,0,12,0,11,
0,117,254,18,255,161,254,170,0,127,253,244,5,149,1,92,246,150,190,0,228,0,208,0,205,0,82,0,35,0,16,0,12,0,11,
0,131,254,9,255,140,254,170,0,127,253,244,5,149,1,92,246,150,190,0,228,0,208,0,204,0,81,0,35,0,16,0,12,0,10,
0,134,254,9,255,132,254,170,0,127,253,244,5,219,0,96,246,121,188,0,228,0,207,0,203,0,81,0,34,0,16,0,12,0,11,
0,131,254,9,255,123,254,170,0,127,253,244,5,184,0,175,246,97,189,0,228,0,206,0,203,0,80,0,33,0,15,0,12,0,11,
0,131,254,1,255,123,254,170,0,127,253,244,5,59,0,213,246,77,190,0,228,0,205,0,203,0,81,0,34,0,16,0,12,0,11,
0,137,254,30,255,137,254,170,0,127,253,244,5,59,0,245,246,90,191,0,228,0,205,0,204,0,80,0,33,0,16,0,12,0,11,
0,73,254,44,255,153,254,152,0,30,253,30,7,241,0,245,246,90,191,0,227,0,204,0,203,0,81,0,34,0,16,0,12,0,11,
0,73,254,44,255,138,254,152,0,30,253,30,7,204,1,239,246,252,189,0,228,0,204,0,203,0,80,0,34,0,16,0,12,0,11,
0,67,254,34,255,138,254,152,0,30,253,30,7,171,0,196,246,205,186,0,228,0,203,0,202,0,80,0,33,0,16,0,12,0,11,
0,94,254,29,255,149,254,152,0,30,253,30,7,10,0,29,247,29,189,0,228,0,202,0,201,0,80,0,34,0,16,0,12,0,11,
0,109,254,8,255,138,254,152,0,30,253,30,7,10,0,29,247,203,191,0,228,0,202,0,203,0,79,0,33,0,15,0,12,0,11,
0,109,254,8,255,138,254,152,0,30,253,30,7,120,0,175,247,203,191,0,227,0,201,0,203,0,80,0,33,0,16,0,12,0,11,
0,86,254,13,255,122,254,152,0,30,253,30,7,232,1,47,247,41,190,0,227,0,201,0,203,0,80,0,34,0,16,0,12,0,11,
0,83,254,23,255,98,254,152,0,30,253,30,7,209,0,163,246,229,185,0,227,0,201,0,202,0,79,0,33,0,16,0,12,0,11,
0,56,254,44,255,86,254,152,0,30,253,30,7,209,0,145,247,93,189,0,227,0,200,0,201,0,80,0,34,0,16,0,13,0,11,
0,56,254,44,255,86,254,152,0,30,253,30,7,211,255,145,247,93,189,0,228,0,200,0,201,0,79,0,33,0,15,0,12,0,11,
0,24,254,69,255,120,254,230,0,38,253,57,6,17,1,163,247,190,191,0,227,0,199,0,201,0,79,0,33,0,16,0,12,0,11,
0,25,254,68,255,112,254,230,0,38,253,57,6,136,1,98,247,166,189,0,227,0,199,0,202,0,79,0,33,0,16,0,12,0,11,
0,25,254,68,255,79,254,230,0,38,253,57,6,46,1,66,247,142,186,0,226,0,199,0,203,0,79,0,33,0,15,0,12,0,11,
0,23,254,88,255,79,254,230,0,38,253,57,6,46,1,66,247,107,189,0,226,0,199,0,202,0,79,0,33,0,16,0,12,0,11,
0,243,253,91,255,72,254,230,0,38,253,57,6,238,255,41,248,107,189,0,226,0,199,0,201,0,79,0,33,0,15,0,11,0,10,
0,7,254,103,255,61,254,230,0,38,253,57,6,242,1,211,247,38,191,0,226,0,198,0,200,0,79,0,33,0,16,0,12,0,11,
0,7,254,103,255,59,254,230,0,38,253,57,6,142,1,138,247,135,187,0,225,0,197,0,200,0,79,0,33,0,16,0,12,0,11,
0,19,254,113,255,59,254,230,0,38,253,57,6,22,0,61,248,139,189,0,225,0,197,0,202,0,79,0,33,0,16,0,12,0,11,
0,17,254,108,255,38,254,230,0,38,253,57,6,22,0,61,248,139,189,0,224,0,197,0,202,0,79,0,33,0,16,0,12,0,11,
0,25,254,111,255,23,254,230,0,38,253,57,6,29,2,200,247,30,189,0,224,0,198,0,202,0,78,0,33,0,15,0,11,0,10,
0,25,254,111,255,23,254,230,0,38,253,22,6,24,1,243,247,113,188,0,224,0,198,0,201,0,79,0,33,0,16,0,11,0,10,
0,18,254,112,255,35,254,162,0,41,253,22,6,85,1,42,248,48,190,0,224,0,197,0,200,0,79,0,33,0,16,0,12,0,11,
0,8,254,116,255,48,254,162,0,41,253,22,6,85,1,51,248,50,189,0,224,0,197,0,200,0,79,0,33,0,16,0,12,0,11,
0,14,254,135,255,81,254,162,0,41,253,22,6,117,1,51,248,50,189,0,223,0,196,0,200,0,79,0,33,0,16,0,12,0,11,
0,14,254,135,255,81,254,162,0,41,253,22,6,164,1,78,248,179,189,0,223,0,197,0,202,0,79,0,33,0,15,0,11,0,11,
0,30,254,146,255,84,254,162,0,41,253,22,6,34,2,40,248,169,188,0,223,0,197,0,203,0,79,0,33,0,16,0,12,0,11,
0,251,253,174,255,78,254,162,0,41,253,22,6,123,1,47,248,129,188,0,222,0,197,0,202,0,79,0,33,0,16,0,12,0,11,
0,251,253,174,255,72,254,162,0,41,253,22,6,123,1,47,248,129,189,0,223,0,197,0,201,0,79,0,33,0,16,0,12,0,11,
0,236,253,158,255,72,254,162,0,41,253,22,6,156,1,183,248,246,189,0,223,0,197,0,200,0,79,0,33,0,15,0,12,0,11,
0,240,253,138,255,56,254,162,0,41,253,22,6,96,2,131,248,255,189,0,222,0,196,0,200,0,79,0,33,0,16,0,12,0,11,
0,5,254,139,255,81,254,162,0,41,253,22,6,134,1,79,248,15,188,0,222,0,196,0,201,0,79,0,33,0,16,0,12,0,11,
0,5,254,139,255,78,254,128,0,102,253,72,6,134,1,157,248,128,190,0,221,0,196,0,202,0,79,0,33,0,16,0,12,0,11,
0,6,254,129,255,78,254,128,0,102,253,72,6,110,1,157,248,128,190,0,221,0,197,0,202,0,79,0,33,0,15,0,12,0,11,
0,247,253,137,255,59,254,128,0,102,253,72,6,100,2,128,248,0,191,0,221,0,197,0,201,0,79,0,33,0,16,0,12,0,11,
0,21,254,136,255,71,254,128,0,102,253,72,6,205,1,77,248,215,187,0,222,0,197,0,201,0,78,0,32,0,14,0,11,0,10,
0,21,254,136,255,71,254,128,0,102,253,72,6,137,1,26,249,156,190,0,221,0,196,0,201,0,79,0,33,0,15,0,11,0,10,
0,244,253,119,255,70,254,128,0,102,253,72,6,137,1,26,249,65,190,0,221,0,196,0,202,0,78,0,32,0,15,0,12,0,11,
0,232,253,130,255,51,254,128,0,102,253,72,6,107,2,189,248,65,190,0,221,0,196,0,203,0,78,0,27,0,14,0,12,0,11,
0,38,254,136,255,54,254,128,0,102,253,72,6,125,2,36,248,244,188,0,220,0,196,0,203,0,79,0,30,0,15,0,12,0,11,
0,38,254,136,255,54,254,128,0,102,253,72,6,85,2,29,248,87,188,0,220,0,197,0,203,0,78,0,30,0,14,0,11,0,11,
0,253,253,150,255,62,254,128,0,102,253,72,6,2,2,194,248,215,189,0,220,0,196,0,202,0,79,0,31,0,14,0,12,0,11,
0,235,253,150,255,49,254,166,0,11,253,114,6,2,2,194,248,215,189,0,220,0,196,0,202,0,79,0,32,0,16,0,12,0,11,
0,235,253,150,255,59,254,166,0,11,253,114,6,104,2,196,248,11,191,0,220,0,196,0,203,0,79,0,32,0,14,0,12,0,11,
0,234,253,134,255,59,254,166,0,11,253,114,6,39,3,10,248,31,189,0,219,0,196,0,204,0,80,0,33,0,16,0,12,0,11,
0,223,253,162,255,78,254,166,0,11,253,114,6,21,2,10,248,122,188,0,219,0,196,0,204,0,79,0,32,0,15,0,12,0,11,
0,176,253,176,255,88,254,166,0,11,253,114,6,21,2,10,248,250,191,0,219,0,196,0,203,0,80,0,33,0,16,0,12,0,11,
0,176,253,176,255,88,254,166,0,11,253,114,6,174,1,214,248,250,191,0,219,0,196,0,203,0,80,0,33,0,16,0,12,0,11,
0,149,253,173,255,73,254,166,0,11,253,114,6,51,3,33,248,230,190,0,219,0,196,0,203,0,80,0,33,0,16,0,12,0,11,
0,164,253,159,255,52,254,166,0,11,253,114,6,248,1,134,247,9,187,0,218,0,195,0,204,0,80,0,33,0,16,0,12,0,11,
0,184,253,134,255,29,254,166,0,11,253,114,6,163,0,92,248,180,190,0,218,0,196,0,204,0,79,0,33,0,16,0,11,0,11,
0,184,253,134,255,29,254,166,0,11,253,114,6,163,0,92,248,180,190,0,217,0,196,0,204,0,80,0,33,0,15,0,12,0,11,
0,183,253,112,255,65,254,161,0,60,253,83,6,178,2,213,247,9,192,0,217,0,195,0,202,0,80,0,33,0,16,0,12,0,11,
0,176,253,99,255,85,254,161,0,60,253,83,6,149,2,136,247,87,190,0,218,0,195,0,202,0,79,0,33,0,15,0,12,0,11,
0,197,253,90,255,86,254,161,0,60,253,83,6,110,1,123,247,164,187,0,217,0,195,0,201,0,80,0,33,0,16,0,12,0,11,
0,197,253,90,255,86,254,161,0,60,253,83,6,110,1,60,248,99,191,0,217,0,195,0,202,0,79,0,32,0,15,0,11,0,10,
0,205,253,94,255,67,254,161,0,60,253,83,6,16,1,60,248,99,191,0,216,0,195,0,203,0,80,0,34,0,16,0,12,0,11,
0,206,253,100,255,55,254,161,0,60,253,83,6,194,2,131,247,188,191,0,215,0,195,0,202,0,79,0,33,0,16,0,12,0,11,
0,206,253,100,255,82,254,161,0,60,253,83,6,198,1,226,246,55,187,0,215,0,195,0,201,0,79,0,33,0,15,0,11,0,11,
0,188,253,115,255,82,254,161,0,60,253,83,6,246,0,110,247,152,190,0,215,0,195,0,200,0,79,0,33,0,16,0,12,0,11,
0,140,253,106,255,59,254,161,0,60,253,83,6,246,0,110,247,194,191,0,216,0,194,0,200,0,78,0,36,0,16,0,11,0,10,
0,164,253,67,255,57,254,161,0,60,253,83,6,217,1,125,247,194,191,0,215,0,193,0,200,0,79,0,36,0,16,0,12,0,11,
0,164,253,67,255,57,254,134,0,73,253,199,6,55,2,180,246,6,189,0,215,0,193,0,201,0,79,0,36,0,16,0,12,0,11,
0,148,253,30,255,71,254,134,0,73,253,199,6,99,1,213,246,60,189,0,214,0,194,0,202,0,78,0,35,0,16,0,12,0,11,
0,100,253,2,255,69,254,134,0,73,253,199,6,99,1,66,247,8,191,0,214,0,195,0,201,0,78,0,34,0,16,0,12,0,11,
0,96,253,250,254,46,254,134,0,73,253,199,6,64,1,66,247,8,191,0,215,0,194,0,200,0,79,0,35,0,16,0,12,0,11,
0,96,253,250,254,46,254,134,0,73,253,199,6,151,2,245,246,13,190,0,215,0,194,0,198,0,78,0,34,0,16,0,12,0,11,
0,110,253,8,255,42,254,134,0,73,253,199,6,214,1,234,246,35,189,0,215,0,193,0,198,0,78,0,34,0,16,0,12,0,11,
0,124,253,243,254,57,254,134,0,73,253,199,6,184,1,76,247,77,190,0,216,0,193,0,199,0,78,0,33,0,16,0,12,0,11,
0,97,253,255,254,53,254,134,0,73,253,199,6,184,1,76,247,205,189,0,215,0,193,0,200,0,78,0,33,0,16,0,12,0,11,
0,97,253,255,254,53,254,134,0,73,253,199,6,194,1,17,247,205,189,0,215,0,193,0,200,0,78,0,33,0,15,0,12,0,11,
0,30,253,14,255,62,254,134,0,73,253,199,6,46,2,202,246,36,190,0,215,0,194,0,199,0,78,0,33,0,15,0,11,0,11,
0,34,253,5,255,71,254,134,0,73,253,199,6,12,2,198,246,232,188,0,215,0,193,0,198,0,78,0,33,0,16,0,12,0,11,
0,34,253,5,255,69,254,152,0,7,253,87,6,143,1,8,247,162,190,0,216,0,193,0,197,0,77,0,32,0,15,0,12,0,11,
0,38,253,15,255,69,254,152,0,7,253,87,6,143,1,8,247,162,190,0,215,0,193,0,196,0,77,0,33,0,16,0,12,0,11,
0,55,253,9,255,68,254,152,0,7,253,87,6,158,1,80,247,86,191,0,216,0,193,0,197,0,77,0,32,0,15,0,11,0,10,
0,38,253,249,254,51,254,152,0,7,253,87,6,24,2,198,246,98,190,0,215,0,192,0,197,0,77,0,33,0,16,0,12,0,11,
0,38,253,249,254,51,254,152,0,7,253,87,6,75,1,204,246,92,189,0,214,0,193,0,198,0,77,0,32,0,16,0,12,0,11,
0,32,253,254,254,17,254,152,0,7,253,87,6,75,1,37,247,0,191,0,215,0,194,0,199,0,77,0,32,0,15,0,11,0,10,
0,55,253,248,254,6,254,152,0,7,253,87,6,68,1,37,247,0,191,0,214,0,194,0,198,0,77,0,32,0,16,0,12,0,11,
0,60,253,245,254,24,254,152,0,7,253,87,6,132,1,20,247,136,190,0,215,0,195,0,197,0,76,0,32,0,15,0,11,0,10,
0,60,253,245,254,24,254,152,0,7,253,87,6,188,0,26,247,42,188,0,215,0,194,0,196,0,77,0,32,0,15,0,11,0,10,
0,40,253,226,254,49,254,152,0,7,253,87,6,96,1,74,247,6,191,0,215,0,194,0,196,0,77,0,32,0,16,0,12,0,11,
0,48,253,234,254,44,254,189,0,62,253,97,6,96,1,74,247,6,191,0,215,0,194,0,197,0,76,0,32,0,15,0,12,0,11,
0,77,253,11,255,36,254,189,0,62,253,97,6,138,1,232,246,40,191,0,214,0,194,0,197,0,77,0,32,0,16,0,12,0,11,
0,77,253,11,255,36,254,189,0,62,253,97,6,48,1,252,246,60,190,0,214,0,195,0,198,0,76,0,32,0,15,0,11,0,11,
0,75,253,17,255,20,254,189,0,62,253,97,6,14,1,29,247,103,190,0,214,0,195,0,198,0,77,0,32,0,15,0,12,0,11,
0,73,253,248,254,30,254,189,0,62,253,97,6,14,1,29,247,119,189,0,214,0,196,0,198,0,77,0,33,0,16,0,12,0,11,
0,73,253,248,254,28,254,189,0,62,253,97,6,236,0,29,247,119,189,0,214,0,196,0,199,0,77,0,32,0,15,0,12,0,11,
0,65,253,240,254,28,254,189,0,62,253,97,6,191,0,2,247,161,189,0,214,0,196,0,198,0,78,0,33,0,16,0,12,0,11,
0,44,253,232,254,12,254,189,0,62,253,97,6,70,0,176,247,109,190,0,215,0,197,0,198,0,77,0,32,0,15,0,11,0,11,
0,24,253,221,254,234,253,189,0,62,253,97,6,206,0,249,247,42,192,0,215,0,196,0,197,0,77,0,32,0,16,0,12,0,11,
0,24,253,221,254,234,253,189,0,62,253,97,6,206,0,249,247,1,189,0,216,0,196,0,197,0,77,0,32,0,16,0,12,0,11,
0,251,252,215,254,8,254,161,0,224,252,94,6,99,1,34,247,1,189,0,216,0,196,0,198,0,76,0,32,0,15,0,11,0,11,
0,232,252,216,254,39,254,161,0,224,252,94,6,154,0,119,247,63,189,0,217,0,196,0,198,0,76,0,32,0,15,0,11,0,10,
0,220,252,252,254,26,254,161,0,224,252,94,6,186,255,36,248,133,190,0,217,0,197,0,199,0,77,0,32,0,16,0,12,0,11,
0,220,252,252,254,26,254,161,0,224,252,94,6,136,0,44,248,32,191,0,217,0,197,0,200,0,77,0,32,0,15,0,11,0,10,
0,247,252,247,254,12,254,161,0,224,252,94,6,136,0,44,248,32,191,0,217,0,197,0,200,0,78,0,32,0,16,0,12,0,11,
0,238,252,0,255,236,253,161,0,224,252,94,6,96,1,206,247,4,190,0,218,0,198,0,200,0,77,0,32,0,15,0,11,0,11,
0,234,252,46,255,240,253,161,0,224,252,94,6,44,1,181,247,66,188,0,219,0,198,0,200,0,78,0,32,0,15,0,11,0,10,
0,234,252,46,255,240,253,161,0,224,252,94,6,94,255,90,248,168,188,0,219,0,198,0,200,0,78,0,33,0,16,0,12,0,11,
0,249,252,33,255,228,253,161,0,224,252,94,6,94,255,90,248,197,191,0,219,0,198,0,200,0,78,0,32,0,15,0,12,0,11,
0,253,252,27,255,221,253,161,0,224,252,94,6,209,0,145,248,197,191,0,220,0,198,0,200,0,78,0,33,0,16,0,12,0,11,
0,253,252,27,255,220,253,115,0,28,253,237,5,213,1,52,248,47,189,0,221,0,199,0,201,0,78,0,33,0,16,0,12,0,11,
0,203,252,59,255,220,253,115,0,28,253,237,5,80,1,36,248,48,189,0,221,0,198,0,201,0,79,0,33,0,16,0,12,0,11,
0,182,252,66,255,217,253,115,0,28,253,237,5,34,0,82,248,103,187,0,221,0,199,0,202,0,78,0,32,0,15,0,12,0,11,
0,220,252,42,255,222,253,115,0,28,253,237,5,34,0,82,248,103,187,0,222,0,199,0,202,0,79,0,33,0,15,0,11,0,11,
0,220,252,42,255,222,253,115,0,28,253,237,5,101,0,192,248,206,190,0,222,0,199,0,202,0,79,0,33,0,16,0,12,0,11,
0,241,252,38,255,209,253,115,0,28,253,237,5,226,1,137,248,203,190,0,223,0,200,0,203,0,79,0,33,0,16,0,12,0,11,
0,237,252,32,255,207,253,115,0,28,253,237,5,191,1,48,248,64,189,0,222,0,200,0,203,0,79,0,33,0,16,0,12,0,11,
0,207,252,39,255,197,253,115,0,28,253,237,5,191,1,112,248,85,187,0,223,0,200,0,203,0,79,0,33,0,15,0,12,0,11,
0,207,252,39,255,197,253,115,0,28,253,237,5,14,1,112,248,85,187,0,223,0,200,0,203,0,80,0,33,0,16,0,12,0,11,
0,200,252,57,255,175,253,115,0,28,253,237,5,122,0,222,248,111,189,0,223,0,201,0,203,0,79,0,33,0,16,0,12,0,11,
0,195,252,53,255,192,253,115,0,28,253,237,5,156,1,174,248,66,192,0,223,0,201,0,203,0,80,0,33,0,16,0,12,0,11,
0,216,252,53,255,185,253,186,0,241,252,239,6,88,2,83,248,9,190,0,223,0,201,0,203,0,80,0,33,0,16,0,12,0,11,
0,216,252,56,255,185,253,186,0,241,252,239,6,88,2,83,248,244,186,0,224,0,202,0,204,0,79,0,33,0,15,0,11,0,10,
0,195,252,90,255,204,253,186,0,241,252,239,6,163,1,95,248,244,186,0,225,0,201,0,204,0,80,0,33,0,16,0,12,0,11,
0,218,252,67,255,225,253,186,0,241,252,239,6,72,0,247,248,156,188,0,225,0,201,0,204,0,80,0,33,0,16,0,12,0,11,
0,218,252,67,255,243,253,186,0,241,252,239,6,0,1,237,248,69,192,0,226,0,202,0,205,0,80,0,33,0,15,0,11,0,11,
0,210,252,76,255,243,253,186,0,241,252,239,6,0,1,254,247,205,188,0,226,0,202,0,205,0,80,0,33,0,16,0,12,0,11,
0,189,252,91,255,222,253,186,0,241,252,239,6,185,2,254,247,205,188,0,227,0,203,0,206,0,80,0,33,0,15,0,11,0,10,
0,207,252,93,255,204,253,186,0,241,252,239,6,211,0,156,248,105,187,0,227,0,203,0,206,0,81,0,34,0,16,0,12,0,11,
0,207,252,93,255,204,253,186,0,241,252,239,6,224,0,74,249,56,191,0,227,0,203,0,207,0,81,0,33,0,16,0,12,0,11,
0,191,252,117,255,159,253,186,0,241,252,239,6,64,3,82,248,57,190,0,228,0,204,0,207,0,80,0,33,0,16,0,12,0,11,
0,182,252,87,255,118,253,206,0,199,252,180,6,64,3,82,248,80,188,0,228,0,204,0,208,0,80,0,33,0,17,0,12,0,11,
0,185,252,82,255,95,253,206,0,199,252,180,6,52,2,80,248,80,188,0,228,0,203,0,208,0,81,0,34,0,17,0,13,0,11,
0,185,252,82,255,95,253,206,0,199,252,180,6,31,1,25,249,232,189,0,229,0,203,0,208,0,81,0,34,0,16,0,12,0,11,
0,187,252,96,255,135,253,206,0,199,252,180,6,125,2,224,248,135,190,0,229,0,203,0,209,0,82,0,29,0,17,0,13,0,12,
0,222,252,86,255,148,253,206,0,199,252,180,6,68,2,132,248,187,188,0,229,0,204,0,210,0,82,0,30,0,16,0,12,0,12,
0,200,252,86,255,172,253,206,0,199,252,180,6,68,2,132,248,187,188,0,229,0,204,0,210,0,82,0,32,0,16,0,13,0,11,
0,200,252,77,255,172,253,206,0,199,252,180,6,198,1,213,248,190,188,0,230,0,204,0,211,0,82,0,32,0,16,0,12,0,11,
0,187,252,90,255,173,253,206,0,199,252,180,6,46,1,37,249,254,189,0,230,0,203,0,211,0,83,0,33,0,17,0,13,0,11,
0,165,252,89,255,147,253,206,0,199,252,180,6,89,2,141,248,166,190,0,230,0,204,0,212,0,83,0,33,0,16,0,12,0,11,
0,165,252,89,255,161,253,206,0,199,252,180,6,89,2,137,248,222,187,0,230,0,204,0,212,0,83,0,34,0,16,0,12,0,11,
0,136,252,87,255,161,253,159,0,12,253,141,6,78,2,137,248,222,187,0,231,0,204,0,213,0,83,0,34,0,16,0,12,0,11,
0,157,252,47,255,187,253,159,0,12,253,141,6,254,1,200,248,14,189,0,230,0,203,0,213,0,84,0,34,0,17,0,13,0,11,
0,178,252,68,255,198,253,159,0,12,253,141,6,60,2,249,248,217,189,0,231,0,204,0,213,0,83,0,34,0,16,0,12,0,11,
0,178,252,68,255,198,253,159,0,12,253,141,6,90,2,162,248,240,187,0,231,0,204,0,214,0,84,0,35,0,17,0,12,0,11,
0,192,252,58,255,198,253,159,0,12,253,141,6,90,2,162,248,240,190,0,232,0,204,0,214,0,84,0,34,0,16,0,12,0,11,
0,148,252,5,255,169,253,159,0,12,253,141,6,18,1,26,249,129,190,0,232,0,203,0,214,0,84,0,35,0,17,0,13,0,11,
0,140,252,25,255,157,253,159,0,12,253,141,6,208,2,119,248,203,188,0,232,0,203,0,215,0,84,0,35,0,16,0,12,0,11,
0,140,252,25,255,157,253,159,0,12,253,141,6,241,1,48,248,104,186,0,232,0,203,0,215,0,85,0,35,0,17,0,13,0,11,
0,170,252,73,255,165,253,159,0,12,253,141,6,241,1,161,248,48,188,0,232,0,203,0,215,0,85,0,36,0,17,0,13,0,11,
0,181,252,50,255,153,253,159,0,12,253,141,6,97,1,161,248,48,188,0,233,0,203,0,216,0,85,0,35,0,17,0,13,0,11,
0,178,252,50,255,169,253,169,0,183,252,183,6,163,1,202,248,126,190,0,232,0,203,0,216,0,86,0,36,0,18,0,13,0,11,
0,178,252,22,255,169,253,169,0,183,252,183,6,140,2,238,247,237,188,0,233,0,204,0,217,0,85,0,35,0,17,0,12,0,11,
0,183,252,27,255,159,253,169,0,183,252,183,6,124,2,244,247,9,187,0,233,0,203,0,216,0,86,0,36,0,18,0,13,0,12,
0,146,252,54,255,160,253,169,0,183,252,183,6,124,2,244,247,37,187,0,233,0,203,0,217,0,86,0,36,0,18,0,13,0,11,
0,146,252,54,255,172,253,169,0,183,252,183,6,58,1,97,248,37,187,0,234,0,203,0,218,0,86,0,40,0,18,0,13,0,11,
0,125,252,59,255,172,253,169,0,183,252,183,6,202,1,85,248,209,188,0,234,0,204,0,218,0,86,0,39,0,17,0,12,0,11,
0,99,252,85,255,141,253,169,0,183,252,183,6,57,2,40,248,199,188,0,234,0,203,0,218,0,87,0,39,0,19,0,13,0,11,
0,89,252,100,255,127,253,169,0,183,252,183,6,110,2,252,247,223,186,0,235,0,203,0,219,0,87,0,38,0,18,0,12,0,11,
0,89,252,100,255,127,253,169,0,183,252,183,6,110,2,252,247,223,186,0,235,0,204,0,219,0,87,0,38,0,19,0,13,0,11,
0,78,252,97,255,107,253,169,0,183,252,183,6,191,1,50,248,70,187,0,236,0,204,0,219,0,87,0,37,0,17,0,12,0,11,
0,54,252,77,255,127,253,169,0,183,252,183,6,41,1,119,248,118,188,0,236,0,204,0,219,0,87,0,38,0,18,0,13,0,11,
0,69,252,35,255,156,253,226,0,174,252,155,6,154,2,48,248,223,188,0,237,0,204,0,220,0,87,0,37,0,17,0,12,0,11,
0,69,252,35,255,156,253,226,0,174,252,155,6,154,2,48,248,78,186,0,237,0,204,0,219,0,87,0,37,0,17,0,12,0,11,
0,90,252,53,255,136,253,226,0,174,252,155,6,83,2,36,248,78,186,0,238,0,204,0,219,0,87,0,37,0,18,0,13,0,11,
0,82,252,59,255,143,253,226,0,174,252,155,6,26,1,92,248,234,186,0,239,0,204,0,220,0,87,0,37,0,17,0,13,0,11,
0,82,252,59,255,113,253,226,0,174,252,155,6,52,1,126,248,115,189,0,239,0,204,0,220,0,87,0,36,0,17,0,12,0,11,
0,95,252,68,255,113,253,226,0,174,252,155,6,138,2,62,248,18,189,0,239,0,204,0,219,0,87,0,37,0,18,0,13,0,11,
0,102,252,71,255,104,253,226,0,174,252,155,6,138,2,62,248,18,189,0,240,0,204,0,219,0,87,0,36,0,17,0,12,0,11,
0,88,252,95,255,108,253,226,0,174,252,155,6,192,1,242,247,143,185,0,241,0,204,0,219,0,88,0,37,0,18,0,13,0,11,
0,88,252,95,255,103,253,226,0,174,252,155,6,121,0,147,248,243,187,0,242,0,205,0,219,0,87,0,36,0,17,0,13,0,11,
0,48,252,120,255,103,253,226,0,174,252,155,6,0,1,195,248,168,189,0,243,0,205,0,218,0,87,0,37,0,17,0,12,0,11,
0,57,252,120,255,84,253,167,0,169,252,104,6,0,1,98,248,54,189,0,243,0,204,0,218,0,87,0,37,0,18,0,13,0,11,
0,99,252,128,255,63,253,167,0,169,252,104,6,154,1,98,248,54,189,0,244,0,204,0,218,0,87,0,37,0,17,0,12,0,11,
0,99,252,128,255,63,253,167,0,169,252,104,6,214,0,38,248,104,186,0,245,0,204,0,217,0,87,0,37,0,18,0,13,0,11,
0,58,252,133,255,71,253,167,0,169,252,104,6,42,0,230,248,221,187,0,245,0,204,0,217,0,87,0,36,0,17,0,13,0,11,
0,32,252,137,255,85,253,167,0,169,252,104,6,68,0,200,248,149,189,0,247,0,204,0,217,0,87,0,36,0,17,0,12,0,11,
0,25,252,164,255,91,253,167,0,169,252,104,6,68,0,200,248,219,188,0,247,0,205,0,216,0,87,0,37,0,18,0,13,0,11,
0,25,252,164,255,91,253,167,0,169,252,104,6,215,0,8,248,219,188,0,247,0,204,0,216,0,87,0,36,0,17,0,12,0,11,
0,28,252,143,255,63,253,167,0,169,252,104,6,104,0,48,248,142,186,0,248,0,204,0,215,0,87,0,37,0,18,0,13,0,11,
0,25,252,95,255,15,253,167,0,169,252,104,6,98,255,102,248,65,187,0,249,0,205,0,215,0,86,0,36,0,17,0,13,0,11,
0,25,252,95,255,32,253,167,0,169,252,104,6,98,255,146,248,86,189,0,250,0,204,0,214,0,86,0,36,0,17,0,12,0,11,
0,6,252,99,255,32,253,230,0,127,252,208,6,236,255,146,248,86,189,0,250,0,204,0,213,0,86,0,37,0,18,0,13,0,11,
0,239,251,109,255,37,253,230,0,127,252,208,6,82,0,30,248,183,188,0,251,0,203,0,213,0,85,0,36,0,17,0,12,0,11,
0,214,251,150,255,58,253,230,0,127,252,208,6,217,0,255,247,62,187,0,251,0,203,0,212,0,85,0,36,0,18,0,13,0,11,
0,214,251,150,255,39,253,230,0,127,252,208,6,236,254,146,248,248,185,0,252,0,203,0,212,0,84,0,36,0,17,0,12,0,11,
0,174,251,117,255,39,253,230,0,127,252,208,6,236,254,146,248,48,188,0,253,0,203,0,212,0,84,0,35,0,17,0,12,0,11,
0,193,251,90,255,11,253,230,0,127,252,208,6,41,255,183,248,48,188,0,253,0,202,0,211,0,84,0,36,0,18,0,13,0,11,
0,160,251,108,255,8,253,230,0,127,252,208,6,227,255,117,248,37,187,0,254,0,203,0,211,0,84,0,35,0,16,0,12,0,11,
0,160,251,108,255,8,253,230,0,127,252,208,6,12,0,110,248,73,186,0,255,0,203,0,210,0,84,0,36,0,17,0,13,0,11,
0,150,251,136,255,248,252,230,0,127,252,208,6,231,254,196,248,1,185,1,0,0,203,0,210,0,83,0,35,0,17,0,12,0,11,
0,123,251,151,255,1,253,230,0,127,252,208,6,231,254,196,248,1,185,1,0,0,202,0,209,0,84,0,35,0,17,0,12,0,11,
0,107,251,103,255,226,252,164,0,187,252,213,5,174,254,18,249,10,188,1,1,0,202,0,209,0,83,0,35,0,16,0,12,0,11,
0,107,251,103,255,226,252,164,0,187,252,213,5,139,255,157,248,127,187,1,1,0,202,0,208,0,83,0,35,0,17,0,13,0,11,
0,93,251,119,255,193,252,164,0,187,252,213,5,159,255,127,248,14,184,1,2,0,202,0,207,0,83,0,35,0,16,0,13,0,11,
0,84,251,119,255,172,252,164,0,187,252,213,5,159,255,67,249,6,186,1,3,0,202,0,207,0,82,0,35,0,16,0,13,0,11,
0,84,251,119,255,161,252,164,0,187,252,213,5,75,254,67,249,6,186,1,3,0,202,0,206,0,82,0,35,0,16,0,13,0,11,
0,69,251,122,255,161,252,164,0,187,252,213,5,44,255,69,249,107,188,1,4,0,202,0,205,0,81,0,34,0,16,0,12,0,11,
0,38,251,121,255,145,252,164,0,187,252,213,5,65,255,150,248,183,185,1,4,0,202,0,203,0,81,0,35,0,16,0,12,0,11,
0,53,251,122,255,134,252,164,0,187,252,213,5,214,254,176,248,145,184,0,251,0,209,0,210,0,82,0,35,0,18,0,13,0,11,
0,53,251,122,255,134,252,164,0,187,252,213,5,214,254,176,248,145,188,0,183,0,231,0,225,0,83,0,34,0,15,0,12,0,11,
0,40,251,109,255,105,252,164,0,187,252,213,5,176,253,210,248,166,188,0,139,1,21,1,25,0,91,0,37,0,19,0,13,0,12,
0,108,251,81,255,117,252,121,0,168,252,177,6,118,1,113,3,110,217,0,211,1,81,1,89,0,104,0,39,0,19,0,13,0,11,
0,191,252,126,254,58,252,121,0,168,252,177,6,144,31,174,49,147,219,0,206,1,83,1,91,0,112,0,41,0,19,0,13,0,12,
0,191,252,126,254,58,252,121,0,168,252,177,6,144,31,81,11,218,230,0,141,1,84,1,87,0,119,0,44,0,19,0,13,0,11,
0,41,254,43,254,95,250,121,0,168,252,177,6,159,38,81,11,218,230,0,133,1,80,1,71,0,123,0,47,0,19,0,13,0,11,
0,158,1,111,252,248,246,121,0,168,252,177,6,111,40,231,18,194,12,0,134,1,52,1,16,0,120,0,47,0,20,0,12,0,10,
0,44,8,217,245,89,245,121,0,168,252,177,6,68,48,204,42,199,47,0,135,0,201,0,132,0,103,0,44,0,17,0,11,0,9,
0,44,8,217,245,89,245,121,0,168,252,177,6,226,48,242,39,43,50,0,136,0,135,0,133,0,92,0,43,0,18,0,12,0,10,
0,134,15,71,237,46,246,121,0,168,252,177,6,226,48,242,39,115,31,0,136,0,134,0,134,0,84,0,42,0,19,0,13,0,11,
0,173,22,91,231,182,247,121,0,168,252,177,6,231,36,39,35,115,31,0,136,0,136,0,135,0,75,0,37,0,16,0,12,0,11,
0,173,22,91,231,247,249,121,0,168,252,177,6,130,23,63,34,152,11,0,137,0,141,0,134,0,69,0,35,0,16,0,12,0,11,
0,188,27,224,230,247,249,121,0,168,252,177,6,187,15,236,18,211,1,0,139,0,142,0,133,0,65,0,33,0,16,0,12,0,10,
0,202,29,226,235,187,253,51,1,232,252,120,6,187,5,149,250,250,249,0,143,0,137,0,133,0,60,0,30,0,14,0,11,0,10,
0,46,29,252,243,29,1,51,1,232,252,120,6,112,5,149,250,250,249,0,148,0,135,0,133,0,56,0,27,0,13,0,11,0,11,
0,46,29,252,243,29,1,51,1,232,252,120,6,36,6,229,237,132,231,0,154,0,135,0,133,0,55,0,27,0,14,0,13,0,12,
0,122,25,157,250,69,2,51,1,232,252,120,6,55,5,24,235,22,239,0,161,0,135,0,133,0,54,0,27,0,16,0,13,0,12,
0,221,19,52,253,116,1,51,1,232,252,120,6,28,0,61,236,20,232,0,168,0,134,0,133,0,53,0,25,0,15,0,12,0,13,
0,99,13,185,251,228,0,51,1,232,252,120,6,28,0,61,236,230,225,0,174,0,134,0,133,0,51,0,23,0,13,0,11,0,12,
0,99,13,185,251,228,0,51,1,232,252,120,6,67,246,237,231,230,225,0,175,0,135,0,135,0,51,0,24,0,14,0,12,0,12,
0,200,7,141,247,94,1,51,1,232,252,120,6,144,236,112,228,131,223,0,171,0,136,0,151,0,52,0,23,0,15,0,12,0,11,
0,149,4,92,242,173,1,51,1,232,252,120,6,109,229,226,233,198,213,0,166,0,136,0,212,0,59,0,24,0,14,0,11,0,11,
0,169,3,2,237,77,1,51,1,232,252,120,6,230,225,191,239,236,203,0,163,0,138,1,54,0,73,0,20,0,11,0,11,0,11,
0,169,3,2,237,77,1,45,1,117,253,12,6,230,225,191,239,236,203,0,160,0,139,1,77,0,87,0,26,0,11,0,11,0,9,
0,133,4,89,232,173,0,45,1,117,253,12,6,218,225,48,241,0,192,0,159,0,139,1,74,0,98,0,30,0,13,0,11,0,10,
0,175,6,125,229,125,0,45,1,117,253,12,6,168,229,180,237,149,181,0,159,0,139,1,72,0,104,0,32,0,12,0,10,0,10,
0,175,6,125,229,194,0,45,1,117,253,12,6,14,234,195,232,135,177,0,157,0,138,1,68,0,111,0,36,0,14,0,11,0,10,
0,48,9,212,227,194,0,45,1,117,253,12,6,14,234,211,231,252,167,0,156,0,138,1,63,0,116,0,40,0,18,0,12,0,10,
0,248,10,107,226,211,0,45,1,117,253,12,6,244,232,211,231,252,167,0,154,0,138,1,52,0,119,0,43,0,19,0,13,0,11,
0,169,11,56,225,207,1,45,1,117,253,12,6,240,237,102,231,149,159,0,155,0,141,1,36,0,118,0,44,0,16,0,12,0,11,
0,169,11,56,225,207,1,45,1,117,253,12,6,157,245,75,230,49,156,0,156,0,147,1,6,0,116,0,46,0,18,0,12,0,11,
0,88,11,9,225,164,4,45,1,117,253,12,6,225,244,28,234,61,162,0,157,0,159,0,219,0,112,0,47,0,23,0,14,0,11,
0,48,10,255,225,252,7,45,1,117,253,12,6,225,244,28,234,51,166,0,161,0,177,0,159,0,99,0,45,0,20,0,13,0,11,
0,241,8,85,227,13,10,208,1,110,253,243,6,10,241,27,239,51,166,0,166,0,197,0,135,0,88,0,41,0,17,0,13,0,11,
0,241,8,85,227,13,10,208,1,110,253,243,6,8,238,83,247,114,171,0,172,0,215,0,132,0,81,0,41,0,20,0,14,0,12,
0,217,7,72,229,165,10,208,1,110,253,243,6,96,235,128,251,168,176,0,179,0,227,0,132,0,75,0,40,0,20,0,14,0,12,
0,39,7,13,232,57,10,208,1,110,253,243,6,96,235,189,252,88,186,0,186,0,234,0,132,0,69,0,35,0,18,0,13,0,12,
0,121,6,79,235,231,8,208,1,110,253,243,6,66,233,189,252,88,186,0,192,0,241,0,134,0,63,0,33,0,16,0,13,0,11,
0,121,6,79,235,231,8,208,1,110,253,243,6,228,232,160,252,8,191,0,195,0,246,0,134,0,62,0,33,0,18,0,14,0,12,
0,13,6,166,238,20,7,208,1,110,253,243,6,145,233,178,251,203,192,0,198,0,250,0,135,0,59,0,31,0,16,0,13,0,12,
0,27,6,152,241,49,5,208,1,110,253,243,6,231,236,1,251,149,193,0,201,0,254,0,136,0,55,0,27,0,14,0,12,0,12,
0,27,6,152,241,205,3,208,1,110,253,243,6,231,236,1,251,149,194,0,205,0,255,0,132,0,55,0,27,0,15,0,12,0,11,
0,90,6,248,243,205,3,208,1,110,253,243,6,207,241,107,249,149,194,0,209,1,1,0,136,0,53,0,26,0,14,0,12,0,10,
0,2,7,241,245,67,3,111,2,128,253,34,7,3,246,251,246,17,194,0,213,1,2,0,137,0,52,0,25,0,14,0,11,0,11,
0,203,7,57,247,108,3,111,2,128,253,34,7,239,248,249,243,16,194,0,219,1,7,0,139,0,52,0,27,0,13,0,11,0,11,
0,203,7,57,247,108,3,111,2,128,253,34,7,150,249,8,242,100,196,0,226,1,13,0,143,0,52,0,27,0,13,0,11,0,11,
0,81,8,172,247,7,4,111,2,128,253,34,7,150,249,8,242,100,196,0,234,1,20,0,148,0,53,0,26,0,16,0,11,0,10,
0,111,8,52,247,221,4,111,2,128,253,34,7,198,250,4,240,74,197,0,243,1,27,0,155,0,54,0,25,0,15,0,11,0,11,
0,241,7,243,245,153,5,111,2,128,253,34,7,103,252,8,240,87,199,0,254,1,36,0,173,0,55,0,24,0,11,0,11,0,10,
0,241,7,243,245,153,5,111,2,128,253,34,7,171,251,130,240,8,197,1,11,1,44,0,182,0,59,0,26,0,16,0,12,0,11,
0,45,7,30,244,23,6,111,2,128,253,34,7,171,251,130,242,7,197,1,26,1,52,0,194,0,63,0,27,0,13,0,11,0,11,
0,55,6,139,242,112,6,111,2,128,253,34,7,152,249,56,242,7,197,1,44,1,54,0,216,0,68,0,27,0,16,0,12,0,12,
0,56,5,162,241,136,6,111,2,128,253,34,7,110,248,27,244,52,198,1,65,1,57,0,240,0,73,0,28,0,15,0,12,0,11,
0,56,5,162,241,136,6,111,2,128,253,34,7,232,248,194,245,0,201,1,73,1,56,1,19,0,84,0,32,0,17,0,13,0,11,
0,119,4,58,241,103,6,158,2,182,253,23,7,56,251,103,246,206,200,1,77,1,54,1,93,0,98,0,35,0,17,0,13,0,12,
0,224,3,96,241,16,6,158,2,182,253,23,7,56,251,103,246,206,200,1,69,1,50,1,81,0,106,0,37,0,17,0,13,0,12,
0,224,3,96,241,139,5,158,2,182,253,23,7,242,253,109,245,110,200,1,66,1,47,1,81,0,114,0,40,0,18,0,13,0,11,
0,107,3,15,242,139,5,158,2,182,253,23,7,99,255,167,244,203,200,1,104,1,43,1,76,0,120,0,43,0,18,0,13,0,11,
0,44,3,198,242,6,5,158,2,182,253,23,7,243,0,188,243,12,204,1,90,1,40,1,74,0,124,0,46,0,19,0,13,0,12,
0,219,2,151,243,85,4,158,2,182,253,23,7,243,0,6,241,135,202,1,80,1,33,1,73,0,127,0,48,0,19,0,13,0,12,
0,219,2,151,243,85,4,158,2,182,253,23,7,51,2,6,241,135,202,1,77,1,26,1,73,0,130,0,51,0,20,0,13,0,11,
0,156,2,94,244,198,3,158,2,182,253,23,7,212,2,128,238,121,199,1,75,1,20,1,72,0,133,0,53,0,22,0,14,0,12,
0,94,2,69,245,101,3,158,2,182,253,23,7,136,1,198,235,111,196,1,75,1,14,1,71,0,133,0,52,0,21,0,13,0,11,
0,246,1,89,246,31,3,158,2,182,253,23,7,78,255,251,233,240,196,1,74,1,8,1,69,0,134,0,54,0,22,0,14,0,11,
0,246,1,89,246,31,3,30,3,158,253,193,6,78,255,251,233,237,196,1,72,1,1,1,66,0,136,0,56,0,24,0,15,0,12,
0,138,1,59,247,19,3,30,3,158,253,193,6,50,255,115,231,237,196,1,72,0,250,1,63,0,136,0,57,0,25,0,15,0,12,
0,83,1,187,247,20,3,30,3,158,253,193,6,213,253,69,230,179,194,1,72,0,242,1,59,0,135,0,56,0,24,0,14,0,11,
0,48,1,187,247,64,3,30,3,158,253,193,6,149,253,167,228,72,191,1,70,0,233,1,52,0,135,0,57,0,26,0,15,0,12,
0,48,1,173,247,64,3,30,3,158,253,193,6,149,253,189,227,232,187,1,70,0,223,1,43,0,133,0,57,0,23,0,15,0,11,
0,47,1,46,247,75,3,30,3,158,253,193,6,115,250,189,227,232,187,1,69,0,212,1,28,0,130,0,57,0,26,0,15,0,12,
0,243,0,139,246,63,3,30,3,158,253,193,6,60,248,75,226,24,188,1,68,0,200,1,9,0,125,0,55,0,23,0,15,0,12,
0,243,0,139,246,14,3,30,3,158,253,193,6,117,247,243,223,107,186,1,66,0,187,0,243,0,120,0,55,0,26,0,15,0,12,
0,165,0,149,245,14,3,30,3,158,253,193,6,242,245,38,222,212,182,1,65,0,173,0,219,0,113,0,53,0,24,0,15,0,11,
0,42,0,154,244,220,2,30,3,158,253,193,6,242,245,38,222,32,181,1,63,0,162,0,191,0,105,0,51,0,24,0,15,0,12,
0,63,255,183,243,131,2,20,3,231,253,176,5,141,242,124,221,32,181,1,62,0,153,0,166,0,96,0,48,0,21,0,14,0,12,
0,63,255,183,243,131,2,20,3,231,253,176,5,198,240,253,220,91,181,1,62,0,147,0,147,0,87,0,45,0,22,0,14,0,11,
0,78,254,227,242,249,1,20,3,231,253,176,5,44,238,153,221,161,178,1,60,0,142,0,138,0,80,0,42,0,20,0,14,0,11,
0,183,253,159,242,115,1,20,3,231,253,176,5,62,235,155,222,53,176,1,61,0,139,0,136,0,72,0,38,0,17,0,12,0,11,
0,20,253,184,242,3,1,20,3,231,253,176,5,62,235,155,222,53,176,1,60,0,137,0,134,0,67,0,35,0,16,0,12,0,11,
0,20,253,184,242,3,1,20,3,231,253,176,5,190,232,188,224,116,173,1,59,0,137,0,134,0,63,0,34,0,17,0,13,0,11,
0,126,252,112,243,153,0,20,3,231,253,176,5,6,230,116,227,212,173,1,58,0,136,0,134,0,60,0,31,0,16,0,12,0,11,
0,2,252,142,244,36,0,20,3,231,253,176,5,211,228,156,229,111,173,1,57,0,136,0,134,0,57,0,28,0,14,0,11,0,11,
0,2,252,142,244,166,255,20,3,231,253,176,5,211,228,233,231,127,172,1,55,0,136,0,134,0,55,0,27,0,14,0,12,0,11,
0,2,252,250,245,166,255,20,3,231,253,176,5,157,228,233,231,127,172,1,54,0,137,0,134,0,53,0,26,0,14,0,11,0,10,
0,28,252,137,247,34,255,76,3,201,253,186,6,248,227,218,234,182,170,1,53,0,137,0,134,0,52,0,25,0,13,0,11,0,11,
0,23,252,33,249,198,254,76,3,201,253,186,6,91,228,95,237,154,173,1,53,0,137,0,134,0,51,0,23,0,12,0,11,0,11,
0,23,252,33,249,129,254,76,3,201,253,186,6,15,228,247,239,109,173,1,52,0,137,0,134,0,50,0,23,0,12,0,11,0,11,
0,33,252,166,250,129,254,76,3,201,253,186,6,15,228,247,239,109,173,1,51,0,137,0,133,0,50,0,23,0,13,0,11,0,11,
0,190,252,56,252,32,254,76,3,201,253,186,6,218,227,196,241,184,173,1,51,0,137,0,134,0,48,0,22,0,11,0,10,0,10,
0,20,253,187,253,195,253,76,3,201,253,186,6,57,228,33,244,219,174,1,52,0,138,0,133,0,48,0,22,0,12,0,11,0,11,
0,20,253,187,253,195,253,76,3,201,253,186,6,100,228,186,246,187,175,1,53,0,139,0,133,0,48,0,23,0,12,0,11,0,11,
0,236,252,78,255,164,253,76,3,201,253,186,6,100,228,85,249,225,174,1,54,0,139,0,134,0,47,0,22,0,11,0,10,0,11,
0,253,252,203,0,105,253,76,3,201,253,186,6,31,228,85,249,225,174,1,56,0,139,0,134,0,47,0,22,0,12,0,11,0,11,
0,42,253,65,2,46,253,76,3,201,253,186,6,218,227,15,252,51,177,1,57,0,139,0,135,0,47,0,21,0,11,0,10,0,10,
0,42,253,65,2,46,253,76,3,201,253,186,6,249,228,106,253,45,177,1,59,0,140,0,136,0,48,0,22,0,13,0,11,0,11,
0,94,253,227,3,249,252,92,3,196,253,21,6,35,229,252,254,239,176,1,60,0,141,0,136,0,47,0,21,0,11,0,11,0,10,
0,108,253,125,5,173,252,92,3,196,253,21,6,35,229,252,254,30,175,1,61,0,141,0,136,0,47,0,21,0,11,0,10,0,11,
0,96,253,125,5,129,252,92,3,196,253,21,6,243,228,217,255,30,175,1,61,0,142,0,136,0,48,0,22,0,12,0,11,0,11,
0,96,253,129,7,129,252,92,3,196,253,21,6,37,229,253,0,190,175,1,60,0,143,0,137,0,48,0,21,0,11,0,11,0,10,
0,151,253,132,9,82,252,92,3,196,253,21,6,171,229,27,2,157,176,1,59,0,144,0,137,0,48,0,22,0,12,0,11,0,11,
0,144,253,112,11,16,252,92,3,196,253,21,6,171,232,196,2,205,178,1,59,0,145,0,139,0,48,0,21,0,11,0,10,0,10,
0,144,253,112,11,228,251,92,3,196,253,21,6,102,232,196,2,205,178,1,57,0,146,0,140,0,49,0,22,0,12,0,11,0,10,
0,127,253,72,13,228,251,92,3,196,253,21,6,40,235,25,3,67,176,1,55,0,148,0,142,0,49,0,21,0,11,0,10,0,10,
0,157,253,2,15,158,251,92,3,196,253,21,6,100,236,124,3,253,173,1,54,0,150,0,146,0,50,0,22,0,14,0,11,0,11,
0,113,253,174,16,178,251,92,3,196,253,21,6,182,236,248,3,215,174,1,52,0,152,0,155,0,51,0,22,0,13,0,11,0,11,
0,113,253,174,16,178,251,227,2,202,253,75,6,182,236,248,3,125,177,1,50,0,155,0,174,0,54,0,23,0,12,0,11,0,11,
0,101,253,47,18,208,251,227,2,202,253,75,6,230,238,130,4,125,177,1,47,0,157,0,210,0,61,0,24,0,15,0,12,0,11,
0,102,253,164,19,182,251,227,2,202,253,75,6,162,240,29,4,206,177,1,45,0,160,1,11,0,71,0,25,0,12,0,11,0,11,
0,103,253,6,21,155,251,227,2,202,253,75,6,73,241,87,3,239,176,1,41,0,164,1,78,0,86,0,29,0,13,0,11,0,11,
0,103,253,6,21,155,251,227,2,202,253,75,6,167,242,216,2,89,177,1,37,0,167,1,75,0,97,0,33,0,16,0,12,0,11,
0,113,253,111,22,97,251,227,2,202,253,75,6,167,242,216,2,89,177,1,33,0,171,1,73,0,105,0,36,0,16,0,12,0,11,
0,117,253,199,23,66,251,227,2,202,253,75,6,0,244,184,2,96,178,1,28,0,174,1,71,0,112,0,34,0,16,0,13,0,12,
0,117,253,199,23,49,251,227,2,202,253,75,6,91,247,4,2,250,180,1,23,0,178,1,70,0,117,0,38,0,16,0,13,0,12,
0,140,253,209,24,49,251,227,2,202,253,75,6,35,250,152,0,94,180,1,19,0,181,1,69,0,121,0,42,0,17,0,13,0,11,
0,186,253,169,25,11,251,227,2,202,253,75,6,35,250,255,255,111,180,1,14,0,184,1,68,0,125,0,45,0,19,0,14,0,12,
0,216,253,98,26,28,251,114,2,132,253,49,7,44,251,255,255,111,180,1,10,0,187,1,67,0,127,0,47,0,19,0,13,0,12,
0,216,253,98,26,69,251,114,2,132,253,49,7,150,253,179,255,219,183,1,4,0,189,1,66,0,130,0,50,0,21,0,14,0,12,
0,9,254,249,26,69,251,114,2,132,253,49,7,3,255,159,254,10,184,1,0,0,192,1,66,0,131,0,51,0,21,0,14,0,11,
0,23,254,57,27,121,251,114,2,132,253,49,7,56,0,218,253,201,185,0,251,0,194,1,65,0,132,0,53,0,22,0,14,0,12,
0,35,254,58,27,140,251,114,2,132,253,49,7,56,0,218,253,201,185,0,247,0,196,1,64,0,133,0,54,0,22,0,14,0,12,
0,35,254,58,27,140,251,114,2,132,253,49,7,36,1,137,252,101,185,0,243,0,200,1,63,0,134,0,55,0,25,0,15,0,12,
0,19,254,48,27,191,251,114,2,132,253,49,7,80,2,36,251,7,185,0,238,0,202,1,63,0,134,0,55,0,24,0,14,0,11,
0,1,254,45,27,230,251,114,2,132,253,49,7,141,2,162,250,134,185,0,234,0,204,1,61,0,135,0,56,0,25,0,15,0,12,
0,255,253,38,27,230,251,114,2,132,253,49,7,141,2,93,250,218,186,0,232,0,207,1,60,0,134,0,56,0,24,0,14,0,11,
0,255,253,38,27,230,251,114,2,132,253,49,7,125,2,93,250,218,186,0,230,0,208,1,58,0,134,0,57,0,25,0,15,0,12,
0,219,253,251,26,10,252,189,1,170,253,178,6,248,3,28,250,102,186,0,232,0,209,1,54,0,134,0,57,0,24,0,14,0,11,
0,246,253,237,26,108,252,189,1,170,253,178,6,255,1,123,251,204,185,0,235,0,211,1,55,0,134,0,58,0,25,0,15,0,12,
0,246,253,237,26,19,253,189,1,170,253,178,6,154,253,64,252,17,185,0,237,0,215,1,53,0,133,0,57,0,25,0,15,0,11,
0,253,253,229,26,19,253,189,1,170,253,178,6,154,253,64,252,152,186,0,237,0,217,1,46,0,132,0,57,0,23,0,15,0,12,
0,73,254,253,26,13,254,189,1,170,253,178,6,255,251,75,251,152,186,0,236,0,217,1,40,0,131,0,57,0,23,0,15,0,12,
0,180,254,254,26,212,254,189,1,170,253,178,6,194,252,170,250,239,185,0,235,0,218,1,36,0,128,0,59,0,23,0,14,0,11,
0,180,254,254,26,34,255,189,1,170,253,178,6,52,252,163,250,253,183,0,233,0,218,1,31,0,128,0,62,0,27,0,16,0,12,
0,234,254,42,27,34,255,189,1,170,253,178,6,43,252,41,250,131,185,0,232,0,218,1,28,0,125,0,59,0,26,0,15,0,11,
0,15,255,128,27,88,255,189,1,170,253,178,6,43,252,41,250,131,185,0,230,0,216,1,26,0,124,0,62,0,27,0,15,0,12,
0,131,255,175,27,138,255,189,1,170,253,178,6,189,252,202,248,164,186,0,229,0,213,1,25,0,123,0,60,0,27,0,15,0,11,
0,131,255,175,27,138,255,189,1,170,253,178,6,70,254,179,247,51,186,0,227,0,213,1,27,0,122,0,58,0,25,0,15,0,11,
0,229,255,141,27,188,255,61,1,173,253,219,6,104,255,120,246,59,185,0,225,0,214,1,29,0,122,0,57,0,26,0,16,0,12,
0,63,0,112,27,2,0,61,1,173,253,219,6,104,255,120,245,135,185,0,223,0,216,1,33,0,121,0,55,0,23,0,14,0,11,
0,79,0,52,27,40,0,61,1,173,253,219,6,88,255,158,245,135,185,0,219,0,220,1,36,0,122,0,55,0,23,0,14,0,11,
0,79,0,52,27,40,0,61,1,173,253,219,6,183,1,30,245,36,187,0,215,0,223,1,40,0,123,0,55,0,24,0,15,0,12,
0,47,0,196,26,231,255,61,1,173,253,219,6,208,3,219,244,154,185,0,210,0,228,1,44,0,123,0,54,0,23,0,15,0,12,
0,212,255,37,26,122,255,61,1,173,253,219,6,107,4,250,245,179,185,0,204,0,233,1,48,0,124,0,53,0,25,0,15,0,12,
0,212,255,37,26,9,255,61,1,173,253,219,6,107,4,250,245,179,185,0,198,0,237,1,51,0,126,0,55,0,26,0,16,0,12,
0,165,255,146,25,9,255,61,1,173,253,219,6,94,6,242,246,221,188,0,192,0,241,1,53,0,126,0,54,0,24,0,15,0,11,
0,99,255,33,25,136,254,61,1,173,253,219,6,240,8,248,246,163,187,0,185,0,246,1,54,0,128,0,58,0,25,0,15,0,12,
0,218,254,179,24,67,254,61,1,173,253,219,6,118,9,144,247,93,188,0,179,0,250,1,55,0,128,0,59,0,26,0,16,0,12,
0,218,254,179,24,67,254,133,0,189,253,64,6,118,9,167,248,176,191,0,172,0,254,1,55,0,130,0,59,0,26,0,16,0,12,
0,147,254,8,24,31,254,133,0,189,253,64,6,242,11,167,248,176,191,0,166,1,1,1,55,0,130,0,57,0,25,0,15,0,12,
0,36,254,54,23,216,253,133,0,189,253,64,6,202,13,140,249,183,192,0,160,1,4,1,55,0,130,0,57,0,25,0,15,0,12,
0,191,253,88,22,104,253,133,0,189,253,64,6,184,16,185,249,120,191,0,155,1,7,1,54,0,131,0,58,0,26,0,16,0,12,
0,191,253,88,22,104,253,133,0,189,253,64,6,129,18,198,249,36,190,0,152,1,9,1,54,0,131,0,57,0,26,0,16,0,12,
0,137,253,112,21,24,253,133,0,189,253,64,6,129,18,198,249,251,190,0,149,1,11,1,54,0,131,0,57,0,26,0,16,0,12,
0,99,253,116,20,6,253,133,0,189,253,64,6,134,19,218,250,251,190,0,147,1,13,1,54,0,131,0,57,0,25,0,15,0,12,
0,84,253,67,19,252,252,133,0,189,253,64,6,147,21,149,251,155,190,0,145,1,14,1,54,0,132,0,57,0,25,0,15,0,12,
0,84,253,67,19,252,252,133,0,189,253,64,6,146,23,88,251,116,188,0,144,1,14,1,53,0,132,0,57,0,26,0,16,0,12,
0,67,253,0,18,218,252,133,0,189,253,64,6,146,23,92,251,19,186,0,142,1,15,1,53,0,131,0,57,0,26,0,16,0,12,
0,91,253,175,16,247,252,32,0,118,253,253,5,39,24,92,251,19,186,0,141,1,15,1,52,0,131,0,57,0,25,0,16,0,12,
0,91,253,175,16,250,252,32,0,118,253,253,5,38,24,181,251,125,186,0,141,1,15,1,52,0,131,0,57,0,25,0,15,0,12,
0,132,253,113,15,250,252,32,0,118,253,253,5,50,26,70,251,98,187,0,140,1,14,1,51,0,131,0,57,0,25,0,16,0,12,
0,195,253,46,14,247,252,32,0,118,253,253,5,244,26,225,249,76,181,0,139,1,14,1,51,0,131,0,57,0,25,0,16,0,12,
0,31,254,194,12,240,252,32,0,118,253,253,5,244,26,225,249,25,185,0,139,1,14,1,52,0,131,0,56,0,25,0,15,0,12,
0,31,254,194,12,240,252,32,0,118,253,253,5,121,25,158,250,25,185,0,139,1,14,1,51,0,131,0,57,0,24,0,15,0,11,
0,79,254,124,11,251,252,32,0,118,253,253,5,10,28,245,249,200,186,0,138,1,13,1,51,0,131,0,57,0,25,0,15,0,12,
0,97,254,35,10,251,252,32,0,118,253,253,5,150,28,226,248,21,182,0,138,1,14,1,51,0,130,0,55,0,24,0,14,0,11,
0,89,254,226,8,11,253,32,0,118,253,253,5,226,27,39,249,212,184,0,138,1,13,1,51,0,130,0,56,0,25,0,15,0,12,
0,89,254,226,8,11,253,32,0,118,253,253,5,226,27,39,249,212,184,0,138,1,14,1,50,0,130,0,56,0,25,0,15,0,12,
0,80,254,193,7,46,253,216,255,169,253,87,7,85,28,219,249,237,186,0,137,1,13,1,48,0,130,0,56,0,25,0,15,0,12,
0,104,254,170,6,50,253,216,255,169,253,87,7,255,28,41,249,171,187,0,138,1,14,1,47,0,129,0,55,0,22,0,14,0,11,
0,113,254,163,5,100,253,216,255,169,253,87,7,27,29,250,248,101,186,0,137,1,13,1,46,0,129,0,56,0,24,0,15,0,12,
0,113,254,163,5,100,253,216,255,169,253,87,7,27,29,11,249,111,185,0,138,1,14,1,44,0,129,0,56,0,23,0,15,0,12,
0,145,254,153,4,150,253,216,255,169,253,87,7,51,27,11,249,111,185,0,138,1,14,1,42,0,128,0,59,0,24,0,15,0,12,
0,193,254,183,3,168,253,216,255,169,253,87,7,236,26,37,249,58,189,0,138,1,15,1,40,0,128,0,61,0,25,0,16,0,12,
0,193,254,183,3,198,253,216,255,169,253,87,7,221,27,245,248,102,191,0,139,1,16,1,38,0,127,0,59,0,25,0,15,0,12,
0,232,254,216,2,198,253,216,255,169,253,87,7,221,27,8,248,153,189,0,139,1,16,1,34,0,126,0,58,0,25,0,15,0,12,
0,12,255,225,1,253,253,216,255,169,253,87,7,221,27,8,248,153,189,0,139,1,16,1,30,0,125,0,58,0,27,0,16,0,12,
0,69,255,241,0,61,254,216,255,169,253,87,7,207,26,203,247,151,189,0,140,1,16,1,26,0,123,0,56,0,26,0,16,0,12,
0,69,255,241,0,61,254,252,255,153,253,161,6,45,25,243,247,164,190,0,139,1,16,1,21,0,122,0,56,0,27,0,16,0,12,
0,81,255,212,255,129,254,252,255,153,253,161,6,10,25,183,247,201,193,0,140,1,16,1,16,0,120,0,54,0,25,0,15,0,12,
0,88,255,190,254,222,254,252,255,153,253,161,6,10,25,37,247,240,193,0,141,1,15,1,11,0,118,0,53,0,22,0,15,0,11,
0,54,255,182,253,27,255,252,255,153,253,161,6,122,25,37,247,240,193,0,141,1,14,1,4,0,116,0,53,0,23,0,15,0,12,
0,54,255,182,253,27,255,252,255,153,253,161,6,170,23,94,246,209,191,0,142,1,13,0,254,0,113,0,51,0,25,0,15,0,12,
0,6,255,178,252,74,255,252,255,153,253,161,6,70,21,89,246,63,193,0,142,1,11,0,247,0,111,0,51,0,23,0,14,0,11,
0,200,254,199,251,91,255,252,255,153,253,161,6,253,19,234,245,162,194,0,144,1,9,0,241,0,108,0,49,0,22,0,14,0,11,
0,144,254,236,250,139,255,252,255,153,253,161,6,253,19,234,245,42,195,0,144,1,6,0,233,0,106,0,48,0,21,0,14,0,12,
0,144,254,236,250,139,255,252,255,153,253,161,6,17,20,79,245,42,195,0,144,1,4,0,227,0,103,0,47,0,21,0,14,0,11,
0,12,254,8,250,176,255,252,255,153,253,161,6,152,19,49,245,187,193,0,146,1,3,0,221,0,99,0,45,0,22,0,14,0,11,
0,142,253,71,249,213,255,252,255,153,253,161,6,29,18,200,244,100,192,0,146,1,0,0,215,0,97,0,44,0,22,0,14,0,11,
0,142,253,71,249,253,255,230,255,170,253,90,5,29,17,26,245,70,194,0,148,0,254,0,210,0,94,0,43,0,20,0,13,0,11,
0,60,253,128,248,253,255,230,255,170,253,90,5,115,17,26,245,70,194,0,149,0,252,0,205,0,91,0,41,0,18,0,13,0,11,
0,230,252,234,247,33,0,230,255,170,253,90,5,139,16,67,245,117,193,0,150,0,250,0,200,0,89,0,41,0,19,0,13,0,11,
0,140,252,57,247,27,0,230,255,170,253,90,5,46,16,95,245,231,193,0,151,0,249,0,196,0,86,0,40,0,18,0,13,0,11,
0,140,252,57,247,27,0,230,255,170,253,90,5,119,15,231,245,199,192,0,152,0,247,0,193,0,84,0,39,0,18,0,13,0,11,
0,118,252,113,246,34,0,230,255,170,253,90,5,119,15,231,245,245,190,0,154,0,247,0,190,0,81,0,37,0,19,0,13,0,11,
0,69,252,197,245,41,0,230,255,170,253,90,5,114,14,234,245,245,190,0,156,0,246,0,188,0,80,0,36,0,18,0,13,0,11,
0,237,251,71,245,24,0,230,255,170,253,90,5,0,13,48,246,57,191,0,157,0,246,0,186,0,79,0,36,0,19,0,13,0,11,
0,237,251,71,245,24,0,230,255,170,253,90,5,78,12,206,246,125,192,0,159,0,246,0,184,0,77,0,35,0,18,0,12,0,11,
0,207,251,244,244,65,0,230,255,170,253,90,5,202,11,192,246,118,191,0,160,0,247,0,183,0,75,0,33,0,16,0,12,0,11,
0,183,251,155,244,93,0,34,0,111,253,91,6,202,11,192,246,118,191,0,162,0,247,0,181,0,74,0,33,0,17,0,12,0,11,
0,158,251,155,244,122,0,34,0,111,253,91,6,159,10,30,247,142,192,0,164,0,248,0,180,0,72,0,32,0,16,0,12,0,10,
0,158,251,94,244,122,0,34,0,111,253,91,6,247,9,59,247,71,190,0,165,0,249,0,179,0,72,0,32,0,16,0,12,0,11,
0,119,251,33,244,159,0,34,0,111,253,91,6,129,9,248,247,108,191,0,168,0,250,0,179,0,71,0,26,0,16,0,12,0,12,
0,123,251,241,243,135,0,34,0,111,253,91,6,129,9,204,248,227,192,0,169,0,251,0,178,0,70,0,26,0,14,0,12,0,11,
0,123,251,241,243,125,0,34,0,111,253,91,6,69,8,204,248,227,192,0,171,0,252,0,177,0,70,0,28,0,16,0,12,0,11,
0,111,251,207,243,125,0,34,0,111,253,91,6,251,8,128,248,163,192,0,173,0,253,0,178,0,68,0,28,0,14,0,11,0,10,
0,106,251,129,243,155,0,34,0,111,253,91,6,149,7,176,248,214,190,0,174,0,254,0,177,0,69,0,28,0,15,0,12,0,11,
0,107,251,75,243,158,0,34,0,111,253,91,6,118,5,98,249,140,191,0,176,0,255,0,178,0,69,0,29,0,15,0,12,0,11,
0,107,251,75,243,158,0,34,0,111,253,91,6,118,5,98,249,102,192,0,179,1,0,0,178,0,68,0,28,0,14,0,11,0,11,
0,137,251,29,243,160,0,120,0,118,253,52,6,232,5,110,249,102,192,0,181,1,1,0,179,0,68,0,28,0,16,0,12,0,11,
0,167,251,245,242,180,0,120,0,118,253,52,6,16,5,122,249,86,192,0,183,1,1,0,180,0,68,0,28,0,14,0,11,0,10,
0,126,251,246,242,214,0,120,0,118,253,52,6,121,3,121,249,87,190,0,185,1,2,0,181,0,69,0,29,0,16,0,12,0,11,
0,126,251,246,242,214,0,120,0,118,253,52,6,121,3,159,249,109,191,0,187,1,4,0,183,0,69,0,29,0,16,0,12,0,11,
0,107,251,2,243,198,0,120,0,118,253,52,6,139,2,159,249,109,191,0,190,1,5,0,185,0,69,0,28,0,15,0,11,0,11,
0,139,251,56,243,142,0,120,0,118,253,52,6,188,2,24,250,98,192,0,191,1,6,0,187,0,70,0,29,0,16,0,12,0,11,
0,139,251,56,243,154,0,120,0,118,253,52,6,204,2,189,249,13,190,0,194,1,8,0,190,0,70,0,29,0,15,0,12,0,11,
0,139,251,103,243,154,0,120,0,118,253,52,6,209,1,36,250,18,191,0,196,1,9,0,192,0,72,0,30,0,14,0,12,0,11,
0,105,251,108,243,177,0,120,0,118,253,52,6,209,1,36,250,209,189,0,198,1,10,0,195,0,72,0,30,0,14,0,12,0,11,
0,107,251,154,243,200,0,120,0,118,253,52,6,243,0,31,250,209,189,0,201,1,11,0,198,0,73,0,30,0,14,0,11,0,11,
0,107,251,154,243,206,0,157,0,41,253,23,6,188,0,121,250,196,191,0,202,1,12,0,200,0,74,0,31,0,15,0,12,0,11,
0,154,251,211,243,206,0,157,0,41,253,23,6,101,0,30,250,51,192,0,205,1,13,0,203,0,75,0,31,0,14,0,11,0,11,
0,202,251,223,243,191,0,157,0,41,253,23,6,112,0,71,249,215,188,0,206,1,14,0,205,0,77,0,31,0,16,0,12,0,11,
0,173,251,23,244,169,0,157,0,41,253,23,6,112,0,71,249,215,188,0,208,1,16,0,208,0,77,0,32,0,16,0,12,0,11,
0,173,251,23,244,169,0,157,0,41,253,23,6,41,254,189,249,141,188,0,209,1,16,0,209,0,79,0,32,0,17,0,12,0,11,
0,180,251,74,244,151,0,157,0,41,253,23,6,234,253,203,249,233,190,0,211,1,17,0,211,0,79,0,36,0,17,0,11,0,11,
0,191,251,128,244,112,0,157,0,41,253,23,6,178,254,107,249,121,190,0,212,1,17,0,212,0,80,0,35,0,16,0,11,0,10,
0,191,251,164,244,104,0,157,0,41,253,23,6,178,254,248,248,250,187,0,213,1,17,0,213,0,81,0,36,0,17,0,12,0,11,
0,191,251,164,244,104,0,157,0,41,253,23,6,150,253,248,248,250,187,0,214,1,18,0,214,0,82,0,36,0,17,0,12,0,11,
0,168,251,252,244,76,0,157,0,41,253,23,6,4,253,96,249,211,189,0,214,1,18,0,215,0,83,0,35,0,17,0,12,0,11,
0,189,251,76,245,52,0,157,0,41,253,23,6,112,252,145,249,38,191,0,214,1,19,0,216,0,83,0,35,0,16,0,12,0,11,
0,191,251,76,245,6,0,64,1,14,253,92,7,27,253,14,249,171,190,0,214,1,20,0,217,0,83,0,35,0,16,0,12,0,11,
0,191,251,146,245,6,0,64,1,14,253,92,7,27,253,14,249,171,190,0,214,1,19,0,217,0,85,0,36,0,18,0,13,0,11,
0,181,251,218,245,197,255,64,1,14,253,92,7,204,252,235,248,82,188,0,214,1,20,0,217,0,85,0,36,0,18,0,13,0,11,
0,177,251,41,246,164,255,64,1,14,253,92,7,91,251,14,249,122,188,0,213,1,20,0,218,0,85,0,35,0,17,0,12,0,11,
0,177,251,41,246,136,255,64,1,14,253,92,7,56,251,16,249,75,190,0,211,1,20,0,217,0,86,0,36,0,18,0,13,0,11,
0,178,251,95,246,136,255,64,1,14,253,92,7,56,251,167,248,37,190,0,211,1,21,0,217,0,85,0,36,0,17,0,12,0,11,
0,200,251,190,246,112,255,64,1,14,253,92,7,121,251,167,248,37,190,0,209,1,21,0,217,0,86,0,36,0,18,0,13,0,12,
0,210,251,45,247,77,255,64,1,14,253,92,7,61,251,88,248,2,188,0,208,1,22,0,217,0,86,0,37,0,18,0,13,0,11,
0,210,251,45,247,77,255,64,1,14,253,92,7,209,249,198,248,241,187,0,206,1,22,0,217,0,86,0,36,0,17,0,13,0,11,
0,211,251,138,247,40,255,64,1,14,253,92,7,29,250,254,248,194,189,0,204,1,23,0,217,0,86,0,36,0,18,0,13,0,11,
0,250,251,255,247,27,255,39,1,78,253,7,6,29,250,254,248,198,190,0,203,1,24,0,217,0,86,0,36,0,17,0,12,0,11,
0,18,252,144,248,39,255,39,1,78,253,7,6,79,250,254,248,198,190,0,201,1,24,0,216,0,86,0,37,0,18,0,13,0,11,
0,18,252,144,248,39,255,39,1,78,253,7,6,6,251,239,248,163,187,0,200,1,25,0,216,0,86,0,37,0,18,0,13,0,11,
0,255,251,7,249,15,255,39,1,78,253,7,6,228,248,119,249,170,187,0,198,1,25,0,215,0,86,0,36,0,17,0,12,0,11,
0,4,252,116,249,239,254,39,1,78,253,7,6,228,249,191,249,13,191,0,196,1,25,0,214,0,86,0,36,0,18,0,13,0,11,
0,4,252,116,249,203,254,39,1,78,253,7,6,96,249,191,249,13,191,0,195,1,27,0,213,0,85,0,36,0,17,0,12,0,11,
0,21,252,234,249,203,254,39,1,78,253,7,6,128,249,20,249,29,187,0,193,1,26,0,212,0,85,0,36,0,18,0,13,0,11,
0,22,252,109,250,179,254,39,1,78,253,7,6,60,248,191,249,214,189,0,192,1,27,0,211,0,84,0,35,0,17,0,12,0,11,
0,45,252,254,250,150,254,39,1,78,253,7,6,112,249,109,249,113,189,0,189,1,27,0,209,0,84,0,36,0,18,0,12,0,11,
0,45,252,254,250,135,254,39,1,78,253,7,6,112,249,109,249,121,187,0,188,1,27,0,209,0,84,0,35,0,17,0,12,0,11,
0,19,252,110,251,135,254,65,1,248,252,98,7,19,248,142,249,121,187,0,187,1,27,0,208,0,84,0,35,0,17,0,12,0,11,
0,13,252,233,251,152,254,65,1,248,252,98,7,58,248,77,250,16,191,0,185,1,28,0,207,0,83,0,35,0,16,0,13,0,11,
0,41,252,153,252,138,254,65,1,248,252,98,7,34,249,69,250,18,191,0,184,1,28,0,207,0,82,0,35,0,15,0,12,0,11,
0,41,252,153,252,138,254,65,1,248,252,98,7,58,249,255,249,246,187,0,182,1,28,0,206,0,82,0,35,0,16,0,12,0,11,
0,75,252,29,253,104,254,65,1,248,252,98,7,58,249,255,249,246,187,0,182,1,29,0,206,0,81,0,34,0,16,0,12,0,11,
0,80,252,142,253,88,254,65,1,248,252,98,7,30,248,178,250,149,188,0,180,1,28,0,206,0,82,0,35,0,16,0,12,0,11,
0,86,252,13,254,106,254,65,1,248,252,98,7,245,247,45,251,29,191,0,179,1,28,0,206,0,82,0,35,0,16,0,12,0,11,
0,86,252,13,254,106,254,65,1,248,252,98,7,52,249,212,250,117,190,0,177,1,29,0,206,0,81,0,34,0,16,0,12,0,11,
0,116,252,114,254,101,254,65,1,248,252,98,7,52,249,104,250,233,186,0,175,1,29,0,207,0,82,0,35,0,16,0,12,0,11,
0,145,252,243,254,85,254,65,1,248,252,98,7,100,249,104,250,233,186,0,175,1,30,0,208,0,81,0,34,0,17,0,12,0,11,
0,145,252,243,254,97,254,126,1,21,253,9,7,152,247,71,251,52,188,0,173,1,30,0,209,0,82,0,35,0,18,0,13,0,11,
0,138,252,113,255,97,254,126,1,21,253,9,7,245,248,90,251,142,190,0,172,1,30,0,211,0,82,0,35,0,17,0,13,0,11,
0,154,252,255,255,61,254,126,1,21,253,9,7,247,249,213,250,221,189,0,171,1,31,0,213,0,82,0,34,0,16,0,12,0,11,
0,187,252,125,0,51,254,126,1,21,253,9,7,247,249,213,250,115,187,0,169,1,31,0,215,0,84,0,35,0,17,0,13,0,11,
0,187,252,125,0,78,254,126,1,21,253,9,7,170,249,181,250,115,187,0,168,1,32,0,218,0,84,0,34,0,16,0,12,0,11,
0,184,252,224,0,78,254,126,1,21,253,9,7,71,249,247,250,119,187,0,167,1,32,0,220,0,85,0,35,0,17,0,13,0,11,
0,171,252,91,1,74,254,126,1,21,253,9,7,220,249,126,251,253,189,0,166,1,32,0,222,0,86,0,35,0,17,0,12,0,11,
0,182,252,202,1,59,254,126,1,21,253,9,7,220,249,94,251,112,189,0,165,1,33,0,225,0,86,0,35,0,15,0,12,0,11,
0,182,252,202,1,59,254,126,1,21,253,9,7,209,251,94,251,112,189,0,163,1,33,0,228,0,87,0,36,0,16,0,12,0,11,
0,213,252,43,2,7,254,126,1,21,253,9,7,167,251,240,250,26,187,0,162,1,33,0,231,0,88,0,35,0,16,0,12,0,11,
0,228,252,172,2,6,254,126,1,21,253,9,7,57,250,96,251,78,187,0,161,1,33,0,233,0,90,0,37,0,17,0,13,0,11,
0,195,252,10,3,20,254,102,1,24,253,31,6,149,251,47,251,65,190,0,159,1,33,0,236,0,91,0,37,0,17,0,12,0,11,
0,195,252,10,3,20,254,102,1,24,253,31,6,149,251,47,251,98,189,0,159,1,34,0,239,0,91,0,37,0,16,0,12,0,11,
0,174,252,81,3,252,253,102,1,24,253,31,6,55,253,158,250,98,189,0,157,1,34,0,241,0,93,0,38,0,19,0,13,0,11,
0,206,252,158,3,214,253,102,1,24,253,31,6,37,253,43,250,153,186,0,156,1,34,0,244,0,94,0,38,0,18,0,12,0,11,
0,206,252,158,3,213,253,102,1,24,253,31,6,177,251,253,250,24,189,0,155,1,34,0,247,0,96,0,40,0,19,0,13,0,11,
0,243,252,1,4,213,253,102,1,24,253,31,6,253,253,163,250,5,192,0,154,1,34,0,249,0,97,0,40,0,19,0,13,0,11,
0,7,253,96,4,255,253,102,1,24,253,31,6,253,253,163,250,5,192,0,153,1,34,0,252,0,99,0,41,0,19,0,13,0,12,
0,26,253,155,4,0,254,102,1,24,253,31,6,167,255,136,249,97,187,0,153,1,34,0,255,0,100,0,41,0,19,0,13,0,11,
0,26,253,155,4,241,253,102,1,24,253,31,6,23,254,12,250,50,188,0,153,1,34,1,2,0,100,0,41,0,17,0,12,0,11,
0,6,253,217,4,241,253,102,1,24,253,31,6,239,254,74,250,185,190,0,152,1,35,1,4,0,102,0,41,0,17,0,12,0,11,
0,19,253,248,4,212,253,17,1,253,252,207,6,239,254,74,249,198,191,0,151,1,34,1,7,0,104,0,43,0,19,0,13,0,12,
0,31,253,37,5,191,253,17,1,253,252,207,6,80,0,153,249,198,191,0,151,1,35,1,9,0,105,0,43,0,18,0,13,0,12,
0,31,253,37,5,191,253,17,1,253,252,207,6,61,1,64,249,53,188,0,151,1,35,1,12,0,106,0,43,0,19,0,13,0,11,
0,19,253,58,5,174,253,17,1,253,252,207,6,174,255,13,249,105,188,0,150,1,35,1,14,0,107,0,44,0,20,0,13,0,11,
0,23,253,68,5,165,253,17,1,253,252,207,6,154,0,94,249,200,190,0,150,1,35,1,17,0,108,0,44,0,20,0,13,0,11,
0,41,253,100,5,137,253,17,1,253,252,207,6,154,0,94,249,200,190,0,150,1,36,1,19,0,110,0,45,0,21,0,14,0,11,
0,41,253,100,5,137,253,17,1,253,252,207,6,138,2,173,248,242,191,0,150,1,36,1,21,0,111,0,46,0,21,0,14,0,11,
0,56,253,134,5,118,253,17,1,253,252,207,6,4,3,223,247,5,188,0,150,1,36,1,23,0,112,0,46,0,21,0,14,0,11,
0,34,253,142,5,92,253,17,1,253,252,207,6,28,2,185,248,170,190,0,150,1,37,1,24,0,113,0,46,0,20,0,13,0,11,
0,34,253,142,5,101,253,17,1,253,252,207,6,28,2,168,248,145,193,0,150,1,37,1,26,0,114,0,47,0,21,0,14,0,11,
0,62,253,136,5,101,253,20,1,243,252,116,6,210,3,168,248,145,193,0,150,1,36,1,27,0,115,0,43,0,21,0,15,0,12,
0,79,253,121,5,90,253,20,1,243,252,116,6,45,5,26,248,85,191,0,150,1,37,1,28,0,116,0,44,0,21,0,14,0,12,
0,44,253,121,5,85,253,20,1,243,252,116,6,71,4,216,247,97,189,0,151,1,37,1,29,0,116,0,45,0,20,0,14,0,11,
0,44,253,121,5,85,253,20,1,243,252,116,6,137,4,50,248,126,192,0,150,1,36,1,29,0,118,0,47,0,22,0,14,0,12,
0,24,253,79,5,70,253,20,1,243,252,116,6,137,4,50,248,61,191,0,151,1,36,1,30,0,118,0,47,0,21,0,14,0,11,
0,255,252,2,5,49,253,20,1,243,252,116,6,121,6,53,247,61,191,0,151,1,36,1,30,0,119,0,49,0,22,0,14,0,12,
0,199,252,201,4,80,253,20,1,243,252,116,6,183,5,175,247,111,191,0,152,1,36,1,30,0,118,0,49,0,21,0,14,0,11,
0,199,252,201,4,80,253,20,1,243,252,116,6,117,6,184,247,25,192,0,152,1,35,1,30,0,119,0,50,0,22,0,14,0,12,
0,212,252,150,4,117,253,20,1,243,252,116,6,117,7,89,247,240,191,0,153,1,36,1,30,0,119,0,50,0,22,0,14,0,11,
0,10,253,95,4,88,253,20,1,243,252,116,6,10,7,89,247,240,191,0,153,1,36,1,30,0,119,0,50,0,22,0,14,0,11,
0,223,252,30,4,65,253,246,0,236,252,200,6,217,6,29,247,61,190,0,154,1,34,1,28,0,119,0,51,0,23,0,14,0,12,
0,223,252,30,4,65,253,246,0,236,252,200,6,128,7,63,247,151,192,0,155,1,35,1,28,0,119,0,51,0,23,0,14,0,12,
0,140,252,217,3,60,253,246,0,236,252,200,6,40,8,23,247,145,192,0,146,1,40,1,32,0,120,0,51,0,21,0,14,0,11,
0,132,252,130,3,89,253,246,0,236,252,200,6,40,8,23,247,3,193,0,134,1,55,1,47,0,121,0,51,0,21,0,14,0,11,
0,132,252,130,3,57,253,246,0,236,252,200,6,32,8,18,244,3,193,0,135,1,70,1,75,0,126,0,52,0,22,0,14,0,11,
0,206,252,40,3,57,253,246,0,236,252,200,6,211,23,98,6,240,201,0,193,1,75,1,83,0,131,0,54,0,25,0,15,0,11,
0,5,253,12,3,75,252,246,0,236,252,200,6,163,33,110,232,161,217,1,73,1,79,1,84,0,134,0,54,0,25,0,14,0,12,
0,9,254,166,2,167,249,246,0,236,252,200,6,229,33,90,252,60,227,0,255,1,78,1,79,0,136,0,56,0,23,0,15,0,12,
0,9,254,166,2,167,249,246,0,236,252,200,6,229,33,90,252,60,227,0,139,1,73,1,73,0,137,0,57,0,22,0,14,0,11,
0,226,0,169,255,129,248,246,0,236,252,200,6,10,26,12,10,38,239,0,133,1,70,1,57,0,135,0,55,0,23,0,13,0,10,
0,53,5,129,250,144,249,246,0,204,252,125,7,145,28,15,21,38,237,0,134,1,55,1,13,0,130,0,56,0,22,0,14,0,11,
0,142,10,171,245,120,251,13,1,204,252,125,7,164,29,107,32,219,253,0,136,1,32,0,213,0,120,0,55,0,25,0,15,0,11,
0,142,10,171,245,120,251,13,1,204,252,125,7,164,29,204,36,138,6,0,136,0,245,0,156,0,107,0,57,0,25,0,13,0,10,
0,166,15,98,243,38,253,13,1,204,252,125,7,230,22,204,36,138,6,0,136,0,198,0,137,0,94,0,51,0,21,0,13,0,11,
0,79,19,86,243,17,255,13,1,204,252,125,7,210,12,85,36,70,4,0,137,0,175,0,134,0,85,0,47,0,20,0,13,0,11,
0,186,20,127,244,168,1,13,1,204,252,125,7,202,2,191,28,40,250,0,137,0,180,0,134,0,78,0,45,0,22,0,14,0,11,
0,186,20,127,244,168,1,13,1,204,252,125,7,4,253,245,18,205,245,0,139,0,194,0,134,0,73,0,41,0,21,0,14,0,12,
0,135,20,249,246,66,5,13,1,204,252,125,7,4,253,245,18,77,240,0,140,0,189,0,134,0,67,0,37,0,19,0,14,0,13,
0,228,18,101,249,67,8,13,1,204,252,125,7,28,249,118,11,77,240,0,142,0,164,0,134,0,62,0,33,0,16,0,12,0,11,
0,228,18,101,249,42,9,13,1,204,252,125,7,38,246,78,9,55,228,0,145,0,141,0,133,0,60,0,32,0,17,0,13,0,11,
0,153,15,12,252,42,9,13,1,204,252,125,7,156,246,66,6,234,216,0,150,0,135,0,133,0,57,0,30,0,16,0,13,0,12,
0,156,10,7,255,9,8,247,0,137,253,81,6,156,246,160,0,250,213,0,158,0,134,0,133,0,55,0,27,0,14,0,12,0,12,
0,177,4,242,1,222,5,247,0,137,253,81,6,230,247,160,0,250,213,0,167,0,134,0,133,0,53,0,26,0,14,0,12,0,11,
0,177,4,242,1,222,5,247,0,137,253,81,6,229,248,233,251,161,209,0,171,0,135,0,135,0,52,0,25,0,14,0,12,0,11,
0,134,255,114,3,67,3,247,0,137,253,81,6,235,251,90,248,174,204,0,169,0,136,0,143,0,51,0,23,0,12,0,11,0,11,
0,229,251,244,2,166,0,247,0,137,253,81,6,241,254,7,246,93,198,0,165,0,137,0,184,0,55,0,23,0,14,0,11,0,11,
0,38,250,6,1,73,254,247,0,137,253,81,6,241,254,7,246,160,191,0,160,0,140,1,8,0,67,0,26,0,12,0,11,0,11,
0,38,250,6,1,73,254,247,0,137,253,81,6,164,255,28,246,160,191,0,155,0,145,1,75,0,84,0,30,0,15,0,12,0,11,
0,110,250,237,253,169,252,247,0,137,253,81,6,226,252,187,245,72,187,0,151,0,161,1,77,0,94,0,31,0,13,0,10,0,11,
0,151,252,77,250,235,251,247,0,137,253,81,6,243,250,249,243,55,182,0,148,0,189,1,75,0,102,0,34,0,13,0,10,0,10,
0,255,255,197,246,38,252,247,0,137,253,81,6,226,252,176,242,91,183,0,146,0,215,1,72,0,111,0,39,0,17,0,12,0,11,
0,255,255,197,246,38,252,0,1,159,253,245,5,226,252,176,242,91,183,0,144,0,236,1,69,0,116,0,41,0,17,0,12,0,11,
0,65,4,241,243,253,252,0,1,159,253,245,5,207,253,5,241,248,179,0,144,0,255,1,59,0,119,0,43,0,19,0,12,0,11,
0,99,8,237,241,62,254,0,1,159,253,245,5,94,249,64,242,121,182,0,144,1,14,1,43,0,119,0,44,0,18,0,13,0,11,
0,99,8,237,241,52,0,0,1,159,253,245,5,249,246,85,241,40,183,0,143,1,23,1,14,0,119,0,47,0,19,0,13,0,11,
0,3,12,155,240,52,0,0,1,159,253,245,5,249,246,85,238,213,191,0,142,1,30,0,229,0,113,0,47,0,20,0,13,0,11,
0,33,14,132,240,38,3,0,1,159,253,245,5,157,246,48,238,213,191,0,143,1,35,0,183,0,104,0,46,0,22,0,13,0,11,
0,218,14,19,242,64,6,0,1,159,253,245,5,178,242,245,231,185,194,0,144,1,38,0,147,0,94,0,44,0,21,0,14,0,11,
0,218,14,19,242,64,6,0,1,159,253,245,5,144,238,118,231,121,199,0,145,1,40,0,136,0,84,0,41,0,18,0,13,0,10,
0,155,14,80,244,14,8,0,1,159,253,245,5,160,234,64,235,112,207,0,145,1,40,0,134,0,77,0,39,0,18,0,13,0,11,
0,163,13,244,246,61,8,0,1,159,253,245,5,160,234,64,235,112,207,0,146,1,39,0,134,0,71,0,36,0,17,0,13,0,11,
0,252,11,236,249,54,7,93,1,152,253,141,6,8,232,188,238,185,211,0,147,1,38,0,134,0,66,0,33,0,16,0,12,0,11,
0,252,11,236,249,54,7,93,1,152,253,141,6,20,233,245,240,223,213,0,147,1,35,0,134,0,63,0,33,0,17,0,13,0,11,
0,71,10,254,252,165,5,93,1,152,253,141,6,106,237,85,242,1,210,0,147,1,32,0,135,0,59,0,30,0,15,0,12,0,11,
0,237,8,73,0,81,4,93,1,152,253,141,6,106,237,154,245,72,207,0,147,1,28,0,136,0,56,0,28,0,14,0,11,0,10,
0,115,8,73,3,116,3,93,1,152,253,141,6,190,238,154,245,72,207,0,148,1,25,0,137,0,55,0,27,0,15,0,12,0,11,
0,115,8,161,3,116,3,93,1,152,253,141,6,240,241,179,248,204,210,0,148,1,23,0,140,0,55,0,26,0,14,0,12,0,11,
0,181,8,129,6,250,2,93,1,152,253,141,6,205,245,20,248,1,209,0,148,1,25,0,142,0,53,0,25,0,13,0,11,0,11,
0,113,9,68,8,249,2,93,1,152,253,141,6,197,248,47,247,214,206,0,150,1,29,0,145,0,52,0,23,0,14,0,11,0,11,
0,113,9,68,8,50,3,93,1,152,253,141,6,197,248,47,247,9,208,0,151,1,33,0,147,0,53,0,24,0,14,0,12,0,11,
0,127,10,117,8,50,3,93,1,152,253,141,6,88,250,233,247,9,208,0,153,1,37,0,148,0,54,0,24,0,14,0,12,0,11,
0,160,11,92,7,132,3,53,1,244,253,130,6,245,250,90,248,90,210,0,155,1,41,0,148,0,52,0,23,0,13,0,11,0,11,
0,87,12,160,5,214,3,53,1,244,253,130,6,14,252,117,248,222,210,0,158,1,43,0,148,0,54,0,23,0,14,0,11,0,11,
0,87,12,160,5,214,3,53,1,244,253,130,6,14,252,98,248,110,206,0,162,1,45,0,147,0,53,0,23,0,14,0,12,0,11,
0,148,12,218,3,44,4,53,1,244,253,130,6,222,250,98,248,110,206,0,167,1,45,0,147,0,53,0,23,0,13,0,11,0,11,
0,110,12,95,2,124,4,53,1,244,253,130,6,100,247,230,249,55,208,0,173,1,44,0,147,0,53,0,23,0,14,0,11,0,11,
0,33,12,128,1,131,4,53,1,244,253,130,6,163,248,180,250,20,208,0,180,1,42,0,148,0,54,0,23,0,14,0,12,0,11,
0,33,12,128,1,131,4,53,1,244,253,130,6,30,249,172,250,62,205,0,187,1,37,0,150,0,54,0,24,0,14,0,12,0,11,
0,108,11,92,1,109,4,53,1,244,253,130,6,30,249,172,250,69,203,0,196,1,33,0,154,0,54,0,23,0,13,0,11,0,10,
0,111,10,243,1,76,4,53,1,244,253,130,6,168,248,64,250,69,203,0,205,1,28,0,159,0,55,0,23,0,14,0,12,0,11,
0,86,9,243,3,210,3,53,1,244,253,130,6,49,250,40,249,65,204,0,215,1,22,0,169,0,57,0,24,0,12,0,11,0,11,
0,86,9,5,3,210,3,53,1,244,253,130,6,51,254,136,247,180,202,0,227,1,14,0,183,0,60,0,25,0,15,0,12,0,11,
0,121,8,64,4,86,3,28,1,24,254,255,6,254,255,14,246,35,200,0,238,1,6,0,198,0,63,0,25,0,12,0,11,0,11,
0,170,7,137,5,207,2,28,1,24,254,255,6,254,255,14,246,35,200,0,252,1,0,0,215,0,67,0,25,0,14,0,11,0,10,
0,170,7,137,5,99,2,28,1,24,254,255,6,212,1,151,244,11,197,1,9,0,249,0,232,0,74,0,28,0,14,0,12,0,11,
0,69,7,166,6,99,2,28,1,24,254,255,6,178,3,171,242,78,197,1,25,0,245,0,250,0,80,0,30,0,16,0,12,0,11,
0,108,7,85,7,255,1,28,1,24,254,255,6,226,5,243,239,142,196,1,43,0,243,1,13,0,86,0,31,0,14,0,12,0,11,
0,55,7,180,7,214,1,28,1,24,254,255,6,226,5,219,236,197,194,1,57,0,241,1,30,0,93,0,34,0,16,0,12,0,11,
0,55,7,180,7,214,1,28,1,24,254,255,6,37,7,219,236,197,194,1,72,0,242,1,46,0,100,0,36,0,15,0,12,0,11,
0,81,7,157,7,187,1,28,1,24,254,255,6,50,6,44,234,240,191,1,68,0,244,1,56,0,107,0,39,0,18,0,12,0,11,
0,84,7,70,7,180,1,28,1,24,254,255,6,190,5,253,231,227,193,1,63,0,245,1,60,0,112,0,41,0,19,0,13,0,12,
0,77,7,197,6,212,1,28,1,24,254,255,6,232,6,52,229,8,194,1,61,0,246,1,61,0,116,0,43,0,19,0,13,0,12,
0,77,7,197,6,212,1,240,0,112,254,13,6,232,6,52,229,8,194,1,59,0,246,1,58,0,121,0,46,0,21,0,14,0,12,
0,9,7,66,6,231,1,240,0,112,254,13,6,68,6,247,226,67,194,1,59,0,247,1,56,0,122,0,47,0,20,0,13,0,11,
0,167,6,170,5,241,1,240,0,112,254,13,6,177,4,249,223,133,192,1,58,0,246,1,52,0,124,0,48,0,21,0,14,0,12,
0,79,6,170,5,213,1,240,0,112,254,13,6,122,4,24,222,17,194,1,59,0,244,1,46,0,125,0,51,0,21,0,14,0,12,
0,79,6,253,4,213,1,240,0,112,254,13,6,122,4,122,220,68,195,1,81,0,241,1,40,0,126,0,52,0,22,0,14,0,12,
0,166,5,92,4,149,1,240,0,112,254,13,6,125,5,122,220,68,195,1,84,0,236,1,31,0,124,0,52,0,23,0,14,0,12,
0,223,4,165,3,95,1,240,0,112,254,13,6,12,6,210,218,161,193,1,89,0,232,1,22,0,122,0,51,0,23,0,14,0,12,
0,223,4,165,3,4,1,240,0,112,254,13,6,200,5,143,217,140,191,1,79,0,226,1,10,0,119,0,46,0,20,0,14,0,12,
0,10,4,251,2,4,1,240,0,112,254,13,6,127,5,248,217,112,192,1,70,0,219,0,252,0,117,0,47,0,23,0,15,0,12,
0,27,3,56,2,169,0,240,0,112,254,13,6,127,5,248,217,94,192,1,70,0,214,0,238,0,112,0,47,0,20,0,14,0,12,
0,32,2,74,1,57,0,249,0,90,254,108,6,33,6,25,218,94,192,1,68,0,207,0,220,0,107,0,47,0,22,0,14,0,11,
0,32,2,74,1,57,0,249,0,90,254,108,6,157,6,238,218,59,190,1,68,0,200,0,203,0,102,0,45,0,20,0,14,0,11,
0,98,1,138,0,191,255,249,0,90,254,108,6,192,6,128,219,224,185,1,68,0,192,0,185,0,95,0,43,0,20,0,13,0,11,
0,195,0,237,255,110,255,249,0,90,254,108,6,178,3,20,221,32,185,1,68,0,185,0,166,0,88,0,42,0,18,0,13,0,11,
0,32,0,85,255,24,255,249,0,90,254,108,6,178,3,20,221,32,185,1,67,0,179,0,153,0,81,0,40,0,19,0,13,0,10,
0,32,0,85,255,24,255,249,0,90,254,108,6,34,4,151,222,111,186,1,66,0,173,0,144,0,76,0,38,0,19,0,13,0,11,
0,112,255,237,254,179,254,249,0,90,254,108,6,152,4,229,223,187,182,1,67,0,168,0,139,0,70,0,35,0,17,0,13,0,11,
0,12,255,168,254,104,254,249,0,90,254,108,6,109,4,135,225,89,180,1,67,0,162,0,136,0,65,0,32,0,16,0,12,0,10,
0,12,254,168,254,242,253,249,0,90,254,108,6,109,4,135,227,207,178,1,66,0,157,0,135,0,62,0,32,0,16,0,12,0,11,
0,202,254,143,254,242,253,249,0,90,254,108,6,80,3,182,227,207,178,1,66,0,154,0,134,0,59,0,30,0,15,0,12,0,11,
0,152,254,119,254,153,253,4,1,56,254,168,6,228,2,6,230,29,180,1,67,0,150,0,134,0,56,0,27,0,13,0,11,0,11,
0,167,254,33,254,59,253,4,1,56,254,168,6,194,3,194,231,81,181,1,66,0,147,0,134,0,55,0,27,0,14,0,12,0,11,
0,167,254,33,254,251,252,4,1,56,254,168,6,194,3,148,233,233,179,1,66,0,145,0,134,0,53,0,25,0,13,0,11,0,11,
0,89,254,6,254,251,252,4,1,56,254,168,6,194,3,148,233,233,179,1,66,0,143,0,134,0,52,0,25,0,14,0,11,0,11,
0,75,254,255,253,180,252,4,1,56,254,168,6,206,2,46,235,171,177,1,66,0,141,0,134,0,51,0,24,0,13,0,11,0,11,
0,83,254,9,254,130,252,4,1,56,254,168,6,176,1,62,237,102,178,1,66,0,140,0,134,0,50,0,23,0,13,0,11,0,11,
0,83,254,9,254,130,252,4,1,56,254,168,6,254,0,68,238,210,177,1,67,0,139,0,134,0,49,0,23,0,12,0,11,0,10,
0,92,254,44,254,108,252,4,1,56,254,168,6,254,0,58,239,170,177,1,66,0,138,0,133,0,49,0,23,0,13,0,11,0,11,
0,139,254,76,254,78,252,4,1,56,254,168,6,184,255,58,239,170,177,1,67,0,138,0,133,0,48,0,22,0,12,0,11,0,11,
0,122,254,161,254,41,252,4,1,56,254,168,6,113,254,28,240,33,177,1,68,0,138,0,132,0,48,0,26,0,13,0,11,0,10,
0,122,254,161,254,41,252,4,1,56,254,168,6,131,254,144,240,184,177,1,68,0,138,0,134,0,47,0,24,0,12,0,10,0,10,
0,52,254,2,255,15,252,8,1,84,254,222,5,48,254,51,241,107,178,1,68,0,137,0,134,0,48,0,23,0,12,0,11,0,11,
0,218,253,112,255,238,251,8,1,84,254,222,5,48,254,51,241,27,176,1,68,0,137,0,135,0,47,0,22,0,11,0,10,0,10,
0,218,253,112,255,235,251,8,1,84,254,222,5,135,254,40,241,27,176,1,68,0,137,0,135,0,48,0,23,0,13,0,11,0,10,
0,150,253,253,255,235,251,8,1,84,254,222,5,39,253,16,242,141,173,1,69,0,137,0,136,0,47,0,22,0,11,0,11,0,11,
0,111,253,96,0,213,251,8,1,84,254,222,5,2,253,133,243,89,176,1,69,0,138,0,136,0,47,0,21,0,11,0,10,0,10,
0,86,253,180,0,218,251,8,1,84,254,222,5,2,253,219,243,188,174,1,68,0,137,0,136,0,48,0,22,0,12,0,11,0,11,
0,86,253,180,0,9,252,8,1,84,254,222,5,135,253,219,243,188,174,1,68,0,138,0,137,0,47,0,22,0,12,0,11,0,10,
0,28,253,14,1,9,252,8,1,84,254,222,5,220,252,42,244,153,172,1,68,0,138,0,137,0,48,0,22,0,12,0,11,0,11,
0,238,252,98,1,253,251,8,1,84,254,222,5,8,251,222,244,40,173,1,68,0,138,0,137,0,48,0,22,0,12,0,11,0,11,
0,210,252,223,1,2,252,8,1,84,254,222,5,254,250,118,245,139,173,1,67,0,138,0,138,0,48,0,22,0,12,0,11,0,11,
0,210,252,223,1,2,252,168,0,109,254,226,6,254,250,118,245,175,173,1,67,0,138,0,139,0,48,0,21,0,11,0,11,0,10,
0,151,252,84,2,243,251,168,0,109,254,226,6,114,250,121,245,175,173,1,67,0,139,0,139,0,48,0,22,0,11,0,11,0,11,
0,68,252,18,3,222,251,168,0,109,254,226,6,186,250,161,245,19,171,1,67,0,139,0,140,0,49,0,22,0,12,0,11,0,11,
0,28,252,170,3,238,251,168,0,109,254,226,6,186,249,200,246,129,171,1,67,0,139,0,141,0,49,0,22,0,12,0,11,0,11,
0,28,252,170,3,238,251,168,0,109,254,226,6,55,250,192,247,251,173,1,67,0,139,0,142,0,50,0,22,0,12,0,11,0,11,
0,25,252,76,4,253,251,168,0,109,254,226,6,55,250,192,247,251,173,1,66,0,140,0,145,0,50,0,22,0,13,0,11,0,10,
0,50,252,199,4,67,252,168,0,109,254,226,6,5,252,175,247,226,174,1,65,0,141,0,147,0,51,0,23,0,14,0,12,0,11,
0,50,252,199,4,102,252,168,0,109,254,226,6,244,251,128,247,122,172,1,65,0,141,0,150,0,52,0,23,0,14,0,11,0,11,
0,65,252,38,5,102,252,168,0,109,254,226,6,131,251,13,248,161,173,1,64,0,142,0,155,0,53,0,23,0,14,0,11,0,11,
0,83,252,102,5,88,252,168,0,109,254,226,6,131,251,34,248,93,175,1,63,0,143,0,161,0,54,0,23,0,11,0,11,0,11,
0,114,252,119,5,92,252,254,0,39,254,252,5,56,252,34,248,93,175,1,63,0,144,0,170,0,55,0,23,0,11,0,10,0,10,
0,114,252,119,5,92,252,254,0,39,254,252,5,121,252,151,247,242,175,1,62,0,145,0,182,0,59,0,25,0,15,0,12,0,11,
0,61,252,125,5,129,252,254,0,39,254,252,5,253,252,92,247,203,174,1,61,0,146,0,197,0,63,0,25,0,12,0,11,0,11,
0,34,252,182,5,174,252,254,0,39,254,252,5,125,251,239,247,46,174,1,61,0,148,0,216,0,67,0,27,0,15,0,11,0,11,
0,11,252,248,5,180,252,254,0,39,254,252,5,125,251,239,247,46,174,1,60,0,149,0,242,0,73,0,28,0,14,0,11,0,11,
0,11,252,248,5,180,252,254,0,39,254,252,5,159,250,16,248,174,176,1,58,0,151,1,17,0,83,0,31,0,16,0,13,0,12,
0,248,251,50,6,205,252,254,0,39,254,252,5,88,252,96,247,163,177,1,57,0,155,1,63,0,93,0,33,0,16,0,12,0,11,
0,224,251,91,6,222,252,254,0,39,254,252,5,158,252,5,247,41,175,1,55,0,158,1,77,0,104,0,37,0,16,0,12,0,11,
0,176,251,145,6,212,252,254,0,39,254,252,5,158,252,132,247,65,177,1,54,0,163,1,74,0,111,0,39,0,17,0,13,0,12,
0,176,251,145,6,212,252,254,0,39,254,252,5,27,252,132,247,65,177,1,53,0,168,1,71,0,116,0,41,0,17,0,12,0,11,
0,149,251,192,6,213,252,102,0,94,254,126,6,91,254,182,247,134,179,1,50,0,172,1,69,0,121,0,45,0,19,0,13,0,12,
0,133,251,177,6,205,252,102,0,94,254,126,6,131,255,133,247,242,178,1,49,0,178,1,68,0,124,0,47,0,19,0,13,0,11,
0,133,251,177,6,209,252,102,0,94,254,126,6,10,255,228,246,253,177,1,46,0,182,1,66,0,128,0,52,0,21,0,14,0,12,
0,84,251,160,6,209,252,102,0,94,254,126,6,10,255,228,246,204,180,1,43,0,187,1,65,0,129,0,53,0,22,0,14,0,12,
0,68,251,90,6,201,252,102,0,94,254,126,6,10,0,234,246,204,180,1,40,0,193,1,65,0,131,0,54,0,23,0,14,0,12,
0,95,251,31,6,207,252,102,0,94,254,126,6,219,0,115,246,226,179,1,36,0,198,1,63,0,132,0,55,0,25,0,15,0,12,
0,95,251,31,6,207,252,102,0,94,254,126,6,116,0,66,246,201,178,1,32,0,203,1,63,0,132,0,55,0,25,0,15,0,12,
0,84,251,210,5,207,252,102,0,94,254,126,6,116,0,32,246,76,181,1,26,0,208,1,62,0,134,0,57,0,25,0,16,0,12,
0,81,251,115,5,215,252,102,0,94,254,126,6,44,0,32,246,76,181,1,22,0,213,1,62,0,134,0,57,0,25,0,16,0,12,
0,70,251,35,5,227,252,102,0,94,254,126,6,10,2,93,245,55,181,1,16,0,218,1,61,0,135,0,57,0,25,0,15,0,12,
0,70,251,35,5,227,252,102,0,94,254,126,6,92,1,253,245,77,180,1,11,0,224,1,61,0,134,0,57,0,25,0,15,0,12,
0,51,251,215,4,228,252,119,0,242,253,207,6,61,2,5,247,45,183,1,5,0,228,1,59,0,135,0,58,0,25,0,16,0,12,
0,59,251,115,4,215,252,119,0,242,253,207,6,61,2,5,247,15,184,1,0,0,232,1,59,0,135,0,57,0,25,0,15,0,12,
0,69,251,22,4,246,252,119,0,242,253,207,6,54,3,222,248,15,184,0,251,0,236,1,57,0,134,0,57,0,26,0,15,0,12,
0,69,251,22,4,246,252,119,0,242,253,207,6,38,3,233,249,126,183,0,246,0,239,1,56,0,134,0,58,0,25,0,15,0,12,
0,125,251,155,3,26,253,119,0,242,253,207,6,66,2,12,252,111,182,0,244,0,241,1,56,0,133,0,57,0,25,0,15,0,11,
0,206,251,50,3,109,253,119,0,242,253,207,6,1,1,130,254,13,184,0,242,0,244,1,56,0,133,0,57,0,25,0,15,0,11,
0,206,251,50,3,191,253,119,0,242,253,207,6,1,1,130,254,13,184,0,239,0,244,1,55,0,134,0,58,0,26,0,15,0,12,
0,90,252,191,2,191,253,119,0,242,253,207,6,148,1,161,255,208,185,0,239,0,244,1,53,0,133,0,58,0,25,0,16,0,12,
0,39,253,117,2,191,253,119,0,242,253,207,6,107,1,0,1,179,182,0,241,0,243,1,52,0,132,0,58,0,25,0,15,0,12,
0,227,253,39,2,178,253,119,0,242,253,207,6,136,0,96,3,168,182,0,244,0,241,1,51,0,132,0,58,0,26,0,16,0,12,
0,227,253,39,2,178,253,250,255,23,254,191,5,136,0,210,4,68,184,0,250,0,239,1,51,0,132,0,57,0,25,0,15,0,11,
0,139,254,250,1,178,253,250,255,23,254,191,5,191,255,210,4,68,184,0,254,0,237,1,50,0,132,0,57,0,25,0,16,0,12,
0,70,255,219,1,181,253,250,255,23,254,191,5,121,255,23,5,133,184,0,255,0,234,1,51,0,131,0,56,0,24,0,15,0,11,
0,26,0,147,1,201,253,250,255,23,254,191,5,113,255,60,4,112,182,0,255,0,231,1,50,0,131,0,57,0,25,0,15,0,12,
0,26,0,147,1,201,253,250,255,23,254,191,5,83,254,152,2,33,182,0,254,0,228,1,51,0,131,0,56,0,24,0,15,0,11,
0,206,0,133,1,175,253,250,255,23,254,191,5,83,254,152,2,72,183,0,252,0,226,1,51,0,131,0,56,0,24,0,14,0,11,
0,118,1,144,1,194,253,250,255,23,254,191,5,69,253,52,0,72,183,0,249,0,223,1,51,0,131,0,57,0,25,0,15,0,12,
0,238,1,141,1,186,253,250,255,23,254,191,5,219,253,133,253,254,184,0,247,0,222,1,52,0,131,0,57,0,24,0,14,0,12,
0,238,1,141,1,186,253,250,255,23,254,191,5,237,253,34,250,36,184,0,244,0,221,1,53,0,131,0,57,0,25,0,15,0,12,
0,22,2,128,1,213,253,250,255,23,254,191,5,237,253,233,247,135,183,0,241,0,220,1,54,0,131,0,56,0,24,0,15,0,12,
0,254,1,117,1,214,253,242,255,63,254,87,6,36,254,233,247,135,183,0,237,0,221,1,54,0,131,0,56,0,25,0,15,0,11,
0,254,1,117,1,210,253,242,255,63,254,87,6,73,254,98,246,203,185,0,231,0,221,1,55,0,132,0,57,0,26,0,16,0,12,
0,138,1,114,1,210,253,242,255,63,254,87,6,4,254,229,244,236,184,0,224,0,221,1,56,0,131,0,57,0,26,0,16,0,12,
0,246,0,127,1,209,253,242,255,63,254,87,6,166,254,181,244,219,186,0,215,0,220,1,58,0,132,0,56,0,24,0,15,0,11,
0,91,0,129,1,182,253,242,255,63,254,87,6,166,254,181,244,178,185,0,204,0,220,1,59,0,133,0,52,0,25,0,16,0,13,
0,91,0,129,1,182,253,242,255,63,254,87,6,200,255,146,243,178,185,0,193,0,221,1,60,0,133,0,53,0,23,0,15,0,12,
0,234,255,116,1,142,253,242,255,63,254,87,6,33,255,154,243,170,184,0,182,0,222,1,60,0,133,0,55,0,25,0,16,0,13,
0,78,255,68,1,123,253,242,255,63,254,87,6,136,0,43,243,70,186,0,170,0,224,1,61,0,133,0,54,0,23,0,15,0,13,
0,235,254,243,0,129,253,242,255,63,254,87,6,198,1,105,242,49,185,0,159,0,225,1,61,0,134,0,56,0,25,0,16,0,12,
0,235,254,243,0,129,253,242,255,63,254,87,6,198,1,105,242,49,185,0,151,0,228,1,60,0,134,0,56,0,25,0,16,0,13,
0,130,254,150,0,172,253,94,0,242,253,127,6,156,1,244,241,118,183,0,146,0,232,1,60,0,134,0,56,0,24,0,15,0,12,
0,63,254,19,0,215,253,94,0,242,253,127,6,46,1,181,242,163,185,0,142,0,237,1,59,0,135,0,57,0,25,0,16,0,12,
0,38,254,185,255,212,253,94,0,242,253,127,6,10,1,35,243,177,185,0,140,0,241,1,58,0,135,0,58,0,26,0,16,0,12,
0,38,254,185,255,212,253,94,0,242,253,127,6,10,1,35,244,96,185,0,138,0,247,1,57,0,134,0,57,0,25,0,15,0,12,
0,14,254,141,255,218,253,94,0,242,253,127,6,55,1,89,244,96,185,0,137,0,252,1,55,0,134,0,58,0,26,0,16,0,12,
0,23,254,144,255,229,253,94,0,242,253,127,6,182,1,83,245,187,185,0,137,1,1,1,53,0,133,0,57,0,25,0,15,0,12,
0,23,254,144,255,252,253,94,0,242,253,127,6,228,1,142,246,203,185,0,137,1,6,1,50,0,133,0,58,0,26,0,16,0,12,
0,59,254,180,255,252,253,94,0,242,253,127,6,172,1,134,247,187,184,0,137,1,11,1,48,0,132,0,57,0,25,0,15,0,12,
0,110,254,216,255,2,254,94,0,242,253,127,6,172,1,134,247,187,184,0,136,1,16,1,46,0,131,0,57,0,23,0,15,0,12,
0,175,254,255,255,11,254,94,0,242,253,127,6,22,2,110,248,90,187,0,136,1,19,1,43,0,130,0,57,0,24,0,15,0,12,
0,175,254,255,255,11,254,94,0,36,254,116,5,7,3,232,248,55,188,0,137,1,22,1,40,0,129,0,56,0,23,0,14,0,11,
0,41,255,43,0,32,254,60,0,36,254,116,5,42,3,249,248,157,189,0,137,1,25,1,38,0,128,0,59,0,25,0,15,0,12,
0,150,255,49,0,65,254,60,0,36,254,116,5,42,3,180,248,133,187,0,137,1,27,1,36,0,127,0,58,0,25,0,15,0,12,
0,213,255,88,0,140,254,60,0,36,254,116,5,64,3,180,248,133,187,0,137,1,29,1,35,0,126,0,57,0,24,0,15,0,12,
0,213,255,88,0,140,254,60,0,36,254,116,5,95,2,117,249,206,190,0,137,1,30,1,34,0,126,0,56,0,25,0,16,0,12,
0,31,0,93,0,171,254,60,0,36,254,116,5,136,3,199,248,197,189,0,138,1,32,1,35,0,124,0,55,0,23,0,15,0,12,
0,106,0,117,0,207,254,60,0,36,254,116,5,228,2,56,248,54,189,0,138,1,32,1,35,0,125,0,59,0,25,0,15,0,12,
0,150,0,117,0,204,254,60,0,36,254,116,5,228,2,56,248,239,190,0,139,1,33,1,37,0,125,0,59,0,25,0,15,0,12,
0,150,0,75,0,204,254,60,0,36,254,116,5,243,2,36,248,239,190,0,139,1,35,1,39,0,125,0,57,0,25,0,15,0,12,
0,176,0,34,0,179,254,60,0,36,254,116,5,13,4,113,247,197,191,0,139,1,34,1,41,0,125,0,57,0,25,0,15,0,12,
0,164,0,214,255,203,254,60,0,36,254,116,5,8,5,162,246,101,190,0,139,1,35,1,43,0,125,0,55,0,24,0,15,0,11,
0,164,0,214,255,252,254,249,255,30,254,249,6,8,5,65,246,82,191,0,139,1,35,1,44,0,126,0,56,0,25,0,16,0,12,
0,129,0,126,255,252,254,249,255,30,254,249,6,61,5,65,246,82,191,0,139,1,34,1,46,0,126,0,55,0,25,0,16,0,12,
0,104,0,30,255,44,255,249,255,30,254,249,6,51,5,201,245,94,190,0,140,1,34,1,47,0,127,0,55,0,24,0,15,0,11,
0,78,0,169,254,32,255,249,255,30,254,249,6,207,5,70,245,232,190,0,140,1,33,1,49,0,127,0,55,0,25,0,15,0,12,
0,78,0,169,254,32,255,249,255,30,254,249,6,139,6,90,244,32,191,0,140,1,32,1,49,0,128,0,59,0,26,0,16,0,12,
0,29,0,58,254,45,255,249,255,30,254,249,6,139,6,90,244,205,190,0,140,1,31,1,49,0,128,0,61,0,27,0,16,0,12,
0,209,255,194,253,82,255,249,255,30,254,249,6,175,6,67,244,205,190,0,140,1,31,1,49,0,128,0,62,0,27,0,16,0,12,
0,171,255,93,253,61,255,249,255,30,254,249,6,23,7,87,243,15,190,0,140,1,30,1,48,0,129,0,60,0,27,0,16,0,11,
0,171,255,93,253,61,255,249,255,30,254,249,6,157,6,102,243,94,189,0,140,1,30,1,48,0,128,0,62,0,27,0,16,0,12,
0,116,255,25,253,48,255,249,255,30,254,249,6,240,6,104,243,52,191,0,140,1,30,1,47,0,128,0,63,0,24,0,15,0,12,
0,24,255,247,252,56,255,32,0,13,254,127,6,240,6,104,243,52,191,0,139,1,29,1,46,0,128,0,64,0,26,0,16,0,12,
0,202,254,247,252,117,255,32,0,13,254,127,6,209,7,11,243,158,192,0,139,1,28,1,45,0,128,0,65,0,27,0,16,0,12,
0,202,254,195,252,117,255,32,0,13,254,127,6,7,9,141,242,63,190,0,139,1,28,1,44,0,128,0,65,0,27,0,16,0,12,
0,166,254,166,252,151,255,32,0,13,254,127,6,169,7,119,242,130,187,0,139,1,28,1,43,0,127,0,62,0,26,0,16,0,12,
0,149,254,123,252,198,255,32,0,13,254,127,6,169,7,53,243,58,191,0,139,1,28,1,42,0,127,0,61,0,27,0,16,0,12,
0,149,254,123,252,6,0,32,0,13,254,127,6,147,7,53,243,58,191,0,139,1,28,1,41,0,127,0,59,0,27,0,16,0,12,
0,89,254,78,252,6,0,32,0,13,254,127,6,26,8,178,242,190,190,0,139,1,28,1,41,0,126,0,58,0,25,0,15,0,12,
0,2,254,36,252,21,0,32,0,13,254,127,6,184,7,13,242,35,189,0,139,1,29,1,40,0,127,0,57,0,26,0,16,0,12,
0,197,253,234,251,31,0,32,0,13,254,127,6,141,6,33,242,237,187,0,139,1,30,1,39,0,126,0,57,0,25,0,16,0,12,
0,197,253,234,251,31,0,32,0,13,254,127,6,141,6,33,242,237,190,0,139,1,30,1,38,0,125,0,56,0,24,0,15,0,12,
0,190,253,199,251,51,0,34,0,39,254,137,5,120,5,242,242,172,190,0,139,1,30,1,37,0,125,0,56,0,25,0,16,0,12,
0,195,253,158,251,81,0,34,0,39,254,137,5,182,5,154,242,174,191,0,139,1,32,1,36,0,125,0,55,0,24,0,15,0,12,
0,147,253,115,251,126,0,34,0,39,254,137,5,96,6,29,242,208,189,0,138,1,32,1,35,0,125,0,55,0,24,0,16,0,12,
0,147,253,115,251,126,0,34,0,39,254,137,5,96,6,91,242,7,188,0,139,1,33,1,34,0,124,0,55,0,24,0,16,0,12,
0,92,253,83,251,150,0,34,0,39,254,137,5,240,4,91,242,7,188,0,139,1,34,1,34,0,123,0,54,0,23,0,15,0,11,
0,100,253,70,251,152,0,34,0,39,254,137,5,176,3,4,243,78,189,0,139,1,34,1,32,0,123,0,54,0,23,0,15,0,12,
0,66,253,70,251,200,0,34,0,39,254,137,5,217,3,51,243,26,191,0,139,1,35,1,31,0,123,0,54,0,26,0,15,0,12,
0,66,253,64,251,200,0,34,0,39,254,137,5,70,4,71,243,10,191,0,139,1,36,1,30,0,121,0,53,0,24,0,14,0,11,
0,44,253,45,251,6,1,34,0,39,254,137,5,70,4,71,243,200,189,0,139,1,36,1,29,0,122,0,53,0,25,0,15,0,12,
0,10,253,4,251,51,1,34,0,39,254,137,5,198,3,186,242,200,189,0,139,1,37,1,28,0,121,0,52,0,23,0,14,0,11,
0,10,253,4,251,72,1,149,0,39,254,63,7,72,3,185,242,8,188,0,139,1,37,1,26,0,120,0,53,0,24,0,15,0,12,
0,18,253,181,250,72,1,149,0,39,254,63,7,43,2,88,243,225,189,0,139,1,37,1,25,0,120,0,52,0,23,0,15,0,12,
0,233,252,130,250,73,1,149,0,39,254,63,7,164,1,149,243,122,190,0,139,1,37,1,23,0,119,0,52,0,23,0,15,0,11,
0,188,252,110,250,126,1,149,0,39,254,63,7,164,1,149,243,122,190,0,140,1,37,1,23,0,119,0,52,0,23,0,14,0,11,
0,188,252,110,250,126,1,149,0,39,254,63,7,142,1,152,243,178,189,0,140,1,37,1,21,0,118,0,52,0,23,0,15,0,12,
0,173,252,119,250,97,1,149,0,39,254,63,7,126,0,212,243,103,189,0,140,1,37,1,20,0,118,0,52,0,23,0,15,0,12,
0,172,252,117,250,106,1,149,0,39,254,63,7,68,0,73,244,97,190,0,140,1,37,1,19,0,117,0,51,0,23,0,15,0,12,
0,147,252,162,250,119,1,149,0,39,254,63,7,68,0,73,244,182,189,0,140,1,37,1,17,0,116,0,51,0,23,0,14,0,11,
0,147,252,162,250,119,1,149,0,39,254,63,7,49,1,66,244,182,189,0,141,1,37,1,17,0,116,0,50,0,22,0,14,0,11,
0,129,252,199,250,122,1,149,0,39,254,63,7,13,0,15,244,134,187,0,141,1,36,1,16,0,116,0,50,0,23,0,15,0,12,
0,109,252,230,250,127,1,149,0,39,254,63,7,202,254,129,244,180,188,0,141,1,36,1,15,0,115,0,50,0,21,0,14,0,12,
0,109,252,230,250,127,1,102,0,49,254,107,5,205,254,47,245,9,190,0,141,1,36,1,14,0,114,0,49,0,22,0,14,0,12,
0,44,252,30,251,127,1,102,0,49,254,107,5,205,254,47,245,9,190,0,141,1,36,1,13,0,114,0,50,0,21,0,14,0,11,
0,40,252,39,251,136,1,102,0,49,254,107,5,13,255,231,244,229,189,0,142,1,36,1,13,0,113,0,49,0,21,0,14,0,11,
0,26,252,67,251,114,1,102,0,49,254,107,5,22,255,216,244,183,188,0,141,1,35,1,12,0,113,0,49,0,22,0,14,0,12,
0,26,252,67,251,104,1,102,0,49,254,107,5,174,254,8,245,160,186,0,141,1,35,1,11,0,113,0,49,0,21,0,14,0,12,
0,235,251,95,251,104,1,102,0,49,254,107,5,174,254,81,245,35,188,0,142,1,36,1,11,0,112,0,48,0,21,0,14,0,11,
0,218,251,121,251,97,1,102,0,49,254,107,5,42,254,81,245,35,188,0,141,1,35,1,10,0,112,0,48,0,21,0,14,0,11,
0,237,251,179,251,109,1,102,0,49,254,107,5,72,254,158,245,167,188,0,142,1,36,1,10,0,111,0,47,0,20,0,13,0,11,
0,237,251,179,251,109,1,102,0,49,254,107,5,221,253,131,245,65,188,0,142,1,35,1,9,0,111,0,48,0,21,0,14,0,11,
0,210,251,236,251,141,1,102,0,49,254,107,5,53,253,200,245,214,186,0,141,1,35,1,9,0,111,0,48,0,21,0,14,0,12,
0,181,251,50,252,126,1,134,0,244,253,126,6,53,253,200,245,57,188,0,142,1,35,1,9,0,110,0,47,0,22,0,14,0,11,
0,201,251,106,252,121,1,134,0,244,253,126,6,222,252,10,246,57,188,0,141,1,34,1,8,0,111,0,47,0,21,0,14,0,11,
0,201,251,106,252,121,1,134,0,244,253,126,6,165,252,127,246,132,188,0,142,1,34,1,8,0,110,0,47,0,20,0,13,0,11,
0,173,251,159,252,91,1,134,0,244,253,126,6,54,253,75,246,38,189,0,141,1,34,1,8,0,110,0,47,0,21,0,14,0,11,
0,198,251,198,252,73,1,134,0,244,253,126,6,54,253,226,245,39,188,0,141,1,33,1,7,0,110,0,47,0,21,0,14,0,11,
0,198,251,198,252,77,1,134,0,244,253,126,6,99,253,226,245,39,188,0,141,1,33,1,7,0,109,0,47,0,21,0,14,0,11,
0,170,251,6,253,77,1,134,0,244,253,126,6,218,252,96,246,4,187,0,140,1,33,1,6,0,110,0,47,0,20,0,13,0,11,
0,147,251,70,253,91,1,134,0,244,253,126,6,189,252,70,246,194,188,0,141,1,33,1,6,0,109,0,47,0,20,0,13,0,11,
0,161,251,139,253,77,1,134,0,244,253,126,6,29,253,126,246,146,188,0,140,1,32,1,6,0,110,0,47,0,21,0,14,0,12,
0,161,251,139,253,56,1,134,0,244,253,126,6,29,253,126,246,155,187,0,140,1,32,1,6,0,109,0,47,0,21,0,14,0,11,
0,146,251,207,253,56,1,216,0,243,253,52,6,97,252,117,246,155,187,0,140,1,32,1,6,0,109,0,47,0,21,0,14,0,12,
0,185,251,246,253,57,1,216,0,243,253,52,6,91,252,197,246,153,188,0,140,1,32,1,6,0,108,0,41,0,19,0,13,0,11,
0,202,251,42,254,65,1,216,0,243,253,52,6,176,252,4,247,242,188,0,140,1,32,1,6,0,109,0,43,0,20,0,14,0,12,
0,202,251,42,254,65,1,216,0,243,253,52,6,204,252,217,246,62,190,0,141,1,32,1,7,0,108,0,43,0,19,0,13,0,11,
0,191,251,134,254,81,1,216,0,243,253,52,6,204,252,217,246,62,190,0,140,1,31,1,7,0,109,0,45,0,20,0,14,0,12,
0,208,251,211,254,46,1,216,0,243,253,52,6,43,253,152,246,189,188,0,140,1,32,1,8,0,109,0,44,0,20,0,14,0,11,
0,235,251,27,255,63,1,216,0,243,253,52,6,212,252,202,246,57,187,0,140,1,32,1,8,0,109,0,45,0,20,0,13,0,11,
0,235,251,27,255,63,1,216,0,243,253,52,6,214,251,155,246,85,188,0,141,1,33,1,9,0,108,0,45,0,20,0,14,0,11,
0,226,251,48,255,97,1,216,0,243,253,52,6,214,251,155,246,208,189,0,141,1,33,1,9,0,109,0,45,0,19,0,13,0,11,
0,187,251,115,255,95,1,216,0,243,253,52,6,123,252,5,247,208,189,0,140,1,33,1,9,0,110,0,46,0,20,0,13,0,11,
0,187,251,115,255,52,1,164,0,15,254,216,5,237,252,35,247,151,189,0,141,1,34,1,11,0,109,0,46,0,20,0,14,0,11,
0,195,251,188,255,52,1,164,0,15,254,216,5,84,253,22,247,230,188,0,141,1,34,1,11,0,110,0,46,0,20,0,13,0,11,
0,202,251,239,255,49,1,164,0,15,254,216,5,33,253,176,247,101,189,0,141,1,35,1,12,0,110,0,46,0,20,0,13,0,11,
0,174,251,60,0,65,1,164,0,15,254,216,5,33,253,176,247,101,189,0,141,1,34,1,13,0,111,0,47,0,20,0,14,0,11,
0,174,251,60,0,65,1,164,0,15,254,216,5,153,253,98,247,120,190,0,141,1,35,1,14,0,111,0,47,0,21,0,14,0,12,
0,183,251,75,0,81,1,164,0,15,254,216,5,93,254,61,247,37,190,0,141,1,35,1,15,0,111,0,47,0,21,0,14,0,11,
0,195,251,93,0,98,1,164,0,15,254,216,5,21,254,18,247,68,188,0,141,1,35,1,16,0,111,0,47,0,22,0,14,0,11,
0,219,251,115,0,90,1,164,0,15,254,216,5,21,254,115,247,147,188,0,142,1,36,1,17,0,111,0,47,0,22,0,14,0,11,
0,219,251,115,0,90,1,164,0,15,254,216,5,8,253,115,247,147,188,0,142,1,35,1,18,0,113,0,48,0,22,0,14,0,12,
0,223,251,143,0,53,1,164,0,15,254,216,5,131,253,187,247,1,192,0,142,1,35,1,18,0,113,0,48,0,22,0,14,0,12,
0,1,252,209,0,69,1,164,0,15,254,216,5,104,255,70,247,162,191,0,143,1,36,1,19,0,114,0,48,0,22,0,14,0,12,
0,25,252,254,0,38,1,201,0,171,253,95,7,233,254,43,247,120,189,0,143,1,36,1,20,0,114,0,48,0,22,0,14,0,11,
0,25,252,254,0,38,1,201,0,171,253,95,7,233,254,43,247,147,189,0,144,1,36,1,21,0,114,0,52,0,22,0,14,0,12,
0,23,252,43,1,8,1,201,0,171,253,95,7,244,254,133,247,147,189,0,144,1,36,1,23,0,114,0,52,0,22,0,13,0,11,
0,16,252,76,1,255,0,201,0,171,253,95,7,34,255,163,247,41,190,0,144,1,36,1,23,0,116,0,52,0,23,0,14,0,11,
0,16,252,76,1,249,0,201,0,171,253,95,7,48,255,126,247,64,191,0,144,1,36,1,23,0,116,0,51,0,23,0,14,0,11,
0,16,252,110,1,249,0,201,0,171,253,95,7,48,255,191,247,43,190,0,145,1,36,1,25,0,116,0,50,0,22,0,14,0,11,
0,48,252,120,1,250,0,201,0,171,253,95,7,20,0,191,247,43,190,0,145,1,37,1,25,0,116,0,51,0,23,0,14,0,12,
0,85,252,133,1,6,1,201,0,171,253,95,7,38,0,169,247,70,191,0,146,1,36,1,27,0,116,0,50,0,22,0,14,0,11,
0,85,252,133,1,6,1,201,0,171,253,95,7,222,0,31,247,75,190,0,146,1,36,1,27,0,117,0,50,0,23,0,14,0,12,
0,90,252,152,1,15,1,201,0,171,253,95,7,50,0,84,247,87,191,0,146,1,36,1,27,0,117,0,51,0,23,0,14,0,12,
0,53,252,111,1,22,1,129,0,177,253,84,6,50,0,84,247,247,191,0,147,1,36,1,29,0,117,0,50,0,22,0,14,0,11,
0,82,252,127,1,255,0,129,0,177,253,84,6,183,0,125,247,247,191,0,147,1,36,1,28,0,118,0,51,0,23,0,14,0,12,
0,82,252,127,1,255,0,129,0,177,253,84,6,93,1,252,246,131,191,0,148,1,36,1,29,0,118,0,50,0,22,0,14,0,11,
0,145,252,143,1,18,1,129,0,177,253,84,6,154,0,250,246,158,190,0,148,1,35,1,29,0,119,0,51,0,23,0,15,0,12,
0,146,252,122,1,19,1,129,0,177,253,84,6,17,1,17,247,11,192,0,149,1,35,1,29,0,119,0,51,0,23,0,15,0,12,
0,144,252,115,1,35,1,129,0,177,253,84,6,17,1,17,247,11,192,0,150,1,35,1,30,0,119,0,51,0,23,0,14,0,12,
0,144,252,115,1,35,1,129,0,177,253,84,6,125,1,21,247,126,192,0,151,1,35,1,30,0,119,0,52,0,23,0,15,0,12,
0,151,252,104,1,27,1,129,0,177,253,84,6,232,1,253,246,173,191,0,151,1,35,1,30,0,119,0,51,0,22,0,14,0,11,
0,180,252,77,1,20,1,129,0,177,253,84,6,239,1,132,246,163,191,0,152,1,34,1,29,0,120,0,52,0,23,0,15,0,12,
0,180,252,77,1,64,1,129,0,177,253,84,6,239,1,132,246,56,191,0,153,1,33,1,29,0,119,0,52,0,23,0,15,0,12,
0,116,252,65,1,64,1,160,0,191,253,85,6,53,2,199,246,56,191,0,154,1,33,1,29,0,119,0,51,0,23,0,14,0,11,
0,90,252,30,1,64,1,160,0,191,253,85,6,19,2,221,246,165,192,0,155,1,32,1,28,0,120,0,52,0,23,0,15,0,12,
0,150,252,33,1,57,1,160,0,191,253,85,6,46,2,210,246,87,192,0,156,1,32,1,29,0,119,0,51,0,23,0,14,0,11,
0,150,252,33,1,57,1,160,0,191,253,85,6,62,2,173,246,175,192,0,157,1,31,1,28,0,119,0,52,0,23,0,15,0,12,
0,215,252,21,1,88,1,160,0,191,253,85,6,62,2,173,246,175,192,0,158,1,30,1,27,0,119,0,52,0,23,0,15,0,12,
0,213,252,22,1,93,1,160,0,191,253,85,6,244,2,58,246,142,192,0,159,1,30,1,27,0,119,0,52,0,23,0,14,0,11,
0,162,252,19,1,98,1,160,0,191,253,85,6,109,2,85,246,114,191,0,161,1,29,1,27,0,119,0,52,0,23,0,15,0,12,
0,162,252,19,1,98,1,160,0,191,253,85,6,148,1,106,246,55,193,0,163,1,29,1,27,0,118,0,51,0,22,0,14,0,11,
0,159,252,254,0,103,1,160,0,191,253,85,6,148,1,196,246,235,194,0,164,1,28,1,26,0,119,0,51,0,23,0,14,0,12,
0,159,252,208,0,94,1,160,0,191,253,85,6,132,2,196,246,235,194,0,166,1,28,1,26,0,118,0,51,0,22,0,15,0,11,
0,164,252,157,0,115,1,133,0,126,253,98,6,156,3,34,246,47,192,0,168,1,27,1,25,0,118,0,51,0,23,0,14,0,11,
0,164,252,157,0,115,1,133,0,126,253,98,6,199,2,220,245,216,191,0,169,1,27,1,25,0,118,0,51,0,23,0,15,0,12,
0,145,252,151,0,127,1,133,0,126,253,98,6,217,1,124,246,173,193,0,171,1,27,1,24,0,118,0,51,0,22,0,14,0,11,
0,132,252,133,0,135,1,133,0,126,253,98,6,217,1,124,246,114,194,0,173,1,25,1,23,0,118,0,51,0,23,0,15,0,12,
0,132,252,133,0,174,1,133,0,126,253,98,6,198,2,108,246,114,194,0,175,1,25,1,23,0,118,0,51,0,23,0,15,0,12,
0,84,252,99,0,174,1,133,0,126,253,98,6,48,3,176,245,71,192,0,177,1,24,1,22,0,117,0,51,0,23,0,14,0,12,
0,119,252,78,0,199,1,133,0,126,253,98,6,34,2,203,245,225,191,0,180,1,24,1,21,0,117,0,51,0,23,0,14,0,12,
0,162,252,48,0,186,1,133,0,126,253,98,6,34,1,239,245,99,194,0,181,1,23,1,20,0,116,0,50,0,22,0,14,0,11,
0,162,252,48,0,186,1,133,0,126,253,98,6,193,1,239,245,99,194,0,183,1,23,1,18,0,117,0,51,0,23,0,15,0,12,
0,166,252,34,0,195,1,133,0,126,253,98,6,204,2,220,245,85,194,0,185,1,22,1,17,0,116,0,51,0,23,0,15,0,12,
0,166,252,36,0,204,1,133,0,126,253,98,6,252,2,135,245,123,192,0,186,1,21,1,16,0,115,0,50,0,23,0,15,0,12,
0,168,252,246,255,202,1,133,0,122,253,61,6,82,2,88,245,158,192,0,188,1,21,1,16,0,115,0,50,0,23,0,15,0,12,
0,168,252,246,255,202,1,133,0,122,253,61,6,82,2,88,245,184,193,0,191,1,20,1,14,0,114,0,49,0,20,0,14,0,11,
0,175,252,235,255,232,1,133,0,122,253,61,6,227,1,2,246,184,193,0,192,1,19,1,12,0,114,0,50,0,21,0,14,0,12,
0,140,252,185,255,229,1,133,0,122,253,61,6,132,2,251,245,253,194,0,194,1,19,1,11,0,113,0,49,0,22,0,14,0,12,
0,126,252,155,255,231,1,133,0,122,253,61,6,245,2,213,245,135,192,0,195,1,18,1,9,0,112,0,49,0,21,0,14,0,11,
0,126,252,155,255,231,1,133,0,122,253,61,6,107,1,128,245,165,191,0,197,1,18,1,8,0,111,0,48,0,20,0,13,0,11,
0,127,252,139,255,226,1,133,0,122,253,61,6,107,1,128,245,165,191,0,199,1,17,1,8,0,111,0,48,0,20,0,13,0,11,
0,133,252,131,255,206,1,133,0,122,253,61,6,25,1,28,246,254,193,0,200,1,16,1,6,0,111,0,48,0,22,0,14,0,11,
0,133,252,131,255,200,1,133,0,122,253,61,6,10,2,160,245,179,194,0,202,1,16,1,5,0,110,0,48,0,21,0,14,0,11,
0,123,252,115,255,200,1,133,0,122,253,61,6,148,1,138,245,124,191,0,203,1,15,1,3,0,110,0,47,0,21,0,13,0,11,
0,104,252,94,255,239,1,116,0,178,253,143,6,148,1,146,245,7,193,0,206,1,15,1,3,0,108,0,46,0,20,0,13,0,11,
0,100,252,92,255,223,1,116,0,178,253,143,6,108,1,146,245,7,193,0,207,1,14,1,1,0,108,0,46,0,20,0,13,0,11,
0,100,252,92,255,223,1,116,0,178,253,143,6,230,0,10,246,93,193,0,209,1,13,1,0,0,108,0,47,0,21,0,14,0,12,
0,127,252,60,255,240,1,116,0,178,253,143,6,154,1,234,245,14,194,0,210,1,12,0,255,0,107,0,47,0,23,0,14,0,11,
0,140,252,20,255,7,2,116,0,178,253,143,6,224,1,26,246,211,192,0,212,1,12,0,254,0,107,0,46,0,22,0,14,0,11,
0,141,252,245,254,20,2,116,0,178,253,143,6,224,1,26,246,211,191,0,215,1,12,0,253,0,106,0,45,0,21,0,14,0,12,
0,141,252,245,254,20,2,116,0,178,253,143,6,43,1,32,246,231,191,0,217,1,11,0,252,0,105,0,45,0,21,0,14,0,11,
0,148,252,250,254,38,2,116,0,178,253,143,6,143,0,116,246,11,193,0,219,1,10,0,251,0,106,0,46,0,22,0,14,0,12,
0,157,252,253,254,28,2,116,0,178,253,143,6,254,0,178,246,131,194,0,221,1,9,0,250,0,105,0,45,0,22,0,14,0,12,
0,122,252,253,254,45,2,116,0,178,253,143,6,254,0,40,246,119,192,0,223,1,9,0,249,0,104,0,45,0,20,0,13,0,11,
0,122,252,233,254,45,2,204,0,45,253,193,6,222,1,40,246,119,192,0,225,1,8,0,248,0,104,0,45,0,21,0,14,0,12,
0,122,252,224,254,13,2,204,0,45,253,193,6,6,1,74,246,81,191,0,228,1,8,0,247,0,103,0,44,0,20,0,13,0,11,
0,143,252,205,254,249,1,204,0,45,253,193,6,68,0,63,247,160,193,0,230,1,8,0,247,0,103,0,44,0,21,0,14,0,12,
0,143,252,205,254,0,2,204,0,45,253,193,6,45,1,54,247,175,194,0,233,1,6,0,246,0,102,0,44,0,21,0,14,0,11,
0,154,252,195,254,0,2,204,0,45,253,193,6,45,1,54,247,24,191,0,235,1,6,0,246,0,102,0,44,0,20,0,13,0,11,
0,121,252,199,254,4,2,204,0,45,253,193,6,238,0,182,246,24,191,0,238,1,6,0,246,0,101,0,43,0,20,0,13,0,11,
0,139,252,227,254,19,2,204,0,45,253,193,6,112,0,138,247,36,193,0,240,1,4,0,244,0,101,0,44,0,21,0,14,0,11,
0,139,252,227,254,19,2,204,0,45,253,193,6,209,0,110,247,119,193,0,243,1,4,0,244,0,101,0,43,0,20,0,13,0,11,
0,206,252,225,254,36,2,204,0,45,253,193,6,184,0,66,247,221,190,0,245,1,3,0,244,0,100,0,38,0,19,0,14,0,12,
0,4,253,215,254,29,2,204,0,45,253,193,6,184,0,66,247,221,190,0,247,1,3,0,244,0,100,0,39,0,19,0,13,0,11,
0,9,253,231,254,18,2,146,0,70,253,158,5,241,255,215,247,151,193,0,249,1,3,0,244,0,99,0,40,0,18,0,13,0,11,
0,9,253,231,254,18,2,146,0,70,253,158,5,198,0,216,247,93,193,0,251,1,2,0,244,0,99,0,40,0,18,0,13,0,11,
0,13,253,218,254,15,2,146,0,70,253,158,5,128,0,40,247,188,191,0,252,1,1,0,243,0,100,0,41,0,20,0,13,0,12,
0,14,253,205,254,9,2,146,0,70,253,158,5,128,0,40,247,77,191,0,255,1,1,0,243,0,100,0,41,0,20,0,13,0,11,
0,41,253,205,254,254,1,146,0,70,253,158,5,225,255,108,247,77,191,1,0,1,1,0,243,0,99,0,42,0,19,0,13,0,11,
0,41,253,212,254,254,1,146,0,70,253,158,5,144,255,242,247,108,193,1,2,1,1,0,243,0,99,0,41,0,20,0,13,0,11,
0,21,253,242,254,5,2,146,0,70,253,158,5,90,0,199,247,30,193,1,4,1,1,0,243,0,99,0,42,0,19,0,13,0,11,
0,53,253,246,254,11,2,146,0,70,253,158,5,41,0,3,248,197,192,1,5,1,0,0,243,0,100,0,42,0,20,0,14,0,12,
0,53,253,246,254,230,1,146,0,70,253,158,5,41,0,3,248,197,192,1,6,1,0,0,243,0,100,0,42,0,20,0,14,0,11,
0,109,253,6,255,230,1,146,0,70,253,158,5,123,0,218,247,217,193,1,8,0,255,0,243,0,99,0,42,0,19,0,13,0,11,
0,85,253,33,255,206,1,146,0,22,253,8,7,132,0,217,247,217,192,1,9,1,0,0,244,0,99,0,42,0,19,0,13,0,12,
0,72,253,65,255,216,1,208,0,22,253,8,7,69,0,165,247,137,192,1,10,1,0,0,244,0,99,0,41,0,19,0,13,0,11,
0,72,253,65,255,216,1,208,0,22,253,8,7,69,0,48,248,250,192,1,11,0,255,0,244,0,100,0,43,0,20,0,14,0,11,
0,98,253,66,255,212,1,208,0,22,253,8,7,65,255,48,248,250,192,1,13,0,255,0,245,0,100,0,42,0,20,0,14,0,11,
0,131,253,64,255,189,1,208,0,22,253,8,7,243,255,83,248,254,194,1,14,0,255,0,245,0,99,0,41,0,19,0,13,0,11,
0,150,253,76,255,172,1,208,0,22,253,8,7,194,0,183,247,102,192,1,14,0,254,0,245,0,100,0,43,0,20,0,13,0,11,
0,150,253,76,255,172,1,208,0,22,253,8,7,127,255,138,247,58,191,1,16,0,255,0,246,0,99,0,42,0,19,0,13,0,11,
0,208,253,102,255,181,1,208,0,22,253,8,7,127,255,138,247,205,193,1,16,0,254,0,246,0,100,0,42,0,20,0,13,0,11,
0,202,253,142,255,182,1,208,0,22,253,8,7,16,255,249,247,205,193,1,17,0,254,0,247,0,100,0,42,0,20,0,13,0,11,
0,186,253,142,255,171,1,208,0,22,253,8,7,215,0,66,247,71,192,1,18,0,254,0,247,0,100,0,46,0,20,0,13,0,11,
0,186,253,164,255,171,1,208,0,22,253,8,7,161,255,233,247,186,192,1,19,0,255,0,248,0,100,0,45,0,20,0,12,0,11,
0,185,253,169,255,164,1,203,0,44,253,93,6,161,255,157,247,75,193,1,19,0,254,0,248,0,101,0,45,0,21,0,13,0,11,
0,1,254,218,255,146,1,203,0,44,253,93,6,60,0,157,247,75,193,1,20,0,254,0,249,0,101,0,45,0,21,0,14,0,11,
0,1,254,218,255,141,1,203,0,44,253,93,6,107,0,126,247,255,192,1,20,0,254,0,250,0,102,0,45,0,21,0,14,0,11,
0,8,254,250,255,141,1,203,0,44,253,93,6,128,0,78,247,224,191,1,21,0,255,0,251,0,101,0,43,0,20,0,13,0,11,
0,247,253,253,255,146,1,203,0,44,253,93,6,239,255,0,248,184,193,1,21,0,254,0,251,0,102,0,44,0,21,0,14,0,12,
0,245,253,5,0,135,1,203,0,44,253,93,6,239,255,0,248,67,194,1,22,0,255,0,252,0,102,0,43,0,20,0,14,0,11,
0,245,253,5,0,135,1,203,0,44,253,93,6,194,1,77,247,67,194,1,21,0,255,0,252,0,103,0,44,0,21,0,14,0,12,
0,11,254,15,0,155,1,203,0,44,253,93,6,82,1,223,246,205,190,1,21,0,255,0,252,0,104,0,44,0,21,0,14,0,12,
0,50,254,30,0,150,1,203,0,44,253,93,6,240,0,123,247,173,192,1,21,0,255,0,253,0,103,0,44,0,21,0,14,0,11,
0,70,254,32,0,160,1,203,0,44,253,93,6,230,0,67,247,69,193,1,21,0,255,0,253,0,103,0,44,0,20,0,14,0,12,
0,70,254,32,0,160,1,160,0,92,253,203,5,230,0,67,247,69,193,1,21,0,255,0,253,0,103,0,43,0,20,0,13,0,11,
0,39,254,67,0,153,1,160,0,92,253,203,5,166,1,140,247,42,194,1,21,0,255,0,253,0,104,0,44,0,20,0,14,0,12,
0,33,254,86,0,91,1,160,0,92,253,203,5,48,2,165,246,110,191,1,20,0,255,0,252,0,104,0,44,0,20,0,14,0,11,
0,33,254,86,0,86,1,160,0,92,253,203,5,180,0,62,247,13,192,1,20,0,255,0,253,0,104,0,44,0,20,0,13,0,11,
0,95,254,94,0,86,1,160,0,92,253,203,5,180,0,111,247,19,195,1,20,0,255,0,252,0,103,0,43,0,19,0,13,0,11,
0,74,254,95,0,106,1,160,0,92,253,203,5,132,1,111,247,19,195,1,20,0,255,0,252,0,103,0,44,0,20,0,13,0,11,
0,57,254,116,0,110,1,160,0,92,253,203,5,190,2,174,246,125,193,1,19,0,255,0,251,0,104,0,44,0,20,0,13,0,11,
0,57,254,116,0,118,1,160,0,92,253,203,5,26,2,122,246,168,191,1,19,0,255,0,250,0,103,0,44,0,20,0,13,0,11,
0,78,254,102,0,118,1,160,0,92,253,203,5,24,1,67,247,15,193,1,18,0,254,0,250,0,103,0,43,0,20,0,13,0,11,
0,84,254,136,0,119,1,160,0,92,253,203,5,24,1,67,247,15,194,1,18,0,255,0,250,0,102,0,43,0,20,0,14,0,11,
0,90,254,125,0,102,1,252,0,48,253,220,6,215,1,251,246,109,194,1,18,0,255,0,249,0,102,0,43,0,20,0,13,0,11,
0,90,254,125,0,102,1,252,0,48,253,220,6,94,2,43,247,252,194,1,17,0,254,0,248,0,102,0,43,0,20,0,14,0,12,
0,108,254,118,0,88,1,252,0,48,253,220,6,74,2,92,246,7,192,1,17,0,254,0,247,0,102,0,44,0,21,0,14,0,11,
0,148,254,121,0,78,1,252,0,48,253,220,6,74,2,241,246,60,192,1,17,0,254,0,247,0,102,0,43,0,20,0,13,0,11,
0,164,254,103,0,62,1,252,0,48,253,220,6,82,1,241,246,60,192,1,17,0,254,0,246,0,102,0,44,0,20,0,14,0,12,
0,164,254,103,0,62,1,252,0,48,253,220,6,188,1,246,246,62,196,1,16,0,254,0,245,0,101,0,43,0,19,0,13,0,11,
0,181,254,77,0,87,1,252,0,48,253,220,6,20,3,151,246,166,193,1,16,0,254,0,244,0,101,0,43,0,20,0,14,0,12,
0,146,254,69,0,92,1,252,0,48,253,220,6,90,2,113,246,103,191,1,16,0,254,0,243,0,101,0,43,0,20,0,14,0,12,
0,146,254,69,0,63,1,252,0,48,253,220,6,90,2,113,246,32,195,1,16,0,253,0,242,0,100,0,43,0,20,0,13,0,11,
0,160,254,91,0,63,1,252,0,48,253,220,6,12,1,111,247,32,195,1,16,0,253,0,242,0,99,0,43,0,19,0,13,0,11,
0,165,254,90,0,67,1,189,0,55,253,90,5,225,3,101,246,117,194,1,16,0,252,0,241,0,100,0,43,0,20,0,14,0,12,
0,156,254,72,0,63,1,189,0,55,253,90,5,213,2,23,246,150,191,1,16,0,252,0,240,0,99,0,42,0,20,0,14,0,11,
0,156,254,72,0,63,1,189,0,55,253,90,5,252,0,236,246,181,193,1,16,0,252,0,239,0,98,0,41,0,17,0,12,0,11,
0,114,254,73,0,63,1,189,0,55,253,90,5,252,0,236,246,181,193,1,16,0,251,0,238,0,98,0,42,0,18,0,13,0,11,
0,109,254,81,0,66,1,189,0,55,253,90,5,109,2,4,247,246,195,1,16,0,251,0,236,0,97,0,41,0,17,0,12,0,11,
0,127,254,54,0,64,1,189,0,55,253,90,5,241,2,45,246,86,192,1,16,0,250,0,235,0,97,0,41,0,18,0,12,0,11,
0,127,254,54,0,64,1,189,0,55,253,90,5,159,1,18,247,41,192,1,16,0,249,0,235,0,97,0,42,0,19,0,13,0,11,
0,141,254,34,0,60,1,189,0,55,253,90,5,159,1,18,247,21,194,1,16,0,249,0,235,0,96,0,42,0,19,0,13,0,11,
0,176,254,34,0,32,1,189,0,55,253,90,5,138,1,41,247,21,194,1,16,0,248,0,235,0,96,0,41,0,19,0,13,0,11,
0,168,254,50,0,25,1,189,0,55,253,90,5,213,2,144,246,51,193,1,16,0,248,0,234,0,96,0,41,0,19,0,13,0,11,
0,168,254,50,0,25,1,189,0,55,253,90,5,156,1,51,247,222,191,1,16,0,248,0,233,0,95,0,40,0,17,0,13,0,11,
0,153,254,38,0,16,1,161,0,99,253,214,6,25,2,63,247,25,194,1,16,0,247,0,231,0,95,0,41,0,19,0,13,0,11,
0,172,254,33,0,26,1,161,0,99,253,214,6,25,2,63,247,25,194,1,17,0,247,0,230,0,95,0,41,0,19,0,13,0,11,
0,172,254,33,0,11,1,161,0,99,253,214,6,179,2,200,246,154,192,1,17,0,246,0,230,0,94,0,40,0,19,0,13,0,11,
0,161,254,14,0,11,1,161,0,99,253,214,6,238,1,240,246,192,191,1,17,0,246,0,231,0,94,0,40,0,18,0,13,0,11,
0,153,254,16,0,249,0,161,0,99,253,214,6,183,1,42,247,131,193,1,16,0,246,0,231,0,94,0,40,0,18,0,13,0,12,
0,185,254,28,0,248,0,161,0,99,253,214,6,183,1,198,246,173,192,1,17,0,246,0,231,0,94,0,40,0,18,0,13,0,11,
0,185,254,28,0,248,0,161,0,99,253,214,6,147,2,198,246,173,192,1,17,0,246,0,230,0,94,0,40,0,18,0,13,0,11,
0,191,254,18,0,250,0,161,0,99,253,214,6,181,1,0,247,134,190,1,17,0,245,0,229,0,93,0,40,0,18,0,13,0,11,
0,165,254,227,255,8,1,161,0,99,253,214,6,97,1,169,247,202,193,1,19,0,245,0,228,0,92,0,40,0,17,0,12,0,11,
0,117,254,221,255,14,1,161,0,99,253,214,6,12,3,72,247,114,193,1,19,0,244,0,227,0,92,0,39,0,17,0,12,0,11,
0,117,254,221,255,14,1,219,0,21,253,70,6,12,3,72,247,153,191,1,19,0,244,0,226,0,92,0,40,0,18,0,13,0,11,
0,177,254,210,255,2,1,219,0,21,253,70,6,127,2,34,247,153,191,1,20,0,243,0,226,0,92,0,40,0,18,0,13,0,11,
0,154,254,220,255,13,1,219,0,21,253,70,6,94,1,90,247,195,190,1,20,0,243,0,226,0,91,0,39,0,18,0,12,0,11,
0,105,254,209,255,5,1,219,0,21,253,70,6,162,1,14,248,110,194,1,20,0,243,0,227,0,91,0,38,0,17,0,12,0,11,
0,105,254,209,255,5,1,219,0,21,253,70,6,162,1,110,247,165,192,1,20,0,244,0,227,0,91,0,38,0,17,0,12,0,11,
0,153,254,219,255,2,1,219,0,21,253,70,6,131,2,110,247,165,192,1,20,0,243,0,226,0,91,0,39,0,18,0,13,0,11,
0,185,254,221,255,248,0,219,0,21,253,70,6,12,2,51,247,215,190,1,20,0,243,0,225,0,91,0,39,0,18,0,13,0,11,
0,185,254,221,255,222,0,219,0,21,253,70,6,193,0,177,247,176,190,1,20,0,243,0,225,0,91,0,38,0,17,0,12,0,11,
0,173,254,222,255,222,0,219,0,21,253,70,6,72,1,53,248,79,194,1,21,0,243,0,224,0,90,0,38,0,17,0,12,0,11,
0,119,254,231,255,234,0,219,0,21,253,70,6,72,1,53,248,175,192,1,22,0,243,0,224,0,90,0,38,0,17,0,12,0,11,
0,156,254,231,255,227,0,151,0,33,253,32,6,25,3,155,247,175,192,1,22,0,242,0,224,0,91,0,38,0,18,0,13,0,11,
0,156,254,231,255,227,0,151,0,33,253,32,6,34,2,115,247,198,190,1,22,0,242,0,224,0,90,0,38,0,18,0,13,0,11,
0,232,254,219,255,226,0,151,0,33,253,32,6,102,0,92,248,107,192,1,22,0,242,0,224,0,90,0,38,0,17,0,12,0,11,
0,234,254,194,255,242,0,151,0,33,253,32,6,206,1,94,248,187,195,1,23,0,242,0,224,0,90,0,38,0,17,0,12,0,11,
0,216,254,183,255,251,0,151,0,33,253,32,6,206,1,94,248,187,195,1,23,0,242,0,225,0,90,0,32,0,16,0,13,0,11,
0,216,254,183,255,251,0,151,0,33,253,32,6,58,2,114,247,113,191,1,23,0,242,0,225,0,90,0,35,0,17,0,13,0,12,
0,186,254,191,255,242,0,151,0,33,253,32,6,138,1,160,247,133,190,1,24,0,242,0,225,0,91,0,36,0,16,0,13,0,12,
0,219,254,181,255,226,0,151,0,33,253,32,6,133,0,52,248,74,193,1,25,0,242,0,225,0,90,0,36,0,17,0,13,0,12,
0,213,254,171,255,209,0,151,0,33,253,32,6,133,0,3,248,249,194,1,25,0,242,0,225,0,90,0,36,0,17,0,13,0,11,
0,213,254,171,255,209,0,151,0,33,253,32,6,167,1,3,248,249,194,1,26,0,243,0,226,0,90,0,36,0,16,0,12,0,11,
0,250,254,169,255,227,0,165,0,1,253,191,6,204,2,127,247,177,190,1,26,0,242,0,226,0,91,0,37,0,17,0,12,0,11,
0,217,254,182,255,229,0,165,0,1,253,191,6,144,1,187,247,106,191,1,27,0,242,0,226,0,91,0,37,0,17,0,12,0,11,
0,217,254,182,255,212,0,165,0,1,253,191,6,213,0,94,248,107,194,1,27,0,243,0,227,0,90,0,38,0,17,0,12,0,11,
0,245,254,192,255,212,0,165,0,1,253,191,6,213,0,94,248,107,193,1,28,0,243,0,228,0,90,0,37,0,16,0,13,0,11,
0,23,255,192,255,209,0,165,0,1,253,191,6,1,3,138,247,77,193,1,28,0,243,0,228,0,90,0,37,0,16,0,12,0,11,
0,31,255,180,255,225,0,165,0,1,253,191,6,155,1,181,247,146,190,1,28,0,242,0,228,0,91,0,38,0,17,0,12,0,11,
0,31,255,180,255,225,0,165,0,1,253,191,6,144,0,41,248,167,192,1,28,0,243,0,229,0,91,0,38,0,17,0,12,0,11,
0,30,255,196,255,239,0,165,0,1,253,191,6,144,0,237,247,96,194,1,28,0,243,0,229,0,91,0,38,0,17,0,12,0,11,
0,47,255,193,255,206,0,165,0,1,253,191,6,0,2,237,247,96,194,1,29,0,243,0,230,0,91,0,38,0,17,0,12,0,11,
0,42,255,200,255,201,0,165,0,1,253,191,6,246,1,219,247,35,192,1,29,0,242,0,230,0,92,0,39,0,17,0,13,0,11,
0,42,255,200,255,201,0,165,0,1,253,191,6,132,1,229,247,33,192,1,29,0,242,0,230,0,92,0,39,0,18,0,13,0,11,
0,30,255,189,255,204,0,100,0,95,253,92,6,223,0,230,247,166,193,1,29,0,242,0,230,0,92,0,39,0,18,0,13,0,11,
0,33,255,155,255,206,0,100,0,95,253,92,6,223,0,230,247,119,194,1,29,0,242,0,230,0,92,0,38,0,17,0,12,0,11,
0,47,255,178,255,238,0,100,0,95,253,92,6,183,1,181,247,119,194,1,29,0,242,0,230,0,93,0,40,0,18,0,13,0,11,
0,47,255,178,255,238,0,100,0,95,253,92,6,129,2,125,247,147,192,1,30,0,243,0,231,0,92,0,38,0,17,0,12,0,11,
0,45,255,183,255,235,0,100,0,95,253,92,6,166,1,132,247,8,191,1,29,0,243,0,231,0,93,0,39,0,18,0,13,0,11,
0,39,255,184,255,240,0,100,0,95,253,92,6,238,0,194,247,114,192,1,29,0,243,0,231,0,93,0,43,0,19,0,13,0,11,
0,39,255,184,255,232,0,100,0,95,253,92,6,238,0,194,247,114,192,1,29,0,243,0,232,0,93,0,42,0,18,0,12,0,11,
0,44,255,179,255,232,0,100,0,95,253,92,6,83,1,207,247,43,194,1,28,0,243,0,231,0,93,0,42,0,19,0,13,0,11,
0,48,255,195,255,211,0,100,0,95,253,92,6,234,1,169,247,7,194,1,29,0,244,0,232,0,93,0,41,0,17,0,12,0,11,
0,54,255,198,255,210,0,100,0,95,253,92,6,79,2,49,247,248,191,1,28,0,243,0,231,0,93,0,41,0,19,0,13,0,11,
0,54,255,198,255,210,0,152,0,61,253,47,6,79,2,49,247,158,191,1,28,0,244,0,232,0,93,0,40,0,18,0,12,0,11,
0,39,255,190,255,216,0,152,0,61,253,47,6,211,1,70,247,158,191,1,28,0,244,0,231,0,93,0,40,0,18,0,12,0,11,
0,25,255,192,255,233,0,152,0,61,253,47,6,217,255,145,247,174,192,1,28,0,244,0,231,0,93,0,40,0,17,0,12,0,11,
0,47,255,165,255,240,0,152,0,61,253,47,6,182,1,205,247,239,195,1,27,0,244,0,231,0,93,0,40,0,18,0,13,0,11,
0,47,255,165,255,240,0,152,0,61,253,47,6,182,2,232,246,11,192,1,27,0,244,0,230,0,93,0,40,0,18,0,13,0,11,
0,68,255,147,255,202,0,152,0,61,253,47,6,182,2,232,246,11,192,1,26,0,244,0,230,0,93,0,40,0,18,0,13,0,11,
0,68,255,126,255,202,0,152,0,61,253,47,6,30,1,94,247,23,191,1,26,0,245,0,230,0,92,0,39,0,17,0,12,0,11,
0,40,255,138,255,210,0,152,0,61,253,47,6,0,1,34,248,18,194,1,25,0,244,0,230,0,93,0,40,0,18,0,13,0,11,
0,40,255,138,255,210,0,152,0,61,253,47,6,235,1,162,247,7,194,1,25,0,245,0,230,0,92,0,39,0,17,0,12,0,11,
0,40,255,161,255,199,0,152,0,61,253,47,6,235,1,217,246,117,191,1,24,0,245,0,229,0,92,0,40,0,18,0,13,0,11,
0,35,255,159,255,193,0,163,0,47,253,98,6,169,2,217,246,117,191,1,25,0,245,0,229,0,93,0,40,0,18,0,13,0,11,
0,35,255,159,255,193,0,163,0,47,253,98,6,8,2,113,247,91,191,1,24,0,246,0,228,0,92,0,39,0,18,0,13,0,11,
0,6,255,173,255,193,0,163,0,47,253,98,6,170,0,254,247,83,192,1,23,0,245,0,227,0,93,0,40,0,18,0,13,0,11,
0,30,255,163,255,193,0,163,0,47,253,98,6,187,1,24,248,192,194,1,24,0,245,0,227,0,91,0,39,0,17,0,13,0,11,
0,254,254,137,255,191,0,163,0,47,253,98,6,187,1,24,248,80,192,1,23,0,244,0,226,0,92,0,39,0,18,0,13,0,12,
0,254,254,137,255,191,0,163,0,47,253,98,6,115,2,174,247,80,192,1,23,0,244,0,227,0,92,0,40,0,18,0,13,0,11,
0,239,254,137,255,201,0,163,0,47,253,98,6,211,1,104,247,33,189,1,22,0,245,0,228,0,92,0,40,0,17,0,13,0,11,
0,36,255,115,255,193,0,163,0,47,253,98,6,27,1,76,248,234,191,1,22,0,246,0,229,0,91,0,39,0,17,0,12,0,11,
0,30,255,119,255,161,0,163,0,47,253,98,6,27,1,97,248,114,194,1,21,0,246,0,227,0,92,0,39,0,18,0,13,0,11,
0,30,255,119,255,161,0,163,0,47,253,98,6,224,1,97,248,114,194,1,21,0,246,0,226,0,92,0,39,0,18,0,13,0,11,
0,12,255,144,255,160,0,177,0,20,253,7,6,62,3,191,247,57,191,1,20,0,245,0,225,0,91,0,39,0,18,0,13,0,11,
0,34,255,137,255,147,0,177,0,20,253,7,6,73,2,49,248,173,189,1,21,0,245,0,224,0,91,0,38,0,16,0,12,0,11,
0,20,255,137,255,179,0,177,0,20,253,7,6,233,0,213,248,219,191,1,21,0,245,0,224,0,90,0,38,0,17,0,12,0,11,
0,20,255,146,255,179,0,177,0,20,253,7,6,233,0,213,248,147,193,1,21,0,244,0,223,0,91,0,39,0,20,0,13,0,11,
0,39,255,149,255,182,0,177,0,20,253,7,6,109,2,232,248,147,193,1,21,0,244,0,223,0,90,0,38,0,19,0,13,0,11,
0,70,255,133,255,157,0,177,0,20,253,7,6,1,3,143,248,109,190,1,21,0,243,0,223,0,90,0,38,0,19,0,13,0,11,
0,70,255,133,255,150,0,177,0,20,253,7,6,80,1,255,248,159,188,1,21,0,243,0,223,0,90,0,38,0,18,0,12,0,11,
0,82,255,120,255,150,0,177,0,20,253,7,6,222,0,191,249,226,192,1,21,0,244,0,224,0,89,0,37,0,16,0,12,0,11,
0,77,255,123,255,161,0,177,0,20,253,7,6,222,0,191,249,226,192,1,20,0,243,0,224,0,90,0,38,0,17,0,13,0,11,
0,59,255,132,255,160,0,177,0,20,253,7,6,242,2,31,249,216,191,1,20,0,244,0,223,0,90,0,38,0,19,0,13,0,11,
0,59,255,132,255,160,0,177,0,20,253,207,6,185,1,37,249,199,188,1,21,0,244,0,223,0,90,0,38,0,19,0,13,0,11,
0,54,255,95,255,143,0,219,0,44,253,207,6,240,1,159,249,226,190,1,21,0,243,0,222,0,89,0,38,0,19,0,13,0,11,
0,45,255,86,255,124,0,219,0,44,253,207,6,240,1,72,250,249,192,1,21,0,243,0,221,0,89,0,38,0,19,0,13,0,11,
0,72,255,95,255,129,0,219,0,44,253,207,6,116,1,72,250,249,192,1,22,0,243,0,222,0,89,0,37,0,17,0,13,0,11,
0,72,255,95,255,129,0,219,0,44,253,207,6,12,3,121,249,99,191,1,22,0,242,0,222,0,89,0,38,0,19,0,13,0,11,
0,108,255,123,255,144,0,219,0,44,253,207,6,1,2,127,249,69,188,1,22,0,242,0,223,0,89,0,38,0,18,0,13,0,11,
0,101,255,134,255,107,0,219,0,44,253,207,6,24,1,31,250,91,191,1,22,0,243,0,224,0,89,0,37,0,16,0,12,0,11,
0,56,255,134,255,111,0,219,0,44,253,207,6,24,1,31,250,91,192,1,22,0,243,0,225,0,90,0,38,0,17,0,13,0,11,
0,56,255,136,255,111,0,219,0,44,253,207,6,16,2,247,249,97,192,1,22,0,243,0,226,0,89,0,38,0,16,0,12,0,11,
0,71,255,122,255,114,0,219,0,44,253,207,6,14,2,160,249,58,189,1,23,0,243,0,225,0,90,0,38,0,17,0,13,0,11,
0,77,255,135,255,136,0,219,0,44,253,207,6,3,2,60,250,209,191,1,23,0,243,0,224,0,90,0,38,0,17,0,13,0,11,
0,77,255,135,255,162,0,203,0,252,252,118,6,3,2,5,250,94,191,1,24,0,243,0,225,0,89,0,37,0,16,0,12,0,11,
0,109,255,140,255,162,0,203,0,252,252,118,6,31,2,5,250,94,191,1,24,0,242,0,224,0,90,0,38,0,17,0,12,0,11,
0,111,255,136,255,182,0,203,0,252,252,118,6,189,2,166,249,145,190,1,25,0,242,0,225,0,89,0,37,0,16,0,12,0,10,
0,97,255,147,255,163,0,203,0,252,252,118,6,83,2,235,249,129,190,1,25,0,242,0,227,0,90,0,38,0,17,0,12,0,11,
0,97,255,147,255,163,0,203,0,252,252,118,6,224,1,18,250,102,191,1,25,0,242,0,228,0,91,0,38,0,17,0,13,0,11,
0,121,255,159,255,152,0,203,0,252,252,118,6,224,1,18,250,122,190,1,25,0,243,0,230,0,91,0,38,0,17,0,12,0,11,
0,159,255,163,255,182,0,203,0,252,252,118,6,122,2,178,249,122,190,1,26,0,244,0,231,0,91,0,38,0,16,0,12,0,11,
0,184,255,163,255,184,0,203,0,252,252,118,6,16,2,206,249,208,189,1,25,0,244,0,230,0,92,0,38,0,18,0,13,0,11,
0,184,255,163,255,184,0,203,0,252,252,118,6,249,1,65,250,119,191,1,26,0,244,0,230,0,92,0,39,0,17,0,13,0,11,
0,164,255,186,255,179,0,203,0,252,252,118,6,242,2,14,250,98,192,1,27,0,244,0,231,0,92,0,39,0,17,0,13,0,11,
0,163,255,191,255,181,0,193,0,38,253,0,6,242,2,14,250,98,192,1,27,0,244,0,231,0,92,0,39,0,17,0,12,0,11,
0,161,255,191,255,166,0,193,0,38,253,0,6,161,2,208,249,181,190,1,27,0,244,0,231,0,92,0,39,0,18,0,13,0,11,
0,161,255,189,255,166,0,193,0,38,253,0,6,58,2,175,249,250,190,1,28,0,244,0,232,0,92,0,39,0,17,0,12,0,11,
0,158,255,199,255,184,0,193,0,38,253,0,6,233,1,167,249,154,191,1,28,0,244,0,233,0,93,0,40,0,18,0,13,0,12,
0,164,255,175,255,186,0,193,0,38,253,0,6,233,1,167,249,13,192,1,28,0,244,0,235,0,94,0,40,0,18,0,13,0,11,
0,164,255,175,255,176,0,193,0,38,253,0,6,226,1,214,249,13,192,1,28,0,245,0,235,0,94,0,40,0,18,0,13,0,11,
0,121,255,176,255,176,0,193,0,38,253,0,6,152,2,155,249,231,190,1,27,0,246,0,235,0,94,0,40,0,18,0,13,0,11,
0,97,255,210,255,197,0,193,0,38,253,0,6,236,2,111,249,17,191,1,28,0,246,0,235,0,94,0,40,0,17,0,12,0,11,
0,97,255,212,255,196,0,193,0,38,253,0,6,157,2,80,249,131,190,1,28,0,245,0,235,0,95,0,40,0,18,0,13,0,11,
0,97,255,212,255,196,0,193,0,38,253,0,6,157,2,80,249,131,190,1,29,0,245,0,235,0,95,0,40,0,18,0,13,0,11,
0,128,255,239,255,187,0,182,0,40,253,16,7,134,2,152,249,102,191,1,29,0,245,0,235,0,94,0,39,0,17,0,12,0,10,
0,128,255,236,255,208,0,182,0,40,253,16,7,152,1,138,249,39,192,1,29,0,245,0,234,0,94,0,35,0,17,0,13,0,12,
0,116,255,232,255,205,0,182,0,40,253,16,7,212,2,62,249,250,192,1,30,0,245,0,235,0,94,0,35,0,16,0,12,0,11,
0,116,255,232,255,205,0,182,0,40,253,16,7,212,2,154,248,68,191,1,29,0,244,0,236,0,95,0,37,0,17,0,12,0,11,
0,99,255,227,255,204,0,182,0,40,253,16,7,53,3,154,248,68,191,1,28,0,245,0,238,0,95,0,38,0,17,0,13,0,11,
0,108,255,214,255,200,0,182,0,40,253,16,7,2,2,218,248,151,190,1,29,0,246,0,238,0,95,0,39,0,17,0,13,0,11,
0,108,255,214,255,226,0,182,0,40,253,16,7,124,1,231,248,209,192,1,28,0,246,0,237,0,96,0,39,0,17,0,12,0,11,
0,118,255,243,255,226,0,182,0,40,253,16,7,245,2,136,248,248,191,1,29,0,246,0,237,0,95,0,39,0,17,0,12,0,11,
0,152,255,254,255,241,0,182,0,40,253,16,7,245,2,136,248,162,190,1,29,0,245,0,236,0,96,0,40,0,18,0,13,0,12,
0,142,255,26,0,247,0,182,0,40,253,16,7,251,1,189,248,162,190,1,29,0,245,0,236,0,95,0,40,0,18,0,13,0,11,
0,142,255,26,0,229,0,171,0,27,253,126,6,174,2,170,248,147,192,1,30,0,246,0,236,0,95,0,40,0,18,0,13,0,11,
0,133,255,48,0,229,0,171,0,27,253,126,6,117,2,120,248,162,191,1,29,0,245,0,235,0,96,0,40,0,18,0,13,0,12,
0,132,255,69,0,247,0,171,0,27,253,126,6,117,2,91,248,54,191,1,30,0,245,0,236,0,95,0,40,0,17,0,13,0,11,
0,92,255,60,0,33,1,171,0,27,253,126,6,244,2,91,248,54,191,1,30,0,245,0,235,0,96,0,41,0,19,0,13,0,12,
0,92,255,60,0,33,1,171,0,27,253,126,6,83,2,106,248,3,191,1,30,0,244,0,234,0,95,0,40,0,18,0,13,0,12,
0,80,255,42,0,25,1,171,0,27,253,126,6,28,2,102,248,8,192,1,31,0,245,0,235,0,95,0,41,0,18,0,13,0,11,
0,85,255,83,0,14,1,171,0,27,253,126,6,174,2,33,248,89,191,1,30,0,244,0,235,0,95,0,40,0,18,0,13,0,12,
0,90,255,80,0,253,0,171,0,27,253,126,6,174,2,33,248,245,189,1,31,0,245,0,236,0,95,0,40,0,17,0,12,0,11,
0,90,255,80,0,253,0,171,0,27,253,126,6,42,2,85,248,245,189,1,30,0,245,0,235,0,95,0,40,0,18,0,13,0,11,
0,65,255,60,0,219,0,171,0,27,253,126,6,73,1,123,248,37,193,1,31,0,246,0,234,0,95,0,40,0,18,0,13,0,11,
0,71,255,36,0,248,0,171,0,27,253,126,6,38,3,201,247,53,192,1,32,0,246,0,234,0,95,0,40,0,18,0,13,0,11,
0,71,255,36,0,28,1,201,0,13,253,169,6,249,2,218,247,113,190,1,31,0,245,0,232,0,95,0,40,0,18,0,13,0,11,
0,93,255,30,0,28,1,201,0,13,253,169,6,249,2,218,247,113,190,1,32,0,246,0,232,0,94,0,40,0,17,0,12,0,10,
0,56,255,16,0,13,1,201,0,13,253,169,6,20,1,74,248,152,190,1,32,0,245,0,232,0,95,0,44,0,19,0,13,0,11,
0,55,255,4,0,221,0,201,0,13,253,169,6,236,1,85,248,210,192,1,32,0,245,0,231,0,94,0,43,0,19,0,12,0,11,
0,55,255,4,0,206,0,201,0,13,253,169,6,222,2,211,247,22,191,1,33,0,245,0,230,0,93,0,43,0,19,0,13,0,11,
0,80,255,244,255,206,0,201,0,13,253,169,6,222,2,220,247,155,189,1,32,0,244,0,230,0,94,0,41,0,19,0,13,0,11,
0,67,255,231,255,209,0,201,0,13,253,169,6,220,1,220,247,155,189,1,32,0,245,0,232,0,93,0,41,0,18,0,12,0,11,
0,67,255,206,255,205,0,201,0,13,253,169,6,176,0,58,248,195,190,1,32,0,245,0,232,0,94,0,41,0,19,0,13,0,11,
0,67,255,206,255,205,0,201,0,13,253,169,6,199,1,49,248,150,192,1,31,0,245,0,231,0,94,0,40,0,18,0,13,0,11,
0,67,255,224,255,204,0,201,0,13,253,169,6,27,3,158,247,136,190,1,32,0,246,0,230,0,93,0,40,0,18,0,13,0,11,
0,91,255,8,0,209,0,177,0,22,253,32,6,27,3,158,247,136,190,1,31,0,246,0,229,0,93,0,40,0,18,0,13,0,12,
0,98,255,29,0,198,0,177,0,22,253,32,6,65,2,174,247,122,190,1,32,0,246,0,228,0,92,0,40,0,17,0,13,0,11,
0,98,255,29,0,198,0,177,0,22,253,32,6,254,0,13,248,254,190,1,31,0,245,0,228,0,93,0,40,0,19,0,13,0,12,
0,54,255,48,0,211,0,177,0,22,253,32,6,26,2,31,248,233,192,1,31,0,246,0,228,0,92,0,40,0,18,0,13,0,12,
0,90,255,29,0,236,0,177,0,22,253,32,6,26,2,144,247,52,191,1,31,0,245,0,227,0,92,0,40,0,17,0,13,0,11,
0,90,255,29,0,240,0,177,0,22,253,32,6,85,2,144,247,52,191,1,31,0,245,0,227,0,92,0,40,0,18,0,13,0,11,
0,101,255,60,0,240,0,177,0,22,253,32,6,171,1,186,247,69,190,1,31,0,246,0,228,0,92,0,39,0,17,0,12,0,11,
0,78,255,57,0,227,0,177,0,22,253,32,6,90,1,184,247,166,190,1,30,0,245,0,228,0,92,0,40,0,18,0,13,0,11,
0,67,255,51,0,233,0,177,0,22,253,32,6,202,1,128,247,191,190,1,30,0,246,0,228,0,92,0,39,0,18,0,13,0,11,
0,67,255,51,0,233,0,177,0,22,253,32,6,202,1,128,247,197,190,1,30,0,247,0,228,0,92,0,39,0,17,0,12,0,11,
0,48,255,78,0,245,0,196,0,28,253,87,6,33,1,216,247,197,190,1,30,0,247,0,227,0,92,0,39,0,18,0,13,0,11,
0,38,255,95,0,214,0,196,0,28,253,87,6,254,0,170,247,80,191,1,30,0,247,0,227,0,91,0,38,0,17,0,12,0,10,
0,34,255,92,0,184,0,196,0,28,253,87,6,87,1,25,248,121,192,1,30,0,246,0,226,0,91,0,39,0,18,0,12,0,11,
0,34,255,92,0,184,0,196,0,28,253,87,6,87,1,171,247,146,191,1,30,0,246,0,226,0,91,0,39,0,17,0,13,0,11,
0,1,255,79,0,199,0,196,0,28,253,87,6,105,1,171,247,146,191,1,30,0,246,0,226,0,91,0,38,0,17,0,12,0,11,
0,240,254,78,0,207,0,196,0,28,253,87,6,243,1,125,247,73,191,1,30,0,246,0,226,0,91,0,38,0,17,0,13,0,11,
0,237,254,105,0,195,0,196,0,28,253,87,6,160,1,71,247,183,188,1,30,0,246,0,228,0,91,0,38,0,17,0,12,0,11,
0,237,254,105,0,195,0,196,0,28,253,87,6,90,0,230,247,138,189,1,28,0,246,0,229,0,91,0,39,0,18,0,13,0,11,
0,234,254,107,0,165,0,196,0,28,253,87,6,90,0,230,247,221,191,1,28,0,246,0,229,0,92,0,39,0,18,0,13,0,11,
0,175,254,96,0,158,0,196,0,28,253,87,6,188,0,188,247,221,191,1,28,0,247,0,230,0,91,0,38,0,17,0,12,0,11,
0,175,254,96,0,167,0,171,0,14,253,117,6,198,1,172,247,28,191,1,27,0,247,0,229,0,92,0,39,0,18,0,13,0,11,
0,192,254,84,0,167,0,171,0,14,253,117,6,171,1,185,247,97,190,1,27,0,247,0,229,0,92,0,38,0,17,0,12,0,11,
0,17,255,95,0,191,0,171,0,14,253,117,6,114,1,210,247,165,190,1,27,0,247,0,229,0,92,0,40,0,18,0,13,0,11,
0,27,255,129,0,193,0,171,0,14,253,117,6,114,1,210,247,165,190,1,26,0,247,0,230,0,92,0,40,0,18,0,13,0,12,
0,27,255,129,0,193,0,171,0,14,253,117,6,114,1,91,247,235,190,1,26,0,247,0,230,0,92,0,39,0,17,0,12,0,11,
0,254,254,117,0,163,0,171,0,14,253,117,6,192,1,114,247,250,189,1,25,0,247,0,231,0,93,0,40,0,18,0,13,0,11,
0,227,254,139,0,159,0,171,0,14,253,117,6,67,1,169,247,70,188,1,25,0,247,0,233,0,93,0,39,0,17,0,12,0,11,
0,246,254,135,0,178,0,171,0,14,253,117,6,67,1,222,247,129,189,1,23,0,247,0,234,0,93,0,40,0,18,0,13,0,11,
0,246,254,135,0,178,0,171,0,14,253,117,6,173,0,222,247,129,189,1,23,0,248,0,235,0,94,0,40,0,18,0,13,0,11,
0,244,254,118,0,176,0,171,0,14,253,117,6,17,1,243,247,184,191,1,23,0,249,0,235,0,93,0,39,0,17,0,12,0,11,
0,220,254,127,0,189,0,171,0,14,253,117,6,146,2,165,247,188,191,1,22,0,249,0,234,0,94,0,40,0,18,0,13,0,11,
0,230,254,170,0,176,0,225,0,27,253,236,6,12,2,100,247,129,190,1,22,0,249,0,235,0,94,0,40,0,17,0,12,0,11,
0,230,254,170,0,176,0,225,0,27,253,236,6,12,2,100,247,129,189,1,21,0,249,0,235,0,95,0,40,0,18,0,13,0,11,
0,213,254,208,0,144,0,225,0,27,253,236,6,214,1,128,247,93,189,1,20,0,249,0,235,0,94,0,40,0,18,0,13,0,11,
0,201,254,197,0,139,0,225,0,27,253,236,6,143,1,210,247,172,189,1,20,0,249,0,236,0,94,0,40,0,17,0,12,0,11,
0,201,254,197,0,119,0,225,0,27,253,236,6,102,1,250,247,38,191,1,19,0,249,0,237,0,95,0,40,0,18,0,13,0,11,
0,212,254,180,0,119,0,225,0,27,253,236,6,102,1,122,247,67,190,1,19,0,249,0,238,0,95,0,40,0,17,0,12,0,11,
0,220,254,167,0,159,0,225,0,27,253,236,6,253,1,122,247,67,190,1,17,0,249,0,239,0,96,0,40,0,18,0,13,0,12,
0,231,254,169,0,161,0,225,0,27,253,236,6,10,1,169,247,79,190,1,17,0,250,0,239,0,96,0,40,0,18,0,13,0,11,
0,231,254,169,0,161,0,225,0,27,253,236,6,140,1,204,247,32,191,1,16,0,251,0,241,0,96,0,40,0,19,0,13,0,11,
0,209,254,166,0,148,0,225,0,27,253,236,6,117,2,199,247,54,191,1,16,0,251,0,240,0,97,0,41,0,20,0,13,0,12,
0,206,254,182,0,151,0,191,0,88,253,229,5,117,2,199,247,250,190,1,16,0,251,0,240,0,96,0,40,0,19,0,13,0,11,
0,241,254,203,0,154,0,191,0,88,253,229,5,154,2,157,247,250,190,1,14,0,251,0,240,0,97,0,41,0,20,0,14,0,12,
0,241,254,203,0,154,0,191,0,88,253,229,5,123,2,124,247,152,188,1,14,0,251,0,240,0,97,0,41,0,20,0,13,0,12,
0,226,254,193,0,115,0,191,0,88,253,229,5,2,2,79,247,115,189,1,14,0,252,0,241,0,97,0,41,0,19,0,13,0,11,
0,235,254,190,0,112,0,191,0,88,253,229,5,2,2,233,247,234,190,1,12,0,252,0,241,0,98,0,41,0,20,0,14,0,12,
0,0,255,160,0,128,0,191,0,88,253,229,5,107,2,233,247,234,190,1,12,0,252,0,242,0,97,0,41,0,19,0,13,0,11,
0,0,255,160,0,128,0,191,0,88,253,229,5,36,2,137,247,114,190,1,11,0,252,0,242,0,98,0,41,0,20,0,14,0,11,
0,229,254,148,0,140,0,191,0,88,253,229,5,228,1,67,247,58,190,1,11,0,252,0,243,0,98,0,41,0,20,0,13,0,11,
0,248,254,158,0,137,0,191,0,88,253,229,5,107,2,82,247,157,191,1,10,0,253,0,244,0,98,0,41,0,19,0,13,0,11,
0,248,254,158,0,147,0,191,0,88,253,229,5,107,2,82,247,21,190,1,9,0,253,0,244,0,99,0,41,0,19,0,13,0,11,
0,2,255,160,0,147,0,108,0,8,253,11,6,99,2,51,247,21,190,1,9,0,254,0,245,0,98,0,41,0,19,0,13,0,11,
0,250,254,156,0,130,0,108,0,8,253,11,6,70,2,3,247,212,189,1,8,0,254,0,244,0,99,0,42,0,20,0,13,0,11,
0,218,254,156,0,112,0,108,0,8,253,11,6,60,2,114,247,1,191,1,8,0,254,0,244,0,99,0,41,0,20,0,13,0,11,
0,218,254,156,0,112,0,108,0,8,253,11,6,69,2,48,247,230,190,1,7,0,254,0,244,0,99,0,41,0,19,0,13,0,11,
0,235,254,145,0,103,0,108,0,8,253,11,6,69,2,48,247,230,190,1,6,0,254,0,244,0,99,0,42,0,20,0,14,0,11,
0,193,254,134,0,114,0,108,0,8,253,11,6,165,2,68,247,85,191,1,5,0,254,0,245,0,99,0,41,0,19,0,13,0,11,
0,151,254,141,0,131,0,108,0,8,253,11,6,28,3,253,246,35,190,1,4,0,254,0,244,0,100,0,42,0,20,0,14,0,12,
0,151,254,141,0,131,0,108,0,8,253,11,6,70,2,157,246,103,187,1,3,0,254,0,245,0,100,0,42,0,20,0,14,0,12,
0,155,254,127,0,115,0,108,0,8,253,11,6,70,2,126,247,12,191,1,2,0,254,0,245,0,99,0,37,0,19,0,14,0,12,
0,183,254,99,0,111,0,108,0,8,253,11,6,108,1,126,247,12,191,1,1,0,254,0,245,0,100,0,38,0,19,0,14,0,12,
0,158,254,99,0,107,0,85,0,28,253,215,5,173,2,28,247,157,192,1,0,0,255,0,246,0,99,0,39,0,18,0,13,0,12,
0,158,254,77,0,107,0,85,0,28,253,215,5,68,3,124,246,191,190,0,254,0,255,0,245,0,100,0,40,0,19,0,13,0,12,
0,151,254,106,0,110,0,85,0,28,253,215,5,104,1,235,246,125,188,0,253,0,255,0,245,0,100,0,41,0,20,0,14,0,12,
0,159,254,102,0,101,0,85,0,28,253,215,5,104,1,235,246,89,191,0,252,0,255,0,245,0,100,0,40,0,19,0,13,0,11,
0,159,254,102,0,102,0,85,0,28,253,215,5,171,1,16,247,89,191,0,251,1,0,0,245,0,99,0,41,0,19,0,14,0,12,
0,188,254,45,0,102,0,85,0,28,253,215,5,206,2,107,246,67,192,0,250,1,0,0,245,0,100,0,41,0,19,0,13,0,11,
0,200,254,71,0,105,0,85,0,28,253,215,5,201,2,15,246,170,189,0,249,1,0,0,244,0,100,0,42,0,20,0,13,0,11,
0,179,254,75,0,130,0,85,0,28,253,215,5,201,2,161,246,85,190,0,247,1,0,0,243,0,100,0,42,0,19,0,13,0,11,
0,179,254,75,0,130,0,85,0,28,253,215,5,78,1,161,246,85,190,0,247,1,0,0,243,0,99,0,41,0,19,0,13,0,11,
0,159,254,44,0,97,0,85,0,28,253,215,5,222,1,112,246,1,193,0,246,1,0,0,242,0,99,0,42,0,20,0,13,0,11,
0,128,254,60,0,88,0,85,0,28,253,215,5,6,2,34,246,134,191,0,245,1,0,0,242,0,99,0,41,0,19,0,13,0,11,
0,114,254,46,0,64,0,100,0,56,253,115,6,59,2,38,246,64,191,0,244,1,0,0,242,0,99,0,42,0,20,0,13,0,11,
0,114,254,46,0,64,0,100,0,56,253,115,6,59,2,38,246,101,189,0,243,1,0,0,243,0,99,0,41,0,19,0,13,0,11,
0,101,254,35,0,63,0,100,0,56,253,115,6,18,1,85,246,101,189,0,241,1,0,0,243,0,99,0,41,0,19,0,13,0,11,
0,110,254,13,0,60,0,100,0,56,253,115,6,18,1,125,246,202,191,0,240,1,1,0,243,0,99,0,41,0,20,0,13,0,11,
0,135,254,13,255,20,0,100,0,56,253,115,6,114,2,16,246,224,191,0,239,1,1,0,242,0,98,0,41,0,19,0,13,0,11,
0,135,254,237,255,20,0,100,0,56,253,115,6,226,1,92,246,51,189,0,238,1,1,0,240,0,99,0,42,0,20,0,14,0,12,
0,92,254,234,255,14,0,100,0,56,253,115,6,226,1,92,246,51,189,0,238,1,0,0,239,0,99,0,42,0,18,0,13,0,11,
0,101,254,210,255,5,0,100,0,56,253,115,6,94,1,174,246,131,191,0,238,1,0,0,239,0,98,0,41,0,18,0,13,0,11,
0,101,254,210,255,8,0,100,0,56,253,115,6,34,2,209,246,198,191,0,237,1,0,0,240,0,97,0,41,0,20,0,13,0,11,
0,76,254,214,255,8,0,100,0,56,253,115,6,153,1,175,246,0,189,0,235,0,255,0,241,0,99,0,47,0,21,0,13,0,11,
0,41,254,201,255,34,0,186,0,22,253,222,5,153,1,175,246,156,190,0,233,1,0,0,242,0,99,0,45,0,21,0,13,0,11,
0,38,254,213,255,17,0,186,0,22,253,222,5,30,1,202,246,156,190,0,233,1,0,0,242,0,98,0,44,0,21,0,13,0,11,
0,38,254,213,255,17,0,186,0,22,253,222,5,191,1,234,246,138,191,0,232,1,1,0,241,0,98,0,43,0,20,0,13,0,11,
0,62,254,208,255,2,0,186,0,22,253,222,5,53,2,159,246,113,189,0,232,1,1,0,239,0,98,0,43,0,18,0,13,0,11,
0,91,254,178,255,16,0,186,0,22,253,222,5,136,1,198,247,100,190,0,232,1,0,0,238,0,98,0,43,0,19,0,13,0,12,
0,90,254,205,255,9,0,186,0,22,253,222,5,136,1,198,247,100,190,0,232,0,255,0,239,0,97,0,43,0,19,0,13,0,11,
0,90,254,205,255,9,0,186,0,22,253,222,5,255,1,219,247,37,191,0,232,0,255,0,240,0,97,0,43,0,21,0,13,0,11,
0,117,254,229,255,10,0,186,0,22,253,222,5,106,2,36,247,3,189,0,231,1,0,0,242,0,98,0,41,0,20,0,13,0,11,
0,133,254,207,255,235,255,186,0,22,253,222,5,242,0,161,247,236,187,0,231,1,1,0,242,0,97,0,41,0,19,0,13,0,11,
0,115,254,207,255,239,255,186,0,22,253,222,5,242,0,145,248,248,192,0,231,1,1,0,240,0,98,0,41,0,20,0,13,0,11,
0,115,254,210,255,239,255,130,0,30,253,220,5,99,1,145,248,248,192,0,232,1,1,0,239,0,97,0,41,0,18,0,13,0,11,
0,133,254,204,255,254,255,130,0,30,253,220,5,2,3,233,247,197,190,0,232,1,0,0,239,0,97,0,41,0,18,0,13,0,11,
0,145,254,202,255,242,255,130,0,30,253,220,5,130,1,6,248,40,187,0,232,1,0,0,240,0,97,0,41,0,19,0,13,0,11,
0,145,254,202,255,222,255,130,0,30,253,220,5,0,1,244,248,181,190,0,232,1,1,0,242,0,97,0,41,0,20,0,13,0,11,
0,125,254,178,255,222,255,130,0,30,253,220,5,0,1,244,248,109,191,0,231,1,2,0,242,0,97,0,41,0,19,0,12,0,11,
0,141,254,183,255,190,255,130,0,30,253,220,5,233,2,73,248,109,191,0,231,1,2,0,241,0,98,0,41,0,20,0,13,0,11,
0,166,254,164,255,212,255,130,0,30,253,220,5,46,2,233,247,177,186,0,232,1,2,0,240,0,98,0,42,0,20,0,14,0,11,
0,166,254,164,255,212,255,130,0,30,253,220,5,125,1,252,248,163,190,0,232,1,2,0,241,0,98,0,41,0,19,0,14,0,12,
0,144,254,144,255,225,255,130,0,30,253,220,5,125,2,244,248,16,191,0,232,1,1,0,241,0,98,0,42,0,20,0,14,0,12,
0,179,254,140,255,218,255,130,0,30,253,220,5,98,2,244,248,16,191,0,232,1,2,0,243,0,98,0,41,0,19,0,13,0,11,
0,174,254,164,255,203,255,109,0,244,252,74,6,147,2,188,248,211,188,0,231,1,2,0,243,0,99,0,42,0,20,0,14,0,11,
0,174,254,164,255,203,255,109,0,244,252,74,6,63,2,207,248,253,188,0,232,1,3,0,242,0,99,0,42,0,20,0,13,0,12,
0,185,254,166,255,212,255,109,0,244,252,74,6,28,2,179,249,18,191,0,232,1,3,0,242,0,99,0,42,0,20,0,14,0,12,
0,235,254,190,255,235,255,109,0,244,252,74,6,28,2,179,249,1,189,0,232,1,3,0,243,0,99,0,42,0,20,0,14,0,12,
0,235,254,190,255,229,255,109,0,244,252,74,6,52,3,251,248,1,189,0,233,1,4,0,245,0,98,0,41,0,19,0,13,0,11,
0,217,254,194,255,229,255,109,0,244,252,74,6,202,1,172,249,29,189,0,232,1,4,0,245,0,99,0,42,0,20,0,13,0,11,
0,158,254,175,255,221,255,109,0,244,252,74,6,188,3,105,249,120,190,0,233,1,4,0,245,0,99,0,42,0,19,0,13,0,11,
0,158,254,181,255,185,255,109,0,244,252,74,6,239,3,92,249,246,187,0,234,1,4,0,245,0,99,0,41,0,19,0,13,0,11,
0,158,254,181,255,179,255,109,0,244,252,74,6,239,3,92,249,246,187,0,235,1,5,0,246,0,99,0,41,0,19,0,13,0,11,
0,195,254,185,255,179,255,109,0,244,252,74,6,254,1,18,250,38,189,0,235,1,4,0,247,0,100,0,42,0,20,0,13,0,11,
0,196,254,204,255,186,255,109,0,50,253,44,6,80,3,228,249,255,190,0,235,1,5,0,248,0,100,0,42,0,20,0,13,0,11,
0,252,254,182,255,191,255,167,0,50,253,44,6,160,3,171,249,25,190,0,235,1,6,0,249,0,101,0,42,0,20,0,13,0,11,
0,252,254,182,255,191,255,167,0,50,253,44,6,160,3,195,249,85,189,0,237,1,6,0,249,0,101,0,42,0,19,0,13,0,11,
0,29,255,184,255,189,255,167,0,50,253,44,6,181,3,195,249,85,189,0,238,1,6,0,249,0,101,0,43,0,20,0,13,0,11,
0,26,255,173,255,221,255,167,0,50,253,44,6,25,3,79,249,151,188,0,239,1,6,0,250,0,101,0,42,0,19,0,13,0,11,
0,23,255,148,255,245,255,167,0,50,253,44,6,138,2,187,249,114,191,0,239,1,6,0,251,0,102,0,43,0,20,0,14,0,11,
0,23,255,148,255,245,255,167,0,50,253,44,6,125,4,55,249,224,190,0,240,1,6,0,253,0,102,0,43,0,20,0,14,0,12,
0,46,255,151,255,244,255,167,0,50,253,44,6,125,4,55,249,172,187,0,241,1,8,0,254,0,102,0,43,0,19,0,13,0,11,
0,70,255,146,255,248,255,167,0,50,253,44,6,136,3,240,248,172,187,0,241,1,7,0,253,0,103,0,43,0,21,0,14,0,12,
0,70,255,146,255,251,255,167,0,50,253,44,6,222,1,79,250,11,192,0,243,1,8,0,252,0,103,0,43,0,20,0,13,0,11,
0,61,255,172,255,251,255,167,0,50,253,44,6,187,4,63,249,81,191,0,244,1,6,0,252,0,104,0,44,0,20,0,14,0,12,
0,63,255,138,255,3,0,164,0,38,253,195,5,187,4,181,248,32,189,0,244,1,6,0,254,0,104,0,44,0,20,0,14,0,12,
0,57,255,128,255,253,255,164,0,38,253,195,5,129,3,181,248,32,189,0,244,1,7,0,255,0,104,0,44,0,19,0,13,0,11,
0,57,255,128,255,6,0,164,0,38,253,195,5,54,2,47,249,168,189,0,244,1,8,1,0,0,104,0,44,0,18,0,13,0,11,
0,56,255,139,255,6,0,164,0,38,253,195,5,225,2,81,249,199,192,0,244,1,8,0,255,0,104,0,44,0,21,0,14,0,12,
0,48,255,129,255,28,0,164,0,38,253,195,5,39,4,206,248,49,191,0,245,1,8,0,254,0,104,0,44,0,21,0,13,0,11,
0,56,255,142,255,13,0,164,0,38,253,195,5,39,4,206,248,248,188,0,246,1,7,0,253,0,104,0,44,0,21,0,14,0,11,
0,56,255,142,255,13,0,164,0,38,253,195,5,150,3,110,248,248,188,0,247,1,7,0,253,0,104,0,44,0,20,0,13,0,11,
0,63,255,152,255,7,0,164,0,38,253,195,5,4,2,138,248,156,189,0,247,1,7,0,254,0,104,0,44,0,20,0,14,0,11,
0,62,255,136,255,20,0,164,0,38,253,195,5,2,3,220,248,9,193,0,247,1,8,0,255,0,104,0,43,0,20,0,13,0,11,
0,69,255,102,255,32,0,164,0,38,253,195,5,61,4,36,248,164,191,0,246,1,8,0,255,0,104,0,44,0,20,0,13,0,11,
0,69,255,102,255,32,0,166,0,222,252,128,6,61,4,36,248,164,191,0,246,1,8,0,254,0,104,0,44,0,20,0,13,0,11,
0,59,255,91,255,31,0,166,0,222,252,128,6,164,3,213,247,216,189,0,247,1,8,0,253,0,104,0,44,0,20,0,13,0,11,
0,85,255,110,255,65,0,166,0,222,252,128,6,178,2,218,247,246,189,0,247,1,8,0,251,0,104,0,44,0,20,0,14,0,11,
0,85,255,110,255,89,0,166,0,222,252,128,6,74,2,120,248,140,192,0,248,1,8,0,251,0,104,0,44,0,19,0,13,0,11,
0,67,255,113,255,89,0,166,0,222,252,128,6,74,2,120,248,28,192,0,248,1,6,0,249,0,104,0,44,0,21,0,14,0,12,
0,36,255,89,255,78,0,166,0,222,252,128,6,133,3,64,248,28,192,0,248,1,6,0,250,0,104,0,44,0,21,0,14,0,12,
0,1,255,61,255,93,0,166,0,222,252,128,6,243,3,150,247,43,190,0,247,1,6,0,251,0,104,0,44,0,21,0,14,0,12,
0,1,255,61,255,91,0,166,0,222,252,128,6,83,2,209,247,234,188,0,247,1,6,0,251,0,104,0,44,0,21,0,14,0,12,
0,16,255,65,255,91,0,166,0,222,252,128,6,243,1,117,248,197,192,0,248,1,7,0,250,0,103,0,44,0,19,0,13,0,11,
0,89,255,85,255,108,0,166,0,222,252,128,6,243,1,117,248,197,192,0,247,1,6,0,248,0,103,0,44,0,21,0,14,0,12,
0,88,255,75,255,122,0,161,0,71,253,92,6,174,3,203,247,124,192,0,248,1,6,0,246,0,102,0,44,0,20,0,14,0,12,
0,88,255,75,255,122,0,161,0,71,253,92,6,45,3,112,247,32,190,0,249,1,6,0,245,0,101,0,44,0,20,0,13,0,11,
0,71,255,63,255,91,0,161,0,71,253,92,6,176,1,155,247,151,188,0,249,1,5,0,244,0,101,0,43,0,20,0,13,0,11,
0,70,255,107,255,93,0,161,0,71,253,92,6,176,1,97,248,87,193,0,249,1,4,0,242,0,101,0,43,0,20,0,14,0,12,
0,55,255,89,255,126,0,161,0,71,253,92,6,107,2,97,248,87,193,0,249,1,4,0,241,0,100,0,43,0,20,0,13,0,11,
0,55,255,89,255,126,0,161,0,71,253,92,6,72,3,137,247,243,190,0,250,1,3,0,241,0,99,0,37,0,19,0,14,0,12,
0,51,255,60,255,115,0,161,0,71,253,92,6,219,2,87,247,186,188,0,250,1,3,0,241,0,99,0,38,0,18,0,13,0,11,
0,24,255,69,255,84,0,161,0,71,253,92,6,66,1,253,247,122,190,0,250,1,3,0,240,0,99,0,40,0,19,0,13,0,12,
0,24,255,69,255,91,0,161,0,71,253,92,6,66,1,253,247,39,194,0,250,1,3,0,239,0,98,0,40,0,16,0,12,0,11,
0,6,255,57,255,91,0,161,0,71,253,92,6,1,2,58,248,39,194,0,250,1,3,0,238,0,98,0,40,0,17,0,13,0,11,
0,254,254,49,255,82,0,156,0,248,252,168,6,233,2,186,247,43,190,0,251,1,3,0,236,0,97,0,40,0,17,0,12,0,11,
0,43,255,51,255,50,0,156,0,248,252,168,6,57,2,161,247,135,189,0,251,1,2,0,234,0,96,0,40,0,17,0,12,0,11,
0,43,255,51,255,50,0,156,0,248,252,168,6,57,0,92,248,187,189,0,252,1,1,0,233,0,96,0,40,0,18,0,13,0,11,
0,56,255,57,255,29,0,156,0,248,252,168,6,188,0,92,248,187,189,0,252,1,1,0,232,0,95,0,40,0,17,0,12,0,11,
0,37,255,25,255,48,0,156,0,248,252,168,6,104,2,92,248,76,193,0,252,1,0,0,232,0,95,0,40,0,18,0,13,0,11,
0,50,255,20,255,49,0,156,0,248,252,168,6,158,2,154,247,85,189,0,252,0,255,0,232,0,95,0,41,0,18,0,13,0,11,
0,50,255,20,255,49,0,156,0,248,252,168,6,216,0,78,248,64,189,0,252,0,255,0,232,0,94,0,40,0,18,0,13,0,11,
0,92,255,30,255,64,0,156,0,248,252,168,6,216,0,78,248,37,192,0,252,0,255,0,232,0,95,0,41,0,19,0,13,0,11,
0,100,255,61,255,48,0,156,0,248,252,168,6,132,1,169,248,37,192,0,253,0,255,0,231,0,94,0,40,0,18,0,13,0,11,
0,85,255,46,255,27,0,156,0,248,252,168,6,167,2,30,248,0,190,0,253,0,254,0,229,0,94,0,40,0,18,0,13,0,11,
0,85,255,46,255,27,0,156,0,248,252,168,6,20,1,205,248,247,190,0,254,0,254,0,228,0,93,0,40,0,17,0,13,0,11,
0,62,255,34,255,2,0,225,0,225,252,61,6,104,2,194,248,38,191,0,254,0,253,0,227,0,93,0,40,0,18,0,13,0,11,
0,83,255,53,255,226,255,225,0,225,252,61,6,104,2,194,248,38,191,0,255,0,252,0,227,0,92,0,40,0,18,0,13,0,11,
0,83,255,53,255,249,255,225,0,225,252,61,6,48,2,52,248,102,188,0,255,0,252,0,228,0,92,0,40,0,17,0,13,0,11,
0,66,255,87,255,249,255,225,0,225,252,61,6,194,0,59,249,188,190,0,255,0,251,0,227,0,93,0,40,0,18,0,13,0,11,
0,25,255,69,255,11,0,225,0,225,252,61,6,83,2,31,249,65,192,1,0,0,251,0,228,0,92,0,40,0,18,0,13,0,11,
0,46,255,61,255,255,255,225,0,225,252,61,6,83,2,115,248,55,188,1,0,0,251,0,228,0,91,0,38,0,17,0,12,0,11,
0,46,255,61,255,255,255,225,0,225,252,61,6,94,2,115,248,55,188,1,0,0,251,0,228,0,92,0,43,0,19,0,12,0,11,
0,83,255,70,255,255,255,225,0,225,252,61,6,230,255,125,249,142,189,1,1,0,251,0,228,0,92,0,42,0,17,0,12,0,10,
0,77,255,75,255,0,0,225,0,225,252,61,6,182,2,4,249,97,193,1,1,0,250,0,227,0,92,0,41,0,18,0,12,0,11,
0,79,255,87,255,251,255,225,0,225,252,61,6,194,1,142,248,240,186,1,1,0,249,0,227,0,92,0,41,0,19,0,13,0,11,
0,79,255,87,255,251,255,177,0,52,253,0,6,194,1,142,248,205,190,1,2,0,249,0,227,0,91,0,40,0,18,0,12,0,11,
0,39,255,76,255,251,255,177,0,52,253,0,6,173,0,134,249,205,190,1,2,0,249,0,228,0,91,0,40,0,17,0,12,0,11,
0,69,255,93,255,247,255,177,0,52,253,0,6,215,2,11,249,72,191,1,2,0,249,0,228,0,92,0,40,0,18,0,13,0,11,
0,88,255,81,255,232,255,177,0,52,253,0,6,122,0,133,249,46,189,1,2,0,249,0,228,0,92,0,40,0,18,0,13,0,11,
0,88,255,81,255,232,255,177,0,52,253,0,6,122,0,238,248,70,191,1,2,0,249,0,229,0,92,0,40,0,18,0,13,0,11,
0,112,255,85,255,211,255,177,0,52,253,0,6,192,2,238,248,70,191,1,3,0,249,0,230,0,91,0,39,0,17,0,12,0,11,
0,120,255,94,255,208,255,177,0,52,253,0,6,123,1,230,248,142,187,1,2,0,249,0,230,0,92,0,40,0,18,0,13,0,12,
0,120,255,94,255,179,255,177,0,52,253,0,6,104,0,31,250,139,192,1,3,0,249,0,230,0,92,0,39,0,17,0,13,0,11,
0,81,255,98,255,179,255,177,0,52,253,0,6,250,2,78,249,79,191,1,2,0,248,0,230,0,93,0,40,0,18,0,13,0,11,
0,100,255,118,255,166,255,177,0,52,253,0,6,250,2,78,249,115,187,1,2,0,248,0,231,0,93,0,40,0,18,0,13,0,11,
0,125,255,92,255,158,255,101,0,46,253,167,6,169,1,223,248,115,187,1,2,0,249,0,232,0,92,0,40,0,17,0,13,0,11,
0,125,255,92,255,158,255,101,0,46,253,167,6,91,0,220,249,22,192,1,3,0,249,0,232,0,93,0,39,0,17,0,13,0,11,
0,142,255,118,255,136,255,101,0,46,253,167,6,245,1,124,249,255,192,1,2,0,248,0,232,0,94,0,40,0,18,0,13,0,11,
0,122,255,153,255,159,255,101,0,46,253,167,6,252,1,192,248,255,188,1,2,0,248,0,233,0,93,0,40,0,18,0,13,0,11,
0,144,255,158,255,184,255,101,0,46,253,167,6,252,1,192,248,255,188,1,2,0,248,0,233,0,94,0,40,0,18,0,13,0,11,
0,144,255,158,255,184,255,101,0,46,253,167,6,40,1,103,249,51,191,1,2,0,248,0,233,0,93,0,40,0,17,0,12,0,11,
0,146,255,178,255,185,255,101,0,46,253,167,6,123,2,54,249,193,192,1,2,0,248,0,234,0,94,0,40,0,18,0,13,0,11,
0,174,255,210,255,180,255,101,0,46,253,167,6,108,1,50,249,215,189,1,3,0,249,0,234,0,94,0,39,0,17,0,12,0,11,
0,191,255,199,255,155,255,101,0,46,253,167,6,108,1,122,249,232,192,1,2,0,248,0,234,0,94,0,40,0,18,0,13,0,11,
0,191,255,199,255,155,255,101,0,46,253,167,6,244,1,122,249,232,192,1,3,0,248,0,235,0,94,0,40,0,18,0,13,0,11,
0,168,255,214,255,156,255,167,0,249,252,79,6,127,2,207,248,229,190,1,3,0,248,0,235,0,95,0,40,0,18,0,13,0,11,
0,144,255,208,255,157,255,167,0,249,252,79,6,121,2,232,248,5,191,1,3,0,248,0,235,0,95,0,40,0,18,0,13,0,11,
0,144,255,208,255,143,255,167,0,249,252,79,6,147,1,34,249,178,190,1,3,0,248,0,235,0,94,0,40,0,17,0,12,0,11,
0,170,255,195,255,143,255,167,0,249,252,79,6,147,1,34,249,178,192,1,3,0,248,0,235,0,95,0,40,0,18,0,13,0,11,
0,148,255,159,255,147,255,167,0,249,252,79,6,197,1,39,249,25,192,1,2,0,247,0,236,0,95,0,40,0,18,0,13,0,11,
0,127,255,171,255,146,255,167,0,249,252,79,6,26,2,167,248,176,191,1,3,0,248,0,236,0,95,0,40,0,17,0,13,0,11,
0,127,255,171,255,146,255,167,0,249,252,79,6,142,2,141,248,3,191,1,3,0,248,0,236,0,95,0,40,0,18,0,13,0,12,
0,116,255,202,255,167,255,167,0,249,252,79,6,142,2,142,248,215,190,1,3,0,247,0,236,0,95,0,40,0,17,0,13,0,11,
0,87,255,213,255,166,255,167,0,249,252,79,6,234,1,142,248,215,190,1,3,0,247,0,236,0,95,0,41,0,19,0,13,0,12,
0,119,255,253,255,182,255,167,0,249,252,79,6,243,1,190,248,211,192,1,3,0,247,0,236,0,95,0,40,0,18,0,13,0,12,
0,119,255,253,255,182,255,167,0,249,252,79,6,11,3,219,247,227,190,1,3,0,247,0,237,0,95,0,40,0,18,0,13,0,11,
0,100,255,3,0,182,255,224,0,48,253,177,5,128,1,98,248,243,190,1,3,0,247,0,237,0,95,0,40,0,18,0,13,0,11,
0,93,255,246,255,161,255,224,0,48,253,177,5,128,1,98,248,19,193,1,3,0,247,0,236,0,95,0,40,0,17,0,12,0,11,
0,72,255,246,255,159,255,224,0,48,253,177,5,136,1,167,248,19,193,1,3,0,246,0,236,0,96,0,41,0,18,0,13,0,11,
0,72,255,214,255,159,255,224,0,48,253,177,5,174,2,27,248,63,192,1,3,0,246,0,236,0,96,0,41,0,18,0,13,0,11,
0,65,255,229,255,137,255,224,0,48,253,177,5,142,2,191,247,210,190,1,3,0,246,0,236,0,95,0,40,0,18,0,12,0,11,
0,92,255,255,255,134,255,224,0,48,253,177,5,170,1,218,247,66,190,1,3,0,246,0,236,0,96,0,40,0,18,0,13,0,11,
0,92,255,255,255,112,255,224,0,48,253,177,5,170,1,218,247,66,190,1,3,0,246,0,236,0,95,0,40,0,17,0,12,0,11,
0,159,255,223,255,112,255,224,0,48,253,177,5,64,1,41,248,116,192,1,2,0,245,0,236,0,96,0,40,0,18,0,13,0,11,
0,161,255,224,255,112,255,224,0,48,253,177,5,56,2,238,247,99,193,1,2,0,245,0,236,0,95,0,40,0,18,0,13,0,11,
0,150,255,245,255,134,255,224,0,48,253,177,5,187,2,53,247,115,189,1,2,0,246,0,236,0,95,0,40,0,17,0,12,0,11,
0,150,255,245,255,134,255,211,0,225,252,224,6,187,2,53,247,162,191,1,1,0,245,0,235,0,95,0,40,0,18,0,13,0,11,
0,108,255,253,255,143,255,211,0,225,252,224,6,200,1,147,247,162,191,1,1,0,245,0,236,0,95,0,40,0,17,0,12,0,11,
0,122,255,236,255,164,255,211,0,225,252,224,6,100,1,164,247,254,192,1,1,0,244,0,235,0,95,0,40,0,18,0,13,0,11,
0,118,255,223,255,169,255,211,0,225,252,224,6,152,2,77,247,241,192,1,0,0,244,0,235,0,95,0,40,0,18,0,13,0,11,
0,118,255,223,255,169,255,211,0,225,252,224,6,144,2,134,246,137,190,1,0,0,244,0,236,0,95,0,40,0,17,0,13,0,11,
0,60,255,241,255,159,255,211,0,225,252,224,6,144,2,134,246,137,190,0,255,0,244,0,235,0,96,0,41,0,19,0,13,0,12,
0,41,255,242,255,164,255,211,0,225,252,224,6,48,1,250,246,106,190,1,0,0,244,0,235,0,95,0,40,0,18,0,13,0,11,
0,29,255,242,255,157,255,211,0,225,252,224,6,98,1,120,247,252,193,0,255,0,243,0,235,0,95,0,41,0,18,0,13,0,11,
0,29,255,211,255,157,255,211,0,225,252,224,6,183,3,33,246,29,191,0,254,0,243,0,235,0,95,0,41,0,19,0,13,0,12,
0,67,255,195,255,166,255,211,0,225,252,224,6,183,3,162,246,65,190,0,254,0,243,0,235,0,95,0,40,0,18,0,13,0,11,
0,73,255,212,255,176,255,148,0,29,253,228,5,230,0,162,246,65,190,0,254,0,243,0,235,0,95,0,40,0,18,0,12,0,11,
0,73,255,212,255,148,255,148,0,29,253,228,5,30,1,251,246,230,193,0,253,0,243,0,234,0,95,0,41,0,19,0,13,0,11,
0,44,255,202,255,148,255,148,0,29,253,228,5,47,3,72,246,58,192,0,252,0,242,0,234,0,95,0,40,0,18,0,13,0,11,
0,38,255,177,255,125,255,148,0,29,253,228,5,120,1,70,246,173,189,0,252,0,242,0,234,0,95,0,40,0,18,0,13,0,11,
0,27,255,167,255,102,255,148,0,29,253,228,5,120,1,70,246,249,192,0,252,0,243,0,234,0,94,0,40,0,17,0,12,0,11,
0,27,255,167,255,102,255,148,0,29,253,228,5,39,1,164,246,249,192,0,251,0,242,0,233,0,95,0,40,0,18,0,13,0,11,
0,17,255,198,255,108,255,148,0,29,253,228,5,198,1,141,246,141,192,0,251,0,243,0,233,0,94,0,40,0,17,0,12,0,11,
0,25,255,191,255,133,255,148,0,29,253,228,5,77,2,22,246,45,191,0,249,0,242,0,233,0,95,0,40,0,18,0,13,0,11,
0,22,255,163,255,114,255,148,0,29,253,228,5,77,2,30,246,217,189,0,249,0,242,0,232,0,95,0,40,0,18,0,13,0,11,
0,22,255,163,255,114,255,148,0,29,253,228,5,196,1,30,246,217,189,0,249,0,242,0,233,0,94,0,40,0,17,0,12,0,11,
0,239,254,176,255,105,255,151,0,48,253,171,6,38,1,127,246,187,191,0,249,0,242,0,232,0,94,0,40,0,17,0,12,0,11,
0,224,254,171,255,93,255,151,0,48,253,171,6,38,1,218,246,254,192,0,248,0,241,0,232,0,94,0,40,0,18,0,13,0,11,
0,215,254,171,255,82,255,151,0,48,253,171,6,25,2,150,246,232,192,0,247,0,241,0,232,0,94,0,35,0,17,0,13,0,12,
0,215,254,168,255,82,255,151,0,48,253,171,6,25,2,150,246,213,190,0,247,0,242,0,232,0,94,0,36,0,17,0,13,0,12,
0,255,254,172,255,77,255,151,0,48,253,171,6,115,2,12,246,213,190,0,247,0,242,0,232,0,93,0,36,0,16,0,13,0,11,
0,5,255,178,255,72,255,151,0,48,253,171,6,125,1,80,246,201,189,0,247,0,241,0,231,0,94,0,38,0,17,0,13,0,12,
0,5,255,178,255,92,255,151,0,48,253,171,6,84,0,174,246,139,191,0,247,0,242,0,231,0,93,0,38,0,17,0,12,0,11,
0,254,254,183,255,92,255,151,0,48,253,171,6,43,1,182,246,10,194,0,247,0,241,0,230,0,94,0,39,0,17,0,13,0,11,
0,254,254,208,255,65,255,151,0,48,253,171,6,43,1,182,246,10,194,0,246,0,241,0,230,0,94,0,39,0,18,0,13,0,12,
0,223,254,208,255,68,255,151,0,48,253,171,6,39,2,57,246,176,191,0,246,0,241,0,230,0,93,0,39,0,17,0,13,0,11,
0,223,254,208,255,68,255,151,0,48,252,201,6,48,2,25,246,35,190,0,246,0,241,0,230,0,93,0,39,0,17,0,13,0,12,
0,207,254,199,255,62,255,205,0,255,252,201,6,227,0,167,246,153,190,0,246,0,242,0,230,0,93,0,39,0,17,0,12,0,11,
0,226,254,209,255,47,255,205,0,255,252,201,6,227,0,31,247,29,193,0,246,0,241,0,229,0,93,0,39,0,18,0,13,0,11,
0,237,254,202,255,47,255,205,0,255,252,201,6,16,1,31,247,29,193,0,246,0,241,0,229,0,93,0,40,0,18,0,13,0,11,
0,237,254,202,255,47,255,205,0,255,252,201,6,159,2,189,246,10,193,0,246,0,242,0,229,0,92,0,39,0,17,0,12,0,11,
0,246,254,160,255,30,255,205,0,255,252,201,6,44,1,122,246,11,189,0,246,0,242,0,229,0,92,0,39,0,17,0,12,0,10,
0,205,254,154,255,33,255,205,0,255,252,201,6,80,0,173,247,121,192,0,246,0,242,0,229,0,93,0,39,0,18,0,13,0,11,
0,205,254,154,255,43,255,205,0,255,252,201,6,80,0,173,247,121,193,0,246,0,242,0,229,0,92,0,39,0,17,0,13,0,11,
0,205,254,157,255,43,255,205,0,255,252,201,6,230,1,48,247,146,193,0,246,0,242,0,229,0,92,0,39,0,18,0,13,0,11,
0,191,254,161,255,62,255,205,0,255,252,201,6,54,2,209,246,67,190,0,246,0,242,0,229,0,92,0,38,0,17,0,12,0,11,
0,182,254,179,255,68,255,205,0,255,252,201,6,20,1,203,246,189,189,0,246,0,242,0,229,0,92,0,39,0,17,0,13,0,11,
0,182,254,179,255,44,255,158,0,36,253,246,5,20,1,117,247,81,192,0,247,0,242,0,229,0,92,0,39,0,17,0,12,0,11,
0,205,254,167,255,44,255,158,0,36,253,246,5,18,1,117,247,81,192,0,246,0,242,0,229,0,92,0,39,0,17,0,13,0,11,
0,210,254,172,255,29,255,158,0,36,253,246,5,34,1,231,247,40,192,0,247,0,242,0,229,0,92,0,42,0,18,0,13,0,11,
0,199,254,185,255,5,255,158,0,36,253,246,5,208,1,144,247,33,192,0,247,0,242,0,230,0,92,0,42,0,18,0,12,0,11,
0,199,254,185,255,5,255,158,0,36,253,246,5,236,1,129,247,63,190,0,247,0,243,0,230,0,92,0,41,0,18,0,12,0,11,
0,179,254,178,255,242,254,158,0,36,253,246,5,236,1,129,247,218,189,0,247,0,242,0,229,0,93,0,41,0,19,0,13,0,11,
0,200,254,161,255,251,254,158,0,36,253,246,5,10,1,199,247,218,189,0,247,0,242,0,230,0,93,0,41,0,19,0,13,0,11,
0,207,254,140,255,4,255,158,0,36,253,246,5,7,1,112,248,228,191,0,247,0,242,0,230,0,93,0,41,0,19,0,13,0,11,
0,207,254,140,255,4,255,158,0,36,253,246,5,214,1,100,248,64,191,0,248,0,243,0,230,0,92,0,40,0,18,0,13,0,11,
0,229,254,148,255,17,255,158,0,36,253,246,5,214,2,22,248,230,190,0,248,0,243,0,230,0,93,0,40,0,19,0,13,0,12,
0,246,254,155,255,247,254,102,0,27,253,164,6,92,2,22,248,230,190,0,248,0,243,0,231,0,92,0,40,0,18,0,12,0,11,
0,246,255,155,255,247,254,102,0,27,253,164,6,238,1,40,248,210,190,0,248,0,243,0,231,0,93,0,40,0,18,0,13,0,12,
0,5,255,156,255,247,254,102,0,27,253,164,6,175,1,58,248,237,189,0,248,0,243,0,231,0,93,0,40,0,18,0,13,0,11,
0,1,255,136,255,19,255,102,0,27,253,164,6,188,1,216,248,103,192,0,249,0,243,0,232,0,93,0,40,0,17,0,12,0,11,
0,201,254,142,255,7,255,102,0,27,253,164,6,188,1,216,248,171,190,0,249,0,243,0,232,0,93,0,39,0,17,0,12,0,11,
0,201,254,142,255,8,255,102,0,27,253,164,6,171,2,90,248,171,190,0,249,0,243,0,232,0,94,0,40,0,18,0,13,0,11,
0,229,254,148,255,8,255,102,0,27,253,164,6,192,1,184,248,237,189,0,249,0,243,0,232,0,93,0,40,0,18,0,12,0,11,
0,6,255,139,255,8,255,102,0,27,253,164,6,202,1,159,248,22,190,0,249,0,243,0,233,0,93,0,40,0,18,0,13,0,11,
0,37,255,161,255,1,255,102,0,27,253,164,6,152,1,147,248,80,191,0,250,0,244,0,233,0,93,0,39,0,17,0,12,0,11,
0,37,255,161,255,1,255,102,0,27,253,164,6,152,1,147,248,80,191,0,250,0,244,0,233,0,94,0,40,0,18,0,13,0,11,
0,241,254,145,255,13,255,186,0,251,252,31,6,165,2,173,248,26,191,0,250,0,244,0,233,0,93,0,39,0,17,0,12,0,11,
0,230,254,122,255,255,254,186,0,251,252,31,6,242,1,174,248,187,190,0,250,0,244,0,233,0,94,0,40,0,18,0,13,0,11,
0,25,255,130,255,21,255,186,0,251,252,31,6,14,2,90,248,195,189,0,250,0,244,0,233,0,94,0,40,0,18,0,13,0,11,
0,25,255,130,255,21,255,186,0,251,252,31,6,14,2,206,248,80,191,0,251,0,244,0,234,0,94,0,40,0,18,0,12,0,11,
0,24,255,116,255,24,255,186,0,251,252,31,6,90,1,206,248,80,191,0,251,0,244,0,233,0,94,0,40,0,18,0,13,0,12,
0,47,255,130,255,7,255,186,0,251,252,31,6,189,1,182,248,182,190,0,251,0,244,0,234,0,94,0,40,0,17,0,12,0,11,
0,47,255,130,255,253,254,186,0,251,252,31,6,4,2,195,248,125,190,0,251,0,244,0,234,0,95,0,40,0,18,0,13,0,11,
0,50,255,155,255,253,254,186,0,251,252,31,6,78,2,107,248,165,189,0,251,0,244,0,233,0,95,0,40,0,18,0,13,0,11,
0,62,255,140,255,15,255,186,0,251,252,31,6,78,2,107,248,44,190,0,251,0,244,0,234,0,94,0,40,0,17,0,13,0,11,
0,48,255,143,255,59,255,186,0,251,252,31,6,213,1,90,248,44,190,0,251,0,245,0,234,0,94,0,40,0,17,0,12,0,11,
0,48,255,143,255,59,255,187,0,4,253,248,5,94,1,183,248,130,190,0,251,0,244,0,233,0,95,0,41,0,18,0,13,0,12,
0,23,255,159,255,60,255,187,0,4,253,248,5,26,1,48,248,94,191,0,251,0,244,0,233,0,95,0,40,0,18,0,13,0,11,
0,34,255,150,255,28,255,187,0,4,253,248,5,26,1,6,248,53,192,0,251,0,245,0,233,0,95,0,40,0,18,0,13,0,11,
0,13,255,140,255,50,255,187,0,4,253,248,5,200,1,6,248,53,192,0,251,0,245,0,233,0,94,0,40,0,17,0,12,0,11,
0,13,255,140,255,50,255,187,0,4,253,248,5,116,2,111,247,49,190,0,251,0,245,0,233,0,95,0,40,0,18,0,13,0,11,
0,16,255,108,255,62,255,187,0,4,253,248,5,62,1,187,247,111,189,0,251,0,245,0,233,0,94,0,40,0,17,0,12,0,11,
0,22,255,116,255,72,255,187,0,4,253,248,5,79,0,46,248,7,192,0,250,0,245,0,232,0,94,0,40,0,18,0,13,0,11,
0,34,255,118,255,86,255,187,0,4,253,248,5,79,0,46,248,82,193,0,250,0,245,0,232,0,94,0,40,0,18,0,13,0,11,
0,34,255,118,255,86,255,187,0,4,253,248,5,88,1,172,247,82,193,0,250,0,244,0,232,0,94,0,40,0,18,0,13,0,11,
0,80,255,121,255,85,255,187,0,4,253,248,5,110,2,41,247,229,189,0,250,0,244,0,232,0,94,0,40,0,18,0,13,0,11,
0,93,255,128,255,89,255,187,0,4,253,248,5,252,0,154,247,149,189,0,251,0,245,0,232,0,93,0,40,0,17,0,12,0,11,
0,93,255,128,255,85,255,175,0,243,252,183,5,86,0,128,247,91,191,0,250,0,244,0,230,0,94,0,40,0,18,0,13,0,11,
0,99,255,106,255,85,255,175,0,243,252,183,5,86,0,128,247,91,191,0,250,0,244,0,230,0,94,0,40,0,18,0,13,0,11,
0,81,255,118,255,97,255,175,0,243,252,183,5,36,1,129,247,219,192,0,250,0,245,0,230,0,93,0,40,0,17,0,13,0,12,
0,65,255,132,255,109,255,175,0,243,252,183,5,118,2,56,247,62,191,0,249,0,244,0,229,0,93,0,40,0,18,0,13,0,12,
0,65,255,132,255,109,255,175,0,243,252,183,5,88,1,11,247,91,188,0,250,0,244,0,229,0,93,0,40,0,17,0,13,0,11,
0,77,255,107,255,77,255,175,0,243,252,183,5,88,1,11,247,193,190,0,249,0,244,0,228,0,93,0,40,0,18,0,13,0,11,
0,76,255,114,255,66,255,175,0,243,252,183,5,221,255,92,247,193,190,0,249,0,244,0,228,0,93,0,40,0,18,0,13,0,11,
0,54,255,89,255,54,255,175,0,243,252,183,5,158,0,169,247,244,193,0,250,0,244,0,228,0,92,0,39,0,17,0,13,0,11,
0,54,255,89,255,54,255,175,0,243,252,183,5,44,2,194,246,221,189,0,250,0,243,0,227,0,93,0,40,0,18,0,13,0,11,
0,50,255,73,255,82,255,175,0,243,252,183,5,139,0,37,247,179,188,0,250,0,243,0,227,0,92,0,39,0,17,0,12,0,11,
0,53,255,64,255,66,255,192,0,8,253,114,6,139,0,37,247,179,188,0,250,0,243,0,226,0,92,0,39,0,18,0,13,0,11,
0,63,255,77,255,27,255,192,0,8,253,114,6,43,0,171,247,93,191,0,250,0,242,0,225,0,92,0,39,0,18,0,13,0,11,
0,63,255,77,255,27,255,192,0,8,253,114,6,182,1,11,247,179,192,0,250,0,242,0,225,0,91,0,38,0,17,0,12,0,11,
0,71,255,104,255,42,255,192,0,8,253,114,6,245,0,219,246,85,189,0,251,0,242,0,225,0,91,0,38,0,17,0,12,0,11,
0,68,255,84,255,55,255,192,0,8,253,114,6,245,0,89,247,173,190,0,251,0,241,0,224,0,91,0,39,0,18,0,13,0,11,
0,68,255,84,255,45,255,192,0,8,253,114,6,232,255,89,247,173,190,0,251,0,241,0,223,0,91,0,38,0,19,0,13,0,11,
0,19,255,77,255,45,255,192,0,8,253,114,6,77,1,78,247,0,191,0,251,0,240,0,223,0,90,0,38,0,19,0,13,0,11,
0,251,254,69,255,54,255,192,0,8,253,114,6,97,0,90,247,103,189,0,251,0,240,0,223,0,89,0,38,0,18,0,12,0,11,
0,38,255,76,255,49,255,192,0,8,253,114,6,61,0,157,247,132,191,0,251,0,240,0,223,0,90,0,38,0,19,0,13,0,11,
0,38,255,76,255,49,255,192,0,8,253,114,6,61,0,157,247,61,190,0,252,0,240,0,222,0,89,0,38,0,18,0,13,0,11,
0,63,255,71,255,53,255,171,0,61,253,162,5,16,1,97,247,61,190,0,251,0,239,0,222,0,90,0,38,0,18,0,13,0,11,
0,78,255,60,255,51,255,171,0,61,253,162,5,226,0,191,247,65,190,0,252,0,239,0,221,0,89,0,38,0,18,0,13,0,11,
0,86,255,72,255,54,255,171,0,61,253,162,5,121,255,64,248,197,189,0,252,0,239,0,221,0,89,0,37,0,17,0,12,0,11,
0,86,255,72,255,54,255,171,0,61,253,162,5,121,1,229,247,139,191,0,252,0,238,0,221,0,89,0,38,0,18,0,13,0,12,
0,102,255,59,255,60,255,171,0,61,253,162,5,187,1,229,247,139,191,0,253,0,238,0,221,0,88,0,37,0,17,0,13,0,11,
0,98,255,47,255,39,255,171,0,61,253,162,5,160,0,106,247,93,186,0,252,0,238,0,220,0,89,0,38,0,18,0,13,0,11,
0,74,255,39,255,45,255,171,0,61,253,162,5,249,254,130,248,56,190,0,253,0,237,0,220,0,89,0,38,0,18,0,13,0,11,
0,74,255,39,255,45,255,171,0,61,253,162,5,91,0,69,248,103,192,0,254,0,238,0,220,0,88,0,37,0,17,0,13,0,11,
0,87,255,14,255,52,255,171,0,61,253,162,5,91,0,69,248,150,189,0,253,0,237,0,219,0,88,0,38,0,18,0,13,0,11,
0,73,255,24,255,57,255,171,0,61,253,162,5,247,0,51,248,150,189,0,254,0,237,0,219,0,87,0,32,0,16,0,13,0,11,
0,73,255,24,255,70,255,169,0,246,252,141,6,199,0,47,248,137,188,0,254,0,237,0,218,0,87,0,33,0,17,0,13,0,11,
0,64,255,34,255,70,255,169,0,246,252,141,6,186,0,174,248,61,190,0,254,0,236,0,218,0,87,0,34,0,17,0,13,0,11,
0,60,255,20,255,81,255,169,0,246,252,141,6,225,0,143,248,129,189,0,255,0,236,0,218,0,87,0,35,0,17,0,13,0,11,
0,67,255,21,255,76,255,169,0,246,252,141,6,225,0,143,248,129,189,0,255,0,236,0,217,0,87,0,35,0,17,0,13,0,11,
0,67,255,21,255,76,255,169,0,246,252,141,6,50,0,141,248,64,189,1,0,0,236,0,218,0,86,0,35,0,16,0,12,0,11,
0,95,255,14,255,71,255,169,0,246,252,141,6,159,0,250,248,16,191,1,0,0,236,0,217,0,87,0,36,0,17,0,12,0,11,
0,95,255,13,255,56,255,169,0,246,252,141,6,3,1,146,248,19,190,1,0,0,236,0,217,0,87,0,36,0,18,0,13,0,11,
0,75,255,34,255,43,255,169,0,246,252,141,6,3,1,208,248,129,188,1,1,0,236,0,217,0,86,0,36,0,17,0,12,0,11,
0,75,255,34,255,43,255,169,0,246,252,141,6,39,0,208,248,129,188,1,1,0,236,0,217,0,86,0,35,0,17,0,12,0,11,
0,111,255,60,255,30,255,169,0,246,252,141,6,251,255,69,249,221,190,1,2,0,236,0,216,0,87,0,37,0,17,0,13,0,11,
0,109,255,72,255,27,255,169,0,246,252,141,6,223,0,13,249,202,190,1,2,0,236,0,216,0,86,0,36,0,17,0,13,0,11,
0,136,255,63,255,6,255,108,0,50,253,90,6,18,1,190,248,195,188,1,3,0,236,0,216,0,86,0,36,0,17,0,13,0,11,
0,136,255,63,255,6,255,108,0,50,253,90,6,18,1,190,248,118,190,1,4,0,236,0,217,0,86,0,36,0,17,0,12,0,11,
0,132,255,33,255,17,255,108,0,50,253,90,6,206,255,92,249,118,190,1,4,0,237,0,217,0,86,0,36,0,17,0,12,0,11,
0,152,255,36,255,24,255,108,0,50,253,90,6,238,0,139,249,160,191,1,4,0,236,0,216,0,87,0,37,0,18,0,13,0,12,
0,152,255,36,255,19,255,108,0,50,253,90,6,186,0,182,248,90,189,1,4,0,236,0,217,0,87,0,36,0,17,0,13,0,11,
0,153,255,54,255,19,255,108,0,50,253,90,6,186,0,228,248,153,188,1,5,0,236,0,217,0,87,0,36,0,18,0,13,0,11,
0,151,255,80,255,25,255,108,0,50,253,90,6,251,255,228,248,153,188,1,6,0,237,0,218,0,86,0,36,0,17,0,12,0,11,
0,157,255,31,255,18,255,108,0,50,253,90,6,207,255,85,249,87,191,1,6,0,237,0,218,0,86,0,36,0,17,0,12,0,11,
0,157,255,31,255,18,255,108,0,50,253,90,6,105,1,84,249,167,191,1,6,0,237,0,218,0,87,0,36,0,18,0,13,0,11,
0,169,255,35,255,18,255,108,0,50,253,90,6,7,1,210,248,201,187,1,7,0,237,0,218,0,87,0,40,0,18,0,13,0,11,
0,153,255,76,255,22,255,84,0,19,253,150,6,7,1,210,248,167,189,1,8,0,237,0,219,0,87,0,40,0,18,0,12,0,11,
0,183,255,93,255,9,255,84,0,19,253,150,6,210,255,55,249,167,189,1,8,0,237,0,220,0,87,0,39,0,18,0,12,0,10,
0,183,255,93,255,9,255,84,0,19,253,150,6,205,255,77,249,154,191,1,8,0,238,0,220,0,87,0,38,0,18,0,12,0,10,
0,178,255,80,255,19,255,84,0,19,253,150,6,49,1,70,249,115,191,1,8,0,237,0,220,0,87,0,38,0,19,0,13,0,11,
0,179,255,91,255,59,255,84,0,19,253,150,6,159,1,174,248,144,188,1,8,0,238,0,221,0,88,0,38,0,18,0,12,0,11,
0,190,255,91,255,67,255,84,0,19,253,150,6,159,1,174,248,144,188,1,8,0,238,0,222,0,88,0,38,0,18,0,13,0,11,
0,190,255,114,255,67,255,84,0,19,253,150,6,111,255,120,249,162,189,1,9,0,238,0,223,0,87,0,37,0,17,0,12,0,11,
0,163,255,138,255,52,255,84,0,19,253,150,6,100,0,154,249,149,193,1,8,0,238,0,224,0,88,0,38,0,16,0,13,0,11,
0,161,255,147,255,54,255,84,0,19,253,150,6,47,1,159,248,202,189,1,9,0,239,0,225,0,88,0,37,0,16,0,12,0,11,
0,161,255,147,255,46,255,84,0,19,253,150,6,47,1,159,248,173,188,1,9,0,239,0,226,0,89,0,37,0,16,0,12,0,11,
0,159,255,155,255,46,255,176,0,8,253,242,6,154,0,155,248,173,188,1,8,0,239,0,226,0,90,0,38,0,17,0,13,0,11,
0,187,255,156,255,51,255,176,0,8,253,242,6,143,255,253,248,164,190,1,9,0,239,0,228,0,89,0,37,0,17,0,12,0,11,
0,197,255,180,255,29,255,176,0,8,253,242,6,238,0,242,248,143,193,1,9,0,240,0,229,0,90,0,38,0,16,0,12,0,11,
0,197,255,180,255,29,255,176,0,8,253,242,6,140,1,40,248,44,189,1,8,0,240,0,230,0,91,0,39,0,17,0,13,0,11,
0,199,255,201,255,33,255,176,0,8,253,242,6,140,1,40,248,44,189,1,8,0,240,0,230,0,91,0,38,0,17,0,13,0,11,
0,181,255,213,255,46,255,176,0,8,253,242,6,126,0,163,248,3,189,1,8,0,241,0,232,0,92,0,39,0,17,0,13,0,11,
0,177,255,240,255,70,255,176,0,8,253,242,6,247,255,45,249,161,191,1,8,0,241,0,232,0,92,0,38,0,17,0,12,0,11,
0,177,255,240,255,70,255,176,0,8,253,242,6,183,1,166,248,157,192,1,8,0,241,0,232,0,92,0,39,0,18,0,13,0,12,
0,193,255,240,255,83,255,176,0,8,253,242,6,183,1,235,247,142,189,1,8,0,242,0,233,0,93,0,38,0,17,0,12,0,11,
0,205,255,245,255,99,255,176,0,8,253,242,6,1,2,235,247,142,189,1,8,0,242,0,233,0,93,0,39,0,17,0,13,0,11,
0,184,255,245,255,107,255,186,0,20,253,113,6,16,1,104,248,219,188,1,7,0,242,0,234,0,93,0,40,0,18,0,13,0,11,
0,184,255,244,255,107,255,186,0,20,253,113,6,120,0,180,248,187,190,1,8,0,243,0,235,0,93,0,39,0,17,0,12,0,11,
0,195,255,20,0,123,255,186,0,20,253,113,6,250,0,163,248,104,193,1,7,0,244,0,236,0,94,0,39,0,17,0,12,0,11,
0,177,255,34,0,147,255,186,0,20,253,113,6,250,0,163,248,134,190,1,6,0,244,0,237,0,95,0,40,0,18,0,13,0,11,
0,177,255,34,0,167,255,186,0,20,253,113,6,64,2,214,247,134,190,1,6,0,244,0,237,0,95,0,40,0,17,0,12,0,11,
0,212,255,16,0,167,255,186,0,20,253,113,6,182,1,181,247,76,188,1,5,0,245,0,238,0,95,0,40,0,18,0,13,0,11,
0,194,255,40,0,173,255,186,0,20,253,113,6,104,0,27,248,91,189,1,5,0,246,0,238,0,95,0,40,0,17,0,12,0,11,
0,173,255,34,0,150,255,186,0,20,253,113,6,104,0,93,248,55,193,1,5,0,246,0,239,0,95,0,40,0,19,0,13,0,11,
0,173,255,34,0,150,255,186,0,20,253,113,6,216,0,93,248,55,193,1,5,0,247,0,239,0,96,0,40,0,17,0,12,0,11,
0,139,255,253,255,109,255,186,0,20,253,113,6,117,2,123,247,55,191,1,4,0,247,0,239,0,96,0,40,0,18,0,13,0,11,
0,152,255,254,255,104,255,186,0,20,253,113,6,158,1,105,247,109,187,1,4,0,248,0,240,0,96,0,40,0,20,0,13,0,11,
0,185,255,1,0,142,255,224,0,9,253,49,7,185,0,237,247,35,191,1,4,0,250,0,241,0,96,0,40,0,19,0,13,0,11,
0,185,255,1,0,142,255,224,0,9,253,49,7,185,0,237,247,42,193,1,3,0,249,0,241,0,97,0,41,0,20,0,13,0,11,
0,158,255,20,0,139,255,224,0,9,253,49,7,110,1,155,247,42,193,1,3,0,250,0,241,0,97,0,40,0,19,0,13,0,11,
0,153,255,10,0,128,255,224,0,9,253,49,7,205,2,100,247,128,191,1,3,0,250,0,241,0,98,0,41,0,20,0,14,0,12,
0,181,255,10,0,139,255,224,0,9,253,49,7,126,1,10,247,126,188,1,2,0,251,0,241,0,98,0,41,0,20,0,13,0,11,
0,181,255,10,0,139,255,224,0,9,253,49,7,32,1,130,247,209,190,1,2,0,252,0,242,0,97,0,41,0,19,0,13,0,11,
0,183,255,30,0,141,255,224,0,9,253,49,7,32,1,130,247,209,190,1,3,0,252,0,242,0,98,0,41,0,19,0,13,0,11,
0,162,255,15,0,114,255,224,0,9,253,49,7,232,1,144,247,248,191,1,2,0,252,0,241,0,98,0,42,0,20,0,14,0,12,
0,162,255,15,0,109,255,224,0,9,253,49,7,174,2,130,247,161,191,1,2,0,252,0,242,0,98,0,41,0,19,0,13,0,11,
0,147,255,31,0,109,255,224,0,9,253,49,7,242,2,34,247,66,189,1,2,0,253,0,241,0,98,0,41,0,20,0,13,0,11,
0,176,255,51,0,140,255,172,0,36,253,68,6,242,2,112,247,50,191,1,2,0,254,0,242,0,98,0,41,0,19,0,13,0,11,
0,209,255,36,0,142,255,172,0,36,253,68,6,64,2,112,247,50,191,1,2,0,254,0,241,0,98,0,41,0,20,0,13,0,11,
0,209,255,36,0,142,255,172,0,36,253,68,6,88,2,84,247,90,190,1,2,0,254,0,241,0,98,0,41,0,18,0,13,0,11,
0,17,0,31,0,174,255,172,0,36,253,68,6,251,1,60,247,150,190,1,2,0,254,0,241,0,98,0,41,0,19,0,13,0,11,
0,252,255,24,0,173,255,172,0,36,253,68,6,153,2,99,247,112,191,1,1,0,254,0,241,0,98,0,42,0,20,0,13,0,11,
0,219,255,49,0,178,255,172,0,36,253,68,6,153,2,99,247,112,190,1,1,0,254,0,240,0,98,0,41,0,20,0,13,0,11,
0,219,255,49,0,178,255,172,0,36,253,68,6,210,2,43,247,95,190,1,1,0,254,0,240,0,98,0,41,0,20,0,13,0,11,
0,199,255,40,0,222,255,172,0,36,253,68,6,206,2,242,246,90,189,1,2,0,254,0,241,0,97,0,41,0,18,0,13,0,11,
0,159,255,251,255,184,255,172,0,36,253,68,6,0,2,251,246,20,190,1,2,0,254,0,239,0,97,0,41,0,17,0,13,0,11,
0,159,255,251,255,180,255,172,0,36,253,68,6,0,2,104,247,174,191,1,3,0,254,0,239,0,97,0,41,0,17,0,12,0,11,
0,176,255,250,255,180,255,155,0,56,253,21,6,102,2,104,247,174,191,1,3,0,254,0,239,0,97,0,41,0,18,0,13,0,11,
0,127,255,239,255,178,255,155,0,56,253,21,6,99,2,58,247,39,191,1,3,0,254,0,239,0,97,0,41,0,19,0,13,0,12,
0,96,255,247,255,161,255,155,0,56,253,21,6,111,2,43,247,181,189,1,3,0,254,0,239,0,97,0,41,0,18,0,13,0,11,
0,96,255,247,255,151,255,155,0,56,253,21,6,4,2,234,246,156,189,1,3,0,254,0,238,0,98,0,42,0,19,0,13,0,12,
0,117,255,2,0,151,255,155,0,56,253,21,6,4,2,234,246,242,190,1,3,0,254,0,238,0,97,0,41,0,19,0,13,0,11,
0,117,255,15,0,159,255,155,0,56,253,21,6,164,1,219,247,242,190,1,4,0,254,0,238,0,97,0,41,0,18,0,13,0,11,
0,120,255,20,0,150,255,155,0,56,253,21,6,52,2,75,247,92,190,1,4,0,254,0,238,0,96,0,41,0,18,0,13,0,11,
0,120,255,20,0,150,255,155,0,56,253,21,6,104,2,67,247,213,189,1,4,0,253,0,236,0,97,0,41,0,19,0,13,0,12,
0,153,255,25,0,180,255,155,0,56,253,21,6,104,2,228,246,162,189,1,4,0,253,0,236,0,96,0,41,0,19,0,13,0,11,
0,120,255,15,0,202,255,155,0,56,253,21,6,27,2,228,246,162,189,1,5,0,253,0,236,0,96,0,41,0,19,0,13,0,11,
0,122,255,245,255,193,255,150,0,20,253,139,6,6,2,60,247,191,189,1,5,0,253,0,236,0,96,0,40,0,18,0,12,0,11,
0,122,255,245,255,193,255,150,0,20,253,139,6,165,1,71,247,32,190,1,5,0,253,0,235,0,96,0,41,0,19,0,13,0,11,
0,99,255,208,255,156,255,150,0,20,253,139,6,233,1,132,247,148,192,1,6,0,253,0,235,0,95,0,40,0,18,0,12,0,11,
0,70,255,185,255,166,255,150,0,20,253,139,6,233,1,132,247,38,190,1,6,0,252,0,234,0,95,0,40,0,18,0,12,0,11,
0,70,255,185,255,158,255,150,0,20,253,139,6,234,2,53,247,38,190,1,6,0,252,0,233,0,95,0,40,0,19,0,13,0,11,
0,89,255,209,255,158,255,150,0,20,253,139,6,43,2,190,246,45,187,1,8,0,252,0,233,0,95,0,40,0,17,0,12,0,11,
0,80,255,227,255,162,255,150,0,20,253,139,6,15,1,131,247,230,189,1,8,0,252,0,233,0,94,0,35,0,17,0,13,0,11,
0,55,255,207,255,155,255,150,0,20,253,139,6,123,1,219,247,13,192,1,8,0,252,0,232,0,95,0,36,0,17,0,13,0,12,
0,55,255,207,255,188,255,150,0,20,253,139,6,123,1,219,247,13,192,1,8,0,252,0,232,0,94,0,37,0,17,0,13,0,11,
0,56,255,201,255,188,255,150,0,20,253,139,6,50,3,126,247,19,190,1,8,0,252,0,232,0,94,0,38,0,17,0,13,0,11,
0,77,255,223,255,192,255,150,0,75,253,69,5,245,1,77,247,215,187,1,9,0,252,0,232,0,94,0,38,0,17,0,13,0,11,
0,83,255,214,255,162,255,126,0,75,253,69,5,176,0,210,247,141,189,1,9,0,252,0,232,0,94,0,39,0,18,0,13,0,12,
0,83,255,214,255,162,255,126,0,75,253,69,5,176,0,255,247,99,192,1,10,0,252,0,232,0,94,0,39,0,17,0,13,0,11,
0,84,255,228,255,136,255,126,0,75,253,69,5,203,1,255,247,99,192,1,10,0,252,0,231,0,94,0,40,0,17,0,12,0,11,
0,84,255,205,255,141,255,126,0,75,253,69,5,220,2,46,247,235,187,1,10,0,252,0,231,0,94,0,40,0,18,0,13,0,12,
0,60,255,193,255,137,255,126,0,75,253,69,5,25,1,191,247,64,189,1,11,0,252,0,232,0,94,0,39,0,17,0,12,0,11,
0,60,255,193,255,137,255,126,0,75,253,69,5,19,2,245,247,184,191,1,11,0,252,0,231,0,94,0,40,0,18,0,13,0,12,
0,34,255,191,255,128,255,126,0,75,253,69,5,19,2,245,247,232,188,1,12,0,252,0,232,0,93,0,39,0,17,0,12,0,11,
0,13,255,188,255,119,255,126,0,75,253,69,5,64,2,84,247,232,188,1,13,0,251,0,231,0,94,0,40,0,18,0,13,0,11,
0,13,255,188,255,128,255,126,0,75,253,69,5,87,1,159,247,111,190,1,14,0,251,0,232,0,94,0,40,0,17,0,13,0,11,
0,19,255,186,255,128,255,126,0,75,253,69,5,116,2,196,247,126,191,1,14,0,252,0,232,0,93,0,40,0,17,0,12,0,11,
0,30,255,212,255,125,255,151,0,39,253,218,6,116,2,152,247,60,190,1,15,0,252,0,232,0,94,0,40,0,18,0,13,0,11,
0,60,255,217,255,122,255,151,0,39,253,218,6,33,2,152,247,60,190,1,16,0,252,0,233,0,93,0,39,0,17,0,12,0,11,
0,60,255,217,255,122,255,151,0,39,253,218,6,93,1,157,247,101,189,1,16,0,252,0,233,0,94,0,40,0,17,0,12,0,11,
0,72,255,188,255,123,255,151,0,39,253,218,6,192,1,197,247,132,190,1,17,0,252,0,233,0,94,0,39,0,17,0,12,0,11,
0,46,255,188,255,119,255,151,0,39,253,218,6,236,2,171,247,132,190,1,17,0,252,0,233,0,94,0,40,0,17,0,12,0,11,
0,28,255,231,255,111,255,151,0,39,253,218,6,236,2,171,247,79,188,1,17,0,252,0,234,0,94,0,40,0,18,0,13,0,11,
0,28,255,231,255,111,255,151,0,39,253,218,6,106,2,58,247,79,188,1,18,0,252,0,235,0,94,0,43,0,18,0,12,0,11,
0,41,255,239,255,100,255,151,0,39,253,218,6,66,1,230,247,45,191,1,17,0,252,0,235,0,95,0,43,0,19,0,12,0,10,
0,45,255,243,255,101,255,151,0,39,253,218,6,172,3,124,247,78,191,1,18,0,253,0,235,0,94,0,42,0,18,0,12,0,11,
0,47,255,241,255,129,255,151,0,39,253,218,6,76,2,21,247,86,187,1,19,0,252,0,236,0,95,0,42,0,18,0,13,0,11,
0,47,255,241,255,129,255,96,0,130,253,232,5,76,2,21,247,86,187,1,19,0,253,0,236,0,95,0,41,0,18,0,13,0,11,
0,63,255,202,255,122,255,96,0,130,253,232,5,102,1,154,247,234,190,1,19,0,252,0,237,0,96,0,42,0,19,0,13,0,12,
0,62,255,190,255,119,255,96,0,130,253,232,5,11,2,104,247,106,192,1,19,0,252,0,237,0,95,0,41,0,19,0,13,0,11,
0,62,255,190,255,129,255,96,0,130,253,232,5,53,4,188,246,147,190,1,19,0,252,0,237,0,96,0,41,0,19,0,13,0,11,
0,44,255,196,255,129,255,96,0,130,253,232,5,53,4,66,247,42,188,1,20,0,252,0,238,0,95,0,41,0,18,0,13,0,11,
0,43,255,195,255,128,255,96,0,130,253,232,5,194,1,66,247,42,188,1,20,0,253,0,238,0,96,0,41,0,18,0,13,0,11,
0,30,255,201,255,132,255,96,0,130,253,232,5,155,1,220,247,155,192,1,20,0,252,0,238,0,96,0,41,0,19,0,13,0,12,
0,30,255,201,255,132,255,96,0,130,253,232,5,5,4,223,246,158,190,1,20,0,252,0,239,0,96,0,41,0,18,0,13,0,11,
0,24,255,199,255,104,255,96,0,130,253,232,5,245,1,242,246,109,189,1,20,0,252,0,239,0,97,0,41,0,18,0,13,0,11,
0,26,255,210,255,113,255,96,0,130,253,232,5,245,1,242,246,109,190,1,20,0,253,0,239,0,96,0,40,0,18,0,12,0,11,
0,28,255,225,255,98,255,114,0,74,253,68,6,235,1,142,247,250,190,1,20,0,252,0,239,0,97,0,41,0,19,0,13,0,11,
0,28,255,225,255,98,255,114,0,74,253,68,6,30,3,73,247,182,192,1,20,0,253,0,240,0,96,0,40,0,19,0,13,0,11,
0,31,255,212,255,75,255,114,0,74,253,68,6,11,3,180,246,50,189,1,20,0,252,0,239,0,97,0,41,0,18,0,12,0,11,
0,75,255,221,255,58,255,114,0,74,253,68,6,11,3,213,246,153,189,1,20,0,253,0,239,0,97,0,41,0,18,0,13,0,11,
0,63,255,224,255,56,255,114,0,74,253,68,6,236,1,213,246,153,189,1,20,0,253,0,240,0,97,0,40,0,19,0,13,0,11,
0,63,255,224,255,56,255,114,0,74,253,68,6,57,2,24,247,67,191,1,20,0,253,0,241,0,97,0,40,0,19,0,13,0,11,
0,27,255,228,255,65,255,114,0,74,253,68,6,10,3,188,246,227,191,1,19,0,253,0,241,0,97,0,41,0,20,0,14,0,11,
0,255,254,208,255,54,255,114,0,74,253,68,6,230,2,188,246,67,190,1,18,0,253,0,241,0,97,0,41,0,19,0,13,0,11,
0,255,254,208,255,44,255,114,0,74,253,68,6,230,2,188,246,91,190,1,18,0,253,0,241,0,98,0,41,0,19,0,13,0,11,
0,0,255,197,255,44,255,114,0,74,253,68,6,90,2,227,246,91,190,1,18,0,254,0,242,0,98,0,41,0,19,0,13,0,11,
0,30,255,205,255,33,255,154,0,229,252,108,6,59,3,157,246,40,191,1,17,0,253,0,241,0,98,0,41,0,20,0,14,0,12,
0,8,255,177,255,53,255,154,0,229,252,108,6,173,3,156,246,87,191,1,18,0,254,0,241,0,98,0,41,0,19,0,13,0,11,
0,8,255,177,255,53,255,154,0,229,252,108,6,6,3,92,246,253,189,1,17,0,253,0,241,0,98,0,42,0,20,0,13,0,11,
0,215,254,180,255,76,255,154,0,229,252,108,6,6,3,92,246,253,189,1,17,0,253,0,241,0,99,0,42,0,20,0,14,0,12,
0,226,254,183,255,77,255,154,0,229,252,108,6,7,3,170,246,69,192,1,17,0,254,0,242,0,98,0,41,0,19,0,13,0,11,
0,204,254,189,255,79,255,154,0,229,252,108,6,180,3,46,246,86,189,1,16,0,253,0,242,0,99,0,42,0,20,0,14,0,12,
0,204,254,189,255,79,255,154,0,229,252,108,6,212,2,99,246,203,189,1,16,0,254,0,243,0,98,0,41,0,19,0,13,0,11,
0,202,254,183,255,66,255,154,0,229,252,108,6,212,2,99,246,225,190,1,16,0,253,0,242,0,99,0,42,0,20,0,14,0,12,
0,225,254,179,255,57,255,154,0,229,252,108,6,241,2,122,246,225,190,1,15,0,253,0,242,0,99,0,42,0,19,0,13,0,11,
0,248,254,176,255,22,255,154,0,229,252,108,6,55,3,75,246,135,191,1,15,0,253,0,242,0,98,0,41,0,19,0,13,0,11,
0,248,254,176,255,22,255,154,0,229,252,108,6,69,3,30,246,188,190,1,15,0,253,0,241,0,98,0,41,0,19,0,13,0,11,
0,2,255,144,255,13,255,174,0,82,253,45,6,85,3,217,245,195,190,1,14,0,252,0,241,0,98,0,42,0,20,0,13,0,11,
0,7,255,113,255,23,255,174,0,82,253,45,6,85,3,217,245,195,190,1,14,0,253,0,241,0,98,0,41,0,19,0,12,0,11,
0,7,255,113,255,67,255,174,0,82,253,45,6,216,2,64,246,191,190,1,13,0,252,0,240,0,98,0,41,0,19,0,13,0,11,
0,25,255,120,255,67,255,174,0,82,253,45,6,249,3,63,246,166,191,1,13,0,252,0,240,0,97,0,41,0,18,0,13,0,11,
0,219,254,80,255,62,255,174,0,82,253,45,6,10,4,234,245,6,189,1,12,0,252,0,239,0,98,0,41,0,18,0,13,0,11,
0,192,254,77,255,26,255,174,0,82,253,45,6,10,4,10,246,45,189,1,12,0,252,0,240,0,97,0,41,0,19,0,13,0,11,
0,192,254,77,255,26,255,174,0,82,253,45,6,247,2,10,246,45,189,1,11,0,252,0,239,0,98,0,42,0,18,0,13,0,11,
0,175,254,59,255,35,255,174,0,82,253,45,6,78,3,10,246,143,191,1,11,0,251,0,239,0,98,0,41,0,19,0,13,0,11,
0,179,254,70,255,19,255,174,0,82,253,45,6,232,3,226,245,43,191,1,11,0,252,0,238,0,97,0,41,0,17,0,13,0,11,
0,180,254,63,255,46,255,174,0,82,253,45,6,52,4,184,245,4,190,1,11,0,252,0,238,0,97,0,41,0,18,0,12,0,11,
0,180,254,63,255,46,255,128,0,58,253,54,6,52,4,184,245,110,190,1,9,0,251,0,237,0,97,0,42,0,19,0,13,0,12,
0,174,254,52,255,56,255,128,0,58,253,54,6,112,3,173,245,110,190,1,9,0,251,0,237,0,97,0,41,0,18,0,13,0,11,
0,183,254,37,255,30,255,128,0,58,253,54,6,212,2,51,246,209,190,1,9,0,251,0,236,0,97,0,41,0,19,0,13,0,11,
0,164,254,24,255,27,255,128,0,58,253,54,6,1,4,16,246,70,191,1,9,0,251,0,236,0,96,0,41,0,18,0,13,0,11,
0,164,254,24,255,27,255,128,0,58,253,54,6,1,4,170,245,206,188,1,8,0,251,0,235,0,96,0,41,0,19,0,13,0,11,
0,149,254,40,255,24,255,128,0,58,253,54,6,7,4,170,245,206,188,1,8,0,251,0,235,0,96,0,41,0,18,0,12,0,11,
0,140,254,31,255,14,255,128,0,58,253,54,6,169,2,103,246,93,190,1,8,0,250,0,235,0,96,0,41,0,18,0,13,0,11,
0,140,254,31,255,8,255,128,0,58,253,54,6,88,3,154,246,90,192,1,7,0,249,0,234,0,96,0,41,0,19,0,13,0,11,
0,165,254,11,255,8,255,128,0,58,253,54,6,225,4,143,245,203,188,1,7,0,249,0,234,0,95,0,40,0,18,0,13,0,11,
0,127,254,31,255,6,255,128,0,58,253,54,6,225,4,143,245,23,189,1,7,0,249,0,233,0,95,0,41,0,18,0,13,0,11,
0,82,254,30,255,5,255,165,0,47,253,211,5,121,2,64,246,23,189,1,8,0,249,0,233,0,94,0,40,0,17,0,12,0,11,
0,82,254,30,255,5,255,165,0,47,253,211,5,107,2,27,247,137,192,1,7,0,248,0,232,0,94,0,40,0,18,0,12,0,10,
0,69,254,27,255,254,254,165,0,47,253,211,5,0,4,162,246,220,191,1,7,0,248,0,232,0,94,0,40,0,18,0,13,0,11,
0,84,254,11,255,20,255,165,0,47,253,211,5,116,3,12,246,149,187,1,8,0,247,0,232,0,94,0,40,0,17,0,12,0,11,
0,97,254,13,255,16,255,165,0,47,253,211,5,116,3,12,246,149,187,1,7,0,247,0,231,0,94,0,40,0,18,0,13,0,11,
0,97,254,13,255,16,255,165,0,47,253,211,5,205,1,213,246,164,189,1,8,0,247,0,231,0,93,0,40,0,17,0,12,0,11,
0,98,254,252,254,252,254,165,0,47,253,211,5,228,2,199,246,220,192,1,7,0,246,0,230,0,94,0,40,0,18,0,13,0,11,
0,68,254,249,254,8,255,165,0,47,253,211,5,195,3,209,245,89,189,1,7,0,246,0,229,0,93,0,40,0,18,0,13,0,11,
0,72,254,249,254,46,255,165,0,47,253,211,5,195,3,218,246,1,189,1,8,0,246,0,229,0,93,0,39,0,17,0,12,0,11,
0,72,254,242,254,46,255,165,0,47,253,211,5,128,2,218,246,1,189,1,7,0,245,0,228,0,93,0,40,0,18,0,13,0,11,
0,48,254,245,254,70,255,127,0,71,253,234,5,190,1,71,247,136,190,1,8,0,245,0,228,0,92,0,39,0,17,0,12,0,11,
0,66,254,234,254,42,255,127,0,71,253,234,5,22,3,67,247,124,192,1,8,0,244,0,228,0,92,0,40,0,18,0,13,0,11,
0,66,254,234,254,20,255,127,0,71,253,234,5,168,3,93,246,91,189,1,8,0,244,0,227,0,92,0,34,0,17,0,13,0,12,
0,54,254,239,254,20,255,127,0,71,253,234,5,168,3,93,246,91,188,1,8,0,244,0,227,0,92,0,35,0,16,0,13,0,12,
0,47,254,228,254,3,255,127,0,71,253,234,5,45,2,13,247,161,188,1,8,0,243,0,226,0,92,0,36,0,17,0,13,0,12,
0,46,254,224,254,237,254,127,0,71,253,234,5,186,1,171,247,47,191,1,8,0,243,0,226,0,91,0,37,0,16,0,12,0,11,
0,46,254,224,254,237,254,127,0,71,253,234,5,35,3,228,246,217,190,1,8,0,243,0,225,0,91,0,37,0,17,0,12,0,11,
0,36,254,218,254,232,254,127,0,71,253,234,5,35,3,192,246,149,187,1,7,0,243,0,225,0,91,0,38,0,17,0,13,0,11,
0,7,254,206,254,233,254,127,0,71,253,234,5,24,2,192,246,149,187,1,8,0,243,0,225,0,91,0,37,0,16,0,12,0,11,
0,4,254,203,254,238,254,127,0,71,253,234,5,100,2,137,247,162,191,1,6,0,242,0,224,0,91,0,38,0,17,0,13,0,11,
0,4,254,203,254,238,254,127,0,71,253,234,5,238,2,215,246,168,187,1,7,0,242,0,224,0,90,0,37,0,16,0,12,0,11,
0,5,254,200,254,215,254,109,0,12,253,172,6,184,1,98,247,112,189,1,6,0,242,0,223,0,90,0,38,0,19,0,12,0,11,
0,19,254,185,254,227,254,109,0,12,253,172,6,184,1,98,247,218,191,1,6,0,241,0,222,0,90,0,38,0,19,0,13,0,11,
0,14,254,185,254,246,254,109,0,12,253,172,6,39,3,142,247,218,191,1,6,0,241,0,222,0,89,0,37,0,18,0,13,0,11,
0,14,254,186,254,246,254,109,0,12,253,172,6,188,2,1,247,41,187,1,6,0,240,0,221,0,89,0,38,0,19,0,13,0,11,
0,232,253,207,254,222,254,109,0,12,253,172,6,188,0,177,247,205,189,1,6,0,241,0,222,0,89,0,37,0,17,0,13,0,11,
0,242,253,227,254,228,254,109,0,12,253,172,6,243,1,145,247,36,192,1,5,0,241,0,222,0,89,0,38,0,18,0,13,0,11,
0,242,253,227,254,218,254,109,0,12,253,172,6,243,1,145,247,36,192,1,5,0,241,0,222,0,89,0,38,0,18,0,13,0,11,
0,248,253,12,255,218,254,109,0,12,253,172,6,236,2,184,246,9,188,1,5,0,241,0,222,0,89,0,37,0,18,0,13,0,11,
0,7,254,29,255,192,254,109,0,12,253,172,6,64,0,63,247,236,188,1,4,0,241,0,222,0,89,0,38,0,19,0,13,0,12,
0,25,254,243,254,199,254,109,0,12,253,172,6,8,2,157,247,93,192,1,4,0,241,0,222,0,89,0,37,0,17,0,13,0,11,
0,25,254,243,254,199,254,167,0,13,253,58,6,8,2,157,247,190,191,1,4,0,241,0,221,0,89,0,38,0,18,0,13,0,11,
0,34,254,246,254,200,254,167,0,13,253,58,6,4,2,94,247,190,191,1,4,0,240,0,221,0,89,0,38,0,18,0,13,0,12,
0,27,254,2,255,205,254,167,0,13,253,58,6,171,2,206,246,91,188,1,4,0,240,0,221,0,88,0,37,0,17,0,12,0,11,
0,44,254,21,255,202,254,167,0,13,253,58,6,198,0,155,247,97,189,1,4,0,239,0,220,0,89,0,41,0,19,0,13,0,11,
0,44,254,21,255,202,254,167,0,13,253,58,6,102,1,194,247,107,192,1,4,0,239,0,221,0,88,0,40,0,18,0,12,0,11,
0,39,254,25,255,194,254,167,0,13,253,58,6,102,1,194,247,107,192,1,4,0,239,0,221,0,89,0,40,0,19,0,12,0,11,
0,32,254,39,255,204,254,167,0,13,253,58,6,152,2,26,247,251,189,1,4,0,239,0,222,0,89,0,40,0,19,0,13,0,11,
0,69,254,39,255,181,254,167,0,13,253,58,6,166,1,229,246,252,187,1,4,0,239,0,222,0,88,0,38,0,18,0,12,0,11,
0,69,254,48,255,181,254,167,0,13,253,58,6,206,0,117,247,75,190,1,3,0,239,0,223,0,89,0,38,0,18,0,13,0,11,
0,75,254,58,255,183,254,167,0,13,253,58,6,206,0,118,247,198,191,1,4,0,240,0,223,0,88,0,38,0,18,0,12,0,11,
0,28,254,52,255,202,254,63,0,93,253,220,5,10,2,118,247,198,191,1,3,0,239,0,222,0,88,0,38,0,18,0,12,0,11,
0,28,254,52,255,172,254,63,0,93,253,220,5,110,2,35,247,95,190,1,4,0,239,0,221,0,89,0,38,0,19,0,13,0,11,
0,253,253,77,255,172,254,63,0,93,253,220,5,81,1,243,246,165,188,1,4,0,239,0,221,0,88,0,37,0,17,0,12,0,11,
0,21,254,88,255,169,254,63,0,93,253,220,5,226,0,148,247,126,191,1,3,0,238,0,221,0,89,0,37,0,18,0,13,0,11,
0,98,254,69,255,171,254,63,0,93,253,220,5,226,0,148,247,107,189,1,3,0,239,0,223,0,88,0,37,0,17,0,12,0,11,
0,98,254,69,255,171,254,63,0,93,253,220,5,38,2,202,246,107,189,1,2,0,239,0,223,0,89,0,37,0,18,0,12,0,11,
0,60,254,70,255,172,254,63,0,93,253,220,5,158,1,224,246,0,189,1,2,0,239,0,224,0,88,0,37,0,16,0,12,0,11,
0,20,254,75,255,151,254,63,0,93,253,220,5,105,1,63,247,66,190,1,1,0,239,0,224,0,89,0,37,0,16,0,12,0,11,
0,25,254,86,255,145,254,63,0,93,253,220,5,105,1,236,246,161,189,1,1,0,239,0,224,0,89,0,37,0,16,0,12,0,11,
0,25,254,86,255,145,254,63,0,93,253,220,5,175,1,236,246,161,189,1,0,0,239,0,223,0,89,0,38,0,19,0,13,0,11,
0,35,254,121,255,170,254,106,0,39,253,207,6,59,2,24,247,12,190,1,0,0,239,0,222,0,89,0,38,0,18,0,12,0,11,
0,249,253,118,255,158,254,106,0,39,253,207,6,56,2,247,246,17,190,1,0,0,239,0,222,0,89,0,37,0,17,0,13,0,11,
0,249,253,118,255,133,254,106,0,39,253,207,6,59,1,77,247,236,189,0,255,0,239,0,223,0,89,0,37,0,18,0,13,0,11,
0,206,253,110,255,133,254,106,0,39,253,207,6,59,1,77,247,70,190,0,255,0,239,0,224,0,89,0,37,0,16,0,12,0,11,
0,238,253,99,255,149,254,106,0,39,253,207,6,224,1,29,247,70,190,0,253,0,239,0,224,0,90,0,38,0,17,0,13,0,11,
0,238,253,101,255,124,254,106,0,39,253,207,6,206,1,137,246,232,189,0,252,0,239,0,224,0,90,0,38,0,17,0,12,0,11,
0,238,253,101,255,128,254,106,0,39,253,207,6,80,1,208,246,24,190,0,252,0,240,0,225,0,89,0,38,0,16,0,12,0,11,
0,223,253,127,255,128,254,106,0,39,253,207,6,145,1,79,247,130,190,0,251,0,240,0,224,0,89,0,38,0,17,0,12,0,11,
0,9,254,125,255,122,254,106,0,39,253,207,6,145,1,79,247,130,190,0,251,0,240,0,224,0,89,0,37,0,16,0,12,0,11,
0,51,254,137,255,110,254,106,0,39,253,207,6,212,1,6,247,27,190,0,249,0,239,0,223,0,90,0,38,0,19,0,13,0,11,
0,51,254,137,255,110,254,106,0,39,253,241,5,129,2,235,246,55,190,0,249,0,240,0,223,0,89,0,38,0,18,0,12,0,11,
0,53,254,149,255,108,254,101,0,55,253,241,5,54,2,210,246,156,190,0,249,0,240,0,223,0,89,0,37,0,18,0,13,0,11,
0,222,253,126,255,111,254,101,0,55,253,241,5,54,2,162,246,53,189,0,248,0,240,0,224,0,89,0,38,0,16,0,12,0,11,
0,228,253,114,255,140,254,101,0,55,253,241,5,80,1,162,246,53,189,0,247,0,240,0,224,0,90,0,38,0,17,0,13,0,11,
0,228,253,114,255,140,254,101,0,55,253,241,5,235,0,76,247,227,190,0,247,0,240,0,225,0,89,0,37,0,16,0,12,0,11,
0,11,254,101,255,126,254,101,0,55,253,241,5,22,2,83,247,154,191,0,246,0,240,0,224,0,90,0,38,0,17,0,13,0,11,
0,9,254,100,255,116,254,101,0,55,253,241,5,27,2,210,246,21,190,0,246,0,240,0,224,0,90,0,38,0,17,0,13,0,11,
0,9,254,100,255,100,254,101,0,55,253,241,5,27,2,210,246,21,189,0,245,0,241,0,224,0,90,0,38,0,17,0,13,0,11,
0,221,253,123,255,100,254,101,0,55,253,241,5,104,1,43,247,110,189,0,245,0,241,0,224,0,90,0,38,0,17,0,13,0,11,
0,239,253,146,255,68,254,101,0,55,253,241,5,2,1,104,247,213,191,0,246,0,241,0,224,0,89,0,37,0,16,0,12,0,11,
0,252,253,152,255,83,254,101,0,55,253,241,5,2,2,40,247,118,191,0,245,0,240,0,223,0,90,0,38,0,19,0,13,0,11,
0,252,253,152,255,75,254,124,0,50,253,52,6,2,2,12,247,141,190,0,245,0,240,0,223,0,90,0,38,0,19,0,13,0,11,
0,206,253,133,255,75,254,124,0,50,253,52,6,211,1,12,247,141,190,0,245,0,240,0,223,0,89,0,38,0,18,0,13,0,11,
0,194,253,131,255,62,254,124,0,50,253,52,6,202,0,82,247,68,189,0,244,0,239,0,223,0,90,0,38,0,19,0,13,0,12,
0,238,253,131,255,76,254,124,0,50,253,52,6,181,1,110,247,76,191,0,244,0,239,0,224,0,89,0,37,0,16,0,12,0,11,
0,238,253,131,255,76,254,124,0,50,253,52,6,134,2,254,246,52,190,0,244,0,240,0,223,0,89,0,38,0,18,0,12,0,11,
0,248,253,137,255,76,254,124,0,50,253,52,6,134,2,254,246,206,189,0,243,0,240,0,223,0,90,0,38,0,19,0,13,0,11,
0,234,253,110,255,113,254,124,0,50,253,52,6,20,1,102,247,206,189,0,244,0,240,0,223,0,90,0,38,0,19,0,13,0,11,
0,210,253,76,255,83,254,124,0,50,253,52,6,216,1,117,247,222,191,0,243,0,240,0,223,0,90,0,38,0,18,0,13,0,11,
0,210,253,76,255,83,254,124,0,50,253,52,6,127,2,50,247,203,188,0,243,0,240,0,223,0,89,0,37,0,17,0,12,0,11,
0,233,253,81,255,77,254,124,0,50,253,52,6,166,1,135,247,121,189,0,243,0,240,0,223,0,89,0,37,0,17,0,12,0,11,
0,222,253,74,255,81,254,211,0,235,252,92,6,166,1,135,247,121,189,0,242,0,239,0,222,0,89,0,37,0,18,0,13,0,11,
0,222,253,74,255,86,254,211,0,235,252,92,6,116,1,178,247,179,190,0,243,0,240,0,222,0,89,0,37,0,18,0,12,0,11,
0,213,253,71,255,86,254,211,0,235,252,92,6,165,1,231,247,235,190,0,243,0,240,0,222,0,89,0,37,0,17,0,12,0,11,
0,207,253,63,255,120,254,211,0,235,252,92,6,101,2,139,247,174,189,0,243,0,239,0,221,0,89,0,37,0,18,0,13,0,11,
0,255,253,57,255,125,254,211,0,235,252,92,6,101,2,139,247,236,187,0,243,0,239,0,220,0,89,0,37,0,17,0,12,0,11,
0,255,253,57,255,125,254,211,0,235,252,92,6,34,1,155,247,236,187,0,243,0,239,0,221,0,89,0,37,0,18,0,13,0,11,
0,214,253,58,255,118,254,211,0,235,252,92,6,232,0,188,247,190,190,0,243,0,239,0,220,0,88,0,37,0,18,0,13,0,11,
0,171,253,37,255,97,254,211,0,235,252,92,6,91,2,158,247,242,190,0,243,0,239,0,220,0,88,0,38,0,18,0,13,0,12,
0,189,253,31,255,62,254,211,0,235,252,92,6,164,1,100,247,69,188,0,244,0,239,0,220,0,88,0,37,0,17,0,12,0,11,
0,189,253,31,255,62,254,211,0,235,252,92,6,164,1,100,247,69,188,0,243,0,239,0,220,0,88,0,37,0,18,0,13,0,11,
0,206,253,33,255,78,254,98,0,48,253,111,5,246,0,249,247,220,189,0,243,0,239,0,219,0,88,0,37,0,18,0,13,0,11,
0,196,253,13,255,94,254,98,0,48,253,111,5,59,1,22,248,103,191,0,244,0,238,0,219,0,87,0,37,0,17,0,12,0,11,
0,167,253,15,255,111,254,98,0,48,253,111,5,58,2,154,247,175,190,0,244,0,238,0,218,0,88,0,37,0,18,0,13,0,11,
0,167,253,15,255,111,254,98,0,48,253,111,5,58,2,161,247,27,188,0,245,0,238,0,218,0,87,0,36,0,17,0,12,0,11,
0,155,253,250,254,105,254,98,0,48,253,111,5,106,1,161,247,27,188,0,244,0,237,0,217,0,87,0,37,0,18,0,13,0,11,
0,131,253,5,255,82,254,98,0,48,253,111,5,247,0,28,248,232,188,0,245,0,237,0,217,0,87,0,37,0,18,0,13,0,11,
0,131,253,5,255,83,254,98,0,48,253,111,5,185,0,12,248,231,191,0,245,0,237,0,217,0,87,0,36,0,17,0,12,0,11,
0,123,253,1,255,83,254,98,0,48,253,111,5,187,2,117,247,213,189,0,245,0,237,0,218,0,87,0,37,0,18,0,13,0,11,
0,159,253,230,254,73,254,98,0,48,253,111,5,187,2,117,247,11,188,0,245,0,237,0,218,0,87,0,36,0,17,0,12,0,11,
0,138,253,0,255,77,254,98,0,48,253,111,5,207,255,145,247,11,188,0,245,0,237,0,217,0,87,0,31,0,17,0,13,0,12,
0,138,253,0,255,77,254,110,0,34,253,76,6,84,0,50,248,26,192,0,246,0,237,0,216,0,87,0,32,0,17,0,13,0,12,
0,173,253,42,255,93,254,110,0,34,253,76,6,28,2,151,247,109,191,0,246,0,236,0,215,0,86,0,33,0,17,0,13,0,11,
0,201,253,48,255,67,254,110,0,34,253,76,6,28,2,81,247,227,187,0,247,0,236,0,215,0,86,0,34,0,17,0,13,0,11,
0,153,253,17,255,79,254,110,0,34,253,76,6,108,1,81,247,227,187,0,248,0,236,0,216,0,86,0,34,0,16,0,12,0,11,
0,153,253,17,255,79,254,110,0,34,253,76,6,16,0,8,248,250,188,0,247,0,235,0,216,0,86,0,35,0,17,0,12,0,11,
0,136,253,250,254,86,254,110,0,34,253,76,6,215,0,48,248,48,192,0,248,0,235,0,216,0,86,0,35,0,17,0,13,0,11,
0,140,253,236,254,86,254,110,0,34,253,76,6,253,1,151,247,144,190,0,248,0,235,0,217,0,86,0,35,0,17,0,12,0,12,
0,99,253,216,254,69,254,110,0,34,253,76,6,253,1,151,247,219,187,0,248,0,236,0,217,0,86,0,35,0,17,0,12,0,11,
0,99,253,216,254,69,254,110,0,34,253,76,6,106,0,106,247,219,187,0,248,0,235,0,217,0,87,0,36,0,18,0,13,0,11,
0,53,253,218,254,69,254,110,0,34,253,76,6,116,255,18,248,203,190,0,248,0,236,0,217,0,87,0,36,0,17,0,12,0,11,
0,85,253,249,254,83,254,110,0,34,253,76,6,133,1,100,247,21,191,0,249,0,235,0,217,0,87,0,36,0,18,0,13,0,11,
0,85,253,249,254,104,254,145,0,199,252,162,6,138,1,61,247,164,189,0,249,0,235,0,217,0,86,0,36,0,18,0,13,0,11,
0,147,253,251,254,104,254,145,0,199,252,162,6,138,1,61,247,164,189,0,249,0,235,0,217,0,87,0,36,0,18,0,13,0,11,
0,176,253,238,254,103,254,145,0,199,252,162,6,227,255,186,247,225,189,0,249,0,235,0,218,0,86,0,36,0,17,0,12,0,11,
0,147,253,228,254,92,254,145,0,199,252,162,6,158,1,125,247,124,191,0,249,0,235,0,219,0,87,0,36,0,17,0,12,0,11,
0,147,253,228,254,92,254,145,0,199,252,162,6,231,0,107,247,208,188,0,248,0,235,0,219,0,87,0,36,0,18,0,13,0,11,
0,125,253,237,254,102,254,145,0,199,252,162,6,231,0,154,247,166,189,0,249,0,235,0,220,0,87,0,36,0,18,0,13,0,11,
0,127,253,12,255,110,254,145,0,199,252,162,6,47,0,154,247,166,189,0,248,0,235,0,220,0,87,0,36,0,18,0,13,0,11,
0,132,253,7,255,106,254,145,0,199,252,162,6,75,0,182,247,227,190,0,248,0,235,0,221,0,87,0,36,0,17,0,12,0,11,
0,132,253,7,255,106,254,145,0,199,252,162,6,90,1,20,247,161,189,0,247,0,235,0,221,0,87,0,36,0,17,0,12,0,11,
0,129,253,2,255,99,254,145,0,199,252,162,6,73,0,102,247,82,189,0,247,0,235,0,221,0,88,0,37,0,18,0,13,0,11,
0,69,253,14,255,58,254,105,0,248,252,228,5,73,0,102,247,82,192,0,247,0,236,0,222,0,88,0,40,0,19,0,12,0,11,
0,91,253,21,255,62,254,105,0,248,252,228,5,124,0,149,247,113,192,0,247,0,235,0,222,0,88,0,40,0,19,0,12,0,11,
0,91,253,21,255,62,254,105,0,248,252,228,5,32,1,66,247,40,190,0,247,0,236,0,223,0,88,0,39,0,18,0,12,0,10,
0,124,253,26,255,80,254,105,0,248,252,228,5,71,0,62,247,190,188,0,247,0,236,0,223,0,89,0,39,0,18,0,12,0,11,
0,152,253,17,255,68,254,105,0,248,252,228,5,71,0,179,247,108,191,0,246,0,236,0,224,0,89,0,39,0,17,0,13,0,11,
0,152,253,17,255,77,254,105,0,248,252,228,5,205,255,179,247,108,191,0,246,0,236,0,225,0,89,0,38,0,17,0,13,0,12,
0,152,253,22,255,77,254,105,0,248,252,228,5,22,1,196,247,93,192,0,246,0,236,0,225,0,89,0,39,0,17,0,13,0,11,
0,158,253,39,255,80,254,105,0,248,252,228,5,122,1,202,246,223,187,0,246,0,237,0,226,0,89,0,38,0,16,0,12,0,11,
0,168,253,33,255,59,254,105,0,248,252,228,5,188,254,227,247,109,190,0,245,0,237,0,226,0,90,0,38,0,17,0,12,0,11,
0,168,253,33,255,59,254,105,0,248,252,228,5,188,254,227,247,2,193,0,244,0,237,0,227,0,90,0,39,0,18,0,13,0,11,
0,121,253,30,255,80,254,153,0,189,252,223,6,74,1,152,247,2,193,0,244,0,238,0,227,0,90,0,38,0,17,0,13,0,11,
0,89,253,55,255,89,254,153,0,189,252,223,6,137,1,21,247,174,189,0,243,0,237,0,227,0,91,0,38,0,17,0,13,0,11,
0,57,253,87,255,86,254,153,0,189,252,223,6,155,255,154,247,11,190,0,243,0,238,0,228,0,91,0,38,0,16,0,12,0,11,
0,57,253,87,255,86,254,153,0,189,252,223,6,69,0,208,247,124,193,0,243,0,238,0,228,0,91,0,38,0,17,0,12,0,11,
0,53,253,67,255,93,254,153,0,189,252,223,6,69,0,208,247,124,193,0,242,0,239,0,228,0,91,0,39,0,18,0,13,0,11,
0,59,253,62,255,67,254,153,0,189,252,223,6,34,1,98,247,238,190,0,242,0,239,0,229,0,91,0,38,0,17,0,12,0,11,
0,50,253,69,255,61,254,153,0,189,252,223,6,230,0,255,246,236,189,0,241,0,239,0,229,0,91,0,38,0,17,0,12,0,11,
0,50,253,69,255,61,254,153,0,189,252,223,6,246,255,100,247,160,190,0,240,0,239,0,229,0,92,0,38,0,17,0,13,0,11,
0,50,253,62,255,71,254,153,0,189,252,223,6,246,255,100,247,172,192,0,240,0,239,0,229,0,91,0,38,0,17,0,12,0,11,
0,47,253,70,255,75,254,153,0,189,252,223,6,2,0,200,247,172,192,0,240,0,241,0,230,0,91,0,38,0,17,0,13,0,11,
0,47,253,70,255,86,254,166,0,214,252,21,6,140,1,209,247,19,193,0,240,0,241,0,230,0,92,0,39,0,17,0,12,0,11,
0,49,253,73,255,86,254,166,0,214,252,21,6,240,1,98,247,102,190,0,239,0,241,0,230,0,92,0,38,0,17,0,12,0,11,
0,46,253,81,255,88,254,166,0,214,252,21,6,245,255,143,247,70,189,0,239,0,241,0,229,0,92,0,40,0,18,0,13,0,11,
0,37,253,80,255,69,254,166,0,214,252,21,6,245,255,143,247,70,189,0,239,0,242,0,229,0,92,0,39,0,17,0,12,0,11,
0,37,253,80,255,69,254,166,0,214,252,21,6,59,0,71,248,163,193,0,239,0,242,0,229,0,92,0,39,0,18,0,13,0,11,
0,27,253,67,255,80,254,166,0,214,252,21,6,142,1,102,247,159,191,0,239,0,242,0,229,0,92,0,38,0,17,0,13,0,11,
0,29,253,86,255,86,254,166,0,214,252,21,6,105,0,46,247,231,188,0,238,0,242,0,228,0,92,0,40,0,18,0,13,0,12,
0,29,253,66,255,64,254,166,0,214,252,21,6,105,0,42,248,64,192,0,239,0,243,0,228,0,92,0,39,0,17,0,12,0,12,
0,29,253,66,255,64,254,166,0,214,252,21,6,213,255,42,248,64,192,0,238,0,243,0,228,0,92,0,39,0,17,0,12,0,11,
0,30,253,82,255,69,254,166,0,214,252,21,6,201,0,42,248,197,192,0,238,0,243,0,227,0,92,0,40,0,18,0,13,0,11,
0,27,253,110,255,77,254,166,0,214,252,21,6,38,1,180,247,67,191,0,239,0,244,0,227,0,91,0,39,0,17,0,13,0,11,
0,30,253,110,255,82,254,123,0,246,252,149,5,23,1,202,247,19,191,0,239,0,244,0,227,0,91,0,39,0,17,0,12,0,11,
0,30,253,123,255,82,254,123,0,246,252,149,5,23,1,202,247,116,189,0,239,0,244,0,226,0,92,0,40,0,18,0,13,0,11,
0,33,253,115,255,80,254,123,0,246,252,149,5,147,0,72,248,116,189,0,239,0,244,0,226,0,91,0,39,0,17,0,12,0,11,
0,18,253,111,255,83,254,123,0,246,252,149,5,247,255,191,248,199,191,0,240,0,244,0,226,0,91,0,39,0,18,0,13,0,11,
0,18,253,111,255,76,254,123,0,246,252,149,5,23,1,87,248,12,192,0,240,0,244,0,225,0,91,0,39,0,18,0,13,0,11,
0,10,253,115,255,76,254,123,0,246,252,149,5,23,1,219,247,183,190,0,241,0,244,0,225,0,91,0,38,0,17,0,12,0,11,
0,0,253,148,255,81,254,123,0,246,252,149,5,228,1,219,247,183,190,0,241,0,245,0,225,0,90,0,38,0,17,0,12,0,11,
0,242,252,128,255,89,254,123,0,246,252,149,5,126,0,112,248,86,189,0,242,0,245,0,224,0,91,0,38,0,17,0,12,0,11,
0,242,252,128,255,89,254,123,0,246,252,149,5,120,255,218,248,179,190,0,242,0,245,0,224,0,91,0,38,0,17,0,13,0,11,
0,238,252,136,255,109,254,123,0,246,252,149,5,250,0,237,248,249,192,0,243,0,246,0,224,0,90,0,38,0,17,0,13,0,11,
0,253,252,122,255,103,254,153,0,211,252,244,5,250,0,237,248,215,191,0,243,0,246,0,224,0,90,0,38,0,17,0,12,0,11,
0,0,253,113,255,118,254,153,0,211,252,244,5,192,1,152,248,215,191,0,243,0,246,0,223,0,90,0,38,0,20,0,13,0,11,
0,0,253,113,255,118,254,153,0,211,252,244,5,104,1,98,248,114,188,0,244,0,246,0,223,0,90,0,38,0,18,0,13,0,11,
0,253,252,127,255,103,254,153,0,211,252,244,5,72,0,49,249,100,189,0,244,0,246,0,222,0,90,0,38,0,19,0,13,0,11,
0,2,253,106,255,93,254,153,0,211,252,244,5,150,0,111,249,67,193,0,244,0,246,0,222,0,89,0,38,0,18,0,13,0,11,
0,15,253,106,255,65,254,153,0,211,252,244,5,150,0,111,249,67,193,0,244,0,246,0,221,0,89,0,38,0,19,0,13,0,12,
0,15,253,124,255,65,254,153,0,211,252,244,5,170,1,155,248,66,191,0,246,0,246,0,221,0,89,0,38,0,17,0,12,0,11,
0,21,253,142,255,48,254,153,0,211,252,244,5,82,1,128,248,29,188,0,245,0,246,0,221,0,89,0,38,0,19,0,13,0,12,
0,2,253,136,255,39,254,153,0,211,252,244,5,37,255,135,249,157,190,0,246,0,246,0,221,0,89,0,38,0,18,0,13,0,11,
0,2,253,136,255,42,254,153,0,211,252,244,5,37,255,66,249,94,192,0,246,0,247,0,221,0,89,0,37,0,17,0,13,0,11,
0,223,252,139,255,42,254,157,0,220,252,86,6,120,1,66,249,94,192,0,246,0,247,0,222,0,89,0,37,0,17,0,12,0,11,
0,214,252,133,255,30,254,157,0,220,252,86,6,28,2,151,248,33,189,0,246,0,247,0,221,0,89,0,38,0,18,0,13,0,11,
0,0,253,137,255,35,254,157,0,220,252,86,6,149,0,235,248,90,188,0,246,0,247,0,221,0,89,0,37,0,17,0,12,0,11,
0,0,253,137,255,35,254,157,0,220,252,86,6,103,0,201,249,89,192,0,247,0,248,0,222,0,88,0,37,0,17,0,13,0,11,
0,39,253,155,255,35,254,157,0,220,252,86,6,103,0,201,249,89,189,0,247,0,248,0,222,0,89,0,37,0,18,0,13,0,11,
0,230,252,176,255,25,254,157,0,220,252,86,6,121,2,200,248,8,189,0,247,0,249,0,222,0,88,0,37,0,18,0,12,0,11,
0,184,252,167,255,51,254,157,0,220,252,86,6,107,0,75,249,126,188,0,247,0,248,0,222,0,89,0,38,0,19,0,13,0,11,
0,184,252,167,255,51,254,157,0,220,252,86,6,132,1,142,249,110,191,0,247,0,249,0,223,0,89,0,37,0,17,0,12,0,11,
0,207,252,132,255,80,254,157,0,220,252,86,6,132,1,11,249,21,190,0,247,0,249,0,223,0,89,0,37,0,18,0,13,0,11,
0,227,252,119,255,67,254,157,0,220,252,86,6,218,1,11,249,21,190,0,247,0,249,0,224,0,89,0,37,0,16,0,12,0,11,
0,221,252,119,255,39,254,104,0,175,252,125,7,210,0,146,249,219,188,0,247,0,249,0,224,0,89,0,37,0,16,0,12,0,11,
0,221,252,115,255,39,254,104,0,175,252,125,7,235,1,93,249,169,191,0,247,0,249,0,224,0,90,0,38,0,17,0,12,0,11,
0,216,252,113,255,26,254,104,0,175,252,125,7,53,2,196,248,187,187,0,247,0,249,0,225,0,90,0,38,0,16,0,12,0,11,
0,214,252,136,255,36,254,104,0,175,252,125,7,53,2,196,248,158,189,0,248,0,250,0,225,0,90,0,38,0,17,0,13,0,11,
0,214,252,136,255,23,254,104,0,175,252,125,7,157,0,170,249,158,189,0,248,0,251,0,226,0,90,0,37,0,16,0,12,0,11,
0,172,252,109,255,23,254,104,0,175,252,125,7,208,1,162,249,241,191,0,248,0,250,0,226,0,91,0,38,0,18,0,13,0,11,
0,213,252,104,255,29,254,104,0,175,252,125,7,85,2,127,248,136,186,0,249,0,251,0,227,0,90,0,32,0,16,0,13,0,11,
0,242,252,116,255,65,254,104,0,175,252,125,7,36,0,116,249,41,189,0,248,0,251,0,227,0,91,0,34,0,17,0,13,0,12,
0,242,252,116,255,65,254,104,0,175,252,125,7,36,0,116,249,41,189,0,249,0,251,0,227,0,91,0,36,0,17,0,13,0,12,
0,198,252,123,255,64,254,104,0,175,252,125,7,230,2,239,248,216,191,0,249,0,251,0,228,0,91,0,36,0,16,0,12,0,11,
0,193,252,102,255,75,254,104,0,175,252,125,5,62,2,208,248,53,188,0,249,0,251,0,228,0,91,0,37,0,17,0,13,0,12,
0,215,252,110,255,90,254,155,0,161,252,251,5,146,1,27,249,99,189,0,250,0,251,0,229,0,91,0,37,0,16,0,12,0,11,
0,215,252,110,255,90,254,155,0,161,252,251,5,146,1,27,249,214,190,0,249,0,251,0,229,0,92,0,38,0,17,0,13,0,12,
0,191,252,135,255,100,254,155,0,161,252,251,5,114,1,51,249,214,190,0,249,0,251,0,229,0,92,0,38,0,17,0,13,0,11,
0,187,252,90,255,78,254,155,0,161,252,251,5,202,2,123,248,77,190,0,248,0,252,0,230,0,92,0,38,0,17,0,12,0,11,
0,187,252,90,255,68,254,155,0,161,252,251,5,150,1,161,248,214,188,0,247,0,252,0,231,0,92,0,38,0,16,0,12,0,11,
0,181,252,70,255,68,254,155,0,161,252,251,5,138,1,233,248,160,190,0,247,0,252,0,232,0,92,0,39,0,18,0,13,0,11,
0,188,252,42,255,70,254,155,0,161,252,251,5,138,1,233,248,160,190,0,247,0,252,0,232,0,92,0,38,0,17,0,12,0,11,
0,197,252,45,255,56,254,155,0,161,252,251,5,98,2,230,248,116,191,0,248,0,253,0,233,0,93,0,38,0,17,0,13,0,11,
0,197,252,45,255,70,254,155,0,161,252,251,5,126,2,132,248,62,189,0,248,0,253,0,233,0,93,0,39,0,17,0,12,0,11,
0,200,252,50,255,70,254,155,0,161,252,251,5,118,1,122,248,175,189,0,248,0,252,0,232,0,94,0,40,0,18,0,13,0,11,
0,234,252,26,255,82,254,96,0,212,252,228,5,118,1,122,248,26,191,0,248,0,253,0,232,0,93,0,39,0,17,0,12,0,11,
0,198,252,16,255,77,254,96,0,212,252,228,5,242,1,122,248,26,191,0,248,0,252,0,232,0,94,0,39,0,17,0,12,0,11,
0,198,252,16,255,77,254,96,0,212,252,228,5,145,2,26,248,66,189,0,248,0,252,0,232,0,94,0,40,0,18,0,13,0,11,
0,180,252,21,255,92,254,96,0,212,252,228,5,124,1,28,248,22,189,0,248,0,253,0,232,0,93,0,39,0,17,0,13,0,11,
0,181,252,8,255,101,254,96,0,212,252,228,5,43,2,154,248,101,191,0,247,0,252,0,232,0,93,0,39,0,17,0,13,0,11,
0,195,252,2,255,104,254,96,0,212,252,228,5,43,2,154,248,179,188,0,247,0,252,0,231,0,94,0,40,0,18,0,13,0,11,
0,195,252,2,255,104,254,96,0,212,252,228,5,235,2,128,247,179,188,0,248,0,252,0,232,0,94,0,40,0,17,0,13,0,11,
0,215,252,10,255,82,254,96,0,212,252,228,5,85,1,98,248,106,188,0,248,0,252,0,232,0,94,0,44,0,19,0,13,0,11,
0,223,252,6,255,86,254,96,0,212,252,228,5,43,1,100,248,222,191,0,227,1,11,0,246,0,95,0,43,0,20,0,13,0,11,
0,223,252,6,255,88,254,96,0,212,252,228,5,43,1,154,241,46,194,0,134,1,41,1,7,0,97,0,42,0,17,0,12,0,11,
0,163,252,2,255,88,254,203,0,133,252,210,6,26,1,154,241,46,194,0,136,1,77,1,84,0,109,0,45,0,21,0,14,0,11,
0,241,252,173,254,81,254,203,0,133,252,210,6,180,5,186,222,64,211,1,85,1,82,1,89,0,118,0,46,0,22,0,14,0,11,
0,170,254,30,254,41,253,203,0,133,252,210,6,95,37,121,247,136,220,1,84,1,84,1,91,0,124,0,47,0,22,0,14,0,12,
0,170,254,30,254,83,250,203,0,133,252,210,6,195,53,59,244,32,249,0,228,1,82,1,79,0,127,0,50,0,20,0,14,0,11,
0,231,0,217,253,83,250,203,0,133,252,210,6,195,53,59,244,4,14,0,133,1,71,1,43,0,128,0,55,0,22,0,14,0,11,
0,46,6,106,250,134,247,203,0,133,252,210,6,103,40,81,5,4,14,0,134,0,254,0,136,0,107,0,49,0,18,0,11,0,9,
0,2,14,208,242,206,246,203,0,133,252,210,6,250,43,255,37,202,17,0,135,0,151,0,132,0,94,0,46,0,17,0,11,0,9,
0,2,14,208,242,206,246,203,0,133,252,210,6,171,46,196,64,170,19,0,136,0,134,0,133,0,87,0,46,0,22,0,14,0,11,
0,130,20,173,235,68,248,203,0,133,252,210,6,17,30,34,64,110,21,0,137,0,135,0,134,0,79,0,43,0,20,0,14,0,11,
0,146,24,49,234,126,251,203,0,133,252,210,6,17,30,34,64,110,21,0,138,0,137,0,134,0,70,0,36,0,16,0,12,0,12,
0,53,26,65,236,166,0,218,0,13,253,68,6,128,15,101,50,196,20,0,141,0,148,0,135,0,67,0,36,0,18,0,14,0,14,
0,53,26,65,236,166,0,218,0,13,253,68,6,149,11,44,24,201,25,0,150,0,175,0,134,0,65,0,35,0,19,0,14,0,12,
0,190,27,223,238,232,5,218,0,13,253,68,6,43,5,193,17,184,2,0,166,0,176,0,134,0,60,0,31,0,17,0,13,0,13,
0,114,28,116,241,207,8,218,0,13,253,68,6,43,5,191,8,47,228,0,178,0,153,0,133,0,55,0,27,0,12,0,11,0,12,
0,114,28,116,241,170,8,218,0,13,253,68,6,244,0,191,8,47,228,0,209,0,136,0,132,0,55,0,27,0,16,0,13,0,11,
0,253,25,23,243,170,8,218,0,13,253,68,6,75,244,36,245,40,209,0,230,0,133,0,132,0,54,0,27,0,15,0,12,0,10,
0,104,20,149,244,196,6,218,0,13,253,68,6,253,238,5,241,59,206,0,246,0,133,0,133,0,51,0,24,0,12,0,11,0,11,
0,251,11,132,245,28,5,218,0,13,253,68,6,88,234,115,226,6,199,1,8,0,133,0,133,0,50,0,23,0,12,0,11,0,12,
0,251,11,132,245,28,3,218,0,13,253,68,6,88,234,115,226,6,189,1,12,0,134,0,137,0,50,0,23,0,13,0,11,0,11,
0,120,2,38,246,209,3,218,0,13,253,68,6,94,233,186,215,154,189,1,8,0,138,0,197,0,57,0,25,0,14,0,12,0,10,
0,4,250,175,246,97,2,8,1,54,253,30,6,56,233,44,217,23,180,1,2,0,251,1,47,0,72,0,27,0,13,0,12,0,13,
0,128,244,247,246,221,0,8,1,54,253,30,6,153,236,106,227,148,178,0,255,1,80,1,81,0,85,0,28,0,14,0,11,0,11,
0,128,244,247,246,221,0,8,1,54,253,30,6,153,236,204,240,180,181,0,240,1,77,1,80,0,99,0,34,0,17,0,12,0,11,
0,107,242,217,246,241,255,8,1,54,253,30,6,219,241,204,240,180,181,0,223,1,77,1,80,0,107,0,37,0,17,0,12,0,10,
0,163,243,70,245,183,255,8,1,54,253,30,6,204,247,185,247,102,179,0,210,1,76,1,78,0,111,0,37,0,13,0,10,0,11,
0,136,247,241,241,247,255,8,1,54,253,30,6,222,250,215,252,178,173,0,203,1,75,1,73,0,116,0,40,0,14,0,11,0,9,
0,136,247,241,241,247,255,8,1,54,253,30,6,23,251,54,1,160,169,0,192,1,72,1,59,0,123,0,46,0,21,0,13,0,10,
0,171,252,28,237,152,0,8,1,54,253,30,6,23,251,54,1,29,162,0,183,1,68,1,32,0,121,0,46,0,18,0,12,0,11,
0,180,2,18,232,46,2,8,1,54,253,30,6,253,239,184,6,29,162,0,180,1,65,0,231,0,113,0,44,0,16,0,11,0,11,
0,180,2,18,232,49,6,8,1,54,253,30,6,114,237,60,3,209,155,0,178,1,63,0,158,0,102,0,45,0,21,0,13,0,11,
0,20,8,3,229,49,6,8,1,54,253,30,6,4,228,87,253,152,160,0,183,1,59,0,134,0,92,0,44,0,20,0,13,0,11,
0,245,11,162,229,217,11,198,1,66,253,227,5,254,216,3,245,230,164,0,193,1,56,0,132,0,82,0,40,0,17,0,12,0,10,
0,249,13,147,232,41,16,198,1,66,253,227,5,254,216,3,245,230,164,0,205,1,55,0,132,0,74,0,37,0,17,0,12,0,11,
0,249,13,147,232,41,16,198,1,66,253,227,5,2,212,151,244,240,177,0,222,1,55,0,132,0,70,0,37,0,18,0,13,0,10,
0,35,14,108,236,98,17,198,1,66,253,227,5,79,207,101,246,123,189,0,239,1,55,0,133,0,67,0,36,0,19,0,14,0,11,
0,59,13,86,241,194,15,198,1,66,253,227,5,213,201,20,246,249,195,0,255,1,54,0,134,0,61,0,31,0,15,0,12,0,11,
0,90,11,30,247,147,12,198,1,66,253,227,5,213,201,20,246,149,199,1,13,1,48,0,134,0,59,0,30,0,16,0,13,0,12,
0,90,11,30,247,147,12,198,1,66,253,227,5,226,201,82,244,149,199,1,24,1,41,0,135,0,58,0,30,0,17,0,13,0,11,
0,43,9,166,253,80,9,198,1,66,253,227,5,126,205,90,243,51,196,1,36,1,34,0,136,0,56,0,27,0,15,0,12,0,11,
0,33,7,88,4,207,6,198,1,66,253,227,5,86,213,153,242,75,195,1,48,1,27,0,138,0,54,0,26,0,14,0,12,0,12,
0,175,5,8,10,43,5,198,1,66,253,227,5,149,222,51,241,107,193,1,59,1,21,0,142,0,53,0,25,0,13,0,12,0,11,
0,175,5,8,10,43,5,172,1,74,253,98,6,149,222,51,241,107,193,1,65,1,15,0,153,0,56,0,26,0,17,0,13,0,11,
0,243,4,179,13,242,3,172,1,74,253,98,6,43,231,111,239,177,189,1,75,1,11,0,192,0,59,0,26,0,13,0,12,0,12,
0,209,4,127,15,48,3,172,1,74,253,98,6,9,238,213,236,155,187,1,70,1,10,1,17,0,69,0,26,0,13,0,11,0,11,
0,209,4,127,15,211,2,172,1,74,253,98,6,96,243,59,234,181,186,1,65,1,11,1,87,0,87,0,30,0,17,0,13,0,11,
0,166,5,135,15,211,2,172,1,74,253,98,6,96,243,136,233,177,186,1,65,1,12,1,80,0,98,0,34,0,17,0,12,0,11,
0,32,7,14,14,208,2,172,1,74,253,98,6,174,247,136,233,177,186,1,98,1,17,1,76,0,106,0,36,0,14,0,11,0,11,
0,101,8,119,11,204,2,172,1,74,253,98,6,171,249,198,233,49,192,1,94,1,23,1,73,0,113,0,39,0,16,0,12,0,11,
0,101,8,119,11,204,2,172,1,74,253,98,6,236,251,15,233,133,190,1,79,1,29,1,72,0,119,0,43,0,18,0,13,0,11,
0,102,9,84,8,141,2,172,1,74,253,98,6,13,253,242,233,131,192,1,76,1,35,1,72,0,124,0,46,0,20,0,13,0,11,
0,21,10,148,5,9,2,172,1,74,253,98,6,13,253,242,233,235,193,1,76,1,43,1,72,0,126,0,46,0,18,0,12,0,11,
0,38,10,201,3,43,1,154,1,127,253,197,6,139,254,234,234,235,193,1,75,1,46,1,72,0,129,0,49,0,20,0,13,0,11,
0,38,10,201,3,43,1,154,1,127,253,197,6,76,0,3,237,166,195,1,73,1,49,1,70,0,133,0,53,0,23,0,14,0,11,
0,136,9,89,3,58,0,154,1,127,253,197,6,122,2,87,239,227,196,1,73,1,49,1,71,0,133,0,54,0,22,0,14,0,11,
0,129,8,42,4,61,255,154,1,127,253,197,6,122,2,2,241,162,201,1,73,1,47,1,72,0,134,0,53,0,21,0,13,0,12,
0,74,7,240,5,128,254,154,1,127,253,197,6,104,7,2,241,162,201,1,72,1,43,1,70,0,136,0,55,0,24,0,15,0,12,
0,74,7,240,5,128,254,154,1,127,253,197,6,78,12,195,241,24,201,1,72,1,38,1,70,0,138,0,58,0,25,0,15,0,11,
0,17,6,224,7,24,254,154,1,127,253,197,6,59,15,112,241,29,198,1,70,1,33,1,69,0,138,0,57,0,24,0,15,0,12,
0,211,4,73,9,13,254,154,1,127,253,197,6,24,18,235,240,114,197,1,70,1,24,1,68,0,137,0,57,0,23,0,15,0,12,
0,211,4,73,9,200,253,154,1,127,253,197,6,24,18,235,240,134,199,1,69,1,20,1,66,0,138,0,59,0,26,0,16,0,12,
0,121,3,54,10,200,253,154,1,127,253,197,6,212,21,218,240,134,199,1,68,1,16,1,64,0,138,0,59,0,25,0,15,0,11,
0,69,2,161,10,190,253,102,1,129,253,149,6,93,25,145,239,128,197,1,67,1,11,1,62,0,137,0,58,0,26,0,15,0,12,
0,157,1,98,10,7,254,102,1,129,253,149,6,239,25,189,236,136,193,1,66,1,7,1,60,0,137,0,59,0,27,0,16,0,12,
0,157,1,98,10,7,254,102,1,129,253,149,6,52,24,221,234,173,191,1,65,1,4,1,57,0,136,0,59,0,27,0,16,0,12,
0,69,1,92,9,117,254,102,1,129,253,149,6,52,24,221,234,173,191,1,63,1,4,1,53,0,135,0,53,0,25,0,16,0,12,
0,186,0,177,7,217,254,102,1,129,253,149,6,7,24,118,234,99,192,1,62,1,4,1,45,0,133,0,54,0,23,0,16,0,13,
0,145,0,200,5,36,255,102,1,129,253,149,6,152,22,82,232,218,191,1,62,1,4,1,35,0,131,0,54,0,23,0,15,0,12,
0,145,0,200,5,36,255,102,1,129,253,149,6,59,20,223,229,185,190,1,60,1,3,1,23,0,129,0,55,0,26,0,16,0,12,
0,161,0,238,3,140,255,102,1,129,253,149,6,59,20,223,227,219,189,1,60,1,1,1,8,0,124,0,54,0,23,0,15,0,12,
0,204,0,71,2,218,255,102,1,129,253,149,6,17,17,176,227,219,189,1,59,0,255,0,246,0,118,0,53,0,24,0,14,0,11,
0,221,0,147,0,244,255,102,1,129,253,149,6,132,13,123,225,43,193,1,56,0,251,0,224,0,113,0,52,0,23,0,15,0,12,
0,221,0,147,0,244,255,102,1,129,253,149,6,219,12,46,223,14,196,1,54,0,247,0,201,0,107,0,51,0,23,0,14,0,11,
0,200,0,233,254,29,0,15,1,215,253,126,6,216,11,54,220,193,193,1,52,0,241,0,176,0,98,0,48,0,23,0,14,0,12,
0,140,0,111,253,62,0,15,1,215,253,126,6,216,11,54,220,193,193,1,51,0,234,0,154,0,89,0,44,0,22,0,14,0,11,
0,140,0,111,253,21,0,15,1,215,253,126,6,79,10,22,218,9,193,1,48,0,225,0,142,0,82,0,42,0,20,0,14,0,11,
0,7,0,243,251,21,0,15,1,215,253,126,6,119,7,214,216,123,192,1,47,0,216,0,137,0,75,0,40,0,19,0,13,0,11,
0,53,255,115,250,171,255,15,1,215,253,126,6,20,5,16,216,204,193,1,44,0,207,0,134,0,69,0,36,0,17,0,13,0,11,
0,37,254,75,249,76,255,15,1,215,253,126,6,20,5,108,216,57,192,1,43,0,198,0,134,0,65,0,33,0,16,0,12,0,11,
0,37,254,75,249,76,255,15,1,215,253,126,6,197,3,108,216,57,192,1,41,0,189,0,134,0,62,0,32,0,16,0,13,0,11,
0,235,252,144,248,246,254,15,1,215,253,126,6,236,0,66,217,117,189,1,40,0,182,0,134,0,59,0,30,0,16,0,12,0,11,
0,216,251,88,248,122,254,15,1,215,253,126,6,205,253,74,219,136,187,1,40,0,175,0,134,0,55,0,26,0,13,0,11,0,10,
0,221,250,127,248,10,254,15,1,215,253,126,6,104,251,234,221,86,187,1,40,0,169,0,134,0,54,0,26,0,14,0,12,0,11,
0,221,250,127,248,10,254,75,1,172,253,248,5,104,251,234,221,231,183,1,38,0,164,0,134,0,53,0,25,0,14,0,12,0,10,
0,69,250,13,249,148,253,75,1,172,253,248,5,166,250,250,224,231,183,1,38,0,159,0,134,0,51,0,25,0,13,0,11,0,11,
0,190,249,247,249,60,253,75,1,172,253,248,5,226,248,139,227,27,182,1,38,0,156,0,134,0,50,0,23,0,12,0,11,0,11,
0,149,249,247,250,198,252,75,1,172,253,248,5,94,248,104,230,209,181,1,40,0,153,0,134,0,49,0,23,0,12,0,11,0,10,
0,149,249,224,250,198,252,75,1,172,253,248,5,94,248,117,233,142,180,1,40,0,151,0,134,0,49,0,27,0,13,0,10,0,9,
0,156,249,246,251,120,252,75,1,172,253,248,5,167,247,117,233,142,180,1,41,0,149,0,134,0,48,0,25,0,12,0,10,0,10,
0,219,249,42,253,74,252,75,1,172,253,248,5,79,247,192,235,152,179,1,43,0,148,0,134,0,47,0,23,0,11,0,10,0,9,
0,219,249,42,253,32,252,75,1,172,253,248,5,166,246,213,238,198,176,1,44,0,146,0,133,0,49,0,24,0,13,0,11,0,10,
0,26,250,55,254,32,252,75,1,172,253,248,5,219,244,239,241,73,176,1,46,0,145,0,133,0,47,0,22,0,12,0,10,0,10,
0,106,250,58,255,255,251,75,1,172,253,248,5,219,244,239,241,103,177,1,48,0,144,0,133,0,47,0,22,0,12,0,11,0,11,
0,173,250,90,0,229,251,126,1,137,253,203,6,138,244,0,245,103,177,1,50,0,144,0,134,0,47,0,22,0,12,0,11,0,11,
0,173,250,90,0,229,251,126,1,137,253,203,6,16,244,229,246,93,176,1,51,0,144,0,134,0,47,0,22,0,12,0,11,0,10,
0,254,250,138,1,198,251,126,1,137,253,203,6,122,242,184,248,62,175,1,52,0,144,0,135,0,47,0,21,0,11,0,10,0,11,
0,95,251,155,2,185,251,126,1,137,253,203,6,63,241,58,250,142,174,1,52,0,142,0,136,0,47,0,21,0,12,0,11,0,11,
0,137,251,210,3,149,251,126,1,137,253,203,6,63,241,58,250,142,174,1,52,0,143,0,136,0,47,0,21,0,11,0,11,0,10,
0,137,251,210,3,149,251,126,1,137,253,203,6,37,240,173,251,0,175,1,52,0,143,0,136,0,48,0,22,0,12,0,11,0,11,
0,170,251,77,5,82,251,126,1,137,253,203,6,196,240,52,253,88,173,1,52,0,144,0,137,0,47,0,21,0,11,0,10,0,11,
0,177,251,199,6,16,251,126,1,137,253,203,6,26,241,81,254,158,172,1,51,0,144,0,137,0,48,0,22,0,12,0,11,0,11,
0,206,251,199,6,203,250,126,1,137,253,203,6,26,241,219,255,103,174,1,50,0,144,0,139,0,48,0,22,0,11,0,11,0,10,
0,206,251,58,8,203,250,126,1,137,253,203,6,114,241,219,255,103,174,1,48,0,144,0,140,0,49,0,22,0,11,0,11,0,10,
0,239,251,166,9,125,250,22,1,145,253,142,6,155,243,31,1,110,176,1,46,0,145,0,142,0,49,0,22,0,12,0,11,0,11,
0,21,252,227,10,89,250,22,1,145,253,142,6,119,245,210,1,197,175,1,45,0,145,0,146,0,49,0,22,0,13,0,11,0,11,
0,21,252,227,10,90,250,22,1,145,253,142,6,180,245,52,2,35,174,1,42,0,146,0,154,0,51,0,23,0,13,0,11,0,10,
0,40,252,15,12,90,250,22,1,145,253,142,6,180,245,52,2,35,174,1,38,0,147,0,170,0,54,0,23,0,12,0,11,0,11,
0,94,252,3,13,72,250,22,1,145,253,142,6,74,246,131,2,223,174,1,35,0,147,0,200,0,58,0,23,0,11,0,10,0,10,
0,175,252,245,13,18,250,22,1,145,253,142,6,229,245,204,2,209,176,1,31,0,148,0,244,0,67,0,25,0,15,0,11,0,11,
0,175,252,245,13,18,250,22,1,145,253,142,6,118,247,49,2,89,178,1,27,0,149,1,33,0,79,0,28,0,13,0,11,0,11,
0,209,252,37,15,222,249,22,1,145,253,142,6,118,247,188,1,70,179,1,22,0,150,1,74,0,91,0,31,0,13,0,11,0,11,
0,229,252,72,16,193,249,22,1,145,253,142,6,74,249,188,1,70,179,1,17,0,151,1,72,0,101,0,35,0,16,0,12,0,11,
0,192,252,79,17,188,249,22,1,145,253,142,6,111,250,237,0,52,179,1,12,0,153,1,71,0,108,0,37,0,16,0,12,0,11,
0,192,252,79,17,188,249,22,1,145,253,142,6,176,252,142,0,32,181,1,8,0,155,1,69,0,115,0,41,0,18,0,13,0,12,
0,187,252,25,18,134,249,196,0,129,253,105,6,88,255,45,0,41,183,1,3,0,157,1,68,0,119,0,43,0,17,0,13,0,12,
0,137,252,200,18,68,249,196,0,129,253,105,6,88,255,45,0,176,181,0,254,0,159,1,68,0,123,0,45,0,18,0,12,0,11,
0,121,252,200,18,38,249,196,0,129,253,105,6,251,0,212,255,176,181,0,249,0,160,1,67,0,127,0,48,0,20,0,14,0,12,
0,121,252,50,19,38,249,196,0,129,253,105,6,8,3,168,255,16,184,0,244,0,162,1,66,0,128,0,53,0,21,0,13,0,11,
0,97,252,73,19,24,249,196,0,129,253,105,6,100,6,202,254,14,186,0,239,0,164,1,65,0,130,0,54,0,22,0,14,0,12,
0,58,252,37,19,14,249,196,0,129,253,105,6,100,8,179,253,70,184,0,234,0,165,1,65,0,131,0,54,0,22,0,14,0,12,
0,58,252,37,19,18,249,196,0,129,253,105,6,146,8,179,253,70,184,0,229,0,168,1,65,0,133,0,55,0,23,0,14,0,11,
0,14,252,158,18,18,249,196,0,129,253,105,6,22,9,219,252,200,183,0,224,0,169,1,63,0,134,0,56,0,26,0,15,0,12,
0,217,251,16,18,14,249,196,0,129,253,105,6,82,9,145,252,152,184,0,220,0,171,1,63,0,134,0,55,0,24,0,14,0,12,
0,156,251,119,17,34,249,196,0,129,253,105,6,47,11,31,252,68,186,0,216,0,173,1,63,0,135,0,57,0,26,0,15,0,12,
0,156,251,119,17,34,249,51,0,74,253,192,5,47,11,31,252,248,185,0,212,0,175,1,62,0,135,0,57,0,26,0,16,0,12,
0,80,251,254,16,19,249,51,0,74,253,192,5,193,12,31,251,248,185,0,208,0,178,1,61,0,136,0,58,0,25,0,16,0,12,
0,29,251,151,16,31,249,51,0,74,253,192,5,206,14,135,250,53,184,0,204,0,181,1,60,0,134,0,58,0,25,0,15,0,12,
0,206,250,32,16,35,249,51,0,74,253,192,5,100,16,249,249,53,183,0,200,0,183,1,59,0,135,0,58,0,25,0,15,0,12,
0,206,250,32,16,35,249,51,0,74,253,192,5,173,17,184,249,153,183,0,196,0,186,1,58,0,135,0,59,0,26,0,16,0,12,
0,131,250,93,15,47,249,51,0,74,253,192,5,173,17,184,249,153,183,0,192,0,189,1,57,0,134,0,58,0,25,0,15,0,12,
0,62,250,117,14,56,249,51,0,74,253,192,5,4,20,168,249,91,184,0,188,0,191,1,55,0,134,0,58,0,26,0,16,0,12,
0,62,250,117,14,115,249,51,0,74,253,192,5,32,22,11,250,67,184,0,185,0,194,1,55,0,134,0,58,0,25,0,16,0,12,
0,17,250,86,13,115,249,51,0,74,253,192,5,69,23,46,249,94,183,0,182,0,196,1,53,0,133,0,57,0,25,0,15,0,12,
0,30,250,3,12,145,249,51,0,74,253,192,5,69,23,208,248,70,183,0,178,0,198,1,51,0,133,0,58,0,26,0,16,0,13,
0,49,250,186,10,205,249,235,255,5,253,137,6,46,22,208,248,70,183,0,174,0,200,1,49,0,132,0,57,0,25,0,16,0,12,
0,49,250,186,10,63,250,235,255,5,253,137,6,187,20,211,249,138,184,0,171,0,201,1,45,0,132,0,58,0,25,0,16,0,12,
0,2,250,70,9,63,250,235,255,5,253,137,6,34,15,2,250,217,183,0,171,0,204,1,41,0,130,0,57,0,24,0,15,0,12,
0,13,250,242,7,35,251,235,255,5,253,137,6,69,10,123,254,199,184,0,169,0,208,1,38,0,129,0,57,0,25,0,16,0,13,
0,116,250,195,6,157,252,235,255,5,253,137,6,69,10,123,254,199,184,0,168,0,213,1,35,0,128,0,59,0,25,0,15,0,12,
0,116,250,195,6,157,252,235,255,5,253,137,6,132,11,223,253,5,184,0,166,0,217,1,33,0,127,0,59,0,25,0,16,0,12,
0,191,250,45,6,233,253,235,255,5,253,137,6,182,11,17,253,146,185,0,165,0,219,1,30,0,125,0,57,0,26,0,16,0,12,
0,242,250,215,5,58,254,235,255,5,253,137,6,102,11,221,254,75,183,0,165,0,219,1,23,0,124,0,56,0,26,0,16,0,12,
0,73,251,154,5,88,254,235,255,5,253,137,6,102,11,55,255,14,184,0,165,0,218,1,17,0,121,0,55,0,25,0,15,0,11,
0,73,251,154,5,88,254,235,255,5,253,137,6,41,11,55,255,14,184,0,166,0,215,1,11,0,119,0,55,0,24,0,15,0,12,
0,122,251,77,5,202,254,171,255,88,253,202,5,99,12,36,254,121,184,0,167,0,213,1,8,0,117,0,53,0,23,0,15,0,12,
0,146,251,194,4,24,255,171,255,88,253,202,5,28,13,147,254,159,185,0,168,0,211,1,5,0,115,0,52,0,22,0,14,0,11,
0,146,251,194,4,229,254,171,255,88,253,202,5,11,13,131,255,3,184,0,168,0,209,1,2,0,114,0,52,0,23,0,15,0,11,
0,114,251,81,4,229,254,171,255,88,253,202,5,11,13,131,255,75,181,0,168,0,207,1,1,0,112,0,49,0,22,0,14,0,11,
0,130,251,245,3,135,254,171,255,88,253,202,5,196,11,119,255,75,181,0,167,0,204,1,1,0,111,0,49,0,22,0,14,0,11,
0,159,251,154,3,241,253,171,255,88,253,202,5,107,10,160,255,7,182,0,168,0,202,1,3,0,110,0,49,0,22,0,14,0,11,
0,159,251,154,3,123,253,171,255,88,253,202,5,226,10,130,255,185,183,0,168,0,201,1,5,0,110,0,48,0,22,0,14,0,11,
0,195,251,51,3,123,253,171,255,88,253,202,5,202,12,204,254,73,183,0,168,0,200,1,8,0,109,0,47,0,20,0,13,0,11,
0,235,251,168,2,15,253,171,255,88,253,202,5,202,12,204,254,73,183,0,167,0,197,1,9,0,110,0,47,0,21,0,14,0,11,
0,23,252,104,2,175,252,171,255,88,253,202,5,49,12,130,254,205,179,0,166,0,197,1,11,0,110,0,47,0,21,0,14,0,11,
0,23,252,104,2,175,252,171,255,88,253,202,6,119,11,181,255,191,181,0,166,0,196,1,12,0,110,0,42,0,20,0,14,0,12,
0,50,252,53,2,72,252,169,255,49,253,49,6,196,11,28,0,107,184,0,166,0,195,1,13,0,110,0,43,0,19,0,13,0,11,
0,72,252,209,1,230,251,169,255,49,253,49,6,196,11,28,0,187,184,0,164,0,193,1,13,0,111,0,44,0,20,0,14,0,12,
0,52,252,121,1,173,251,169,255,49,253,49,6,242,11,119,0,187,184,0,162,0,192,1,15,0,111,0,45,0,19,0,13,0,11,
0,52,252,121,1,173,251,169,255,49,253,49,6,151,12,186,255,128,183,0,160,0,190,1,16,0,111,0,46,0,22,0,14,0,12,
0,40,252,254,0,152,251,169,255,49,253,49,6,117,10,98,255,183,180,0,158,0,187,1,18,0,111,0,46,0,21,0,14,0,12,
0,247,251,81,0,148,251,169,255,49,253,49,6,12,10,248,255,180,186,0,155,0,184,1,20,0,113,0,47,0,22,0,14,0,12,
0,247,251,81,0,155,251,169,255,49,253,49,6,12,10,248,255,180,186,0,153,0,182,1,24,0,114,0,47,0,21,0,14,0,12,
0,206,251,198,255,155,251,169,255,49,253,49,6,90,11,68,255,180,185,0,151,0,179,1,27,0,114,0,47,0,21,0,14,0,11,
0,199,251,89,255,153,251,169,255,49,253,49,6,244,9,173,254,196,181,0,149,0,177,1,31,0,116,0,49,0,22,0,14,0,12,
0,140,251,218,254,188,251,169,255,49,253,49,6,52,8,153,255,191,183,0,147,0,176,1,35,0,117,0,49,0,19,0,14,0,11,
0,140,251,218,254,188,251,198,255,19,253,15,6,52,8,17,0,190,185,0,146,0,175,1,40,0,118,0,49,0,20,0,14,0,11,
0,106,251,97,254,200,251,198,255,19,253,15,6,245,8,17,0,190,185,0,144,0,173,1,43,0,121,0,50,0,21,0,14,0,12,
0,106,251,11,254,213,251,198,255,19,253,15,6,98,9,200,255,143,184,0,143,0,173,1,48,0,121,0,49,0,22,0,14,0,11,
0,112,251,205,253,244,251,198,255,19,253,15,6,18,9,21,255,125,181,0,142,0,172,1,50,0,124,0,51,0,23,0,14,0,12,
0,112,251,205,253,244,251,198,255,19,253,15,6,183,6,61,255,58,182,0,141,0,172,1,52,0,125,0,52,0,23,0,15,0,12,
0,97,251,91,253,29,252,198,255,19,253,15,6,183,6,61,255,254,183,0,140,0,173,1,53,0,126,0,53,0,23,0,15,0,11,
0,148,251,32,253,34,252,198,255,19,253,15,6,180,6,152,255,254,183,0,140,0,174,1,53,0,127,0,53,0,23,0,14,0,11,
0,198,251,14,253,42,252,198,255,19,253,15,6,251,5,92,255,49,185,0,139,0,175,1,53,0,128,0,56,0,23,0,14,0,11,
0,198,251,14,253,42,252,198,255,19,253,15,6,41,6,217,254,99,184,0,139,0,176,1,52,0,129,0,57,0,25,0,15,0,12,
0,226,251,40,253,74,252,198,255,19,253,15,6,41,6,187,254,90,183,0,139,0,178,1,51,0,129,0,56,0,25,0,15,0,12,
0,238,251,95,253,96,252,131,255,36,253,211,5,10,6,187,254,90,183,0,138,0,180,1,50,0,129,0,56,0,25,0,16,0,12,
0,238,251,95,253,109,252,131,255,36,253,211,5,73,5,13,255,214,185,0,139,0,182,1,50,0,129,0,60,0,25,0,14,0,11,
0,4,252,134,253,109,252,131,255,36,253,211,5,20,6,15,255,66,185,0,138,0,184,1,48,0,130,0,60,0,26,0,15,0,12,
0,3,252,151,253,117,252,131,255,36,253,211,5,81,5,39,255,253,184,0,138,0,186,1,47,0,129,0,59,0,24,0,15,0,12,
0,249,251,138,253,102,252,131,255,36,253,211,5,81,5,39,255,144,186,0,138,0,189,1,47,0,129,0,58,0,24,0,15,0,12,
0,249,251,138,253,102,252,131,255,36,253,211,5,131,4,81,255,144,186,0,139,0,191,1,46,0,129,0,57,0,24,0,15,0,11,
0,254,251,127,253,120,252,131,255,36,253,211,5,133,4,43,255,144,188,0,138,0,193,1,44,0,129,0,57,0,25,0,15,0,12,
0,31,252,100,253,104,252,131,255,36,253,211,5,130,4,234,254,197,186,0,139,0,195,1,44,0,128,0,59,0,24,0,14,0,11,
0,54,252,79,253,94,252,131,255,36,253,211,5,121,3,60,254,33,185,0,139,0,197,1,43,0,128,0,61,0,26,0,16,0,12,
0,54,252,79,253,94,252,131,255,36,253,211,5,121,3,60,254,33,185,0,139,0,200,1,42,0,127,0,59,0,25,0,15,0,11,
0,82,252,57,253,95,252,205,255,10,253,49,6,230,2,163,254,91,188,0,139,0,201,1,40,0,127,0,59,0,26,0,16,0,12,
0,76,252,62,253,103,252,205,255,10,253,49,6,127,3,153,254,237,188,0,140,0,203,1,39,0,126,0,57,0,25,0,15,0,11,
0,60,252,48,253,109,252,205,255,10,253,49,6,26,5,93,254,57,188,0,140,0,204,1,37,0,126,0,57,0,24,0,15,0,11,
0,60,252,48,253,109,252,205,255,10,253,49,6,26,5,70,254,109,185,0,140,0,206,1,35,0,125,0,56,0,25,0,16,0,12,
0,26,252,14,253,121,252,205,255,10,253,49,6,28,4,70,254,109,185,0,141,0,208,1,33,0,124,0,55,0,25,0,15,0,12,
0,40,252,248,252,111,252,205,255,10,253,49,6,187,3,249,254,17,188,0,141,0,208,1,31,0,124,0,55,0,27,0,16,0,12,
0,40,252,248,252,100,252,205,255,10,253,49,6,112,5,207,254,97,189,0,142,0,209,1,30,0,123,0,54,0,25,0,15,0,11,
0,42,252,239,252,100,252,205,255,10,253,49,6,110,6,135,254,124,187,0,142,0,209,1,28,0,122,0,54,0,25,0,16,0,12,
0,32,252,179,252,133,252,205,255,10,253,49,6,110,6,135,254,124,187,0,142,0,210,1,26,0,121,0,54,0,25,0,16,0,12,
0,12,252,150,252,131,252,205,255,10,253,49,6,186,5,105,254,20,186,0,143,0,212,1,26,0,120,0,53,0,24,0,15,0,12,
0,12,252,150,252,131,252,205,0,225,252,34,6,252,4,26,254,161,188,0,143,0,212,1,25,0,120,0,53,0,23,0,15,0,11,
0,25,252,95,252,112,252,22,0,225,252,34,6,148,5,248,253,225,189,0,144,0,213,1,24,0,120,0,53,0,24,0,16,0,12,
0,3,252,55,252,79,252,22,0,225,252,34,6,148,5,68,253,170,188,0,144,0,214,1,24,0,119,0,52,0,23,0,15,0,11,
0,229,251,36,252,74,252,22,0,225,252,34,6,44,6,68,253,170,188,0,144,0,215,1,23,0,119,0,53,0,24,0,15,0,12,
0,229,251,36,252,74,252,22,0,225,252,34,6,239,5,194,252,186,185,0,144,0,216,1,23,0,119,0,52,0,24,0,15,0,12,
0,198,251,61,252,81,252,22,0,225,252,34,6,82,5,30,253,173,187,0,144,0,217,1,23,0,118,0,52,0,24,0,15,0,12,
0,145,251,112,252,85,252,22,0,225,252,34,6,14,6,163,253,198,189,0,145,0,219,1,25,0,118,0,51,0,23,0,14,0,11,
0,100,251,97,252,134,252,22,0,225,252,34,6,14,6,163,253,2,189,0,144,0,219,1,26,0,118,0,51,0,23,0,14,0,11,
0,100,251,97,252,134,252,22,0,225,252,34,6,221,7,25,253,2,189,0,144,0,220,1,26,0,118,0,51,0,23,0,15,0,12,
0,105,251,84,252,167,252,22,0,225,252,34,6,135,7,9,253,138,186,0,145,0,221,1,28,0,118,0,51,0,23,0,14,0,12,
0,61,251,63,252,200,252,22,0,225,252,34,6,22,7,115,253,7,186,0,145,0,222,1,30,0,118,0,51,0,22,0,14,0,11,
0,61,251,63,252,223,252,252,255,156,252,54,6,22,6,136,253,254,187,0,144,0,222,1,31,0,119,0,51,0,23,0,15,0,12,
0,13,251,27,252,223,252,252,255,156,252,54,6,149,6,136,253,254,187,0,144,0,223,1,33,0,119,0,51,0,20,0,14,0,11,
0,243,250,14,252,226,252,252,255,156,252,54,6,27,7,195,253,40,189,0,144,0,224,1,34,0,120,0,51,0,22,0,14,0,12,
0,228,250,220,251,234,252,252,255,156,252,54,6,207,6,147,253,93,188,0,144,0,226,1,36,0,120,0,51,0,22,0,14,0,12,
0,228,250,220,251,234,252,252,255,156,252,54,6,234,6,232,252,221,185,0,144,0,227,1,38,0,121,0,51,0,21,0,14,0,11,
0,199,250,185,251,242,252,252,255,156,252,54,6,234,6,232,252,87,186,0,144,0,228,1,39,0,122,0,52,0,22,0,14,0,12,
0,188,250,170,251,10,253,252,255,156,252,54,6,235,5,247,252,87,186,0,144,0,230,1,41,0,122,0,52,0,22,0,14,0,11,
0,208,250,175,251,31,253,252,255,156,252,54,6,218,5,69,253,144,187,0,144,0,232,1,42,0,124,0,53,0,23,0,15,0,12,
0,208,250,175,251,31,253,252,255,156,252,54,6,229,6,134,253,126,188,0,144,0,233,1,43,0,124,0,53,0,23,0,15,0,12,
0,207,250,202,251,76,253,252,255,156,252,54,6,115,6,80,253,73,187,0,144,0,235,1,44,0,125,0,53,0,23,0,15,0,12,
0,209,250,191,251,136,253,226,255,223,252,232,5,115,6,80,253,73,187,0,144,0,237,1,45,0,125,0,53,0,22,0,14,0,12,
0,201,250,191,251,147,253,226,255,223,252,232,5,12,6,166,253,55,188,0,144,0,238,1,45,0,126,0,54,0,23,0,15,0,12,
0,201,250,170,251,147,253,226,255,223,252,232,5,208,5,70,253,175,186,0,144,0,239,1,46,0,126,0,54,0,24,0,15,0,12,
0,214,250,168,251,201,253,226,255,223,252,232,5,15,5,255,252,49,187,0,144,0,241,1,46,0,127,0,55,0,23,0,15,0,12,
0,185,250,173,251,11,254,226,255,223,252,232,5,15,5,239,252,206,188,0,144,0,242,1,46,0,127,0,55,0,24,0,15,0,12,
0,185,250,173,251,34,254,226,255,223,252,232,5,83,4,239,252,206,188,0,144,0,244,1,46,0,127,0,55,0,23,0,14,0,11,
0,173,250,190,251,34,254,226,255,223,252,232,5,112,4,155,252,244,187,0,144,0,245,1,45,0,127,0,55,0,24,0,15,0,12,
0,215,250,191,251,39,254,226,255,223,252,232,5,200,3,143,252,26,187,0,144,0,246,1,44,0,127,0,55,0,24,0,15,0,12,
0,203,250,185,251,27,254,226,255,223,252,232,5,133,2,174,252,222,187,0,145,0,247,1,44,0,127,0,55,0,23,0,15,0,12,
0,203,250,185,251,27,254,226,255,223,252,232,5,133,2,174,252,222,188,0,145,0,249,1,44,0,127,0,55,0,24,0,15,0,12,
0,217,250,206,251,33,254,197,255,194,252,10,6,17,3,120,252,177,188,0,145,0,251,1,44,0,126,0,54,0,23,0,14,0,12,
0,225,250,179,251,77,254,197,255,194,252,10,6,249,2,142,252,93,188,0,146,0,251,1,43,0,127,0,55,0,23,0,14,0,11,
0,171,250,174,251,99,254,197,255,194,252,10,6,142,3,97,252,103,187,0,146,0,252,1,42,0,127,0,55,0,24,0,15,0,12,
0,171,250,174,251,99,254,197,255,194,252,10,6,142,3,102,252,233,186,0,146,0,253,1,41,0,126,0,55,0,23,0,14,0,12,
0,118,250,146,251,101,254,197,255,194,252,10,6,240,1,102,252,233,186,0,146,0,254,1,40,0,126,0,55,0,24,0,15,0,12,
0,128,250,154,251,84,254,197,255,194,252,10,6,56,2,121,252,165,188,0,147,0,255,1,41,0,126,0,54,0,23,0,14,0,11,
0,99,250,154,251,104,254,197,255,194,252,10,6,11,2,255,251,60,187,0,147,0,255,1,40,0,126,0,55,0,24,0,15,0,12,
0,99,250,171,251,104,254,197,255,194,252,10,6,198,0,39,252,201,186,0,147,1,0,1,39,0,126,0,55,0,24,0,15,0,12,
0,81,250,157,251,129,254,197,255,194,252,10,6,198,0,39,252,53,187,0,148,1,1,1,38,0,125,0,54,0,23,0,14,0,12,
0,68,250,172,251,117,254,197,255,194,252,10,6,156,0,231,251,53,187,0,148,1,1,1,37,0,125,0,54,0,24,0,15,0,12,
0,68,250,172,251,110,254,33,0,186,252,238,5,122,0,205,251,210,186,0,148,1,2,1,37,0,124,0,54,0,23,0,14,0,11,
0,44,250,208,251,110,254,33,0,186,252,238,5,191,255,14,252,4,188,0,148,1,3,1,36,0,124,0,54,0,24,0,15,0,12,
0,58,250,229,251,122,254,33,0,186,252,238,5,107,0,16,252,112,188,0,149,1,4,1,36,0,124,0,54,0,23,0,15,0,12,
0,27,250,245,251,133,254,33,0,186,252,238,5,107,0,16,252,112,188,0,149,1,4,1,35,0,124,0,54,0,23,0,15,0,12,
0,27,250,245,251,133,254,33,0,186,252,238,5,10,1,195,251,72,187,0,149,1,5,1,34,0,124,0,54,0,24,0,15,0,12,
0,243,249,9,252,118,254,33,0,186,252,238,5,70,0,16,252,217,184,0,150,1,6,1,34,0,123,0,53,0,23,0,14,0,11,
0,237,249,22,252,129,254,33,0,186,252,238,5,13,255,41,252,217,186,0,149,1,6,1,33,0,123,0,54,0,23,0,15,0,12,
0,5,250,21,252,103,254,33,0,186,252,238,5,13,255,41,252,42,190,0,150,1,7,1,32,0,122,0,48,0,23,0,15,0,13,
0,5,250,21,252,103,254,33,0,186,252,238,5,160,255,91,252,42,190,0,150,1,8,1,31,0,122,0,49,0,24,0,15,0,12,
0,25,250,70,252,102,254,33,0,186,252,238,5,108,0,128,251,21,185,0,150,1,8,1,31,0,121,0,49,0,23,0,14,0,11,
0,32,250,122,252,115,254,33,0,186,252,238,5,243,254,21,252,203,185,0,150,1,8,1,29,0,121,0,50,0,23,0,15,0,12,
0,41,250,122,252,113,254,72,0,121,252,114,6,247,254,79,252,183,188,0,151,1,9,1,29,0,121,0,50,0,22,0,14,0,11,
0,41,250,154,252,113,254,72,0,121,252,114,6,247,254,79,252,183,188,0,151,1,9,1,28,0,120,0,51,0,23,0,15,0,12,
0,49,250,181,252,96,254,72,0,121,252,114,6,243,255,144,251,87,187,0,151,1,9,1,27,0,119,0,51,0,22,0,14,0,11,
0,26,250,222,252,134,254,72,0,121,252,114,6,239,254,231,251,53,185,0,151,1,10,1,26,0,120,0,51,0,23,0,15,0,12,
0,26,250,222,252,134,254,72,0,121,252,114,6,148,255,18,252,200,187,0,152,1,11,1,27,0,119,0,51,0,22,0,14,0,11,
0,29,250,6,253,134,254,72,0,121,252,114,6,148,255,248,251,144,187,0,152,1,11,1,26,0,119,0,51,0,22,0,14,0,11,
0,66,250,36,253,139,254,72,0,121,252,114,6,194,255,248,251,144,187,0,153,1,11,1,25,0,119,0,51,0,23,0,15,0,12,
0,127,250,47,253,150,254,72,0,121,252,114,6,183,255,235,251,87,186,0,153,1,12,1,26,0,119,0,51,0,23,0,15,0,12,
0,127,250,47,253,150,254,72,0,121,252,114,6,88,255,236,251,202,185,0,154,1,12,1,26,0,118,0,51,0,22,0,14,0,11,
0,119,250,85,253,138,254,72,0,121,252,114,6,19,255,4,252,245,187,0,154,1,12,1,25,0,119,0,51,0,23,0,15,0,12,
0,134,250,87,253,144,254,9,0,107,252,215,5,19,255,4,252,218,188,0,155,1,13,1,26,0,118,0,51,0,22,0,14,0,11,
0,169,250,116,253,181,254,9,0,107,252,215,5,213,254,6,252,218,188,0,155,1,13,1,25,0,119,0,51,0,23,0,15,0,12,
0,169,250,116,253,181,254,9,0,107,252,215,5,153,255,122,251,23,187,0,156,1,14,1,26,0,118,0,51,0,23,0,15,0,12,
0,169,250,177,253,197,254,9,0,107,252,215,5,142,254,174,251,137,186,0,156,1,14,1,26,0,119,0,52,0,23,0,15,0,12,
0,170,250,222,253,188,254,9,0,107,252,215,5,142,254,197,251,212,188,0,157,1,15,1,27,0,118,0,51,0,22,0,14,0,11,
0,170,250,222,253,178,254,9,0,107,252,215,5,84,255,197,251,212,188,0,157,1,16,1,27,0,118,0,51,0,22,0,14,0,11,
0,172,250,25,254,178,254,9,0,107,252,215,5,30,0,26,251,149,186,0,157,1,16,1,27,0,119,0,52,0,23,0,15,0,12,
0,200,250,72,254,185,254,9,0,107,252,215,5,163,254,11,252,43,189,0,158,1,16,1,28,0,118,0,55,0,24,0,15,0,12,
0,196,250,126,254,179,254,9,0,107,252,215,5,32,1,87,251,37,189,0,159,1,17,1,29,0,119,0,54,0,23,0,14,0,12,
0,196,250,126,254,201,254,9,0,107,252,215,5,32,1,87,251,140,184,0,159,1,17,1,29,0,119,0,54,0,24,0,14,0,11,
0,188,250,137,254,201,254,38,0,91,252,232,6,239,255,86,251,140,184,0,160,1,18,1,30,0,119,0,53,0,23,0,14,0,11,
0,209,250,116,254,212,254,38,0,91,252,232,6,254,254,234,251,37,188,0,161,1,18,1,31,0,119,0,53,0,24,0,15,0,12,
0,228,250,127,254,223,254,38,0,91,252,232,6,193,255,183,251,111,190,0,162,1,19,1,32,0,119,0,52,0,21,0,14,0,12,
0,228,250,127,254,223,254,38,0,91,252,232,6,180,0,216,250,233,186,0,162,1,19,1,32,0,120,0,53,0,23,0,14,0,12,
0,238,250,151,254,232,254,38,0,91,252,232,6,180,0,216,250,233,186,0,163,1,19,1,34,0,120,0,52,0,22,0,14,0,11,
0,241,250,196,254,243,254,38,0,91,252,232,6,250,254,81,251,119,186,0,163,1,19,1,34,0,121,0,53,0,23,0,14,0,12,
0,235,250,242,254,245,254,38,0,91,252,232,6,32,255,209,251,169,189,0,164,1,20,1,35,0,121,0,53,0,23,0,15,0,12,
0,235,250,242,254,245,254,38,0,91,252,232,6,232,0,252,250,15,189,0,165,1,20,1,36,0,121,0,52,0,23,0,15,0,12,
0,9,251,247,254,249,254,38,0,91,252,232,6,232,0,114,250,155,185,0,166,1,21,1,37,0,122,0,52,0,22,0,14,0,12,
0,58,251,23,255,213,254,38,0,91,252,232,6,116,0,114,250,155,185,0,166,1,21,1,37,0,123,0,53,0,23,0,15,0,12,
0,58,251,23,255,221,254,70,0,88,252,236,5,247,255,64,251,78,188,0,167,1,22,1,38,0,123,0,53,0,23,0,14,0,11,
0,98,251,32,255,221,254,70,0,88,252,236,5,142,0,81,251,146,190,0,168,1,21,1,39,0,123,0,53,0,23,0,15,0,12,
0,103,251,72,255,224,254,70,0,88,252,236,5,243,1,182,250,8,189,0,168,1,22,1,40,0,123,0,53,0,23,0,14,0,12,
0,99,251,107,255,245,254,70,0,88,252,236,5,243,1,182,250,8,186,0,169,1,22,1,40,0,124,0,53,0,24,0,15,0,12,
0,99,251,107,255,232,254,70,0,88,252,236,5,178,1,52,250,240,186,0,170,1,22,1,40,0,124,0,53,0,23,0,14,0,11,
0,67,251,102,255,232,254,70,0,88,252,236,5,251,255,157,250,74,188,0,171,1,23,1,41,0,124,0,53,0,23,0,14,0,11,
0,46,251,82,255,232,254,70,0,88,252,236,5,102,1,149,250,234,190,0,171,1,22,1,40,0,125,0,54,0,23,0,15,0,12,
0,53,251,58,255,223,254,70,0,88,252,236,5,102,1,229,249,59,188,0,172,1,23,1,41,0,125,0,54,0,23,0,14,0,12,
0,53,251,58,255,223,254,70,0,88,252,236,5,75,2,229,249,59,188,0,173,1,23,1,40,0,125,0,54,0,24,0,15,0,12,
0,78,251,54,255,211,254,70,0,88,252,236,5,34,1,149,249,229,186,0,174,1,24,1,40,0,125,0,54,0,23,0,14,0,12,
0,54,251,82,255,223,254,70,0,88,252,236,5,18,1,180,249,225,189,0,175,1,24,1,40,0,125,0,54,0,23,0,14,0,11,
0,50,251,58,255,197,254,59,0,66,252,120,5,255,1,9,250,89,190,0,175,1,24,1,39,0,125,0,54,0,23,0,15,0,12,
0,50,251,58,255,197,254,59,0,66,252,120,5,255,1,9,250,1,189,0,177,1,24,1,39,0,125,0,54,0,24,0,15,0,12,
0,39,251,44,255,170,254,59,0,66,252,120,5,75,3,71,249,1,189,0,178,1,24,1,38,0,125,0,54,0,23,0,15,0,12,
0,50,251,36,255,166,254,59,0,66,252,120,5,204,2,29,249,142,186,0,179,1,24,1,38,0,124,0,54,0,23,0,14,0,12,
0,50,251,36,255,144,254,59,0,66,252,120,5,28,2,123,249,184,189,0,180,1,24,1,36,0,124,0,54,0,24,0,15,0,12,
0,67,251,8,255,144,254,59,0,66,252,120,5,58,3,27,249,21,191,0,182,1,23,1,36,0,124,0,54,0,23,0,15,0,12,
0,49,251,245,254,144,254,59,0,66,252,120,5,58,3,27,249,21,191,0,183,1,23,1,35,0,124,0,54,0,23,0,15,0,12,
0,39,251,216,254,143,254,59,0,66,252,120,5,26,4,162,248,84,188,0,183,1,23,1,34,0,124,0,54,0,23,0,15,0,12,
0,39,251,216,254,142,254,59,0,66,252,120,5,104,2,184,248,203,187,0,185,1,23,1,34,0,123,0,53,0,23,0,14,0,11,
0,26,251,207,254,142,254,59,0,66,252,120,5,72,3,178,248,187,189,0,186,1,23,1,33,0,123,0,53,0,23,0,14,0,11,
0,20,251,159,254,135,254,82,0,240,251,183,6,72,3,178,248,117,190,0,187,1,23,1,32,0,123,0,54,0,23,0,14,0,11,
0,254,250,128,254,131,254,82,0,240,251,183,6,116,3,149,248,117,190,0,188,1,23,1,31,0,122,0,53,0,25,0,15,0,12,
0,254,250,128,254,131,254,82,0,240,251,183,6,30,4,64,248,156,187,0,189,1,23,1,30,0,122,0,53,0,25,0,14,0,11,
0,7,251,109,254,116,254,82,0,240,251,183,6,86,3,197,247,150,187,0,145,1,47,1,52,0,123,0,52,0,23,0,14,0,11,
0,246,250,100,254,94,254,82,0,240,251,183,6,91,32,235,60,122,198,0,133,1,9,1,59,0,126,0,54,0,24,0,16,0,12,
0,32,250,180,254,139,254,82,0,240,251,183,6,91,32,235,60,122,198,0,202,1,63,1,81,0,131,0,55,0,25,0,16,0,11,
0,32,250,180,254,139,254,82,0,240,251,183,6,12,60,107,26,31,202,0,249,1,17,1,86,0,132,0,53,0,21,0,13,0,11,
0,11,247,189,0,120,0,82,0,240,251,183,6,107,51,237,232,190,239,1,67,1,85,1,86,0,139,0,59,0,29,0,17,0,14,
0,80,245,47,252,189,3,82,0,240,251,183,6,211,80,35,54,62,69,1,72,1,86,1,81,0,143,0,62,0,30,0,17,0,13,
0,80,245,47,252,110,6,82,0,240,251,183,6,211,80,185,65,132,63,0,212,1,82,1,58,0,137,0,58,0,24,0,14,0,11,
0,134,250,168,235,110,6,148,0,249,251,43,6,213,90,185,65,132,63,0,139,1,63,0,247,0,127,0,55,0,23,0,14,0,13,
0,125,5,162,216,205,7,148,0,249,251,43,6,75,90,55,96,120,43,0,135,1,3,0,162,0,115,0,56,0,24,0,16,0,12,
0,62,18,75,204,140,7,148,0,249,251,43,6,149,91,230,116,182,21,0,136,0,166,0,134,0,102,0,53,0,23,0,13,0,10,
0,62,18,75,204,140,5,148,0,249,251,43,6,90,94,148,103,101,249,0,173,0,139,0,133,0,88,0,46,0,20,0,13,0,12,
0,204,27,149,203,240,5,148,0,249,251,43,6,90,94,148,103,248,227,1,9,0,135,0,133,0,80,0,42,0,19,0,13,0,12,
0,131,31,187,211,216,2,148,0,249,251,43,6,33,88,147,63,248,227,1,49,0,133,0,136,0,74,0,40,0,19,0,13,0,11,
0,224,28,3,221,151,254,148,0,249,251,43,6,80,67,242,26,230,199,1,63,0,133,0,147,0,69,0,37,0,20,0,13,0,10,
0,224,28,3,221,151,254,148,0,249,251,43,6,198,55,99,211,105,181,1,72,0,133,0,143,0,65,0,33,0,16,0,12,0,11,
0,182,21,41,225,32,251,148,0,249,251,43,6,198,55,219,192,248,185,1,12,0,134,0,133,0,60,0,30,0,13,0,11,0,11,
0,197,13,2,224,143,249,148,0,249,251,43,6,166,57,219,192,248,185,1,25,0,138,0,132,0,59,0,31,0,16,0,12,0,10,
0,233,6,42,221,14,250,133,1,111,252,154,6,86,54,125,189,205,192,1,60,1,82,0,131,0,58,0,30,0,17,0,14,0,14,
0,233,6,42,221,14,250,133,1,111,252,154,6,14,38,219,182,16,192,1,73,1,83,0,133,0,53,0,25,0,13,0,12,0,13,
0,178,1,127,219,5,252,133,1,111,252,154,6,201,6,132,187,188,196,1,70,1,78,0,137,0,54,0,26,0,15,0,13,0,12,
0,136,254,85,218,38,255,133,1,111,252,154,6,201,6,132,187,134,204,1,55,1,79,1,95,0,78,0,31,0,19,0,15,0,12,
0,136,254,85,218,250,2,133,1,111,252,154,6,79,234,79,193,134,204,1,25,1,73,1,84,0,91,0,33,0,18,0,14,0,14,
0,87,253,102,216,250,2,133,1,111,252,154,6,70,214,154,197,21,211,0,234,1,67,1,81,0,99,0,33,0,16,0,12,0,13,
0,239,253,18,213,217,6,133,1,111,252,154,6,243,200,42,203,186,218,0,177,1,61,1,77,0,109,0,39,0,16,0,13,0,12,
0,197,255,76,209,33,10,133,1,111,252,154,6,254,193,254,203,233,214,0,141,1,62,1,71,0,116,0,43,0,19,0,13,0,11,
0,197,255,76,209,33,10,133,1,111,252,154,6,254,193,254,203,233,214,0,135,1,67,1,56,0,116,0,41,0,17,0,11,0,10,
0,86,2,252,206,122,12,133,1,111,252,154,6,68,180,162,206,173,206,0,134,1,61,1,31,0,115,0,42,0,16,0,10,0,8,
0,181,4,11,207,5,14,133,1,111,252,143,6,31,164,198,208,189,205,0,133,1,54,0,253,0,114,0,46,0,20,0,12,0,8,
0,115,6,228,208,229,14,233,2,82,252,143,6,115,157,22,211,48,204,0,134,1,46,0,199,0,106,0,45,0,17,0,11,0,9,
0,115,6,228,208,229,14,233,2,82,252,143,6,115,157,122,209,16,199,0,135,1,40,0,144,0,92,0,40,0,17,0,10,0,9,
0,237,6,240,211,198,15,233,2,82,252,143,6,124,175,122,209,16,199,0,136,1,44,0,134,0,83,0,38,0,15,0,11,0,10,
0,249,5,86,216,33,16,233,2,82,252,143,6,139,185,233,212,99,200,0,136,1,52,0,133,0,78,0,34,0,17,0,13,0,10,
0,183,3,191,221,120,15,233,2,82,252,143,6,235,186,242,221,59,200,0,136,1,57,0,132,0,72,0,32,0,16,0,13,0,11,
0,183,3,191,221,120,15,233,2,82,252,143,6,185,187,232,228,38,203,0,137,1,63,0,133,0,63,0,29,0,14,0,11,0,11,
0,96,1,157,227,198,14,233,2,82,252,143,6,185,187,232,228,38,196,0,138,1,62,0,134,0,63,0,30,0,16,0,13,0,11,
0,205,255,174,233,135,14,233,2,82,252,143,6,136,190,73,234,171,196,0,140,1,58,0,135,0,61,0,30,0,16,0,13,0,11,
0,205,255,174,233,118,13,233,2,82,252,143,6,75,191,155,239,216,197,0,142,1,53,0,136,0,56,0,26,0,13,0,11,0,11,
0,124,255,129,239,118,13,233,2,82,252,143,6,178,197,163,247,159,201,0,145,1,48,0,136,0,54,0,25,0,13,0,11,0,11,
0,53,0,80,244,175,10,31,3,93,252,196,6,178,197,111,3,156,199,0,152,1,43,0,139,0,55,0,26,0,14,0,12,0,11,
0,135,1,8,248,82,6,31,3,93,252,196,6,222,200,111,3,156,199,0,169,1,33,0,153,0,56,0,26,0,16,0,12,0,11,
0,135,1,8,248,82,6,31,3,93,252,196,6,234,204,191,12,198,197,0,215,1,23,0,247,0,64,0,25,0,14,0,11,0,11,
0,71,3,192,250,37,2,31,3,93,252,196,6,151,211,39,19,16,201,1,59,1,13,1,85,0,84,0,30,0,16,0,13,0,13,
0,57,5,16,253,126,255,31,3,93,252,196,6,150,217,133,20,141,201,1,86,1,6,1,80,0,97,0,34,0,18,0,14,0,12,
0,233,6,107,255,156,254,31,3,93,252,196,6,150,217,133,20,33,203,1,83,1,0,1,77,0,105,0,36,0,15,0,12,0,11,
0,233,6,107,255,156,254,31,3,93,252,196,6,46,220,81,20,33,203,1,81,0,248,1,75,0,111,0,38,0,15,0,11,0,11,
0,36,8,226,0,227,254,31,3,93,252,196,6,161,224,109,18,120,201,1,80,0,239,1,72,0,118,0,42,0,18,0,13,0,12,
0,210,8,52,1,111,255,31,3,93,252,196,6,190,228,255,15,162,200,1,79,0,234,1,70,0,122,0,45,0,19,0,13,0,11,
0,18,9,111,0,235,255,31,3,93,252,196,6,136,233,38,14,231,199,1,78,0,229,1,68,0,125,0,47,0,20,0,13,0,12,
0,18,9,111,0,235,255,247,2,173,252,39,7,136,233,38,14,231,199,1,77,0,224,1,66,0,127,0,48,0,20,0,13,0,12,
0,216,8,239,254,247,255,247,2,173,252,39,7,53,237,220,12,7,200,1,75,0,217,1,63,0,129,0,51,0,23,0,14,0,11,
0,50,8,45,253,180,255,247,2,173,252,39,7,83,239,116,12,40,197,1,75,0,209,1,62,0,131,0,53,0,23,0,14,0,11,
0,50,8,45,253,91,255,247,2,173,252,39,7,255,242,251,11,57,190,1,73,0,204,1,60,0,131,0,53,0,23,0,14,0,12,
0,95,7,249,251,91,255,247,2,173,252,39,7,255,242,251,10,55,191,1,72,0,202,1,60,0,132,0,57,0,23,0,14,0,11,
0,206,6,196,251,55,255,247,2,173,252,39,7,210,244,21,10,55,191,1,72,0,200,1,61,0,133,0,59,0,25,0,14,0,11,
0,102,6,100,252,91,255,247,2,173,252,39,7,35,247,152,6,120,186,1,70,0,198,1,60,0,134,0,59,0,26,0,15,0,11,
0,102,6,100,252,91,255,247,2,173,252,39,7,53,247,222,3,62,183,1,70,0,195,1,60,0,132,0,57,0,23,0,14,0,11,
0,14,6,95,253,86,255,247,2,173,252,39,7,21,248,245,1,58,184,1,68,0,192,1,58,0,133,0,58,0,25,0,15,0,12,
0,230,5,171,254,41,255,247,2,173,252,39,7,21,248,245,1,58,184,1,64,0,191,1,54,0,134,0,59,0,27,0,16,0,12,
0,187,5,29,0,13,255,59,3,224,252,10,7,147,249,179,0,176,180,1,62,0,189,1,52,0,133,0,59,0,25,0,15,0,12,
0,187,5,29,0,13,255,59,3,224,252,10,7,125,250,205,253,188,181,1,61,0,190,1,51,0,132,0,57,0,25,0,15,0,12,
0,224,5,206,1,44,255,59,3,224,252,10,7,47,251,153,250,173,179,1,59,0,191,1,51,0,132,0,57,0,25,0,15,0,12,
0,233,5,135,3,175,255,59,3,224,252,10,7,47,251,217,247,82,181,1,55,0,194,1,51,0,133,0,59,0,27,0,16,0,12,
0,18,6,135,5,104,0,59,3,224,252,10,7,252,248,217,247,82,181,1,52,0,198,1,49,0,131,0,57,0,25,0,15,0,12,
0,18,6,8,5,104,0,59,3,224,252,10,7,110,248,93,244,209,184,1,48,0,205,1,45,0,129,0,56,0,22,0,14,0,12,
0,54,6,73,6,7,1,59,3,224,252,10,7,68,247,245,241,59,185,1,44,0,212,1,42,0,130,0,57,0,25,0,16,0,12,
0,52,6,56,7,90,1,59,3,224,252,10,7,72,243,185,238,71,182,1,40,0,219,1,37,0,129,0,57,0,25,0,15,0,12,
0,52,6,56,7,161,1,59,3,224,252,10,7,72,243,185,238,113,184,1,38,0,226,1,33,0,126,0,55,0,23,0,14,0,11,
0,78,6,19,8,161,1,59,3,224,252,10,7,156,239,6,236,113,184,1,35,0,230,1,26,0,125,0,55,0,26,0,15,0,12,
0,126,6,210,8,224,1,237,2,32,253,89,6,7,237,88,232,14,189,1,30,0,235,1,20,0,123,0,55,0,26,0,16,0,12,
0,136,6,89,9,181,1,237,2,32,253,89,6,132,236,107,228,212,191,1,25,0,239,1,13,0,121,0,54,0,23,0,14,0,11,
0,136,6,89,9,181,1,237,2,32,253,89,6,132,236,243,224,114,190,1,20,0,238,1,6,0,118,0,53,0,23,0,15,0,12,
0,107,6,202,9,102,1,237,2,32,253,89,6,87,238,243,224,114,190,1,16,0,239,0,255,0,115,0,52,0,24,0,14,0,11,
0,40,6,4,10,54,1,237,2,32,253,89,6,140,237,128,221,68,189,1,11,0,237,0,249,0,114,0,52,0,25,0,16,0,12,
0,205,5,37,10,218,0,237,2,32,253,89,6,169,236,162,219,196,192,1,8,0,234,0,243,0,110,0,50,0,23,0,15,0,12,
0,205,5,37,10,218,0,237,2,32,253,89,6,126,238,29,216,104,196,1,4,0,230,0,237,0,106,0,48,0,20,0,14,0,12,
0,31,5,254,9,137,0,237,2,32,253,89,6,126,238,29,216,61,194,1,0,0,224,0,230,0,104,0,48,0,22,0,14,0,12,
0,80,4,162,9,23,0,237,2,32,253,89,6,167,239,248,213,61,194,0,252,0,217,0,223,0,102,0,47,0,23,0,14,0,11,
0,104,3,162,9,130,255,237,2,32,253,89,6,239,238,92,214,236,190,0,248,0,209,0,215,0,98,0,46,0,22,0,14,0,12,
0,104,3,129,9,130,255,237,2,32,253,89,6,110,238,128,214,95,191,0,245,0,200,0,206,0,94,0,43,0,19,0,14,0,12,
0,86,2,199,9,209,254,199,2,250,252,6,7,174,238,27,215,139,192,0,242,0,191,0,196,0,91,0,43,0,19,0,13,0,11,
0,87,1,53,10,7,254,199,2,250,252,6,7,174,238,27,215,139,192,0,237,0,181,0,184,0,87,0,42,0,22,0,14,0,12,
0,87,1,53,10,88,253,199,2,250,252,6,7,186,241,90,215,223,192,0,234,0,171,0,174,0,81,0,38,0,16,0,12,0,11,
0,90,0,191,10,88,253,199,2,250,252,6,7,27,244,105,216,135,187,0,230,0,160,0,163,0,78,0,37,0,17,0,12,0,11,
0,71,255,73,11,185,252,199,2,250,252,6,7,69,245,94,219,203,184,0,225,0,153,0,155,0,74,0,36,0,20,0,13,0,11,
0,69,254,216,11,39,252,199,2,250,252,6,7,69,245,143,221,84,185,0,222,0,147,0,149,0,69,0,33,0,17,0,12,0,10,
0,69,254,216,11,39,252,199,2,250,252,6,7,162,246,143,221,84,185,0,220,0,143,0,144,0,65,0,31,0,16,0,12,0,11,
0,130,253,68,12,167,251,199,2,250,252,6,7,4,249,33,223,250,183,0,219,0,141,0,141,0,62,0,29,0,14,0,11,0,10,
0,177,252,190,12,23,251,199,2,250,252,6,7,61,251,5,224,101,179,0,217,0,139,0,139,0,60,0,29,0,14,0,12,0,11,
0,24,252,81,13,121,250,199,2,250,252,6,7,211,250,30,227,19,179,0,216,0,137,0,137,0,57,0,27,0,14,0,11,0,11,
0,24,252,81,13,121,250,184,2,237,252,166,6,211,250,30,227,19,181,0,216,0,137,0,137,0,55,0,25,0,13,0,11,0,11,
0,168,251,173,13,231,249,184,2,237,252,166,6,20,253,115,230,11,181,0,217,0,136,0,136,0,53,0,25,0,13,0,11,0,11,
0,85,251,1,14,139,249,184,2,237,252,166,6,177,255,171,232,206,178,0,218,0,136,0,136,0,53,0,24,0,13,0,11,0,10,
0,45,251,1,14,88,249,184,2,237,252,166,6,64,1,119,234,229,175,0,220,0,136,0,136,0,52,0,24,0,13,0,11,0,11,
0,45,251,105,14,88,249,184,2,237,252,166,6,64,1,224,235,183,174,0,222,0,136,0,136,0,51,0,23,0,13,0,11,0,11,
0,8,251,155,14,76,249,184,2,237,252,166,6,233,0,224,235,183,174,0,225,0,136,0,136,0,50,0,23,0,12,0,11,0,10,
0,207,250,182,14,39,249,184,2,237,252,166,6,122,0,74,238,108,175,0,227,0,136,0,136,0,50,0,23,0,13,0,11,0,11,
0,207,250,182,14,214,248,184,2,237,252,166,6,113,0,213,239,89,175,0,231,0,137,0,136,0,49,0,22,0,11,0,10,0,11,
0,174,250,24,15,214,248,184,2,237,252,166,6,197,0,131,240,183,174,0,235,0,137,0,136,0,49,0,22,0,12,0,11,0,11,
0,123,250,178,15,132,248,184,2,237,252,166,6,197,0,131,240,45,174,0,239,0,137,0,136,0,49,0,22,0,12,0,11,0,11,
0,68,250,49,16,92,248,21,2,207,252,163,7,143,0,79,241,45,174,0,244,0,137,0,136,0,49,0,23,0,12,0,11,0,11,
0,68,250,49,16,92,248,21,2,207,252,163,7,90,1,205,242,234,177,0,250,0,138,0,136,0,48,0,21,0,11,0,10,0,11,
0,43,250,166,16,53,248,21,2,207,252,163,7,222,3,239,243,221,176,0,255,0,139,0,136,0,48,0,22,0,11,0,11,0,10,
0,201,249,253,16,4,248,21,2,207,252,163,7,222,5,241,245,211,174,1,4,0,139,0,136,0,49,0,22,0,13,0,11,0,11,
0,135,249,13,17,253,247,21,2,207,252,163,7,28,5,241,245,211,174,1,10,0,139,0,136,0,47,0,21,0,11,0,10,0,10,
0,135,249,13,17,253,247,21,2,207,252,163,7,163,4,48,248,56,176,1,16,0,139,0,136,0,48,0,22,0,12,0,11,0,11,
0,104,249,246,16,26,248,21,2,207,252,163,7,164,5,207,249,247,179,1,23,0,140,0,136,0,48,0,22,0,12,0,11,0,11,
0,127,249,216,16,122,248,21,2,207,252,163,7,218,6,91,250,126,179,1,28,0,141,0,136,0,48,0,22,0,11,0,10,0,10,
0,127,249,216,16,215,248,21,2,207,252,163,7,218,6,91,250,229,176,1,32,0,141,0,136,0,48,0,21,0,12,0,11,0,11,
0,212,249,193,16,215,248,21,2,207,252,163,7,222,5,252,250,229,176,1,38,0,142,0,137,0,47,0,21,0,11,0,11,0,11,
0,253,249,209,16,39,249,211,1,209,252,5,6,54,4,158,252,109,178,1,41,0,144,0,136,0,49,0,23,0,13,0,11,0,11,
0,58,250,241,16,90,249,211,1,209,252,5,6,155,2,177,252,56,181,1,45,0,143,0,137,0,48,0,21,0,11,0,11,0,10,
0,58,250,241,16,92,249,211,1,209,252,5,6,156,3,177,252,250,182,1,48,0,146,0,137,0,48,0,21,0,11,0,10,0,10,
0,120,250,1,17,92,249,211,1,209,252,5,6,156,3,177,252,250,182,1,49,0,151,0,137,0,49,0,22,0,12,0,11,0,11,
0,109,250,23,17,103,249,211,1,209,252,5,6,6,3,241,251,55,179,1,50,0,154,0,139,0,49,0,23,0,13,0,12,0,11,
0,78,250,76,17,144,249,211,1,209,252,5,6,91,1,35,253,93,183,1,49,0,158,0,140,0,49,0,22,0,12,0,11,0,11,
0,78,250,76,17,144,249,211,1,209,252,5,6,218,0,82,254,109,188,1,49,0,166,0,142,0,49,0,21,0,11,0,11,0,11,
0,27,250,87,17,16,250,211,1,209,252,5,6,218,0,14,1,178,187,1,51,0,174,0,144,0,51,0,23,0,14,0,12,0,11,
0,31,250,242,16,218,250,211,1,209,252,5,6,96,4,14,1,178,187,1,53,0,183,0,148,0,51,0,23,0,14,0,12,0,11,
0,71,250,99,16,139,251,211,1,209,252,5,6,20,6,83,2,50,189,1,54,0,188,0,153,0,52,0,23,0,14,0,12,0,11,
0,71,250,99,16,139,251,211,1,209,252,5,6,2,6,149,2,238,191,1,53,0,191,0,159,0,53,0,17,0,12,0,11,0,11,
0,128,250,145,15,233,251,71,1,199,252,31,7,192,6,8,2,94,192,1,52,0,195,0,166,0,55,0,20,0,11,0,12,0,12,
0,198,250,164,14,49,252,71,1,199,252,31,7,192,6,8,2,115,189,1,52,0,201,0,174,0,57,0,21,0,11,0,11,0,11,
0,198,251,164,14,120,252,71,1,199,252,31,7,243,6,187,0,115,189,1,51,0,207,0,182,0,60,0,23,0,14,0,11,0,11,
0,35,251,231,13,120,252,71,1,199,252,31,7,100,4,238,0,39,191,1,51,0,211,0,192,0,62,0,24,0,11,0,11,0,11,
0,111,251,120,13,157,252,71,1,199,252,31,7,126,3,77,255,102,191,1,50,0,216,0,201,0,67,0,26,0,13,0,11,0,11,
0,150,251,98,13,225,252,71,1,199,252,31,7,126,3,53,255,170,189,1,50,0,222,0,212,0,70,0,27,0,16,0,12,0,11,
0,150,251,98,13,135,253,71,1,199,252,31,7,132,0,53,255,170,189,1,51,0,227,0,222,0,73,0,27,0,14,0,11,0,11,
0,170,251,77,13,135,253,71,1,199,252,31,7,146,252,101,0,8,196,1,51,0,233,0,229,0,78,0,30,0,14,0,12,0,11,
0,240,251,78,13,179,254,71,1,199,252,31,7,35,255,37,3,240,190,1,52,0,239,0,236,0,82,0,31,0,15,0,12,0,11,
0,55,252,86,13,13,0,71,1,199,252,31,7,207,255,209,1,109,191,1,52,0,245,0,242,0,85,0,33,0,17,0,12,0,11,
0,55,252,86,13,13,0,191,0,183,252,71,6,207,255,209,1,25,195,1,54,0,250,0,247,0,87,0,33,0,17,0,12,0,11,
0,89,252,71,13,144,0,191,0,183,252,71,6,226,0,157,2,25,195,1,54,0,251,0,248,0,90,0,35,0,16,0,12,0,11,
0,169,252,2,13,69,0,191,0,183,252,71,6,218,3,32,3,38,194,1,55,0,251,0,247,0,93,0,36,0,18,0,13,0,11,
0,204,252,185,12,35,0,191,0,183,252,71,6,8,2,209,2,92,189,1,59,0,249,0,247,0,94,0,37,0,17,0,13,0,11,
0,204,252,185,12,35,0,191,0,183,252,71,6,209,253,130,2,50,189,1,60,0,249,0,250,0,96,0,38,0,18,0,13,0,11,
0,0,253,65,12,129,0,191,0,183,252,71,6,209,253,130,2,50,189,1,59,0,250,0,253,0,97,0,40,0,19,0,13,0,11,
0,84,253,179,11,55,1,191,0,183,252,71,6,15,253,117,2,6,192,1,58,0,250,0,255,0,99,0,40,0,18,0,12,0,11,
0,84,253,179,11,122,1,191,0,183,252,71,6,219,252,104,2,87,191,1,56,0,250,0,255,0,100,0,40,0,19,0,13,0,11,
0,133,253,146,11,122,1,191,0,183,252,71,6,195,251,28,2,151,186,1,55,0,248,0,255,0,101,0,41,0,19,0,13,0,11,
0,166,253,212,11,34,1,191,0,183,252,71,6,195,251,28,1,82,187,1,53,0,246,1,2,0,102,0,42,0,17,0,13,0,11,
0,253,253,240,11,169,0,149,0,137,252,207,6,134,251,253,1,82,187,1,51,0,244,1,6,0,103,0,43,0,18,0,13,0,11,
0,253,253,240,11,169,0,149,0,137,252,207,6,56,253,134,0,69,188,1,49,0,240,1,9,0,104,0,46,0,18,0,12,0,10,
0,75,254,249,11,70,0,149,0,137,252,207,6,212,255,43,254,38,187,1,47,0,236,1,11,0,106,0,46,0,19,0,13,0,11,
0,135,254,227,11,27,0,149,0,137,252,207,6,121,0,108,252,127,184,1,44,0,234,1,14,0,107,0,47,0,20,0,13,0,11,
0,134,254,156,11,222,255,149,0,137,252,207,6,121,0,108,252,127,184,1,40,0,232,1,17,0,108,0,46,0,21,0,13,0,11,
0,134,254,156,11,222,255,149,0,137,252,207,6,142,0,238,250,221,184,1,36,0,233,1,22,0,109,0,47,0,21,0,13,0,11,
0,147,254,62,11,160,255,149,0,137,252,207,6,15,1,95,250,7,188,1,31,0,233,1,27,0,111,0,46,0,21,0,13,0,11,
0,92,254,206,10,79,255,149,0,137,252,207,6,226,2,238,249,89,188,1,25,0,235,1,32,0,114,0,47,0,20,0,14,0,11,
0,59,254,96,10,15,255,149,0,137,252,207,6,226,2,252,248,29,187,1,19,0,237,1,37,0,116,0,48,0,20,0,14,0,11,
0,59,254,96,10,15,255,149,0,137,252,207,6,41,4,252,248,29,187,1,12,0,239,1,42,0,117,0,48,0,20,0,13,0,11,
0,6,254,240,9,219,254,135,0,155,252,98,6,250,3,162,248,236,185,1,4,0,241,1,46,0,120,0,50,0,22,0,14,0,12,
0,222,253,103,9,158,254,135,0,155,252,98,6,220,3,29,249,222,188,0,253,0,244,1,49,0,121,0,50,0,23,0,14,0,11,
0,222,253,103,9,79,254,135,0,155,252,98,6,54,5,200,249,88,191,0,246,0,246,1,52,0,123,0,51,0,23,0,14,0,12,
0,230,253,246,8,79,254,135,0,155,252,98,6,54,5,200,249,141,189,0,238,0,249,1,52,0,125,0,52,0,23,0,15,0,12,
0,24,254,133,8,16,254,135,0,155,252,98,6,81,7,157,249,141,189,0,231,0,252,1,53,0,126,0,52,0,23,0,14,0,11,
0,79,254,17,8,10,254,135,0,155,252,98,6,156,6,182,249,240,187,0,223,0,253,1,52,0,127,0,54,0,24,0,15,0,12,
0,79,254,17,8,10,253,135,0,155,252,98,6,180,6,186,250,161,193,0,217,1,0,1,52,0,127,0,54,0,23,0,14,0,12,
0,168,254,171,7,252,253,135,0,155,252,98,6,180,9,216,249,99,192,0,209,1,1,1,52,0,129,0,55,0,24,0,15,0,12,
0,232,254,35,7,3,254,135,0,155,252,98,6,222,9,216,249,99,192,0,203,1,3,1,51,0,129,0,55,0,24,0,15,0,12,
0,16,255,128,6,15,254,135,0,155,252,98,6,27,9,182,249,194,187,0,196,1,5,1,51,0,129,0,55,0,24,0,15,0,12,
0,16,255,128,6,15,254,135,0,155,252,98,6,211,8,64,250,107,192,0,190,1,7,1,51,0,129,0,55,0,24,0,15,0,12,
0,87,255,209,5,45,254,56,0,129,252,25,7,159,9,146,249,38,194,0,185,1,9,1,49,0,129,0,55,0,23,0,14,0,11,
0,127,255,64,5,88,254,56,0,129,252,25,7,159,9,146,249,191,192,0,179,1,11,1,47,0,129,0,55,0,23,0,15,0,12,
0,174,255,209,4,161,254,56,0,129,252,25,7,112,10,180,248,191,192,0,174,1,13,1,47,0,129,0,55,0,23,0,15,0,12,
0,174,255,209,4,161,254,56,0,129,252,25,7,89,9,253,247,89,190,0,169,1,14,1,46,0,129,0,55,0,23,0,14,0,12,
0,212,255,73,4,196,254,56,0,129,252,25,7,231,8,19,249,149,193,0,165,1,17,1,46,0,128,0,58,0,23,0,14,0,12,
0,255,255,181,3,234,254,56,0,129,252,25,7,234,10,253,248,219,194,0,161,1,19,1,46,0,128,0,60,0,24,0,14,0,11,
0,255,255,181,3,54,255,56,0,129,252,25,7,234,10,253,248,219,194,0,158,1,20,1,46,0,128,0,62,0,25,0,15,0,12,
0,30,0,11,3,54,255,56,0,129,252,25,7,2,12,122,248,151,192,0,155,1,22,1,46,0,128,0,63,0,26,0,16,0,12,
0,44,0,106,2,106,255,56,0,129,252,25,7,47,10,76,249,98,192,0,153,1,23,1,46,0,128,0,64,0,27,0,16,0,12,
0,95,0,193,1,185,255,56,0,129,252,25,7,79,10,59,249,158,194,0,151,1,24,1,46,0,127,0,62,0,26,0,16,0,12,
0,95,0,193,1,185,255,84,0,176,252,103,6,79,10,49,249,43,195,0,149,1,24,1,44,0,128,0,63,0,27,0,16,0,12,
0,115,0,8,1,238,255,84,0,176,252,103,6,105,10,49,249,43,195,0,148,1,25,1,45,0,128,0,64,0,27,0,16,0,12,
0,131,0,154,0,63,0,84,0,176,252,103,6,106,10,242,248,147,193,0,147,1,27,1,44,0,127,0,62,0,26,0,16,0,12,
0,159,0,38,0,106,0,84,0,176,252,103,6,53,9,211,248,171,192,0,146,1,27,1,43,0,128,0,63,0,27,0,16,0,12,
0,159,0,38,0,106,0,84,0,176,252,103,6,74,8,250,248,216,193,0,145,1,28,1,43,0,127,0,61,0,27,0,16,0,12,
0,160,0,210,255,98,0,84,0,176,252,103,6,74,8,250,248,31,197,0,144,1,30,1,42,0,127,0,59,0,25,0,16,0,12,
0,190,0,79,255,132,0,84,0,176,252,103,6,251,8,9,249,31,197,0,144,1,29,1,40,0,127,0,59,0,27,0,16,0,12,
0,227,0,184,254,164,0,84,0,176,252,103,6,170,10,194,248,114,195,0,144,1,30,1,39,0,126,0,58,0,26,0,16,0,12,
0,227,0,184,254,164,0,84,0,176,252,103,6,61,10,47,248,194,192,0,144,1,30,1,38,0,125,0,57,0,25,0,16,0,12,
0,5,1,28,254,179,0,84,0,176,252,103,6,61,10,196,248,254,193,0,143,1,30,1,37,0,126,0,57,0,25,0,16,0,12,
0,255,0,104,253,200,0,254,255,167,252,8,6,228,8,196,248,254,193,0,144,1,31,1,37,0,125,0,55,0,24,0,15,0,12,
0,255,0,104,253,239,0,254,255,167,252,8,6,66,8,174,248,115,195,0,143,1,31,1,35,0,124,0,55,0,25,0,16,0,12,
0,216,0,170,252,239,0,254,255,167,252,8,6,61,9,145,248,235,195,0,143,1,31,1,33,0,124,0,55,0,24,0,15,0,12,
0,178,0,20,252,11,1,254,255,167,252,8,6,123,9,200,247,125,193,0,143,1,31,1,32,0,123,0,54,0,23,0,14,0,11,
0,198,0,149,251,44,1,254,255,167,252,8,6,123,9,200,247,24,192,0,143,1,30,1,31,0,123,0,54,0,26,0,16,0,12,
0,198,0,149,251,44,1,254,255,167,252,8,6,128,8,90,247,24,192,0,143,1,31,1,30,0,122,0,53,0,24,0,15,0,11,
0,213,0,57,251,86,1,254,255,167,252,8,6,228,6,92,247,147,193,0,142,1,30,1,29,0,122,0,53,0,25,0,16,0,12,
0,173,0,216,250,76,1,254,255,167,252,8,6,116,7,201,246,192,194,0,142,1,31,1,28,0,121,0,53,0,24,0,15,0,12,
0,130,0,131,250,67,1,254,255,167,252,8,6,223,7,42,246,14,193,0,142,1,31,1,27,0,120,0,52,0,23,0,14,0,11,
0,130,0,131,250,67,1,254,255,167,252,8,6,223,7,42,246,14,193,0,142,1,30,1,26,0,120,0,52,0,24,0,15,0,12,
0,88,0,59,250,97,1,90,0,149,252,244,5,59,7,152,246,64,191,0,142,1,31,1,25,0,119,0,52,0,23,0,14,0,11,
0,53,0,253,249,100,1,90,0,149,252,244,5,51,7,14,247,40,193,0,142,1,30,1,25,0,119,0,52,0,24,0,15,0,12,
0,233,255,163,249,120,1,90,0,149,252,244,5,70,7,205,246,255,192,0,142,1,30,1,24,0,119,0,52,0,23,0,15,0,12,
0,233,255,163,249,120,1,90,0,149,252,244,5,70,7,205,246,13,193,0,141,1,30,1,24,0,119,0,52,0,23,0,15,0,12,
0,224,255,43,249,131,1,90,0,149,252,244,5,24,7,228,246,13,193,0,142,1,30,1,24,0,118,0,51,0,23,0,14,0,11,
0,210,255,174,248,126,1,90,0,149,252,244,5,168,6,180,246,216,191,0,142,1,30,1,23,0,118,0,52,0,23,0,15,0,12,
0,210,255,174,248,161,1,90,0,149,252,244,5,246,5,172,246,219,190,0,142,1,30,1,23,0,118,0,51,0,23,0,15,0,12,
0,188,255,69,248,161,1,90,0,149,252,244,5,6,5,164,246,7,191,0,142,1,30,1,23,0,118,0,51,0,23,0,15,0,12,
0,157,255,228,247,201,1,90,0,149,252,244,5,6,5,164,246,7,191,0,142,1,30,1,23,0,118,0,51,0,23,0,14,0,12,
0,152,255,218,247,219,1,90,0,149,252,244,5,109,4,211,246,200,190,0,142,1,31,1,23,0,117,0,51,0,22,0,14,0,12,
0,152,255,218,247,219,1,90,0,138,252,231,5,117,3,231,246,121,191,0,142,1,31,1,23,0,117,0,50,0,22,0,14,0,11,
0,128,255,214,247,229,1,158,0,138,252,231,5,201,3,243,246,57,192,0,142,1,31,1,23,0,117,0,51,0,23,0,14,0,12,
0,69,255,190,247,215,1,158,0,138,252,231,5,201,3,240,246,210,190,0,142,1,32,1,23,0,117,0,50,0,22,0,14,0,12,
0,56,255,187,247,236,1,158,0,138,252,231,5,114,4,240,246,210,190,0,142,1,32,1,23,0,117,0,50,0,22,0,14,0,11,
0,56,255,187,247,236,1,158,0,138,252,231,5,75,3,46,247,205,188,0,143,1,33,1,23,0,116,0,49,0,22,0,14,0,11,
0,74,255,167,247,10,2,158,0,138,252,231,5,54,2,249,247,143,190,0,144,1,33,1,23,0,116,0,50,0,22,0,14,0,11,
0,63,255,146,247,50,2,158,0,138,252,231,5,84,2,64,248,51,192,0,144,1,32,1,22,0,117,0,50,0,23,0,14,0,12,
0,21,255,146,247,78,2,158,0,138,252,231,5,84,2,64,248,100,191,0,144,1,32,1,23,0,116,0,44,0,22,0,15,0,12,
0,21,255,137,247,78,2,158,0,138,252,231,5,93,2,250,247,100,191,0,145,1,32,1,22,0,116,0,46,0,22,0,14,0,12,
0,249,254,150,247,107,2,158,0,138,252,231,5,179,1,178,247,246,189,0,145,1,32,1,22,0,116,0,46,0,21,0,14,0,11,
0,254,254,141,247,136,2,158,0,138,252,231,5,197,0,134,247,180,187,0,146,1,33,1,22,0,116,0,47,0,21,0,14,0,11,
0,254,254,141,247,124,2,128,0,153,252,184,6,197,0,14,248,82,189,0,146,1,32,1,21,0,116,0,48,0,22,0,14,0,12,
0,233,254,155,247,124,2,128,0,153,252,184,6,173,255,14,248,82,189,0,147,1,33,1,21,0,116,0,49,0,22,0,14,0,12,
0,243,254,202,247,123,2,128,0,153,252,184,6,61,255,75,248,170,191,0,148,1,33,1,21,0,116,0,48,0,21,0,14,0,11,
0,253,254,228,247,162,2,128,0,153,252,184,6,255,255,233,247,102,190,0,148,1,32,1,20,0,116,0,49,0,22,0,14,0,12,
0,253,254,228,247,162,2,128,0,153,252,184,6,101,255,243,247,1,187,0,149,1,33,1,20,0,116,0,49,0,21,0,14,0,11,
0,32,255,38,248,159,2,128,0,153,252,184,6,101,255,243,247,139,187,0,150,1,33,1,19,0,116,0,50,0,22,0,15,0,12,
0,12,255,103,248,170,2,128,0,153,252,184,6,237,253,153,248,139,187,0,151,1,33,1,19,0,116,0,50,0,22,0,15,0,12,
0,255,254,98,248,176,2,128,0,153,252,184,6,178,253,1,249,13,190,0,152,1,33,1,19,0,115,0,49,0,22,0,14,0,11,
0,255,254,98,248,176,2,128,0,153,252,184,6,74,254,162,248,153,189,0,153,1,32,1,17,0,115,0,50,0,23,0,15,0,12,
0,224,254,179,248,199,2,128,0,153,252,184,6,49,254,122,248,19,186,0,154,1,32,1,17,0,115,0,49,0,22,0,14,0,11,
0,235,254,39,249,232,2,216,0,157,252,100,6,49,254,122,248,19,186,0,155,1,31,1,16,0,115,0,50,0,23,0,14,0,12,
0,228,254,39,249,218,2,216,0,157,252,100,6,76,252,200,248,157,187,0,156,1,32,1,16,0,114,0,48,0,22,0,14,0,11,
0,228,254,60,249,218,2,216,0,157,252,100,6,197,251,26,249,40,189,0,157,1,31,1,14,0,114,0,49,0,20,0,14,0,11,
0,229,254,87,249,221,2,216,0,157,252,100,6,145,252,211,248,51,189,0,158,1,31,1,14,0,113,0,49,0,20,0,14,0,11,
0,232,254,207,249,218,2,216,0,157,252,100,6,145,252,85,248,47,186,0,159,1,31,1,13,0,113,0,48,0,20,0,13,0,11,
0,232,254,207,249,185,2,216,0,157,252,100,6,194,251,85,248,47,186,0,159,1,30,1,12,0,113,0,49,0,21,0,14,0,12,
0,219,254,59,250,185,2,216,0,157,252,100,6,130,250,153,248,168,186,0,160,1,30,1,11,0,112,0,49,0,21,0,14,0,11,
0,198,254,127,250,166,2,216,0,157,252,100,6,131,250,146,249,171,188,0,161,1,30,1,10,0,111,0,48,0,20,0,13,0,11,
0,197,254,209,250,169,2,216,0,157,252,100,6,145,251,123,249,13,189,0,161,1,29,1,9,0,112,0,53,0,22,0,14,0,11,
0,197,254,209,250,169,2,216,0,157,252,100,6,145,251,123,249,13,186,0,161,1,29,1,8,0,111,0,51,0,21,0,13,0,11,
0,199,254,85,251,175,2,24,1,154,252,28,6,125,251,21,249,39,186,0,161,1,28,1,8,0,111,0,51,0,22,0,14,0,11,
0,202,254,183,251,194,2,24,1,154,252,28,6,35,250,62,249,163,187,0,161,1,28,1,8,0,111,0,50,0,22,0,14,0,11,
0,240,254,250,251,187,2,24,1,154,252,28,6,253,249,130,249,171,188,0,160,1,28,1,8,0,111,0,49,0,22,0,14,0,11,
0,240,254,250,251,187,2,24,1,154,252,28,6,253,249,41,249,193,188,0,160,1,28,1,7,0,111,0,49,0,22,0,14,0,12,
0,210,254,58,252,189,2,24,1,154,252,28,6,64,250,41,249,193,188,0,159,1,28,1,6,0,110,0,48,0,21,0,14,0,11,
0,208,254,160,252,170,2,24,1,154,252,28,6,248,249,191,248,96,187,0,159,1,27,1,5,0,110,0,48,0,22,0,14,0,12,
0,179,254,160,252,122,2,24,1,154,252,28,6,92,249,217,248,139,187,0,158,1,27,1,5,0,109,0,48,0,21,0,14,0,12,
0,179,254,34,253,122,2,24,1,154,252,28,6,10,249,184,248,98,187,0,157,1,27,1,5,0,109,0,47,0,21,0,14,0,11,
0,148,254,145,253,100,2,24,1,154,252,28,6,10,249,184,248,99,190,0,157,1,28,1,6,0,108,0,47,0,21,0,14,0,11,
0,146,254,242,253,109,2,24,1,154,252,28,6,241,249,18,249,99,190,0,156,1,28,1,6,0,108,0,47,0,20,0,13,0,11,
0,146,254,242,253,78,2,48,1,85,252,180,6,124,250,213,248,34,187,0,155,1,27,1,5,0,109,0,47,0,21,0,14,0,11,
0,151,254,112,254,78,2,48,1,85,252,180,6,61,250,18,249,36,188,0,155,1,27,1,5,0,109,0,47,0,21,0,14,0,12,
0,105,254,178,254,47,2,48,1,85,252,180,6,61,248,162,249,112,188,0,154,1,27,1,5,0,108,0,47,0,20,0,13,0,11,
0,95,254,241,254,42,2,48,1,85,252,180,6,195,248,162,249,112,188,0,154,1,27,1,6,0,107,0,46,0,20,0,13,0,11,
0,95,254,241,254,42,2,48,1,85,252,180,6,117,250,50,249,112,190,0,153,1,27,1,6,0,108,0,46,0,20,0,13,0,11,
0,99,254,87,255,49,2,48,1,85,252,180,6,51,250,219,248,153,185,0,152,1,26,1,5,0,108,0,47,0,20,0,14,0,11,
0,114,254,217,255,60,2,48,1,85,252,180,6,14,249,52,249,173,186,0,152,1,27,1,5,0,108,0,47,0,20,0,14,0,11,
0,132,254,52,0,85,2,48,1,85,252,180,6,14,249,52,249,128,189,0,151,1,26,1,5,0,108,0,47,0,20,0,13,0,11,
0,132,254,52,0,85,2,48,1,85,252,180,6,113,249,107,249,128,189,0,151,1,27,1,6,0,108,0,46,0,21,0,14,0,11,
0,138,254,148,0,107,2,48,1,85,252,180,6,14,250,16,249,97,189,0,151,1,27,1,6,0,108,0,46,0,20,0,13,0,11,
0,130,254,38,1,73,2,48,1,85,252,180,6,235,250,47,249,147,187,0,150,1,27,1,5,0,109,0,46,0,20,0,14,0,12,
0,130,254,38,1,28,2,41,1,120,252,89,6,137,250,159,249,238,187,0,150,1,27,1,6,0,108,0,46,0,20,0,14,0,11,
0,99,254,138,1,28,2,41,1,120,252,89,6,137,250,159,249,238,187,0,150,1,27,1,6,0,108,0,47,0,20,0,13,0,11,
0,163,254,205,1,5,2,41,1,120,252,89,6,243,250,140,249,142,187,0,150,1,27,1,6,0,108,0,46,0,20,0,14,0,12,
0,160,254,13,2,253,1,41,1,120,252,89,6,208,250,186,249,157,186,0,150,1,27,1,7,0,108,0,46,0,20,0,13,0,11,
0,160,254,13,2,249,1,41,1,120,252,89,6,235,250,35,250,187,188,0,149,1,27,1,8,0,109,0,47,0,21,0,14,0,12,
0,94,254,107,2,249,1,41,1,120,252,89,6,235,250,25,250,97,188,0,149,1,28,1,8,0,109,0,47,0,21,0,14,0,12,
0,70,254,162,2,232,1,41,1,120,252,89,6,139,251,25,250,97,188,0,149,1,28,1,8,0,109,0,47,0,20,0,13,0,11,
0,90,254,196,2,216,1,41,1,120,252,89,6,69,252,239,249,219,187,0,149,1,28,1,8,0,108,0,46,0,20,0,14,0,12,
0,90,254,196,2,216,1,41,1,120,252,89,6,75,251,232,249,201,187,0,149,1,29,1,9,0,109,0,46,0,20,0,13,0,11,
0,128,254,255,2,218,1,41,1,120,252,89,6,70,251,27,250,160,187,0,148,1,29,1,9,0,110,0,47,0,21,0,14,0,11,
0,154,254,73,3,218,1,181,0,153,252,100,6,70,251,27,250,162,188,0,148,1,29,1,10,0,110,0,47,0,21,0,14,0,11,
0,182,254,148,3,190,1,181,0,153,252,100,6,134,251,82,250,162,188,0,148,1,30,1,10,0,110,0,47,0,20,0,13,0,11,
0,182,254,148,3,190,1,181,0,153,252,100,6,141,252,78,250,246,189,0,148,1,31,1,11,0,110,0,47,0,21,0,13,0,11,
0,174,254,232,3,194,1,181,0,153,252,100,6,46,254,124,250,152,188,0,148,1,31,1,12,0,110,0,46,0,20,0,13,0,11,
0,163,254,20,4,193,1,181,0,153,252,100,6,46,254,51,250,117,187,0,148,1,31,1,12,0,111,0,47,0,21,0,14,0,12,
0,163,254,20,4,188,1,181,0,153,252,100,6,4,254,51,250,117,187,0,148,1,31,1,13,0,111,0,47,0,21,0,14,0,12,
0,182,254,47,4,188,1,181,0,153,252,100,6,207,253,183,250,53,187,0,148,1,32,1,14,0,111,0,47,0,21,0,14,0,11,
0,137,254,81,4,175,1,181,0,153,252,100,6,239,253,240,250,159,188,0,148,1,32,1,16,0,111,0,47,0,22,0,14,0,11,
0,166,254,98,4,137,1,181,0,153,252,100,6,9,255,201,250,154,189,0,148,1,32,1,17,0,111,0,47,0,21,0,13,0,11,
0,166,254,98,4,142,1,181,0,153,252,100,6,9,255,201,250,179,188,0,148,1,32,1,17,0,112,0,47,0,22,0,14,0,11,
0,208,254,92,4,142,1,220,0,164,252,114,6,155,255,82,250,179,188,0,149,1,32,1,18,0,113,0,48,0,22,0,14,0,12,
0,235,254,106,4,144,1,220,0,164,252,114,6,75,255,87,250,249,188,0,149,1,34,1,20,0,113,0,48,0,22,0,14,0,12,
0,238,254,121,4,148,1,220,0,164,252,114,6,89,255,21,250,50,189,0,148,1,33,1,21,0,114,0,48,0,22,0,14,0,12,
0,238,254,121,4,148,1,220,0,164,252,114,6,209,255,251,249,236,188,0,149,1,34,1,23,0,114,0,48,0,22,0,14,0,11,
0,248,254,135,4,140,1,220,0,164,252,114,6,209,255,251,249,236,188,0,149,1,34,1,24,0,115,0,49,0,23,0,14,0,12,
0,243,254,176,4,128,1,220,0,164,252,114,6,86,0,251,249,233,188,0,149,1,35,1,26,0,115,0,48,0,22,0,14,0,11,
0,208,254,225,4,132,1,220,0,164,252,114,6,159,0,15,250,5,190,0,150,1,34,1,27,0,116,0,49,0,22,0,14,0,11,
0,208,254,225,4,132,1,220,0,164,252,114,6,126,1,10,250,58,191,0,150,1,35,1,28,0,117,0,49,0,22,0,14,0,11,
0,248,254,2,5,147,1,220,0,164,252,114,6,126,1,10,250,211,189,0,151,1,35,1,29,0,117,0,49,0,22,0,14,0,11,
0,3,255,239,4,148,1,220,0,164,252,114,6,28,2,45,250,211,189,0,151,1,34,1,30,0,118,0,50,0,23,0,15,0,12,
0,3,255,239,4,140,1,108,0,143,252,201,5,123,2,233,249,177,188,0,151,1,34,1,31,0,119,0,51,0,23,0,14,0,12,
0,21,255,206,4,140,1,108,0,143,252,201,5,40,2,243,249,195,189,0,152,1,34,1,32,0,119,0,50,0,20,0,14,0,11,
0,240,254,158,4,134,1,108,0,143,252,201,5,165,1,18,250,118,190,0,153,1,34,1,34,0,119,0,50,0,20,0,13,0,11,
0,216,254,138,4,147,1,108,0,143,252,201,5,165,1,18,250,118,190,0,153,1,34,1,34,0,120,0,51,0,22,0,14,0,11,
0,216,254,138,4,147,1,108,0,143,252,201,5,48,2,142,249,0,192,0,153,1,34,1,35,0,120,0,51,0,22,0,14,0,12,
0,202,254,137,4,138,1,108,0,143,252,201,5,139,3,41,249,156,190,0,154,1,34,1,36,0,121,0,51,0,22,0,14,0,11,
0,221,254,134,4,134,1,108,0,143,252,201,5,48,3,1,249,133,188,0,154,1,33,1,36,0,122,0,52,0,22,0,14,0,11,
0,242,254,69,4,142,1,108,0,143,252,201,5,48,3,87,249,10,190,0,155,1,33,1,36,0,122,0,52,0,23,0,14,0,12,
0,242,254,69,4,142,1,108,0,143,252,201,5,184,2,87,249,10,190,0,155,1,33,1,37,0,122,0,52,0,22,0,14,0,11,
0,218,254,9,4,161,1,108,0,143,252,201,5,17,3,165,249,23,192,0,155,1,33,1,36,0,122,0,52,0,23,0,14,0,12,
0,211,254,254,3,162,1,108,0,143,252,201,5,115,4,97,249,44,192,0,156,1,32,1,37,0,123,0,52,0,23,0,15,0,12,
0,249,254,204,3,159,1,143,0,179,252,88,6,89,4,245,248,102,190,0,157,1,32,1,37,0,123,0,52,0,22,0,14,0,11,
0,249,254,204,3,159,1,143,0,179,252,88,6,89,4,245,248,121,189,0,157,1,31,1,37,0,123,0,53,0,23,0,15,0,12,
0,16,255,171,3,135,1,143,0,179,252,88,6,175,4,195,248,121,189,0,158,1,31,1,38,0,123,0,53,0,23,0,14,0,11,
0,245,254,139,3,150,1,143,0,179,252,88,6,199,3,252,248,213,190,0,158,1,31,1,37,0,123,0,48,0,23,0,15,0,13,
0,245,254,139,3,150,1,143,0,179,252,88,6,182,4,95,249,99,192,0,158,1,30,1,37,0,123,0,49,0,22,0,15,0,12,
0,10,255,77,3,150,1,143,0,179,252,88,6,182,4,87,248,252,189,0,158,1,31,1,37,0,123,0,50,0,21,0,14,0,12,
0,70,255,7,3,188,1,143,0,179,252,88,6,3,5,87,248,252,189,0,158,1,30,1,36,0,124,0,51,0,23,0,15,0,12,
0,53,255,173,2,180,1,143,0,179,252,88,6,2,4,169,248,51,190,0,159,1,30,1,37,0,123,0,51,0,21,0,14,0,11,
0,53,255,173,2,180,1,143,0,179,252,88,6,63,4,216,248,43,193,0,159,1,29,1,36,0,123,0,52,0,22,0,14,0,12,
0,234,254,142,2,189,1,143,0,179,252,88,6,34,6,142,248,54,192,0,159,1,29,1,36,0,123,0,52,0,23,0,14,0,12,
0,9,255,85,2,180,1,159,0,130,252,15,6,34,6,142,248,118,190,0,160,1,29,1,36,0,123,0,52,0,22,0,14,0,11,
0,65,255,36,2,197,1,159,0,130,252,15,6,168,5,57,248,118,190,0,160,1,28,1,35,0,123,0,53,0,23,0,14,0,12,
0,65,255,36,2,197,1,159,0,130,252,15,6,115,4,237,248,120,190,0,161,1,28,1,36,0,123,0,52,0,22,0,14,0,11,
0,3,255,0,2,191,1,159,0,130,252,15,6,246,4,18,249,232,193,0,161,1,27,1,34,0,123,0,53,0,23,0,14,0,12,
0,228,254,191,1,171,1,159,0,130,252,15,6,217,5,220,248,171,193,0,161,1,27,1,34,0,123,0,53,0,23,0,14,0,12,
0,240,254,131,1,190,1,159,0,130,252,15,6,217,5,220,248,171,193,0,162,1,27,1,33,0,122,0,52,0,22,0,14,0,11,
0,240,254,131,1,190,1,159,0,130,252,15,6,114,5,84,248,183,190,0,162,1,25,1,32,0,123,0,53,0,23,0,14,0,12,
0,251,254,56,1,219,1,159,0,130,252,15,6,102,4,145,248,145,191,0,163,1,25,1,32,0,122,0,52,0,22,0,14,0,11,
0,225,254,250,0,224,1,159,0,130,252,15,6,4,4,54,249,104,193,0,163,1,24,1,30,0,122,0,53,0,25,0,15,0,12,
0,225,254,250,0,241,1,159,0,130,252,15,6,4,4,205,248,160,193,0,164,1,24,1,29,0,121,0,53,0,25,0,15,0,12,
0,164,254,227,0,241,1,132,0,148,252,207,5,142,5,205,248,160,193,0,165,1,23,1,28,0,121,0,52,0,23,0,15,0,11,
0,164,254,190,0,21,2,132,0,148,252,207,5,226,4,157,248,24,192,0,165,1,23,1,27,0,121,0,53,0,24,0,15,0,12,
0,202,254,134,0,35,2,132,0,148,252,207,5,253,4,122,248,9,191,0,166,1,23,1,26,0,119,0,52,0,23,0,14,0,11,
0,202,254,134,0,35,2,132,0,148,252,207,5,105,4,10,249,21,192,0,166,1,22,1,25,0,120,0,53,0,24,0,15,0,12,
0,161,254,66,0,22,2,132,0,148,252,207,5,105,4,10,249,21,193,0,167,1,21,1,23,0,119,0,52,0,24,0,15,0,12,
0,157,254,38,0,29,2,132,0,148,252,207,5,138,4,16,249,173,193,0,168,1,21,1,22,0,119,0,56,0,24,0,14,0,11,
0,182,254,226,255,41,2,132,0,148,252,207,5,178,4,12,249,150,192,0,168,1,21,1,22,0,118,0,54,0,23,0,14,0,11,
0,182,254,226,255,41,2,132,0,148,252,207,5,77,4,85,249,196,192,0,169,1,20,1,20,0,118,0,54,0,25,0,15,0,12,
0,190,254,147,255,35,2,132,0,148,252,207,5,77,4,250,248,31,193,0,169,1,19,1,19,0,117,0,54,0,24,0,15,0,12,
0,182,254,116,255,40,2,132,0,148,252,207,5,201,4,250,248,31,193,0,170,1,19,1,17,0,116,0,52,0,24,0,15,0,12,
0,203,254,96,255,5,2,166,0,112,252,110,6,226,3,202,248,173,190,0,171,1,18,1,16,0,116,0,52,0,23,0,15,0,12,
0,203,254,96,255,5,2,166,0,112,252,110,6,133,3,15,249,161,192,0,172,1,17,1,16,0,115,0,51,0,23,0,14,0,12,
0,201,254,58,255,249,1,166,0,112,252,110,6,61,3,59,249,176,193,0,173,1,17,1,14,0,114,0,50,0,20,0,14,0,11,
0,183,254,9,255,2,2,166,0,112,252,110,6,61,3,59,249,129,192,0,173,1,17,1,13,0,114,0,50,0,21,0,14,0,12,
0,183,254,9,255,3,2,166,0,112,252,110,6,8,4,193,248,129,192,0,174,1,16,1,12,0,113,0,50,0,22,0,14,0,11,
0,182,254,240,254,3,2,166,0,112,252,110,6,21,3,247,248,160,191,0,175,1,16,1,11,0,113,0,49,0,21,0,14,0,11,
0,188,254,226,254,4,2,166,0,112,252,110,6,74,3,108,249,57,193,0,176,1,15,1,10,0,112,0,48,0,21,0,14,0,11,
0,193,254,187,254,0,2,166,0,112,252,110,6,74,3,189,249,145,192,0,177,1,14,1,9,0,112,0,49,0,22,0,14,0,12,
0,193,254,187,254,0,2,166,0,112,252,110,6,136,3,189,249,145,192,0,177,1,14,1,8,0,111,0,48,0,21,0,14,0,12,
0,194,254,187,254,6,2,166,0,112,252,110,6,109,3,98,249,109,190,0,178,1,13,1,8,0,111,0,48,0,21,0,14,0,12,
0,158,254,147,254,11,2,166,0,112,252,110,5,115,2,205,249,246,191,0,179,1,12,1,6,0,110,0,47,0,20,0,13,0,11,
0,152,254,99,254,24,2,154,0,73,252,131,5,156,2,176,249,147,192,0,179,1,12,1,5,0,110,0,48,0,21,0,14,0,12,
0,152,254,99,254,24,2,154,0,73,252,131,5,156,2,176,249,75,191,0,180,1,11,1,4,0,109,0,47,0,20,0,13,0,11,
0,131,254,103,254,42,2,154,0,73,252,131,5,160,2,73,249,75,191,0,181,1,11,1,3,0,110,0,47,0,21,0,14,0,12,
0,134,254,78,254,33,2,154,0,73,252,131,5,61,2,123,249,254,190,0,181,1,11,1,2,0,109,0,47,0,21,0,14,0,12,
0,131,254,85,254,16,2,154,0,73,252,131,5,198,1,128,249,245,191,0,182,1,10,1,2,0,109,0,47,0,21,0,14,0,11,
0,131,254,85,254,16,2,154,0,73,252,131,5,211,1,193,249,128,192,0,182,1,10,1,1,0,107,0,46,0,21,0,14,0,12,
0,134,254,104,254,21,2,154,0,73,252,131,5,211,1,193,249,128,192,0,183,1,9,1,1,0,107,0,46,0,20,0,13,0,11,
0,158,254,93,254,4,2,154,0,73,252,131,5,165,2,233,249,203,191,0,183,1,9,1,0,0,107,0,46,0,21,0,14,0,11,
0,158,254,93,254,0,2,154,0,73,252,131,5,62,2,207,249,252,190,0,184,1,9,1,0,0,106,0,45,0,20,0,13,0,11,
0,165,254,81,254,0,2,154,0,73,252,131,5,124,1,61,250,195,191,0,184,1,8,0,255,0,107,0,46,0,22,0,14,0,11,
0,169,254,76,254,236,1,135,0,173,252,9,6,124,1,26,250,81,192,0,184,1,8,0,254,0,106,0,46,0,22,0,14,0,11,
0,192,254,79,254,232,1,135,0,173,252,9,6,198,1,26,250,81,192,0,185,1,8,0,255,0,105,0,45,0,20,0,13,0,11,
0,192,254,79,254,232,1,135,0,173,252,9,6,42,2,244,249,110,191,0,185,1,6,0,254,0,105,0,45,0,21,0,14,0,11,
0,182,254,83,254,228,1,135,0,173,252,9,6,230,1,58,250,104,190,0,185,1,6,0,254,0,105,0,45,0,21,0,14,0,11,
0,165,254,45,254,222,1,135,0,173,252,9,6,151,0,60,250,198,190,0,185,1,6,0,253,0,105,0,45,0,21,0,14,0,11,
0,174,254,56,254,208,1,135,0,173,252,9,6,151,0,60,250,11,192,0,186,1,6,0,253,0,104,0,44,0,20,0,13,0,11,
0,174,254,56,254,208,1,135,0,173,252,9,6,147,1,50,250,11,192,0,186,1,5,0,252,0,104,0,45,0,21,0,14,0,12,
0,210,254,77,254,193,1,135,0,173,252,9,6,207,0,217,249,115,190,0,186,1,4,0,253,0,104,0,44,0,21,0,14,0,12,
0,217,254,118,254,152,1,135,0,173,252,9,6,158,0,84,250,253,190,0,186,1,4,0,253,0,104,0,45,0,21,0,14,0,12,
0,188,254,118,254,180,1,135,0,173,252,9,6,158,0,58,250,168,191,0,186,1,4,0,253,0,104,0,44,0,20,0,13,0,11,
0,188,254,136,254,180,1,181,0,109,252,232,5,213,0,58,250,168,191,0,187,1,5,0,254,0,104,0,44,0,20,0,13,0,11,
0,207,254,118,254,154,1,181,0,109,252,232,5,224,0,61,250,38,191,0,187,1,4,0,252,0,104,0,45,0,21,0,14,0,12,
0,238,254,123,254,124,1,181,0,109,252,232,5,180,0,127,250,232,190,0,187,1,3,0,251,0,104,0,45,0,21,0,14,0,12,
0,238,254,123,254,108,1,181,0,109,252,232,5,206,1,17,250,129,190,0,188,1,3,0,251,0,104,0,44,0,21,0,14,0,12,
0,218,254,146,254,108,1,181,0,109,252,232,5,206,1,17,250,85,190,0,187,1,2,0,252,0,104,0,44,0,20,0,14,0,11,
0,212,254,145,254,106,1,181,0,109,252,232,5,238,0,70,250,85,190,0,187,1,2,0,254,0,104,0,44,0,20,0,13,0,12,
0,211,254,162,254,108,1,181,0,109,252,232,5,142,0,130,250,17,191,0,187,1,3,0,255,0,104,0,44,0,20,0,13,0,11,
0,211,254,162,254,108,1,181,0,109,252,232,5,130,0,92,250,223,191,0,187,1,2,0,254,0,104,0,45,0,21,0,14,0,11,
0,241,254,182,254,119,1,181,0,109,252,232,5,179,0,221,249,120,191,0,187,1,2,0,254,0,104,0,44,0,20,0,14,0,11,
0,5,255,237,254,125,1,181,0,109,252,232,5,179,0,221,249,120,191,0,187,1,2,0,253,0,104,0,44,0,20,0,14,0,11,
0,255,254,243,254,88,1,186,0,114,252,154,6,108,0,201,249,133,189,0,187,1,1,0,252,0,104,0,44,0,20,0,14,0,11,
0,255,254,243,254,88,1,186,0,114,252,154,6,148,0,248,249,228,190,0,188,1,2,0,253,0,103,0,43,0,19,0,13,0,11,
0,8,255,242,254,88,1,186,0,114,252,154,6,28,0,107,250,105,192,0,187,1,1,0,253,0,104,0,44,0,20,0,13,0,11,
0,4,255,13,255,77,1,186,0,114,252,154,6,28,0,107,250,238,191,0,187,1,1,0,254,0,104,0,44,0,20,0,14,0,11,
0,15,255,13,255,66,1,186,0,114,252,154,6,204,0,15,250,238,191,0,187,1,1,0,255,0,104,0,43,0,21,0,14,0,11,
0,15,255,20,255,66,1,186,0,114,252,154,6,244,0,179,249,234,189,0,186,1,1,0,255,0,104,0,44,0,20,0,13,0,11,
0,14,255,46,255,56,1,186,0,114,252,154,6,62,0,41,250,15,190,0,186,1,2,1,0,0,104,0,44,0,18,0,13,0,11,
0,23,255,64,255,33,1,186,0,114,252,154,6,178,255,29,250,126,191,0,185,1,1,0,255,0,105,0,44,0,21,0,14,0,12,
0,23,255,64,255,28,1,186,0,114,252,154,6,178,255,29,250,126,191,0,185,1,1,0,254,0,105,0,45,0,21,0,14,0,12,
0,60,255,91,255,28,1,186,0,114,252,154,6,28,0,244,249,169,193,0,185,1,1,0,254,0,104,0,44,0,20,0,14,0,11,
0,68,255,118,255,25,1,186,0,99,252,9,7,24,1,162,249,248,191,0,185,1,2,0,254,0,104,0,44,0,20,0,13,0,11,
0,79,255,108,255,248,0,176,0,99,252,9,7,184,0,150,249,51,192,0,185,1,1,0,254,0,105,0,45,0,21,0,14,0,12,
0,79,255,108,255,248,0,176,0,99,252,9,7,184,0,146,249,140,190,0,185,1,1,0,254,0,105,0,45,0,21,0,14,0,12,
0,89,255,125,255,239,0,176,0,99,252,9,7,116,0,146,249,140,190,0,184,1,1,0,255,0,105,0,45,0,21,0,14,0,12,
0,103,255,150,255,3,1,176,0,99,252,9,7,249,255,109,249,223,190,0,185,1,2,1,0,0,104,0,44,0,18,0,13,0,11,
0,70,255,209,255,252,0,176,0,99,252,9,7,231,255,165,249,196,191,0,184,1,2,1,1,0,105,0,45,0,20,0,14,0,11,
0,70,255,209,255,252,0,176,0,99,252,9,7,94,0,134,249,165,192,0,185,1,3,1,1,0,105,0,44,0,18,0,13,0,11,
0,55,255,11,0,11,1,176,0,99,252,9,7,94,0,134,249,141,191,0,185,1,3,0,255,0,105,0,45,0,22,0,14,0,12,
0,94,255,35,0,32,1,176,0,99,252,9,7,45,0,174,249,141,191,0,185,1,3,0,255,0,105,0,45,0,21,0,14,0,11,
0,117,255,35,0,28,1,176,0,99,252,9,7,222,0,138,249,130,191,0,186,1,3,0,255,0,104,0,44,0,20,0,13,0,11,
0,117,255,58,0,28,1,176,0,99,252,9,7,98,0,130,249,129,191,0,187,1,2,0,254,0,105,0,45,0,21,0,14,0,11,
0,106,255,49,0,45,1,130,0,107,252,206,5,98,0,84,249,29,192,0,187,1,2,0,255,0,104,0,38,0,19,0,13,0,11,
0,154,255,53,0,29,1,130,0,107,252,206,5,85,0,84,249,29,192,0,187,1,2,0,255,0,105,0,41,0,20,0,14,0,11,
0,154,255,53,0,42,1,130,0,107,252,206,5,224,255,100,249,129,192,0,187,1,3,1,1,0,104,0,41,0,17,0,13,0,11,
0,164,255,72,0,42,1,130,0,107,252,206,5,167,0,119,249,21,193,0,186,1,3,1,2,0,105,0,42,0,18,0,13,0,11,
0,154,255,91,0,51,1,130,0,107,252,206,5,86,1,43,249,238,191,0,186,1,4,1,2,0,105,0,43,0,18,0,12,0,11,
0,109,255,128,0,18,1,130,0,107,252,206,5,86,1,43,249,25,191,0,187,1,4,1,1,0,105,0,43,0,18,0,13,0,11,
0,109,255,128,0,18,1,130,0,107,252,206,5,20,1,50,249,25,191,0,187,1,3,0,255,0,106,0,44,0,21,0,14,0,12,
0,140,255,188,0,248,0,130,0,107,252,206,5,56,0,84,249,68,191,0,188,1,3,0,255,0,105,0,43,0,20,0,13,0,11,
0,154,255,244,0,242,0,130,0,107,252,206,5,176,0,15,250,9,193,0,187,1,3,1,0,0,105,0,44,0,19,0,14,0,11,
0,175,255,5,1,251,0,130,0,107,252,206,5,182,0,194,249,30,194,0,187,1,3,1,3,0,105,0,44,0,19,0,13,0,11,
0,175,255,5,1,251,0,214,0,130,252,135,6,182,0,194,249,30,194,0,186,1,3,1,4,0,107,0,45,0,20,0,14,0,12,
0,174,255,20,1,4,1,214,0,130,252,135,6,159,1,181,249,107,192,0,186,1,4,1,3,0,107,0,45,0,20,0,14,0,12,
0,143,255,72,1,253,0,214,0,130,252,135,6,26,1,128,249,233,190,0,186,1,4,1,2,0,107,0,45,0,20,0,14,0,12,
0,143,255,72,1,224,0,214,0,130,252,135,6,74,1,228,249,84,192,0,187,1,4,1,0,0,106,0,45,0,20,0,13,0,11,
0,131,255,84,1,224,0,214,0,130,252,135,6,74,1,245,249,200,192,0,187,1,4,1,1,0,106,0,45,0,19,0,13,0,11,
0,162,255,73,1,218,0,214,0,130,252,135,6,91,1,245,249,200,192,0,187,1,4,1,3,0,106,0,45,0,20,0,13,0,11,
0,173,255,64,1,188,0,214,0,130,252,135,6,48,1,191,249,55,192,0,186,1,4,1,4,0,107,0,46,0,20,0,14,0,12,
0,173,255,64,1,180,0,214,0,130,252,135,6,194,0,16,250,97,192,0,186,1,5,1,4,0,107,0,45,0,20,0,13,0,11,
0,196,255,61,1,180,0,214,0,130,252,135,6,47,1,131,250,207,192,0,186,1,6,1,4,0,107,0,46,0,20,0,14,0,11,
0,195,255,99,1,185,0,214,0,130,252,135,6,47,1,131,250,207,192,0,187,1,5,1,1,0,107,0,45,0,20,0,13,0,11,
0,217,255,138,1,217,0,173,0,116,252,146,6,225,1,127,250,218,193,0,187,1,5,1,1,0,106,0,44,0,19,0,13,0,11,
0,217,255,138,1,217,0,173,0,116,252,146,6,135,2,98,250,29,193,0,186,1,4,1,2,0,107,0,49,0,21,0,14,0,11,
0,183,255,156,1,199,0,173,0,116,252,146,6,97,2,28,250,159,190,0,186,1,5,1,3,0,107,0,48,0,21,0,13,0,11,
0,204,255,173,1,199,0,173,0,116,252,146,6,97,2,147,250,32,191,0,185,1,5,1,4,0,107,0,47,0,21,0,12,0,11,
0,207,255,175,1,174,0,173,0,116,252,146,6,49,1,147,250,32,191,0,186,1,6,1,4,0,107,0,47,0,21,0,13,0,11,
0,207,255,175,1,174,0,173,0,116,252,146,6,88,1,54,251,68,194,0,186,1,6,1,3,0,107,0,47,0,20,0,13,0,11,
0,199,255,177,1,184,0,173,0,116,252,146,6,167,2,255,250,161,193,0,186,1,5,1,2,0,107,0,47,0,21,0,14,0,11,
0,214,255,177,1,193,0,173,0,116,252,146,6,218,2,211,250,141,192,0,186,1,6,1,3,0,107,0,46,0,21,0,14,0,12,
0,214,255,177,1,171,0,173,0,116,252,146,6,218,2,211,250,171,191,0,186,1,5,1,3,0,107,0,46,0,20,0,13,0,11,
0,225,255,181,1,171,0,173,0,116,252,146,6,175,2,203,250,171,191,0,186,1,6,1,4,0,107,0,46,0,20,0,13,0,11,
0,218,255,209,1,181,0,193,0,127,252,186,6,107,2,30,251,155,192,0,185,1,7,1,4,0,107,0,47,0,21,0,14,0,12,
0,253,255,233,1,184,0,193,0,127,252,186,6,73,3,8,251,17,193,0,185,1,7,1,4,0,107,0,46,0,21,0,14,0,12,
0,253,255,233,1,206,0,193,0,127,252,186,6,73,2,21,251,68,191,0,185,1,8,1,3,0,107,0,46,0,20,0,14,0,11,
0,25,0,208,1,206,0,193,0,127,252,186,6,132,2,21,251,68,191,0,186,1,8,1,3,0,107,0,46,0,20,0,13,0,11,
0,55,0,206,1,195,0,193,0,127,252,186,6,213,2,123,251,164,192,0,185,1,7,1,2,0,107,0,46,0,21,0,14,0,12,
0,55,0,184,1,198,0,193,0,127,252,186,6,173,3,58,251,127,192,0,186,1,8,1,3,0,107,0,45,0,20,0,13,0,11,
0,55,0,184,1,198,0,193,0,127,252,186,6,54,3,41,251,232,190,0,185,1,8,1,3,0,107,0,46,0,20,0,14,0,11,
0,44,0,155,1,239,0,193,0,127,252,186,6,54,3,41,251,85,191,0,185,1,8,1,4,0,107,0,46,0,20,0,14,0,11,
0,48,0,160,1,248,0,193,0,127,252,186,6,25,3,107,251,85,191,0,185,1,8,1,4,0,107,0,46,0,20,0,13,0,11,
0,71,0,158,1,216,0,193,0,127,252,186,6,6,3,92,251,236,191,0,185,1,9,1,4,0,107,0,45,0,19,0,13,0,11,
0,71,0,158,1,216,0,193,0,127,252,186,6,210,3,92,251,238,192,0,185,1,9,1,3,0,107,0,46,0,20,0,14,0,11,
0,104,0,123,1,203,0,133,0,166,252,4,6,235,3,175,251,12,193,0,185,1,9,1,2,0,107,0,46,0,20,0,13,0,11,
0,112,0,114,1,168,0,133,0,166,252,4,6,235,3,175,251,12,193,0,185,1,10,1,2,0,107,0,46,0,20,0,13,0,11,
0,112,0,114,1,156,0,133,0,166,252,4,6,236,4,213,250,11,191,0,185,1,10,1,3,0,107,0,45,0,20,0,13,0,11,
0,109,0,112,1,156,0,133,0,166,252,4,6,140,4,59,251,39,190,0,185,1,10,1,3,0,107,0,45,0,19,0,13,0,11,
0,104,0,106,1,138,0,133,0,166,252,4,6,55,4,110,251,152,191,0,184,1,10,1,3,0,107,0,46,0,20,0,14,0,11,
0,111,0,93,1,167,0,133,0,166,252,4,6,55,4,138,251,238,191,0,185,1,10,1,2,0,107,0,46,0,20,0,13,0,11,
0,111,0,93,1,167,0,133,0,166,252,4,6,84,4,138,251,238,191,0,185,1,11,1,2,0,107,0,46,0,20,0,14,0,12,
0,80,0,48,1,170,0,133,0,166,252,4,6,126,4,81,251,200,191,0,185,1,10,1,2,0,107,0,45,0,20,0,13,0,11,
0,115,0,36,1,181,0,133,0,166,252,4,6,176,4,92,251,138,191,0,186,1,11,1,2,0,107,0,46,0,20,0,14,0,12,
0,147,0,3,1,201,0,133,0,166,252,4,6,203,4,123,251,97,191,0,186,1,11,1,2,0,106,0,45,0,20,0,13,0,11,
0,147,0,3,1,201,0,161,0,127,252,96,6,203,4,123,251,97,193,0,186,1,10,1,1,0,107,0,46,0,20,0,14,0,12,
0,119,0,210,0,172,0,161,0,127,252,96,6,114,4,26,251,25,193,0,186,1,11,1,1,0,107,0,46,0,21,0,14,0,12,
0,123,0,209,0,209,0,161,0,127,252,96,6,137,5,44,251,166,191,0,187,1,10,1,1,0,107,0,45,0,20,0,14,0,12,
0,138,0,199,0,231,0,161,0,127,252,96,6,252,4,146,250,129,190,0,186,1,10,1,1,0,107,0,46,0,20,0,14,0,12,
0,138,0,199,0,231,0,161,0,127,252,96,6,252,4,211,250,128,189,0,187,1,11,1,1,0,106,0,45,0,20,0,13,0,11,
0,201,0,170,0,229,0,161,0,127,252,96,6,121,4,211,250,128,189,0,187,1,9,1,1,0,107,0,46,0,20,0,14,0,11,
0,193,0,122,0,245,0,161,0,127,252,96,6,20,4,50,251,228,191,0,187,1,10,1,1,0,106,0,45,0,20,0,13,0,11,
0,193,0,122,0,208,0,161,0,127,252,96,6,238,4,103,251,243,192,0,187,1,9,1,1,0,106,0,45,0,20,0,13,0,11,
0,199,0,68,0,208,0,161,0,127,252,96,6,114,5,238,250,80,191,0,188,1,9,1,1,0,106,0,46,0,20,0,14,0,11,
0,191,0,48,0,195,0,161,0,127,252,96,6,114,5,238,250,181,189,0,188,1,10,1,1,0,106,0,44,0,19,0,13,0,11,
0,210,0,11,0,192,0,169,0,149,252,207,5,90,5,146,250,181,189,0,189,1,9,1,1,0,106,0,45,0,20,0,14,0,11,
0,210,0,11,0,192,0,169,0,149,252,207,5,159,4,202,250,207,190,0,189,1,9,1,1,0,106,0,45,0,20,0,14,0,11,
0,230,0,251,255,176,0,169,0,149,252,207,5,224,3,235,250,11,192,0,189,1,9,1,1,0,106,0,45,0,20,0,13,0,11,
0,195,0,232,255,197,0,169,0,149,252,207,5,224,4,116,250,112,191,0,190,1,9,1,1,0,106,0,44,0,19,0,13,0,11,
0,185,0,177,255,213,0,169,0,149,252,207,5,248,4,116,250,112,191,0,190,1,9,1,1,0,106,0,45,0,20,0,14,0,11,
0,185,0,177,255,213,0,169,0,149,252,207,5,150,4,39,250,116,190,0,190,1,8,1,0,0,106,0,45,0,20,0,14,0,12,
0,145,0,155,255,217,0,169,0,149,252,207,5,50,4,219,249,28,191,0,191,1,9,1,1,0,106,0,45,0,20,0,14,0,12,
0,151,0,139,255,214,0,169,0,149,252,207,5,45,4,216,249,148,191,0,191,1,8,1,1,0,106,0,45,0,20,0,13,0,11,
0,173,0,141,255,200,0,169,0,149,252,207,5,45,4,216,249,11,192,0,191,1,8,1,0,0,106,0,46,0,20,0,14,0,12,
0,173,0,141,255,200,0,169,0,149,252,207,5,58,4,50,250,11,192,0,192,1,8,1,0,0,106,0,45,0,20,0,13,0,11,
0,180,0,168,255,210,0,154,0,184,252,99,6,110,4,182,249,158,190,0,191,1,7,1,0,0,106,0,46,0,20,0,14,0,12,
0,109,0,138,255,201,0,154,0,184,252,99,6,25,4,253,249,113,192,0,192,1,7,1,0,0,106,0,45,0,20,0,14,0,12,
0,109,0,138,255,205,0,154,0,184,252,99,6,149,4,155,249,1,191,0,192,1,7,1,0,0,106,0,45,0,20,0,14,0,12,
0,92,0,94,255,205,0,154,0,184,252,99,6,149,4,155,249,1,191,0,192,1,7,1,0,0,106,0,45,0,20,0,14,0,12,
0,115,0,84,255,214,0,154,0,184,252,99,6,35,3,162,249,45,190,0,193,1,7,1,0,0,105,0,45,0,19,0,13,0,11,
0,138,0,86,255,184,0,154,0,184,252,99,6,77,4,181,249,217,192,0,192,1,6,0,255,0,106,0,45,0,22,0,14,0,11,
0,138,0,86,255,184,0,154,0,184,252,99,6,138,3,68,249,239,189,0,193,1,6,0,254,0,105,0,45,0,21,0,14,0,11,
0,136,0,65,255,203,0,154,0,184,252,99,6,138,3,168,249,11,192,0,193,1,6,0,254,0,105,0,44,0,21,0,13,0,11,
0,123,0,34,255,181,0,154,0,184,252,99,6,216,2,168,249,11,192,0,194,1,6,0,253,0,105,0,45,0,21,0,14,0,11,
0,101,0,47,255,188,0,154,0,184,252,99,6,206,3,32,249,47,192,0,195,1,6,0,253,0,104,0,44,0,20,0,13,0,11,
0,101,0,47,255,188,0,154,0,184,252,99,6,35,4,251,248,146,190,0,195,1,5,0,252,0,104,0,44,0,21,0,14,0,11,
0,85,0,79,255,233,0,171,0,164,252,72,6,227,2,44,249,164,191,0,196,1,5,0,252,0,104,0,44,0,21,0,14,0,11,
0,85,0,54,255,207,0,171,0,164,252,72,6,227,2,44,249,243,191,0,196,1,5,0,251,0,104,0,44,0,20,0,13,0,11,
0,73,0,22,255,199,0,171,0,164,252,72,6,89,2,113,249,243,191,0,196,1,5,0,250,0,104,0,44,0,20,0,14,0,11,
0,73,0,22,255,199,0,171,0,164,252,72,6,94,3,44,249,253,192,0,197,1,5,0,250,0,103,0,43,0,20,0,13,0,11,
0,57,0,253,254,204,0,171,0,164,252,72,6,248,2,240,248,206,189,0,198,1,4,0,249,0,103,0,44,0,21,0,14,0,12,
0,58,0,245,254,202,0,171,0,164,252,72,6,248,2,4,249,69,191,0,198,1,4,0,249,0,103,0,44,0,20,0,14,0,12,
0,58,0,245,254,190,0,171,0,164,252,72,6,153,2,4,249,69,191,0,200,1,4,0,248,0,102,0,43,0,20,0,14,0,12,
0,99,0,12,255,190,0,171,0,164,252,72,6,224,1,110,249,251,191,0,200,1,3,0,247,0,103,0,39,0,20,0,14,0,12,
0,111,0,51,255,194,0,171,0,164,252,72,6,205,2,94,249,37,193,0,200,1,3,0,247,0,101,0,39,0,18,0,13,0,11,
0,135,0,66,255,188,0,171,0,164,252,72,6,186,2,172,248,126,189,0,201,1,2,0,246,0,102,0,41,0,20,0,14,0,12,
0,135,0,66,255,188,0,169,0,104,252,107,6,186,2,172,248,87,191,0,201,1,2,0,245,0,102,0,41,0,20,0,14,0,12,
0,122,0,44,255,165,0,169,0,104,252,107,6,185,1,102,249,87,191,0,202,1,1,0,245,0,101,0,41,0,19,0,13,0,11,
0,73,0,50,255,147,0,169,0,104,252,107,6,239,1,99,249,249,193,0,203,1,2,0,244,0,101,0,42,0,19,0,13,0,11,
0,69,0,43,255,164,0,169,0,104,252,107,6,190,2,17,249,245,191,0,203,1,1,0,243,0,101,0,43,0,20,0,14,0,12,
0,69,0,43,255,164,0,169,0,104,252,107,6,45,2,14,249,175,189,0,204,1,1,0,243,0,100,0,42,0,20,0,14,0,11,
0,120,0,69,255,157,0,169,0,104,252,107,6,45,2,14,249,175,189,0,205,1,1,0,242,0,99,0,42,0,19,0,13,0,11,
0,89,0,80,255,151,0,169,0,104,252,107,6,30,1,163,249,137,191,0,205,1,1,0,242,0,100,0,42,0,20,0,13,0,11,
0,65,0,89,255,136,0,169,0,104,252,107,6,73,1,187,249,168,192,0,206,1,1,0,241,0,99,0,42,0,20,0,13,0,11,
0,65,0,89,255,136,0,169,0,104,252,107,6,14,2,159,249,74,193,0,207,1,1,0,241,0,98,0,41,0,19,0,13,0,11,
0,80,0,82,255,111,0,169,0,104,252,107,6,14,2,159,249,44,190,0,207,1,0,0,240,0,99,0,42,0,20,0,13,0,11,
0,69,0,97,255,114,0,191,0,126,252,4,6,249,1,88,249,44,190,0,208,1,0,0,240,0,98,0,42,0,19,0,13,0,11,
0,69,0,97,255,138,0,191,0,126,252,4,6,49,1,149,249,30,191,0,208,1,0,0,239,0,98,0,42,0,18,0,13,0,11,
0,57,0,92,255,138,0,191,0,126,252,4,6,92,0,198,249,25,192,0,208,1,0,0,239,0,98,0,41,0,18,0,13,0,11,
0,38,0,94,255,139,0,191,0,126,252,4,6,162,1,228,249,191,192,0,209,1,0,0,239,0,97,0,41,0,17,0,12,0,11,
0,86,0,106,255,125,0,191,0,126,252,4,6,162,1,228,249,191,192,0,209,0,255,0,239,0,98,0,42,0,19,0,13,0,11,
0,86,0,106,255,125,0,191,0,126,252,4,6,166,1,91,249,162,190,0,210,0,255,0,239,0,98,0,42,0,19,0,13,0,11,
0,95,0,126,255,132,0,191,0,126,252,4,6,218,0,88,249,197,189,0,210,0,255,0,239,0,97,0,41,0,18,0,13,0,11,
0,101,0,137,255,125,0,191,0,126,252,4,6,216,0,160,249,40,192,0,211,1,0,0,240,0,97,0,41,0,20,0,14,0,12,
0,103,0,147,255,114,0,191,0,126,252,4,6,216,0,197,249,97,192,0,211,1,0,0,241,0,98,0,45,0,20,0,13,0,11,
0,103,0,147,255,114,0,191,0,126,252,4,6,39,1,197,249,97,192,0,211,0,255,0,241,0,98,0,45,0,21,0,13,0,11,
0,79,0,164,255,131,0,162,0,156,252,227,5,171,1,165,249,107,191,0,212,1,0,0,241,0,98,0,44,0,20,0,13,0,12,
0,75,0,184,255,135,0,162,0,156,252,227,5,200,0,122,249,222,191,0,212,1,0,0,241,0,98,0,44,0,20,0,13,0,11,
0,20,0,184,255,118,0,162,0,156,252,227,5,184,0,163,249,184,191,0,212,1,0,0,242,0,98,0,43,0,20,0,13,0,11,
0,20,0,184,255,118,0,162,0,156,252,227,5,184,0,163,249,183,191,0,213,1,0,0,242,0,98,0,43,0,20,0,13,0,11,
0,37,0,186,255,115,0,162,0,156,252,227,5,1,1,237,249,183,191,0,212,1,0,0,242,0,99,0,43,0,20,0,14,0,11,
0,68,0,204,255,95,0,162,0,156,252,227,5,117,1,121,249,237,190,0,212,1,0,0,242,0,98,0,42,0,20,0,13,0,11,
0,68,0,204,255,59,0,162,0,156,252,227,5,18,1,163,249,167,191,0,212,1,0,0,243,0,99,0,42,0,20,0,13,0,11,
0,58,0,208,255,59,0,162,0,156,252,227,5,18,1,187,249,213,191,0,212,1,1,0,243,0,98,0,42,0,19,0,13,0,11,
0,87,0,226,255,62,0,162,0,156,252,227,5,142,1,187,249,213,191,0,212,1,1,0,243,0,99,0,42,0,20,0,14,0,11,
0,87,0,48,0,76,0,162,0,156,252,227,5,119,1,75,249,203,189,0,211,1,1,0,243,0,99,0,42,0,20,0,13,0,11,
0,87,0,48,0,76,0,162,0,156,252,227,5,254,0,71,249,20,190,0,211,1,1,0,243,0,99,0,42,0,20,0,13,0,11,
0,95,0,79,0,82,0,121,0,193,252,154,6,180,0,188,249,186,191,0,212,1,2,0,245,0,98,0,41,0,19,0,13,0,11,
0,84,0,69,0,60,0,121,0,193,252,154,6,180,0,188,249,182,191,0,211,1,1,0,244,0,99,0,42,0,20,0,13,0,11,
0,91,0,85,0,74,0,121,0,193,252,154,6,146,1,169,249,182,191,0,210,1,2,0,246,0,99,0,41,0,19,0,13,0,11,
0,91,0,85,0,74,0,121,0,193,252,154,6,107,1,139,249,19,192,0,210,1,2,0,245,0,100,0,42,0,20,0,14,0,11,
0,114,0,87,0,86,0,121,0,193,252,154,6,120,1,62,249,188,190,0,209,1,3,0,246,0,100,0,42,0,20,0,14,0,12,
0,115,0,105,0,66,0,121,0,193,252,154,6,150,1,139,249,150,190,0,209,1,3,0,246,0,100,0,42,0,20,0,13,0,11,
0,78,0,105,0,54,0,121,0,193,252,154,6,150,1,139,249,150,190,0,209,1,4,0,247,0,100,0,42,0,19,0,13,0,11,
0,78,0,130,0,54,0,121,0,193,252,154,6,245,1,116,249,214,191,0,208,1,4,0,247,0,101,0,43,0,20,0,14,0,12,
0,96,0,154,0,45,0,121,0,193,252,154,6,78,2,251,248,91,191,0,208,1,4,0,247,0,100,0,43,0,20,0,14,0,11,
0,77,0,163,0,72,0,121,0,193,252,154,6,147,1,198,248,3,189,0,208,1,4,0,248,0,101,0,43,0,20,0,14,0,12,
0,77,0,163,0,68,0,157,0,154,252,74,6,147,1,16,249,57,191,0,208,1,5,0,249,0,101,0,43,0,20,0,13,0,11,
0,119,0,179,0,68,0,157,0,154,252,74,6,121,1,16,249,57,191,0,208,1,6,0,249,0,101,0,42,0,19,0,13,0,11,
0,105,0,212,0,30,0,157,0,154,252,74,6,104,1,75,249,97,191,0,207,1,5,0,249,0,102,0,43,0,20,0,14,0,11,
0,129,0,196,0,47,0,157,0,154,252,74,6,205,1,41,249,109,192,0,207,1,6,0,250,0,102,0,43,0,20,0,13,0,11,
0,129,0,196,0,47,0,157,0,154,252,74,6,164,2,151,248,3,191,0,206,1,6,0,251,0,102,0,43,0,20,0,13,0,11,
0,112,0,204,0,40,0,157,0,154,252,74,6,164,2,151,248,3,190,0,206,1,6,0,251,0,102,0,43,0,20,0,13,0,11,
0,78,0,230,0,80,0,157,0,154,252,74,6,85,2,200,248,83,190,0,206,1,7,0,252,0,102,0,43,0,19,0,13,0,11,
0,85,0,239,0,64,0,157,0,154,252,74,6,38,2,190,248,64,191,0,206,1,7,0,252,0,102,0,43,0,19,0,13,0,11,
0,85,0,239,0,64,0,157,0,154,252,74,6,40,2,135,248,149,190,0,205,1,6,0,252,0,103,0,43,0,20,0,13,0,11,
0,30,0,7,1,72,0,157,0,154,252,74,6,40,2,104,248,40,190,0,204,1,7,0,253,0,103,0,43,0,20,0,13,0,11,
0,18,0,42,1,36,0,96,0,201,252,198,5,82,2,104,248,40,190,0,204,1,8,0,253,0,103,0,43,0,20,0,13,0,11,
0,58,0,42,1,30,0,96,0,201,252,198,5,58,2,86,248,227,190,0,204,1,8,0,254,0,103,0,43,0,20,0,13,0,11,
0,58,0,66,1,30,0,96,0,201,252,198,5,186,1,224,248,62,191,0,203,1,8,0,255,0,104,0,43,0,20,0,13,0,11,
0,56,0,40,1,33,0,96,0,201,252,198,5,246,2,110,248,211,192,0,202,1,8,0,254,0,104,0,44,0,21,0,14,0,11,
0,33,0,34,1,38,0,96,0,201,252,198,5,246,2,110,248,124,190,0,202,1,8,0,255,0,104,0,44,0,20,0,14,0,12,
0,33,0,34,1,41,0,96,0,201,252,198,5,198,3,26,248,124,190,0,201,1,8,0,255,0,104,0,44,0,20,0,14,0,11,
0,30,0,28,1,41,0,96,0,201,252,198,5,13,3,233,247,1,189,0,201,1,9,1,0,0,104,0,44,0,18,0,14,0,12,
0,59,0,9,1,10,0,96,0,201,252,198,5,96,2,6,248,58,190,0,201,1,9,1,0,0,105,0,44,0,18,0,13,0,11,
0,62,0,253,0,19,0,96,0,201,252,198,5,96,2,92,248,3,191,0,200,1,8,1,0,0,105,0,45,0,20,0,14,0,12,
0,62,0,253,0,19,0,96,0,201,252,198,5,211,2,92,248,3,191,0,199,1,9,1,0,0,105,0,45,0,20,0,13,0,12,
0,43,0,237,0,82,0,190,0,148,252,25,7,14,3,91,248,245,190,0,199,1,9,1,0,0,105,0,44,0,19,0,13,0,11,
0,43,0,254,0,72,0,190,0,148,252,25,7,62,3,189,247,90,190,0,198,1,9,1,0,0,106,0,45,0,20,0,14,0,11,
0,37,0,23,1,51,0,190,0,148,252,25,7,196,2,61,248,27,191,0,198,1,9,1,1,0,105,0,44,0,19,0,13,0,11,
0,37,0,23,1,51,0,190,0,148,252,25,7,196,2,61,248,220,191,0,197,1,9,1,1,0,106,0,45,0,20,0,13,0,11,
0,0,0,18,1,59,0,190,0,148,252,25,7,24,3,222,247,220,191,0,196,1,9,1,1,0,106,0,45,0,20,0,14,0,11,
0,217,255,251,0,54,0,190,0,148,252,25,7,205,3,146,247,5,190,0,196,1,10,1,2,0,105,0,44,0,19,0,13,0,11,
0,217,255,251,0,62,0,190,0,148,252,25,7,254,2,207,247,126,188,0,194,1,9,1,1,0,106,0,45,0,20,0,13,0,11,
0,203,255,219,0,62,0,190,0,148,252,25,7,64,2,24,248,150,190,0,194,1,10,1,2,0,106,0,44,0,19,0,13,0,11,
0,223,255,190,0,72,0,190,0,148,252,25,7,64,2,24,248,150,190,0,193,1,9,1,1,0,106,0,45,0,20,0,13,0,11,
0,236,255,179,0,72,0,190,0,148,252,25,7,35,3,12,248,213,191,0,193,1,10,1,1,0,106,0,45,0,20,0,13,0,11,
0,236,255,179,0,58,0,190,0,148,252,209,5,98,4,194,247,6,191,0,192,1,9,1,1,0,106,0,45,0,19,0,13,0,11,
0,228,255,176,0,58,0,159,0,204,252,209,5,240,3,171,247,161,189,0,191,1,9,1,2,0,106,0,44,0,19,0,13,0,11,
0,34,0,218,0,56,0,159,0,204,252,209,5,240,3,152,247,183,188,0,190,1,9,1,1,0,106,0,45,0,20,0,14,0,12,
0,23,0,216,0,85,0,159,0,204,252,209,5,111,3,152,247,183,188,0,190,1,9,1,1,0,106,0,45,0,20,0,14,0,11,
0,23,0,216,0,85,0,159,0,204,252,209,5,177,2,68,248,77,192,0,189,1,9,1,1,0,106,0,45,0,20,0,14,0,12,
0,242,255,160,0,113,0,159,0,204,252,209,5,125,4,36,248,151,192,0,189,1,9,1,1,0,106,0,45,0,19,0,13,0,11,
0,222,255,137,0,51,0,159,0,204,252,209,5,178,3,83,247,209,187,0,188,1,9,1,1,0,106,0,45,0,19,0,13,0,12,
0,209,255,141,0,53,0,159,0,204,252,209,5,178,3,83,247,209,189,0,188,1,9,1,1,0,106,0,45,0,20,0,13,0,11,
0,209,255,141,0,53,0,159,0,204,252,209,5,158,2,40,248,153,189,0,187,1,9,1,1,0,107,0,46,0,20,0,14,0,12,
0,229,255,144,0,61,0,159,0,204,252,209,5,9,3,146,248,65,192,0,187,1,9,1,0,0,106,0,45,0,20,0,14,0,11,
0,250,255,139,0,77,0,159,0,204,252,209,5,68,4,18,248,50,191,0,187,1,9,1,1,0,106,0,45,0,19,0,13,0,11,
0,250,255,139,0,71,0,92,0,243,252,123,6,68,4,200,247,229,189,0,186,1,9,1,1,0,106,0,45,0,20,0,14,0,12,
0,9,0,122,0,71,0,92,0,243,252,123,6,121,3,200,247,229,189,0,185,1,9,1,1,0,106,0,45,0,20,0,13,0,11,
0,10,0,95,0,71,0,92,0,243,252,123,6,171,3,56,248,120,188,0,185,1,9,1,0,0,106,0,45,0,20,0,14,0,11,
0,234,255,65,0,76,0,92,0,243,252,123,6,180,2,198,248,30,190,0,184,1,8,1,0,0,106,0,40,0,19,0,14,0,12,
0,234,255,65,0,34,0,92,0,243,252,123,6,181,3,162,248,83,191,0,184,1,8,1,0,0,106,0,41,0,19,0,14,0,12,
0,253,255,75,0,34,0,92,0,243,252,123,6,181,3,162,248,210,189,0,183,1,8,0,255,0,105,0,42,0,21,0,14,0,12,
0,222,255,72,0,60,0,92,0,243,252,123,6,72,4,16,248,210,189,0,184,1,9,1,0,0,105,0,42,0,17,0,12,0,11,
0,219,255,36,0,69,0,92,0,243,252,123,6,163,3,40,248,107,188,0,183,1,8,0,255,0,105,0,43,0,21,0,14,0,11,
0,219,255,36,0,69,0,92,0,243,252,123,6,203,2,230,248,40,190,0,183,1,8,0,255,0,105,0,43,0,20,0,13,0,12,
0,181,255,12,0,23,0,92,0,243,252,123,6,60,3,221,248,210,191,0,183,1,8,0,254,0,105,0,43,0,19,0,13,0,11,
0,160,255,19,0,2,0,156,0,185,252,102,6,60,3,221,248,210,191,0,183,1,8,0,255,0,104,0,43,0,19,0,13,0,11,
0,186,255,16,0,247,255,156,0,185,252,102,6,230,3,184,248,217,190,0,182,1,8,0,254,0,104,0,43,0,19,0,13,0,11,
0,186,255,16,0,247,255,156,0,185,252,102,6,222,3,110,248,38,189,0,182,1,8,0,253,0,105,0,44,0,20,0,14,0,11,
0,177,255,14,0,254,255,156,0,185,252,102,6,134,2,180,248,139,188,0,182,1,8,0,253,0,105,0,44,0,21,0,14,0,12,
0,213,255,204,255,217,255,156,0,185,252,102,6,134,2,180,248,55,192,0,182,1,8,0,253,0,104,0,44,0,19,0,13,0,11,
0,213,255,204,255,224,255,156,0,185,252,102,6,206,2,43,249,55,192,0,181,1,8,0,253,0,104,0,45,0,21,0,14,0,12,
0,224,255,189,255,224,255,156,0,185,252,102,6,198,3,132,248,85,190,0,181,1,8,0,253,0,104,0,44,0,20,0,13,0,11,
0,205,255,203,255,228,255,156,0,185,252,102,6,19,3,85,248,83,187,0,181,1,7,0,252,0,104,0,44,0,21,0,14,0,12,
0,223,255,211,255,196,255,156,0,185,252,102,6,127,1,110,249,230,191,0,181,1,7,0,252,0,104,0,44,0,21,0,14,0,12,
0,223,255,211,255,196,255,156,0,185,252,102,6,127,1,110,249,230,191,0,181,1,6,0,251,0,104,0,44,0,20,0,14,0,12,
0,237,255,223,255,225,255,117,0,205,252,40,6,244,3,221,248,21,192,0,180,1,6,0,251,0,104,0,44,0,21,0,14,0,12,
0,231,255,199,255,199,255,117,0,205,252,40,6,62,3,92,248,105,189,0,180,1,7,0,251,0,103,0,44,0,20,0,13,0,11,
0,193,255,217,255,191,255,117,0,205,252,40,6,190,2,193,248,65,188,0,180,1,7,0,251,0,104,0,44,0,20,0,14,0,11,
0,193,255,217,255,191,255,117,0,205,252,40,6,190,2,54,249,27,190,0,180,1,6,0,250,0,104,0,44,0,20,0,13,0,12,
0,170,255,167,255,210,255,117,0,205,252,40,6,250,1,54,249,27,190,0,180,1,6,0,250,0,103,0,43,0,20,0,13,0,11,
0,144,255,137,255,196,255,117,0,205,252,40,6,26,3,77,249,10,192,0,180,1,5,0,250,0,103,0,48,0,21,0,13,0,11,
0,151,255,173,255,176,255,117,0,205,252,40,6,83,3,80,248,130,188,0,180,1,6,0,250,0,102,0,47,0,20,0,12,0,10,
0,151,255,173,255,176,255,117,0,205,252,40,6,110,1,107,248,49,188,0,179,1,5,0,249,0,103,0,46,0,21,0,13,0,11,
0,181,255,169,255,162,255,117,0,205,252,40,6,110,1,107,248,138,192,0,179,1,5,0,249,0,102,0,46,0,21,0,14,0,11,
0,185,255,161,255,165,255,117,0,205,252,40,6,115,2,29,249,138,192,0,179,1,5,0,249,0,102,0,45,0,20,0,13,0,11,
0,185,255,161,255,164,255,137,0,182,252,190,6,206,3,112,248,229,190,0,180,1,5,0,249,0,102,0,45,0,21,0,14,0,11,
0,166,255,146,255,164,255,137,0,182,252,190,6,20,3,48,248,240,188,0,179,1,5,0,249,0,102,0,44,0,20,0,13,0,11,
0,173,255,143,255,162,255,137,0,182,252,190,6,20,3,125,248,208,188,0,179,1,4,0,248,0,102,0,44,0,21,0,14,0,11,
0,186,255,114,255,172,255,137,0,182,252,190,6,133,1,125,248,208,188,0,179,1,4,0,248,0,102,0,44,0,20,0,14,0,12,
0,186,255,114,255,172,255,137,0,182,252,190,6,34,2,219,248,4,193,0,179,1,4,0,248,0,101,0,43,0,20,0,13,0,11,
0,177,255,115,255,170,255,137,0,182,252,190,6,220,3,38,248,182,189,0,179,1,3,0,247,0,102,0,44,0,21,0,14,0,12,
0,191,255,124,255,164,255,137,0,182,252,190,6,131,2,48,248,215,187,0,179,1,3,0,247,0,101,0,43,0,20,0,13,0,11,
0,218,255,130,255,154,255,137,0,182,252,190,6,131,2,48,248,109,190,0,179,1,3,0,247,0,102,0,44,0,21,0,14,0,12,
0,218,255,130,255,154,255,137,0,182,252,190,6,87,1,164,248,109,190,0,179,1,3,0,247,0,102,0,44,0,20,0,14,0,12,
0,198,255,153,255,105,255,137,0,182,252,190,6,43,2,168,248,79,192,0,179,1,3,0,247,0,101,0,43,0,20,0,13,0,11,
0,188,255,154,255,108,255,137,0,182,252,190,6,153,3,184,247,58,189,0,179,1,2,0,246,0,101,0,43,0,20,0,14,0,12,
0,169,255,111,255,116,255,118,0,231,252,223,6,233,1,144,247,96,188,0,179,1,2,0,246,0,101,0,43,0,19,0,13,0,11,
0,169,255,111,255,116,255,118,0,231,252,223,6,233,1,144,247,96,188,0,179,1,1,0,245,0,101,0,43,0,20,0,14,0,11,
0,208,255,119,255,104,255,118,0,231,252,223,6,52,1,210,248,62,191,0,179,1,1,0,244,0,100,0,43,0,20,0,14,0,11,
0,214,255,125,255,107,255,118,0,231,252,223,6,175,2,32,248,222,190,0,179,1,1,0,244,0,100,0,42,0,19,0,13,0,11,
0,214,255,125,255,96,255,118,0,231,252,223,6,238,1,181,247,80,188,0,179,1,1,0,244,0,100,0,42,0,20,0,13,0,11,
0,206,255,104,255,96,255,118,0,231,252,223,6,238,1,48,248,228,189,0,179,1,0,0,244,0,99,0,42,0,19,0,13,0,11,
0,177,255,93,255,112,255,118,0,231,252,223,6,98,1,48,248,228,189,0,179,0,255,0,242,0,100,0,43,0,20,0,13,0,11,
0,174,255,94,255,98,255,118,0,231,252,223,6,97,1,80,248,201,190,0,179,0,255,0,242,0,99,0,43,0,20,0,13,0,11,
0,174,255,94,255,98,255,118,0,231,252,223,6,16,2,10,248,206,190,0,179,0,255,0,241,0,99,0,42,0,19,0,13,0,11,
0,166,255,96,255,86,255,118,0,231,252,223,6,20,2,204,247,254,188,0,180,0,254,0,241,0,98,0,41,0,19,0,13,0,11,
0,146,255,79,255,97,255,90,0,228,252,29,6,20,2,204,247,254,189,0,180,0,254,0,240,0,99,0,42,0,20,0,13,0,11,
0,157,255,65,255,65,255,90,0,228,252,29,6,117,1,18,248,103,189,0,180,0,253,0,239,0,98,0,42,0,18,0,13,0,11,
0,157,255,65,255,65,255,90,0,228,252,29,6,178,0,16,248,181,190,0,180,0,253,0,239,0,98,0,42,0,18,0,13,0,11,
0,185,255,74,255,50,255,90,0,228,252,29,6,6,2,190,247,112,191,0,180,0,253,0,238,0,98,0,42,0,18,0,13,0,11,
0,162,255,70,255,51,255,90,0,228,252,29,6,6,2,157,247,22,189,0,180,0,253,0,239,0,97,0,41,0,18,0,13,0,12,
0,120,255,84,255,68,255,90,0,228,252,29,6,182,1,157,247,22,189,0,180,0,252,0,238,0,97,0,41,0,18,0,13,0,11,
0,120,255,84,255,68,255,90,0,228,252,29,6,176,0,18,248,197,189,0,180,0,252,0,237,0,98,0,42,0,19,0,13,0,11,
0,139,255,93,255,40,255,90,0,228,252,29,6,208,0,66,248,19,192,0,180,0,251,0,236,0,97,0,41,0,19,0,13,0,11,
0,157,255,96,255,22,255,90,0,228,252,29,6,61,2,154,247,122,189,0,180,0,251,0,236,0,97,0,41,0,18,0,13,0,11,
0,157,255,96,255,16,255,90,0,228,252,29,6,61,2,154,247,191,189,0,181,0,251,0,236,0,96,0,41,0,19,0,13,0,11,
0,134,255,98,255,16,255,145,0,177,252,147,6,133,0,23,248,191,189,0,181,0,251,0,236,0,96,0,41,0,18,0,12,0,11,
0,132,255,93,255,33,255,145,0,177,252,147,6,212,0,249,247,97,191,0,180,0,250,0,235,0,96,0,41,0,19,0,13,0,11,
0,144,255,101,255,25,255,145,0,177,252,147,6,82,1,59,248,80,191,0,181,0,250,0,235,0,96,0,41,0,18,0,13,0,11,
0,144,255,101,255,25,255,145,0,177,252,147,6,153,0,196,247,58,188,0,181,0,250,0,235,0,96,0,41,0,18,0,13,0,11,
0,161,255,87,255,19,255,145,0,177,252,147,6,153,0,196,247,58,188,0,181,0,250,0,235,0,95,0,40,0,18,0,13,0,11,
0,137,255,76,255,21,255,145,0,177,252,147,6,190,0,119,248,143,191,0,181,0,250,0,235,0,95,0,40,0,17,0,12,0,11,
0,89,255,102,255,22,255,145,0,177,252,147,6,170,1,157,247,197,189,0,181,0,249,0,235,0,96,0,41,0,18,0,13,0,11,
0,89,255,102,255,22,255,145,0,177,252,147,6,72,0,184,247,134,189,0,181,0,249,0,235,0,95,0,40,0,19,0,13,0,11,
0,94,255,89,255,27,255,145,0,177,252,147,6,72,0,184,247,208,191,0,181,0,249,0,235,0,95,0,40,0,17,0,12,0,11,
0,104,255,78,255,61,255,145,0,177,252,147,6,26,0,89,248,208,191,0,181,0,249,0,236,0,95,0,40,0,18,0,13,0,11,
0,91,255,79,255,52,255,114,0,255,252,188,5,144,1,88,248,210,191,0,181,0,249,0,236,0,95,0,40,0,17,0,12,0,11,
0,91,255,79,255,52,255,114,0,255,252,188,5,92,1,55,248,109,190,0,180,0,249,0,235,0,95,0,40,0,18,0,13,0,11,
0,79,255,105,255,245,254,114,0,255,252,188,5,50,1,156,247,82,188,0,180,0,249,0,236,0,95,0,40,0,18,0,13,0,11,
0,92,255,130,255,241,254,114,0,255,252,188,5,50,1,156,247,82,188,0,180,0,249,0,237,0,95,0,40,0,18,0,13,0,11,
0,92,255,130,255,244,254,114,0,255,252,188,5,64,0,148,248,235,191,0,180,0,248,0,237,0,96,0,41,0,19,0,13,0,11,
0,100,255,138,255,244,254,114,0,255,252,188,5,114,1,130,248,58,192,0,180,0,249,0,238,0,95,0,40,0,17,0,13,0,11,
0,65,255,142,255,234,254,114,0,255,252,188,5,3,2,0,248,21,188,0,180,0,248,0,238,0,96,0,41,0,19,0,13,0,11,
0,30,255,140,255,219,254,114,0,255,252,188,5,3,2,156,248,215,188,0,179,0,248,0,239,0,97,0,41,0,19,0,13,0,12,
0,30,255,140,255,219,254,114,0,255,252,188,5,227,255,156,248,215,188,0,179,0,249,0,239,0,96,0,41,0,18,0,13,0,11,
0,46,255,141,255,206,254,114,0,255,252,188,5,244,0,232,248,174,193,0,179,0,249,0,240,0,97,0,41,0,20,0,13,0,11,
0,80,255,138,255,197,254,114,0,255,252,188,5,60,2,10,248,252,188,0,179,0,249,0,241,0,97,0,40,0,19,0,13,0,11,
0,90,255,142,255,198,254,153,0,243,252,202,5,90,1,134,248,145,189,0,179,0,249,0,242,0,97,0,41,0,20,0,13,0,11,
0,90,255,142,255,198,254,153,0,243,252,202,5,90,1,134,248,82,191,0,178,0,249,0,243,0,98,0,41,0,20,0,13,0,11,
0,111,255,144,255,196,254,153,0,243,252,202,5,146,0,100,249,82,191,0,178,0,249,0,244,0,98,0,41,0,19,0,13,0,11,
0,118,255,154,255,171,254,153,0,243,252,202,5,69,2,246,248,13,192,0,178,0,250,0,245,0,98,0,41,0,19,0,13,0,11,
0,141,255,154,255,170,254,153,0,243,252,202,5,28,2,69,248,172,187,0,178,0,250,0,246,0,98,0,41,0,19,0,13,0,11,
0,141,255,160,255,170,254,153,0,243,252,202,5,28,2,89,249,232,190,0,177,0,250,0,247,0,99,0,42,0,20,0,13,0,11,
0,137,255,160,255,211,254,153,0,243,252,202,5,173,0,89,249,232,190,0,177,0,250,0,248,0,100,0,41,0,20,0,13,0,11,
0,130,255,156,255,238,254,153,0,243,252,202,5,244,1,29,249,37,192,0,177,0,251,0,249,0,100,0,42,0,19,0,13,0,11,
0,130,255,156,255,220,254,153,0,243,252,202,5,202,1,206,248,43,189,0,177,0,251,0,251,0,100,0,41,0,19,0,13,0,11,
0,118,255,185,255,220,254,153,0,243,252,202,5,157,1,5,249,222,189,0,177,0,251,0,251,0,101,0,42,0,20,0,13,0,12,
0,124,255,214,255,194,254,83,0,16,253,203,5,157,1,5,249,237,190,0,176,0,251,0,253,0,102,0,37,0,19,0,14,0,12,
0,165,255,210,255,183,254,83,0,16,253,203,5,235,1,26,249,237,190,0,176,0,251,0,254,0,102,0,39,0,19,0,14,0,12,
0,165,255,210,255,183,254,83,0,16,253,203,5,122,2,71,249,2,192,0,176,0,252,0,255,0,102,0,40,0,18,0,13,0,11,
0,192,255,228,255,201,254,83,0,16,253,203,5,214,2,200,248,1,190,0,176,0,253,1,0,0,103,0,41,0,16,0,13,0,11,
0,216,255,228,255,218,254,83,0,16,253,203,5,222,1,200,248,83,189,0,175,0,253,1,1,0,104,0,42,0,18,0,13,0,12,
0,232,255,236,255,201,254,83,0,16,253,203,5,222,1,200,248,83,189,0,175,0,253,1,2,0,105,0,43,0,19,0,13,0,12,
0,232,255,236,255,201,254,83,0,16,253,203,5,202,1,5,249,2,191,0,175,0,254,1,3,0,105,0,43,0,19,0,13,0,12,
0,199,255,241,255,213,254,83,0,16,253,203,5,200,2,31,249,229,191,0,175,0,254,1,4,0,105,0,44,0,19,0,13,0,11,
0,188,255,217,255,222,254,83,0,16,253,203,5,91,3,191,248,144,190,0,175,0,255,1,4,0,106,0,44,0,20,0,13,0,12,
0,169,255,217,255,253,254,83,0,16,253,203,5,91,3,209,248,117,189,0,175,0,255,1,6,0,106,0,44,0,19,0,13,0,11,
0,169,255,224,255,253,254,146,0,212,252,89,6,137,2,209,248,117,189,0,174,0,255,1,6,0,107,0,45,0,20,0,14,0,12,
0,228,255,245,255,11,255,146,0,212,252,89,6,100,2,202,248,107,191,0,174,1,0,1,7,0,107,0,45,0,20,0,13,0,11,
0,241,255,248,255,15,255,146,0,212,252,89,6,199,2,204,248,212,192,0,174,1,0,1,8,0,107,0,45,0,20,0,13,0,11,
0,241,255,248,255,19,255,146,0,212,252,89,6,124,3,101,248,141,191,0,174,1,1,1,9,0,108,0,45,0,19,0,13,0,11,
0,225,255,244,255,19,255,146,0,212,252,89,6,124,3,101,248,141,189,0,174,1,1,1,9,0,109,0,46,0,20,0,13,0,11,
0,240,255,27,0,254,254,146,0,212,252,89,6,200,3,62,248,47,189,0,174,1,2,1,9,0,109,0,46,0,20,0,13,0,11,
0,239,255,35,0,5,255,146,0,212,252,89,6,36,3,149,248,110,190,0,174,1,2,1,9,0,109,0,46,0,20,0,13,0,11,
0,239,255,35,0,5,255,146,0,212,252,89,6,92,2,172,248,203,190,0,174,1,3,1,9,0,109,0,46,0,20,0,13,0,11,
0,250,255,44,0,14,255,146,0,212,252,89,6,92,2,123,248,184,192,0,174,1,3,1,10,0,109,0,46,0,21,0,13,0,11,
0,255,255,42,0,40,255,146,0,212,252,89,6,29,3,123,248,184,192,0,174,1,3,1,11,0,109,0,46,0,20,0,13,0,11,
0,226,255,0,0,72,255,116,0,212,252,121,7,136,4,229,247,204,191,0,174,1,3,1,11,0,110,0,47,0,20,0,13,0,11,
0,226,255,0,0,72,255,116,0,212,252,121,7,47,4,189,247,160,190,0,173,1,4,1,11,0,110,0,47,0,20,0,14,0,12,
0,213,255,244,255,40,255,116,0,212,252,121,7,44,3,219,247,161,189,0,173,1,4,1,12,0,111,0,51,0,21,0,13,0,11,
0,242,255,240,255,27,255,116,0,212,252,121,7,44,3,219,247,227,191,0,173,1,5,1,12,0,111,0,51,0,21,0,13,0,12,
0,242,255,240,255,67,255,116,0,212,252,121,7,43,3,6,248,227,191,0,173,1,5,1,12,0,111,0,49,0,21,0,13,0,11,
0,253,255,11,0,67,255,116,0,212,252,121,7,19,4,239,247,166,192,0,172,1,5,1,12,0,111,0,49,0,22,0,14,0,12,
0,231,255,30,0,66,255,116,0,212,252,121,7,109,4,44,247,164,189,0,172,1,6,1,11,0,111,0,49,0,22,0,14,0,12,
0,235,255,246,255,49,255,116,0,212,252,121,7,109,3,17,247,202,189,0,172,1,6,1,11,0,111,0,48,0,21,0,14,0,11,
0,235,255,246,255,59,255,116,0,212,252,121,7,166,3,17,247,202,189,0,172,1,6,1,11,0,111,0,47,0,21,0,14,0,12,
0,206,255,208,255,59,255,116,0,212,252,121,7,115,3,127,247,43,191,0,172,1,7,1,10,0,111,0,47,0,20,0,13,0,11,
0,221,255,249,255,60,255,116,0,212,252,121,6,251,3,120,247,247,191,0,172,1,6,1,9,0,111,0,48,0,21,0,14,0,11,
0,237,255,229,255,73,255,111,0,6,253,132,6,30,4,40,247,140,191,0,172,1,6,1,9,0,111,0,48,0,21,0,14,0,11,
0,237,255,229,255,73,255,111,0,6,253,132,6,30,4,40,247,92,191,0,172,1,6,1,8,0,110,0,47,0,20,0,13,0,11,
0,240,255,194,255,106,255,111,0,6,253,132,6,30,4,229,246,92,191,0,172,1,7,1,8,0,110,0,47,0,21,0,14,0,11,
0,237,255,203,255,108,255,111,0,6,253,132,6,235,3,224,246,141,190,0,172,1,7,1,8,0,110,0,47,0,20,0,13,0,11,
0,229,255,238,255,114,255,111,0,6,253,132,6,48,3,202,246,67,190,0,171,1,7,1,6,0,110,0,47,0,21,0,14,0,11,
0,229,255,238,255,114,255,111,0,6,253,132,6,4,3,40,247,114,191,0,171,1,7,1,5,0,109,0,47,0,21,0,13,0,11,
0,245,255,14,0,105,255,111,0,6,253,132,6,4,3,40,247,114,191,0,172,1,8,1,4,0,108,0,46,0,20,0,13,0,11,
0,250,255,245,255,97,255,111,0,6,253,132,6,146,3,226,246,29,192,0,171,1,7,1,2,0,109,0,47,0,21,0,14,0,12,
0,250,255,245,255,96,255,111,0,6,253,132,6,251,3,175,246,222,190,0,172,1,8,1,2,0,108,0,46,0,20,0,13,0,11,
0,224,255,234,255,96,255,111,0,6,253,132,6,26,3,165,246,106,190,0,171,1,6,1,0,0,108,0,47,0,21,0,14,0,12,
0,199,255,230,255,92,255,148,0,234,252,45,6,26,3,219,246,136,191,0,172,1,6,0,255,0,107,0,46,0,23,0,14,0,12,
0,195,255,228,255,94,255,148,0,234,252,45,6,80,3,219,246,136,191,0,172,1,6,0,254,0,107,0,46,0,22,0,14,0,12,
0,195,255,228,255,91,255,148,0,234,252,45,6,195,2,62,247,240,191,0,172,1,6,0,252,0,106,0,46,0,22,0,14,0,12,
0,173,255,198,255,91,255,148,0,234,252,45,6,142,3,135,246,198,191,0,172,1,6,0,252,0,105,0,45,0,21,0,13,0,11,
0,167,255,144,255,76,255,148,0,234,252,45,6,164,2,146,246,237,189,0,172,1,5,0,250,0,105,0,46,0,21,0,14,0,12,
0,150,255,126,255,79,255,148,0,234,252,45,6,164,2,146,246,144,191,0,172,1,5,0,249,0,104,0,45,0,21,0,14,0,12,
0,150,255,126,255,79,255,148,0,234,252,45,6,179,2,27,247,144,191,0,172,1,5,0,249,0,104,0,45,0,20,0,14,0,11,
0,180,255,136,255,73,255,148,0,234,252,45,6,16,3,81,247,225,191,0,173,1,5,0,248,0,103,0,44,0,20,0,13,0,11,
0,193,255,153,255,54,255,148,0,234,252,45,6,83,3,230,246,200,190,0,172,1,4,0,247,0,103,0,44,0,21,0,14,0,12,
0,164,255,131,255,104,255,148,0,234,252,45,6,83,3,245,246,213,189,0,173,1,4,0,246,0,102,0,44,0,21,0,14,0,11,
0,164,255,131,255,104,255,135,0,234,252,61,6,32,3,245,246,213,189,0,173,1,4,0,245,0,102,0,44,0,20,0,14,0,11,
0,167,255,136,255,124,255,135,0,234,252,61,6,134,2,255,246,35,190,0,173,1,4,0,244,0,101,0,44,0,20,0,14,0,11,
0,181,255,142,255,102,255,135,0,234,252,61,6,178,2,134,247,249,191,0,173,1,4,0,243,0,101,0,43,0,20,0,13,0,11,
0,181,255,142,255,77,255,135,0,234,252,61,6,132,3,204,246,232,190,0,174,1,4,0,243,0,100,0,42,0,19,0,13,0,11,
0,177,255,138,255,77,255,135,0,234,252,61,6,132,3,204,246,234,188,0,174,1,3,0,242,0,100,0,43,0,20,0,13,0,11,
0,138,255,144,255,50,255,135,0,234,252,61,6,34,2,75,247,234,188,0,174,1,3,0,242,0,100,0,42,0,20,0,13,0,11,
0,112,255,124,255,35,255,135,0,234,252,61,6,208,2,199,247,117,191,0,174,1,3,0,241,0,99,0,42,0,19,0,13,0,11,
0,112,255,124,255,39,255,135,0,234,252,61,6,14,3,63,247,162,189,0,174,1,3,0,241,0,99,0,42,0,20,0,13,0,11,
0,157,255,106,255,39,255,135,0,234,252,61,6,32,2,203,247,75,190,0,175,1,3,0,241,0,99,0,42,0,19,0,13,0,11,
0,192,255,85,255,53,255,135,0,234,252,61,6,32,2,203,247,75,190,0,175,1,3,0,240,0,99,0,42,0,20,0,14,0,11,
0,211,255,46,255,55,255,120,0,35,253,42,6,144,2,194,247,64,191,0,175,1,2,0,239,0,98,0,42,0,18,0,13,0,11,
0,211,255,46,255,55,255,120,0,35,253,42,6,114,2,234,247,5,191,0,175,1,2,0,239,0,98,0,41,0,18,0,13,0,11,
0,180,255,47,255,13,255,120,0,35,253,42,6,123,2,96,248,17,191,0,175,1,2,0,239,0,98,0,42,0,19,0,13,0,12,
0,154,255,46,255,245,254,120,0,35,253,42,6,123,2,96,248,78,191,0,175,1,2,0,239,0,97,0,41,0,18,0,12,0,11,
0,175,255,39,255,249,254,120,0,35,253,42,6,4,3,22,248,78,191,0,175,1,2,0,238,0,97,0,42,0,19,0,13,0,11,
0,175,255,39,255,249,254,120,0,35,253,42,6,22,2,54,248,5,190,0,175,1,2,0,239,0,97,0,42,0,19,0,13,0,12,
0,153,255,35,255,233,254,120,0,35,253,42,6,186,1,183,248,69,192,0,175,1,2,0,239,0,97,0,41,0,18,0,13,0,11,
0,143,255,24,255,218,254,120,0,35,253,42,6,208,2,121,248,167,190,0,175,1,3,0,239,0,97,0,41,0,19,0,13,0,11,
0,143,255,24,255,201,254,120,0,35,253,42,6,208,2,121,248,167,190,0,176,1,3,0,239,0,97,0,41,0,18,0,12,0,11,
0,175,255,60,255,201,254,120,0,35,253,42,6,40,2,116,248,39,190,0,176,1,3,0,239,0,97,0,41,0,19,0,13,0,11,
0,183,255,94,255,242,254,120,0,23,253,148,6,214,1,139,248,88,191,0,176,1,3,0,239,0,97,0,41,0,19,0,13,0,11,
0,179,255,91,255,225,254,47,0,23,253,148,6,6,2,177,248,100,191,0,177,1,3,0,239,0,97,0,41,0,18,0,12,0,11,
0,179,255,91,255,225,254,47,0,23,253,148,6,6,2,149,248,0,191,0,176,1,3,0,239,0,97,0,41,0,19,0,13,0,11,
0,178,255,77,255,201,254,47,0,23,253,148,6,90,2,149,248,0,191,0,177,1,3,0,240,0,97,0,40,0,19,0,12,0,11,
0,181,255,50,255,194,254,47,0,23,253,148,6,46,2,127,248,35,190,0,176,1,3,0,241,0,97,0,41,0,20,0,13,0,11,
0,195,255,42,255,189,254,47,0,23,253,148,6,89,1,208,248,126,191,0,177,1,4,0,242,0,97,0,41,0,19,0,13,0,11,
0,195,255,42,255,189,254,47,0,23,253,148,6,112,2,149,248,65,191,0,177,1,4,0,242,0,97,0,41,0,19,0,13,0,11,
0,204,255,43,255,170,254,47,0,23,253,148,6,112,2,149,248,66,189,0,178,1,4,0,242,0,97,0,41,0,20,0,13,0,11,
0,188,255,28,255,182,254,47,0,23,253,148,6,202,1,118,248,66,189,0,178,1,5,0,243,0,97,0,41,0,19,0,13,0,11,
0,189,255,36,255,188,254,47,0,23,253,148,6,70,1,15,249,114,192,0,178,1,4,0,243,0,99,0,41,0,19,0,13,0,11,
0,189,255,36,255,188,254,47,0,23,253,148,6,105,2,167,248,37,192,0,178,1,5,0,244,0,99,0,41,0,20,0,14,0,11,
0,174,255,39,255,160,254,95,0,9,253,186,5,105,2,97,248,83,190,0,178,1,5,0,246,0,99,0,41,0,19,0,13,0,11,
0,184,255,28,255,131,254,95,0,9,253,186,5,110,2,97,248,83,190,0,178,1,6,0,247,0,99,0,41,0,19,0,13,0,11,
0,184,255,28,255,169,254,95,0,9,253,186,5,66,2,90,248,110,190,0,178,1,6,0,248,0,100,0,42,0,20,0,14,0,12,
0,228,255,8,255,169,254,95,0,9,253,186,5,161,1,180,248,61,191,0,178,1,7,0,248,0,100,0,42,0,20,0,13,0,11,
0,225,255,241,254,172,254,95,0,9,253,186,5,16,2,169,248,125,192,0,179,1,7,0,248,0,101,0,42,0,20,0,14,0,12,
0,216,255,17,255,179,254,95,0,9,253,186,5,16,2,169,248,200,191,0,179,1,8,0,249,0,101,0,42,0,19,0,13,0,11,
0,216,255,17,255,179,254,95,0,9,253,186,5,163,2,81,248,200,191,0,179,1,8,0,251,0,101,0,42,0,19,0,13,0,11,
0,251,255,33,255,164,254,95,0,9,253,186,5,71,2,236,247,14,189,0,179,1,8,0,252,0,101,0,37,0,19,0,14,0,12,
0,234,255,28,255,161,254,95,0,9,253,186,5,69,1,213,248,49,193,0,179,1,9,0,254,0,102,0,39,0,19,0,13,0,12,
0,250,255,51,255,165,254,95,0,9,253,186,5,156,3,253,247,123,193,0,180,1,9,0,254,0,102,0,40,0,19,0,13,0,12,
0,250,255,51,255,165,254,104,0,17,253,18,6,156,3,253,247,123,193,0,180,1,9,0,254,0,103,0,40,0,18,0,13,0,11,
0,242,255,72,255,165,254,104,0,17,253,18,6,52,2,187,247,198,189,0,181,1,10,0,254,0,103,0,41,0,18,0,13,0,11,
0,227,255,74,255,158,254,104,0,17,253,18,6,24,1,124,248,58,192,0,181,1,9,0,255,0,104,0,42,0,20,0,13,0,11,
0,189,255,54,255,168,254,104,0,17,253,18,6,202,1,3,248,87,194,0,181,1,10,1,0,0,104,0,43,0,17,0,13,0,11,
0,189,255,54,255,168,254,104,0,17,253,18,6,202,1,127,247,134,192,0,181,1,11,1,1,0,104,0,43,0,18,0,13,0,11,
0,201,255,34,255,156,254,104,0,17,253,18,6,18,3,127,247,134,192,0,182,1,11,1,1,0,104,0,43,0,18,0,12,0,11,
0,218,255,21,255,183,254,104,0,17,253,18,6,231,1,112,247,111,189,0,182,1,12,1,1,0,105,0,43,0,19,0,13,0,11,
0,218,255,21,255,165,254,104,0,17,253,18,6,250,0,17,248,245,191,0,183,1,12,1,2,0,105,0,43,0,18,0,12,0,11,
0,3,0,29,255,165,254,104,0,17,253,18,6,28,2,205,247,49,194,0,182,1,11,1,2,0,106,0,44,0,20,0,13,0,11,
0,8,0,65,255,140,254,104,0,17,253,18,6,28,2,205,247,155,192,0,182,1,12,1,3,0,106,0,45,0,20,0,14,0,11,
0,243,255,24,255,120,254,144,0,229,252,48,7,135,3,71,247,155,192,0,182,1,12,1,3,0,106,0,44,0,19,0,13,0,11,
0,243,255,24,255,120,254,144,0,229,252,48,7,176,2,37,247,31,191,0,182,1,12,1,3,0,106,0,45,0,20,0,14,0,12,
0,226,255,39,255,111,254,144,0,229,252,48,7,170,1,73,247,72,190,0,183,1,13,1,4,0,106,0,45,0,19,0,13,0,11,
0,197,255,37,255,125,254,144,0,229,252,48,7,170,1,110,247,26,194,0,182,1,12,1,4,0,107,0,46,0,20,0,14,0,12,
0,200,255,18,255,144,254,144,0,229,252,48,7,242,1,110,247,26,194,0,182,1,13,1,4,0,107,0,46,0,20,0,14,0,12,
0,200,255,18,255,144,254,144,0,229,252,48,7,87,3,226,246,117,193,0,182,1,13,1,4,0,107,0,45,0,20,0,13,0,11,
0,212,255,248,254,159,254,144,0,229,252,48,7,8,2,139,246,143,189,0,182,1,14,1,4,0,107,0,45,0,19,0,13,0,11,
0,248,255,210,254,174,254,144,0,229,252,48,7,123,1,85,247,213,192,0,181,1,13,1,4,0,107,0,46,0,20,0,14,0,12,
0,1,0,222,254,193,254,144,0,229,252,48,7,123,1,85,247,17,195,0,181,1,13,1,4,0,107,0,46,0,20,0,13,0,11,
0,1,0,222,254,193,254,144,0,229,252,48,7,136,2,42,247,17,195,0,181,1,13,1,4,0,107,0,50,0,21,0,13,0,11,
0,228,255,232,254,194,254,81,0,66,253,182,5,22,3,118,246,137,191,0,181,1,14,1,3,0,107,0,48,0,20,0,13,0,11,
0,222,255,238,254,182,254,81,0,66,253,182,5,43,2,114,246,120,191,0,181,1,14,1,4,0,107,0,49,0,21,0,13,0,11,
0,222,255,238,254,172,254,81,0,66,253,182,5,160,0,85,247,209,192,0,181,1,14,1,4,0,107,0,47,0,20,0,13,0,11,
0,47,0,13,255,172,254,81,0,66,253,182,5,160,0,85,247,209,192,0,180,1,13,1,4,0,107,0,47,0,21,0,14,0,11,
0,30,0,26,255,156,254,81,0,66,253,182,5,131,2,217,246,29,195,0,181,1,13,1,3,0,107,0,47,0,21,0,13,0,11,
0,15,0,44,255,191,254,81,0,66,253,182,5,210,2,89,246,81,191,0,181,1,13,1,3,0,107,0,46,0,20,0,13,0,11,
0,15,0,44,255,191,254,81,0,66,253,182,5,188,1,242,246,142,190,0,181,1,12,1,2,0,107,0,46,0,21,0,14,0,11,
0,235,255,17,255,216,254,81,0,66,253,182,5,188,1,242,247,86,194,0,181,1,13,1,2,0,106,0,46,0,20,0,13,0,11,
0,208,255,12,255,182,254,81,0,66,253,182,5,231,0,122,247,86,194,0,180,1,12,1,2,0,107,0,46,0,20,0,14,0,11,
0,221,255,12,255,158,254,81,0,66,253,182,5,58,3,181,246,103,193,0,180,1,12,1,3,0,107,0,46,0,20,0,13,0,12,
0,221,255,12,255,158,254,81,0,66,253,182,5,144,1,116,246,245,189,0,181,1,13,1,2,0,107,0,45,0,20,0,13,0,11,
0,204,255,248,254,161,254,137,0,43,253,200,6,30,1,220,246,199,192,0,180,1,12,1,1,0,107,0,46,0,21,0,14,0,12,
0,236,255,229,254,168,254,137,0,43,253,200,6,30,1,220,246,199,192,0,181,1,12,1,0,0,106,0,46,0,20,0,13,0,11,
0,197,255,229,254,152,254,137,0,43,253,200,6,206,1,250,246,145,193,0,181,1,11,0,255,0,106,0,46,0,23,0,14,0,12,
0,197,255,239,254,152,254,137,0,43,253,200,6,46,2,88,246,52,191,0,180,1,10,0,255,0,106,0,46,0,22,0,14,0,12,
0,202,255,242,254,164,254,137,0,43,253,200,6,166,0,60,247,26,192,0,180,1,10,1,0,0,105,0,45,0,19,0,13,0,11,
0,194,255,241,254,169,254,137,0,43,253,200,6,166,0,215,246,194,191,0,179,1,10,1,0,0,106,0,46,0,20,0,14,0,12,
0,194,255,241,254,161,254,137,0,43,253,200,6,21,2,215,246,194,191,0,180,1,11,1,0,0,105,0,45,0,19,0,13,0,11,
0,4,0,215,254,161,254,137,0,43,253,200,6,39,1,252,246,197,189,0,180,1,10,0,254,0,106,0,45,0,22,0,14,0,11,
0,0,0,187,254,152,254,137,0,43,253,200,6,75,1,125,247,99,194,0,180,1,9,0,253,0,105,0,45,0,21,0,14,0,11,
0,246,255,227,254,176,254,137,0,43,253,200,6,169,2,105,247,31,192,0,181,1,9,0,252,0,104,0,44,0,20,0,13,0,11,
0,246,255,227,254,176,254,171,0,40,253,80,6,169,2,105,247,36,191,0,180,1,8,0,252,0,104,0,45,0,21,0,14,0,11,
0,206,255,204,254,194,254,171,0,40,253,80,6,248,1,115,247,36,191,0,181,1,8,0,253,0,104,0,44,0,20,0,13,0,11,
0,185,255,195,254,197,254,171,0,40,253,80,6,196,0,205,247,139,191,0,180,1,7,0,253,0,104,0,44,0,21,0,14,0,11,
0,215,255,186,254,197,254,171,0,40,253,80,6,56,1,27,248,77,193,0,180,1,7,0,253,0,104,0,45,0,21,0,14,0,11,
0,215,255,186,254,197,254,171,0,40,253,80,6,56,2,212,247,71,191,0,181,1,7,0,251,0,104,0,44,0,21,0,14,0,11,
0,224,255,177,254,168,254,171,0,40,253,80,6,160,2,212,247,71,191,0,181,1,6,0,250,0,104,0,44,0,20,0,14,0,11,
0,206,255,218,254,176,254,171,0,40,253,80,6,72,1,172,247,184,188,0,182,1,6,0,249,0,102,0,44,0,20,0,13,0,11,
0,219,255,218,254,187,254,171,0,40,253,80,6,207,0,214,248,82,194,0,183,1,5,0,248,0,103,0,44,0,20,0,14,0,11,
0,219,255,246,254,187,254,171,0,40,253,80,6,116,2,109,248,121,192,0,183,1,4,0,248,0,103,0,44,0,20,0,14,0,12,
0,237,255,3,255,153,254,171,0,40,253,80,6,116,2,109,248,88,188,0,183,1,4,0,249,0,102,0,44,0,20,0,13,0,11,
0,241,255,254,254,140,254,95,0,56,253,150,5,218,1,0,248,88,188,0,184,1,4,0,250,0,103,0,44,0,21,0,14,0,12,
0,241,255,254,254,129,254,95,0,56,253,150,5,185,0,157,248,210,190,0,184,1,5,0,249,0,102,0,43,0,20,0,13,0,11,
0,237,255,235,254,129,254,95,0,56,253,150,5,235,0,104,249,220,193,0,185,1,4,0,247,0,102,0,44,0,20,0,14,0,12,
0,212,255,219,254,117,254,95,0,56,253,150,5,183,2,138,248,182,190,0,185,1,4,0,246,0,102,0,44,0,20,0,14,0,12,
0,208,255,234,254,119,254,95,0,56,253,150,5,183,2,138,248,182,190,0,187,1,3,0,246,0,101,0,43,0,20,0,13,0,11,
0,208,255,234,254,119,254,95,0,56,253,150,5,6,1,232,248,229,188,0,187,1,3,0,247,0,102,0,44,0,20,0,14,0,12,
0,229,255,21,255,116,254,95,0,56,253,150,5,234,0,154,249,144,191,0,187,1,3,0,248,0,101,0,43,0,20,0,13,0,11,
0,12,0,44,255,133,254,95,0,56,253,150,5,208,1,86,249,131,192,0,187,1,3,0,248,0,102,0,43,0,20,0,14,0,11,
0,28,0,68,255,143,254,95,0,56,253,150,5,208,1,237,248,222,189,0,188,1,3,0,247,0,101,0,43,0,20,0,14,0,11,
0,28,0,68,255,143,254,95,0,56,253,150,5,232,1,237,248,222,189,0,189,1,3,0,247,0,101,0,43,0,19,0,13,0,11,
0,18,0,73,255,115,254,153,0,42,253,76,6,21,1,216,249,145,189,0,189,1,2,0,246,0,101,0,43,0,20,0,14,0,11,
0,247,255,58,255,102,254,153,0,42,253,76,6,18,1,179,249,190,191,0,190,1,2,0,247,0,101,0,42,0,19,0,13,0,11,
0,235,255,58,255,108,254,153,0,42,253,76,6,83,2,112,249,53,191,0,189,1,2,0,247,0,101,0,43,0,20,0,14,0,11,
0,235,255,63,255,108,254,153,0,42,253,76,6,83,2,112,249,43,189,0,190,1,2,0,247,0,101,0,43,0,20,0,13,0,11,
0,242,255,71,255,102,254,153,0,42,253,76,6,217,1,255,248,43,189,0,191,1,2,0,247,0,100,0,42,0,19,0,13,0,11,
0,2,0,73,255,96,254,153,0,42,253,76,6,150,1,169,249,229,189,0,190,1,2,0,247,0,101,0,43,0,20,0,13,0,11,
0,2,0,73,255,112,254,153,0,42,253,76,6,26,1,187,249,218,190,0,191,1,2,0,248,0,101,0,42,0,19,0,13,0,11,
0,33,0,104,255,112,254,153,0,42,253,76,6,26,1,183,249,171,192,0,191,1,1,0,247,0,101,0,43,0,20,0,14,0,12,
0,50,0,126,255,119,254,153,0,42,253,76,6,169,1,183,249,171,192,0,191,1,2,0,247,0,101,0,43,0,20,0,14,0,11,
0,64,0,147,255,109,254,153,0,42,253,76,6,90,2,252,248,252,190,0,192,1,2,0,248,0,101,0,43,0,19,0,13,0,11,
0,64,0,147,255,109,254,153,0,42,253,76,6,226,1,179,248,78,188,0,192,1,1,0,247,0,101,0,43,0,20,0,14,0,12,
0,62,0,134,255,112,254,136,0,80,253,28,6,229,0,30,249,142,190,0,193,1,2,0,248,0,101,0,43,0,19,0,13,0,11,
0,74,0,116,255,111,254,136,0,80,253,28,6,229,0,30,249,64,192,0,193,1,1,0,247,0,101,0,43,0,20,0,14,0,11,
0,84,0,120,255,139,254,136,0,80,253,28,6,250,0,110,249,64,192,0,193,1,2,0,248,0,101,0,43,0,20,0,13,0,11,
0,84,0,120,255,139,254,136,0,80,253,28,6,255,1,219,248,74,191,0,193,1,1,0,247,0,101,0,43,0,20,0,13,0,11,
0,75,0,127,255,142,254,136,0,80,253,28,6,115,2,41,248,247,190,0,193,1,2,0,248,0,101,0,43,0,20,0,13,0,11,
0,60,0,165,255,128,254,136,0,80,253,28,6,229,1,54,248,53,189,0,193,1,1,0,247,0,101,0,43,0,21,0,14,0,12,
0,60,0,165,255,105,254,136,0,80,253,28,6,229,1,54,248,53,189,0,193,1,1,0,247,0,101,0,43,0,20,0,13,0,11,
0,78,0,171,255,105,254,136,0,80,253,28,6,244,0,85,248,118,190,0,193,1,1,0,247,0,101,0,43,0,20,0,14,0,11,
0,97,0,141,255,101,254,136,0,80,253,28,6,12,1,64,248,136,191,0,193,1,1,0,247,0,101,0,43,0,19,0,13,0,11,
0,115,0,157,255,87,254,136,0,80,253,28,6,224,1,54,248,6,192,0,193,1,1,0,248,0,101,0,42,0,19,0,13,0,11,
0,115,0,157,255,92,254,136,0,36,253,123,6,224,1,54,247,18,191,0,192,1,1,0,247,0,101,0,43,0,20,0,13,0,11,
0,157,0,180,255,92,254,136,0,36,253,123,6,138,1,190,247,18,191,0,192,1,1,0,247,0,101,0,43,0,20,0,13,0,11,
0,177,0,203,255,107,254,136,0,36,253,123,6,148,1,132,247,58,191,0,192,1,1,0,247,0,101,0,43,0,20,0,13,0,11,
0,135,0,188,255,95,254,136,0,36,253,123,6,156,1,73,247,129,190,0,192,1,1,0,248,0,101,0,42,0,19,0,13,0,11,
0,135,0,188,255,95,254,136,0,36,253,123,6,38,1,112,247,249,189,0,192,1,2,0,248,0,100,0,37,0,19,0,13,0,11,
0,122,0,184,255,81,254,136,0,36,253,123,6,38,1,112,247,249,189,0,192,1,1,0,247,0,101,0,39,0,19,0,14,0,12,
0,156,0,187,255,112,254,136,0,36,253,123,6,226,0,137,247,83,191,0,192,1,1,0,247,0,101,0,40,0,19,0,14,0,11,
0,151,0,166,255,105,254,136,0,36,253,123,6,26,1,43,247,72,192,0,192,1,1,0,247,0,101,0,41,0,19,0,14,0,12,
0,151,0,166,255,105,254,136,0,36,253,123,6,239,1,198,246,14,191,0,191,1,1,0,247,0,101,0,41,0,19,0,13,0,11,
0,148,0,153,255,80,254,136,0,36,253,123,6,239,1,224,246,121,190,0,191,1,1,0,247,0,101,0,41,0,20,0,14,0,12,
0,160,0,138,255,82,254,135,0,61,253,154,6,212,0,224,246,121,190,0,191,1,1,0,247,0,101,0,42,0,19,0,13,0,11,
0,160,0,138,255,72,254,135,0,61,253,154,6,124,0,47,247,64,191,0,191,1,0,0,247,0,101,0,42,0,20,0,14,0,11,
0,190,0,154,255,72,254,135,0,61,253,154,6,122,1,235,246,195,192,0,190,1,0,0,246,0,101,0,43,0,20,0,14,0,12,
0,170,0,160,255,89,254,135,0,61,253,154,6,16,2,180,246,24,191,0,190,1,0,0,246,0,101,0,43,0,20,0,14,0,12,
0,132,0,183,255,74,254,135,0,61,253,154,6,16,2,180,246,143,189,0,190,1,0,0,245,0,101,0,43,0,20,0,13,0,11,
0,132,0,183,255,69,254,135,0,61,253,154,6,194,0,114,246,143,189,0,190,1,0,0,245,0,100,0,42,0,19,0,13,0,11,
0,157,0,219,255,69,254,135,0,61,253,154,6,128,0,10,247,14,191,0,190,0,255,0,244,0,100,0,43,0,20,0,13,0,11,
0,145,0,211,255,72,254,135,0,61,253,154,6,221,0,74,247,147,192,0,189,0,255,0,244,0,100,0,43,0,20,0,13,0,11,
0,145,0,182,255,72,254,135,0,61,253,154,6,221,0,240,246,173,191,0,189,0,255,0,244,0,100,0,42,0,19,0,13,0,11,
0,145,0,182,255,72,254,135,0,61,253,154,6,241,1,240,246,173,191,0,189,0,255,0,243,0,99,0,41,0,19,0,13,0,11,
0,147,0,183,255,89,254,162,0,15,253,214,6,191,0,46,246,173,188,0,189,0,254,0,242,0,100,0,43,0,20,0,13,0,11,
0,199,0,175,255,90,254,162,0,15,253,214,6,129,0,1,247,153,191,0,189,0,254,0,241,0,99,0,42,0,20,0,13,0,11,
0,239,0,169,255,76,254,162,0,15,253,214,6,134,1,72,247,164,192,0,189,0,254,0,241,0,99,0,42,0,20,0,13,0,11,
0,239,0,169,255,76,254,162,0,15,253,214,6,134,1,72,247,177,190,0,189,0,254,0,240,0,98,0,41,0,19,0,13,0,11,
0,218,0,179,255,66,254,162,0,15,253,214,6,44,2,194,246,177,190,0,188,0,253,0,239,0,99,0,42,0,18,0,13,0,11,
0,192,0,173,255,38,254,162,0,15,253,214,6,6,1,194,246,66,189,0,188,0,254,0,239,0,98,0,45,0,18,0,13,0,11,
0,192,0,173,255,57,254,162,0,15,253,214,6,104,0,49,247,192,191,0,188,0,253,0,238,0,98,0,45,0,19,0,12,0,11,
0,187,0,156,255,57,254,162,0,15,253,214,6,140,1,196,246,71,192,0,188,0,252,0,238,0,98,0,44,0,20,0,13,0,11,
0,223,0,146,255,62,254,162,0,15,253,214,6,140,1,196,246,71,192,0,188,0,252,0,238,0,97,0,43,0,19,0,13,0,11,
0,170,0,147,255,45,254,162,0,15,253,214,6,51,1,147,246,219,189,0,188,0,252,0,236,0,97,0,43,0,20,0,13,0,11,
0,170,0,147,255,45,254,162,0,15,253,72,5,34,1,115,247,32,191,0,188,0,252,0,236,0,96,0,42,0,19,0,13,0,11,
0,139,0,146,255,38,254,125,0,134,253,72,5,178,0,50,247,92,191,0,188,0,252,0,236,0,97,0,43,0,20,0,13,0,12,
0,196,0,165,255,12,254,125,0,134,253,72,5,178,0,96,247,155,192,0,188,0,251,0,235,0,97,0,42,0,19,0,13,0,12,
0,202,0,168,255,5,254,125,0,134,253,72,5,24,1,96,247,155,192,0,189,0,251,0,235,0,96,0,41,0,18,0,13,0,11,
0,202,0,168,255,5,254,125,0,134,253,72,5,154,1,71,247,134,190,0,189,0,251,0,235,0,95,0,41,0,18,0,13,0,11,
0,173,0,154,255,8,254,125,0,134,253,72,5,183,0,35,247,39,189,0,190,0,251,0,234,0,96,0,41,0,19,0,13,0,12,
0,161,0,160,255,42,254,125,0,134,253,72,5,34,0,142,247,166,190,0,190,0,251,0,234,0,96,0,41,0,19,0,13,0,11,
0,152,0,165,255,61,254,125,0,134,253,72,5,34,0,142,247,166,192,0,191,0,251,0,234,0,95,0,41,0,19,0,13,0,11,
0,152,0,165,255,61,254,125,0,134,253,72,5,136,0,189,247,43,192,0,191,0,251,0,234,0,95,0,40,0,18,0,13,0,11,
0,161,0,130,255,76,254,125,0,134,253,72,5,94,1,99,247,38,191,0,192,0,251,0,234,0,95,0,40,0,18,0,13,0,11,
0,162,0,116,255,84,254,125,0,134,253,72,5,4,1,123,247,226,189,0,193,0,250,0,234,0,95,0,40,0,17,0,12,0,10,
0,162,0,116,255,65,254,150,0,85,253,144,6,4,1,157,247,185,189,0,193,0,249,0,234,0,95,0,40,0,18,0,13,0,11,
0,139,0,114,255,65,254,150,0,85,253,144,6,24,1,157,247,185,189,0,193,0,249,0,234,0,95,0,40,0,18,0,13,0,11,
0,143,0,102,255,40,254,150,0,85,253,144,6,78,0,187,247,13,190,0,194,0,250,0,234,0,95,0,40,0,18,0,13,0,11,
0,142,0,84,255,41,254,150,0,85,253,144,6,104,0,1,248,143,191,0,194,0,249,0,233,0,95,0,40,0,18,0,13,0,11,
0,142,0,84,255,41,254,150,0,85,253,144,6,53,1,6,248,36,191,0,195,0,250,0,234,0,94,0,40,0,17,0,12,0,11,
0,137,0,112,255,47,254,150,0,85,253,144,6,53,1,6,248,27,190,0,195,0,250,0,234,0,95,0,40,0,18,0,13,0,11,
0,128,0,112,255,50,254,150,0,85,253,144,6,159,1,142,247,27,190,0,196,0,249,0,235,0,95,0,40,0,18,0,13,0,11,
0,133,0,113,255,49,254,150,0,85,253,144,6,122,0,179,247,148,188,0,196,0,250,0,235,0,95,0,40,0,17,0,13,0,11,
0,133,0,113,255,49,254,150,0,85,253,144,6,53,0,14,248,84,190,0,197,0,250,0,235,0,95,0,40,0,19,0,13,0,12,
0,100,0,118,255,69,254,150,0,85,253,144,6,53,1,218,247,146,191,0,198,0,250,0,235,0,95,0,40,0,17,0,13,0,11,
0,99,0,125,255,77,254,117,0,89,253,234,5,184,1,218,247,146,191,0,198,0,250,0,235,0,95,0,41,0,18,0,13,0,11,
0,109,0,115,255,57,254,117,0,89,253,234,5,77,1,205,247,141,189,0,199,0,250,0,236,0,95,0,40,0,18,0,13,0,12,
0,109,0,115,255,57,254,117,0,89,253,234,5,208,0,149,247,40,188,0,200,0,250,0,236,0,95,0,40,0,18,0,13,0,11,
0,121,0,107,255,33,254,117,0,89,253,234,5,149,0,42,248,120,191,0,200,0,251,0,237,0,96,0,41,0,18,0,13,0,11,
0,143,0,109,255,82,254,117,0,89,253,234,5,149,0,42,248,152,190,0,201,0,251,0,238,0,95,0,40,0,18,0,12,0,11,
0,143,0,109,255,114,254,117,0,89,253,234,5,239,1,237,247,152,190,0,200,0,251,0,238,0,96,0,41,0,19,0,13,0,11,
0,89,0,117,255,114,254,117,0,89,253,234,5,205,1,117,247,183,188,0,201,0,251,0,239,0,96,0,41,0,19,0,13,0,11,
0,100,0,114,255,64,254,117,0,89,253,234,5,213,0,195,247,180,188,0,201,0,251,0,240,0,96,0,40,0,20,0,13,0,11,
0,137,0,126,255,78,254,117,0,89,253,234,5,225,0,20,248,18,191,0,202,0,252,0,240,0,97,0,41,0,20,0,13,0,11,
0,137,0,126,255,78,254,117,0,89,253,234,5,225,0,20,248,18,191,0,203,0,252,0,241,0,96,0,40,0,19,0,13,0,11,
0,120,0,126,255,111,254,74,0,151,253,210,6,78,2,178,247,4,191,0,203,0,251,0,242,0,97,0,41,0,19,0,13,0,11,
0,100,0,128,255,111,254,74,0,151,253,210,6,45,2,75,247,66,189,0,203,0,252,0,243,0,98,0,41,0,19,0,13,0,11,
0,119,0,137,255,110,254,74,0,151,253,210,6,246,0,105,247,132,188,0,203,0,252,0,244,0,97,0,41,0,19,0,13,0,11,
0,119,0,137,255,110,254,74,0,151,253,210,6,246,0,11,248,77,191,0,204,0,253,0,244,0,98,0,41,0,20,0,13,0,11,
0,131,0,112,255,133,254,74,0,151,253,210,6,255,0,11,248,77,191,0,204,0,253,0,245,0,98,0,41,0,19,0,13,0,11,
0,135,0,114,255,135,254,74,0,151,253,210,6,68,2,230,247,49,191,0,204,0,253,0,246,0,99,0,42,0,20,0,13,0,11,
0,154,0,133,255,134,254,74,0,151,253,210,6,123,2,83,247,145,187,0,204,0,253,0,247,0,100,0,42,0,20,0,13,0,12,
0,154,0,133,255,134,254,74,0,151,253,210,6,50,1,158,247,213,188,0,205,0,254,0,248,0,100,0,42,0,19,0,13,0,11,
0,133,0,140,255,94,254,74,0,151,253,210,6,50,1,158,247,47,191,0,206,0,254,0,248,0,100,0,43,0,20,0,14,0,12,
0,125,0,157,255,117,254,74,0,151,253,210,6,58,1,183,247,47,191,0,206,0,255,0,248,0,100,0,42,0,19,0,13,0,11,
0,125,0,157,255,117,254,171,0,38,253,59,6,106,2,149,247,217,190,0,206,0,254,0,249,0,101,0,43,0,20,0,13,0,12,
0,106,0,166,255,117,254,171,0,38,253,59,6,15,2,110,247,232,189,0,206,0,254,0,250,0,102,0,43,0,20,0,14,0,12,
0,106,0,178,255,112,254,171,0,38,253,59,6,15,2,33,247,197,189,0,206,0,255,0,251,0,102,0,43,0,20,0,14,0,12,
0,84,0,164,255,147,254,171,0,38,253,59,6,7,2,33,247,197,189,0,207,0,255,0,250,0,102,0,43,0,20,0,14,0,12,
0,84,0,164,255,147,254,171,0,38,253,59,6,36,2,78,247,185,189,0,208,1,0,0,251,0,102,0,42,0,19,0,13,0,11,
0,50,0,173,255,175,254,171,0,38,253,59,6,171,1,218,246,224,188,0,208,1,0,0,250,0,102,0,43,0,20,0,13,0,11,
0,84,0,185,255,213,254,171,0,38,253,59,6,177,1,18,247,94,190,0,208,1,0,0,251,0,102,0,43,0,20,0,13,0,11,
0,121,0,150,255,208,254,171,0,38,253,59,6,177,1,18,247,245,190,0,208,1,1,0,252,0,102,0,43,0,20,0,13,0,11,
0,121,0,150,255,208,254,171,0,38,253,59,6,70,1,60,247,245,190,0,208,1,1,0,252,0,103,0,43,0,20,0,13,0,11,
0,152,0,146,255,224,254,171,0,38,253,59,6,39,2,230,246,60,190,0,209,1,2,0,252,0,102,0,43,0,19,0,13,0,11,
0,112,0,157,255,5,255,171,0,38,253,59,6,62,2,126,246,23,189,0,209,1,2,0,251,0,103,0,43,0,20,0,13,0,11,
0,78,0,186,255,2,255,148,0,132,253,40,6,213,1,105,246,125,189,0,209,1,1,0,251,0,103,0,43,0,20,0,13,0,11,
0,78,0,186,255,2,255,148,0,132,253,40,6,213,1,105,246,125,189,0,210,1,2,0,252,0,102,0,43,0,19,0,13,0,11,
0,79,0,197,255,255,254,148,0,132,253,40,6,52,1,232,246,238,190,0,209,1,2,0,252,0,103,0,44,0,20,0,14,0,11,
0,87,0,194,255,235,254,148,0,132,253,40,6,251,1,68,246,20,191,0,209,1,3,0,254,0,103,0,43,0,19,0,13,0,11,
0,87,0,194,255,233,254,148,0,132,253,40,6,40,2,2,246,243,188,0,209,1,3,0,252,0,104,0,44,0,21,0,14,0,11,
0,46,0,173,255,233,254,148,0,132,253,40,6,40,2,2,246,173,188,0,209,1,3,0,251,0,104,0,44,0,20,0,14,0,12,
0,27,0,184,255,233,254,148,0,132,253,40,6,122,1,120,246,173,188,0,210,1,3,0,251,0,103,0,43,0,20,0,13,0,11,
0,59,0,190,255,238,254,148,0,132,253,40,6,168,0,145,246,219,190,0,210,1,3,0,250,0,103,0,44,0,20,0,14,0,12,
0,59,0,190,255,238,254,148,0,132,253,40,6,67,1,21,246,214,191,0,210,1,3,0,251,0,103,0,43,0,20,0,13,0,11,
0,81,0,201,255,249,254,148,0,132,253,40,6,58,2,142,245,187,189,0,209,1,3,0,251,0,104,0,44,0,20,0,14,0,11,
0,46,0,200,255,14,255,119,0,110,253,186,6,58,2,142,245,187,189,0,209,1,4,0,251,0,103,0,43,0,20,0,13,0,12,
0,18,0,214,255,24,255,119,0,110,253,186,6,52,1,143,245,210,188,0,209,1,4,0,251,0,103,0,38,0,19,0,14,0,12,
0,18,0,214,255,24,255,119,0,110,253,186,6,60,0,179,245,35,189,0,209,1,5,0,251,0,102,0,40,0,19,0,14,0,11,
0,244,255,207,255,39,255,119,0,110,253,186,6,136,0,53,246,19,192,0,208,1,4,0,249,0,103,0,41,0,20,0,14,0,12,
0,214,255,176,255,46,255,119,0,110,253,186,6,136,0,164,245,205,190,0,208,1,4,0,249,0,103,0,41,0,19,0,13,0,11,
0,206,255,176,255,31,255,119,0,110,253,186,6,127,2,164,245,205,190,0,209,1,5,0,248,0,102,0,41,0,19,0,13,0,11,
0,206,255,192,255,31,255,119,0,110,253,186,6,91,1,116,245,160,187,0,208,1,5,0,248,0,102,0,42,0,19,0,13,0,11,
0,210,255,222,255,254,254,119,0,110,253,186,6,232,255,164,245,150,189,0,208,1,4,0,247,0,102,0,42,0,19,0,13,0,11,
0,214,255,230,255,255,254,119,0,110,253,186,6,146,0,221,245,34,192,0,208,1,4,0,247,0,102,0,43,0,20,0,14,0,11,
0,214,255,230,255,12,255,119,0,110,253,186,6,146,0,221,245,241,189,0,208,1,4,0,247,0,101,0,42,0,19,0,13,0,11,
0,169,255,219,255,12,255,119,0,104,253,249,6,71,2,5,245,241,189,0,207,1,5,0,247,0,101,0,42,0,19,0,13,0,11,
0,198,255,210,255,21,255,119,0,104,253,249,6,170,0,23,245,127,188,0,207,1,5,0,247,0,101,0,42,0,19,0,13,0,11,
0,210,255,237,255,43,255,119,0,104,253,249,6,103,255,155,245,200,188,0,207,1,5,0,246,0,101,0,43,0,20,0,14,0,11,
0,210,255,237,255,43,255,119,0,104,253,249,6,103,255,148,245,1,192,0,206,1,5,0,246,0,101,0,42,0,19,0,13,0,11,
0,210,255,6,0,59,255,119,0,104,253,249,6,156,0,148,245,1,192,0,205,1,5,0,246,0,101,0,43,0,20,0,14,0,11,
0,163,255,2,0,41,255,119,0,104,253,249,6,166,1,249,244,34,189,0,205,1,5,0,245,0,101,0,43,0,20,0,14,0,12,
0,121,255,254,255,46,255,119,0,104,253,249,6,250,255,141,245,195,187,0,205,1,6,0,246,0,100,0,43,0,19,0,13,0,11,
0,121,255,254,255,46,255,119,0,104,253,249,6,204,255,228,245,225,189,0,204,1,5,0,245,0,101,0,43,0,20,0,14,0,12,
0,129,255,253,255,16,255,119,0,104,253,249,6,204,255,228,245,23,191,0,204,1,6,0,245,0,100,0,42,0,19,0,13,0,11,
0,113,255,7,0,19,255,119,0,104,253,249,6,114,0,162,245,23,191,0,203,1,5,0,245,0,100,0,43,0,20,0,14,0,12,
0,114,255,7,0,61,255,61,0,152,253,8,6,194,1,194,245,92,189,0,203,1,6,0,244,0,100,0,43,0,20,0,14,0,12,
0,114,255,3,0,61,255,61,0,152,253,8,6,21,1,154,245,215,187,0,203,1,6,0,245,0,100,0,43,0,20,0,13,0,11,
0,125,255,19,0,58,255,61,0,152,253,8,6,10,0,242,245,197,188,0,203,1,6,0,245,0,100,0,46,0,20,0,13,0,11,
0,96,255,39,0,81,255,61,0,152,253,8,6,10,0,242,245,197,188,0,202,1,6,0,244,0,100,0,46,0,21,0,13,0,11,
0,96,255,39,0,63,255,61,0,152,253,8,6,50,0,112,246,11,191,0,201,1,6,0,244,0,100,0,45,0,21,0,13,0,11,
0,85,255,253,255,63,255,61,0,152,253,8,6,154,1,34,246,97,190,0,201,1,6,0,244,0,100,0,44,0,21,0,13,0,11,
0,84,255,13,0,51,255,61,0,152,253,8,6,8,1,104,245,111,186,0,201,1,6,0,245,0,99,0,43,0,20,0,13,0,11,
0,114,255,34,0,33,255,61,0,152,253,8,6,8,1,118,246,9,188,0,201,1,6,0,245,0,99,0,43,0,20,0,13,0,11,
0,114,255,34,0,33,255,61,0,152,253,8,6,228,255,118,246,9,188,0,201,1,6,0,245,0,100,0,43,0,20,0,14,0,11,
0,133,255,50,0,41,255,61,0,152,253,8,6,196,0,119,246,38,190,0,201,1,6,0,245,0,100,0,43,0,20,0,13,0,11,
0,131,255,68,0,33,255,61,0,152,253,8,6,172,1,84,246,31,189,0,200,1,6,0,245,0,100,0,43,0,20,0,13,0,11,
0,117,255,76,0,41,255,103,0,122,253,161,5,72,1,32,246,73,188,0,200,1,7,0,246,0,99,0,43,0,19,0,13,0,11,
0,117,255,76,0,41,255,103,0,122,253,161,5,72,1,32,246,73,187,0,200,1,7,0,246,0,100,0,43,0,20,0,14,0,11,
0,131,255,97,0,53,255,103,0,122,253,161,5,253,0,46,246,49,187,0,200,1,8,0,246,0,99,0,42,0,19,0,13,0,11,
0,126,255,112,0,38,255,103,0,122,253,161,5,55,0,122,246,67,188,0,200,1,7,0,246,0,100,0,42,0,20,0,13,0,11,
0,130,255,112,0,17,255,103,0,122,253,161,5,236,0,195,246,247,189,0,200,1,8,0,247,0,100,0,43,0,20,0,14,0,12,
0,130,255,103,0,17,255,103,0,122,253,161,5,236,0,96,246,102,188,0,200,1,8,0,247,0,100,0,42,0,20,0,13,0,11,
0,133,255,106,0,21,255,103,0,122,253,161,5,160,1,96,246,102,188,0,200,1,8,0,247,0,101,0,43,0,20,0,14,0,12,
0,118,255,117,0,17,255,103,0,122,253,161,5,207,1,74,246,116,187,0,200,1,8,0,248,0,100,0,42,0,19,0,13,0,11,
0,118,255,117,0,19,255,103,0,122,253,161,5,200,0,178,246,91,187,0,199,1,8,0,248,0,101,0,43,0,20,0,14,0,12,
0,80,255,111,0,19,255,103,0,122,253,161,5,226,0,248,246,235,189,0,199,1,9,0,249,0,101,0,43,0,19,0,13,0,11,
0,101,255,105,0,26,255,136,0,89,253,108,6,226,0,248,246,25,189,0,198,1,9,0,249,0,101,0,43,0,20,0,13,0,11,
0,103,255,107,0,18,255,136,0,89,253,108,6,228,1,187,246,25,189,0,198,1,9,0,249,0,102,0,43,0,20,0,14,0,12,
0,103,255,107,0,18,255,136,0,89,253,108,6,22,2,82,246,103,187,0,198,1,9,0,250,0,101,0,43,0,19,0,13,0,11,
0,89,255,103,0,35,255,136,0,89,253,108,6,66,1,186,246,41,187,0,198,1,9,0,250,0,102,0,43,0,20,0,14,0,11,
0,76,255,90,0,56,255,136,0,89,253,108,6,112,1,165,246,84,189,0,197,1,9,0,251,0,102,0,43,0,20,0,13,0,11,
0,48,255,85,0,52,255,136,0,89,253,108,6,112,1,165,246,84,189,0,197,1,9,0,251,0,102,0,43,0,20,0,13,0,11,
0,48,255,85,0,52,255,136,0,89,253,108,6,249,1,142,246,96,189,0,197,1,9,0,251,0,102,0,43,0,20,0,14,0,11,
0,28,255,94,0,32,255,136,0,89,253,108,6,137,1,208,246,179,188,0,197,1,10,0,252,0,102,0,43,0,19,0,13,0,11,
0,31,255,83,0,25,255,136,0,89,253,108,6,140,1,186,246,138,189,0,196,1,10,0,252,0,103,0,43,0,20,0,13,0,11,
0,31,255,83,0,52,255,136,0,89,253,108,6,140,1,186,246,91,188,0,196,1,10,0,253,0,103,0,43,0,20,0,13,0,11,
0,50,255,78,0,52,255,80,0,160,253,97,7,65,2,115,246,91,188,0,196,1,10,0,253,0,103,0,43,0,20,0,13,0,11,
0,26,255,81,0,82,255,80,0,160,253,97,7,42,2,77,246,170,188,0,196,1,10,0,254,0,104,0,44,0,20,0,14,0,11,
0,0,255,75,0,82,255,80,0,160,253,97,7,77,1,216,246,167,188,0,196,1,11,0,254,0,103,0,43,0,20,0,13,0,11,
0,0,255,75,0,62,255,80,0,160,253,97,7,182,1,253,246,52,190,0,196,1,11,0,255,0,104,0,43,0,20,0,13,0,11,
0,243,254,60,0,62,255,80,0,160,253,97,7,182,1,253,246,52,190,0,197,1,11,0,255,0,104,0,44,0,20,0,13,0,11,
0,21,255,65,0,75,255,80,0,160,253,97,7,230,2,142,246,117,190,0,197,1,11,0,255,0,104,0,44,0,20,0,13,0,11,
0,0,255,62,0,100,255,80,0,160,253,97,7,213,2,6,246,217,187,0,197,1,11,1,0,0,105,0,45,0,19,0,14,0,12,
0,0,255,62,0,100,255,80,0,160,253,97,7,9,2,69,246,160,187,0,198,1,11,1,0,0,105,0,44,0,18,0,13,0,11,
0,236,254,11,0,84,255,80,0,160,253,97,7,9,2,202,246,217,189,0,198,1,11,1,0,0,105,0,45,0,20,0,14,0,12,
0,219,254,10,0,66,255,80,0,160,253,97,7,142,1,202,246,217,189,0,198,1,11,1,1,0,105,0,45,0,20,0,14,0,12,
0,246,254,29,0,58,255,127,0,109,253,68,6,106,2,127,246,173,191,0,198,1,11,1,1,0,106,0,45,0,20,0,14,0,12,
0,246,254,29,0,58,255,127,0,109,253,68,6,78,3,63,246,189,189,0,198,1,11,1,1,0,106,0,45,0,20,0,14,0,12,
0,238,254,42,0,53,255,127,0,109,253,68,6,242,2,6,246,134,187,0,199,1,12,1,2,0,105,0,44,0,19,0,13,0,11,
0,242,254,62,0,67,255,127,0,109,253,68,6,242,2,6,246,50,187,0,198,1,11,1,1,0,106,0,45,0,20,0,13,0,11,
0,242,254,62,0,89,255,127,0,109,253,68,6,168,1,61,246,50,187,0,199,1,11,1,1,0,106,0,45,0,20,0,13,0,11,
0,238,254,27,0,89,255,127,0,109,253,68,6,50,2,183,246,106,191,0,199,1,11,1,2,0,105,0,44,0,19,0,13,0,11,
0,204,254,230,255,78,255,127,0,109,253,68,6,237,3,162,245,253,188,0,198,1,11,1,2,0,106,0,45,0,20,0,14,0,11,
0,191,254,223,255,67,255,127,0,109,253,68,6,237,3,210,245,126,187,0,199,1,11,1,2,0,106,0,44,0,19,0,13,0,11,
0,191,254,223,255,48,255,127,0,109,253,68,6,198,2,210,245,126,187,0,198,1,11,1,2,0,106,0,45,0,20,0,13,0,11,
0,192,254,245,255,48,255,127,0,109,253,68,6,40,2,243,245,190,188,0,198,1,10,1,2,0,106,0,45,0,20,0,13,0,11,
0,208,254,242,255,44,255,127,0,109,253,68,6,10,3,19,246,99,189,0,199,1,10,1,2,0,106,0,45,0,19,0,13,0,11,
0,167,254,232,255,54,255,80,0,178,253,55,6,112,2,206,245,29,190,0,199,1,10,1,2,0,106,0,45,0,19,0,13,0,11,
0,167,254,232,255,54,255,80,0,178,253,55,6,112,2,206,245,238,189,0,198,1,9,1,2,0,107,0,45,0,20,0,13,0,12,
0,162,254,220,255,48,255,80,0,178,253,55,6,208,2,248,245,238,189,0,198,1,9,1,1,0,107,0,45,0,20,0,13,0,11,
0,157,254,194,255,68,255,80,0,178,253,55,6,20,3,228,245,144,189,0,198,1,9,1,1,0,106,0,46,0,20,0,14,0,12,
0,183,254,197,255,90,255,80,0,178,253,55,6,205,2,130,245,226,188,0,198,1,9,1,2,0,106,0,45,0,20,0,13,0,11,
0,183,254,197,255,90,255,80,0,178,253,55,6,45,2,230,245,146,190,0,198,1,9,1,1,0,106,0,45,0,20,0,13,0,11,
0,205,254,197,255,111,255,80,0,178,253,55,6,45,2,230,245,146,190,0,197,1,8,1,1,0,107,0,46,0,20,0,14,0,12,
0,210,254,175,255,96,255,80,0,178,253,55,6,243,2,168,245,102,190,0,197,1,8,1,1,0,107,0,45,0,20,0,13,0,11,
0,210,254,175,255,81,255,80,0,178,253,55,6,199,2,94,245,81,188,0,197,1,8,1,1,0,107,0,46,0,20,0,14,0,12,
0,168,254,149,255,81,255,80,0,178,253,55,6,18,2,34,246,237,190,0,197,1,8,1,1,0,106,0,45,0,20,0,13,0,11,
0,136,254,105,255,104,255,73,0,188,253,123,6,18,2,34,245,235,190,0,196,1,8,1,0,0,106,0,46,0,20,0,14,0,12,
0,63,254,98,255,108,255,73,0,188,253,123,6,77,3,246,245,235,190,0,197,1,8,1,0,0,105,0,45,0,19,0,13,0,11,
0,63,254,98,255,108,255,73,0,188,253,123,6,213,3,110,245,135,188,0,196,1,7,1,0,0,106,0,45,0,20,0,13,0,11,
0,75,254,114,255,68,255,73,0,188,253,123,6,156,1,50,246,224,187,0,196,1,8,1,0,0,105,0,45,0,19,0,13,0,11,
0,90,254,98,255,86,255,73,0,188,253,123,6,88,3,0,246,239,192,0,196,1,7,1,0,0,106,0,45,0,20,0,13,0,11,
0,76,254,113,255,87,255,73,0,188,253,123,6,88,3,0,246,239,192,0,196,1,6,0,255,0,106,0,45,0,22,0,14,0,11,
0,76,254,113,255,87,255,73,0,188,253,123,6,30,3,73,245,107,187,0,196,1,6,0,255,0,105,0,44,0,21,0,13,0,11,
0,88,254,79,255,107,255,73,0,188,253,123,6,149,1,28,246,171,189,0,196,1,5,0,255,0,105,0,40,0,20,0,14,0,12,
0,52,254,75,255,85,255,73,0,188,253,123,6,223,2,117,246,241,191,0,195,1,5,0,255,0,105,0,41,0,20,0,14,0,12,
0,39,254,89,255,71,255,73,0,188,253,123,6,223,2,238,245,21,190,0,195,1,5,0,254,0,105,0,42,0,20,0,14,0,12,
0,39,254,89,255,71,255,100,0,121,253,84,6,37,4,238,245,21,190,0,195,1,4,0,254,0,105,0,42,0,20,0,14,0,12,
0,59,254,83,255,73,255,100,0,121,253,84,6,74,3,207,245,165,188,0,196,1,4,0,254,0,104,0,42,0,19,0,13,0,11,
0,66,254,88,255,73,255,100,0,121,253,84,6,196,1,48,246,84,189,0,195,1,4,0,253,0,104,0,43,0,20,0,14,0,11,
0,66,254,88,255,79,255,100,0,121,253,84,6,5,3,146,246,160,191,0,195,1,3,0,253,0,105,0,44,0,20,0,14,0,12,
0,59,254,72,255,79,255,100,0,121,253,84,6,5,3,146,246,253,189,0,196,1,3,0,253,0,104,0,43,0,20,0,13,0,11,
0,38,254,85,255,89,255,100,0,121,253,84,6,128,3,41,246,253,189,0,196,1,3,0,253,0,104,0,43,0,20,0,13,0,11,
0,35,254,82,255,83,255,100,0,121,253,84,6,204,2,221,245,255,187,0,195,1,2,0,252,0,104,0,44,0,20,0,14,0,12,
0,35,254,82,255,83,255,100,0,121,253,84,6,97,1,130,246,132,188,0,195,1,2,0,252,0,104,0,44,0,20,0,13,0,11,
0,21,254,54,255,105,255,100,0,121,253,84,6,97,2,170,246,85,191,0,195,1,2,0,251,0,104,0,44,0,20,0,14,0,12,
0,239,253,48,255,90,255,100,0,121,253,84,6,229,2,170,246,85,191,0,195,1,2,0,251,0,104,0,43,0,20,0,14,0,12,
0,238,253,67,255,63,255,62,0,158,253,14,6,108,3,89,246,155,189,0,195,1,1,0,251,0,104,0,44,0,21,0,14,0,12,
0,238,253,67,255,63,255,62,0,158,253,14,6,58,3,235,245,203,188,0,195,1,1,0,251,0,103,0,44,0,20,0,13,0,11,
0,248,253,50,255,53,255,62,0,158,253,14,6,8,2,163,246,213,188,0,194,1,1,0,250,0,104,0,44,0,21,0,14,0,11,
0,229,253,41,255,55,255,62,0,158,253,14,6,8,2,163,246,135,191,0,194,1,0,0,250,0,103,0,44,0,20,0,14,0,11,
0,231,253,14,255,86,255,62,0,158,253,14,6,229,1,6,247,135,191,0,194,1,1,0,249,0,102,0,43,0,20,0,13,0,11,
0,231,253,14,255,86,255,62,0,158,253,14,6,147,3,107,246,246,189,0,194,1,0,0,249,0,102,0,43,0,20,0,13,0,11,
0,230,253,35,255,88,255,62,0,158,253,14,6,201,2,220,245,12,187,0,194,1,0,0,249,0,102,0,44,0,20,0,14,0,11,
0,240,253,60,255,85,255,62,0,158,253,14,6,232,1,87,246,87,189,0,193,1,0,0,248,0,102,0,43,0,20,0,13,0,11,
0,240,253,60,255,79,255,62,0,158,253,14,6,232,1,87,246,87,189,0,193,0,255,0,248,0,102,0,43,0,20,0,14,0,11,
0,228,253,63,255,79,255,62,0,158,253,14,6,232,1,180,246,219,190,0,194,1,0,0,248,0,102,0,47,0,20,0,13,0,11,
0,208,253,44,255,75,255,62,0,97,253,208,5,8,3,163,246,46,191,0,193,0,255,0,247,0,102,0,47,0,21,0,13,0,11,
0,206,253,41,255,90,255,103,0,97,253,208,5,230,2,38,246,111,189,0,193,1,0,0,247,0,101,0,45,0,20,0,13,0,11,
0,206,253,41,255,90,255,103,0,97,253,208,5,230,2,69,246,5,187,0,193,0,255,0,247,0,102,0,46,0,21,0,14,0,11,
0,226,253,52,255,105,255,103,0,97,253,208,5,96,2,69,246,5,187,0,193,0,255,0,246,0,101,0,45,0,21,0,14,0,12,
0,197,253,72,255,94,255,103,0,97,253,208,5,105,1,9,247,93,190,0,193,0,255,0,247,0,101,0,44,0,20,0,13,0,11,
0,229,253,38,255,74,255,103,0,97,253,208,5,240,2,218,246,213,191,0,193,0,254,0,246,0,101,0,45,0,21,0,14,0,12,
0,229,253,38,255,74,255,103,0,97,253,208,5,54,3,237,245,59,188,0,193,0,255,0,247,0,101,0,43,0,20,0,13,0,11,
0,253,253,17,255,84,255,103,0,97,253,208,5,54,3,237,245,18,188,0,193,0,254,0,246,0,101,0,44,0,21,0,14,0,12,
0,243,253,28,255,68,255,103,0,97,253,208,5,19,2,64,246,18,188,0,193,0,254,0,246,0,101,0,44,0,21,0,14,0,12,
0,215,253,43,255,94,255,103,0,97,253,208,5,107,1,173,246,135,190,0,193,0,255,0,246,0,100,0,43,0,20,0,13,0,11,
0,215,253,43,255,94,255,103,0,97,253,208,5,171,2,134,246,89,191,0,193,0,255,0,246,0,100,0,43,0,20,0,13,0,11,
0,209,253,48,255,92,255,76,0,128,253,101,6,171,2,16,246,246,189,0,193,0,254,0,246,0,101,0,43,0,20,0,14,0,12,
0,171,253,84,255,74,255,76,0,128,253,101,6,253,2,16,246,246,189,0,193,0,254,0,245,0,100,0,43,0,20,0,13,0,11,
0,171,253,84,255,76,255,76,0,128,253,101,6,58,2,13,246,87,187,0,193,0,254,0,245,0,101,0,43,0,20,0,14,0,12,
0,131,253,102,255,76,255,76,0,128,253,101,6,242,0,224,246,120,189,0,193,0,255,0,245,0,100,0,43,0,20,0,14,0,11,
0,113,253,89,255,73,255,76,0,128,253,101,6,58,2,194,246,97,191,0,193,0,255,0,245,0,100,0,43,0,20,0,13,0,11,
0,121,253,85,255,71,255,76,0,128,253,101,6,58,2,194,246,139,189,0,193,0,255,0,246,0,100,0,43,0,19,0,13,0,11,
0,121,253,85,255,71,255,76,0,128,253,101,6,101,3,42,246,139,189,0,192,0,255,0,245,0,100,0,43,0,20,0,13,0,11,
0,114,253,56,255,65,255,76,0,128,253,101,6,66,2,43,246,35,187,0,192,0,255,0,245,0,100,0,43,0,20,0,13,0,11,
0,161,253,89,255,62,255,76,0,128,253,101,6,25,1,226,246,17,190,0,193,0,255,0,245,0,100,0,43,0,20,0,13,0,11,
0,161,253,82,255,66,255,76,0,128,253,101,6,123,2,115,246,54,191,0,193,0,255,0,245,0,100,0,43,0,20,0,14,0,11,
0,161,253,82,255,66,255,242,255,161,253,7,6,123,2,115,246,54,191,0,193,0,255,0,246,0,100,0,42,0,19,0,13,0,11,
0,148,253,81,255,62,255,242,255,161,253,7,6,71,3,48,246,76,190,0,192,0,255,0,245,0,100,0,43,0,20,0,13,0,11,
0,166,253,104,255,18,255,242,255,161,253,7,6,171,2,6,246,166,186,0,193,0,255,0,245,0,100,0,43,0,20,0,14,0,12,
0,151,253,129,255,31,255,242,255,161,253,7,6,91,1,1,247,240,189,0,193,0,255,0,246,0,100,0,42,0,19,0,13,0,11,
0,151,253,129,255,31,255,242,255,161,253,7,6,91,1,1,246,241,191,0,193,0,255,0,246,0,100,0,43,0,20,0,13,0,11,
0,149,253,155,255,51,255,242,255,161,253,7,6,85,2,188,246,241,191,0,192,0,255,0,246,0,101,0,43,0,20,0,14,0,12,
0,110,253,164,255,70,255,242,255,161,253,7,6,140,3,55,246,210,189,0,192,0,255,0,246,0,100,0,43,0,20,0,13,0,11,
0,110,253,164,255,48,255,242,255,161,253,7,6,217,2,120,246,236,187,0,192,0,255,0,246,0,101,0,43,0,20,0,14,0,12,
0,140,253,132,255,48,255,242,255,161,253,7,6,26,2,129,246,91,188,0,192,1,0,0,246,0,100,0,42,0,20,0,13,0,11,
0,136,253,117,255,34,255,242,255,161,253,7,6,26,2,129,246,91,188,0,192,0,255,0,246,0,100,0,43,0,20,0,14,0,11,
0,125,253,106,255,254,254,122,0,76,253,18,6,132,2,220,246,3,191,0,192,1,0,0,246,0,100,0,42,0,19,0,13,0,11,
0,125,253,106,255,254,254,122,0,76,253,18,6,247,2,180,246,98,190,0,192,0,255,0,246,0,100,0,43,0,20,0,13,0,12,
0,168,253,135,255,20,255,122,0,76,253,18,6,145,2,69,246,125,189,0,192,1,0,0,246,0,100,0,42,0,20,0,13,0,11,
0,143,253,159,255,54,255,122,0,76,253,18,6,145,2,103,246,97,189,0,191,1,0,0,247,0,100,0,42,0,19,0,13,0,11,
0,137,253,157,255,53,255,122,0,76,253,18,6,232,2,103,246,97,189,0,191,1,0,0,247,0,100,0,41,0,19,0,13,0,11,
0,137,253,157,255,53,255,122,0,76,253,18,6,118,3,136,246,45,189,0,191,1,0,0,246,0,101,0,42,0,20,0,14,0,11,
0,170,253,178,255,15,255,122,0,76,253,18,6,200,2,117,246,215,188,0,190,1,0,0,247,0,101,0,42,0,20,0,13,0,11,
0,133,253,134,255,7,255,122,0,76,253,18,6,133,2,244,246,185,190,0,190,1,0,0,247,0,101,0,43,0,20,0,14,0,11,
0,119,253,134,255,47,255,122,0,76,253,18,6,133,2,244,246,93,190,0,190,1,0,0,247,0,100,0,42,0,19,0,13,0,11,
0,119,253,122,255,47,255,122,0,76,253,18,6,107,3,142,246,93,190,0,190,1,0,0,247,0,101,0,43,0,20,0,14,0,11,
0,101,253,142,255,65,255,28,0,152,253,16,6,36,3,125,246,52,189,0,190,1,1,0,247,0,100,0,42,0,19,0,13,0,11,
0,49,253,184,255,50,255,28,0,152,253,16,6,202,2,27,246,133,189,0,189,1,0,0,247,0,101,0,42,0,20,0,13,0,11,
0,49,253,184,255,49,255,28,0,152,253,16,6,202,2,157,246,155,190,0,189,1,0,0,247,0,101,0,43,0,20,0,14,0,12,
0,38,253,199,255,49,255,28,0,152,253,16,6,104,2,157,246,155,190,0,189,1,1,0,247,0,100,0,42,0,19,0,13,0,11,
0,43,253,191,255,62,255,28,0,152,253,16,6,89,3,150,246,36,191,0,188,1,1,0,247,0,101,0,43,0,20,0,14,0,12,
0,36,253,177,255,38,255,28,0,152,253,16,6,29,3,88,246,13,190,0,188,1,1,0,248,0,101,0,42,0,20,0,13,0,11,
0,36,253,177,255,38,255,28,0,152,253,16,6,209,2,24,246,185,189,0,187,1,1,0,248,0,101,0,43,0,20,0,13,0,11,
0,25,253,196,255,58,255,28,0,152,253,16,6,209,2,24,246,101,189,0,187,1,1,0,247,0,101,0,43,0,20,0,14,0,11,
0,44,253,169,255,46,255,28,0,152,253,16,6,125,2,109,246,101,189,0,187,1,1,0,248,0,101,0,43,0,20,0,13,0,11,
0,60,253,181,255,12,255,28,0,152,253,16,6,88,2,209,246,255,189,0,187,1,1,0,248,0,101,0,43,0,20,0,13,0,11,
0,60,253,181,255,12,255,28,0,152,253,16,6,215,2,54,246,93,191,0,186,1,1,0,248,0,102,0,43,0,20,0,14,0,12,
0,51,253,171,255,18,255,92,0,130,253,158,6,26,4,58,246,241,190,0,186,1,1,0,248,0,101,0,43,0,20,0,13,0,11,
0,43,253,171,255,28,255,92,0,130,253,158,6,26,4,58,246,241,190,0,186,1,1,0,248,0,101,0,43,0,20,0,14,0,11,
0,46,253,171,255,47,255,92,0,130,253,158,6,16,3,255,245,201,187,0,185,1,1,0,247,0,101,0,43,0,20,0,13,0,11,
0,46,253,174,255,47,255,92,0,130,253,158,6,44,2,49,246,111,189,0,185,1,1,0,247,0,101,0,43,0,20,0,13,0,11,
0,15,253,171,255,38,255,92,0,130,253,158,6,69,2,158,246,87,192,0,185,1,1,0,247,0,101,0,42,0,19,0,13,0,11,
0,233,252,177,255,15,255,92,0,130,253,158,6,69,2,60,246,235,190,0,184,1,1,0,247,0,101,0,43,0,20,0,13,0,11,
0,233,252,177,255,252,254,92,0,130,253,158,6,83,3,60,246,235,190,0,184,1,1,0,247,0,101,0,43,0,20,0,13,0,11,
0,245,252,152,255,252,254,92,0,130,253,158,6,73,3,192,245,242,188,0,184,1,1,0,247,0,101,0,43,0,20,0,13,0,11,
0,28,253,160,255,241,254,92,0,130,253,158,6,230,1,48,246,144,188,0,183,1,0,0,247,0,101,0,43,0,20,0,13,0,11,
0,3,253,134,255,19,255,92,0,130,253,158,6,10,2,182,246,162,192,0,183,1,1,0,247,0,100,0,42,0,19,0,13,0,11,
0,3,253,134,255,19,255,120,0,57,253,81,6,10,2,182,246,162,191,0,182,1,0,0,246,0,101,0,43,0,20,0,14,0,11,
0,225,252,91,255,25,255,120,0,57,253,81,6,59,3,2,246,104,191,0,182,1,0,0,246,0,101,0,43,0,20,0,14,0,11,
0,222,252,115,255,21,255,120,0,57,253,81,6,190,2,132,245,50,189,0,181,1,0,0,246,0,100,0,43,0,19,0,13,0,11,
0,244,252,101,255,18,255,120,0,57,253,81,6,152,2,6,246,194,188,0,181,1,0,0,245,0,100,0,42,0,19,0,13,0,11,
0,244,252,101,255,18,255,120,0,57,253,81,6,152,2,157,246,189,190,0,180,0,255,0,244,0,100,0,38,0,19,0,14,0,12,
0,194,252,119,255,234,254,120,0,57,253,81,6,152,1,157,246,189,190,0,180,0,255,0,244,0,100,0,39,0,19,0,13,0,11,
0,193,252,115,255,245,254,120,0,57,253,81,6,138,2,75,246,21,192,0,180,0,255,0,243,0,100,0,40,0,19,0,14,0,12,
0,217,252,115,255,246,254,120,0,57,253,81,6,176,2,226,245,75,190,0,180,0,255,0,243,0,99,0,40,0,18,0,13,0,11,
0,217,252,97,255,246,254,120,0,57,253,81,6,196,2,36,246,80,189,0,179,0,255,0,242,0,100,0,41,0,19,0,14,0,12,
0,236,252,114,255,7,255,120,0,57,253,81,6,196,2,36,246,16,189,0,179,0,255,0,242,0,99,0,41,0,19,0,13,0,11,
0,171,252,137,255,234,254,117,0,1,253,95,6,4,2,23,246,16,189,0,178,0,254,0,241,0,99,0,41,0,20,0,14,0,12,
0,171,252,137,255,214,254,117,0,1,253,95,6,144,1,76,246,116,191,0,178,0,254,0,240,0,99,0,42,0,19,0,13,0,11,
0,166,252,104,255,214,254,117,0,1,253,95,6,132,2,123,246,246,190,0,178,0,254,0,240,0,99,0,42,0,20,0,13,0,11,
0,171,252,105,255,230,254,117,0,1,253,95,6,132,2,52,246,8,189,0,177,0,253,0,239,0,98,0,42,0,17,0,13,0,11,
0,223,252,89,255,236,254,117,0,1,253,95,6,146,2,52,246,8,189,0,177,0,253,0,239,0,98,0,41,0,17,0,12,0,11,
0,223,252,89,255,236,254,117,0,1,253,95,6,57,1,73,246,94,188,0,177,0,252,0,238,0,98,0,41,0,18,0,12,0,11,
0,213,252,76,255,248,254,117,0,1,253,95,6,171,1,138,246,101,192,0,176,0,252,0,238,0,98,0,41,0,18,0,13,0,11,
0,223,252,83,255,245,254,117,0,1,253,95,6,186,2,12,246,154,190,0,176,0,252,0,238,0,97,0,41,0,18,0,12,0,11,
0,175,252,78,255,236,254,117,0,1,253,95,6,186,2,12,246,248,187,0,176,0,252,0,237,0,97,0,41,0,19,0,13,0,11,
0,175,252,78,255,236,254,117,0,1,253,95,6,127,1,89,246,248,187,0,176,0,252,0,237,0,96,0,41,0,17,0,12,0,11,
0,128,252,91,255,234,254,116,0,255,252,251,6,100,0,30,247,27,191,0,176,0,251,0,236,0,96,0,41,0,19,0,13,0,11,
0,90,252,87,255,218,254,116,0,255,252,251,6,8,2,169,246,43,192,0,176,0,251,0,236,0,96,0,41,0,19,0,13,0,11,
0,90,252,87,255,218,254,116,0,255,252,251,6,96,2,53,246,110,188,0,176,0,251,0,236,0,96,0,41,0,18,0,13,0,11,
0,133,252,102,255,218,254,116,0,255,252,251,6,96,2,53,246,110,188,0,176,0,251,0,235,0,96,0,41,0,18,0,13,0,11,
0,151,252,74,255,214,254,116,0,255,252,251,6,105,0,145,246,78,188,0,176,0,250,0,235,0,96,0,41,0,19,0,13,0,12,
0,92,252,65,255,207,254,116,0,255,252,251,6,11,1,127,247,217,192,0,176,0,250,0,235,0,96,0,41,0,18,0,13,0,11,
0,92,252,65,255,207,254,116,0,255,252,251,6,136,2,156,246,143,189,0,176,0,249,0,234,0,96,0,45,0,19,0,13,0,11,
0,43,252,73,255,207,254,116,0,255,252,251,6,136,2,147,246,78,187,0,177,0,249,0,234,0,95,0,44,0,19,0,12,0,11,
0,60,252,58,255,217,254,116,0,255,252,251,6,36,1,147,246,78,187,0,177,0,249,0,234,0,95,0,43,0,20,0,13,0,11,
0,83,252,73,255,186,254,116,0,255,252,251,6,32,0,38,247,101,190,0,177,0,249,0,234,0,95,0,42,0,18,0,12,0,11,
0,83,252,73,255,186,254,116,0,255,252,251,6,140,1,34,247,55,192,0,177,0,248,0,234,0,95,0,42,0,19,0,13,0,11,
0,77,252,54,255,163,254,82,0,33,253,219,5,71,2,226,246,238,190,0,178,0,248,0,234,0,95,0,41,0,18,0,13,0,11,
0,103,252,87,255,151,254,82,0,33,253,219,5,71,2,226,246,17,188,0,178,0,248,0,234,0,95,0,41,0,18,0,13,0,11,
0,155,252,93,255,178,254,82,0,33,253,219,5,144,1,174,246,17,188,0,177,0,248,0,233,0,95,0,41,0,19,0,13,0,11,
0,155,252,93,255,178,254,82,0,33,253,219,5,96,0,192,246,76,189,0,178,0,248,0,234,0,94,0,40,0,17,0,12,0,11,
0,147,252,71,255,167,254,82,0,33,253,219,5,201,0,127,247,134,190,0,178,0,247,0,233,0,95,0,40,0,18,0,13,0,11,
0,99,252,73,255,175,254,82,0,33,253,219,5,201,0,120,247,245,191,0,178,0,247,0,234,0,95,0,40,0,19,0,13,0,11,
0,99,252,73,255,171,254,82,0,33,253,219,5,11,2,120,247,245,191,0,179,0,248,0,234,0,94,0,40,0,17,0,12,0,11,
0,121,252,59,255,171,254,82,0,33,253,219,5,190,1,203,246,216,188,0,179,0,247,0,234,0,95,0,40,0,18,0,13,0,11,
0,133,252,57,255,164,254,82,0,33,253,219,5,112,1,6,247,139,188,0,179,0,247,0,235,0,94,0,40,0,17,0,12,0,11,
0,72,252,58,255,199,254,82,0,33,253,219,5,8,1,86,247,134,189,0,179,0,247,0,235,0,95,0,40,0,18,0,13,0,11,
0,72,252,58,255,180,254,100,0,7,253,217,6,8,1,86,247,246,190,0,179,0,247,0,235,0,95,0,40,0,18,0,13,0,12,
0,41,252,81,255,180,254,100,0,7,253,217,6,86,1,111,247,246,190,0,179,0,247,0,235,0,95,0,40,0,19,0,13,0,12,
0,57,252,78,255,138,254,100,0,7,253,217,6,200,1,83,247,217,190,0,179,0,247,0,235,0,95,0,40,0,18,0,13,0,11,
0,52,252,60,255,132,254,100,0,7,253,217,6,247,1,35,247,173,188,0,180,0,248,0,236,0,95,0,40,0,18,0,13,0,11,
0,52,252,60,255,132,254,100,0,7,253,217,6,196,0,87,247,71,189,0,179,0,247,0,236,0,95,0,40,0,19,0,13,0,11,
0,52,252,45,255,134,254,100,0,7,253,217,6,196,0,87,247,71,189,0,180,0,247,0,236,0,95,0,41,0,18,0,13,0,11,
0,92,252,32,255,149,254,100,0,7,253,217,6,244,0,90,247,239,189,0,180,0,248,0,237,0,95,0,40,0,17,0,12,0,11,
0,93,252,48,255,169,254,100,0,7,253,217,6,48,1,144,247,20,190,0,180,0,248,0,237,0,96,0,41,0,19,0,13,0,11,
0,93,252,48,255,169,254,100,0,7,253,217,6,176,1,127,247,149,189,0,180,0,248,0,238,0,95,0,40,0,18,0,12,0,11,
0,53,252,77,255,167,254,100,0,7,253,217,6,176,1,127,247,233,189,0,180,0,248,0,238,0,96,0,40,0,18,0,13,0,11,
0,35,252,66,255,137,254,80,0,0,253,183,6,224,1,157,247,233,189,0,180,0,249,0,239,0,96,0,40,0,17,0,12,0,11,
0,35,252,66,255,133,254,80,0,0,253,183,6,191,1,176,247,231,190,0,180,0,249,0,239,0,96,0,40,0,18,0,12,0,11,
0,53,252,60,255,133,254,80,0,0,253,183,6,165,1,132,247,141,188,0,180,0,249,0,239,0,97,0,41,0,19,0,13,0,11,
0,75,252,61,255,154,254,80,0,0,253,183,6,28,1,230,247,131,189,0,180,0,249,0,239,0,96,0,40,0,17,0,12,0,11,
0,72,252,83,255,157,254,80,0,0,253,183,6,28,1,230,247,131,189,0,180,0,249,0,239,0,97,0,41,0,19,0,13,0,11,
0,72,252,83,255,157,254,80,0,0,253,183,6,212,0,124,248,235,190,0,180,0,249,0,240,0,97,0,41,0,20,0,13,0,11,
0,97,252,88,255,165,254,80,0,0,253,183,6,37,2,35,248,115,191,0,180,0,250,0,240,0,97,0,41,0,20,0,13,0,11,
0,88,252,111,255,168,254,80,0,0,253,183,6,89,2,129,247,102,188,0,180,0,250,0,241,0,97,0,41,0,20,0,14,0,11,
0,115,252,92,255,164,254,80,0,0,253,183,6,89,2,213,247,119,188,0,180,0,251,0,242,0,97,0,41,0,19,0,13,0,11,
0,115,252,92,255,164,254,80,0,0,253,183,6,88,1,213,247,119,188,0,180,0,251,0,242,0,98,0,41,0,19,0,13,0,11,
0,128,252,115,255,163,254,91,0,244,252,76,6,229,0,115,248,193,190,0,180,0,251,0,242,0,98,0,41,0,20,0,13,0,11,
0,127,252,105,255,145,254,91,0,244,252,76,6,78,1,57,248,110,191,0,181,0,251,0,243,0,98,0,41,0,19,0,13,0,11,
0,127,252,106,255,136,254,91,0,244,252,76,6,222,2,35,248,250,189,0,181,0,251,0,243,0,98,0,42,0,20,0,14,0,12,
0,127,252,106,255,136,254,91,0,244,252,76,6,222,2,35,248,19,188,0,181,0,252,0,244,0,98,0,41,0,19,0,13,0,11,
0,120,252,94,255,152,254,91,0,244,252,76,6,96,2,221,247,19,188,0,181,0,251,0,244,0,99,0,42,0,20,0,13,0,11,
0,143,252,95,255,131,254,91,0,244,252,76,6,108,1,73,248,70,189,0,181,0,251,0,244,0,99,0,42,0,20,0,14,0,12,
0,143,252,95,255,133,254,91,0,244,252,76,6,81,1,147,248,131,191,0,182,0,252,0,244,0,99,0,42,0,19,0,13,0,11,
0,114,252,110,255,133,254,91,0,244,252,76,6,81,1,118,248,28,191,0,181,0,252,0,244,0,99,0,42,0,20,0,14,0,12,
0,118,252,100,255,125,254,91,0,244,252,76,6,85,2,118,248,28,191,0,182,0,252,0,245,0,99,0,42,0,19,0,13,0,11,
0,122,252,104,255,109,254,91,0,244,252,76,6,161,2,14,248,252,188,0,182,0,252,0,245,0,99,0,42,0,20,0,13,0,11,
0,122,252,104,255,109,254,91,0,244,252,76,6,108,1,81,248,125,188,0,182,0,252,0,245,0,100,0,42,0,20,0,14,0,11,
0,100,252,104,255,107,254,41,0,236,252,233,5,80,2,159,248,18,191,0,183,0,252,0,246,0,99,0,42,0,19,0,13,0,11,
0,95,252,116,255,107,254,41,0,236,252,233,5,80,2,159,248,179,190,0,182,0,252,0,246,0,99,0,42,0,19,0,13,0,11,
0,114,252,90,255,101,254,41,0,236,252,233,5,100,2,104,248,179,190,0,182,0,252,0,245,0,100,0,42,0,20,0,13,0,12,
0,114,252,90,255,101,254,41,0,236,252,233,5,48,2,155,248,117,190,0,183,0,252,0,245,0,100,0,42,0,20,0,13,0,11,
0,130,252,65,255,99,254,41,0,236,252,233,5,103,2,154,248,53,190,0,183,0,252,0,245,0,100,0,42,0,20,0,13,0,11,
0,147,252,79,255,94,254,41,0,236,252,233,5,110,2,127,248,254,188,0,183,0,253,0,245,0,100,0,42,0,19,0,13,0,11,
0,134,252,113,255,129,254,41,0,236,252,233,5,110,2,127,248,254,188,0,183,0,253,0,245,0,100,0,42,0,19,0,13,0,11,
0,134,252,113,255,129,254,41,0,236,252,233,5,24,2,147,248,150,189,0,183,0,253,0,245,0,100,0,43,0,20,0,13,0,12,
0,106,252,113,255,133,254,41,0,236,252,233,5,186,1,220,248,51,190,0,183,0,253,0,245,0,100,0,42,0,19,0,13,0,11,
0,121,252,103,255,149,254,41,0,236,252,233,5,30,2,218,248,45,190,0,183,0,253,0,244,0,100,0,43,0,20,0,14,0,12,
0,121,252,103,255,172,254,80,0,252,252,62,6,30,2,53,249,146,191,0,183,0,253,0,244,0,100,0,42,0,20,0,13,0,11,
0,120,252,85,255,172,254,80,0,252,252,62,6,64,2,53,249,146,191,0,183,0,253,0,244,0,99,0,42,0,19,0,13,0,11,
0,145,252,73,255,174,254,80,0,252,252,62,6,2,3,89,248,151,189,0,183,0,253,0,243,0,100,0,43,0,20,0,14,0,12,
0,103,252,98,255,148,254,80,0,252,252,62,6,22,2,190,248,59,188,0,183,0,253,0,243,0,99,0,42,0,20,0,13,0,11,
0,103,252,98,255,148,254,80,0,252,252,62,6,84,1,56,249,190,190,0,183,0,253,0,242,0,100,0,43,0,20,0,14,0,12,
0,90,252,97,255,148,254,80,0,252,252,62,6,84,1,56,249,190,192,0,183,0,253,0,242,0,99,0,42,0,19,0,13,0,11,
0,86,252,85,255,136,254,80,0,252,252,62,6,102,2,79,249,101,192,0,183,0,253,0,242,0,99,0,42,0,19,0,13,0,11,
0,70,252,68,255,133,254,80,0,252,252,62,6,11,3,216,248,62,190,0,183,0,253,0,241,0,99,0,42,0,20,0,14,0,11,
0,70,252,68,255,133,254,80,0,252,252,62,6,143,2,216,248,200,187,0,183,0,253,0,241,0,99,0,42,0,19,0,13,0,11,
0,104,252,76,255,153,254,80,0,252,252,62,6,143,2,117,249,203,190,0,183,0,253,0,240,0,98,0,42,0,20,0,13,0,11,
0,93,252,91,255,170,254,71,0,242,252,60,7,195,0,117,249,203,190,0,184,0,254,0,240,0,98,0,41,0,19,0,13,0,11,
0,144,252,110,255,160,254,71,0,242,252,60,7,228,1,93,249,134,192,0,184,0,253,0,239,0,98,0,36,0,17,0,14,0,12,
0,144,252,110,255,160,254,71,0,242,252,60,7,156,3,238,248,9,190,0,184,0,254,0,239,0,97,0,37,0,16,0,13,0,11,
0,138,252,108,255,155,254,71,0,242,252,60,7,133,1,53,249,26,188,0,184,0,254,0,239,0,97,0,39,0,17,0,13,0,11,
0,103,252,102,255,152,254,71,0,242,252,60,7,133,1,53,249,49,192,0,184,0,253,0,238,0,97,0,39,0,17,0,13,0,11,
0,103,252,102,255,137,254,71,0,242,252,60,7,158,1,174,249,49,192,0,184,0,254,0,238,0,97,0,40,0,17,0,12,0,11,
0,76,252,75,255,137,254,71,0,242,252,60,7,85,2,234,248,64,190,0,184,0,253,0,237,0,97,0,40,0,18,0,13,0,11,
0,84,252,80,255,144,254,71,0,242,252,60,7,240,1,221,248,207,188,0,185,0,253,0,237,0,96,0,40,0,17,0,12,0,11,
0,87,252,77,255,119,254,71,0,242,252,60,7,240,1,64,249,60,190,0,185,0,253,0,236,0,96,0,40,0,17,0,12,0,11,
0,87,252,77,255,119,254,71,0,242,252,60,7,176,1,64,249,60,190,0,185,0,252,0,236,0,97,0,41,0,18,0,13,0,11,
0,95,252,94,255,117,254,73,0,204,252,43,6,162,1,97,249,102,191,0,185,0,253,0,236,0,96,0,40,0,17,0,12,0,11,
0,103,252,100,255,100,254,73,0,204,252,43,6,180,1,54,249,72,191,0,185,0,252,0,235,0,96,0,41,0,19,0,13,0,12,
0,98,252,119,255,67,254,73,0,204,252,43,6,63,2,222,248,36,189,0,186,0,252,0,236,0,95,0,40,0,17,0,13,0,11,
0,98,252,119,255,67,254,73,0,204,252,43,6,63,2,222,248,28,189,0,186,0,252,0,235,0,96,0,41,0,19,0,13,0,12,
0,94,252,97,255,68,254,73,0,204,252,43,6,111,1,29,249,28,189,0,186,0,251,0,235,0,96,0,41,0,19,0,13,0,12,
0,92,252,93,255,73,254,73,0,204,252,43,6,63,0,94,249,52,190,0,186,0,251,0,234,0,96,0,40,0,18,0,13,0,11,
0,51,252,111,255,106,254,73,0,204,252,43,6,5,2,116,249,178,192,0,186,0,251,0,234,0,95,0,40,0,18,0,13,0,11,
0,51,252,111,255,106,254,73,0,204,252,43,6,110,2,215,248,45,190,0,187,0,251,0,234,0,95,0,40,0,17,0,12,0,11,
0,41,252,91,255,125,254,73,0,204,252,43,6,110,2,215,248,45,190,0,187,0,251,0,233,0,95,0,40,0,17,0,12,0,11,
0,68,252,99,255,136,254,73,0,204,252,43,6,212,0,114,249,107,188,0,187,0,251,0,234,0,94,0,40,0,17,0,12,0,11,
0,68,252,99,255,104,254,73,0,176,252,93,5,48,1,200,249,238,190,0,187,0,250,0,233,0,95,0,40,0,18,0,13,0,11,
0,66,252,103,255,104,254,121,0,176,252,93,5,217,1,106,249,207,191,0,187,0,250,0,233,0,95,0,40,0,18,0,13,0,11,
0,56,252,98,255,94,254,121,0,176,252,93,5,217,1,210,248,242,187,0,187,0,250,0,234,0,94,0,40,0,17,0,12,0,11,
0,65,252,112,255,58,254,121,0,176,252,93,5,165,1,210,248,242,187,0,187,0,250,0,233,0,95,0,44,0,19,0,12,0,11,
0,65,252,112,255,58,254,121,0,176,252,93,5,61,1,172,249,13,190,0,187,0,250,0,233,0,95,0,43,0,19,0,12,0,11,
0,47,252,133,255,34,254,121,0,176,252,93,5,53,1,122,249,205,190,0,187,0,249,0,232,0,94,0,43,0,19,0,13,0,11,
0,45,252,165,255,34,254,121,0,176,252,93,5,78,1,124,249,43,191,0,187,0,249,0,232,0,94,0,41,0,19,0,13,0,11,
0,48,252,140,255,45,254,121,0,176,252,93,5,78,1,124,249,200,188,0,188,0,249,0,233,0,94,0,41,0,18,0,12,0,11,
0,48,252,140,255,45,254,121,0,176,252,93,5,235,1,26,249,200,188,0,187,0,249,0,233,0,94,0,41,0,19,0,13,0,11,
0,71,252,156,255,33,254,121,0,176,252,93,5,100,1,94,249,198,188,0,188,0,249,0,232,0,94,0,41,0,19,0,13,0,11,
0,113,252,188,255,48,254,121,0,176,252,93,5,255,255,34,250,122,190,0,188,0,249,0,233,0,94,0,40,0,18,0,13,0,11,
0,99,252,188,255,45,254,47,0,131,252,208,6,255,255,155,249,195,191,0,188,0,248,0,232,0,94,0,41,0,19,0,13,0,11,
0,99,252,193,255,45,254,47,0,131,252,208,6,218,0,155,249,195,191,0,181,0,254,0,238,0,94,0,40,0,18,0,13,0,11,
0,84,252,200,255,50,254,47,0,131,252,208,6,53,2,112,249,32,190,0,150,1,4,0,241,0,95,0,40,0,20,0,13,0,11,
0,81,252,179,255,60,254,47,0,131,252,208,6,23,1,179,246,43,191,0,144,1,20,1,16,0,99,0,41,0,20,0,14,0,11,
0,81,252,179,255,48,254,47,0,131,252,208,6,83,4,228,254,62,199,0,151,1,53,1,77,0,108,0,43,0,18,0,13,0,12,
0,205,252,133,255,48,254,47,0,131,252,208,6,83,4,228,254,127,204,0,175,1,76,1,82,0,116,0,45,0,21,0,14,0,12,
0,89,253,153,255,158,253,47,0,131,252,208,6,168,24,232,8,127,204,0,214,1,79,1,84,0,122,0,46,0,20,0,13,0,11,
0,241,253,243,255,32,251,47,0,131,252,208,6,142,23,118,244,231,212,0,149,1,78,1,82,0,127,0,49,0,21,0,14,0,11,
0,241,253,243,255,32,251,47,0,131,252,208,6,41,16,72,2,163,221,0,134,1,77,1,77,0,130,0,51,0,20,0,13,0,11,
0,30,0,254,254,250,249,47,0,131,252,208,6,4,26,136,14,102,244,0,133,1,72,1,56,0,130,0,52,0,22,0,13,0,11,
0,40,4,9,252,217,251,149,0,179,252,126,6,4,26,136,14,102,244,0,133,1,48,0,242,0,123,0,52,0,23,0,13,0,11,
0,217,9,120,248,111,253,149,0,179,252,126,6,117,30,59,20,176,1,0,135,1,1,0,153,0,107,0,49,0,21,0,13,0,10,
0,217,9,120,248,111,253,149,0,179,252,126,6,6,24,7,21,45,6,0,135,0,206,0,134,0,95,0,47,0,20,0,13,0,10,
0,62,16,103,245,48,254,149,0,179,252,126,6,199,11,131,18,101,8,0,136,0,169,0,133,0,86,0,44,0,19,0,13,0,11,
0,182,21,178,243,25,0,149,0,179,252,126,6,199,11,232,13,77,10,0,136,0,151,0,134,0,78,0,41,0,19,0,13,0,11,
0,36,25,178,243,118,3,149,0,179,252,126,6,147,1,232,13,77,10,0,138,0,145,0,134,0,72,0,38,0,17,0,12,0,11,
0,36,25,157,243,118,3,149,0,179,252,126,6,8,250,252,4,252,4,0,139,0,144,0,134,0,67,0,35,0,17,0,13,0,11,
0,232,26,226,245,201,6,149,0,179,252,126,6,61,241,67,249,166,250,0,142,0,144,0,134,0,63,0,33,0,16,0,12,0,11,
0,177,26,177,249,65,8,149,0,179,252,126,6,210,237,237,239,176,242,0,146,0,141,0,133,0,59,0,30,0,16,0,13,0,12,
0,177,26,177,249,244,7,149,0,179,252,126,6,210,237,237,239,176,231,0,153,0,138,0,133,0,56,0,28,0,15,0,12,0,12,
0,207,23,209,253,244,7,110,0,63,253,149,6,210,235,69,233,177,231,0,168,0,136,0,132,0,55,0,27,0,15,0,12,0,12,
0,106,18,146,1,176,6,110,0,63,253,149,6,245,233,216,228,154,223,0,186,0,135,0,134,0,53,0,25,0,13,0,11,0,11,
0,15,11,214,3,18,5,110,0,63,253,149,6,54,231,94,228,27,217,0,199,0,134,0,135,0,52,0,25,0,14,0,12,0,11,
0,15,11,214,3,18,5,110,0,63,253,149,6,54,231,38,230,163,207,0,203,0,135,0,145,0,52,0,24,0,15,0,11,0,11,
0,119,3,195,3,34,3,110,0,63,253,149,6,22,231,38,230,163,207,0,199,0,135,0,196,0,57,0,24,0,12,0,11,0,11,
0,105,252,175,1,231,0,110,0,63,253,149,6,136,230,34,235,93,196,0,192,0,136,1,11,0,69,0,26,0,12,0,11,0,10,
0,251,246,210,254,239,254,110,0,63,253,149,6,61,231,199,244,85,189,0,184,0,137,1,73,0,83,0,28,0,12,0,11,0,10,
0,251,246,210,254,239,254,110,0,63,253,149,6,93,234,227,254,59,182,0,177,0,138,1,76,0,95,0,32,0,13,0,11,0,10,
0,72,244,65,252,107,253,110,0,63,253,149,6,93,234,227,254,45,173,0,170,0,139,1,75,0,104,0,35,0,15,0,11,0,11,
0,174,244,157,250,96,252,110,0,63,253,149,6,219,236,98,7,45,173,0,162,0,143,1,74,0,111,0,38,0,16,0,11,0,11,
0,116,247,157,250,172,251,174,0,5,253,215,6,59,240,217,13,185,173,0,157,0,150,1,71,0,116,0,41,0,16,0,12,0,10,
0,116,247,79,249,172,251,174,0,5,253,215,6,98,248,102,15,65,174,0,153,0,165,1,63,0,120,0,44,0,20,0,13,0,11,
0,216,251,64,248,198,251,174,0,5,253,215,6,98,255,14,15,89,168,0,151,0,185,1,53,0,122,0,46,0,20,0,12,0,11,
0,11,1,83,247,213,252,174,0,5,253,215,6,221,255,14,15,89,168,0,151,0,205,1,34,0,122,0,47,0,19,0,13,0,11,
0,11,1,83,247,209,254,174,0,5,253,215,6,43,3,159,14,229,165,0,151,0,221,1,3,0,118,0,48,0,20,0,13,0,11,
0,240,5,170,246,209,254,174,0,5,253,215,6,216,3,162,13,155,174,0,153,0,232,0,216,0,111,0,47,0,22,0,13,0,11,
0,242,9,137,246,64,1,174,0,5,253,215,6,162,3,183,10,183,181,0,156,0,238,0,163,0,100,0,46,0,19,0,12,0,11,
0,84,12,50,247,63,3,174,0,5,253,215,6,162,3,183,10,31,184,0,160,0,241,0,137,0,90,0,44,0,20,0,13,0,10,
0,84,12,50,247,63,3,174,0,5,253,215,6,81,255,199,7,31,184,0,165,0,239,0,133,0,82,0,41,0,20,0,14,0,11,
0,89,13,180,248,98,4,174,0,5,253,215,6,175,247,1,8,197,193,0,173,0,235,0,133,0,74,0,38,0,18,0,13,0,11,
0,90,13,237,250,32,5,174,0,5,253,215,6,146,245,125,5,43,197,0,180,0,228,0,133,0,69,0,36,0,18,0,13,0,11,
0,138,12,126,253,114,5,219,0,73,253,110,6,221,241,188,2,181,199,0,187,0,220,0,133,0,65,0,34,0,17,0,13,0,11,
0,138,12,126,253,114,5,219,0,73,253,110,6,221,241,188,2,181,199,0,194,0,211,0,133,0,62,0,32,0,16,0,12,0,11,
0,58,11,128,0,64,5,219,0,73,253,110,6,91,239,254,0,33,201,0,200,0,203,0,134,0,59,0,30,0,16,0,13,0,11,
0,183,9,160,3,120,4,219,0,73,253,110,6,117,240,115,254,114,201,0,207,0,196,0,135,0,56,0,28,0,15,0,12,0,11,
0,183,8,160,3,147,3,219,0,73,253,110,6,241,243,43,251,158,199,0,212,0,191,0,136,0,55,0,27,0,15,0,12,0,11,
0,192,8,99,6,147,3,219,0,73,253,110,6,241,243,91,247,152,196,0,220,0,190,0,140,0,54,0,26,0,13,0,11,0,11,
0,91,8,75,8,27,3,219,0,73,253,110,6,189,247,91,247,152,196,0,227,0,191,0,148,0,54,0,25,0,15,0,11,0,11,
0,169,8,15,9,248,2,219,0,73,253,110,6,205,251,224,243,160,196,0,235,0,194,0,163,0,55,0,25,0,13,0,12,0,11,
0,169,8,15,9,37,3,219,0,73,253,110,6,182,255,101,240,125,196,0,245,0,200,0,183,0,58,0,24,0,14,0,11,0,11,
0,46,9,208,8,37,3,219,0,73,253,110,6,195,1,47,237,29,195,0,255,0,206,0,201,0,63,0,26,0,13,0,12,0,11,
0,181,9,129,7,117,3,96,0,192,253,187,6,195,1,47,237,18,199,1,11,0,212,0,218,0,67,0,26,0,14,0,11,0,10,
0,46,10,115,5,170,3,96,0,192,253,187,6,120,2,211,235,18,199,1,25,0,218,0,234,0,73,0,28,0,13,0,11,0,11,
0,46,10,115,5,170,3,96,0,192,253,187,6,81,2,182,234,107,199,1,41,0,223,0,248,0,80,0,30,0,16,0,12,0,11,
0,48,10,106,3,192,3,96,0,192,253,187,6,59,2,136,233,215,196,1,61,0,227,1,8,0,85,0,31,0,14,0,11,0,11,
0,184,9,204,1,178,3,96,0,192,253,187,6,59,2,143,234,6,199,1,72,0,230,1,20,0,92,0,34,0,17,0,12,0,11,
0,21,9,21,1,178,3,96,0,192,253,187,6,146,0,143,234,6,199,1,72,0,232,1,37,0,98,0,36,0,15,0,12,0,11,
0,21,9,21,1,178,3,96,0,192,253,187,6,79,1,139,235,54,203,1,67,0,232,1,53,0,105,0,38,0,18,0,12,0,11,
0,59,8,22,1,167,3,96,0,192,253,187,6,112,3,198,235,245,200,1,64,0,232,1,62,0,111,0,41,0,19,0,13,0,12,
0,41,7,158,1,72,3,96,0,192,253,187,6,14,4,65,237,3,201,1,63,0,231,1,67,0,116,0,38,0,16,0,13,0,12,
0,41,7,158,1,223,2,96,0,192,253,187,6,14,4,65,237,53,205,1,87,0,226,1,67,0,121,0,42,0,18,0,13,0,11,
0,212,5,146,2,223,2,171,0,164,253,108,6,100,7,57,239,53,205,1,91,0,221,1,67,0,125,0,46,0,20,0,14,0,12,
0,136,4,166,3,117,2,171,0,164,253,108,6,242,10,108,239,211,202,1,78,0,214,1,68,0,127,0,48,0,19,0,13,0,11,
0,182,3,129,4,13,2,171,0,164,253,108,6,98,13,233,238,156,196,1,74,0,208,1,68,0,130,0,50,0,21,0,14,0,12,
0,182,3,129,4,194,1,171,0,164,253,108,6,203,13,111,239,85,196,1,73,0,202,1,68,0,131,0,51,0,21,0,14,0,12,
0,38,3,12,5,194,1,171,0,164,253,108,6,203,13,111,239,85,196,1,72,0,197,1,67,0,133,0,53,0,22,0,14,0,12,
0,159,2,112,5,162,1,171,0,164,253,108,6,147,16,73,239,34,197,1,72,0,193,1,67,0,133,0,54,0,22,0,14,0,11,
0,88,2,136,5,197,1,171,0,164,253,108,6,194,18,31,238,150,193,1,72,0,189,1,65,0,135,0,55,0,23,0,14,0,11,
0,88,2,136,5,197,1,171,0,164,253,108,6,34,18,20,237,19,188,1,70,0,187,1,63,0,135,0,56,0,26,0,15,0,12,
0,13,2,47,5,219,1,171,0,164,253,108,6,34,18,190,237,121,189,1,70,0,185,1,62,0,135,0,56,0,25,0,15,0,12,
0,175,1,183,4,16,2,171,0,164,253,108,6,171,16,190,237,121,189,1,69,0,184,1,60,0,135,0,57,0,25,0,15,0,11,
0,104,1,255,3,93,2,126,0,171,253,140,6,164,17,58,237,56,190,1,68,0,183,1,56,0,135,0,58,0,26,0,16,0,12,
0,104,1,255,3,93,2,126,0,171,253,140,6,153,17,175,236,208,188,1,68,0,182,1,53,0,134,0,57,0,25,0,15,0,12,
0,52,1,249,2,125,2,126,0,171,253,140,6,107,17,17,235,91,185,1,67,0,180,1,48,0,133,0,58,0,26,0,16,0,12,
0,27,1,189,1,133,2,126,0,171,253,140,6,107,17,17,235,91,187,1,67,0,179,1,42,0,131,0,57,0,23,0,15,0,12,
0,27,1,189,1,86,2,126,0,171,253,140,6,152,15,230,234,25,187,1,66,0,175,1,33,0,130,0,57,0,24,0,15,0,12,
0,7,1,101,0,86,2,126,0,171,253,140,6,16,16,83,234,204,188,1,66,0,172,1,22,0,127,0,56,0,25,0,15,0,12,
0,168,0,27,255,29,2,126,0,171,253,140,6,206,16,59,233,193,189,1,65,0,168,1,9,0,123,0,55,0,23,0,15,0,12,
0,89,0,191,253,224,1,126,0,171,253,140,6,206,16,144,231,101,186,1,63,0,163,0,249,0,119,0,55,0,26,0,16,0,12,
0,89,0,191,253,224,1,126,0,171,253,140,6,43,17,144,231,101,186,1,63,0,158,0,232,0,113,0,53,0,23,0,15,0,12,
0,17,0,113,252,126,1,126,0,171,253,140,6,140,14,31,231,12,185,1,63,0,152,0,213,0,108,0,55,0,25,0,15,0,12,
0,95,255,4,251,31,1,126,0,171,253,140,6,114,14,163,231,101,188,1,63,0,149,0,195,0,101,0,52,0,22,0,14,0,11,
0,123,254,166,249,172,0,99,0,194,253,244,5,208,13,220,230,53,186,1,63,0,145,0,175,0,94,0,49,0,22,0,14,0,11,
0,123,254,166,249,172,0,99,0,194,253,244,5,208,13,220,230,36,184,1,62,0,143,0,158,0,87,0,46,0,23,0,14,0,11,
0,24,254,180,248,88,0,99,0,194,253,244,5,158,12,109,230,36,184,1,63,0,142,0,146,0,79,0,42,0,21,0,14,0,11,
0,210,253,249,247,2,0,99,0,194,253,244,5,188,10,185,230,43,181,1,63,0,140,0,140,0,74,0,40,0,19,0,14,0,11,
0,37,253,136,247,183,255,99,0,194,253,244,5,191,8,183,231,247,182,1,63,0,140,0,137,0,68,0,36,0,17,0,13,0,11,
0,37,253,136,247,183,255,99,0,194,253,244,5,191,7,136,232,209,181,1,62,0,139,0,136,0,64,0,34,0,17,0,13,0,11,
0,136,252,86,247,140,255,99,0,194,253,244,5,161,7,136,232,209,181,1,61,0,138,0,134,0,61,0,31,0,16,0,12,0,11,
0,97,252,45,247,83,255,99,0,194,253,244,5,131,6,104,233,109,181,1,61,0,138,0,135,0,58,0,29,0,14,0,12,0,11,
0,97,252,45,247,15,255,99,0,194,253,244,5,152,5,231,233,35,180,1,61,0,138,0,134,0,55,0,27,0,14,0,11,0,11,
0,77,252,58,247,15,255,99,0,194,253,244,5,2,4,50,235,23,178,1,60,0,138,0,134,0,54,0,27,0,14,0,12,0,11,
0,118,252,69,247,229,254,113,0,217,253,9,6,2,4,50,235,80,181,1,60,0,138,0,134,0,52,0,25,0,13,0,11,0,10,
0,148,252,93,247,192,254,113,0,217,253,9,6,248,2,243,236,80,181,1,60,0,138,0,134,0,52,0,25,0,13,0,11,0,10,
0,148,252,93,247,192,254,113,0,217,253,9,6,228,1,134,238,160,180,1,60,0,139,0,134,0,50,0,23,0,12,0,11,0,10,
0,181,252,142,247,179,254,113,0,217,253,9,6,211,0,15,240,176,178,1,60,0,138,0,134,0,50,0,23,0,13,0,11,0,11,
0,205,252,254,247,144,254,113,0,217,253,9,6,149,254,223,241,181,177,1,61,0,139,0,134,0,49,0,23,0,12,0,11,0,10,
0,225,252,107,248,141,254,113,0,217,253,9,6,149,254,223,241,181,177,1,61,0,139,0,134,0,49,0,23,0,13,0,11,0,11,
0,225,252,107,248,141,254,113,0,217,253,9,6,231,252,58,243,195,178,1,61,0,139,0,133,0,49,0,22,0,12,0,11,0,11,
0,230,252,227,248,120,254,113,0,217,253,9,6,42,252,223,244,72,179,1,61,0,139,0,133,0,48,0,22,0,12,0,11,0,11,
0,215,252,204,249,93,254,113,0,217,253,9,6,126,250,152,245,174,176,1,62,0,139,0,132,0,48,0,22,0,12,0,11,0,11,
0,238,252,205,250,102,254,113,0,217,253,9,6,126,250,176,246,62,177,1,62,0,139,0,134,0,47,0,21,0,11,0,10,0,10,
0,238,252,205,250,102,254,197,0,221,253,145,6,184,248,176,246,62,177,1,62,0,139,0,134,0,47,0,22,0,11,0,10,0,10,
0,244,252,215,251,81,254,197,0,221,253,145,6,127,248,201,247,225,177,1,62,0,139,0,135,0,47,0,21,0,12,0,11,0,11,
0,3,253,199,252,48,254,197,0,221,253,145,6,78,247,211,248,238,175,1,62,0,140,0,136,0,47,0,21,0,11,0,11,0,11,
0,3,253,199,252,38,254,197,0,221,253,145,6,158,246,8,250,87,177,1,62,0,140,0,136,0,47,0,22,0,12,0,11,0,11,
0,247,252,142,253,38,254,197,0,221,253,145,6,158,246,8,250,228,176,1,62,0,141,0,136,0,47,0,21,0,11,0,10,0,10,
0,215,252,107,254,31,254,197,0,221,253,145,6,136,246,206,250,228,176,1,61,0,141,0,137,0,48,0,21,0,11,0,11,0,10,
0,242,252,72,255,17,254,197,0,221,253,145,6,66,246,98,251,47,176,1,60,0,141,0,137,0,48,0,22,0,12,0,11,0,11,
0,242,252,72,255,17,254,197,0,221,253,145,6,174,244,53,252,101,175,1,60,0,142,0,138,0,48,0,21,0,11,0,11,0,11,
0,13,253,67,0,27,254,197,0,221,253,145,6,174,244,10,253,85,176,1,58,0,142,0,139,0,48,0,22,0,12,0,11,0,11,
0,54,253,99,1,37,254,197,0,221,253,145,6,171,243,10,253,85,176,1,57,0,143,0,140,0,48,0,21,0,11,0,10,0,10,
0,72,253,93,2,11,254,229,0,74,253,192,7,41,244,136,253,89,178,1,56,0,144,0,141,0,49,0,22,0,11,0,10,0,10,
0,72,253,93,2,11,254,229,0,74,253,192,7,218,244,150,253,206,177,1,54,0,144,0,144,0,49,0,22,0,14,0,11,0,11,
0,88,253,158,3,236,253,229,0,74,253,192,7,8,244,206,253,110,175,1,53,0,144,0,148,0,50,0,22,0,13,0,11,0,11,
0,91,253,196,4,205,253,229,0,74,253,192,7,8,244,206,253,142,178,1,51,0,145,0,156,0,52,0,22,0,13,0,11,0,11,
0,80,253,135,5,150,253,229,0,74,253,192,7,27,244,245,254,142,178,1,48,0,145,0,171,0,55,0,23,0,12,0,11,0,11,
0,80,253,135,5,150,253,229,0,74,253,192,7,52,246,196,254,134,180,1,47,0,147,0,196,0,59,0,23,0,11,0,11,0,11,
0,81,253,110,6,97,253,229,0,74,253,192,7,149,247,122,254,42,179,1,44,0,148,0,233,0,67,0,26,0,13,0,12,0,11,
0,70,253,61,7,29,253,229,0,74,253,192,7,243,247,213,254,210,179,1,42,0,148,1,30,0,78,0,28,0,15,0,12,0,11,
0,70,253,61,7,242,252,229,0,74,253,192,7,243,247,213,254,210,179,1,39,0,149,1,77,0,91,0,31,0,14,0,12,0,11,
0,54,253,213,7,242,252,229,0,74,253,192,7,141,248,65,255,248,181,1,36,0,150,1,74,0,101,0,35,0,16,0,12,0,12,
0,68,253,42,8,5,253,229,0,74,253,44,6,20,250,238,254,12,183,1,32,0,151,1,72,0,109,0,38,0,16,0,12,0,11,
0,82,253,132,8,11,253,112,0,194,253,44,6,152,251,50,254,235,182,1,28,0,152,1,70,0,115,0,41,0,18,0,13,0,12,
0,82,253,132,8,11,253,112,0,194,253,44,6,152,251,50,253,14,181,1,24,0,154,1,69,0,119,0,43,0,18,0,12,0,12,
0,87,253,233,8,240,252,112,0,194,253,44,6,69,251,191,253,14,181,1,20,0,156,1,67,0,123,0,46,0,19,0,13,0,12,
0,65,253,40,9,208,252,112,0,194,253,44,6,20,251,117,253,37,183,1,15,0,158,1,67,0,126,0,48,0,19,0,13,0,11,
0,55,253,104,9,187,252,112,0,194,253,44,6,102,253,237,252,135,185,1,9,0,160,1,65,0,128,0,53,0,21,0,14,0,12,
0,55,253,104,9,187,252,112,0,194,253,44,6,103,254,66,252,8,183,1,5,0,162,1,63,0,130,0,53,0,24,0,14,0,12,
0,67,253,166,9,178,252,112,0,194,253,44,6,103,254,66,252,8,183,1,2,0,165,1,63,0,131,0,54,0,23,0,14,0,12,
0,108,253,230,9,187,252,112,0,194,253,44,6,85,254,178,252,51,182,0,254,0,167,1,62,0,132,0,55,0,24,0,15,0,12,
0,124,253,41,10,251,252,112,0,194,253,44,6,31,254,119,253,163,183,0,251,0,169,1,61,0,132,0,55,0,23,0,14,0,11,
0,124,253,41,10,251,252,112,0,194,253,44,6,133,254,227,254,188,185,0,248,0,169,1,59,0,132,0,55,0,23,0,14,0,11,
0,170,253,64,10,44,253,79,0,183,253,227,6,133,254,173,0,29,186,0,246,0,170,1,57,0,133,0,56,0,24,0,15,0,12,
0,209,253,43,10,73,253,79,0,183,253,227,6,221,253,173,0,29,186,0,244,0,171,1,55,0,132,0,55,0,24,0,14,0,11,
0,209,253,43,10,120,253,79,0,183,253,227,6,218,253,145,1,224,184,0,242,0,172,1,54,0,132,0,57,0,25,0,15,0,12,
0,44,254,36,10,120,253,79,0,183,253,227,6,229,252,232,1,186,181,0,240,0,173,1,54,0,132,0,56,0,24,0,14,0,11,
0,187,254,70,10,157,253,79,0,183,253,227,6,58,251,193,3,87,185,0,239,0,172,1,53,0,132,0,56,0,24,0,14,0,11,
0,75,255,106,10,176,253,79,0,183,253,227,6,58,251,193,3,35,187,0,237,0,172,1,54,0,132,0,57,0,25,0,15,0,11,
0,75,255,106,10,176,253,79,0,183,253,227,6,50,252,125,3,35,187,0,237,0,172,1,55,0,132,0,56,0,24,0,14,0,11,
0,197,255,134,10,176,253,79,0,183,253,227,6,202,253,205,1,160,184,0,235,0,171,1,55,0,132,0,57,0,25,0,15,0,12,
0,118,0,176,10,155,253,79,0,183,253,227,6,62,253,168,0,36,183,0,235,0,171,1,56,0,132,0,56,0,24,0,14,0,11,
0,30,1,192,10,161,253,79,0,183,253,227,6,62,253,203,255,215,183,0,233,0,171,1,56,0,132,0,57,0,25,0,15,0,11,
0,30,1,192,10,161,253,70,0,140,253,65,6,23,253,203,255,215,183,0,232,0,171,1,56,0,132,0,57,0,25,0,16,0,12,
0,111,1,160,10,192,253,70,0,140,253,65,6,83,254,29,254,80,187,0,231,0,172,1,57,0,132,0,57,0,25,0,15,0,12,
0,167,1,153,10,214,253,70,0,140,253,65,6,221,255,44,252,247,186,0,229,0,172,1,57,0,133,0,57,0,26,0,16,0,12,
0,11,2,153,10,193,253,70,0,140,253,65,6,98,0,74,250,149,185,0,227,0,174,1,57,0,132,0,57,0,25,0,15,0,12,
0,11,2,107,10,193,253,70,0,140,253,65,6,98,0,74,250,157,185,0,224,0,175,1,56,0,133,0,57,0,26,0,16,0,12,
0,27,2,55,10,150,253,70,0,140,253,65,6,196,0,68,249,157,185,0,221,0,176,1,56,0,133,0,52,0,25,0,16,0,13,
0,128,1,16,10,128,253,70,0,140,253,65,6,80,1,70,248,62,187,0,217,0,178,1,56,0,132,0,53,0,24,0,15,0,12,
0,128,1,16,10,68,253,70,0,140,253,65,6,64,3,8,247,133,188,0,212,0,179,1,57,0,132,0,54,0,23,0,15,0,12,
0,13,1,234,9,68,253,70,0,140,253,65,6,206,4,149,245,183,186,0,206,0,180,1,57,0,133,0,55,0,25,0,16,0,13,
0,197,0,209,9,253,252,70,0,140,253,65,6,206,4,149,245,183,186,0,200,0,182,1,58,0,133,0,55,0,24,0,15,0,12,
0,87,0,137,9,163,252,198,255,202,253,81,6,74,6,192,244,46,186,0,193,0,183,1,58,0,133,0,56,0,25,0,16,0,12,
0,87,0,137,9,163,252,198,255,202,253,81,6,129,7,29,244,139,187,0,186,0,183,1,59,0,133,0,56,0,25,0,16,0,12,
0,123,255,27,9,110,252,198,255,202,253,81,6,224,8,227,243,116,187,0,179,0,185,1,59,0,134,0,57,0,25,0,16,0,12,
0,247,254,131,8,95,252,198,255,202,253,81,6,224,8,132,243,112,186,0,171,0,187,1,59,0,133,0,57,0,24,0,15,0,11,
0,185,254,223,7,122,252,198,255,202,253,81,6,70,10,132,243,112,186,0,164,0,188,1,59,0,134,0,57,0,25,0,15,0,12,
0,185,254,223,7,122,252,198,255,202,253,81,6,178,11,159,243,164,184,0,158,0,190,1,58,0,134,0,58,0,26,0,16,0,12,
0,100,254,56,7,134,252,198,255,202,253,81,6,13,12,17,244,195,184,0,153,0,192,1,58,0,134,0,57,0,25,0,16,0,12,
0,7,254,143,6,128,252,198,255,202,253,81,6,110,12,200,244,117,185,0,148,0,195,1,57,0,133,0,57,0,25,0,15,0,12,
0,226,253,143,6,115,252,198,255,202,253,81,6,110,12,200,244,117,185,0,145,0,197,1,56,0,134,0,58,0,26,0,16,0,12,
0,226,253,249,5,115,252,198,255,202,253,81,6,35,13,118,245,3,185,0,143,0,200,1,55,0,133,0,58,0,25,0,15,0,12,
0,232,253,120,5,142,252,163,255,166,253,150,5,11,14,93,246,48,185,0,140,0,202,1,54,0,133,0,58,0,26,0,16,0,12,
0,243,253,6,5,171,252,163,255,166,253,150,5,227,13,139,247,197,185,0,140,0,205,1,52,0,132,0,57,0,25,0,16,0,12,
0,243,253,6,5,243,252,163,255,166,253,150,5,227,13,67,248,171,185,0,139,0,207,1,51,0,132,0,57,0,25,0,16,0,12,
0,0,254,159,4,243,252,163,255,166,253,150,5,134,13,67,248,171,185,0,138,0,210,1,48,0,131,0,57,0,25,0,15,0,11,
0,92,254,52,4,52,253,163,255,166,253,150,5,233,13,63,249,129,188,0,138,0,211,1,46,0,131,0,57,0,24,0,16,0,12,
0,202,254,220,3,78,253,163,255,166,253,150,5,92,14,21,250,151,187,0,138,0,213,1,43,0,130,0,57,0,24,0,15,0,12,
0,202,254,220,3,78,253,163,255,166,253,150,5,40,14,93,250,16,187,0,138,0,215,1,41,0,129,0,60,0,24,0,15,0,12,
0,15,255,159,3,137,253,163,255,166,253,150,5,40,14,93,250,52,188,0,138,0,216,1,39,0,128,0,63,0,26,0,15,0,12,
0,117,255,71,3,185,253,163,255,166,253,150,5,190,13,182,250,52,188,0,138,0,218,1,37,0,127,0,60,0,25,0,14,0,11,
0,194,255,19,3,246,253,163,255,166,253,150,5,81,13,163,250,99,189,0,138,0,219,1,35,0,126,0,59,0,25,0,14,0,11,
0,194,255,19,3,246,253,163,255,166,253,150,5,9,13,201,250,16,191,0,138,0,220,1,33,0,125,0,58,0,26,0,16,0,12,
0,226,255,207,2,33,254,197,255,166,253,151,6,9,12,41,250,240,191,0,139,0,221,1,31,0,124,0,57,0,27,0,16,0,12,
0,247,255,105,2,62,254,197,255,166,253,151,6,147,12,41,250,240,191,0,139,0,222,1,30,0,124,0,57,0,27,0,16,0,12,
0,247,0,105,2,101,254,197,255,166,253,151,6,118,13,92,249,221,190,0,140,0,222,1,29,0,122,0,55,0,25,0,15,0,11,
0,16,0,251,1,101,254,197,255,166,253,151,6,121,12,134,248,49,188,0,140,0,222,1,28,0,122,0,55,0,26,0,16,0,12,
0,4,0,143,1,171,254,197,255,166,253,151,6,148,11,165,248,208,190,0,140,0,221,1,28,0,121,0,54,0,25,0,16,0,12,
0,234,255,5,1,226,254,197,255,166,253,151,6,148,11,165,248,217,192,0,141,0,222,1,28,0,121,0,54,0,24,0,15,0,12,
0,234,255,5,1,26,255,197,255,166,253,151,6,34,12,44,248,217,192,0,141,0,221,1,28,0,120,0,53,0,24,0,15,0,12,
0,185,255,110,0,26,255,197,255,166,253,151,6,208,13,29,247,123,190,0,141,0,220,1,28,0,121,0,53,0,25,0,16,0,12,
0,148,255,182,255,36,255,197,255,166,253,151,6,180,12,211,246,108,188,0,142,0,219,1,28,0,120,0,53,0,23,0,14,0,12,
0,63,255,32,255,56,255,197,255,166,253,151,6,195,11,112,246,37,189,0,142,0,219,1,29,0,120,0,53,0,24,0,16,0,12,
0,63,255,32,255,56,255,128,255,208,253,215,5,195,11,112,246,37,189,0,142,0,218,1,29,0,120,0,52,0,24,0,15,0,12,
0,3,255,136,254,63,255,128,255,208,253,215,5,16,12,81,246,254,190,0,142,0,217,1,29,0,120,0,53,0,24,0,15,0,12,
0,196,254,252,253,76,255,128,255,208,253,215,5,124,12,157,245,232,190,0,142,0,216,1,29,0,119,0,52,0,23,0,14,0,11,
0,111,254,132,253,94,255,128,255,208,253,215,5,83,12,57,245,148,189,0,142,0,215,1,29,0,120,0,52,0,23,0,15,0,12,
0,111,254,132,253,94,255,128,255,208,253,215,5,83,12,243,244,185,187,0,142,0,215,1,28,0,120,0,52,0,23,0,15,0,12,
0,33,254,32,253,67,255,128,255,208,253,215,5,106,12,243,244,185,187,0,142,0,215,1,28,0,119,0,52,0,23,0,15,0,12,
0,218,253,216,252,97,255,128,255,208,253,215,5,80,11,41,245,226,187,0,142,0,214,1,28,0,119,0,52,0,23,0,15,0,12,
0,218,253,216,252,101,255,128,255,208,253,215,5,134,11,64,245,26,189,0,142,0,215,1,28,0,119,0,51,0,22,0,14,0,11,
0,142,253,135,252,101,255,128,255,208,253,215,5,54,12,4,245,120,189,0,142,0,215,1,28,0,119,0,51,0,23,0,15,0,12,
0,87,253,70,252,97,255,128,255,208,253,215,5,54,12,4,245,195,187,0,142,0,215,1,28,0,119,0,51,0,23,0,15,0,12,
0,47,253,10,252,79,255,202,255,131,253,133,6,22,12,182,244,195,187,0,142,0,216,1,28,0,119,0,51,0,23,0,14,0,12,
0,47,253,10,252,83,255,202,255,131,253,133,6,2,11,35,245,144,188,0,142,0,216,1,28,0,119,0,52,0,23,0,15,0,12,
0,1,253,172,251,83,255,202,255,131,253,133,6,87,10,63,245,76,188,0,142,0,218,1,28,0,119,0,51,0,22,0,14,0,11,
0,168,252,107,251,116,255,202,255,131,253,133,6,87,10,93,245,13,188,0,142,0,219,1,27,0,119,0,51,0,23,0,15,0,12,
0,130,252,38,251,109,255,202,255,131,253,133,6,99,10,93,245,13,188,0,141,0,220,1,27,0,119,0,51,0,23,0,14,0,12,
0,130,252,38,251,109,255,202,255,131,253,133,6,144,9,79,245,91,187,0,141,0,221,1,26,0,119,0,52,0,23,0,15,0,12,
0,119,252,245,250,114,255,202,255,131,253,133,6,69,9,49,245,150,188,0,142,0,223,1,26,0,119,0,52,0,23,0,15,0,12,
0,87,252,195,250,130,255,202,255,131,253,133,6,27,9,243,244,93,187,0,142,0,224,1,25,0,118,0,50,0,22,0,14,0,12,
0,30,252,175,250,139,255,202,255,131,253,133,6,27,9,243,244,76,186,0,142,0,226,1,24,0,118,0,51,0,23,0,14,0,11,
0,30,252,175,250,139,255,202,255,131,253,133,6,208,7,62,245,76,186,0,142,0,227,1,23,0,118,0,51,0,23,0,15,0,12,
0,6,252,155,250,173,255,190,255,131,253,84,6,120,7,179,245,72,188,0,142,0,228,1,23,0,117,0,51,0,22,0,14,0,11,
0,242,251,97,250,185,255,190,255,131,253,84,6,132,7,46,246,65,189,0,142,0,230,1,22,0,118,0,51,0,23,0,15,0,12,
0,242,251,97,250,219,255,190,255,131,253,84,6,104,8,6,246,255,187,0,143,0,232,1,21,0,117,0,50,0,22,0,15,0,12,
0,254,251,45,250,219,255,190,255,131,253,84,6,104,8,6,246,255,187,0,143,0,232,1,21,0,117,0,50,0,22,0,14,0,11,
0,220,251,237,249,208,255,190,255,131,253,84,6,163,7,243,245,85,186,0,143,0,232,1,20,0,117,0,51,0,23,0,15,0,12,
0,164,251,160,249,189,255,190,255,131,253,84,6,132,6,105,246,122,186,0,144,0,234,1,19,0,116,0,50,0,23,0,14,0,12,
0,164,251,160,249,228,255,190,255,131,253,84,6,142,5,240,246,195,187,0,144,0,235,1,19,0,115,0,50,0,22,0,14,0,12,
0,146,251,113,249,228,255,190,255,131,253,84,6,142,5,240,246,222,189,0,144,0,235,1,18,0,116,0,50,0,23,0,14,0,12,
0,116,251,87,249,5,0,190,255,131,253,84,6,129,5,165,246,222,189,0,145,0,235,1,17,0,115,0,49,0,22,0,14,0,11,
0,113,251,82,249,25,0,190,255,131,253,84,6,33,6,85,246,115,187,0,145,0,236,1,17,0,115,0,50,0,23,0,15,0,12,
0,113,251,82,249,25,0,190,255,131,253,84,6,143,4,130,246,111,185,0,146,0,237,1,17,0,115,0,49,0,22,0,14,0,12,
0,132,251,101,249,255,255,176,255,141,253,200,6,188,3,23,247,123,186,0,147,0,238,1,17,0,114,0,49,0,22,0,14,0,12,
0,133,251,99,249,225,255,176,255,141,253,200,6,188,3,23,247,123,186,0,147,0,238,1,17,0,115,0,50,0,23,0,14,0,12,
0,101,251,129,249,225,255,176,255,141,253,200,6,188,3,79,247,33,188,0,148,0,238,1,16,0,114,0,49,0,22,0,14,0,11,
0,101,251,129,249,225,255,176,255,141,253,200,6,113,4,14,247,25,187,0,148,0,239,1,16,0,114,0,49,0,23,0,14,0,12,
0,92,251,145,249,215,255,176,255,141,253,200,6,254,3,12,247,213,184,0,148,0,240,1,16,0,114,0,49,0,22,0,14,0,12,
0,60,251,148,249,181,255,176,255,141,253,200,6,254,3,86,247,163,184,0,149,0,240,1,16,0,113,0,49,0,22,0,14,0,11,
0,60,251,148,249,178,255,176,255,141,253,200,6,132,2,86,247,163,184,0,149,0,240,1,16,0,114,0,50,0,23,0,14,0,12,
0,28,251,160,249,178,255,176,255,141,253,200,6,92,2,167,247,121,186,0,150,0,241,1,16,0,113,0,49,0,22,0,14,0,11,
0,69,251,186,249,192,255,176,255,141,253,200,6,254,2,179,247,187,186,0,150,0,241,1,16,0,113,0,49,0,22,0,14,0,12,
0,41,251,230,249,193,255,176,255,141,253,200,6,144,2,59,247,167,184,0,150,0,241,1,15,0,113,0,49,0,20,0,14,0,12,
0,41,251,230,249,193,255,226,255,122,253,255,5,144,2,59,247,38,185,0,150,0,241,1,14,0,113,0,49,0,21,0,14,0,12,
0,2,251,7,250,197,255,226,255,122,253,255,5,92,1,64,247,38,185,0,151,0,242,1,14,0,113,0,48,0,20,0,13,0,11,
0,246,250,48,250,182,255,226,255,122,253,255,5,170,0,100,247,87,184,0,150,0,242,1,12,0,113,0,49,0,21,0,14,0,12,
0,203,250,117,250,166,255,226,255,122,253,255,5,220,0,157,247,226,185,0,150,0,242,1,12,0,112,0,49,0,21,0,14,0,12,
0,203,250,117,250,166,255,226,255,122,253,255,5,220,0,169,247,72,185,0,150,0,243,1,11,0,111,0,48,0,20,0,13,0,11,
0,169,250,169,250,118,255,226,255,122,253,255,5,150,0,169,247,72,185,0,150,0,242,1,10,0,112,0,48,0,21,0,14,0,12,
0,143,250,194,250,118,255,226,255,122,253,255,5,104,0,254,247,74,185,0,150,0,243,1,10,0,111,0,47,0,20,0,13,0,11,
0,138,250,4,251,99,255,226,255,122,253,255,5,56,0,212,247,128,184,0,149,0,242,1,8,0,111,0,47,0,20,0,13,0,11,
0,138,250,4,251,99,255,226,255,122,253,255,5,237,255,198,247,142,183,0,150,0,243,1,8,0,110,0,47,0,21,0,14,0,11,
0,123,250,92,251,86,255,226,255,122,253,255,5,237,255,198,247,178,183,0,149,0,242,1,7,0,110,0,47,0,21,0,14,0,12,
0,119,250,136,251,96,255,220,255,82,253,183,5,83,255,26,248,178,183,0,149,0,242,1,7,0,110,0,47,0,20,0,13,0,11,
0,119,250,136,251,96,255,220,255,82,253,183,5,123,254,64,248,215,184,0,149,0,242,1,5,0,110,0,42,0,20,0,14,0,12,
0,136,250,202,251,96,255,220,255,82,253,183,5,109,254,61,248,32,187,0,148,0,243,1,5,0,109,0,42,0,19,0,13,0,11,
0,148,250,16,252,90,255,220,255,82,253,183,5,66,255,174,247,179,184,0,148,0,243,1,4,0,108,0,44,0,20,0,14,0,12,
0,156,250,63,252,68,255,220,255,82,253,183,5,66,255,174,247,179,184,0,148,0,244,1,3,0,108,0,44,0,19,0,14,0,12,
0,156,250,63,252,68,255,220,255,82,253,183,5,130,254,194,247,31,183,0,148,0,244,1,3,0,108,0,44,0,19,0,13,0,11,
0,163,250,157,252,58,255,220,255,82,253,183,5,181,253,205,247,120,184,0,147,0,244,1,1,0,108,0,46,0,20,0,14,0,12,
0,173,250,240,252,55,255,220,255,82,253,183,5,132,253,72,248,37,185,0,147,0,245,1,1,0,107,0,45,0,20,0,13,0,11,
0,140,250,54,253,40,255,220,255,82,253,183,5,132,253,75,248,223,186,0,146,0,246,1,0,0,107,0,46,0,20,0,14,0,12,
0,140,250,54,253,40,255,220,255,82,253,183,5,201,253,75,248,223,186,0,146,0,247,1,0,0,107,0,45,0,20,0,14,0,12,
0,140,250,120,253,18,255,57,0,6,253,192,6,32,254,19,248,205,185,0,146,0,247,1,0,0,106,0,45,0,19,0,13,0,11,
0,158,250,130,253,254,254,57,0,6,253,192,6,169,253,14,248,212,184,0,145,0,247,0,255,0,107,0,46,0,23,0,14,0,12,
0,172,250,208,253,8,255,57,0,6,253,192,6,123,253,45,248,233,184,0,145,0,248,0,255,0,106,0,45,0,21,0,14,0,11,
0,172,250,208,253,8,255,57,0,6,253,192,6,123,253,45,248,233,184,0,145,0,249,0,254,0,106,0,45,0,21,0,14,0,12,
0,166,250,52,254,11,255,57,0,6,253,192,6,151,253,12,248,215,184,0,145,0,249,0,254,0,105,0,45,0,21,0,14,0,12,
0,158,250,122,254,245,254,57,0,6,253,192,6,125,253,78,248,109,184,0,145,0,250,0,254,0,105,0,45,0,21,0,14,0,12,
0,158,250,122,254,244,254,57,0,6,253,192,6,29,253,176,248,227,185,0,145,0,250,0,254,0,105,0,44,0,20,0,13,0,11,
0,122,250,192,254,244,254,57,0,6,253,192,6,29,253,103,248,19,186,0,145,0,250,0,254,0,105,0,44,0,20,0,13,0,11,
0,106,250,2,255,229,254,57,0,6,253,192,6,210,253,103,248,19,186,0,145,0,251,0,254,0,105,0,45,0,21,0,14,0,11,
0,124,250,61,255,202,254,57,0,6,253,192,6,171,253,122,248,89,184,0,145,0,251,0,255,0,104,0,44,0,20,0,14,0,11,
0,124,250,61,255,202,254,57,0,6,253,192,6,223,253,37,249,153,185,0,145,0,252,0,255,0,105,0,45,0,21,0,14,0,12,
0,107,250,118,255,198,254,96,0,13,253,32,7,220,253,46,249,131,185,0,145,0,252,1,0,0,104,0,44,0,18,0,13,0,11,
0,81,250,190,255,181,254,96,0,13,253,32,7,220,253,46,249,162,184,0,144,0,252,1,0,0,105,0,45,0,20,0,13,0,11,
0,111,250,231,255,164,254,96,0,13,253,32,7,181,254,2,249,162,184,0,144,0,253,1,1,0,106,0,49,0,20,0,13,0,11,
0,111,250,231,255,164,254,96,0,13,253,32,7,180,254,245,248,30,184,0,145,0,253,1,3,0,105,0,48,0,20,0,13,0,11,
0,129,250,18,0,146,254,96,0,13,253,32,7,103,254,83,249,129,184,0,145,0,254,1,4,0,106,0,47,0,20,0,13,0,11,
0,133,250,54,0,146,254,96,0,13,253,32,7,103,254,105,249,53,185,0,144,0,254,1,5,0,107,0,47,0,21,0,14,0,12,
0,145,250,110,0,142,254,96,0,13,253,32,7,113,254,105,249,53,185,0,144,0,254,1,6,0,107,0,47,0,20,0,13,0,11,
0,145,250,110,0,142,254,96,0,13,253,32,7,81,255,249,248,32,185,0,144,0,255,1,7,0,107,0,47,0,21,0,14,0,12,
0,149,250,160,0,160,254,96,0,13,253,32,7,185,255,254,248,43,184,0,145,0,255,1,8,0,107,0,46,0,20,0,14,0,12,
0,158,250,197,0,171,254,96,0,13,253,32,7,183,255,169,249,254,184,0,144,0,255,1,9,0,108,0,47,0,21,0,14,0,12,
0,158,250,197,0,139,254,33,0,39,253,88,6,183,255,169,249,66,185,0,145,1,0,1,11,0,108,0,46,0,20,0,13,0,11,
0,157,250,232,0,139,254,33,0,39,253,88,6,25,0,75,249,66,185,0,145,1,0,1,12,0,109,0,46,0,20,0,13,0,11,
0,142,250,25,1,107,254,33,0,39,253,88,6,250,0,71,249,167,186,0,145,1,1,1,13,0,110,0,46,0,21,0,14,0,12,
0,190,250,61,1,74,254,33,0,39,253,88,6,122,1,1,249,227,185,0,145,1,1,1,14,0,110,0,46,0,20,0,14,0,12,
0,190,250,61,1,74,254,33,0,39,253,88,6,61,1,182,248,200,183,0,145,1,1,1,15,0,111,0,47,0,21,0,14,0,12,
0,187,250,75,1,65,254,33,0,39,253,88,6,61,1,182,248,200,183,0,145,1,1,1,17,0,111,0,47,0,22,0,13,0,11,
0,189,250,98,1,73,254,33,0,39,253,88,6,162,0,69,249,5,186,0,145,1,1,1,17,0,112,0,47,0,23,0,14,0,12,
0,192,250,95,1,37,254,33,0,39,253,88,6,211,1,18,249,76,187,0,145,1,1,1,19,0,112,0,47,0,22,0,14,0,12,
0,192,250,95,1,37,254,33,0,39,253,88,6,26,2,142,248,24,184,0,145,1,1,1,20,0,113,0,47,0,22,0,14,0,12,
0,203,250,74,1,37,254,33,0,39,253,88,6,26,2,230,248,136,186,0,145,1,1,1,21,0,113,0,48,0,22,0,14,0,12,
0,189,250,84,1,44,254,37,0,11,253,248,5,63,2,230,248,136,186,0,145,1,2,1,22,0,113,0,47,0,21,0,13,0,11,
0,210,250,84,1,17,254,37,0,11,253,248,5,54,2,139,248,50,186,0,145,1,1,1,22,0,115,0,48,0,22,0,14,0,12,
0,210,250,94,1,17,254,37,0,11,253,248,5,85,3,165,248,19,188,0,145,1,1,1,23,0,115,0,48,0,22,0,14,0,12,
0,222,250,99,1,7,254,37,0,11,253,248,5,71,3,8,248,229,185,0,146,1,1,1,24,0,115,0,49,0,22,0,14,0,12,
0,207,250,86,1,35,254,37,0,11,253,248,5,71,3,8,248,106,185,0,146,1,0,1,25,0,116,0,49,0,22,0,14,0,12,
0,207,250,86,1,53,254,37,0,11,253,248,5,99,3,30,248,106,185,0,146,1,1,1,26,0,116,0,49,0,21,0,14,0,11,
0,152,250,71,1,53,254,37,0,11,253,248,5,104,3,157,248,240,187,0,146,1,0,1,27,0,116,0,49,0,22,0,14,0,11,
0,136,250,49,1,68,254,37,0,11,253,248,5,15,4,10,248,103,188,0,146,1,0,1,27,0,117,0,50,0,23,0,14,0,12,
0,174,250,241,0,81,254,37,0,11,253,248,5,15,4,226,247,93,186,0,146,1,0,1,28,0,117,0,50,0,22,0,14,0,12,
0,174,250,241,0,81,254,37,0,11,253,248,5,130,4,226,247,93,186,0,146,0,255,1,28,0,118,0,51,0,23,0,14,0,12,
0,216,250,181,0,63,254,47,0,213,252,251,5,155,3,201,247,92,186,0,146,1,0,1,29,0,118,0,50,0,22,0,14,0,11,
0,199,250,171,0,68,254,47,0,213,252,251,5,209,3,30,248,57,188,0,146,1,4,1,35,0,119,0,50,0,20,0,14,0,11,
0,176,250,129,0,72,254,47,0,213,252,251,5,162,3,145,244,161,188,0,133,1,22,1,45,0,121,0,51,0,21,0,14,0,12,
0,176,250,129,0,72,254,47,0,213,252,251,5,162,3,145,244,219,193,0,133,1,45,1,72,0,125,0,52,0,22,0,14,0,12,
0,155,250,91,0,73,254,47,0,213,252,251,5,160,3,166,219,219,193,1,52,1,75,1,84,0,131,0,53,0,26,0,15,0,12,
0,116,251,41,0,114,253,47,0,213,252,251,5,149,21,98,224,69,206,1,88,1,79,1,86,0,134,0,54,0,24,0,14,0,11,
0,23,253,41,255,101,251,47,0,213,252,251,5,4,39,159,241,19,226,1,40,1,81,1,84,0,136,0,55,0,23,0,14,0,10,
0,23,253,213,255,101,251,47,0,213,252,251,5,176,42,191,254,37,229,0,132,1,75,1,77,0,137,0,56,0,22,0,14,0,11,
0,59,0,116,254,82,249,47,0,213,252,251,5,176,42,191,254,37,229,0,134,1,69,1,41,0,134,0,56,0,23,0,14,0,11,
0,218,4,112,251,208,248,47,0,213,252,251,5,14,34,139,24,230,246,0,135,1,44,0,205,0,122,0,55,0,22,0,14,0,11,
0,218,4,112,251,47,250,47,0,213,252,230,6,211,37,26,55,77,9,0,136,0,247,0,144,0,107,0,52,0,24,0,14,0,11,
0,197,10,80,246,47,250,33,0,237,252,230,6,63,32,250,66,157,0,0,136,0,186,0,134,0,95,0,50,0,22,0,14,0,12,
0,82,16,159,242,232,252,33,0,237,252,230,6,63,32,250,54,30,13,0,137,0,151,0,133,0,86,0,46,0,22,0,15,0,14,
0,142,19,54,242,27,2,33,0,237,252,230,6,134,8,149,54,30,13,0,139,0,146,0,134,0,78,0,43,0,21,0,15,0,14,
0,142,19,54,242,27,2,33,0,237,252,230,6,216,13,161,36,45,12,0,140,0,153,0,134,0,73,0,41,0,22,0,16,0,14,
0,87,21,101,243,22,8,33,0,237,252,230,6,25,10,11,29,82,9,0,144,0,168,0,135,0,68,0,37,0,19,0,14,0,13,
0,59,22,128,244,97,11,33,0,237,252,230,6,98,6,98,19,114,243,0,148,0,166,0,134,0,62,0,32,0,16,0,13,0,12,
0,157,21,56,245,127,10,33,0,237,252,230,6,98,6,98,19,114,243,0,151,0,149,0,133,0,60,0,31,0,16,0,12,0,12,
0,157,21,56,245,127,10,33,0,237,252,230,6,183,254,92,17,65,218,0,159,0,137,0,132,0,57,0,29,0,16,0,12,0,11,
0,121,18,160,246,143,6,33,0,237,252,230,6,249,253,77,7,242,203,0,187,0,134,0,132,0,54,0,26,0,14,0,11,0,10,
0,254,12,55,249,200,1,33,0,237,252,230,6,147,232,0,219,177,182,0,215,0,134,0,133,0,50,0,23,0,11,0,10,0,10,
0,245,5,55,249,81,254,95,0,67,253,79,6,147,232,89,225,144,192,0,203,0,134,0,134,0,51,0,24,0,13,0,11,0,10,
0,245,5,35,251,81,254,95,0,67,253,79,6,228,242,89,225,144,192,0,203,0,134,0,148,0,53,0,25,0,16,0,12,0,10,
0,237,253,38,252,36,253,95,0,67,253,79,6,226,248,95,221,130,182,0,201,0,135,0,235,0,61,0,24,0,11,0,11,0,10,
0,207,246,9,253,62,253,95,0,67,253,79,6,131,250,36,218,167,183,0,194,0,136,1,77,0,77,0,27,0,12,0,11,0,11,
0,207,246,9,253,56,253,95,0,67,253,79,6,14,252,218,224,85,181,0,187,0,141,1,81,0,91,0,31,0,16,0,11,0,9,
0,21,242,194,252,56,253,95,0,67,253,79,6,14,252,218,224,136,180,0,177,0,155,1,81,0,102,0,35,0,16,0,11,0,9,
0,128,240,131,250,112,252,95,0,67,253,79,6,150,254,56,238,136,180,0,167,0,189,1,80,0,109,0,36,0,16,0,11,0,11,
0,65,242,181,246,122,251,95,0,67,253,79,6,48,1,34,250,240,180,0,158,0,241,1,78,0,116,0,40,0,16,0,12,0,12,
0,65,242,181,246,122,251,95,0,67,253,79,6,248,5,54,254,99,179,0,151,1,33,1,72,0,122,0,44,0,19,0,13,0,11,
0,208,246,43,242,242,250,95,0,67,253,79,6,248,5,98,0,195,178,0,147,1,69,1,56,0,123,0,46,0,20,0,13,0,11,
0,107,253,23,238,228,251,139,0,72,253,202,5,2,7,98,0,195,178,0,145,1,71,1,25,0,120,0,46,0,19,0,12,0,12,
0,112,4,82,235,205,254,139,0,72,253,202,5,198,4,124,250,153,174,0,144,1,70,0,231,0,115,0,47,0,19,0,13,0,11,
0,112,4,82,235,205,254,139,0,72,253,202,5,94,254,97,244,44,181,0,144,1,69,0,163,0,104,0,47,0,21,0,13,0,11,
0,79,10,90,234,224,2,139,0,72,253,202,5,216,247,178,240,57,190,0,144,1,67,0,136,0,93,0,45,0,20,0,13,0,11,
0,63,14,156,234,36,6,139,0,72,253,202,5,216,247,178,240,6,197,0,146,1,62,0,133,0,81,0,40,0,16,0,12,0,11,
0,63,16,156,234,160,7,139,0,72,253,202,5,119,243,119,235,6,197,0,148,1,56,0,133,0,75,0,38,0,18,0,12,0,10,
0,82,16,201,235,160,7,139,0,72,253,202,5,37,239,230,235,136,207,0,150,1,49,0,133,0,72,0,39,0,20,0,14,0,11,
0,79,16,21,238,133,7,139,0,72,253,202,5,219,231,234,236,226,211,0,152,1,41,0,133,0,65,0,33,0,16,0,12,0,11,
0,196,14,164,241,177,6,139,0,72,253,202,5,48,227,153,237,141,215,0,155,1,28,0,133,0,60,0,25,0,14,0,12,0,11,
0,196,14,164,241,253,5,139,0,72,253,202,5,48,227,153,237,141,215,0,158,1,13,0,133,0,59,0,26,0,15,0,12,0,11,
0,25,12,66,246,253,5,44,1,51,253,95,6,146,225,235,237,7,218,0,160,0,254,0,134,0,57,0,27,0,15,0,13,0,11,
0,236,8,128,251,67,5,44,1,51,253,95,6,114,226,46,239,15,215,0,162,0,241,0,137,0,54,0,24,0,12,0,11,0,11,
0,28,6,132,0,84,4,44,1,51,253,95,6,159,230,215,240,196,211,0,165,0,232,0,149,0,53,0,23,0,13,0,11,0,11,
0,28,6,132,0,84,4,44,1,51,253,95,6,159,230,215,242,139,206,0,167,0,223,0,188,0,60,0,27,0,16,0,13,0,11,
0,0,4,70,4,70,3,44,1,51,253,95,6,46,237,59,242,139,206,0,169,0,219,0,233,0,67,0,27,0,14,0,12,0,11,
0,157,2,118,6,149,2,44,1,51,253,95,6,167,243,34,242,88,202,0,173,0,217,1,15,0,75,0,27,0,11,0,11,0,11,
0,232,1,182,6,132,2,44,1,51,253,95,6,103,250,80,242,57,198,0,177,0,218,1,44,0,86,0,31,0,15,0,12,0,11,
0,232,1,182,6,132,2,44,1,51,253,95,6,13,255,39,243,59,195,0,183,0,220,1,62,0,97,0,35,0,18,0,13,0,11,
0,235,1,45,5,173,2,44,1,51,253,95,6,13,255,39,243,59,195,0,189,0,220,1,63,0,104,0,37,0,17,0,12,0,11,
0,94,2,96,2,209,2,44,1,51,253,95,6,136,2,39,245,251,194,0,197,0,221,1,63,0,109,0,38,0,16,0,12,0,12,
0,94,2,96,2,117,2,44,0,141,253,216,5,199,3,164,247,19,195,0,206,0,222,1,62,0,115,0,42,0,19,0,13,0,11,
0,201,2,243,254,117,2,209,0,141,253,216,5,122,2,226,248,17,195,0,216,0,223,1,60,0,120,0,46,0,21,0,14,0,11,
0,99,3,234,251,250,1,209,0,141,253,216,5,122,2,3,250,154,194,0,226,0,223,1,59,0,122,0,46,0,21,0,14,0,12,
0,231,3,203,249,154,1,209,0,141,253,216,5,18,0,3,250,154,194,0,239,0,224,1,57,0,124,0,47,0,20,0,13,0,12,
0,231,3,203,249,87,1,209,0,141,253,216,5,137,255,165,249,182,197,0,255,0,222,1,57,0,127,0,51,0,23,0,14,0,12,
0,227,3,221,248,87,1,209,0,141,253,216,5,134,0,245,249,221,196,1,15,0,221,1,59,0,129,0,52,0,23,0,14,0,11,
0,180,3,63,249,61,1,209,0,141,253,216,5,183,1,157,249,128,196,1,34,0,216,1,60,0,130,0,53,0,23,0,14,0,12,
0,5,3,159,250,29,1,209,0,141,253,216,5,183,1,157,249,203,194,1,56,0,212,1,63,0,130,0,53,0,22,0,14,0,11,
0,5,3,159,250,29,1,209,0,141,253,216,5,42,2,224,248,203,194,1,68,0,206,1,64,0,134,0,55,0,23,0,15,0,12,
0,121,2,113,252,221,0,209,0,141,253,216,5,153,3,90,248,127,195,1,72,0,202,1,65,0,134,0,56,0,23,0,15,0,11,
0,222,1,57,254,210,0,209,0,141,253,216,5,191,5,150,246,47,195,1,66,0,197,1,65,0,134,0,59,0,23,0,14,0,12,
0,86,1,174,255,209,0,245,0,137,253,111,6,191,5,97,244,159,193,1,63,0,192,1,65,0,135,0,60,0,24,0,14,0,11,
0,86,1,174,255,209,0,245,0,137,253,111,6,76,7,97,244,159,193,1,61,0,188,1,66,0,136,0,61,0,25,0,15,0,11,
0,164,0,232,0,240,0,245,0,137,253,111,6,229,8,4,242,147,190,1,60,0,186,1,65,0,136,0,60,0,26,0,15,0,11,
0,23,0,187,1,42,1,245,0,137,253,111,6,237,7,222,238,35,188,1,66,0,185,1,65,0,135,0,58,0,24,0,14,0,11,
0,23,0,187,1,136,1,245,0,137,253,111,6,182,6,112,236,218,187,1,87,0,184,1,63,0,137,0,60,0,28,0,16,0,12,
0,196,255,26,2,136,1,245,0,137,253,111,6,182,6,112,236,5,189,1,85,0,184,1,62,0,137,0,60,0,28,0,16,0,12,
0,176,255,212,1,235,1,245,0,137,253,111,6,192,6,141,234,5,189,1,87,0,186,1,61,0,136,0,59,0,27,0,16,0,12,
0,152,255,76,1,55,2,245,0,137,253,111,6,196,7,234,232,173,188,1,73,0,188,1,59,0,135,0,58,0,25,0,15,0,12,
0,152,255,76,1,102,2,245,0,137,253,111,6,20,7,108,231,203,186,1,70,0,190,1,56,0,136,0,60,0,27,0,16,0,12,
0,116,255,122,0,102,2,245,0,137,253,111,6,81,5,96,229,250,185,1,69,0,191,1,54,0,135,0,59,0,27,0,16,0,12,
0,79,255,101,255,160,2,54,1,163,253,130,6,81,5,96,229,250,185,1,70,0,192,1,50,0,133,0,59,0,26,0,16,0,13,
0,37,255,102,254,182,2,54,1,163,253,130,6,163,4,84,228,40,191,1,69,0,192,1,46,0,132,0,58,0,24,0,16,0,13,
0,37,255,102,254,182,2,54,1,163,253,130,6,224,4,139,226,128,191,1,67,0,192,1,40,0,131,0,58,0,25,0,15,0,12,
0,17,255,126,253,164,2,54,1,163,253,130,6,102,3,11,225,6,189,1,66,0,189,1,32,0,130,0,59,0,25,0,16,0,13,
0,204,254,152,252,98,2,54,1,163,253,130,6,102,3,40,225,73,194,1,66,0,187,1,22,0,126,0,56,0,26,0,15,0,12,
0,76,254,43,252,49,2,54,1,163,253,130,6,118,1,40,225,73,194,1,66,0,182,1,9,0,123,0,56,0,24,0,16,0,12,
0,76,254,43,252,49,2,54,1,163,253,130,6,47,3,169,223,126,194,1,65,0,178,0,251,0,119,0,55,0,27,0,16,0,12,
0,174,253,170,251,212,1,54,1,163,253,130,6,67,3,110,223,125,191,1,65,0,173,0,235,0,114,0,53,0,23,0,15,0,12,
0,18,253,36,251,93,1,54,1,163,253,130,6,104,2,18,224,245,189,1,65,0,168,0,219,0,108,0,51,0,23,0,14,0,11,
0,18,253,36,251,6,1,54,1,163,253,130,6,104,2,18,224,245,190,1,64,0,162,0,201,0,103,0,49,0,22,0,14,0,11,
0,149,252,149,250,6,1,218,0,191,253,27,6,111,1,24,226,179,190,1,63,0,157,0,184,0,96,0,48,0,23,0,14,0,11,
0,253,251,59,250,209,0,218,0,191,253,27,6,151,0,251,226,252,190,1,63,0,153,0,168,0,89,0,44,0,20,0,14,0,11,
0,103,251,21,250,143,0,218,0,191,253,27,6,251,255,170,227,153,188,1,64,0,150,0,155,0,82,0,41,0,21,0,13,0,11,
0,103,251,21,250,143,0,218,0,191,253,27,6,251,255,124,229,139,185,1,63,0,148,0,146,0,76,0,39,0,20,0,13,0,10,
0,254,250,241,249,58,0,218,0,191,253,27,6,130,254,124,229,139,185,1,63,0,146,0,141,0,71,0,36,0,17,0,13,0,10,
0,155,250,228,249,11,0,218,0,191,253,27,6,117,252,235,231,97,185,1,63,0,144,0,137,0,66,0,33,0,16,0,12,0,11,
0,74,250,231,249,227,255,218,0,191,253,27,6,151,252,243,232,169,185,1,63,0,143,0,136,0,62,0,31,0,16,0,12,0,11,
0,74,250,231,249,227,255,218,0,191,253,27,6,79,252,44,234,120,184,1,62,0,142,0,135,0,60,0,30,0,16,0,12,0,11,
0,20,250,18,250,140,255,218,0,191,253,27,6,79,252,44,234,206,181,1,63,0,141,0,135,0,57,0,28,0,14,0,11,0,10,
0,0,250,69,250,93,255,218,0,191,253,27,6,221,251,57,235,206,181,1,62,0,140,0,135,0,54,0,26,0,12,0,11,0,10,
0,229,249,142,250,24,255,47,1,68,253,99,7,110,250,29,237,231,182,1,62,0,139,0,134,0,54,0,26,0,14,0,12,0,11,
0,229,249,142,250,24,255,47,1,68,253,99,7,211,249,54,239,23,184,1,62,0,139,0,134,0,52,0,25,0,14,0,12,0,11,
0,195,249,219,250,195,254,47,1,68,253,99,7,4,249,210,240,209,183,1,63,0,139,0,135,0,51,0,23,0,12,0,11,0,11,
0,195,249,79,251,138,254,47,1,68,253,99,7,4,249,210,240,209,183,1,63,0,138,0,134,0,51,0,23,0,12,0,11,0,11,
0,195,249,79,251,101,254,47,1,68,253,99,7,231,247,193,242,92,182,1,63,0,139,0,134,0,50,0,23,0,12,0,11,0,10,
0,206,249,208,251,101,254,47,1,68,253,99,7,21,247,26,244,201,182,1,63,0,138,0,134,0,50,0,23,0,13,0,11,0,11,
0,195,249,82,252,70,254,47,1,68,253,99,7,94,246,85,245,83,181,1,64,0,138,0,134,0,49,0,22,0,12,0,11,0,11,
0,166,249,245,252,15,254,47,1,68,253,99,7,94,246,85,245,104,179,1,65,0,138,0,134,0,48,0,22,0,11,0,11,0,11,
0,166,249,245,252,15,254,47,1,68,253,99,7,69,245,125,246,104,179,1,63,0,138,0,134,0,49,0,23,0,13,0,11,0,11,
0,153,249,187,253,196,253,47,1,68,253,99,7,53,243,160,247,205,179,1,65,0,139,0,134,0,48,0,22,0,11,0,10,0,10,
0,202,249,183,254,165,253,47,1,68,253,99,7,250,242,90,249,16,181,1,65,0,139,0,134,0,48,0,22,0,12,0,11,0,11,
0,1,250,154,255,109,253,111,1,29,253,238,6,0,243,213,249,40,181,1,65,0,139,0,134,0,47,0,22,0,12,0,11,0,11,
0,1,250,154,255,109,253,111,1,29,253,238,6,0,243,213,249,40,181,1,63,0,139,0,135,0,48,0,22,0,12,0,11,0,10,
0,33,250,153,0,48,253,111,1,29,253,238,6,2,244,127,250,102,180,1,63,0,140,0,136,0,47,0,21,0,11,0,11,0,10,
0,89,250,139,1,218,252,111,1,29,253,238,6,139,244,188,250,87,178,1,62,0,140,0,137,0,47,0,21,0,12,0,11,0,11,
0,166,250,75,2,133,252,111,1,29,253,238,6,224,244,203,251,160,179,1,62,0,141,0,140,0,48,0,21,0,12,0,11,0,11,
0,166,250,75,2,133,252,111,1,29,253,238,6,224,244,58,252,154,179,1,61,0,142,0,146,0,49,0,22,0,14,0,11,0,11,
0,202,250,17,3,132,252,111,1,29,253,238,6,92,245,58,252,154,179,1,60,0,142,0,157,0,50,0,21,0,13,0,11,0,10,
0,9,251,189,3,125,252,111,1,29,253,238,6,211,244,78,252,80,179,1,59,0,143,0,175,0,54,0,23,0,11,0,11,0,11,
0,9,251,189,3,88,252,111,1,29,253,238,6,188,244,149,252,27,181,1,58,0,144,0,194,0,59,0,24,0,11,0,11,0,10,
0,79,251,146,4,88,252,111,1,29,253,238,6,123,245,123,252,38,181,1,55,0,144,0,213,0,64,0,26,0,15,0,12,0,11,
0,99,251,126,5,38,252,230,0,56,253,129,6,123,245,123,252,113,182,1,53,0,145,0,232,0,70,0,26,0,13,0,11,0,11,
0,86,251,106,6,235,251,230,0,56,253,129,6,178,245,5,252,113,182,1,51,0,147,0,252,0,77,0,28,0,15,0,12,0,11,
0,86,251,106,6,235,251,230,0,56,253,129,6,213,245,0,252,226,181,1,49,0,148,1,15,0,85,0,32,0,14,0,12,0,11,
0,97,251,59,7,157,251,230,0,56,253,129,6,10,247,115,252,238,183,1,47,0,150,1,34,0,92,0,33,0,14,0,12,0,11,
0,151,251,248,7,78,251,230,0,56,253,129,6,10,247,112,252,112,184,1,45,0,151,1,50,0,100,0,36,0,17,0,12,0,12,
0,174,251,168,8,30,251,230,0,56,253,129,6,230,248,112,252,112,184,1,43,0,153,1,61,0,107,0,39,0,18,0,13,0,12,
0,174,251,168,8,30,251,230,0,56,253,129,6,242,250,114,252,225,185,1,41,0,156,1,63,0,113,0,41,0,19,0,13,0,11,
0,191,251,15,9,17,251,230,0,56,253,129,6,17,253,142,252,61,184,1,39,0,159,1,65,0,117,0,43,0,17,0,12,0,11,
0,191,251,71,9,246,250,230,0,56,253,129,6,33,253,32,253,145,185,1,36,0,161,1,65,0,121,0,45,0,19,0,13,0,12,
0,244,251,82,9,17,251,230,0,56,253,129,6,33,253,32,253,187,187,1,33,0,164,1,65,0,125,0,48,0,20,0,13,0,12,
0,244,251,82,9,17,251,30,1,235,252,14,6,122,254,136,253,187,187,1,31,0,168,1,65,0,127,0,49,0,20,0,14,0,12,
0,55,252,51,9,255,250,30,1,235,252,14,6,61,255,7,253,53,189,1,28,0,171,1,64,0,129,0,51,0,21,0,13,0,12,
0,49,252,12,9,239,250,30,1,235,252,14,6,192,0,102,252,126,188,1,25,0,175,1,63,0,130,0,52,0,22,0,13,0,11,
0,49,252,12,9,249,250,30,1,235,252,14,6,34,1,81,252,217,186,1,23,0,180,1,63,0,132,0,54,0,23,0,14,0,11,
0,69,252,211,8,249,250,30,1,235,252,14,6,34,1,81,252,217,186,1,20,0,184,1,62,0,133,0,55,0,24,0,14,0,12,
0,57,252,212,8,37,251,30,1,235,252,14,6,8,1,221,251,61,187,1,18,0,189,1,62,0,132,0,49,0,23,0,15,0,13,
0,103,252,187,8,65,251,30,1,235,252,14,6,237,0,55,253,97,190,1,15,0,193,1,61,0,133,0,52,0,23,0,15,0,12,
0,103,252,187,8,65,251,30,1,235,252,14,6,30,0,207,254,140,192,1,14,0,199,1,60,0,133,0,53,0,23,0,15,0,12,
0,164,252,146,8,96,251,30,1,235,252,14,6,30,0,207,1,174,190,1,13,0,204,1,59,0,134,0,54,0,23,0,15,0,12,
0,246,252,73,8,53,252,30,1,235,252,14,6,140,252,30,1,174,190,1,11,0,211,1,58,0,134,0,55,0,24,0,15,0,12,
0,99,253,199,7,126,253,183,0,5,253,217,5,174,253,149,255,209,187,1,11,0,217,1,58,0,134,0,56,0,25,0,16,0,12,
0,99,253,199,7,126,253,183,0,5,253,217,5,213,254,119,254,221,191,1,9,0,222,1,57,0,135,0,57,0,25,0,16,0,12,
0,201,253,151,7,76,254,183,0,5,253,217,5,119,255,103,255,21,192,1,9,0,224,1,55,0,133,0,56,0,24,0,15,0,12,
0,66,254,173,7,110,254,183,0,5,253,217,5,119,255,103,255,21,192,1,9,0,224,1,51,0,132,0,56,0,24,0,15,0,12,
0,161,254,173,7,117,254,183,0,5,253,217,5,139,1,203,254,122,191,1,12,0,223,1,45,0,132,0,57,0,23,0,16,0,12,
0,161,254,164,7,117,254,183,0,5,253,217,5,87,0,232,254,126,189,1,17,0,220,1,44,0,131,0,57,0,24,0,15,0,12,
0,215,254,118,7,144,254,183,0,5,253,217,5,187,252,21,0,69,190,1,23,0,219,1,41,0,130,0,57,0,24,0,14,0,12,
0,16,255,90,7,1,255,183,0,5,253,217,5,187,252,249,255,29,190,1,27,0,219,1,37,0,128,0,59,0,23,0,14,0,11,
0,16,255,90,7,93,255,183,0,5,253,217,5,202,250,249,255,29,190,1,27,0,216,1,35,0,128,0,61,0,26,0,15,0,12,
0,79,255,138,7,93,255,183,0,5,253,217,5,78,250,57,0,200,187,1,29,0,215,1,34,0,127,0,59,0,25,0,15,0,12,
0,229,255,227,7,63,255,183,0,5,253,217,5,208,249,132,1,161,189,1,31,0,215,1,36,0,125,0,57,0,24,0,14,0,11,
0,106,0,62,8,218,254,92,0,23,253,108,7,4,251,153,0,5,191,1,32,0,215,1,40,0,125,0,57,0,24,0,14,0,11,
0,106,0,62,8,218,254,92,0,23,253,108,7,4,251,153,0,80,188,1,32,0,212,1,43,0,126,0,57,0,25,0,15,0,12,
0,240,0,162,8,182,254,92,0,23,253,108,7,113,252,184,253,80,188,1,32,0,209,1,45,0,125,0,55,0,23,0,14,0,11,
0,129,1,231,8,217,254,92,0,23,253,108,7,21,252,175,251,51,187,1,32,0,208,1,46,0,126,0,55,0,24,0,15,0,11,
0,248,1,211,8,10,255,92,0,23,253,108,7,26,252,111,250,98,190,1,31,0,208,1,47,0,126,0,55,0,23,0,14,0,11,
0,248,1,211,8,10,255,92,0,23,253,108,7,26,252,237,248,118,191,1,29,0,207,1,47,0,127,0,55,0,24,0,14,0,11,
0,27,2,150,8,18,255,92,0,23,253,108,7,98,253,237,248,118,191,1,27,0,208,1,48,0,127,0,59,0,25,0,14,0,11,
0,50,2,95,8,247,254,92,0,23,253,108,7,32,253,101,247,208,189,1,23,0,208,1,48,0,128,0,61,0,27,0,15,0,12,
0,46,2,95,8,230,254,92,0,23,253,108,7,255,252,82,247,173,191,1,18,0,209,1,50,0,128,0,63,0,27,0,15,0,12,
0,46,2,46,8,230,254,92,0,23,253,108,7,19,254,122,246,191,190,1,13,0,209,1,52,0,129,0,61,0,27,0,16,0,12,
0,206,1,250,7,186,254,86,0,36,253,84,6,19,254,122,246,119,191,1,7,0,212,1,54,0,129,0,60,0,27,0,16,0,12,
0,88,1,224,7,147,254,86,0,36,253,84,6,107,253,60,246,119,191,1,1,0,214,1,56,0,129,0,59,0,26,0,15,0,12,
0,88,1,224,7,158,254,86,0,36,253,84,6,1,254,102,246,141,191,0,250,0,215,1,57,0,131,0,59,0,27,0,16,0,12,
0,223,0,216,7,158,254,86,0,36,253,84,6,194,254,100,246,179,192,0,243,0,218,1,57,0,131,0,59,0,27,0,16,0,12,
0,112,0,231,7,121,254,86,0,36,253,84,6,92,1,16,246,153,191,0,235,0,220,1,57,0,131,0,58,0,26,0,16,0,12,
0,32,0,224,7,75,254,86,0,36,253,84,6,92,1,16,246,153,191,0,226,0,221,1,58,0,132,0,58,0,26,0,16,0,12,
0,32,0,224,7,75,254,86,0,36,253,84,6,77,0,142,246,34,191,0,217,0,223,1,58,0,132,0,58,0,25,0,16,0,12,
0,206,255,118,7,84,254,86,0,36,253,84,6,119,2,152,246,47,194,0,208,0,224,1,57,0,133,0,58,0,26,0,16,0,12,
0,109,255,5,7,86,254,86,0,36,253,84,6,114,4,102,246,89,192,0,200,0,226,1,57,0,133,0,57,0,26,0,16,0,12,
0,57,255,172,6,93,254,86,0,36,253,84,6,114,4,130,246,227,189,0,191,0,228,1,57,0,133,0,58,0,26,0,16,0,12,
0,57,255,172,6,93,254,37,0,108,253,167,6,0,5,130,246,227,189,0,183,0,229,1,56,0,133,0,58,0,25,0,15,0,12,
0,41,255,82,6,100,254,37,0,108,253,167,6,96,4,21,247,72,191,0,175,0,231,1,57,0,132,0,57,0,24,0,15,0,11,
0,35,255,11,6,90,254,37,0,108,253,167,6,126,5,105,247,111,193,0,169,0,232,1,56,0,132,0,57,0,25,0,15,0,12,
0,37,255,11,6,104,254,37,0,108,253,167,6,58,7,206,246,249,190,0,163,0,234,1,55,0,133,0,58,0,26,0,16,0,12,
0,37,255,168,5,104,254,37,0,108,253,167,6,58,7,206,246,249,189,0,158,0,237,1,55,0,132,0,57,0,26,0,16,0,12,
0,54,255,107,5,105,254,37,0,108,253,167,6,14,7,96,247,43,189,0,153,0,239,1,55,0,132,0,57,0,25,0,15,0,12,
0,86,255,14,5,193,254,37,0,108,253,167,6,136,6,196,248,9,192,0,151,0,242,1,55,0,132,0,57,0,25,0,15,0,12,
0,86,255,14,5,7,255,37,0,108,253,167,6,40,8,116,248,213,191,0,148,0,244,1,55,0,133,0,57,0,25,0,15,0,12,
0,136,255,141,4,7,255,37,0,108,253,167,6,40,8,42,248,109,190,0,146,0,246,1,54,0,133,0,58,0,26,0,16,0,12,
0,190,255,36,4,30,255,37,0,108,253,167,6,255,8,42,248,109,190,0,144,0,248,1,54,0,132,0,57,0,25,0,15,0,12,
0,217,255,193,3,36,255,52,0,26,253,69,6,243,7,125,248,130,189,0,143,0,249,1,53,0,132,0,58,0,26,0,16,0,12,
0,217,255,193,3,36,255,52,0,26,253,69,6,115,7,171,248,246,191,0,142,0,250,1,52,0,132,0,57,0,25,0,15,0,12,
0,4,0,104,3,58,255,52,0,26,253,69,6,74,7,104,248,35,192,0,141,0,252,1,52,0,132,0,57,0,25,0,15,0,12,
0,40,0,6,3,114,255,52,0,26,253,69,6,74,7,104,248,244,192,0,141,0,252,1,50,0,132,0,58,0,26,0,16,0,12,
0,58,0,135,2,139,255,52,0,26,253,69,6,167,8,12,248,244,192,0,140,0,253,1,49,0,131,0,57,0,26,0,16,0,12,
0,58,0,135,2,139,255,52,0,26,253,69,6,29,9,181,247,148,191,0,140,0,254,1,48,0,131,0,57,0,26,0,16,0,12,
0,59,0,54,2,144,255,52,0,26,253,69,6,175,8,182,247,74,191,0,140,0,255,1,47,0,130,0,56,0,23,0,15,0,12,
0,78,0,228,1,164,255,52,0,26,253,69,6,250,8,199,247,91,193,0,140,0,255,1,46,0,130,0,57,0,24,0,16,0,12,
0,78,0,228,1,208,255,52,0,26,253,69,6,250,8,199,247,91,193,0,140,0,255,1,44,0,129,0,57,0,24,0,15,0,12,
0,114,0,61,1,208,255,52,0,26,253,69,6,121,10,115,247,194,194,0,140,1,0,1,43,0,128,0,59,0,24,0,15,0,12,
0,87,0,175,0,1,0,52,0,26,253,69,6,255,9,238,246,72,191,0,140,0,255,1,41,0,128,0,61,0,25,0,15,0,12,
0,97,0,53,0,42,0,237,255,59,253,117,6,130,9,65,247,74,194,0,141,0,255,1,40,0,127,0,59,0,25,0,15,0,11,
0,97,0,53,0,97,0,237,255,59,253,117,6,130,9,65,247,247,193,0,141,0,255,1,38,0,127,0,58,0,26,0,16,0,12,
0,109,0,181,255,97,0,237,255,59,253,117,6,81,8,41,247,247,193,0,141,0,254,1,36,0,126,0,57,0,25,0,16,0,12,
0,68,0,26,255,132,0,237,255,59,253,117,6,41,10,97,246,53,195,0,142,0,254,1,34,0,125,0,57,0,25,0,16,0,12,
0,56,0,136,254,174,0,237,255,59,253,117,6,108,9,193,245,173,191,0,142,0,254,1,32,0,124,0,55,0,24,0,15,0,11,
0,56,0,136,254,174,0,237,255,59,253,117,6,64,8,13,246,211,192,0,142,0,253,1,30,0,124,0,55,0,27,0,16,0,12,
0,38,0,5,254,207,0,237,255,59,253,117,6,64,8,13,246,211,192,0,142,0,253,1,28,0,122,0,54,0,25,0,15,0,12,
0,52,0,184,253,196,0,237,255,59,253,117,6,200,8,107,245,65,195,0,142,0,252,1,25,0,122,0,54,0,25,0,16,0,13,
0,17,0,144,253,185,0,237,255,59,253,117,6,43,10,173,244,16,192,0,143,0,252,1,23,0,121,0,53,0,24,0,15,0,12,
0,17,0,144,253,185,0,237,255,59,253,117,6,224,8,250,244,79,191,0,144,0,252,1,21,0,119,0,53,0,25,0,16,0,12,
0,183,255,66,253,220,0,252,255,60,253,72,6,224,8,113,245,138,194,0,144,0,252,1,18,0,119,0,53,0,24,0,16,0,12,
0,87,255,196,252,8,1,252,255,60,253,72,6,135,8,113,245,138,194,0,144,0,252,1,16,0,117,0,52,0,23,0,15,0,11,
0,87,255,196,252,48,1,252,255,60,253,72,6,104,9,238,244,157,194,0,144,0,251,1,13,0,117,0,52,0,22,0,15,0,12,
0,55,255,92,252,48,1,252,255,60,253,72,6,144,9,41,244,79,192,0,144,0,251,1,11,0,116,0,51,0,22,0,15,0,12,
0,26,255,10,252,62,1,252,255,60,253,72,6,253,6,139,244,89,191,0,144,0,250,1,9,0,114,0,51,0,22,0,14,0,12,
0,0,255,179,251,79,1,252,255,60,253,72,6,253,6,139,244,9,194,0,145,0,250,1,6,0,113,0,50,0,22,0,14,0,12,
0,0,255,179,251,86,1,252,255,60,253,72,6,162,6,253,244,9,194,0,145,0,250,1,4,0,111,0,49,0,21,0,14,0,11,
0,227,254,76,251,86,1,252,255,60,253,72,6,16,8,108,244,53,193,0,145,0,250,1,1,0,111,0,49,0,22,0,14,0,12,
0,137,254,23,251,114,1,252,255,60,253,72,6,167,6,6,244,197,189,0,145,0,250,0,255,0,110,0,48,0,23,0,14,0,12,
0,105,254,251,250,112,1,252,255,60,253,72,6,167,6,240,244,233,191,0,145,0,249,0,253,0,109,0,48,0,23,0,14,0,11,
0,105,254,251,250,112,1,78,0,10,253,104,6,72,5,240,244,233,191,0,146,0,250,0,251,0,107,0,47,0,21,0,15,0,11,
0,99,254,228,250,96,1,78,0,10,253,104,6,197,5,43,245,222,193,0,146,0,250,0,249,0,106,0,46,0,21,0,13,0,11,
0,58,254,220,250,107,1,78,0,10,253,104,6,34,7,214,244,13,192,0,146,0,250,0,247,0,105,0,46,0,22,0,14,0,12,
0,25,254,169,250,132,1,78,0,10,253,104,6,128,5,5,245,241,188,0,147,0,251,0,245,0,104,0,46,0,22,0,14,0,11,
0,25,254,169,250,132,1,78,0,10,253,104,6,128,5,5,245,91,192,0,148,0,251,0,244,0,103,0,45,0,21,0,14,0,11,
0,240,253,105,250,132,1,78,0,10,253,104,6,37,4,12,246,91,192,0,148,0,251,0,242,0,103,0,45,0,21,0,14,0,12,
0,251,253,62,250,162,1,78,0,10,253,104,6,130,4,41,246,123,193,0,148,0,251,0,242,0,101,0,44,0,20,0,13,0,11,
0,251,253,62,250,216,1,78,0,10,253,104,6,167,4,16,246,227,191,0,149,0,251,0,240,0,101,0,44,0,21,0,14,0,12,
0,234,253,26,250,216,1,78,0,10,253,104,6,56,3,209,245,9,189,0,150,0,251,0,240,0,100,0,43,0,20,0,14,0,12,
0,172,253,19,250,227,1,78,0,10,253,104,6,56,3,209,245,9,189,0,151,0,252,0,239,0,99,0,43,0,18,0,13,0,11,
0,162,253,23,250,208,1,97,0,19,253,206,6,2,2,81,246,44,191,0,151,0,252,0,239,0,100,0,43,0,19,0,13,0,12,
0,162,253,23,250,208,1,97,0,19,253,206,6,245,1,129,246,127,193,0,152,0,253,0,239,0,98,0,43,0,18,0,13,0,11,
0,184,253,26,250,223,1,97,0,19,253,206,6,230,2,89,246,180,191,0,153,0,253,0,238,0,98,0,37,0,18,0,14,0,12,
0,180,253,50,250,42,2,97,0,19,253,206,6,230,2,84,246,4,189,0,154,0,254,0,238,0,98,0,38,0,18,0,14,0,12,
0,208,253,95,250,74,2,97,0,19,253,206,6,117,1,84,246,4,189,0,155,0,255,0,238,0,97,0,39,0,17,0,13,0,11,
0,208,253,95,250,74,2,97,0,19,253,206,6,49,0,242,246,85,190,0,156,0,255,0,237,0,97,0,40,0,18,0,13,0,12,
0,200,253,137,250,45,2,97,0,19,253,206,6,140,0,87,247,81,192,0,158,1,0,0,238,0,97,0,39,0,17,0,12,0,11,
0,214,253,167,250,26,2,97,0,19,253,206,6,202,0,146,247,210,191,0,159,1,0,0,237,0,97,0,40,0,18,0,13,0,11,
0,226,253,215,250,34,2,97,0,19,253,206,6,202,0,146,247,210,190,0,160,1,0,0,238,0,97,0,40,0,18,0,13,0,11,
0,226,253,215,250,34,2,97,0,19,253,206,6,171,0,247,246,51,190,0,161,1,1,0,238,0,97,0,40,0,18,0,12,0,11,
0,209,253,248,250,75,2,52,0,45,253,27,7,85,255,23,247,215,188,0,163,1,2,0,238,0,96,0,40,0,17,0,12,0,11,
0,189,253,13,251,92,2,52,0,45,253,27,7,89,254,154,247,8,191,0,164,1,1,0,238,0,97,0,40,0,19,0,13,0,11,
0,189,253,13,251,65,2,52,0,45,253,27,7,89,254,109,247,140,191,0,165,1,2,0,238,0,97,0,40,0,18,0,13,0,11,
0,201,253,60,251,65,2,52,0,45,253,27,7,241,253,109,247,140,191,0,167,1,2,0,238,0,97,0,40,0,18,0,13,0,11,
0,221,253,107,251,39,2,52,0,45,253,27,7,39,254,37,247,217,190,0,168,1,2,0,238,0,97,0,40,0,18,0,12,0,11,
0,228,253,170,251,33,2,52,0,45,253,27,7,11,254,240,246,198,190,0,169,1,3,0,239,0,96,0,40,0,17,0,12,0,11,
0,228,253,170,251,33,2,52,0,45,253,27,7,174,253,253,246,166,190,0,170,1,3,0,239,0,96,0,40,0,18,0,12,0,11,
0,177,253,240,251,43,2,52,0,45,253,27,7,174,253,253,246,232,189,0,171,1,4,0,239,0,97,0,41,0,19,0,13,0,12,
0,180,253,38,252,51,2,52,0,45,253,27,7,80,253,45,247,232,189,0,172,1,4,0,239,0,97,0,41,0,19,0,13,0,11,
0,190,253,104,252,67,2,52,0,45,253,27,7,98,253,120,247,197,190,0,172,1,4,0,239,0,97,0,41,0,19,0,13,0,11,
0,190,253,104,252,67,2,52,0,45,253,27,7,172,253,43,247,185,189,0,173,1,5,0,239,0,96,0,40,0,18,0,13,0,11,
0,164,253,159,252,71,2,142,0,10,253,189,6,172,253,43,247,116,190,0,173,1,4,0,239,0,97,0,41,0,19,0,13,0,11,
0,186,253,213,252,60,2,142,0,10,253,189,6,69,253,43,247,116,190,0,173,1,4,0,239,0,97,0,41,0,19,0,13,0,11,
0,198,253,46,253,49,2,142,0,10,253,189,6,26,253,36,247,116,189,0,174,1,5,0,239,0,97,0,41,0,19,0,13,0,11,
0,198,253,46,253,49,2,142,0,10,253,189,6,251,252,145,246,43,189,0,173,1,5,0,239,0,97,0,45,0,19,0,12,0,11,
0,182,253,113,253,16,2,142,0,10,253,189,6,7,252,44,247,161,190,0,173,1,6,0,239,0,97,0,43,0,18,0,12,0,11,
0,141,253,187,253,1,2,142,0,10,253,189,6,7,252,44,247,99,191,0,172,1,6,0,239,0,97,0,43,0,19,0,12,0,11,
0,141,253,187,253,243,1,142,0,10,253,189,6,7,252,228,246,99,191,0,171,1,6,0,238,0,97,0,43,0,19,0,13,0,11,
0,118,253,18,254,243,1,142,0,10,253,189,6,174,252,114,246,223,190,0,171,1,8,0,238,0,97,0,43,0,19,0,13,0,11,
0,134,253,108,254,213,1,142,0,10,253,189,6,186,253,85,246,193,189,0,170,1,8,0,237,0,97,0,42,0,19,0,13,0,11,
0,131,253,201,254,217,1,142,0,10,253,189,6,54,253,49,246,252,187,0,169,1,9,0,237,0,96,0,41,0,18,0,12,0,11,
0,131,253,201,254,217,1,128,0,4,253,224,5,54,253,49,246,252,187,0,168,1,9,0,237,0,97,0,42,0,19,0,13,0,11,
0,126,253,3,255,227,1,128,0,4,253,224,5,79,252,174,246,245,190,0,167,1,10,0,236,0,96,0,41,0,19,0,13,0,11,
0,165,253,24,255,232,1,128,0,4,253,224,5,109,252,199,246,154,191,0,166,1,10,0,236,0,96,0,41,0,19,0,13,0,11,
0,162,253,81,255,227,1,128,0,4,253,224,5,192,252,174,246,183,190,0,165,1,11,0,235,0,96,0,41,0,19,0,13,0,11,
0,162,253,81,255,227,1,128,0,4,253,224,5,192,252,126,246,174,190,0,164,1,11,0,235,0,95,0,40,0,17,0,12,0,11,
0,180,253,153,255,215,1,128,0,4,253,224,5,166,252,126,246,174,190,0,163,1,12,0,234,0,95,0,40,0,18,0,13,0,11,
0,211,253,253,255,207,1,128,0,4,253,224,5,140,252,156,246,51,190,0,162,1,12,0,233,0,95,0,41,0,19,0,13,0,11,
0,215,253,35,0,196,1,128,0,4,253,224,5,119,252,37,246,193,189,0,161,1,13,0,232,0,95,0,41,0,19,0,13,0,11,
0,215,253,35,0,196,1,128,0,4,253,224,5,4,252,94,246,230,190,0,160,1,13,0,232,0,95,0,40,0,18,0,13,0,12,
0,209,253,96,0,217,1,128,0,4,253,224,5,4,252,94,246,230,191,0,159,1,13,0,231,0,94,0,40,0,18,0,13,0,11,
0,203,253,164,0,225,1,74,0,245,252,229,5,255,252,74,246,144,191,0,159,1,15,0,231,0,94,0,40,0,17,0,12,0,11,
0,203,253,164,0,237,1,74,0,245,252,229,5,54,253,165,246,203,190,0,158,1,14,0,230,0,94,0,40,0,18,0,13,0,11,
0,181,253,203,0,237,1,74,0,245,252,229,5,5,253,167,246,165,189,0,157,1,15,0,229,0,94,0,40,0,18,0,13,0,11,
0,190,253,34,1,222,1,74,0,245,252,229,5,5,253,235,246,193,190,0,156,1,15,0,229,0,93,0,40,0,18,0,13,0,11,
0,241,253,47,1,211,1,74,0,245,252,229,5,229,252,235,246,193,190,0,156,1,16,0,229,0,92,0,40,0,17,0,12,0,11,
0,241,253,47,1,211,1,74,0,245,252,229,5,35,253,35,247,30,191,0,155,1,16,0,228,0,93,0,40,0,18,0,13,0,11,
0,197,253,71,1,226,1,74,0,245,252,229,5,171,253,219,246,203,190,0,155,1,16,0,228,0,92,0,40,0,18,0,13,0,11,
0,177,253,125,1,233,1,74,0,245,252,229,5,73,253,66,247,65,190,0,155,1,16,0,227,0,92,0,40,0,18,0,13,0,11,
0,180,253,183,1,201,1,74,0,245,252,229,5,73,253,66,247,210,190,0,155,1,16,0,227,0,92,0,39,0,18,0,13,0,11,
0,180,253,183,1,201,1,74,0,245,252,229,5,83,253,21,247,210,190,0,155,1,17,0,227,0,91,0,39,0,17,0,12,0,11,
0,157,253,251,1,211,1,156,0,255,252,80,6,132,253,98,247,124,189,0,154,1,16,0,227,0,91,0,39,0,18,0,13,0,11,
0,204,253,49,2,207,1,156,0,255,252,80,6,2,253,181,247,232,190,0,154,1,17,0,227,0,91,0,39,0,17,0,13,0,11,
0,209,253,81,2,205,1,156,0,255,252,80,6,38,254,231,247,2,193,0,154,1,17,0,227,0,91,0,39,0,17,0,13,0,11,
0,209,253,81,2,205,1,156,0,255,252,80,6,38,254,231,247,2,193,0,154,1,17,0,227,0,91,0,38,0,16,0,12,0,11,
0,186,253,92,2,231,1,156,0,255,252,80,6,85,255,197,247,50,191,0,154,1,17,0,227,0,91,0,39,0,17,0,13,0,11,
0,236,253,141,2,246,1,156,0,255,252,80,6,92,255,203,247,88,189,0,154,1,17,0,227,0,91,0,38,0,17,0,12,0,11,
0,236,253,141,2,252,1,156,0,255,252,80,6,235,254,16,248,152,188,0,154,1,17,0,227,0,91,0,38,0,17,0,13,0,11,
0,12,254,175,2,252,1,156,0,255,252,80,6,235,254,16,248,132,191,0,154,1,17,0,227,0,91,0,39,0,18,0,13,0,11,
0,1,254,193,2,239,1,156,0,255,252,80,6,99,254,223,248,132,191,0,154,1,16,0,228,0,91,0,39,0,17,0,13,0,11,
0,15,254,221,2,245,1,156,0,255,252,80,6,2,0,125,248,136,191,0,155,1,16,0,228,0,91,0,38,0,17,0,12,0,11,
0,15,254,221,2,245,1,156,0,255,252,80,6,119,0,52,248,162,190,0,155,1,16,0,229,0,91,0,38,0,17,0,12,0,11,
0,42,254,228,2,243,1,19,0,9,253,31,5,15,0,124,248,151,189,0,154,1,16,0,230,0,92,0,39,0,18,0,13,0,12,
0,73,254,252,2,235,1,19,0,9,253,31,5,15,0,124,248,151,189,0,155,1,16,0,230,0,92,0,39,0,18,0,13,0,11,
0,40,254,22,3,251,1,19,0,9,253,31,5,191,254,248,248,141,190,0,155,1,15,0,231,0,92,0,39,0,17,0,13,0,11,
0,40,254,22,3,251,1,19,0,9,253,31,5,255,0,33,249,51,192,0,155,1,16,0,232,0,93,0,39,0,18,0,13,0,11,
0,24,254,50,3,5,2,19,0,9,253,31,5,167,1,193,248,175,190,0,155,1,16,0,233,0,92,0,39,0,17,0,12,0,11,
0,67,254,82,3,16,2,19,0,9,253,31,5,167,1,245,248,137,189,0,155,1,15,0,234,0,93,0,39,0,18,0,13,0,11,
0,78,254,82,3,16,2,19,0,9,253,31,5,106,1,245,248,137,189,0,156,1,15,0,235,0,94,0,39,0,18,0,13,0,11,
0,78,254,110,3,16,2,19,0,9,253,31,5,248,0,85,249,120,189,0,156,1,15,0,236,0,94,0,39,0,18,0,13,0,11,
0,116,254,83,3,248,1,19,0,9,253,31,5,74,1,122,249,122,192,0,156,1,14,0,237,0,94,0,39,0,17,0,12,0,11,
0,154,254,67,3,9,2,19,0,9,253,31,5,219,2,251,248,247,191,0,156,1,15,0,239,0,94,0,39,0,17,0,12,0,11,
0,154,254,67,3,33,2,95,0,189,252,148,6,219,2,251,248,125,190,0,156,1,14,0,239,0,95,0,40,0,18,0,13,0,11,
0,172,254,38,3,33,2,95,0,189,252,148,6,130,2,10,249,125,190,0,157,1,14,0,240,0,96,0,40,0,20,0,13,0,11,
0,196,254,43,3,38,2,95,0,189,252,148,6,112,2,66,249,213,189,0,157,1,13,0,241,0,96,0,40,0,19,0,13,0,11,
0,220,254,28,3,17,2,95,0,189,252,148,6,34,2,96,249,148,191,0,157,1,14,0,243,0,96,0,40,0,18,0,12,0,11,
0,220,254,28,3,17,2,95,0,189,252,148,6,34,2,96,249,62,192,0,158,1,14,0,244,0,97,0,40,0,20,0,13,0,11,
0,214,254,13,3,243,1,95,0,189,252,148,6,124,3,96,249,62,192,0,158,1,14,0,244,0,98,0,41,0,19,0,13,0,11,
0,218,254,6,3,246,1,95,0,189,252,148,6,218,2,25,249,198,190,0,158,1,14,0,245,0,98,0,41,0,20,0,13,0,11,
0,218,254,255,2,255,1,95,0,189,252,148,6,82,3,71,249,242,191,0,159,1,13,0,246,0,99,0,41,0,19,0,13,0,11,
0,218,254,255,2,255,1,95,0,189,252,148,6,58,5,1,249,150,191,0,160,1,14,0,247,0,99,0,41,0,19,0,13,0,11,
0,217,254,242,2,241,1,95,0,189,252,148,6,58,5,1,249,84,189,0,160,1,13,0,247,0,99,0,42,0,20,0,14,0,12,
0,249,254,202,2,236,1,9,0,49,253,204,5,68,4,250,248,84,189,0,161,1,13,0,247,0,100,0,42,0,20,0,14,0,12,
0,210,254,202,2,249,1,9,0,49,253,204,5,218,3,92,249,239,191,0,162,1,12,0,248,0,100,0,42,0,20,0,13,0,12,
0,210,254,161,2,249,1,9,0,49,253,204,5,134,4,190,249,53,193,0,163,1,12,0,248,0,101,0,42,0,19,0,13,0,11,
0,235,254,98,2,30,2,9,0,49,253,204,5,11,5,56,249,155,192,0,164,1,12,0,249,0,100,0,42,0,19,0,13,0,11,
0,14,255,45,2,40,2,9,0,49,253,204,5,11,5,56,249,155,192,0,165,1,11,0,249,0,100,0,42,0,19,0,13,0,11,
0,14,255,45,2,18,2,9,0,49,253,204,5,198,5,253,248,53,190,0,165,1,10,0,249,0,101,0,43,0,20,0,13,0,11,
0,6,255,4,2,18,2,9,0,49,253,204,5,167,4,69,249,33,190,0,167,1,10,0,249,0,101,0,43,0,20,0,13,0,11,
0,16,255,242,1,35,2,9,0,49,253,204,5,143,4,220,249,246,192,0,168,1,9,0,249,0,102,0,43,0,20,0,13,0,11,
0,52,255,211,1,16,2,9,0,49,253,204,5,143,4,51,249,29,193,0,169,1,10,0,250,0,101,0,42,0,19,0,13,0,11,
0,52,255,211,1,16,2,9,0,49,253,204,5,173,5,51,249,29,193,0,170,1,9,0,250,0,100,0,37,0,18,0,13,0,11,
0,64,255,183,1,22,2,35,0,240,252,171,6,140,6,243,248,133,190,0,171,1,8,0,249,0,101,0,39,0,19,0,14,0,12,
0,98,255,127,1,30,2,35,0,240,252,171,6,253,5,12,249,185,190,0,172,1,8,0,248,0,101,0,40,0,19,0,13,0,11,
0,154,255,76,1,30,2,35,0,240,252,171,6,51,5,127,249,32,190,0,173,1,8,0,249,0,101,0,40,0,18,0,13,0,11,
0,154,255,76,1,30,2,35,0,240,252,171,6,51,5,127,249,32,190,0,174,1,8,0,248,0,102,0,41,0,19,0,13,0,12,
0,111,255,36,1,32,2,35,0,240,252,171,6,187,5,148,249,84,192,0,175,1,7,0,248,0,101,0,41,0,18,0,13,0,11,
0,96,255,241,0,47,2,35,0,240,252,171,6,67,6,106,249,131,192,0,175,1,6,0,247,0,102,0,42,0,20,0,13,0,12,
0,146,255,241,0,97,2,35,0,240,252,171,6,52,6,33,249,99,190,0,177,1,6,0,246,0,101,0,43,0,20,0,14,0,11,
0,146,255,210,0,97,2,35,0,240,252,171,6,52,6,35,249,233,190,0,178,1,5,0,246,0,101,0,42,0,19,0,13,0,11,
0,162,255,173,0,127,2,35,0,240,252,171,6,202,5,35,249,233,190,0,179,1,4,0,245,0,101,0,43,0,20,0,14,0,12,
0,116,255,152,0,103,2,35,0,240,252,171,6,85,5,29,249,246,190,0,180,1,4,0,244,0,100,0,42,0,19,0,13,0,11,
0,116,255,152,0,119,2,35,0,240,252,171,6,202,5,221,248,163,191,0,181,1,3,0,243,0,100,0,43,0,20,0,14,0,12,
0,85,255,130,0,119,2,80,0,2,253,79,6,213,5,230,248,144,191,0,182,1,2,0,242,0,99,0,42,0,19,0,13,0,11,
0,134,255,72,0,104,2,80,0,2,253,79,6,213,5,230,248,194,191,0,183,1,1,0,241,0,100,0,43,0,20,0,14,0,11,
0,137,255,48,0,123,2,80,0,2,253,79,6,122,5,46,249,194,191,0,184,1,1,0,240,0,99,0,42,0,19,0,13,0,11,
0,137,255,48,0,123,2,80,0,2,253,79,6,29,6,238,248,197,192,0,185,1,0,0,239,0,99,0,42,0,18,0,13,0,11,
0,164,255,35,0,149,2,80,0,2,253,79,6,178,6,102,248,216,191,0,186,0,255,0,238,0,98,0,43,0,18,0,13,0,11,
0,184,255,0,0,152,2,80,0,2,253,79,6,178,6,134,248,224,189,0,187,0,255,0,237,0,97,0,42,0,18,0,13,0,11,
0,194,255,206,255,151,2,80,0,2,253,79,6,171,5,134,248,224,189,0,188,0,254,0,235,0,97,0,42,0,19,0,13,0,11,
0,194,255,206,255,151,2,80,0,2,253,79,6,74,4,43,249,90,192,0,190,0,254,0,235,0,96,0,41,0,18,0,12,0,11,
0,198,255,203,255,121,2,80,0,2,253,79,6,74,5,136,248,250,193,0,191,0,253,0,233,0,96,0,41,0,18,0,13,0,11,
0,189,255,169,255,134,2,80,0,2,253,79,6,4,6,213,247,29,191,0,191,0,252,0,232,0,96,0,41,0,19,0,13,0,11,
0,189,255,169,255,162,2,9,0,31,253,217,5,4,6,213,247,179,190,0,193,0,252,0,231,0,95,0,45,0,19,0,13,0,11,
0,186,255,113,255,162,2,9,0,31,253,217,5,35,5,243,247,179,190,0,194,0,252,0,231,0,94,0,43,0,18,0,12,0,10,
0,180,255,97,255,149,2,9,0,31,253,217,5,182,3,233,247,152,191,0,195,0,251,0,229,0,94,0,43,0,19,0,13,0,11,
0,202,255,75,255,129,2,9,0,31,253,217,5,141,4,10,248,19,194,0,196,0,251,0,230,0,94,0,42,0,18,0,13,0,11,
0,202,255,75,255,118,2,9,0,31,253,217,5,8,5,144,247,111,192,0,197,0,250,0,228,0,94,0,42,0,19,0,13,0,11,
0,208,255,76,255,118,2,9,0,31,253,217,5,8,5,144,247,111,192,0,198,0,250,0,228,0,93,0,41,0,18,0,13,0,12,
0,223,255,85,255,120,2,9,0,31,253,217,5,35,5,130,247,149,191,0,200,0,249,0,227,0,93,0,41,0,19,0,13,0,11,
0,240,255,84,255,110,2,9,0,31,253,217,5,114,4,73,247,30,190,0,200,0,248,0,225,0,93,0,40,0,19,0,13,0,11,
0,240,255,84,255,110,2,9,0,31,253,217,5,49,3,218,247,26,191,0,202,0,248,0,224,0,91,0,40,0,18,0,13,0,11,
0,242,255,68,255,108,2,9,0,31,253,217,5,49,3,116,247,39,193,0,203,0,247,0,223,0,91,0,40,0,20,0,13,0,12,
0,224,255,38,255,108,2,61,0,1,253,210,6,189,3,116,247,39,193,0,204,0,247,0,224,0,91,0,40,0,18,0,13,0,12,
0,243,255,21,255,78,2,61,0,1,253,210,6,52,4,54,247,200,191,0,203,0,246,0,224,0,91,0,40,0,18,0,13,0,11,
0,243,255,21,255,78,2,61,0,1,253,210,6,251,3,253,246,130,191,0,204,0,247,0,224,0,90,0,39,0,17,0,12,0,11,
0,14,0,27,255,57,2,61,0,1,253,210,6,102,3,209,246,118,191,0,206,0,246,0,223,0,90,0,38,0,19,0,13,0,11,
0,245,255,31,255,55,2,61,0,1,253,210,6,102,3,209,246,118,192,0,206,0,245,0,220,0,90,0,39,0,20,0,13,0,11,
0,245,255,31,255,51,2,61,0,1,253,210,6,222,2,26,247,119,192,0,208,0,245,0,218,0,89,0,38,0,19,0,13,0,11,
0,179,255,45,255,51,2,61,0,1,253,210,6,130,3,29,247,168,191,0,209,0,244,0,218,0,88,0,37,0,17,0,13,0,11,
0,181,255,53,255,29,2,61,0,1,253,210,6,26,3,58,247,58,192,0,209,0,243,0,218,0,89,0,38,0,19,0,13,0,11,
0,229,255,67,255,1,2,61,0,1,253,210,6,26,3,146,246,211,190,0,209,0,243,0,220,0,88,0,37,0,17,0,12,0,10,
0,229,255,67,255,11,2,61,0,1,253,210,6,98,3,146,246,211,190,0,209,0,243,0,220,0,88,0,37,0,18,0,13,0,11,
0,243,255,19,255,11,2,105,0,225,252,128,6,53,3,243,246,83,191,0,210,0,243,0,219,0,87,0,37,0,18,0,13,0,11,
0,248,255,29,255,18,2,105,0,225,252,128,6,228,2,210,246,119,191,0,211,0,243,0,217,0,87,0,37,0,17,0,12,0,11,
0,222,255,42,255,233,1,105,0,225,252,128,6,39,2,46,247,120,192,0,211,0,242,0,215,0,87,0,37,0,18,0,13,0,11,
0,222,255,42,255,233,1,105,0,225,252,128,6,39,2,46,247,91,193,0,213,0,241,0,214,0,86,0,36,0,17,0,12,0,11,
0,231,255,35,255,216,1,105,0,225,252,128,6,148,2,69,247,91,193,0,213,0,240,0,215,0,87,0,37,0,18,0,13,0,11,
0,226,255,26,255,211,1,105,0,225,252,128,6,12,3,3,247,43,192,0,213,0,241,0,216,0,86,0,36,0,17,0,12,0,11,
0,216,255,32,255,210,1,105,0,225,252,128,6,142,2,134,246,200,189,0,212,0,241,0,216,0,87,0,37,0,18,0,13,0,11,
0,216,255,32,255,210,1,105,0,225,252,128,6,142,1,234,246,122,190,0,213,0,242,0,216,0,86,0,36,0,17,0,13,0,11,
0,224,255,33,255,215,1,105,0,225,252,128,6,196,1,234,246,122,190,0,214,0,241,0,214,0,86,0,37,0,18,0,13,0,11,
0,225,255,70,255,230,1,105,0,225,252,128,6,18,2,162,247,104,193,0,215,0,240,0,212,0,86,0,37,0,18,0,13,0,11,
0,225,255,70,255,191,1,105,0,225,252,128,6,92,3,55,247,141,193,0,215,0,239,0,212,0,85,0,36,0,18,0,13,0,11,
0,209,255,97,255,191,1,6,0,44,253,148,6,255,2,230,246,58,191,0,215,0,239,0,213,0,85,0,36,0,17,0,12,0,11,
0,212,255,107,255,143,1,6,0,44,253,148,6,255,2,230,246,251,189,0,214,0,239,0,213,0,86,0,36,0,18,0,13,0,11,
0,210,255,129,255,115,1,6,0,44,253,148,6,33,2,88,247,251,189,0,215,0,240,0,214,0,85,0,36,0,17,0,12,0,11,
0,210,255,129,255,115,1,6,0,44,253,148,6,218,1,21,248,137,192,0,215,0,240,0,212,0,85,0,36,0,18,0,13,0,11,
0,234,255,130,255,90,1,6,0,44,253,148,6,24,3,254,247,171,193,0,215,0,239,0,211,0,85,0,35,0,17,0,12,0,11,
0,5,0,183,255,93,1,6,0,44,253,148,6,15,3,23,247,91,191,0,215,0,239,0,210,0,84,0,35,0,17,0,12,0,11,
0,7,0,212,255,97,1,6,0,44,253,148,6,15,3,23,247,91,191,0,215,0,239,0,211,0,84,0,35,0,16,0,12,0,11,
0,7,0,212,255,97,1,6,0,44,253,148,6,80,2,88,247,50,190,0,215,0,239,0,212,0,84,0,35,0,17,0,12,0,11,
0,247,255,182,255,55,1,6,0,44,253,148,6,120,1,47,248,101,192,0,215,0,239,0,212,0,84,0,35,0,17,0,13,0,11,
0,255,255,198,255,53,1,6,0,44,253,148,6,204,2,229,247,189,193,0,215,0,239,0,212,0,84,0,35,0,17,0,13,0,11,
0,10,0,243,255,31,1,86,0,2,253,67,6,204,2,154,247,24,193,0,215,0,239,0,211,0,84,0,35,0,17,0,12,0,11,
0,10,0,243,255,31,1,86,0,2,253,67,6,151,3,154,247,24,193,0,216,0,239,0,211,0,83,0,35,0,16,0,12,0,11,
0,239,255,19,0,24,1,86,0,2,253,67,6,50,3,195,247,198,189,0,215,0,239,0,212,0,84,0,35,0,17,0,12,0,11,
0,194,255,16,0,244,0,86,0,2,253,67,6,118,2,103,248,249,190,0,215,0,239,0,212,0,84,0,36,0,18,0,13,0,11,
0,194,255,16,0,234,0,86,0,2,253,67,6,218,2,184,248,49,193,0,215,0,240,0,213,0,84,0,35,0,18,0,13,0,11,
0,176,255,40,0,234,0,86,0,2,253,67,6,218,2,184,248,231,192,0,215,0,240,0,212,0,84,0,36,0,17,0,13,0,11,
0,187,255,45,0,238,0,86,0,2,253,67,6,180,3,144,248,231,192,0,215,0,241,0,212,0,85,0,36,0,18,0,13,0,11,
0,193,255,28,0,222,0,86,0,2,253,67,6,233,3,43,248,3,191,0,215,0,241,0,211,0,84,0,35,0,17,0,12,0,11,
0,193,255,28,0,222,0,86,0,2,253,67,6,231,2,70,248,242,190,0,215,0,240,0,210,0,84,0,36,0,18,0,13,0,12,
0,183,255,40,0,213,0,86,0,2,253,67,6,231,2,211,248,206,192,0,215,0,240,0,211,0,84,0,35,0,17,0,13,0,11,
0,190,255,31,0,231,0,31,0,50,253,184,5,9,3,211,248,206,192,0,214,0,241,0,211,0,84,0,36,0,17,0,12,0,11,
0,202,255,60,0,207,0,31,0,50,253,184,5,94,3,157,248,15,193,0,214,0,241,0,211,0,83,0,35,0,17,0,12,0,11,
0,202,255,60,0,207,0,31,0,50,253,184,5,62,4,143,248,252,190,0,213,0,241,0,210,0,84,0,35,0,18,0,12,0,11,
0,197,255,79,0,190,0,31,0,50,253,184,5,55,3,139,248,171,189,0,214,0,241,0,210,0,84,0,35,0,17,0,13,0,11,
0,167,255,53,0,201,0,31,0,50,253,184,5,55,3,139,248,23,192,0,213,0,242,0,209,0,83,0,35,0,17,0,13,0,11,
0,199,255,57,0,191,0,31,0,50,253,184,5,99,3,150,249,23,192,0,213,0,242,0,209,0,83,0,35,0,16,0,12,0,11,
0,199,255,57,0,191,0,31,0,50,253,184,5,172,3,100,249,45,192,0,213,0,242,0,208,0,83,0,35,0,17,0,12,0,11,
0,181,255,59,0,195,0,31,0,50,253,184,5,177,3,35,249,205,191,0,213,0,242,0,209,0,82,0,34,0,16,0,12,0,10,
0,207,255,49,0,164,0,31,0,50,253,184,5,77,4,39,249,168,190,0,212,0,242,0,208,0,83,0,35,0,17,0,12,0,11,
0,207,255,49,0,171,0,31,0,50,253,184,5,77,4,39,249,168,190,0,212,0,242,0,208,0,82,0,35,0,17,0,12,0,11,
0,215,255,59,0,171,0,46,0,24,253,225,6,124,3,132,249,213,190,0,211,0,242,0,208,0,82,0,35,0,17,0,12,0,11,
0,189,255,54,0,185,0,46,0,24,253,225,6,243,3,79,249,245,191,0,212,0,243,0,209,0,82,0,34,0,16,0,12,0,10,
0,213,255,46,0,169,0,46,0,24,253,225,6,255,3,132,249,25,192,0,211,0,242,0,208,0,83,0,35,0,17,0,13,0,11,
0,213,255,46,0,169,0,46,0,24,253,225,6,255,3,132,249,99,191,0,211,0,242,0,208,0,82,0,35,0,17,0,13,0,11,
0,4,0,53,0,166,0,46,0,24,253,225,6,106,4,114,249,99,191,0,210,0,242,0,208,0,82,0,35,0,17,0,13,0,11,
0,0,0,60,0,163,0,46,0,24,253,225,6,104,4,104,249,244,189,0,209,0,242,0,208,0,83,0,35,0,17,0,13,0,11,
0,164,255,19,0,156,0,46,0,24,253,225,6,40,4,67,249,146,190,0,210,0,243,0,209,0,81,0,29,0,16,0,13,0,11,
0,164,255,19,0,156,0,46,0,24,253,225,6,129,3,69,249,21,191,0,209,0,243,0,209,0,82,0,31,0,17,0,13,0,12,
0,149,255,7,0,151,0,46,0,24,253,225,6,129,3,69,249,21,191,0,209,0,243,0,209,0,82,0,32,0,16,0,13,0,12,
0,151,255,252,255,136,0,46,0,24,253,225,6,224,4,111,249,102,191,0,209,0,243,0,209,0,82,0,32,0,16,0,13,0,11,
0,144,255,245,255,127,0,46,0,16,253,163,6,104,4,107,249,235,189,0,208,0,243,0,209,0,83,0,33,0,16,0,12,0,11,
0,144,255,245,255,127,0,120,0,16,253,163,6,168,4,75,249,0,191,0,208,0,243,0,210,0,82,0,33,0,16,0,12,0,11,
0,138,255,208,255,120,0,120,0,16,253,163,6,168,4,106,249,88,190,0,208,0,243,0,210,0,82,0,33,0,16,0,12,0,11,
0,128,255,203,255,120,0,120,0,16,253,163,6,208,3,106,249,88,190,0,207,0,242,0,210,0,83,0,34,0,17,0,13,0,11,
0,128,255,203,255,146,0,120,0,16,253,163,6,251,3,130,249,59,191,0,207,0,242,0,210,0,83,0,34,0,17,0,12,0,11,
0,133,255,190,255,146,0,120,0,16,253,163,6,98,4,115,249,52,191,0,206,0,242,0,211,0,83,0,34,0,17,0,12,0,11,
0,113,255,200,255,140,0,120,0,16,253,163,6,251,4,235,248,84,190,0,206,0,243,0,211,0,82,0,34,0,16,0,12,0,11,
0,142,255,227,255,131,0,120,0,16,253,163,6,251,4,235,248,42,189,0,206,0,242,0,211,0,83,0,34,0,16,0,12,0,10,
0,142,255,227,255,131,0,120,0,16,253,163,6,34,4,2,249,42,189,0,205,0,242,0,211,0,83,0,35,0,17,0,13,0,11,
0,182,255,208,255,116,0,120,0,16,253,163,6,20,3,114,249,164,191,0,204,0,242,0,212,0,83,0,35,0,17,0,12,0,11,
0,190,255,182,255,129,0,120,0,16,253,163,6,139,4,9,249,218,191,0,204,0,241,0,212,0,83,0,35,0,17,0,12,0,10,
0,155,255,166,255,144,0,39,0,19,253,251,5,139,4,147,248,75,191,0,204,0,242,0,213,0,83,0,34,0,16,0,12,0,11,
0,155,255,166,255,144,0,39,0,19,253,251,5,242,4,147,248,75,191,0,203,0,242,0,213,0,83,0,35,0,16,0,12,0,11,
0,130,255,191,255,155,0,39,0,19,253,251,5,235,3,112,248,200,188,0,203,0,241,0,213,0,84,0,35,0,17,0,13,0,11,
0,117,255,187,255,146,0,39,0,19,253,251,5,206,2,183,248,156,190,0,202,0,241,0,213,0,84,0,35,0,17,0,13,0,11,
0,127,255,157,255,117,0,39,0,19,253,251,5,83,3,151,248,131,192,0,201,0,241,0,213,0,84,0,35,0,17,0,12,0,11,
0,127,255,157,255,117,0,39,0,19,253,251,5,83,3,151,248,188,191,0,201,0,241,0,214,0,84,0,35,0,17,0,12,0,11,
0,124,255,163,255,127,0,39,0,19,253,251,5,147,4,51,248,188,191,0,201,0,240,0,213,0,85,0,36,0,17,0,13,0,11,
0,135,255,184,255,122,0,39,0,19,253,251,5,159,3,134,247,234,188,0,200,0,240,0,214,0,85,0,40,0,18,0,12,0,11,
0,135,255,184,255,148,0,39,0,19,253,251,5,78,2,153,247,244,189,0,200,0,241,0,214,0,84,0,39,0,18,0,12,0,11,
0,148,255,167,255,148,0,39,0,19,253,251,5,191,2,42,248,242,192,0,199,0,240,0,214,0,85,0,38,0,18,0,12,0,10,
0,135,255,120,255,148,0,36,0,1,253,32,6,191,2,42,248,242,192,0,199,0,240,0,214,0,85,0,38,0,18,0,13,0,11,
0,122,255,133,255,131,0,36,0,1,253,32,6,163,3,189,247,249,192,0,199,0,240,0,214,0,84,0,36,0,17,0,12,0,11,
0,122,255,133,255,131,0,36,0,1,253,32,6,51,4,11,247,175,189,0,198,0,239,0,214,0,85,0,37,0,18,0,13,0,11,
0,108,255,170,255,130,0,36,0,1,253,32,6,12,2,94,247,223,189,0,197,0,239,0,214,0,85,0,36,0,18,0,13,0,11,
0,102,255,176,255,122,0,36,0,1,253,32,6,12,2,220,247,95,193,0,197,0,239,0,214,0,85,0,36,0,18,0,13,0,11,
0,105,255,201,255,108,0,36,0,1,253,32,6,43,2,220,247,95,193,0,196,0,239,0,213,0,85,0,36,0,17,0,13,0,11,
0,105,255,201,255,108,0,36,0,1,253,32,6,95,3,46,247,87,192,0,196,0,239,0,213,0,84,0,35,0,16,0,12,0,10,
0,95,255,188,255,129,0,36,0,1,253,32,6,204,2,180,246,187,188,0,196,0,238,0,213,0,84,0,36,0,17,0,13,0,11,
0,94,255,196,255,120,0,36,0,1,253,32,6,114,1,59,247,149,190,0,195,0,238,0,212,0,84,0,36,0,17,0,12,0,11,
0,71,255,196,255,115,0,36,0,1,253,32,6,114,1,59,247,149,194,0,195,0,238,0,212,0,84,0,35,0,17,0,13,0,11,
0,71,255,160,255,115,0,65,0,46,253,10,6,105,2,145,247,10,194,0,195,0,238,0,212,0,84,0,36,0,17,0,12,0,11,
0,70,255,149,255,106,0,65,0,46,253,10,6,244,2,234,246,105,192,0,195,0,238,0,212,0,84,0,35,0,16,0,12,0,11,
0,248,254,169,255,104,0,65,0,46,253,10,6,73,2,134,246,146,189,0,194,0,238,0,211,0,84,0,36,0,17,0,12,0,11,
0,248,254,169,255,103,0,65,0,46,253,10,6,73,2,215,246,147,190,0,194,0,237,0,211,0,84,0,36,0,17,0,13,0,11,
0,222,254,187,255,103,0,65,0,46,253,10,6,139,1,215,246,147,190,0,194,0,237,0,210,0,84,0,35,0,17,0,13,0,11,
0,218,254,198,255,110,0,65,0,46,253,10,6,213,1,90,247,230,193,0,194,0,237,0,210,0,83,0,35,0,17,0,12,0,11,
0,214,254,195,255,103,0,65,0,46,253,10,6,237,2,222,246,25,192,0,194,0,237,0,210,0,83,0,35,0,17,0,12,0,11,
0,214,254,195,255,103,0,65,0,46,253,10,6,103,2,179,246,105,189,0,193,0,237,0,209,0,84,0,35,0,17,0,13,0,11,
0,237,254,184,255,137,0,65,0,46,253,10,6,103,2,179,246,82,190,0,193,0,237,0,209,0,83,0,35,0,17,0,13,0,11,
0,231,254,197,255,135,0,65,0,46,253,10,6,252,0,221,246,82,190,0,193,0,237,0,208,0,83,0,35,0,17,0,12,0,11,
0,197,254,184,255,120,0,25,0,248,252,145,6,92,1,207,247,149,193,0,193,0,237,0,208,0,82,0,35,0,17,0,12,0,11,
0,197,254,184,255,120,0,25,0,248,252,145,6,75,2,69,247,116,192,0,193,0,236,0,208,0,83,0,35,0,17,0,13,0,11,
0,152,254,171,255,75,0,25,0,248,252,145,6,37,2,137,246,139,188,0,193,0,236,0,207,0,82,0,35,0,16,0,12,0,11,
0,173,254,214,255,69,0,25,0,248,252,145,6,37,2,137,246,139,188,0,193,0,236,0,207,0,82,0,35,0,16,0,12,0,11,
0,205,254,214,255,80,0,25,0,248,252,145,6,91,0,176,247,217,190,0,193,0,236,0,207,0,82,0,34,0,16,0,12,0,11,
0,205,254,224,255,80,0,25,0,248,252,145,6,178,1,177,247,26,193,0,193,0,237,0,207,0,81,0,34,0,15,0,12,0,10,
0,166,254,207,255,90,0,25,0,248,252,145,6,220,2,108,247,93,191,0,193,0,236,0,206,0,81,0,35,0,16,0,12,0,11,
0,161,254,220,255,80,0,25,0,248,252,145,6,220,2,108,247,255,187,0,193,0,236,0,206,0,81,0,34,0,16,0,12,0,11,
0,161,254,220,255,60,0,25,0,248,252,145,6,22,2,117,247,255,187,0,193,0,236,0,206,0,81,0,33,0,16,0,12,0,11,
0,169,254,215,255,60,0,25,0,248,252,145,6,140,0,115,248,240,190,0,193,0,236,0,206,0,81,0,34,0,15,0,11,0,10,
0,138,254,208,255,63,0,25,0,248,252,145,6,123,2,33,248,235,192,0,193,0,235,0,206,0,81,0,34,0,16,0,12,0,11,
0,104,254,229,255,61,0,85,0,34,253,242,5,194,2,223,247,230,189,0,193,0,236,0,206,0,81,0,34,0,16,0,12,0,11,
0,104,254,229,255,61,0,85,0,34,253,242,5,194,2,223,247,230,189,0,193,0,235,0,206,0,81,0,34,0,16,0,12,0,11,
0,63,254,251,255,68,0,85,0,34,253,242,5,132,1,114,248,81,189,0,192,0,235,0,206,0,81,0,34,0,16,0,12,0,11,
0,146,254,244,255,52,0,85,0,34,253,242,5,178,1,22,249,105,192,0,192,0,235,0,206,0,81,0,34,0,16,0,12,0,11,
0,150,254,216,255,21,0,85,0,34,253,242,5,98,2,92,248,138,188,0,192,0,236,0,207,0,81,0,34,0,16,0,13,0,12,
0,150,254,216,255,21,0,85,0,34,253,242,5,98,2,48,249,115,189,0,192,0,235,0,207,0,81,0,34,0,16,0,12,0,11,
0,135,254,211,255,23,0,85,0,34,253,242,5,205,1,48,249,115,189,0,192,0,235,0,207,0,81,0,35,0,16,0,13,0,12,
0,111,254,222,255,8,0,85,0,34,253,242,5,27,2,59,249,238,190,0,191,0,235,0,207,0,82,0,34,0,16,0,13,0,11,
0,125,254,222,255,252,255,85,0,34,253,242,5,125,2,24,249,104,189,0,191,0,235,0,208,0,82,0,34,0,18,0,13,0,11,
0,125,254,3,0,252,255,85,0,34,253,242,5,23,2,102,249,58,189,0,191,0,236,0,209,0,81,0,34,0,17,0,12,0,11,
0,141,254,13,0,234,255,74,0,39,253,78,6,23,2,102,249,230,189,0,190,0,236,0,209,0,82,0,35,0,17,0,13,0,11,
0,169,254,215,255,204,255,74,0,39,253,78,6,42,2,84,249,230,189,0,190,0,236,0,209,0,82,0,35,0,17,0,13,0,11,
0,169,254,215,255,200,255,74,0,39,253,78,6,139,2,191,249,218,190,0,190,0,236,0,210,0,82,0,35,0,17,0,12,0,11,
0,168,254,222,255,200,255,74,0,39,253,78,6,134,2,146,249,89,189,0,189,0,237,0,211,0,83,0,34,0,17,0,12,0,11,
0,202,254,241,255,215,255,74,0,39,253,78,6,134,2,174,249,181,188,0,189,0,237,0,212,0,82,0,34,0,16,0,12,0,10,
0,209,254,254,255,242,255,74,0,39,253,78,6,50,2,174,249,181,188,0,189,0,238,0,212,0,83,0,35,0,17,0,12,0,11,
0,209,254,254,255,242,255,74,0,39,253,78,6,249,1,2,250,120,190,0,188,0,238,0,213,0,83,0,35,0,17,0,12,0,11,
0,203,254,3,0,253,255,74,0,39,253,78,6,147,3,227,249,38,189,0,188,0,238,0,214,0,84,0,35,0,17,0,12,0,11,
0,183,254,28,0,246,255,74,0,39,253,78,6,211,1,205,249,7,188,0,188,0,239,0,215,0,84,0,35,0,17,0,12,0,11,
0,185,254,57,0,236,255,74,0,39,253,78,6,211,1,205,249,14,191,0,188,0,239,0,216,0,84,0,35,0,16,0,12,0,11,
0,185,254,57,0,236,255,46,0,243,252,191,6,252,1,127,250,14,191,0,187,0,239,0,216,0,84,0,35,0,16,0,12,0,11,
0,231,254,87,0,246,255,46,0,243,252,191,6,40,3,85,250,94,191,0,187,0,239,0,217,0,85,0,35,0,17,0,13,0,11,
0,218,254,94,0,249,255,46,0,243,252,191,6,163,3,171,249,77,188,0,187,0,240,0,217,0,86,0,36,0,18,0,13,0,11,
0,218,254,94,0,18,0,46,0,243,252,191,6,75,1,113,250,60,188,0,187,0,241,0,219,0,85,0,36,0,18,0,13,0,11,
0,202,254,85,0,18,0,46,0,243,252,191,6,75,1,113,250,60,188,0,186,0,240,0,219,0,86,0,36,0,18,0,13,0,12,
0,226,254,95,0,16,0,46,0,243,252,191,6,85,3,134,250,4,193,0,186,0,241,0,220,0,86,0,36,0,17,0,12,0,11,
0,238,254,99,0,246,255,46,0,243,252,191,6,254,3,107,249,238,187,0,186,0,241,0,221,0,87,0,36,0,18,0,13,0,11,
0,238,254,99,0,247,255,46,0,243,252,191,6,130,1,105,250,166,189,0,185,0,242,0,222,0,87,0,36,0,18,0,13,0,11,
0,240,254,98,0,247,255,46,0,243,252,191,6,130,1,51,250,137,192,0,185,0,242,0,223,0,88,0,36,0,17,0,12,0,11,
0,230,254,120,0,255,255,46,0,243,252,191,6,224,2,51,250,137,192,0,185,0,243,0,224,0,87,0,36,0,16,0,12,0,11,
0,208,254,80,0,227,255,47,0,241,252,19,6,68,3,72,249,251,187,0,185,0,244,0,224,0,88,0,36,0,16,0,12,0,11,
0,208,254,80,0,227,255,47,0,241,252,19,6,120,2,132,249,47,190,0,185,0,243,0,225,0,89,0,37,0,17,0,12,0,11,
0,232,254,92,0,178,255,47,0,241,252,19,6,109,2,255,249,118,190,0,185,0,244,0,226,0,89,0,37,0,17,0,12,0,11,
0,4,255,108,0,188,255,47,0,241,252,19,6,109,2,255,249,118,191,0,184,0,244,0,226,0,89,0,32,0,16,0,12,0,11,
0,6,255,90,0,214,255,47,0,241,252,19,6,251,3,163,249,91,191,0,184,0,245,0,227,0,89,0,33,0,15,0,12,0,11,
0,6,255,90,0,214,255,47,0,241,252,19,6,180,2,124,249,146,188,0,184,0,245,0,227,0,90,0,35,0,16,0,12,0,11,
0,226,254,100,0,237,255,47,0,241,252,19,6,225,2,146,249,120,191,0,184,0,245,0,227,0,90,0,35,0,16,0,12,0,11,
0,245,254,121,0,231,255,47,0,241,252,19,6,225,2,243,248,205,189,0,183,0,246,0,228,0,90,0,36,0,16,0,12,0,11,
0,245,254,121,0,221,255,47,0,241,252,19,6,48,4,243,248,205,189,0,183,0,246,0,228,0,90,0,36,0,16,0,12,0,11,
0,59,255,117,0,221,255,47,0,241,252,19,6,78,2,74,249,64,189,0,183,0,246,0,229,0,91,0,37,0,17,0,13,0,11,
0,31,255,127,0,7,0,47,0,241,252,19,6,80,3,119,249,80,193,0,183,0,246,0,230,0,91,0,37,0,16,0,12,0,11,
0,5,255,110,0,16,0,31,0,9,253,222,5,78,4,171,248,131,189,0,183,0,247,0,230,0,91,0,38,0,17,0,13,0,11,
0,5,255,110,0,234,255,31,0,9,253,222,5,78,4,171,248,251,188,0,183,0,247,0,230,0,91,0,38,0,17,0,12,0,11,
0,240,254,123,0,234,255,31,0,9,253,222,5,243,1,143,248,251,188,0,182,0,247,0,230,0,92,0,38,0,17,0,13,0,11,
0,245,254,135,0,234,255,31,0,9,253,222,5,93,2,83,249,89,193,0,182,0,247,0,230,0,92,0,39,0,18,0,13,0,12,
0,23,255,118,0,224,255,31,0,9,253,222,5,105,4,96,248,170,191,0,182,0,247,0,231,0,92,0,38,0,17,0,12,0,11,
0,23,255,118,0,224,255,31,0,9,253,222,5,71,3,30,248,235,187,0,181,0,247,0,230,0,92,0,39,0,18,0,13,0,12,
0,242,254,115,0,4,0,31,0,9,253,222,5,71,3,30,248,235,187,0,181,0,247,0,230,0,92,0,39,0,18,0,13,0,11,
0,206,254,99,0,37,0,31,0,9,253,222,5,231,1,230,248,9,192,0,181,0,247,0,231,0,92,0,39,0,17,0,12,0,11,
0,185,254,106,0,30,0,31,0,9,253,222,5,240,3,75,248,222,191,0,181,0,247,0,230,0,92,0,39,0,18,0,13,0,11,
0,185,254,106,0,30,0,31,0,9,253,222,5,27,3,224,247,140,188,0,181,0,248,0,230,0,92,0,39,0,17,0,12,0,11,
0,179,254,93,0,15,0,51,0,180,252,179,6,27,3,224,247,140,191,0,180,0,247,0,229,0,92,0,39,0,18,0,13,0,11,
0,212,254,90,0,254,255,51,0,180,252,179,6,174,2,239,247,140,191,0,180,0,247,0,229,0,92,0,39,0,17,0,13,0,11,
0,212,254,90,0,12,0,51,0,180,252,179,6,79,3,254,247,144,191,0,180,0,247,0,228,0,92,0,39,0,17,0,13,0,11,
0,24,255,97,0,12,0,51,0,180,252,179,6,84,3,162,247,246,188,0,181,0,247,0,228,0,92,0,43,0,18,0,13,0,11,
0,245,254,87,0,24,0,51,0,180,252,179,6,55,2,247,247,109,191,0,181,0,247,0,228,0,92,0,41,0,17,0,12,0,10,
0,204,254,75,0,79,0,51,0,180,252,179,6,55,2,247,247,109,191,0,180,0,246,0,227,0,92,0,41,0,19,0,12,0,11,
0,204,254,75,0,79,0,51,0,180,252,179,6,3,3,184,247,33,191,0,181,0,246,0,227,0,92,0,41,0,18,0,13,0,11,
0,194,254,69,0,96,0,51,0,180,252,179,6,143,3,107,247,36,190,0,180,0,246,0,226,0,91,0,40,0,18,0,13,0,11,
0,163,254,62,0,88,0,51,0,180,252,179,6,116,2,253,247,179,190,0,181,0,247,0,226,0,91,0,40,0,17,0,12,0,11,
0,109,254,55,0,100,0,51,0,180,252,179,6,116,2,62,248,249,192,0,181,0,246,0,225,0,91,0,40,0,18,0,13,0,11,
0,109,254,55,0,100,0,3,0,3,253,200,5,63,3,62,248,249,192,0,181,0,246,0,224,0,91,0,40,0,18,0,13,0,11,
0,125,254,20,0,42,0,3,0,3,253,200,5,107,3,169,247,204,189,0,181,0,246,0,224,0,91,0,40,0,18,0,13,0,11,
0,129,254,17,0,20,0,3,0,3,253,200,5,139,2,18,248,184,190,0,181,0,245,0,223,0,90,0,39,0,19,0,13,0,11,
0,90,254,8,0,25,0,3,0,3,253,200,5,203,2,98,248,70,190,0,182,0,246,0,222,0,90,0,38,0,19,0,13,0,11,
0,90,254,8,0,25,0,3,0,3,253,200,5,203,2,98,248,126,191,0,181,0,245,0,221,0,90,0,39,0,19,0,14,0,12,
0,108,254,239,255,26,0,3,0,3,253,200,5,69,2,61,248,126,191,0,182,0,245,0,221,0,89,0,38,0,19,0,13,0,12,
0,157,254,243,255,34,0,3,0,3,253,200,5,154,2,251,247,15,191,0,182,0,245,0,220,0,89,0,38,0,19,0,13,0,11,
0,157,254,243,255,41,0,3,0,3,253,200,5,205,2,209,247,121,189,0,182,0,245,0,219,0,89,0,38,0,18,0,13,0,11,
0,115,254,9,0,41,0,3,0,3,253,200,5,205,2,94,248,36,189,0,182,0,245,0,219,0,88,0,37,0,17,0,13,0,11,
0,77,254,17,0,50,0,3,0,3,253,200,5,32,2,94,248,36,189,0,182,0,244,0,218,0,88,0,38,0,18,0,13,0,11,
0,79,254,10,0,31,0,246,255,46,253,139,5,193,2,237,248,133,191,0,182,0,244,0,217,0,88,0,38,0,18,0,13,0,11,
0,79,254,10,0,31,0,246,255,46,253,139,5,34,3,250,247,79,189,0,182,0,244,0,217,0,87,0,37,0,18,0,13,0,11,
0,168,254,251,255,20,0,246,255,46,253,139,5,154,2,67,248,186,188,0,183,0,244,0,216,0,87,0,37,0,17,0,13,0,11,
0,110,254,252,255,33,0,246,255,46,253,139,5,154,2,67,248,192,191,0,183,0,244,0,216,0,86,0,36,0,17,0,12,0,11,
0,44,254,247,255,42,0,246,255,46,253,139,5,78,1,53,249,192,191,0,183,0,244,0,215,0,86,0,36,0,17,0,12,0,11,
0,44,254,247,255,42,0,246,255,46,253,139,5,247,3,1,248,93,189,0,183,0,243,0,214,0,86,0,37,0,18,0,13,0,11,
0,62,254,242,255,35,0,246,255,46,253,139,5,139,1,96,248,154,187,0,183,0,243,0,214,0,86,0,36,0,18,0,13,0,11,
0,113,254,239,255,27,0,246,255,46,253,139,5,249,1,109,249,58,192,0,183,0,243,0,213,0,85,0,36,0,17,0,12,0,11,
0,140,254,250,255,12,0,246,255,46,253,139,5,249,1,109,249,58,192,0,183,0,244,0,213,0,85,0,36,0,17,0,12,0,11,
0,140,254,250,255,12,0,246,255,46,253,139,5,85,3,105,248,174,189,0,184,0,243,0,213,0,85,0,36,0,17,0,12,0,11,
0,141,254,233,255,32,0,246,255,198,252,153,5,16,2,180,248,48,188,0,183,0,243,0,212,0,85,0,36,0,18,0,13,0,11,
0,140,254,230,255,9,0,87,0,198,252,153,5,131,1,67,249,135,189,0,183,0,243,0,212,0,85,0,36,0,18,0,13,0,11,
0,140,254,230,255,248,255,87,0,198,252,153,5,131,1,94,249,208,191,0,183,0,243,0,212,0,84,0,36,0,17,0,12,0,11,
0,125,254,226,255,248,255,87,0,198,252,153,5,89,2,94,249,208,191,0,183,0,243,0,212,0,85,0,36,0,18,0,13,0,12,
0,138,254,227,255,234,255,87,0,198,252,153,5,110,2,118,248,126,188,0,184,0,244,0,212,0,84,0,36,0,17,0,12,0,11,
0,145,254,204,255,230,255,87,0,198,252,153,5,16,1,90,249,51,189,0,183,0,243,0,212,0,85,0,36,0,18,0,13,0,11,
0,145,254,204,255,230,255,87,0,198,252,153,5,51,2,79,249,33,190,0,184,0,243,0,212,0,84,0,36,0,18,0,13,0,11,
0,159,254,205,255,248,255,87,0,198,252,153,5,51,2,79,249,86,188,0,183,0,243,0,212,0,84,0,36,0,17,0,12,0,11,
0,162,254,199,255,234,255,87,0,198,252,153,5,197,1,16,249,86,188,0,184,0,243,0,213,0,84,0,36,0,17,0,13,0,11,
0,138,254,200,255,215,255,87,0,198,252,153,5,30,1,105,249,200,189,0,184,0,244,0,214,0,84,0,35,0,17,0,12,0,10,
0,138,254,200,255,215,255,87,0,198,252,153,5,255,1,120,249,172,190,0,183,0,244,0,214,0,84,0,36,0,18,0,13,0,11,
0,151,254,194,255,205,255,238,255,53,253,184,5,255,1,255,248,172,189,0,183,0,244,0,214,0,85,0,36,0,17,0,13,0,11,
0,195,254,201,255,172,255,238,255,53,253,184,5,56,2,255,248,172,189,0,183,0,244,0,214,0,85,0,35,0,17,0,12,0,11,
0,192,254,236,255,193,255,238,255,53,253,184,5,119,1,250,248,245,188,0,183,0,244,0,215,0,85,0,36,0,17,0,13,0,11,
0,192,254,236,255,193,255,238,255,53,253,184,5,250,0,106,249,160,190,0,183,0,244,0,216,0,85,0,35,0,16,0,12,0,10,
0,173,254,246,255,199,255,238,255,53,253,184,5,87,2,77,249,140,190,0,183,0,244,0,216,0,85,0,36,0,17,0,13,0,11,
0,159,254,15,0,211,255,238,255,53,253,184,5,87,2,77,249,62,189,0,183,0,244,0,217,0,86,0,36,0,17,0,13,0,11,
0,159,254,15,0,205,255,238,255,53,253,184,5,210,1,85,249,62,189,0,183,0,244,0,218,0,86,0,36,0,17,0,12,0,11,
0,160,254,38,0,205,255,238,255,53,253,184,5,26,2,38,249,236,189,0,183,0,246,0,219,0,86,0,36,0,17,0,12,0,11,
0,198,254,35,0,215,255,238,255,53,253,184,5,141,1,29,249,29,189,0,183,0,245,0,219,0,86,0,36,0,18,0,13,0,11,
0,207,254,221,255,192,255,238,255,53,253,184,5,14,2,83,249,208,190,0,183,0,245,0,220,0,87,0,36,0,18,0,13,0,11,
0,207,254,221,255,192,255,56,0,243,252,172,6,14,2,83,249,208,190,0,183,0,246,0,221,0,87,0,36,0,17,0,13,0,11,
0,222,254,196,255,181,255,56,0,243,252,172,6,207,1,26,249,33,190,0,183,0,246,0,222,0,87,0,36,0,17,0,12,0,11,
0,197,254,219,255,184,255,56,0,243,252,172,6,60,2,241,248,220,189,0,183,0,246,0,223,0,87,0,36,0,17,0,12,0,11,
0,201,254,206,255,193,255,56,0,243,252,172,6,188,1,237,248,47,189,0,183,0,246,0,223,0,88,0,37,0,18,0,13,0,12,
0,201,254,206,255,193,255,56,0,243,252,172,6,188,1,237,249,130,190,0,182,0,247,0,224,0,89,0,37,0,16,0,13,0,11,
0,194,254,195,255,187,255,56,0,243,252,172,6,2,2,14,249,130,190,0,183,0,247,0,225,0,89,0,37,0,16,0,13,0,11,
0,187,254,208,255,192,255,56,0,243,252,172,6,252,1,7,249,9,190,0,182,0,247,0,225,0,89,0,37,0,16,0,12,0,11,
0,224,254,236,255,205,255,56,0,243,252,172,6,49,2,11,249,207,190,0,182,0,247,0,226,0,89,0,38,0,17,0,13,0,11,
0,224,254,236,255,205,255,56,0,243,252,172,6,70,2,180,248,200,189,0,182,0,248,0,227,0,89,0,37,0,16,0,12,0,11,
0,249,254,225,255,227,255,56,0,243,252,172,6,70,2,180,248,200,189,0,182,0,247,0,228,0,90,0,38,0,17,0,13,0,11,
0,252,254,222,255,238,255,23,0,223,252,78,6,30,2,123,248,43,189,0,181,0,248,0,228,0,91,0,38,0,17,0,12,0,11,
0,252,254,222,255,233,255,23,0,223,252,78,6,70,2,137,248,0,190,0,181,0,248,0,229,0,91,0,37,0,17,0,12,0,11,
0,241,254,217,255,233,255,23,0,223,252,78,6,8,2,23,249,229,190,0,181,0,248,0,229,0,91,0,38,0,17,0,13,0,11,
0,0,255,217,255,224,255,23,0,223,252,78,6,8,2,181,248,28,192,0,181,0,249,0,230,0,91,0,38,0,16,0,12,0,10,
0,215,254,238,255,212,255,23,0,223,252,78,6,64,2,181,248,28,192,0,180,0,249,0,231,0,92,0,38,0,18,0,13,0,11,
0,215,254,238,255,212,255,23,0,223,252,78,6,100,3,127,248,208,190,0,180,0,249,0,232,0,92,0,38,0,17,0,12,0,11,
0,254,254,227,255,212,255,23,0,223,252,78,6,13,3,81,248,34,189,0,180,0,249,0,232,0,92,0,38,0,16,0,12,0,11,
0,24,255,205,255,217,255,23,0,223,252,78,6,186,1,97,248,78,189,0,179,0,249,0,232,0,93,0,39,0,17,0,12,0,11,
0,40,255,201,255,232,255,23,0,223,252,78,6,186,1,97,248,60,191,0,179,0,250,0,232,0,92,0,38,0,17,0,12,0,11,
0,40,255,201,255,232,255,23,0,223,252,78,6,95,2,123,248,60,191,0,179,0,250,0,233,0,93,0,34,0,17,0,13,0,12,
0,242,254,218,255,254,255,50,0,235,252,125,6,170,2,88,248,43,191,0,178,0,251,0,233,0,93,0,34,0,16,0,12,0,11,
0,236,254,218,255,249,255,50,0,235,252,125,6,20,3,16,248,106,190,0,178,0,250,0,233,0,93,0,36,0,17,0,13,0,11,
0,217,254,218,255,238,255,50,0,235,252,125,6,20,3,106,248,111,191,0,177,0,251,0,234,0,93,0,37,0,16,0,12,0,11,
0,217,254,240,255,238,255,50,0,235,252,125,6,7,2,106,248,111,191,0,177,0,250,0,233,0,94,0,38,0,17,0,13,0,12,
0,247,254,233,255,251,255,50,0,235,252,125,6,36,3,88,248,102,192,0,176,0,251,0,233,0,94,0,39,0,17,0,13,0,12,
0,2,255,215,255,243,255,50,0,235,252,125,6,121,3,162,247,167,190,0,176,0,251,0,234,0,94,0,38,0,17,0,12,0,11,
0,2,255,215,255,238,255,50,0,235,252,125,6,65,2,243,247,77,189,0,175,0,251,0,233,0,94,0,39,0,17,0,12,0,11,
0,4,255,215,255,238,255,50,0,235,252,125,6,65,2,243,247,234,190,0,175,0,251,0,234,0,94,0,39,0,17,0,13,0,11,
0,30,255,202,255,226,255,50,0,235,252,125,6,210,1,157,248,234,190,0,175,0,251,0,234,0,94,0,40,0,17,0,12,0,11,
0,4,255,211,255,222,255,50,0,235,252,125,6,134,2,130,248,253,192,0,175,0,251,0,233,0,95,0,40,0,18,0,13,0,11,
0,4,255,211,255,222,255,50,0,235,252,125,6,109,3,89,248,226,191,0,175,0,251,0,233,0,94,0,40,0,18,0,13,0,11,
0,242,254,226,255,224,255,38,0,249,252,22,6,72,3,4,248,223,190,0,174,0,251,0,233,0,94,0,39,0,17,0,13,0,11,
0,242,254,221,255,201,255,38,0,249,252,22,6,72,3,4,248,223,190,0,174,0,251,0,232,0,94,0,40,0,18,0,13,0,11,
0,43,255,204,255,216,255,38,0,249,252,22,6,247,2,44,248,248,189,0,174,0,251,0,232,0,93,0,39,0,17,0,12,0,10,
0,43,255,204,255,216,255,38,0,249,252,22,6,98,2,115,248,24,190,0,174,0,251,0,232,0,94,0,40,0,18,0,13,0,11,
0,31,255,209,255,222,255,38,0,249,252,22,6,136,2,199,248,3,192,0,173,0,251,0,231,0,94,0,40,0,18,0,13,0,11,
0,246,254,218,255,230,255,38,0,249,252,22,6,136,2,180,248,242,191,0,174,0,251,0,232,0,93,0,39,0,18,0,13,0,11,
0,230,254,218,255,236,255,38,0,249,252,22,6,46,3,180,248,242,191,0,173,0,251,0,230,0,94,0,40,0,18,0,13,0,11,
0,230,254,199,255,236,255,38,0,249,252,22,6,24,3,159,248,252,190,0,174,0,251,0,231,0,93,0,39,0,17,0,12,0,11,
0,16,255,206,255,224,255,38,0,249,252,22,6,5,3,201,248,176,191,0,174,0,250,0,230,0,93,0,40,0,18,0,13,0,11,
0,252,254,205,255,213,255,38,0,249,252,22,6,40,3,2,249,149,190,0,174,0,250,0,229,0,93,0,40,0,18,0,13,0,11,
0,252,254,205,255,206,255,6,0,14,253,147,5,40,3,2,249,149,190,0,174,0,250,0,229,0,93,0,43,0,18,0,12,0,11,
0,236,254,159,255,206,255,6,0,14,253,147,5,54,3,35,249,66,191,0,174,0,250,0,230,0,93,0,42,0,18,0,12,0,11,
0,246,254,140,255,217,255,6,0,14,253,147,5,234,2,125,249,116,192,0,174,0,251,0,232,0,93,0,42,0,19,0,12,0,11,
0,251,254,102,255,203,255,6,0,14,253,147,5,186,3,79,249,129,192,0,173,0,251,0,232,0,94,0,42,0,19,0,13,0,11,
0,251,254,102,255,203,255,6,0,14,253,147,5,186,3,104,249,31,191,0,173,0,251,0,231,0,93,0,41,0,19,0,13,0,11,
0,252,254,85,255,180,255,6,0,14,253,147,5,242,3,104,249,31,191,0,173,0,250,0,230,0,93,0,41,0,18,0,13,0,11,
0,24,255,109,255,206,255,6,0,14,253,147,5,52,3,37,249,181,189,0,174,0,251,0,229,0,92,0,40,0,18,0,13,0,12,
0,14,255,108,255,211,255,6,0,14,253,147,5,2,3,243,249,74,192,0,175,0,250,0,228,0,92,0,40,0,18,0,13,0,11,
0,14,255,108,255,211,255,6,0,14,253,147,5,175,3,10,250,170,192,0,175,0,249,0,228,0,92,0,40,0,18,0,13,0,12,
0,21,255,103,255,217,255,6,0,14,253,147,5,175,3,10,250,57,190,0,175,0,249,0,230,0,92,0,40,0,18,0,13,0,11,
0,38,255,82,255,205,255,235,255,253,252,228,5,77,4,222,249,57,190,0,174,0,249,0,231,0,92,0,40,0,17,0,12,0,11,
0,49,255,82,255,170,255,235,255,253,252,228,5,202,3,205,249,248,190,0,175,0,250,0,232,0,92,0,39,0,17,0,12,0,11,
0,49,255,65,255,170,255,235,255,253,252,228,5,85,3,65,250,124,189,0,175,0,250,0,230,0,93,0,40,0,18,0,13,0,11,
0,104,255,44,255,180,255,235,255,253,252,228,5,85,3,184,250,41,191,0,175,0,250,0,229,0,92,0,40,0,18,0,13,0,11,
0,128,255,52,255,166,255,235,255,253,252,228,5,18,3,184,250,41,191,0,176,0,249,0,228,0,92,0,39,0,18,0,13,0,11,
0,128,255,52,255,162,255,235,255,253,252,228,5,246,3,208,250,93,193,0,177,0,249,0,228,0,92,0,39,0,17,0,12,0,11,
0,105,255,74,255,162,255,235,255,253,252,228,5,29,5,89,250,206,191,0,177,0,249,0,229,0,92,0,39,0,17,0,12,0,11,
0,104,255,66,255,177,255,235,255,253,252,228,5,113,4,64,250,160,189,0,177,0,249,0,230,0,92,0,39,0,18,0,13,0,11,
0,110,255,76,255,168,255,235,255,253,252,228,5,113,4,64,250,227,189,0,177,0,249,0,231,0,92,0,39,0,18,0,13,0,11,
0,110,255,76,255,168,255,235,255,253,252,228,5,103,3,178,250,227,189,0,178,0,249,0,232,0,93,0,40,0,18,0,13,0,11,
0,131,255,56,255,184,255,232,255,58,253,183,5,162,3,31,251,172,191,0,178,0,250,0,231,0,92,0,39,0,17,0,13,0,11,
0,137,255,48,255,175,255,232,255,58,253,183,5,192,4,200,250,7,192,0,179,0,250,0,230,0,92,0,39,0,17,0,12,0,11,
0,148,255,68,255,191,255,232,255,58,253,183,5,4,5,192,250,110,189,0,180,0,249,0,229,0,93,0,40,0,18,0,13,0,12,
0,148,255,68,255,191,255,232,255,58,253,183,5,4,5,192,250,110,189,0,181,0,249,0,228,0,93,0,40,0,18,0,13,0,12,
0,173,255,69,255,201,255,232,255,58,253,183,5,214,3,157,250,15,190,0,181,0,249,0,229,0,93,0,40,0,18,0,13,0,11,
0,187,255,70,255,196,255,232,255,58,253,183,5,249,3,35,251,102,191,0,182,0,249,0,232,0,93,0,40,0,18,0,13,0,11,
0,187,255,70,255,191,255,232,255,58,253,183,5,75,4,250,250,39,191,0,182,0,250,0,233,0,92,0,39,0,17,0,12,0,11,
0,194,255,75,255,191,255,232,255,58,253,183,5,75,4,200,250,53,191,0,182,0,250,0,233,0,94,0,40,0,18,0,13,0,11,
0,213,255,77,255,188,255,232,255,58,253,183,5,102,4,200,250,53,191,0,183,0,251,0,233,0,93,0,40,0,18,0,13,0,11,
0,209,255,78,255,188,255,232,255,58,253,183,5,207,4,240,250,132,190,0,183,0,251,0,232,0,94,0,40,0,18,0,13,0,11,
0,209,255,78,255,197,255,232,255,58,253,183,5,212,4,218,250,77,190,0,184,0,251,0,232,0,93,0,40,0,17,0,12,0,11,
0,205,255,55,255,197,255,0,0,61,253,30,6,245,4,200,250,216,191,0,185,0,251,0,233,0,93,0,39,0,17,0,13,0,11,
0,225,255,45,255,182,255,0,0,61,253,30,6,245,4,200,250,216,189,0,186,0,251,0,233,0,93,0,39,0,17,0,12,0,10,
0,232,255,44,255,170,255,0,0,61,253,30,6,162,4,216,250,227,189,0,186,0,250,0,233,0,94,0,40,0,18,0,13,0,11,
0,232,255,44,255,170,255,0,0,61,253,30,6,0,4,175,250,36,190,0,187,0,250,0,234,0,94,0,40,0,18,0,13,0,11,
0,250,255,43,255,169,255,0,0,61,253,30,6,216,4,174,250,105,192,0,188,0,251,0,234,0,94,0,40,0,17,0,12,0,11,
0,27,0,45,255,178,255,0,0,61,253,30,6,216,4,131,250,213,191,0,188,0,251,0,235,0,94,0,39,0,17,0,12,0,11,
0,30,0,74,255,204,255,0,0,61,253,30,6,41,5,131,250,213,191,0,189,0,251,0,236,0,94,0,40,0,17,0,12,0,11,
0,30,0,74,255,204,255,0,0,61,253,30,6,84,5,11,250,60,190,0,189,0,251,0,236,0,95,0,40,0,19,0,13,0,11,
0,60,0,119,255,212,255,0,0,61,253,30,6,11,5,21,250,159,189,0,190,0,252,0,237,0,95,0,40,0,18,0,13,0,11,
0,56,0,156,255,220,255,0,0,61,253,30,6,234,4,52,250,141,190,0,190,0,252,0,237,0,95,0,40,0,18,0,13,0,11,
0,56,0,156,255,227,255,43,0,219,252,162,6,234,4,52,250,52,192,0,191,0,252,0,237,0,95,0,40,0,18,0,13,0,12,
0,38,0,136,255,227,255,43,0,219,252,162,6,71,5,19,250,52,192,0,192,0,252,0,237,0,95,0,40,0,18,0,13,0,11,
0,29,0,124,255,243,255,43,0,219,252,162,6,107,5,59,250,207,191,0,192,0,252,0,237,0,96,0,41,0,19,0,13,0,11,
0,11,0,111,255,224,255,43,0,219,252,162,6,86,5,220,249,50,191,0,193,0,253,0,238,0,96,0,40,0,18,0,13,0,11,
0,11,0,111,255,191,255,43,0,219,252,162,6,182,5,88,249,75,191,0,193,0,252,0,238,0,96,0,41,0,19,0,13,0,11,
0,15,0,90,255,191,255,43,0,219,252,162,6,182,5,88,249,75,191,0,194,0,253,0,239,0,96,0,40,0,18,0,13,0,12,
0,29,0,68,255,197,255,43,0,219,252,162,6,75,5,94,249,42,191,0,195,0,253,0,239,0,96,0,41,0,18,0,13,0,11,
0,50,0,56,255,222,255,43,0,219,252,162,6,160,5,92,249,96,191,0,194,0,252,0,238,0,97,0,41,0,19,0,13,0,11,
0,50,0,56,255,222,255,43,0,219,252,162,6,39,5,35,249,33,192,0,195,0,252,0,238,0,97,0,41,0,19,0,13,0,11,
0,94,0,67,255,197,255,43,0,219,252,162,6,39,5,35,249,136,191,0,195,0,253,0,238,0,96,0,40,0,18,0,12,0,11,
0,85,0,58,255,201,255,92,0,228,252,86,6,243,5,211,248,136,191,0,195,0,253,0,238,0,97,0,41,0,18,0,13,0,11,
0,74,0,55,255,234,255,92,0,228,252,86,6,197,5,91,248,7,192,0,196,0,253,0,238,0,96,0,40,0,17,0,12,0,10,
0,74,0,55,255,234,255,92,0,228,252,86,6,120,5,85,248,199,190,0,196,0,253,0,238,0,97,0,41,0,19,0,13,0,11,
0,98,0,93,255,2,0,92,0,228,252,86,6,171,4,184,248,35,192,0,196,0,253,0,238,0,97,0,41,0,19,0,13,0,11,
0,160,0,77,255,252,255,92,0,228,252,86,6,171,4,184,248,35,192,0,197,0,253,0,238,0,96,0,40,0,18,0,12,0,11,
0,160,0,77,255,8,0,92,0,228,252,86,6,100,5,157,248,131,193,0,196,0,253,0,237,0,97,0,41,0,19,0,13,0,11,
0,139,0,38,255,8,0,92,0,228,252,86,6,63,6,73,248,129,191,0,197,0,253,0,237,0,96,0,40,0,18,0,12,0,11,
0,143,0,15,255,253,255,92,0,228,252,86,6,64,5,219,247,30,190,0,196,0,253,0,237,0,96,0,41,0,19,0,13,0,11,
0,134,0,47,255,219,255,92,0,228,252,86,6,64,5,30,248,111,192,0,197,0,253,0,236,0,96,0,41,0,19,0,13,0,11,
0,134,0,47,255,219,255,92,0,228,252,86,6,148,4,30,248,111,192,0,197,0,253,0,236,0,96,0,40,0,18,0,12,0,11,
0,145,0,64,255,232,255,73,0,40,253,54,6,16,6,186,247,120,193,0,197,0,253,0,235,0,96,0,41,0,19,0,13,0,11,
0,143,0,67,255,246,255,73,0,40,253,54,6,196,5,210,247,91,193,0,198,0,253,0,235,0,95,0,40,0,17,0,13,0,11,
0,91,0,84,255,239,255,73,0,40,253,54,6,64,5,64,247,164,190,0,198,0,252,0,234,0,96,0,41,0,19,0,13,0,12,
0,91,0,84,255,239,255,73,0,40,253,54,6,64,5,64,247,117,192,0,198,0,252,0,234,0,96,0,41,0,19,0,13,0,11,
0,86,0,93,255,236,255,73,0,40,253,54,6,90,4,134,247,117,192,0,198,0,253,0,234,0,95,0,40,0,18,0,13,0,11,
0,80,0,96,255,226,255,73,0,40,253,54,6,167,4,4,248,252,192,0,198,0,252,0,233,0,95,0,41,0,19,0,13,0,11,
0,114,0,48,255,228,255,73,0,40,253,54,6,116,5,171,247,65,194,0,198,0,252,0,233,0,94,0,34,0,17,0,13,0,12,
0,114,0,48,255,228,255,73,0,40,253,54,6,116,5,142,246,97,190,0,198,0,252,0,232,0,94,0,36,0,17,0,13,0,12,
0,107,0,34,255,218,255,73,0,40,253,54,6,38,6,142,246,97,190,0,199,0,252,0,231,0,94,0,37,0,17,0,13,0,11,
0,96,0,35,255,219,255,73,0,40,253,54,6,150,3,59,247,195,191,0,199,0,252,0,231,0,94,0,37,0,16,0,12,0,11,
0,96,0,35,255,200,255,73,0,40,253,54,6,138,5,115,247,15,195,0,199,0,251,0,229,0,94,0,38,0,17,0,12,0,11,
0,94,0,26,255,200,255,101,0,0,253,156,6,132,5,24,247,153,192,0,200,0,251,0,229,0,93,0,38,0,16,0,12,0,11,
0,96,0,57,255,179,255,101,0,0,253,156,6,132,5,24,247,205,190,0,199,0,250,0,227,0,93,0,39,0,17,0,13,0,11,
0,105,0,97,255,194,255,101,0,0,253,156,6,83,4,73,247,205,190,0,200,0,250,0,227,0,92,0,39,0,17,0,13,0,11,
0,105,0,97,255,194,255,101,0,0,253,156,6,60,4,169,247,47,194,0,200,0,251,0,226,0,92,0,38,0,17,0,12,0,11,
0,91,0,93,255,179,255,101,0,0,253,156,6,83,5,33,247,69,192,0,200,0,250,0,225,0,92,0,39,0,18,0,13,0,11,
0,82,0,99,255,165,255,101,0,0,253,156,6,52,4,30,247,128,191,0,200,0,250,0,224,0,91,0,38,0,17,0,12,0,11,
0,102,0,72,255,168,255,101,0,0,253,156,6,52,4,30,247,128,191,0,200,0,249,0,223,0,91,0,39,0,20,0,13,0,11,
0,102,0,72,255,168,255,101,0,0,253,156,6,119,4,99,247,98,193,0,200,0,249,0,222,0,91,0,39,0,19,0,13,0,11,
0,108,0,70,255,157,255,101,0,0,253,156,6,168,4,112,247,61,192,0,200,0,249,0,222,0,90,0,38,0,18,0,13,0,11,
0,61,0,54,255,143,255,101,0,0,253,156,6,194,4,57,247,196,191,0,201,0,249,0,221,0,89,0,38,0,18,0,13,0,11,
0,24,0,28,255,137,255,67,0,226,252,99,6,194,4,163,247,180,192,0,201,0,248,0,220,0,89,0,39,0,19,0,13,0,12,
0,24,0,28,255,137,255,67,0,226,252,99,6,82,4,163,247,180,192,0,201,0,248,0,219,0,89,0,38,0,19,0,13,0,11,
0,14,0,40,255,136,255,67,0,226,252,99,6,101,4,213,247,40,193,0,201,0,248,0,218,0,89,0,38,0,18,0,13,0,11,
0,58,0,62,255,101,255,67,0,226,252,99,6,167,4,149,247,194,192,0,201,0,248,0,218,0,88,0,38,0,17,0,13,0,11,
0,58,0,62,255,79,255,67,0,226,252,99,6,72,4,194,247,18,190,0,202,0,248,0,218,0,87,0,37,0,17,0,13,0,11,
0,69,0,83,255,79,255,67,0,226,252,99,6,72,4,194,247,18,193,0,202,0,248,0,217,0,87,0,37,0,17,0,13,0,11,
0,87,0,77,255,82,255,67,0,226,252,99,6,176,3,80,248,108,193,0,201,0,247,0,216,0,87,0,37,0,18,0,13,0,11,
0,77,0,71,255,112,255,67,0,226,252,99,6,213,4,13,248,81,192,0,201,0,247,0,215,0,87,0,41,0,18,0,13,0,11,
0,77,0,71,255,112,255,67,0,226,252,99,6,136,4,22,248,148,191,0,202,0,247,0,215,0,86,0,40,0,17,0,12,0,10,
0,53,0,99,255,81,255,67,0,226,252,99,6,136,4,255,247,227,190,0,202,0,247,0,215,0,86,0,39,0,19,0,13,0,11,
0,60,0,81,255,66,255,9,0,33,253,60,6,172,4,255,247,227,190,0,202,0,247,0,215,0,86,0,38,0,17,0,12,0,10,
0,43,0,74,255,49,255,9,0,33,253,60,6,253,3,40,248,85,192,0,202,0,247,0,215,0,86,0,38,0,18,0,13,0,11,
0,43,0,74,255,49,255,9,0,33,253,60,6,179,4,42,248,161,192,0,203,0,247,0,215,0,86,0,37,0,18,0,13,0,11,
0,31,0,101,255,56,255,9,0,33,253,60,6,250,4,34,248,73,191,0,202,0,247,0,215,0,85,0,37,0,17,0,12,0,11,
0,24,0,101,255,46,255,9,0,33,253,60,6,250,4,34,248,181,191,0,202,0,247,0,214,0,86,0,37,0,18,0,13,0,11,
0,12,0,103,255,23,255,9,0,33,253,60,6,59,4,51,248,181,191,0,203,0,247,0,215,0,85,0,36,0,17,0,12,0,11,
0,12,0,103,255,23,255,9,0,33,253,60,6,174,4,41,248,65,191,0,203,0,247,0,215,0,86,0,37,0,18,0,13,0,11,
0,32,0,97,255,14,255,9,0,33,253,60,6,96,4,165,248,200,190,0,203,0,247,0,215,0,86,0,37,0,18,0,13,0,11,
0,7,0,91,255,241,254,9,0,33,253,60,6,96,4,182,248,250,192,0,203,0,247,0,215,0,85,0,36,0,17,0,12,0,11,
0,7,0,91,255,236,254,9,0,33,253,60,6,38,4,182,248,250,192,0,203,0,247,0,215,0,86,0,36,0,18,0,13,0,11,
0,230,255,105,255,236,254,69,0,76,253,116,5,45,5,96,248,37,192,0,203,0,247,0,215,0,85,0,36,0,17,0,12,0,11,
0,251,255,96,255,231,254,69,0,76,253,116,5,69,5,99,248,1,193,0,203,0,247,0,215,0,86,0,36,0,18,0,13,0,12,
0,26,0,99,255,251,254,69,0,76,253,116,5,107,4,30,248,225,189,0,203,0,247,0,215,0,86,0,37,0,18,0,13,0,11,
0,26,0,99,255,251,254,69,0,76,253,116,5,107,4,30,248,193,192,0,203,0,247,0,216,0,85,0,36,0,17,0,12,0,11,
0,54,0,87,255,236,254,69,0,76,253,116,5,4,4,149,248,193,192,0,203,0,247,0,216,0,86,0,37,0,18,0,13,0,12,
0,55,0,82,255,224,254,69,0,76,253,116,5,60,5,17,248,25,193,0,204,0,247,0,217,0,86,0,36,0,17,0,12,0,11,
0,42,0,78,255,234,254,69,0,76,253,116,5,25,5,40,248,61,191,0,203,0,247,0,217,0,86,0,36,0,18,0,13,0,11,
0,42,0,78,255,234,254,69,0,76,253,116,5,64,4,66,248,66,191,0,204,0,247,0,217,0,86,0,36,0,18,0,13,0,11,
0,38,0,96,255,221,254,69,0,76,253,116,5,64,4,66,248,66,191,0,204,0,247,0,217,0,86,0,36,0,17,0,13,0,11,
0,31,0,104,255,212,254,69,0,76,253,116,5,118,4,102,248,145,192,0,204,0,248,0,217,0,86,0,36,0,18,0,13,0,11,
0,6,0,104,255,217,254,69,0,101,253,43,6,108,5,207,247,16,192,0,204,0,248,0,218,0,86,0,36,0,17,0,12,0,10,
0,6,0,96,255,217,254,30,0,101,253,43,6,6,5,131,247,26,192,0,204,0,248,0,218,0,86,0,36,0,17,0,13,0,11,
0,240,255,89,255,2,255,30,0,101,253,43,6,6,5,210,247,64,191,0,204,0,248,0,219,0,87,0,36,0,17,0,13,0,11,
0,251,255,119,255,252,254,30,0,101,253,43,6,182,3,210,247,64,191,0,204,0,248,0,219,0,86,0,36,0,17,0,12,0,11,
0,251,255,119,255,226,254,30,0,101,253,43,6,241,4,154,247,78,192,0,204,0,248,0,219,0,87,0,37,0,18,0,13,0,11,
0,12,0,134,255,226,254,30,0,101,253,43,6,96,4,45,247,103,191,0,205,0,248,0,220,0,87,0,36,0,17,0,12,0,11,
0,253,255,133,255,226,254,30,0,101,253,43,6,147,4,34,247,7,192,0,204,0,248,0,220,0,87,0,37,0,18,0,13,0,11,
0,248,255,146,255,222,254,30,0,101,253,43,6,147,4,34,247,159,191,0,204,0,248,0,220,0,87,0,37,0,18,0,13,0,11,
0,248,255,146,255,222,254,30,0,101,253,43,6,73,4,83,247,159,191,0,204,0,248,0,221,0,87,0,37,0,17,0,13,0,11,
0,244,255,149,255,223,254,30,0,101,253,43,6,112,4,178,246,149,192,0,204,0,249,0,221,0,87,0,36,0,17,0,12,0,11,
0,32,0,157,255,208,254,30,0,101,253,43,6,182,4,112,246,58,193,0,203,0,248,0,221,0,88,0,37,0,18,0,13,0,12,
0,16,0,161,255,195,254,67,0,75,253,45,6,182,4,70,246,95,192,0,203,0,248,0,221,0,88,0,37,0,18,0,13,0,11,
0,16,0,161,255,195,254,67,0,75,253,45,6,135,4,70,246,95,192,0,203,0,248,0,221,0,88,0,37,0,18,0,13,0,11,
0,13,0,163,255,205,254,67,0,75,253,45,6,185,3,88,246,164,191,0,203,0,248,0,222,0,88,0,37,0,17,0,12,0,11,
0,220,255,151,255,198,254,67,0,75,253,45,6,1,4,238,245,32,192,0,202,0,248,0,222,0,88,0,37,0,17,0,13,0,11,
0,157,255,151,255,203,254,67,0,75,253,45,6,192,4,253,245,19,193,0,202,0,247,0,222,0,89,0,37,0,18,0,13,0,11,
0,157,255,176,255,203,254,67,0,75,253,45,6,192,4,253,245,36,191,0,201,0,248,0,222,0,89,0,37,0,18,0,13,0,11,
0,158,255,182,255,197,254,67,0,75,253,45,6,197,4,142,245,36,191,0,201,0,247,0,221,0,88,0,37,0,18,0,13,0,11,
0,182,255,161,255,208,254,67,0,75,253,45,6,200,3,213,245,73,192,0,200,0,247,0,221,0,88,0,37,0,17,0,12,0,11,
0,182,255,161,255,230,254,67,0,75,253,45,6,63,3,166,245,173,192,0,200,0,247,0,221,0,88,0,37,0,18,0,13,0,11,
0,173,255,157,255,230,254,67,0,75,253,45,6,16,4,200,245,165,193,0,200,0,247,0,221,0,88,0,36,0,17,0,12,0,10,
0,132,255,161,255,219,254,55,0,61,253,42,6,16,4,200,245,165,193,0,199,0,247,0,221,0,88,0,37,0,18,0,13,0,11,
0,120,255,164,255,190,254,55,0,61,253,42,6,12,4,150,245,49,193,0,198,0,247,0,220,0,88,0,37,0,17,0,13,0,11,
0,120,255,164,255,190,254,55,0,61,253,42,6,48,4,218,244,61,190,0,198,0,247,0,220,0,88,0,37,0,17,0,12,0,11,
0,137,255,170,255,189,254,55,0,61,253,42,6,25,3,46,245,64,191,0,198,0,247,0,219,0,87,0,37,0,18,0,13,0,11,
0,111,255,155,255,183,254,55,0,61,253,42,6,25,3,46,245,112,193,0,197,0,246,0,219,0,87,0,36,0,17,0,12,0,11,
0,65,255,193,255,194,254,55,0,61,253,42,6,241,2,210,245,112,193,0,196,0,246,0,218,0,88,0,37,0,18,0,13,0,11,
0,65,255,193,255,194,254,55,0,61,253,42,6,187,3,104,245,162,193,0,196,0,246,0,217,0,87,0,37,0,18,0,13,0,11,
0,61,255,201,255,178,254,55,0,61,253,42,6,244,3,126,244,56,191,0,195,0,245,0,217,0,87,0,37,0,17,0,12,0,11,
0,78,255,197,255,155,254,55,0,61,253,42,6,231,2,231,244,193,190,0,195,0,245,0,217,0,87,0,36,0,17,0,12,0,11,
0,56,255,197,255,155,254,55,0,61,253,42,6,231,2,231,244,193,190,0,194,0,245,0,216,0,87,0,37,0,18,0,13,0,12,
0,56,255,182,255,155,254,245,255,96,253,8,6,151,2,137,245,201,192,0,193,0,245,0,215,0,87,0,37,0,18,0,13,0,11,
0,66,255,142,255,155,254,245,255,96,253,8,6,9,3,70,245,241,193,0,193,0,244,0,215,0,87,0,37,0,18,0,13,0,11,
0,77,255,157,255,150,254,245,255,96,253,8,6,139,3,59,245,225,192,0,192,0,244,0,214,0,86,0,37,0,17,0,12,0,11,
0,77,255,157,255,158,254,245,255,96,253,8,6,139,3,138,244,229,189,0,192,0,244,0,214,0,86,0,36,0,17,0,12,0,11,
0,43,255,195,255,158,254,245,255,96,253,8,6,207,3,138,244,229,189,0,191,0,244,0,214,0,86,0,37,0,18,0,13,0,11,
0,37,255,198,255,151,254,245,255,96,253,8,6,73,2,206,244,139,191,0,191,0,244,0,214,0,85,0,36,0,18,0,13,0,11,
0,20,255,195,255,158,254,245,255,96,253,8,6,73,2,57,245,107,193,0,191,0,244,0,213,0,85,0,36,0,17,0,12,0,11,
0,20,255,195,255,158,254,245,255,96,253,8,6,243,3,247,244,30,193,0,190,0,244,0,213,0,85,0,36,0,16,0,12,0,11,
0,240,254,215,255,138,254,245,255,96,253,8,6,243,3,247,244,14,189,0,190,0,243,0,212,0,84,0,36,0,17,0,13,0,11,
0,207,254,218,255,142,254,245,255,96,253,8,6,57,3,161,244,14,189,0,190,0,243,0,212,0,84,0,35,0,16,0,12,0,10,
0,209,254,206,255,129,254,93,0,11,253,168,6,49,1,53,245,179,191,0,189,0,242,0,212,0,84,0,36,0,17,0,13,0,11,
0,209,254,206,255,129,254,93,0,11,253,168,6,103,2,65,245,113,194,0,188,0,243,0,212,0,84,0,35,0,17,0,12,0,11,
0,250,254,210,255,116,254,93,0,11,253,168,6,103,2,150,244,59,190,0,188,0,242,0,212,0,84,0,35,0,17,0,12,0,11,
0,255,254,234,255,105,254,93,0,11,253,168,6,180,3,150,244,59,190,0,187,0,242,0,212,0,83,0,30,0,16,0,13,0,12,
0,255,254,234,255,98,254,93,0,11,253,168,6,92,2,27,245,225,189,0,187,0,242,0,211,0,84,0,31,0,16,0,12,0,11,
0,245,254,245,255,98,254,93,0,11,253,168,6,164,1,188,245,60,192,0,186,0,241,0,210,0,84,0,33,0,17,0,13,0,11,
0,202,254,2,0,80,254,93,0,11,253,168,6,1,3,19,245,29,193,0,186,0,241,0,209,0,84,0,33,0,17,0,13,0,11,
0,187,254,236,255,77,254,93,0,11,253,168,6,1,3,19,245,40,191,0,186,0,241,0,210,0,83,0,33,0,17,0,13,0,12,
0,187,254,236,255,69,254,93,0,11,253,168,6,42,3,211,244,40,191,0,185,0,240,0,210,0,84,0,34,0,17,0,13,0,11,
0,212,254,252,255,69,254,93,0,11,253,168,6,39,2,171,244,178,188,0,185,0,241,0,210,0,83,0,34,0,16,0,12,0,11,
0,191,254,27,0,60,254,93,0,11,253,168,6,80,1,101,245,111,191,0,184,0,241,0,210,0,84,0,35,0,17,0,13,0,11,
0,164,254,249,255,68,254,53,0,43,253,86,5,247,1,61,245,165,192,0,184,0,240,0,210,0,83,0,35,0,17,0,13,0,11,
0,164,254,249,255,68,254,53,0,43,253,86,5,247,1,61,245,165,192,0,183,0,240,0,209,0,83,0,35,0,16,0,12,0,11,
0,191,254,246,255,75,254,53,0,43,253,86,5,103,3,64,245,253,192,0,183,0,240,0,208,0,83,0,35,0,17,0,12,0,12,
0,190,254,253,255,72,254,53,0,43,253,86,5,210,2,164,244,78,188,0,183,0,240,0,208,0,82,0,34,0,16,0,12,0,11,
0,181,254,37,0,48,254,53,0,43,253,86,5,143,1,98,245,222,189,0,183,0,239,0,209,0,83,0,35,0,17,0,13,0,11,
0,181,254,37,0,48,254,53,0,43,253,86,5,143,1,125,245,133,192,0,182,0,239,0,209,0,83,0,34,0,17,0,12,0,11,
0,155,254,37,0,77,254,53,0,43,253,86,5,186,1,125,245,133,192,0,182,0,239,0,210,0,82,0,34,0,16,0,12,0,11,
0,139,254,8,0,44,254,53,0,43,253,86,5,186,2,77,245,121,191,0,181,0,239,0,210,0,83,0,35,0,17,0,12,0,11,
0,139,254,8,0,44,254,53,0,43,253,86,5,204,2,207,244,25,190,0,181,0,240,0,210,0,82,0,34,0,16,0,11,0,10,
0,139,254,23,0,44,254,53,0,43,253,86,5,170,1,49,245,248,189,0,181,0,239,0,209,0,83,0,34,0,17,0,12,0,11,
0,127,254,30,0,56,254,30,0,36,253,200,6,170,1,49,245,248,191,0,180,0,239,0,209,0,83,0,35,0,17,0,12,0,11,
0,129,254,33,0,35,254,30,0,36,253,200,6,25,2,140,245,206,191,0,180,0,239,0,209,0,82,0,34,0,16,0,12,0,11,
0,129,254,33,0,19,254,30,0,36,253,200,6,61,2,238,245,226,191,0,180,0,238,0,210,0,83,0,35,0,17,0,12,0,11,
0,119,254,29,0,19,254,30,0,36,253,200,6,181,2,195,245,68,191,0,180,0,239,0,211,0,82,0,34,0,16,0,12,0,11,
0,141,254,38,0,23,254,30,0,36,253,200,6,181,2,122,245,215,189,0,179,0,239,0,211,0,83,0,39,0,18,0,12,0,11,
0,153,254,54,0,15,254,30,0,36,253,200,6,83,2,122,245,215,189,0,179,0,239,0,211,0,83,0,38,0,18,0,12,0,11,
0,153,254,54,0,15,254,30,0,36,253,200,6,195,1,164,245,166,190,0,179,0,239,0,211,0,83,0,37,0,17,0,12,0,11,
0,150,254,53,0,255,253,30,0,36,253,200,6,186,1,186,245,144,191,0,179,0,238,0,210,0,83,0,37,0,18,0,13,0,11,
0,134,254,59,0,14,254,30,0,36,253,200,6,193,2,226,245,6,192,0,179,0,238,0,211,0,83,0,36,0,17,0,12,0,11,
0,129,254,55,0,60,254,30,0,36,253,200,6,193,2,226,245,129,189,0,178,0,238,0,211,0,83,0,36,0,18,0,13,0,11,
0,129,254,55,0,60,254,12,0,51,253,41,6,188,1,196,245,129,189,0,178,0,238,0,212,0,84,0,36,0,18,0,13,0,11,
0,141,254,21,0,80,254,12,0,51,253,41,6,30,2,2,246,80,191,0,177,0,238,0,213,0,84,0,36,0,17,0,12,0,11,
0,113,254,36,0,51,254,12,0,51,253,41,6,88,2,62,246,216,191,0,178,0,239,0,213,0,83,0,35,0,17,0,12,0,11,
0,113,254,36,0,22,254,12,0,51,253,41,6,250,2,246,245,141,190,0,177,0,238,0,212,0,84,0,36,0,17,0,13,0,11,
0,61,254,60,0,22,254,12,0,51,253,41,6,250,2,246,245,141,190,0,178,0,238,0,211,0,84,0,35,0,18,0,12,0,11,
0,16,254,94,0,30,254,12,0,51,253,41,6,36,2,245,245,5,190,0,178,0,238,0,212,0,84,0,35,0,17,0,13,0,11,
0,21,254,82,0,36,254,12,0,51,253,41,6,1,2,245,245,190,190,0,178,0,238,0,213,0,83,0,35,0,16,0,12,0,11,
0,21,254,82,0,50,254,12,0,51,253,41,6,208,1,28,246,66,191,0,177,0,238,0,213,0,84,0,35,0,17,0,12,0,11,
0,33,254,43,0,50,254,12,0,51,253,41,6,208,1,28,246,150,191,0,178,0,238,0,213,0,84,0,35,0,16,0,12,0,10,
0,56,254,71,0,64,254,12,0,51,253,41,6,83,2,231,245,150,191,0,178,0,238,0,212,0,84,0,35,0,17,0,12,0,11,
0,53,254,70,0,69,254,245,255,56,253,156,5,242,2,227,245,87,190,0,178,0,238,0,212,0,84,0,35,0,17,0,12,0,11,
0,53,254,70,0,69,254,245,255,56,253,156,5,66,2,81,246,66,191,0,178,0,237,0,212,0,84,0,35,0,17,0,13,0,11,
0,19,254,55,0,75,254,245,255,56,253,156,5,50,2,61,246,147,189,0,178,0,237,0,212,0,84,0,35,0,17,0,12,0,11,
0,20,254,55,0,82,254,245,255,56,253,156,5,50,2,61,246,147,189,0,178,0,238,0,213,0,83,0,35,0,17,0,12,0,11,
0,30,254,81,0,89,254,245,255,56,253,156,5,235,1,75,246,1,191,0,178,0,238,0,212,0,84,0,35,0,17,0,12,0,11,
0,30,254,81,0,89,254,245,255,56,253,156,5,242,1,53,246,127,190,0,178,0,237,0,212,0,84,0,35,0,17,0,13,0,11,
0,38,254,73,0,86,254,245,255,56,253,156,5,207,2,9,246,37,190,0,179,0,237,0,211,0,84,0,35,0,17,0,12,0,11,
0,32,254,47,0,81,254,245,255,56,253,156,5,207,2,76,246,60,189,0,179,0,237,0,211,0,84,0,35,0,17,0,13,0,12,
0,32,254,47,0,105,254,245,255,56,253,156,5,243,1,76,246,60,189,0,179,0,237,0,211,0,83,0,35,0,17,0,12,0,11,
0,4,254,50,0,105,254,245,255,56,253,156,5,130,2,147,246,132,191,0,179,0,237,0,211,0,84,0,35,0,18,0,13,0,11,
0,28,254,51,0,114,254,245,255,56,253,156,5,212,2,46,246,79,190,0,179,0,237,0,210,0,84,0,35,0,17,0,13,0,11,
0,65,254,36,0,136,254,50,0,11,253,112,6,90,2,104,246,158,190,0,179,0,237,0,210,0,84,0,35,0,17,0,12,0,11,
0,65,254,36,0,136,254,50,0,11,253,112,6,90,2,104,246,61,188,0,179,0,237,0,210,0,83,0,35,0,17,0,12,0,11,
0,52,254,47,0,151,254,50,0,11,253,112,6,242,1,26,246,61,188,0,179,0,236,0,209,0,83,0,35,0,17,0,13,0,11,
0,32,254,32,0,114,254,50,0,11,253,112,6,245,1,80,246,151,190,0,179,0,236,0,209,0,83,0,35,0,17,0,12,0,11,
0,26,254,37,0,102,254,50,0,11,253,112,6,228,1,178,246,90,192,0,179,0,236,0,209,0,83,0,35,0,17,0,12,0,11,
0,26,254,37,0,102,254,50,0,11,253,112,6,228,1,48,246,81,188,0,179,0,236,0,208,0,82,0,35,0,16,0,12,0,11,
0,55,254,45,0,158,254,50,0,11,253,112,6,161,1,48,246,81,188,0,179,0,236,0,208,0,82,0,34,0,16,0,12,0,11,
0,70,254,66,0,173,254,50,0,11,253,112,6,22,1,80,246,190,190,0,179,0,235,0,208,0,82,0,35,0,17,0,13,0,11,
0,29,254,79,0,185,254,50,0,11,253,112,6,76,1,110,246,148,190,0,179,0,235,0,207,0,82,0,34,0,15,0,12,0,11,
0,29,254,79,0,185,254,50,0,11,253,112,6,196,1,50,246,18,189,0,180,0,235,0,206,0,82,0,34,0,16,0,12,0,11,
0,22,254,76,0,178,254,31,0,29,253,219,5,196,1,50,246,135,190,0,180,0,236,0,206,0,81,0,34,0,15,0,12,0,11,
0,40,254,65,0,180,254,31,0,29,253,219,5,230,0,112,246,135,190,0,180,0,235,0,206,0,82,0,35,0,16,0,12,0,11,
0,40,254,65,0,197,254,31,0,29,253,219,5,216,0,250,246,223,190,0,180,0,236,0,206,0,81,0,34,0,16,0,12,0,11,
0,44,254,57,0,197,254,31,0,29,253,219,5,20,1,83,246,87,190,0,180,0,235,0,205,0,81,0,34,0,16,0,12,0,11,
0,46,254,76,0,190,254,31,0,29,253,219,5,63,1,46,246,125,189,0,180,0,236,0,204,0,81,0,34,0,16,0,12,0,11,
0,38,254,70,0,195,254,31,0,29,253,219,5,63,1,46,246,125,189,0,180,0,235,0,204,0,81,0,34,0,16,0,12,0,11,
0,38,254,70,0,195,254,31,0,29,253,219,5,71,0,124,246,105,189,0,180,0,235,0,203,0,81,0,34,0,16,0,13,0,11,
0,32,254,47,0,187,254,31,0,29,253,219,5,102,0,128,246,215,190,0,181,0,235,0,203,0,80,0,34,0,16,0,12,0,11,
0,17,254,62,0,174,254,31,0,29,253,219,5,98,0,155,246,130,190,0,181,0,235,0,203,0,80,0,34,0,16,0,12,0,11,
0,18,254,80,0,172,254,31,0,29,253,219,5,98,0,190,246,204,190,0,181,0,235,0,202,0,80,0,34,0,16,0,12,0,11,
0,18,254,80,0,172,254,239,255,38,253,54,6,174,0,190,246,204,190,0,181,0,235,0,202,0,80,0,33,0,16,0,12,0,11,
0,37,254,78,0,199,254,239,255,38,253,54,6,128,0,100,246,119,191,0,182,0,234,0,201,0,80,0,34,0,16,0,12,0,11,
0,46,254,73,0,222,254,239,255,38,253,54,6,100,0,66,246,69,189,0,182,0,235,0,201,0,79,0,33,0,15,0,11,0,11,
0,23,254,51,0,202,254,239,255,38,253,54,6,97,0,222,246,117,189,0,183,0,235,0,200,0,79,0,33,0,16,0,12,0,11,
0,23,254,51,0,202,254,239,255,38,253,54,6,97,0,222,246,117,189,0,183,0,234,0,200,0,79,0,33,0,16,0,12,0,11,
0,40,254,57,0,180,254,239,255,38,253,54,6,184,255,75,247,205,190,0,183,0,234,0,200,0,78,0,32,0,15,0,11,0,10,
0,60,254,70,0,189,254,239,255,38,253,54,6,35,1,252,246,149,191,0,184,0,234,0,200,0,79,0,33,0,16,0,12,0,11,
0,60,254,70,0,190,254,239,255,38,253,54,6,212,0,113,246,122,188,0,185,0,234,0,200,0,78,0,32,0,15,0,11,0,10,
0,42,254,61,0,190,254,239,255,38,253,54,6,212,0,24,247,13,189,0,185,0,234,0,200,0,79,0,33,0,16,0,12,0,11,
0,30,254,73,0,188,254,239,255,38,253,54,6,130,255,24,247,13,189,0,185,0,234,0,199,0,78,0,33,0,16,0,12,0,11,
0,22,254,77,0,191,254,228,255,57,253,164,5,203,255,88,247,193,190,0,185,0,234,0,199,0,78,0,32,0,15,0,11,0,11,
0,22,254,77,0,191,254,228,255,57,253,164,5,205,255,56,247,54,191,0,186,0,234,0,199,0,78,0,33,0,16,0,12,0,11,
0,30,254,76,0,184,254,228,255,57,253,164,5,206,0,199,246,14,189,0,186,0,235,0,200,0,78,0,32,0,15,0,12,0,10,
0,15,254,86,0,204,254,228,255,57,253,164,5,206,0,199,246,35,187,0,186,0,235,0,199,0,78,0,33,0,16,0,12,0,11,
0,45,254,63,0,186,254,228,255,57,253,164,5,156,0,220,246,35,187,0,187,0,235,0,199,0,78,0,33,0,16,0,12,0,11,
0,45,254,63,0,186,254,228,255,57,253,164,5,112,255,120,247,19,189,0,187,0,235,0,200,0,77,0,32,0,15,0,11,0,11,
0,48,254,56,0,173,254,228,255,57,253,164,5,127,255,127,247,47,191,0,187,0,235,0,200,0,78,0,33,0,16,0,12,0,11,
0,1,254,53,0,190,254,228,255,57,253,164,5,127,0,92,247,96,190,0,188,0,235,0,200,0,78,0,32,0,15,0,12,0,11,
0,35,254,77,0,181,254,228,255,57,253,164,5,233,0,92,247,96,190,0,188,0,235,0,200,0,78,0,33,0,16,0,12,0,11,
0,35,254,77,0,181,254,228,255,57,253,164,5,235,0,210,246,236,186,0,188,0,235,0,200,0,78,0,33,0,16,0,12,0,11,
0,67,254,85,0,189,254,228,255,57,253,164,5,221,254,171,247,13,187,0,188,0,236,0,201,0,78,0,27,0,14,0,12,0,11,
0,23,254,75,0,177,254,6,0,34,253,162,5,227,255,208,247,215,190,0,188,0,236,0,201,0,78,0,29,0,15,0,13,0,12,
0,23,254,75,0,158,254,6,0,34,253,162,5,227,255,208,247,133,189,0,189,0,237,0,202,0,78,0,29,0,14,0,11,0,11,
0,239,253,71,0,158,254,6,0,34,253,162,5,112,1,139,247,133,189,0,189,0,237,0,203,0,79,0,31,0,15,0,12,0,11,
0,23,254,65,0,169,254,6,0,34,253,162,5,137,0,106,247,109,185,0,189,0,237,0,203,0,79,0,31,0,15,0,12,0,11,
0,56,254,63,0,192,254,6,0,34,253,162,5,161,255,17,248,183,188,0,190,0,238,0,204,0,79,0,31,0,14,0,11,0,11,
0,56,254,63,0,192,254,6,0,34,253,162,5,124,0,94,248,62,190,0,190,0,239,0,205,0,79,0,32,0,14,0,11,0,10,
0,47,254,39,0,198,254,6,0,34,253,162,5,124,0,94,248,62,190,0,190,0,238,0,205,0,80,0,32,0,16,0,12,0,11,
0,64,254,34,0,201,254,6,0,34,253,162,5,3,2,7,248,194,188,0,189,0,239,0,206,0,80,0,33,0,16,0,12,0,11,
0,116,254,23,0,190,254,6,0,34,253,162,5,46,1,180,247,59,186,0,190,0,239,0,208,0,80,0,33,0,17,0,12,0,11,
0,116,254,23,0,190,254,6,0,34,253,162,5,106,0,9,248,140,187,0,190,0,239,0,208,0,80,0,32,0,16,0,12,0,11,
0,111,254,20,0,153,254,223,255,17,253,178,6,106,0,192,248,34,189,0,190,0,241,0,209,0,80,0,33,0,16,0,12,0,10,
0,93,254,18,0,133,254,223,255,17,253,178,6,190,0,192,248,34,189,0,190,0,240,0,210,0,82,0,34,0,17,0,12,0,11,
0,102,254,18,0,140,254,223,255,17,253,178,6,68,1,114,248,32,189,0,190,0,241,0,211,0,82,0,34,0,17,0,12,0,11,
0,102,254,25,0,140,254,223,255,17,253,178,6,66,2,4,248,175,188,0,190,0,242,0,212,0,83,0,34,0,17,0,13,0,11,
0,149,254,0,0,146,254,223,255,17,253,178,6,138,1,251,247,115,186,0,190,0,242,0,213,0,82,0,34,0,16,0,12,0,11,
0,153,254,236,255,154,254,223,255,17,253,178,6,138,1,251,247,210,187,0,190,0,243,0,214,0,83,0,35,0,17,0,13,0,12,
0,153,254,236,255,146,254,223,255,17,253,178,6,155,0,126,248,210,187,0,190,0,244,0,215,0,83,0,34,0,17,0,12,0,11,
0,148,254,234,255,146,254,223,255,17,253,178,6,112,1,206,248,183,189,0,190,0,244,0,216,0,84,0,35,0,18,0,13,0,11,
0,209,254,218,255,126,254,223,255,17,253,178,6,144,2,247,247,226,187,0,190,0,244,0,217,0,85,0,35,0,17,0,13,0,11,
0,231,254,216,255,150,254,223,255,17,253,178,6,144,2,62,248,208,185,0,190,0,246,0,218,0,85,0,35,0,17,0,12,0,11,
0,231,254,216,255,150,254,9,0,208,252,58,6,23,1,62,248,208,185,0,190,0,246,0,219,0,86,0,36,0,17,0,13,0,12,
0,187,254,211,255,157,254,9,0,208,252,58,6,59,1,163,248,11,189,0,190,0,247,0,220,0,86,0,40,0,17,0,12,0,10,
0,183,254,210,255,141,254,9,0,208,252,58,6,153,1,216,248,242,189,0,190,0,247,0,221,0,87,0,40,0,18,0,12,0,11,
0,216,254,195,255,145,254,9,0,208,252,58,6,230,2,34,248,146,188,0,190,0,247,0,222,0,87,0,39,0,19,0,13,0,11,
0,216,254,195,255,145,254,9,0,208,252,58,6,230,2,34,248,209,185,0,190,0,249,0,223,0,87,0,38,0,18,0,12,0,10,
0,239,254,192,255,120,254,9,0,208,252,58,6,7,2,80,248,209,185,0,191,0,249,0,223,0,88,0,38,0,19,0,13,0,11,
0,199,254,173,255,127,254,9,0,208,252,58,6,8,1,202,248,93,188,0,191,0,249,0,224,0,88,0,37,0,16,0,12,0,11,
0,189,254,173,255,177,254,9,0,208,252,58,6,235,1,167,248,48,190,0,191,0,249,0,225,0,89,0,37,0,17,0,12,0,11,
0,189,254,165,255,177,254,9,0,208,252,58,6,204,2,30,248,241,187,0,191,0,250,0,226,0,89,0,38,0,17,0,12,0,11,
0,244,254,199,255,182,254,9,0,208,252,58,6,204,2,30,248,241,187,0,192,0,251,0,227,0,89,0,37,0,16,0,12,0,11,
0,240,254,163,255,199,254,244,255,23,253,177,6,106,2,24,248,124,186,0,192,0,251,0,226,0,90,0,38,0,17,0,12,0,11,
0,240,254,163,255,208,254,244,255,23,253,177,6,208,1,121,248,237,188,0,193,0,251,0,227,0,89,0,37,0,16,0,12,0,11,
0,224,254,128,255,208,254,244,255,23,253,177,6,136,1,130,248,54,189,0,193,0,251,0,227,0,90,0,38,0,17,0,13,0,11,
0,219,254,123,255,230,254,244,255,23,253,177,6,136,1,130,247,187,189,0,194,0,252,0,228,0,91,0,38,0,17,0,13,0,11,
0,245,254,118,255,10,255,244,255,23,253,177,6,221,2,239,247,187,189,0,194,0,252,0,227,0,91,0,38,0,17,0,13,0,11,
0,245,254,118,255,10,255,244,255,23,253,177,6,98,2,251,247,218,186,0,195,0,252,0,227,0,91,0,39,0,18,0,13,0,12,
0,242,254,107,255,24,255,244,255,23,253,177,6,28,1,147,248,21,188,0,196,0,253,0,227,0,91,0,38,0,17,0,12,0,11,
0,237,254,108,255,18,255,244,255,23,253,177,6,186,1,86,248,207,189,0,196,0,252,0,227,0,91,0,39,0,18,0,13,0,11,
0,2,255,89,255,10,255,244,255,23,253,177,6,186,1,86,248,207,189,0,196,0,252,0,228,0,91,0,39,0,18,0,13,0,11,
0,2,255,89,255,10,255,244,255,23,253,177,6,248,2,133,247,225,187,0,197,0,253,0,228,0,91,0,39,0,18,0,13,0,11,
0,46,255,62,255,239,254,244,255,80,253,253,5,230,1,217,247,118,186,0,197,0,253,0,227,0,91,0,39,0,17,0,13,0,11,
0,45,255,37,255,249,254,197,255,80,253,253,5,156,1,26,248,6,189,0,198,0,254,0,227,0,91,0,38,0,16,0,12,0,11,
0,6,255,37,255,4,255,197,255,80,253,253,5,156,1,53,248,40,190,0,199,0,253,0,226,0,91,0,38,0,17,0,12,0,11,
0,6,255,18,255,4,255,197,255,80,253,253,5,208,1,53,248,40,190,0,200,0,253,0,226,0,91,0,38,0,17,0,12,0,11,
0,10,255,240,254,11,255,197,255,80,253,253,5,94,2,176,247,170,188,0,200,0,253,0,227,0,91,0,39,0,17,0,13,0,11,
0,38,255,253,254,32,255,197,255,80,253,253,5,30,2,170,247,168,186,0,200,0,253,0,227,0,91,0,38,0,18,0,12,0,11,
0,38,255,253,254,69,255,197,255,80,253,253,5,203,0,6,248,202,187,0,200,0,254,0,227,0,91,0,38,0,17,0,12,0,11,
0,32,255,4,255,69,255,197,255,80,253,253,5,203,0,6,248,91,190,0,201,0,254,0,225,0,91,0,38,0,17,0,12,0,11,
0,14,255,251,254,86,255,197,255,80,253,253,5,146,1,2,248,91,190,0,202,0,253,0,224,0,91,0,38,0,17,0,13,0,11,
0,25,255,250,254,77,255,197,255,80,253,253,5,2,3,134,247,85,187,0,202,0,253,0,224,0,90,0,38,0,16,0,12,0,11,
0,25,255,250,254,77,255,197,255,80,253,253,5,19,1,230,247,236,185,0,202,0,253,0,225,0,91,0,38,0,17,0,13,0,11,
0,14,255,236,254,92,255,2,0,41,253,9,6,19,1,43,248,216,188,0,202,0,254,0,226,0,90,0,38,0,17,0,12,0,11,
0,19,255,231,254,99,255,2,0,41,253,9,6,97,1,43,248,216,188,0,202,0,254,0,225,0,91,0,39,0,17,0,13,0,11,
0,26,255,246,254,109,255,2,0,41,253,9,6,210,1,243,247,36,190,0,203,0,254,0,224,0,91,0,38,0,18,0,13,0,11,
0,26,255,246,254,109,255,2,0,41,253,9,6,77,2,100,247,216,186,0,203,0,254,0,223,0,90,0,38,0,19,0,13,0,11,
0,50,255,245,254,103,255,2,0,41,253,9,6,59,1,175,247,120,186,0,204,0,253,0,222,0,90,0,38,0,18,0,13,0,11,
0,61,255,240,254,123,255,2,0,41,253,9,6,59,1,175,247,192,190,0,204,0,252,0,222,0,90,0,39,0,19,0,13,0,11,
0,61,255,240,254,134,255,2,0,41,253,9,6,41,0,123,248,192,190,0,204,0,252,0,222,0,90,0,38,0,19,0,13,0,11,
0,19,255,231,254,134,255,2,0,41,253,9,6,50,2,181,247,225,188,0,204,0,252,0,223,0,90,0,38,0,19,0,14,0,12,
0,28,255,231,254,124,255,2,0,41,253,9,6,145,1,53,247,124,185,0,204,0,252,0,223,0,89,0,38,0,18,0,13,0,11,
0,70,255,215,254,144,255,2,0,41,253,9,6,80,0,24,248,192,187,0,204,0,253,0,223,0,89,0,37,0,18,0,13,0,11,
0,70,255,215,254,153,255,9,0,255,252,146,6,80,0,24,248,192,187,0,204,0,253,0,221,0,89,0,38,0,19,0,13,0,11,
0,44,255,209,254,153,255,9,0,255,252,146,6,32,1,44,248,210,189,0,205,0,252,0,220,0,89,0,38,0,18,0,13,0,11,
0,36,255,238,254,150,255,9,0,255,252,146,6,69,2,211,247,252,189,0,205,0,251,0,219,0,89,0,38,0,18,0,13,0,11,
0,98,255,14,255,148,255,9,0,255,252,146,6,96,1,109,247,131,185,0,206,0,251,0,219,0,88,0,37,0,17,0,12,0,11,
0,98,255,14,255,148,255,9,0,255,252,146,6,96,1,54,248,49,188,0,206,0,251,0,220,0,88,0,37,0,17,0,12,0,11,
0,121,255,9,255,169,255,9,0,255,252,146,6,9,0,54,248,49,188,0,205,0,251,0,220,0,88,0,37,0,18,0,13,0,11,
0,94,255,250,254,171,255,9,0,255,252,146,6,236,0,86,248,101,191,0,205,0,251,0,221,0,88,0,38,0,18,0,13,0,11,
0,73,255,255,254,172,255,9,0,255,252,146,6,98,1,76,247,197,187,0,205,0,252,0,221,0,88,0,37,0,18,0,13,0,11,
0,73,255,255,254,172,255,9,0,255,252,146,6,66,0,136,247,135,186,0,206,0,252,0,221,0,88,0,37,0,17,0,12,0,11,
0,64,255,23,255,185,255,9,0,255,252,146,6,66,0,136,247,135,189,0,206,0,251,0,220,0,88,0,37,0,18,0,13,0,11,
0,148,255,49,255,179,255,14,0,31,253,230,5,188,255,30,248,64,189,0,206,0,252,0,220,0,87,0,36,0,17,0,12,0,11,
0,148,255,49,255,163,255,14,0,31,253,230,5,183,0,169,247,119,190,0,206,0,251,0,219,0,88,0,37,0,18,0,13,0,11,
0,112,255,65,255,163,255,14,0,31,253,230,5,162,1,69,247,190,188,0,207,0,251,0,219,0,88,0,37,0,18,0,13,0,11,
0,75,255,72,255,172,255,14,0,31,253,230,5,162,1,48,247,85,186,0,206,0,251,0,220,0,87,0,37,0,17,0,12,0,11,
0,76,255,82,255,177,255,14,0,31,253,230,5,26,1,48,247,85,186,0,207,0,251,0,220,0,87,0,38,0,18,0,13,0,11,
0,76,255,82,255,207,255,14,0,31,253,230,5,190,255,211,247,47,188,0,207,0,251,0,221,0,88,0,37,0,17,0,12,0,11,
0,88,255,84,255,207,255,14,0,31,253,230,5,166,0,22,248,28,191,0,207,0,250,0,221,0,88,0,38,0,18,0,13,0,12,
0,45,255,101,255,218,255,14,0,31,253,230,5,250,1,71,247,144,189,0,207,0,251,0,221,0,88,0,37,0,18,0,13,0,11,
0,74,255,98,255,216,255,14,0,31,253,230,5,250,1,71,247,42,186,0,207,0,251,0,221,0,88,0,37,0,17,0,13,0,11,
0,74,255,98,255,216,255,14,0,31,253,230,5,35,0,106,247,42,186,0,207,0,251,0,222,0,88,0,38,0,18,0,13,0,11,
0,78,255,103,255,223,255,195,255,76,253,187,5,9,0,253,247,69,190,0,207,0,251,0,222,0,88,0,37,0,17,0,12,0,11,
0,62,255,120,255,209,255,195,255,76,253,187,5,30,1,100,247,62,191,0,207,0,251,0,222,0,89,0,37,0,17,0,12,0,11,
0,79,255,113,255,212,255,195,255,76,253,187,5,149,1,227,246,115,188,0,207,0,251,0,223,0,89,0,38,0,18,0,13,0,11,
0,79,255,113,255,212,255,195,255,76,253,187,5,149,1,227,246,115,188,0,207,0,251,0,223,0,89,0,37,0,18,0,13,0,11,
0,109,255,113,255,182,255,195,255,76,253,187,5,36,1,234,246,162,187,0,207,0,251,0,223,0,89,0,37,0,18,0,13,0,11,
0,134,255,120,255,178,255,195,255,76,253,187,5,78,0,113,247,77,189,0,207,0,252,0,224,0,89,0,37,0,16,0,12,0,11,
0,134,255,120,255,185,255,195,255,76,253,187,5,118,0,207,247,29,190,0,207,0,251,0,224,0,89,0,37,0,17,0,13,0,11,
0,69,255,160,255,185,255,195,255,76,253,187,5,118,0,207,247,167,190,0,206,0,251,0,225,0,89,0,32,0,16,0,13,0,12,
0,49,255,152,255,204,255,195,255,76,253,187,5,235,1,161,247,167,190,0,206,0,252,0,225,0,89,0,33,0,16,0,12,0,11,
0,62,255,173,255,195,255,195,255,76,253,187,5,247,1,29,247,13,188,0,206,0,252,0,226,0,89,0,34,0,16,0,12,0,11,
0,62,255,173,255,195,255,195,255,76,253,187,5,16,1,27,247,90,187,0,206,0,252,0,226,0,90,0,36,0,16,0,13,0,11,
0,50,255,141,255,202,255,18,0,20,253,128,5,52,1,138,247,254,189,0,205,0,252,0,226,0,90,0,36,0,16,0,13,0,11,
0,23,255,119,255,210,255,18,0,20,253,128,5,52,1,138,247,254,189,0,205,0,252,0,227,0,91,0,37,0,17,0,13,0,11,
0,219,254,135,255,204,255,18,0,20,253,128,5,156,1,155,247,165,190,0,205,0,252,0,227,0,90,0,37,0,16,0,12,0,11,
0,219,254,135,255,204,255,18,0,20,253,128,5,2,2,90,247,5,189,0,205,0,253,0,228,0,91,0,38,0,17,0,13,0,12,
0,233,254,155,255,220,255,18,0,20,253,128,5,115,1,1,247,153,189,0,204,0,253,0,228,0,91,0,37,0,16,0,12,0,11,
0,244,254,154,255,223,255,18,0,20,253,128,5,115,1,58,247,210,190,0,204,0,253,0,228,0,91,0,38,0,17,0,13,0,12,
0,244,254,175,255,230,255,18,0,20,253,128,5,54,2,58,247,210,190,0,203,0,253,0,228,0,91,0,38,0,17,0,13,0,12,
0,244,254,175,255,230,255,18,0,20,253,128,5,127,2,62,247,110,189,0,203,0,253,0,228,0,91,0,38,0,17,0,12,0,11,
0,243,254,176,255,234,255,18,0,20,253,128,5,123,2,193,246,177,188,0,203,0,254,0,229,0,91,0,38,0,17,0,12,0,11,
0,248,254,153,255,216,255,18,0,20,253,128,5,148,1,22,247,159,188,0,202,0,253,0,229,0,92,0,39,0,18,0,13,0,11,
0,248,254,153,255,198,255,7,0,53,253,212,5,148,1,22,247,164,190,0,202,0,254,0,229,0,92,0,39,0,17,0,12,0,11,
0,232,254,133,255,198,255,7,0,53,253,212,5,30,2,54,247,164,190,0,201,0,254,0,230,0,92,0,39,0,17,0,13,0,11,
0,51,255,152,255,185,255,7,0,53,253,212,5,32,2,19,247,54,191,0,201,0,254,0,231,0,92,0,38,0,17,0,12,0,11,
0,55,255,152,255,175,255,7,0,53,253,212,5,46,3,50,247,136,190,0,201,0,254,0,230,0,92,0,39,0,18,0,13,0,11,
0,55,255,152,255,175,255,7,0,53,253,212,5,46,3,166,246,176,189,0,201,0,255,0,231,0,92,0,38,0,17,0,12,0,11,
0,66,255,144,255,196,255,7,0,53,253,212,5,22,3,166,246,176,189,0,200,0,255,0,231,0,92,0,39,0,17,0,12,0,11,
0,59,255,156,255,197,255,7,0,53,253,212,5,65,3,161,246,156,189,0,200,0,255,0,231,0,93,0,39,0,18,0,13,0,11,
0,62,255,158,255,205,255,7,0,53,253,212,5,218,2,237,246,177,189,0,200,0,254,0,231,0,93,0,39,0,18,0,13,0,11,
0,62,255,158,255,205,255,7,0,53,253,212,5,244,2,225,246,3,191,0,199,0,255,0,232,0,93,0,43,0,18,0,12,0,11,
0,28,255,124,255,219,255,7,0,53,253,212,5,244,2,225,246,3,191,0,199,0,255,0,232,0,93,0,42,0,18,0,12,0,10,
0,52,255,128,255,245,255,4,0,62,253,208,6,210,3,85,246,3,191,0,198,0,255,0,232,0,93,0,42,0,18,0,13,0,11,
0,64,255,102,255,215,255,4,0,62,253,208,6,98,3,189,246,108,190,0,198,0,255,0,232,0,93,0,41,0,19,0,13,0,11,
0,64,255,102,255,215,255,4,0,62,253,208,6,202,2,164,246,105,189,0,198,0,255,0,232,0,93,0,40,0,18,0,13,0,11,
0,224,254,83,255,235,255,4,0,62,253,208,6,71,3,165,246,107,190,0,197,0,255,0,232,0,94,0,41,0,19,0,13,0,11,
0,199,254,75,255,7,0,4,0,62,253,208,6,71,3,165,246,107,190,0,197,0,255,0,232,0,93,0,40,0,18,0,13,0,11,
0,199,254,75,255,19,0,4,0,62,253,208,6,115,3,170,246,53,191,0,197,0,255,0,231,0,94,0,40,0,18,0,13,0,11,
0,208,254,71,255,19,0,4,0,62,253,208,6,138,3,132,246,227,189,0,196,0,255,0,232,0,94,0,40,0,19,0,13,0,11,
0,195,254,58,255,6,0,4,0,62,253,208,6,66,3,142,246,93,190,0,196,0,255,0,231,0,93,0,40,0,18,0,13,0,11,
0,186,254,56,255,251,255,4,0,62,253,208,6,66,3,142,246,114,190,0,196,1,0,0,232,0,93,0,40,0,17,0,13,0,11,
0,186,254,56,255,251,255,4,0,62,253,208,6,132,3,144,246,114,190,0,196,0,255,0,231,0,94,0,40,0,18,0,13,0,11,
0,195,254,32,255,10,0,250,255,25,253,26,6,182,3,146,246,251,190,0,195,0,255,0,230,0,93,0,40,0,18,0,13,0,11,
0,193,254,25,255,4,0,250,255,25,253,26,6,90,3,178,246,168,190,0,195,0,255,0,230,0,93,0,40,0,18,0,13,0,11,
0,197,254,19,255,28,0,250,255,25,253,26,6,202,3,218,246,209,191,0,196,0,255,0,230,0,92,0,39,0,17,0,12,0,11,
0,197,254,19,255,28,0,250,255,25,253,26,6,202,3,218,246,209,191,0,195,0,255,0,230,0,93,0,40,0,18,0,13,0,11,
0,152,254,229,254,27,0,250,255,25,253,26,6,26,4,90,246,51,190,0,195,1,0,0,230,0,92,0,39,0,17,0,12,0,11,
0,120,254,231,254,24,0,250,255,25,253,26,6,156,3,81,246,177,188,0,195,0,255,0,229,0,93,0,40,0,17,0,13,0,11,
0,83,254,210,254,22,0,250,255,25,253,26,6,132,2,243,246,250,190,0,195,0,255,0,229,0,92,0,40,0,18,0,13,0,11,
0,83,254,210,254,22,0,250,255,25,253,26,6,132,2,31,247,227,191,0,195,0,255,0,229,0,92,0,39,0,17,0,12,0,11,
0,75,254,182,254,30,0,250,255,25,253,26,6,93,3,31,247,227,191,0,195,0,255,0,228,0,92,0,40,0,18,0,13,0,11,
0,106,254,200,254,36,0,250,255,25,253,26,6,178,4,229,246,64,191,0,195,0,255,0,228,0,92,0,39,0,17,0,12,0,11,
0,106,254,200,254,40,0,250,255,25,253,26,6,228,3,91,246,15,188,0,194,0,255,0,227,0,92,0,40,0,18,0,13,0,11,
0,122,254,162,254,40,0,25,0,15,253,102,6,150,2,34,247,112,190,0,194,0,255,0,227,0,92,0,40,0,18,0,13,0,11,
0,102,254,123,254,38,0,25,0,15,253,102,6,150,2,34,247,36,192,0,194,0,255,0,227,0,91,0,39,0,17,0,13,0,11,
0,105,254,100,254,69,0,25,0,15,253,102,6,120,3,134,247,36,192,0,194,0,255,0,227,0,91,0,39,0,17,0,12,0,11,
0,105,254,100,254,69,0,25,0,15,253,102,6,75,4,51,247,122,191,0,194,0,255,0,226,0,92,0,40,0,18,0,13,0,12,
0,123,254,93,254,74,0,25,0,15,253,102,6,82,4,178,246,122,188,0,194,0,255,0,225,0,92,0,39,0,18,0,13,0,11,
0,98,254,90,254,61,0,25,0,15,253,102,6,82,4,65,247,133,188,0,194,0,255,0,225,0,91,0,39,0,18,0,13,0,11,
0,86,254,90,254,46,0,25,0,15,253,102,6,194,2,65,247,133,188,0,194,0,254,0,224,0,91,0,39,0,18,0,13,0,11,
0,86,254,90,254,46,0,25,0,15,253,102,6,4,3,95,247,79,192,0,193,0,254,0,224,0,91,0,39,0,18,0,13,0,11,
0,85,254,83,254,43,0,25,0,15,253,102,6,26,4,74,247,12,191,0,194,0,255,0,224,0,90,0,38,0,17,0,12,0,11,
0,78,254,59,254,43,0,25,0,15,253,102,6,92,4,199,246,141,188,0,193,0,254,0,223,0,90,0,38,0,20,0,13,0,11,
0,57,254,39,254,39,0,3,0,8,253,44,6,92,4,199,246,243,188,0,193,0,254,0,223,0,90,0,38,0,19,0,13,0,11,
0,57,254,39,254,39,0,3,0,8,253,44,6,97,3,59,247,243,188,0,193,0,254,0,223,0,89,0,38,0,18,0,13,0,11,
0,70,254,24,254,46,0,3,0,8,253,44,6,26,2,223,247,107,190,0,194,0,254,0,222,0,89,0,37,0,18,0,12,0,10,
0,92,254,18,254,44,0,3,0,8,253,44,6,191,3,201,247,72,192,0,193,0,253,0,221,0,89,0,38,0,19,0,13,0,11,
0,92,254,18,254,21,0,3,0,8,253,44,6,213,3,155,246,206,187,0,193,0,253,0,221,0,89,0,38,0,18,0,13,0,11,
0,89,254,28,254,21,0,3,0,8,253,44,6,213,3,155,246,206,187,0,194,0,253,0,221,0,88,0,37,0,17,0,13,0,11,
0,99,254,11,254,40,0,3,0,8,253,44,6,56,2,115,247,150,188,0,193,0,252,0,221,0,88,0,37,0,17,0,13,0,11,
0,66,254,8,254,21,0,3,0,8,253,44,6,108,2,218,247,174,191,0,193,0,252,0,220,0,89,0,38,0,18,0,13,0,11,
0,66,254,8,254,21,0,3,0,8,253,44,6,212,3,175,247,11,192,0,193,0,252,0,220,0,88,0,37,0,17,0,13,0,11,
0,52,254,27,254,26,0,3,0,8,253,44,6,212,3,12,247,121,187,0,193,0,252,0,219,0,88,0,38,0,18,0,13,0,11,
0,43,254,243,253,19,0,249,255,240,252,67,5,53,3,12,247,121,187,0,193,0,251,0,219,0,88,0,37,0,18,0,13,0,11,
0,9,254,236,253,12,0,249,255,240,252,67,5,80,2,147,247,246,188,0,193,0,252,0,219,0,87,0,37,0,18,0,13,0,11,
0,9,254,236,253,12,0,249,255,240,252,67,5,162,1,12,248,146,191,0,193,0,251,0,219,0,88,0,38,0,18,0,13,0,11,
0,4,254,8,254,20,0,249,255,240,252,67,5,190,3,151,247,171,191,0,193,0,251,0,219,0,87,0,37,0,17,0,12,0,11,
0,33,254,248,253,27,0,249,255,240,252,67,5,190,3,151,247,171,187,0,193,0,250,0,219,0,88,0,37,0,18,0,13,0,11,
0,3,254,248,253,38,0,249,255,240,252,67,5,85,3,223,246,61,187,0,193,0,250,0,218,0,87,0,37,0,18,0,13,0,12,
0,3,254,238,253,38,0,249,255,240,252,67,5,158,1,181,247,27,189,0,193,0,250,0,219,0,87,0,37,0,17,0,12,0,11,
0,21,254,242,253,32,0,249,255,240,252,67,5,170,2,207,247,109,193,0,193,0,250,0,219,0,88,0,37,0,18,0,13,0,11,
0,21,254,246,253,18,0,249,255,240,252,67,5,170,2,30,247,29,189,0,193,0,250,0,219,0,87,0,36,0,17,0,12,0,11,
0,21,254,246,253,14,0,249,255,240,252,67,5,253,2,30,247,29,189,0,193,0,249,0,218,0,87,0,37,0,18,0,13,0,11,
0,3,254,249,253,14,0,223,255,63,253,225,5,156,1,77,247,86,188,0,193,0,249,0,218,0,87,0,37,0,18,0,13,0,11,
0,253,253,247,253,29,0,223,255,63,253,225,5,72,1,147,247,110,190,0,193,0,249,0,219,0,87,0,36,0,17,0,12,0,11,
0,255,253,233,253,27,0,223,255,63,253,225,5,226,2,169,247,240,191,0,192,0,248,0,218,0,87,0,37,0,18,0,13,0,11,
0,255,253,233,253,27,0,223,255,63,253,225,5,226,2,169,247,168,188,0,193,0,249,0,219,0,87,0,36,0,17,0,12,0,11,
0,247,253,218,253,25,0,223,255,63,253,225,5,1,3,248,246,168,188,0,192,0,248,0,219,0,87,0,37,0,18,0,13,0,11,
0,237,253,216,253,255,255,223,255,63,253,225,5,148,1,61,247,93,189,0,193,0,248,0,219,0,87,0,36,0,17,0,12,0,11,
0,233,253,242,253,1,0,223,255,63,253,225,5,131,1,179,247,4,192,0,192,0,248,0,219,0,87,0,36,0,17,0,12,0,11,
0,233,253,242,253,1,0,223,255,63,253,225,5,122,2,246,246,55,190,0,192,0,247,0,219,0,87,0,37,0,18,0,13,0,11,
0,241,253,246,253,11,0,223,255,63,253,225,5,122,2,246,246,55,190,0,192,0,248,0,219,0,87,0,36,0,17,0,12,0,11,
0,213,253,225,253,243,255,223,255,63,253,225,5,74,1,59,247,139,189,0,191,0,247,0,219,0,87,0,37,0,18,0,13,0,11,
0,227,253,225,253,236,255,223,255,63,253,225,6,59,2,91,247,93,191,0,192,0,247,0,219,0,87,0,37,0,18,0,13,0,11,
0,227,253,225,253,236,255,235,255,16,253,152,6,104,2,84,247,69,191,0,191,0,247,0,219,0,87,0,37,0,18,0,13,0,11,
0,241,253,230,253,232,255,235,255,16,253,152,6,104,2,84,247,158,189,0,191,0,247,0,219,0,87,0,37,0,18,0,13,0,11,
0,244,253,247,253,244,255,235,255,16,253,152,6,42,2,53,247,158,189,0,191,0,247,0,220,0,87,0,37,0,17,0,12,0,11,
0,244,253,247,253,213,255,235,255,16,253,152,6,75,1,98,247,255,189,0,191,0,246,0,219,0,87,0,32,0,17,0,13,0,12,
0,226,253,1,254,213,255,235,255,16,253,152,6,224,1,58,247,220,190,0,191,0,246,0,219,0,87,0,33,0,17,0,13,0,12,
0,214,253,19,254,194,255,235,255,16,253,152,6,14,2,15,247,37,190,0,191,0,246,0,219,0,87,0,34,0,17,0,13,0,12,
0,238,253,15,254,191,255,235,255,16,253,152,6,14,2,15,247,37,190,0,190,0,246,0,219,0,87,0,35,0,17,0,13,0,11,
0,238,253,15,254,191,255,235,255,16,253,152,6,42,2,227,246,78,189,0,191,0,246,0,219,0,87,0,35,0,16,0,12,0,11,
0,226,253,25,254,197,255,235,255,16,253,152,6,115,1,31,247,197,189,0,190,0,246,0,219,0,87,0,36,0,17,0,12,0,11,
0,216,253,56,254,200,255,235,255,16,253,152,6,210,1,21,247,107,191,0,190,0,246,0,219,0,87,0,35,0,17,0,12,0,11,
0,252,253,43,254,189,255,65,0,190,252,206,6,210,1,21,247,39,191,0,190,0,245,0,219,0,87,0,36,0,17,0,12,0,11,
0,252,253,43,254,189,255,65,0,190,252,206,6,111,2,21,247,39,191,0,190,0,245,0,219,0,87,0,36,0,17,0,13,0,11,
0,209,253,50,254,177,255,65,0,190,252,206,6,170,1,225,246,133,189,0,190,0,245,0,219,0,87,0,36,0,17,0,12,0,11,
0,195,253,77,254,189,255,65,0,190,252,206,6,80,1,25,247,250,190,0,189,0,244,0,218,0,87,0,36,0,18,0,13,0,11,
0,232,253,77,254,192,255,65,0,190,252,206,6,43,2,171,246,53,191,0,188,0,245,0,218,0,87,0,36,0,17,0,13,0,11,
0,232,253,86,254,192,255,65,0,190,252,206,6,43,2,171,246,194,189,0,189,0,245,0,219,0,87,0,36,0,18,0,13,0,11,
0,251,253,70,254,191,255,65,0,190,252,206,6,144,1,155,246,194,189,0,188,0,244,0,218,0,87,0,37,0,18,0,13,0,11,
0,14,254,86,254,165,255,65,0,190,252,206,6,175,1,188,246,183,189,0,188,0,244,0,218,0,87,0,36,0,17,0,12,0,11,
0,14,254,86,254,156,255,65,0,190,252,206,6,98,1,205,246,250,190,0,187,0,244,0,218,0,87,0,37,0,17,0,13,0,11,
0,229,253,125,254,156,255,65,0,190,252,206,6,98,1,253,246,48,191,0,187,0,244,0,218,0,87,0,37,0,18,0,13,0,11,
0,180,253,122,254,166,255,243,255,2,253,254,5,78,2,253,246,48,191,0,187,0,244,0,218,0,87,0,36,0,17,0,12,0,11,
0,157,253,175,254,152,255,243,255,2,253,254,5,64,1,11,247,241,190,0,187,0,244,0,218,0,87,0,37,0,18,0,13,0,11,
0,157,253,175,254,152,255,243,255,2,253,254,5,170,1,234,246,151,192,0,187,0,244,0,218,0,87,0,36,0,17,0,12,0,11,
0,159,253,195,254,187,255,243,255,2,253,254,5,174,2,173,246,91,191,0,187,0,243,0,217,0,87,0,37,0,18,0,13,0,11,
0,185,253,182,254,158,255,243,255,2,253,254,5,174,2,173,246,110,189,0,187,0,243,0,217,0,87,0,41,0,19,0,13,0,11,
0,155,253,192,254,142,255,243,255,2,253,254,5,67,2,90,246,110,189,0,187,0,243,0,217,0,87,0,40,0,19,0,13,0,11,
0,155,253,192,254,142,255,243,255,2,253,254,5,227,0,225,246,157,189,0,187,0,242,0,217,0,87,0,40,0,19,0,13,0,11,
0,169,253,180,254,141,255,243,255,2,253,254,5,166,0,128,247,199,191,0,188,0,242,0,218,0,86,0,38,0,17,0,12,0,11,
0,201,253,180,254,135,255,243,255,2,253,254,5,212,1,245,246,215,192,0,188,0,242,0,217,0,87,0,38,0,18,0,13,0,11,
0,201,253,180,254,130,255,243,255,2,253,254,5,212,1,245,246,215,192,0,188,0,242,0,217,0,86,0,37,0,18,0,13,0,11,
0,179,253,187,254,130,255,39,0,233,252,241,5,204,2,107,246,161,189,0,188,0,242,0,218,0,86,0,37,0,17,0,12,0,11,
0,191,253,198,254,119,255,39,0,233,252,241,5,20,2,242,246,5,190,0,188,0,242,0,218,0,86,0,37,0,17,0,12,0,11,
0,189,253,205,254,128,255,39,0,233,252,241,5,116,1,57,247,2,191,0,187,0,241,0,217,0,87,0,37,0,18,0,13,0,11,
0,189,253,205,254,117,255,39,0,233,252,241,5,116,1,102,247,183,191,0,187,0,241,0,217,0,87,0,37,0,18,0,12,0,11,
0,122,253,203,254,117,255,39,0,233,252,241,5,126,1,102,247,183,191,0,187,0,241,0,217,0,87,0,37,0,18,0,13,0,11,
0,107,253,235,254,102,255,39,0,233,252,241,5,101,2,66,247,114,191,0,187,0,241,0,218,0,86,0,36,0,17,0,12,0,11,
0,140,253,4,255,107,255,39,0,233,252,241,5,102,2,240,246,97,190,0,187,0,241,0,217,0,86,0,36,0,17,0,12,0,11,
0,140,253,4,255,107,255,39,0,233,252,241,5,147,1,2,247,22,190,0,187,0,240,0,217,0,87,0,37,0,18,0,13,0,11,
0,113,253,252,254,118,255,39,0,233,252,241,5,147,1,2,247,22,191,0,187,0,240,0,217,0,87,0,37,0,18,0,13,0,11,
0,59,253,18,255,125,255,39,0,233,252,241,5,245,1,37,247,14,191,0,186,0,239,0,217,0,87,0,36,0,18,0,13,0,11,
0,64,253,5,255,121,255,39,0,245,252,130,5,1,2,158,247,195,190,0,186,0,240,0,217,0,86,0,36,0,17,0,13,0,11,
0,64,253,5,255,121,255,17,0,245,252,130,5,197,1,99,247,89,191,0,186,0,240,0,217,0,86,0,36,0,17,0,12,0,11,
0,156,253,26,255,110,255,17,0,245,252,130,5,197,1,138,247,207,192,0,186,0,239,0,217,0,87,0,36,0,18,0,13,0,11,
0,185,253,51,255,113,255,17,0,245,252,130,5,53,2,138,247,207,192,0,185,0,239,0,216,0,87,0,36,0,17,0,13,0,11,
0,185,253,51,255,104,255,17,0,245,252,130,5,212,2,104,247,186,190,0,185,0,239,0,216,0,86,0,36,0,18,0,13,0,11,
0,150,253,10,255,104,255,17,0,245,252,130,5,56,2,10,247,123,189,0,185,0,240,0,216,0,86,0,36,0,17,0,12,0,11,
0,137,253,39,255,85,255,17,0,245,252,130,5,150,1,191,247,119,190,0,185,0,239,0,216,0,86,0,36,0,17,0,12,0,11,
0,124,253,41,255,84,255,17,0,245,252,130,5,150,1,191,247,247,191,0,184,0,239,0,215,0,86,0,36,0,18,0,13,0,11,
0,124,253,41,255,77,255,17,0,245,252,130,5,225,1,8,248,247,191,0,184,0,239,0,215,0,86,0,36,0,17,0,12,0,11,
0,126,253,49,255,77,255,17,0,245,252,130,5,145,2,197,247,150,192,0,184,0,239,0,215,0,86,0,36,0,17,0,13,0,11,
0,96,253,67,255,86,255,17,0,245,252,130,5,28,3,16,248,30,191,0,183,0,239,0,215,0,85,0,35,0,17,0,12,0,11,
0,116,253,71,255,75,255,2,0,245,252,126,6,28,3,172,247,245,190,0,183,0,239,0,214,0,86,0,36,0,17,0,13,0,11,
0,116,253,71,255,75,255,2,0,245,252,126,6,13,3,172,247,245,190,0,183,0,239,0,215,0,85,0,35,0,17,0,12,0,11,
0,73,253,69,255,62,255,2,0,245,252,126,6,11,2,253,247,59,190,0,182,0,239,0,214,0,85,0,36,0,18,0,13,0,11,
0,67,253,51,255,87,255,2,0,245,252,126,6,20,2,72,248,220,191,0,182,0,239,0,214,0,86,0,36,0,17,0,12,0,11,
0,85,253,54,255,93,255,2,0,245,252,126,6,253,2,104,248,241,191,0,181,0,239,0,215,0,85,0,35,0,17,0,12,0,11,
0,85,253,54,255,93,255,2,0,245,252,126,6,253,2,104,248,30,191,0,181,0,239,0,215,0,85,0,35,0,17,0,12,0,11,
0,108,253,72,255,87,255,2,0,245,252,126,6,62,3,18,248,30,191,0,181,0,239,0,214,0,85,0,36,0,18,0,13,0,11,
0,130,253,61,255,79,255,2,0,245,252,126,6,252,2,21,248,185,189,0,180,0,238,0,214,0,85,0,36,0,17,0,12,0,11,
0,130,253,61,255,96,255,2,0,245,252,126,6,74,2,183,248,118,191,0,180,0,239,0,214,0,85,0,36,0,18,0,13,0,11,
0,109,253,34,255,96,255,2,0,245,252,126,6,10,3,198,248,99,192,0,180,0,239,0,215,0,85,0,35,0,17,0,12,0,11,
0,97,253,16,255,106,255,107,0,224,252,101,6,10,3,198,248,99,192,0,179,0,238,0,214,0,85,0,36,0,18,0,13,0,12,
0,79,253,18,255,92,255,107,0,224,252,101,6,80,3,74,248,239,190,0,179,0,239,0,215,0,85,0,35,0,17,0,12,0,11,
0,79,253,18,255,92,255,107,0,224,252,101,6,250,2,121,248,146,190,0,178,0,238,0,215,0,86,0,36,0,18,0,13,0,11,
0,76,253,43,255,68,255,107,0,224,252,101,6,196,2,181,248,94,190,0,178,0,238,0,215,0,85,0,36,0,17,0,13,0,11,
0,97,253,35,255,48,255,107,0,224,252,101,6,196,2,204,248,94,191,0,178,0,239,0,215,0,85,0,36,0,17,0,12,0,11,
0,122,253,52,255,68,255,107,0,224,252,101,6,253,2,204,248,94,191,0,178,0,239,0,215,0,85,0,36,0,17,0,12,0,11,
0,122,253,52,255,68,255,107,0,224,252,101,6,40,3,231,248,144,191,0,177,0,238,0,215,0,86,0,36,0,18,0,13,0,11,
0,115,253,50,255,59,255,107,0,224,252,101,6,98,3,18,249,146,191,0,177,0,239,0,215,0,85,0,36,0,17,0,13,0,11,
0,130,253,39,255,47,255,107,0,224,252,101,6,126,3,167,248,101,190,0,177,0,239,0,215,0,85,0,35,0,17,0,12,0,11,
0,146,253,34,255,48,255,107,0,224,252,101,6,126,3,167,248,101,189,0,177,0,239,0,216,0,85,0,35,0,17,0,12,0,11,
0,146,253,34,255,48,255,45,0,0,253,136,5,39,3,250,248,242,189,0,177,0,238,0,215,0,85,0,36,0,18,0,13,0,11,
0,111,253,22,255,73,255,45,0,0,253,136,5,15,3,85,249,13,192,0,177,0,239,0,216,0,85,0,35,0,17,0,12,0,10,
0,114,253,20,255,77,255,45,0,0,253,136,5,170,3,231,248,139,191,0,177,0,239,0,215,0,86,0,36,0,17,0,13,0,11,
0,114,253,20,255,69,255,45,0,0,253,136,5,170,3,10,249,208,190,0,177,0,239,0,215,0,86,0,36,0,18,0,13,0,11,
0,117,253,13,255,69,255,45,0,0,253,136,5,104,3,10,249,208,190,0,177,0,239,0,215,0,86,0,36,0,17,0,13,0,11,
0,95,253,26,255,59,255,45,0,0,253,136,5,48,3,172,248,69,190,0,177,0,239,0,215,0,85,0,36,0,17,0,13,0,11,
0,88,253,35,255,54,255,45,0,0,253,136,5,162,2,222,248,85,191,0,178,0,239,0,216,0,85,0,35,0,16,0,12,0,11,
0,88,253,35,255,54,255,45,0,0,253,136,5,244,2,124,249,227,191,0,177,0,239,0,215,0,85,0,35,0,17,0,13,0,11,
0,88,253,21,255,68,255,45,0,0,253,136,5,244,2,124,249,229,191,0,177,0,238,0,215,0,86,0,36,0,17,0,13,0,11,
0,90,253,255,254,68,255,45,0,0,253,136,5,200,3,248,248,229,191,0,178,0,239,0,216,0,85,0,36,0,17,0,12,0,11,
0,78,253,242,254,68,255,103,0,130,252,103,6,54,3,229,248,45,190,0,178,0,238,0,216,0,86,0,36,0,18,0,13,0,11,
0,78,253,242,254,68,255,103,0,130,252,103,6,57,3,250,248,189,190,0,179,0,239,0,217,0,86,0,36,0,17,0,12,0,11,
0,121,253,225,254,80,255,103,0,130,252,103,6,82,2,51,249,174,191,0,179,0,239,0,216,0,86,0,36,0,18,0,13,0,11,
0,148,253,214,254,129,255,103,0,130,252,103,6,82,2,51,249,174,191,0,179,0,239,0,216,0,86,0,36,0,18,0,13,0,12,
0,145,253,182,254,126,255,103,0,130,252,103,6,10,3,41,249,90,193,0,179,0,239,0,216,0,86,0,36,0,17,0,12,0,11,
0,145,253,182,254,126,255,103,0,130,252,103,6,25,4,241,248,138,191,0,179,0,239,0,216,0,86,0,36,0,18,0,13,0,11,
0,142,253,197,254,77,255,103,0,130,252,103,6,146,3,122,248,67,190,0,180,0,239,0,216,0,86,0,36,0,17,0,12,0,11,
0,98,253,225,254,81,255,103,0,130,252,103,6,146,3,122,248,231,190,0,180,0,239,0,216,0,86,0,36,0,17,0,13,0,11,
0,98,253,225,254,67,255,103,0,130,252,103,6,217,2,228,248,231,190,0,180,0,239,0,215,0,86,0,36,0,18,0,13,0,11,
0,100,253,164,254,67,255,103,0,130,252,103,6,102,2,140,249,43,192,0,180,0,239,0,216,0,85,0,36,0,17,0,12,0,11,
0,102,253,142,254,47,255,103,0,130,252,103,6,29,3,247,248,33,192,0,180,0,239,0,216,0,86,0,30,0,17,0,13,0,12,
0,116,253,152,254,86,255,86,0,215,252,113,5,40,3,19,249,203,191,0,181,0,239,0,216,0,85,0,31,0,16,0,12,0,11,
0,116,253,152,254,86,255,86,0,215,252,113,5,40,3,19,249,203,191,0,181,0,239,0,215,0,86,0,33,0,17,0,13,0,11,
0,85,253,173,254,86,255,86,0,215,252,113,5,68,3,190,248,160,190,0,181,0,239,0,215,0,86,0,33,0,16,0,13,0,11,
0,60,253,169,254,98,255,86,0,215,252,113,5,155,2,253,248,40,191,0,181,0,239,0,215,0,85,0,34,0,16,0,12,0,11,
0,104,253,155,254,100,255,86,0,215,252,113,5,61,3,206,248,136,191,0,182,0,239,0,215,0,85,0,35,0,17,0,13,0,11,
0,104,253,155,254,100,255,86,0,215,252,113,5,61,3,18,249,70,191,0,182,0,239,0,215,0,85,0,35,0,16,0,12,0,11,
0,134,253,139,254,86,255,86,0,215,252,113,5,163,2,18,249,70,191,0,182,0,239,0,214,0,86,0,35,0,17,0,13,0,11,
0,115,253,150,254,93,255,86,0,215,252,113,5,23,2,59,249,37,192,0,182,0,239,0,214,0,86,0,36,0,17,0,13,0,11,
0,97,253,149,254,114,255,86,0,215,252,113,5,190,2,105,249,4,193,0,183,0,239,0,214,0,85,0,35,0,16,0,12,0,11,
0,97,253,149,254,114,255,86,0,215,252,113,5,114,3,12,249,54,191,0,183,0,239,0,214,0,85,0,35,0,17,0,12,0,11,
0,64,253,140,254,96,255,110,0,180,252,84,6,114,3,12,249,193,190,0,183,0,239,0,213,0,85,0,36,0,18,0,13,0,11,
0,63,253,126,254,105,255,110,0,180,252,84,6,193,2,219,248,193,190,0,183,0,239,0,213,0,85,0,35,0,17,0,13,0,11,
0,63,253,126,254,128,255,110,0,180,252,84,6,118,1,56,249,178,191,0,184,0,239,0,213,0,85,0,36,0,18,0,13,0,11,
0,67,253,118,254,128,255,110,0,180,252,84,6,17,2,160,249,81,193,0,185,0,239,0,213,0,85,0,35,0,17,0,12,0,11,
0,98,253,115,254,121,255,110,0,180,252,84,6,17,2,61,249,184,192,0,185,0,239,0,212,0,85,0,36,0,17,0,13,0,11,
0,126,253,134,254,130,255,110,0,180,252,84,6,202,2,61,249,184,192,0,185,0,239,0,212,0,84,0,35,0,17,0,12,0,11,
0,126,253,134,254,130,255,110,0,180,252,84,6,236,2,253,248,0,191,0,185,0,239,0,212,0,85,0,36,0,18,0,13,0,11,
0,71,253,141,254,111,255,110,0,180,252,84,6,2,2,66,249,3,190,0,186,0,239,0,211,0,84,0,35,0,17,0,13,0,11,
0,38,253,138,254,98,255,110,0,180,252,84,6,38,1,198,249,228,191,0,186,0,239,0,211,0,84,0,35,0,16,0,12,0,11,
0,28,253,124,254,117,255,110,0,180,252,84,6,38,1,198,249,251,193,0,187,0,239,0,211,0,84,0,35,0,17,0,13,0,11,
0,28,253,124,254,117,255,164,0,77,252,27,6,242,1,217,249,251,193,0,187,0,239,0,211,0,83,0,35,0,17,0,12,0,10,
0,60,253,123,254,97,255,164,0,77,252,27,6,134,2,201,249,11,193,0,187,0,238,0,210,0,84,0,40,0,18,0,12,0,11,
0,65,253,160,254,95,255,164,0,77,252,27,6,56,2,75,249,148,189,0,188,0,238,0,210,0,83,0,38,0,18,0,12,0,11,
0,65,253,157,254,105,255,164,0,77,252,27,6,95,1,221,249,149,190,0,189,0,239,0,209,0,83,0,37,0,17,0,12,0,10,
0,65,253,157,254,105,255,164,0,77,252,27,6,95,1,221,249,149,190,0,190,0,239,0,209,0,83,0,36,0,17,0,12,0,11,
0,60,253,165,254,109,255,164,0,77,252,27,6,248,0,76,250,193,192,0,190,0,238,0,208,0,83,0,37,0,18,0,13,0,11,
0,74,253,189,254,121,255,164,0,77,252,27,6,107,2,2,250,154,192,0,190,0,238,0,208,0,83,0,36,0,17,0,12,0,11,
0,74,253,189,254,103,255,164,0,77,252,27,6,28,2,158,249,72,189,0,191,0,238,0,208,0,83,0,36,0,17,0,13,0,11,
0,101,253,196,254,103,255,164,0,77,252,27,6,28,2,158,250,106,190,0,191,0,238,0,208,0,82,0,35,0,17,0,12,0,11,
0,93,253,195,254,106,255,164,0,77,252,27,6,12,1,40,250,106,190,0,192,0,238,0,207,0,82,0,35,0,16,0,12,0,11,
0,84,253,175,254,76,255,102,0,181,252,213,5,94,1,135,250,82,192,0,192,0,238,0,208,0,82,0,35,0,17,0,12,0,11,
0,84,253,175,254,76,255,102,0,181,252,213,5,75,1,48,250,83,192,0,192,0,238,0,207,0,82,0,35,0,16,0,13,0,11,
0,103,253,203,254,84,255,102,0,181,252,213,5,52,1,42,250,7,192,0,193,0,238,0,207,0,82,0,35,0,16,0,12,0,11,
0,105,253,213,254,82,255,102,0,181,252,213,5,52,1,42,250,7,192,0,193,0,238,0,207,0,81,0,35,0,15,0,12,0,11,
0,119,253,205,254,94,255,102,0,181,252,213,5,180,1,105,250,16,191,0,193,0,238,0,207,0,82,0,35,0,16,0,12,0,11,
0,119,253,205,254,94,255,102,0,181,252,213,5,37,1,29,250,141,190,0,194,0,238,0,207,0,81,0,34,0,16,0,12,0,11,
0,104,253,219,254,93,255,102,0,181,252,213,5,171,0,132,250,150,191,0,194,0,238,0,206,0,82,0,35,0,16,0,12,0,11,
0,100,253,214,254,77,255,102,0,181,252,213,5,171,0,179,250,49,192,0,194,0,238,0,207,0,81,0,34,0,16,0,12,0,11,
0,90,253,214,254,69,255,102,0,181,252,213,5,140,1,179,250,49,192,0,195,0,238,0,207,0,81,0,34,0,16,0,12,0,10,
0,90,253,239,254,69,255,102,0,181,252,213,5,124,1,65,250,234,189,0,195,0,238,0,207,0,81,0,34,0,16,0,12,0,11,
0,66,253,17,255,73,255,102,0,181,252,213,5,165,0,2,251,12,191,0,195,0,238,0,207,0,81,0,34,0,15,0,11,0,10,
0,58,253,2,255,97,255,68,0,162,252,79,6,227,0,192,250,62,192,0,194,0,238,0,207,0,81,0,34,0,16,0,12,0,11,
0,58,253,2,255,111,255,68,0,162,252,79,6,227,0,192,250,252,191,0,195,0,238,0,207,0,82,0,34,0,16,0,12,0,11,
0,69,253,36,255,111,255,68,0,162,252,79,6,82,1,228,250,252,191,0,195,0,239,0,208,0,81,0,33,0,17,0,12,0,11,
0,98,253,72,255,77,255,68,0,162,252,79,6,144,1,10,251,7,192,0,195,0,239,0,208,0,81,0,34,0,17,0,12,0,11,
0,93,253,93,255,42,255,68,0,162,252,79,6,78,1,234,250,193,189,0,195,0,239,0,208,0,82,0,34,0,17,0,13,0,11,
0,93,253,93,255,42,255,68,0,162,252,79,6,78,0,213,250,118,190,0,195,0,239,0,208,0,81,0,34,0,17,0,12,0,11,
0,91,253,81,255,76,255,68,0,162,252,79,6,241,0,213,250,118,190,0,196,0,240,0,209,0,81,0,34,0,16,0,13,0,11,
0,112,253,62,255,86,255,68,0,162,252,79,6,214,0,33,251,62,191,0,195,0,240,0,209,0,82,0,35,0,16,0,12,0,11,
0,153,253,71,255,87,255,68,0,162,252,79,6,27,1,63,251,235,191,0,196,0,241,0,210,0,82,0,34,0,16,0,12,0,11,
0,153,253,71,255,87,255,68,0,162,252,79,6,209,1,2,251,102,191,0,196,0,240,0,210,0,83,0,35,0,18,0,13,0,11,
0,140,253,104,255,74,255,64,0,168,252,181,5,209,1,2,251,132,191,0,196,0,241,0,210,0,83,0,35,0,17,0,13,0,11,
0,126,253,133,255,60,255,64,0,168,252,181,5,48,2,197,250,132,191,0,196,0,241,0,210,0,83,0,35,0,17,0,13,0,11,
0,162,253,133,255,33,255,64,0,168,252,181,5,141,1,195,250,168,188,0,196,0,241,0,211,0,83,0,35,0,17,0,12,0,11,
0,162,253,120,255,33,255,64,0,168,252,181,5,226,0,91,251,152,190,0,196,0,241,0,211,0,83,0,35,0,17,0,13,0,11,
0,157,253,128,255,41,255,64,0,168,252,181,5,210,1,78,251,166,192,0,197,0,242,0,212,0,83,0,34,0,16,0,12,0,11,
0,120,253,144,255,44,255,64,0,168,252,181,5,210,1,78,251,166,192,0,196,0,242,0,212,0,83,0,35,0,17,0,12,0,11,
0,120,253,144,255,52,255,64,0,168,252,181,5,198,2,1,251,118,191,0,196,0,242,0,213,0,84,0,35,0,17,0,12,0,11,
0,156,253,167,255,52,255,64,0,168,252,181,5,63,2,145,250,14,189,0,197,0,243,0,214,0,84,0,35,0,16,0,12,0,11,
0,186,253,160,255,40,255,64,0,168,252,181,5,64,2,237,250,243,189,0,197,0,243,0,214,0,84,0,35,0,17,0,13,0,11,
0,176,253,138,255,14,255,64,0,168,252,181,5,64,2,78,251,110,190,0,197,0,243,0,215,0,84,0,35,0,16,0,12,0,11,
0,176,253,138,255,14,255,66,0,158,252,147,6,0,2,78,251,110,190,0,197,0,243,0,215,0,84,0,35,0,17,0,13,0,11,
0,160,253,165,255,6,255,66,0,158,252,147,6,150,2,3,251,124,191,0,197,0,243,0,216,0,85,0,35,0,17,0,13,0,11,
0,196,253,214,255,4,255,66,0,158,252,147,6,48,3,240,250,222,191,0,197,0,244,0,216,0,85,0,35,0,17,0,12,0,11,
0,199,253,212,255,252,254,66,0,158,252,147,6,164,2,14,251,69,190,0,197,0,244,0,216,0,85,0,36,0,17,0,13,0,11,
0,199,253,212,255,252,254,66,0,158,252,147,6,164,2,14,251,69,191,0,198,0,244,0,217,0,85,0,35,0,17,0,12,0,11,
0,177,253,211,255,9,255,66,0,158,252,147,6,206,2,197,250,85,191,0,197,0,244,0,217,0,86,0,36,0,17,0,13,0,11,
0,179,253,206,255,4,255,66,0,158,252,147,6,198,2,236,250,102,190,0,198,0,244,0,217,0,86,0,36,0,18,0,13,0,11,
0,209,253,206,255,255,254,66,0,158,252,147,6,144,2,165,250,59,190,0,198,0,245,0,218,0,86,0,36,0,17,0,12,0,11,
0,209,253,189,255,255,254,66,0,158,252,147,6,144,2,142,250,91,191,0,198,0,244,0,218,0,86,0,36,0,18,0,13,0,11,
0,204,253,210,255,35,255,66,0,158,252,147,6,112,2,142,250,91,191,0,198,0,245,0,218,0,86,0,36,0,17,0,12,0,11,
0,230,253,219,255,53,255,100,0,107,252,75,6,11,3,227,250,115,192,0,198,0,245,0,218,0,87,0,36,0,18,0,13,0,11,
0,230,253,219,255,70,255,100,0,107,252,75,6,220,3,134,250,89,191,0,198,0,245,0,218,0,87,0,36,0,18,0,13,0,11,
0,245,253,223,255,70,255,100,0,107,252,75,6,34,3,94,250,82,189,0,199,0,245,0,219,0,87,0,36,0,17,0,13,0,11,
0,230,253,232,255,69,255,100,0,107,252,75,6,34,3,94,250,162,190,0,198,0,245,0,219,0,87,0,37,0,18,0,13,0,11,
0,240,253,219,255,59,255,100,0,107,252,75,6,10,2,165,250,162,190,0,199,0,246,0,219,0,87,0,36,0,17,0,12,0,11,
0,240,253,219,255,59,255,100,0,107,252,75,6,106,2,233,250,75,192,0,198,0,245,0,219,0,87,0,36,0,17,0,12,0,11,
0,226,253,195,255,33,255,100,0,107,252,75,6,237,3,8,250,31,191,0,199,0,246,0,219,0,87,0,37,0,18,0,13,0,11,
0,216,253,197,255,7,255,100,0,107,252,75,6,237,3,243,249,209,188,0,199,0,246,0,220,0,87,0,36,0,17,0,12,0,11,
0,242,253,225,255,244,254,100,0,107,252,75,6,128,3,243,249,209,188,0,199,0,246,0,220,0,87,0,37,0,18,0,13,0,11,
0,242,253,225,255,244,254,100,0,107,252,75,6,84,2,130,250,87,191,0,200,0,247,0,220,0,87,0,36,0,17,0,12,0,10,
0,254,253,208,255,253,254,100,0,107,252,75,6,44,3,90,250,106,192,0,199,0,246,0,219,0,87,0,36,0,17,0,12,0,11,
0,24,254,189,255,251,254,91,0,113,252,133,6,164,3,6,250,226,192,0,199,0,246,0,220,0,87,0,37,0,18,0,13,0,11,
0,24,254,189,255,0,255,91,0,113,252,133,6,164,3,6,250,178,189,0,200,0,247,0,220,0,87,0,36,0,17,0,12,0,11,
0,29,254,186,255,0,255,91,0,113,252,133,6,186,3,178,249,178,189,0,200,0,247,0,220,0,87,0,36,0,17,0,12,0,11,
0,246,253,168,255,15,255,91,0,113,252,133,6,192,2,169,249,112,188,0,199,0,246,0,219,0,87,0,37,0,18,0,13,0,11,
0,235,253,196,255,27,255,91,0,113,252,133,6,106,2,34,250,183,191,0,199,0,246,0,219,0,87,0,37,0,18,0,12,0,11,
0,235,253,196,255,8,255,91,0,113,252,133,6,174,3,190,249,220,192,0,199,0,246,0,219,0,87,0,37,0,18,0,13,0,11,
0,227,253,183,255,8,255,91,0,113,252,133,6,174,3,190,249,220,192,0,199,0,247,0,219,0,87,0,31,0,17,0,13,0,12,
0,191,253,148,255,246,254,91,0,113,252,133,6,219,3,153,249,82,190,0,199,0,246,0,219,0,87,0,33,0,17,0,13,0,12,
0,169,253,164,255,248,254,91,0,113,252,133,6,169,2,106,249,73,189,0,200,0,247,0,219,0,87,0,33,0,16,0,12,0,11,
0,169,253,164,255,248,254,91,0,113,252,133,6,127,2,63,250,187,191,0,199,0,246,0,218,0,87,0,35,0,17,0,13,0,12,
0,171,253,162,255,252,254,76,0,139,252,50,6,127,2,195,249,7,192,0,200,0,246,0,218,0,87,0,35,0,17,0,13,0,11,
0,140,253,172,255,249,254,76,0,139,252,50,6,241,2,195,249,7,192,0,200,0,246,0,217,0,87,0,35,0,17,0,12,0,11,
0,186,253,152,255,226,254,76,0,139,252,50,6,176,3,151,249,206,191,0,200,0,246,0,217,0,87,0,35,0,17,0,12,0,11,
0,186,253,152,255,226,254,76,0,139,252,50,6,50,3,76,249,149,189,0,200,0,245,0,216,0,87,0,36,0,18,0,13,0,11,
0,221,253,130,255,217,254,76,0,139,252,50,6,228,2,127,249,146,190,0,200,0,245,0,216,0,86,0,36,0,17,0,12,0,11,
0,186,253,126,255,247,254,76,0,139,252,50,6,228,2,127,249,58,191,0,201,0,245,0,215,0,86,0,36,0,18,0,13,0,11,
0,186,253,126,255,245,254,76,0,139,252,50,6,192,2,188,249,58,191,0,202,0,245,0,215,0,86,0,36,0,17,0,12,0,11,
0,147,253,142,255,245,254,76,0,139,252,50,6,147,2,129,249,142,190,0,201,0,245,0,214,0,86,0,36,0,18,0,13,0,11,
0,148,253,159,255,223,254,76,0,139,252,50,6,129,2,149,249,44,190,0,202,0,245,0,214,0,85,0,36,0,17,0,12,0,11,
0,138,253,149,255,252,254,76,0,139,252,50,6,129,2,247,249,101,191,0,203,0,244,0,213,0,85,0,36,0,17,0,12,0,11,
0,138,253,149,255,236,254,149,0,59,252,139,6,30,2,247,249,101,191,0,203,0,245,0,213,0,85,0,35,0,17,0,12,0,11,
0,158,253,145,255,236,254,149,0,59,252,139,6,212,2,219,249,111,192,0,203,0,244,0,212,0,85,0,35,0,17,0,12,0,11,
0,145,253,151,255,236,254,149,0,59,252,139,6,50,3,120,249,142,191,0,204,0,244,0,212,0,84,0,35,0,17,0,12,0,11,
0,138,253,100,255,205,254,149,0,59,252,139,6,149,3,107,249,1,190,0,203,0,244,0,211,0,85,0,36,0,18,0,13,0,11,
0,138,253,100,255,205,254,149,0,59,252,139,6,149,3,107,249,96,189,0,203,0,243,0,211,0,84,0,36,0,17,0,13,0,11,
0,143,253,116,255,166,254,149,0,59,252,139,6,209,2,199,249,96,189,0,204,0,244,0,211,0,84,0,36,0,18,0,13,0,11,
0,127,253,130,255,166,254,149,0,59,252,139,6,164,2,198,249,106,190,0,205,0,244,0,211,0,84,0,35,0,16,0,12,0,11,
0,97,253,117,255,186,254,149,0,59,252,139,6,169,2,174,249,21,191,0,204,0,243,0,210,0,84,0,36,0,18,0,13,0,11,
0,97,253,117,255,186,254,149,0,59,252,139,6,225,2,171,249,15,190,0,205,0,244,0,210,0,83,0,40,0,17,0,12,0,10,
0,89,253,114,255,206,254,149,0,59,252,139,6,225,2,171,249,15,190,0,205,0,243,0,210,0,84,0,39,0,18,0,13,0,11,
0,135,253,106,255,209,254,68,0,111,252,120,6,30,2,233,249,179,190,0,205,0,243,0,209,0,84,0,38,0,18,0,13,0,11,
0,135,253,106,255,172,254,68,0,111,252,120,6,112,2,21,250,206,191,0,206,0,243,0,209,0,83,0,37,0,17,0,12,0,11,
0,165,253,105,255,172,254,68,0,111,252,120,6,49,3,249,249,74,191,0,205,0,242,0,208,0,83,0,37,0,18,0,13,0,11,
0,130,253,91,255,176,254,68,0,111,252,120,6,49,3,249,249,246,188,0,206,0,242,0,208,0,83,0,36,0,17,0,12,0,11,
0,86,253,94,255,165,254,68,0,111,252,120,6,138,3,132,249,246,188,0,206,0,241,0,208,0,83,0,36,0,18,0,13,0,11,
0,86,253,94,255,165,254,68,0,111,252,120,6,44,2,231,249,122,188,0,206,0,241,0,207,0,82,0,36,0,16,0,12,0,11,
0,61,253,93,255,176,254,68,0,111,252,120,6,43,2,117,250,196,191,0,206,0,242,0,208,0,82,0,35,0,17,0,12,0,11,
0,54,253,103,255,175,254,68,0,111,252,120,6,85,2,48,250,52,191,0,207,0,241,0,207,0,82,0,34,0,15,0,12,0,11,
0,61,253,105,255,165,254,68,0,111,252,120,6,85,2,48,250,52,191,0,207,0,241,0,207,0,82,0,35,0,16,0,12,0,11,
0,61,253,105,255,165,254,68,0,111,252,120,6,102,3,225,249,15,190,0,207,0,240,0,207,0,82,0,35,0,16,0,12,0,10,
0,90,253,81,255,174,254,68,0,89,252,90,6,32,3,8,250,25,188,0,207,0,240,0,206,0,82,0,35,0,16,0,12,0,11,
0,116,253,58,255,158,254,94,0,89,252,90,6,30,2,95,250,163,189,0,208,0,240,0,207,0,81,0,34,0,16,0,12,0,11,
0,115,253,87,255,143,254,94,0,89,252,90,6,30,2,178,250,237,190,0,207,0,240,0,206,0,82,0,35,0,16,0,12,0,11,
0,115,253,87,255,143,254,94,0,89,252,90,6,89,2,178,250,237,190,0,208,0,240,0,206,0,81,0,34,0,16,0,12,0,11,
0,99,253,103,255,149,254,94,0,89,252,90,6,244,2,120,250,58,191,0,208,0,240,0,205,0,82,0,35,0,16,0,12,0,11,
0,59,253,107,255,114,254,94,0,89,252,90,6,34,3,9,250,244,188,0,208,0,239,0,206,0,81,0,34,0,16,0,12,0,11,
0,59,253,107,255,108,254,94,0,89,252,90,6,192,2,133,250,151,189,0,208,0,240,0,206,0,81,0,34,0,16,0,12,0,11,
0,41,253,126,255,108,254,94,0,89,252,90,6,192,2,133,250,60,189,0,208,0,239,0,205,0,81,0,34,0,16,0,12,0,11,
0,62,253,138,255,116,254,94,0,89,252,90,6,68,2,92,250,60,189,0,208,0,240,0,206,0,81,0,34,0,16,0,12,0,11,
0,74,253,96,255,119,254,94,0,89,252,90,6,63,2,125,250,215,190,0,208,0,239,0,206,0,81,0,34,0,16,0,12,0,11,
0,74,253,96,255,119,254,94,0,89,252,90,6,31,3,109,250,105,189,0,209,0,239,0,205,0,81,0,34,0,16,0,13,0,11,
0,78,253,74,255,101,254,84,0,94,252,36,6,31,3,141,250,145,189,0,209,0,239,0,206,0,81,0,34,0,16,0,12,0,11,
0,29,253,70,255,87,254,84,0,94,252,36,6,52,3,141,250,145,189,0,208,0,239,0,205,0,81,0,34,0,16,0,12,0,11,
0,36,253,77,255,90,254,84,0,94,252,36,6,165,2,147,250,227,188,0,209,0,239,0,206,0,81,0,33,0,15,0,12,0,11,
0,36,253,77,255,90,254,84,0,94,252,36,6,99,2,90,250,143,188,0,209,0,239,0,205,0,81,0,34,0,16,0,12,0,11,
0,78,253,91,255,84,254,84,0,94,252,36,6,30,2,147,250,71,189,0,209,0,239,0,206,0,81,0,34,0,16,0,12,0,11,
0,85,253,109,255,120,254,84,0,94,252,36,6,30,2,147,250,23,190,0,209,0,239,0,206,0,80,0,34,0,16,0,12,0,11,
0,87,253,81,255,136,254,84,0,94,252,36,6,81,2,165,250,23,190,0,209,0,239,0,206,0,80,0,33,0,16,0,12,0,11,
0,87,253,81,255,136,254,84,0,94,252,36,6,218,2,178,250,197,190,0,209,0,239,0,206,0,81,0,34,0,16,0,12,0,11,
0,61,253,103,255,127,254,84,0,94,252,36,6,126,3,109,250,227,189,0,209,0,238,0,206,0,81,0,34,0,16,0,12,0,10,
0,27,253,114,255,121,254,84,0,94,252,36,6,219,2,115,250,1,188,0,209,0,238,0,205,0,81,0,34,0,16,0,12,0,11,
0,27,253,114,255,116,254,34,0,103,252,235,5,219,2,115,250,1,188,0,209,0,238,0,206,0,80,0,33,0,15,0,12,0,11,
0,27,253,114,255,116,254,34,0,103,252,235,5,177,2,88,250,45,189,0,209,0,238,0,206,0,80,0,34,0,15,0,12,0,11,
0,73,253,119,255,108,254,34,0,103,252,235,5,196,1,1,251,68,189,0,209,0,238,0,205,0,81,0,34,0,16,0,12,0,11,
0,41,253,89,255,99,254,34,0,103,252,235,5,4,3,166,250,80,190,0,209,0,238,0,206,0,81,0,34,0,16,0,12,0,11,
0,41,253,89,255,99,254,34,0,103,252,235,5,4,3,166,250,161,189,0,209,0,238,0,205,0,81,0,34,0,16,0,12,0,11,
0,22,253,94,255,89,254,34,0,103,252,235,5,83,3,16,250,161,189,0,209,0,238,0,205,0,81,0,34,0,16,0,13,0,11,
0,236,252,115,255,87,254,34,0,103,252,235,5,42,3,82,250,53,188,0,209,0,237,0,205,0,81,0,34,0,16,0,13,0,11,
0,237,252,122,255,58,254,34,0,103,252,235,5,114,2,94,250,22,188,0,209,0,238,0,206,0,81,0,34,0,16,0,12,0,11,
0,237,252,122,255,58,254,34,0,103,252,235,5,88,2,157,250,62,190,0,209,0,238,0,205,0,81,0,34,0,16,0,12,0,11,
0,5,253,112,255,71,254,34,0,103,252,235,5,88,2,157,250,62,190,0,209,0,238,0,206,0,81,0,34,0,16,0,12,0,11,
0,243,252,100,255,86,254,132,0,33,252,174,6,187,2,123,250,156,188,0,207,0,239,0,208,0,81,0,34,0,17,0,12,0,11,
0,251,252,80,255,66,254,132,0,33,252,174,6,99,2,123,250,59,189,0,145,1,7,0,222,0,82,0,34,0,17,0,12,0,11,
0,251,252,80,255,66,254,132,0,33,252,174,6,70,2,191,251,133,203,0,143,1,37,1,11,0,89,0,36,0,16,0,13,0,11,
0,33,253,48,255,57,254,132,0,33,252,174,6,70,2,242,3,168,212,0,197,1,77,1,86,0,102,0,38,0,19,0,13,0,11,
0,15,254,149,254,57,254,132,0,33,252,174,6,68,8,242,3,168,212,0,236,1,80,1,85,0,111,0,40,0,19,0,13,0,12,
0,15,254,149,254,189,253,132,0,33,252,174,6,198,25,74,19,53,204,0,159,1,79,1,83,0,117,0,43,0,19,0,13,0,11,
0,8,255,99,254,189,253,132,0,33,252,174,6,123,31,41,2,94,214,0,133,1,76,1,76,0,122,0,46,0,18,0,13,0,10,
0,63,0,173,254,89,251,132,0,33,252,174,6,39,28,200,14,205,245,0,133,1,64,1,10,0,119,0,47,0,19,0,13,0,11,
0,30,4,28,252,44,249,132,0,33,252,174,6,39,28,200,14,242,20,0,134,1,25,0,141,0,103,0,45,0,18,0,11,0,9,
0,30,4,28,252,44,249,132,0,33,252,174,6,179,34,232,31,242,20,0,135,0,210,0,133,0,92,0,43,0,18,0,12,0,9,
0,142,9,21,246,245,249,136,0,90,252,54,6,241,33,224,27,149,17,0,136,0,154,0,134,0,83,0,41,0,17,0,12,0,9,
0,60,15,56,240,221,251,136,0,90,252,54,6,10,23,39,22,220,253,0,136,0,143,0,135,0,75,0,37,0,17,0,12,0,10,
0,143,19,9,238,159,253,136,0,90,252,54,6,10,23,114,17,115,245,0,137,0,144,0,136,0,69,0,35,0,16,0,11,0,9,
0,143,19,9,238,159,253,136,0,90,252,54,6,78,8,114,17,115,245,0,138,0,144,0,134,0,65,0,33,0,16,0,12,0,10,
0,176,21,32,240,40,0,136,0,90,252,54,6,160,254,197,10,192,241,0,140,0,141,0,134,0,61,0,31,0,16,0,12,0,11,
0,45,21,164,244,100,3,136,0,90,252,54,6,149,249,2,1,24,241,0,144,0,137,0,134,0,57,0,28,0,14,0,11,0,11,
0,251,18,13,249,144,5,136,0,90,252,54,6,71,245,124,249,109,230,0,149,0,136,0,133,0,55,0,27,0,14,0,12,0,11,
0,251,18,13,249,144,5,136,0,90,252,54,6,71,245,124,249,173,228,0,153,0,136,0,133,0,55,0,27,0,16,0,13,0,12,
0,202,15,85,252,44,6,136,0,90,252,54,6,163,241,88,245,173,228,0,159,0,136,0,134,0,53,0,25,0,14,0,12,0,12,
0,18,12,74,254,240,5,136,0,90,252,54,6,30,238,113,242,130,225,0,165,0,135,0,134,0,51,0,24,0,13,0,12,0,12,
0,18,12,74,254,215,5,136,0,90,252,54,6,0,238,141,236,44,217,0,171,0,136,0,136,0,51,0,24,0,13,0,12,0,12,
0,91,8,116,254,215,5,120,0,233,252,134,6,18,237,75,232,229,209,0,174,0,135,0,138,0,51,0,24,0,14,0,12,0,12,
0,34,5,221,252,94,5,120,0,233,252,134,6,18,237,75,232,229,209,0,175,0,136,0,147,0,51,0,22,0,14,0,11,0,11,
0,156,2,46,250,8,4,120,0,233,252,134,6,100,235,211,233,139,202,0,173,0,136,0,172,0,54,0,23,0,11,0,11,0,11,
0,156,2,46,250,8,4,120,0,233,252,134,6,98,236,132,236,254,194,0,170,0,137,0,208,0,59,0,19,0,13,0,12,0,11,
0,194,0,98,247,245,1,120,0,233,252,134,6,11,239,71,240,181,186,0,166,0,138,0,248,0,68,0,22,0,13,0,11,0,11,
0,183,255,225,245,25,0,120,0,233,252,134,6,11,239,1,245,4,182,0,162,0,139,1,28,0,78,0,25,0,12,0,11,0,10,
0,246,255,151,245,12,255,120,0,233,252,134,6,142,241,1,245,4,182,0,158,0,141,1,58,0,89,0,29,0,14,0,11,0,11,
0,246,255,151,245,12,255,120,0,233,252,134,6,4,244,145,248,98,179,0,155,0,144,1,65,0,99,0,33,0,13,0,11,0,10,
0,110,1,172,245,136,254,120,0,233,252,134,6,222,248,141,250,20,175,0,151,0,149,1,60,0,105,0,36,0,16,0,11,0,11,
0,84,3,10,245,124,254,120,0,233,252,134,6,190,252,109,250,237,173,0,150,0,156,1,50,0,109,0,38,0,17,0,12,0,11,
0,42,5,10,243,25,255,216,0,233,252,6,6,190,252,109,250,237,171,0,150,0,167,1,37,0,111,0,40,0,16,0,11,0,11,
0,42,5,184,243,25,255,216,0,233,252,6,6,38,1,4,250,179,171,0,151,0,176,1,17,0,113,0,43,0,20,0,13,0,11,
0,136,6,143,242,155,0,216,0,233,252,6,6,91,2,191,251,129,173,0,152,0,183,0,243,0,110,0,43,0,20,0,13,0,11,
0,117,7,238,241,153,2,216,0,233,252,6,6,166,0,7,254,238,177,0,156,0,188,0,202,0,102,0,43,0,17,0,12,0,11,
0,117,7,238,241,45,4,216,0,233,252,6,6,166,0,134,0,2,180,0,160,0,192,0,155,0,93,0,41,0,20,0,13,0,11,
0,231,7,17,242,45,4,216,0,233,252,6,6,84,252,134,0,2,180,0,167,0,194,0,137,0,84,0,40,0,18,0,13,0,11,
0,17,8,253,242,27,5,216,0,233,252,6,6,96,245,20,2,209,181,0,173,0,191,0,133,0,77,0,39,0,18,0,13,0,11,
0,36,8,208,244,119,5,216,0,233,252,6,6,219,239,43,2,151,189,0,180,0,188,0,133,0,71,0,36,0,17,0,12,0,11,
0,36,8,208,244,119,5,216,0,233,252,6,6,94,237,148,1,203,194,0,187,0,183,0,133,0,66,0,33,0,16,0,13,0,11,
0,72,8,33,247,111,5,216,0,233,252,6,6,94,237,148,1,155,194,0,193,0,181,0,133,0,62,0,32,0,16,0,13,0,11,
0,153,8,163,249,53,5,225,0,48,253,107,6,85,237,231,255,155,194,0,198,0,179,0,134,0,59,0,29,0,15,0,12,0,11,
0,46,9,109,252,202,4,225,0,48,253,107,6,178,238,75,253,22,196,0,203,0,177,0,134,0,57,0,29,0,16,0,12,0,11,
0,46,9,109,252,202,4,225,0,48,253,107,6,98,240,67,251,9,198,0,208,0,175,0,135,0,55,0,27,0,15,0,12,0,11,
0,126,9,50,255,127,4,225,0,48,253,107,6,98,243,112,248,174,201,0,215,0,175,0,137,0,53,0,25,0,13,0,12,0,11,
0,27,10,146,1,53,4,225,0,48,253,107,6,39,243,112,248,174,201,0,221,0,175,0,144,0,53,0,24,0,14,0,12,0,11,
0,215,10,146,1,27,4,225,0,48,253,107,6,120,247,90,244,108,202,0,229,0,178,0,162,0,55,0,29,0,13,0,11,0,10,
0,215,10,75,3,27,4,225,0,48,253,107,6,86,250,146,240,4,203,0,236,0,182,0,192,0,60,0,29,0,14,0,12,0,11,
0,70,11,16,4,55,4,225,0,48,253,107,6,26,252,212,237,126,201,0,246,0,188,0,222,0,65,0,28,0,16,0,11,0,10,
0,132,11,221,3,104,4,225,0,48,253,107,6,26,252,212,237,192,202,1,2,0,194,0,249,0,73,0,28,0,15,0,12,0,11,
0,132,11,221,3,117,4,225,0,48,253,107,6,92,253,24,236,192,202,1,16,0,200,1,16,0,81,0,31,0,16,0,12,0,11,
0,39,11,209,2,117,4,41,1,40,253,195,6,9,254,248,234,163,205,1,33,0,204,1,37,0,90,0,33,0,14,0,12,0,11,
0,140,10,150,1,100,4,41,1,40,253,195,6,181,254,127,234,27,203,1,53,0,207,1,55,0,99,0,36,0,18,0,13,0,11,
0,105,9,164,0,93,4,41,1,40,253,195,6,167,253,30,235,220,202,1,68,0,209,1,65,0,107,0,39,0,16,0,12,0,11,
0,105,9,164,0,93,4,41,1,40,253,195,6,167,253,30,235,220,202,1,72,0,209,1,66,0,113,0,42,0,18,0,13,0,12,
0,29,8,9,0,73,4,41,1,40,253,195,6,76,254,65,236,104,204,1,67,0,211,1,67,0,118,0,44,0,18,0,13,0,11,
0,184,6,195,255,10,4,41,1,40,253,195,6,247,255,174,237,102,203,1,65,0,209,1,69,0,122,0,46,0,19,0,13,0,11,
0,72,5,211,255,215,3,41,1,40,253,195,6,155,2,253,238,239,202,1,63,0,206,1,68,0,126,0,48,0,20,0,14,0,12,
0,72,5,211,255,215,3,41,1,40,253,195,6,155,2,139,240,150,203,1,89,0,203,1,68,0,129,0,50,0,21,0,13,0,11,
0,7,4,4,0,150,3,41,1,40,253,195,6,4,5,139,240,150,203,1,95,0,198,1,68,0,131,0,52,0,22,0,14,0,12,
0,255,2,68,0,117,3,41,1,40,253,195,6,208,7,198,240,144,202,1,77,0,192,1,69,0,132,0,53,0,21,0,14,0,11,
0,59,2,68,0,81,3,41,1,40,253,195,6,112,10,202,240,104,200,1,75,0,185,1,68,0,133,0,54,0,22,0,14,0,11,
0,59,2,110,0,81,3,59,1,70,253,134,6,32,12,129,240,150,196,1,73,0,180,1,67,0,135,0,56,0,23,0,15,0,12,
0,205,1,167,0,47,3,59,1,70,253,134,6,32,12,129,240,115,192,1,72,0,175,1,66,0,136,0,56,0,23,0,14,0,11,
0,121,1,227,0,25,3,59,1,70,253,134,6,147,12,147,239,115,192,1,72,0,169,1,64,0,136,0,57,0,24,0,15,0,12,
0,121,1,227,0,13,3,59,1,70,253,134,6,40,12,83,239,84,191,1,72,0,165,1,63,0,136,0,57,0,25,0,15,0,11,
0,54,1,239,0,13,3,59,1,70,253,134,6,178,12,163,238,5,193,1,71,0,162,1,62,0,136,0,57,0,25,0,15,0,11,
0,240,0,164,0,39,3,59,1,70,253,134,6,178,12,120,237,114,188,1,70,0,159,1,59,0,136,0,58,0,26,0,16,0,12,
0,224,0,84,0,39,3,59,1,70,253,134,6,122,13,120,237,114,188,1,69,0,157,1,55,0,135,0,58,0,25,0,15,0,11,
0,224,0,84,0,39,3,59,1,70,253,134,6,142,11,36,237,244,184,1,68,0,155,1,49,0,134,0,58,0,26,0,16,0,12,
0,238,0,238,255,39,3,59,1,70,253,134,6,112,9,51,237,132,186,1,68,0,153,1,43,0,132,0,57,0,23,0,14,0,11,
0,235,0,117,255,253,2,59,1,70,253,134,6,30,10,197,235,148,188,1,67,0,151,1,34,0,130,0,57,0,24,0,15,0,12,
0,235,0,201,254,197,2,252,0,114,253,100,6,30,10,197,235,229,186,1,66,0,150,1,23,0,127,0,56,0,25,0,15,0,11,
0,235,0,201,254,197,2,252,0,114,253,100,6,6,10,149,234,229,186,1,65,0,148,1,9,0,123,0,56,0,23,0,14,0,11,
0,219,0,254,253,155,2,252,0,114,253,100,6,124,8,117,233,113,184,1,63,0,146,0,249,0,119,0,55,0,26,0,16,0,12,
0,171,0,246,252,93,2,252,0,114,253,100,6,182,6,69,233,154,185,1,63,0,145,0,233,0,114,0,52,0,22,0,14,0,11,
0,171,0,246,252,1,2,252,0,114,253,100,6,42,7,88,232,22,188,1,62,0,143,0,213,0,108,0,51,0,25,0,15,0,12,
0,114,0,208,251,1,2,252,0,114,253,100,6,42,7,88,232,22,188,1,62,0,142,0,193,0,101,0,49,0,21,0,14,0,11,
0,78,0,176,250,202,1,252,0,114,253,100,6,119,6,227,231,94,186,1,60,0,140,0,173,0,94,0,47,0,22,0,14,0,12,
0,25,0,203,249,102,1,252,0,114,253,100,6,120,3,63,231,33,182,1,60,0,139,0,156,0,87,0,44,0,23,0,14,0,11,
0,25,0,203,249,28,1,252,0,114,253,100,6,180,255,60,232,85,184,1,60,0,139,0,145,0,80,0,40,0,20,0,13,0,11,
0,199,255,15,249,28,1,252,0,114,253,100,6,180,255,60,232,249,185,1,59,0,138,0,139,0,74,0,38,0,18,0,13,0,11,
0,44,255,133,248,202,0,58,1,112,253,184,5,219,254,129,232,249,185,1,60,0,138,0,137,0,68,0,35,0,16,0,12,0,11,
0,207,254,91,248,96,0,58,1,112,253,184,5,26,254,20,233,178,183,1,60,0,137,0,135,0,64,0,33,0,17,0,13,0,11,
0,207,254,91,248,96,0,58,1,112,253,184,5,86,252,48,234,5,180,1,60,0,137,0,134,0,61,0,31,0,16,0,13,0,11,
0,183,254,165,248,10,0,58,1,112,253,184,5,51,250,138,235,122,181,1,60,0,137,0,134,0,57,0,29,0,14,0,12,0,10,
0,138,254,59,249,144,255,58,1,112,253,184,5,51,250,138,235,122,181,1,60,0,137,0,134,0,55,0,27,0,14,0,12,0,11,
0,105,254,243,249,60,255,58,1,112,253,184,5,199,249,242,236,163,182,1,60,0,138,0,134,0,54,0,26,0,13,0,11,0,10,
0,105,254,243,249,60,255,58,1,112,253,184,5,156,249,210,237,241,181,1,60,0,137,0,134,0,52,0,25,0,14,0,12,0,11,
0,131,254,148,250,240,254,58,1,112,253,184,5,84,249,167,238,143,180,1,60,0,137,0,134,0,52,0,24,0,13,0,11,0,11,
0,177,254,61,251,203,254,58,1,112,253,184,5,84,249,195,239,26,179,1,61,0,138,0,134,0,50,0,23,0,12,0,11,0,10,
0,177,254,61,251,156,254,58,1,112,253,184,5,19,248,195,239,26,179,1,61,0,138,0,134,0,50,0,23,0,13,0,11,0,11,
0,149,254,213,251,156,254,97,1,126,253,219,5,249,246,211,241,189,180,1,62,0,138,0,134,0,49,0,23,0,11,0,11,0,10,
0,125,254,175,252,118,254,97,1,126,253,219,5,216,246,215,242,61,180,1,62,0,138,0,134,0,49,0,23,0,12,0,11,0,11,
0,173,254,136,253,94,254,97,1,126,253,219,5,59,245,95,244,53,179,1,62,0,138,0,134,0,48,0,22,0,12,0,11,0,11,
0,173,254,136,253,87,254,97,1,126,253,219,5,59,245,95,244,53,179,1,63,0,139,0,134,0,48,0,22,0,11,0,11,0,11,
0,155,254,104,254,87,254,97,1,126,253,219,5,85,244,60,246,53,179,1,63,0,139,0,134,0,47,0,22,0,11,0,10,0,10,
0,149,254,107,255,63,254,97,1,126,253,219,5,251,243,253,246,33,178,1,63,0,139,0,133,0,48,0,22,0,12,0,11,0,11,
0,167,254,198,0,47,254,97,1,126,253,219,5,59,243,239,247,177,177,1,63,0,139,0,133,0,47,0,22,0,11,0,11,0,10,
0,167,254,198,0,47,254,97,1,126,253,219,5,59,243,236,248,149,175,1,63,0,140,0,134,0,47,0,21,0,11,0,11,0,11,
0,178,254,12,2,9,254,97,1,126,253,219,5,7,242,236,248,149,175,1,63,0,140,0,135,0,47,0,21,0,11,0,11,0,11,
0,181,254,88,3,237,253,97,1,126,253,219,5,78,241,40,250,240,176,1,62,0,140,0,136,0,47,0,22,0,12,0,11,0,11,
0,179,254,156,4,196,253,97,1,126,253,219,5,113,241,106,251,133,178,1,61,0,141,0,136,0,47,0,21,0,11,0,10,0,10,
0,179,254,156,4,196,253,17,1,73,253,57,7,237,242,166,251,135,178,1,60,0,141,0,136,0,48,0,22,0,12,0,11,0,11,
0,194,254,180,5,132,253,17,1,73,253,57,7,237,242,166,251,33,177,1,59,0,141,0,137,0,48,0,22,0,12,0,11,0,11,
0,176,254,189,6,118,253,17,1,73,253,57,7,138,243,6,252,33,177,1,58,0,142,0,139,0,48,0,21,0,11,0,10,0,10,
0,176,254,189,6,110,253,17,1,73,253,57,7,176,243,133,252,141,174,1,57,0,143,0,140,0,48,0,21,0,11,0,11,0,10,
0,205,254,176,7,110,253,17,1,73,253,57,7,34,243,228,253,245,176,1,55,0,143,0,142,0,49,0,22,0,12,0,11,0,11,
0,212,254,164,8,113,253,17,1,73,253,57,7,129,244,254,253,72,179,1,54,0,144,0,148,0,50,0,22,0,13,0,11,0,10,
0,246,254,162,9,120,253,17,1,73,253,57,7,129,244,254,253,72,179,1,52,0,144,0,161,0,52,0,23,0,12,0,11,0,11,
0,246,254,162,9,120,253,17,1,73,253,57,7,84,245,18,254,114,177,1,50,0,144,0,192,0,56,0,23,0,11,0,11,0,11,
0,2,255,189,10,61,253,17,1,73,253,57,7,130,245,250,253,34,177,1,47,0,145,0,233,0,65,0,25,0,13,0,11,0,11,
0,17,255,232,11,35,253,17,1,73,253,57,7,18,246,56,254,160,178,1,46,0,146,1,19,0,75,0,27,0,14,0,11,0,11,
0,8,255,204,12,19,253,21,1,67,253,98,6,18,246,9,254,70,180,1,42,0,147,1,56,0,87,0,25,0,15,0,12,0,12,
0,8,255,204,12,19,253,21,1,67,253,98,6,142,247,9,254,70,180,1,39,0,148,1,71,0,97,0,30,0,14,0,12,0,12,
0,3,255,146,13,228,252,21,1,67,253,98,6,26,250,171,253,103,181,1,36,0,150,1,70,0,105,0,34,0,14,0,12,0,12,
0,30,255,60,14,215,252,21,1,67,253,98,6,91,252,87,253,154,180,1,33,0,151,1,68,0,112,0,38,0,16,0,13,0,12,
0,35,255,218,14,171,252,21,1,67,253,98,6,131,252,145,253,249,180,1,30,0,153,1,68,0,117,0,41,0,16,0,12,0,11,
0,35,255,218,14,171,252,21,1,67,253,98,6,131,252,145,253,249,184,1,27,0,154,1,67,0,121,0,44,0,19,0,14,0,12,
0,210,254,58,15,138,252,21,1,67,253,98,6,83,254,154,253,79,184,1,23,0,156,1,66,0,125,0,47,0,20,0,13,0,12,
0,179,254,116,15,122,252,21,1,67,253,98,6,216,0,68,253,161,183,1,20,0,158,1,66,0,127,0,48,0,20,0,13,0,12,
0,179,254,116,15,111,252,21,1,67,253,98,6,50,2,111,252,125,182,1,16,0,160,1,65,0,129,0,50,0,20,0,13,0,11,
0,184,254,131,15,111,252,21,1,67,253,98,6,50,2,140,252,80,183,1,12,0,163,1,65,0,131,0,52,0,22,0,14,0,12,
0,135,254,98,15,91,252,100,0,85,253,236,5,101,2,140,252,80,183,1,9,0,166,1,63,0,132,0,53,0,23,0,14,0,11,
0,87,254,61,15,90,252,100,0,85,253,236,5,226,3,32,252,147,184,1,7,0,168,1,63,0,133,0,54,0,24,0,15,0,12,
0,87,254,61,15,90,252,100,0,85,253,236,5,10,4,6,252,249,182,1,4,0,171,1,61,0,133,0,55,0,24,0,14,0,12,
0,56,254,31,15,103,252,100,0,85,253,236,5,130,3,41,253,113,184,1,3,0,173,1,59,0,133,0,55,0,25,0,15,0,12,
0,143,254,254,14,137,252,100,0,85,253,236,5,130,3,41,253,67,185,1,5,0,175,1,58,0,133,0,55,0,23,0,14,0,11,
0,221,254,248,14,246,252,100,0,85,253,236,5,11,3,137,254,67,185,1,5,0,177,1,58,0,133,0,56,0,25,0,14,0,11,
0,221,254,248,14,246,252,100,0,85,253,236,5,176,2,39,255,126,183,1,4,0,179,1,57,0,134,0,57,0,25,0,15,0,12,
0,64,255,210,14,106,253,100,0,85,253,236,5,145,2,145,255,201,182,1,3,0,180,1,56,0,133,0,56,0,24,0,14,0,12,
0,181,255,223,14,191,253,100,0,85,253,236,5,145,2,81,0,55,183,1,1,0,180,1,55,0,133,0,57,0,25,0,15,0,12,
0,84,0,208,14,241,253,100,0,85,253,236,5,205,2,81,0,55,183,1,0,0,180,1,53,0,132,0,56,0,24,0,14,0,11,
0,84,0,208,14,241,253,110,0,68,253,149,7,40,3,238,0,161,184,0,255,0,179,1,51,0,132,0,57,0,25,0,15,0,12,
0,235,0,161,14,23,254,110,0,68,253,149,7,216,3,163,255,174,185,0,253,0,178,1,51,0,132,0,61,0,26,0,15,0,12,
0,130,1,88,14,76,254,110,0,68,253,149,7,18,4,182,254,223,185,0,251,0,176,1,51,0,132,0,60,0,26,0,15,0,11,
0,130,1,88,14,126,254,110,0,68,253,149,7,18,4,182,254,197,184,0,249,0,175,1,51,0,132,0,60,0,26,0,15,0,11,
0,34,2,234,13,126,254,110,0,68,253,149,7,29,4,102,253,197,184,0,249,0,175,1,53,0,131,0,59,0,25,0,15,0,11,
0,162,2,102,13,162,254,110,0,68,253,149,7,213,2,128,252,151,184,0,247,0,174,1,53,0,131,0,58,0,25,0,15,0,11,
0,6,3,253,12,220,254,110,0,68,253,149,7,224,2,4,252,82,188,0,246,0,174,1,53,0,131,0,58,0,26,0,16,0,12,
0,6,3,253,12,220,254,110,0,68,253,149,7,130,4,235,250,78,188,0,245,0,174,1,55,0,131,0,58,0,25,0,15,0,12,
0,32,3,167,12,227,254,110,0,68,253,149,7,130,4,235,250,78,188,0,242,0,174,1,54,0,132,0,58,0,26,0,16,0,12,
0,0,3,83,12,179,254,110,0,68,253,149,7,151,4,38,250,161,185,0,240,0,174,1,55,0,131,0,57,0,25,0,15,0,11,
0,210,2,255,11,73,254,110,0,68,253,133,5,98,4,117,250,64,187,0,237,0,174,1,54,0,132,0,57,0,25,0,15,0,12,
0,210,2,255,11,73,254,248,255,94,253,133,5,211,5,23,250,26,189,0,233,0,174,1,54,0,132,0,57,0,26,0,16,0,12,
0,138,2,182,11,252,253,248,255,94,253,133,5,211,5,55,249,115,190,0,229,0,174,1,53,0,131,0,57,0,25,0,15,0,12,
0,53,2,122,11,208,253,248,255,94,253,133,5,252,6,55,249,115,190,0,225,0,174,1,53,0,132,0,57,0,25,0,16,0,12,
0,222,1,47,11,140,253,248,255,94,253,133,5,116,8,209,247,15,187,0,221,0,174,1,53,0,131,0,56,0,25,0,15,0,11,
0,222,1,47,11,140,253,248,255,94,253,133,5,103,8,226,246,161,187,0,215,0,173,1,53,0,132,0,57,0,25,0,15,0,12,
0,118,1,164,10,99,253,248,255,94,253,133,5,12,10,66,246,245,188,0,210,0,174,1,53,0,132,0,57,0,25,0,16,0,12,
0,7,1,241,9,68,253,248,255,94,253,133,5,12,10,66,246,157,188,0,205,0,175,1,54,0,131,0,57,0,25,0,15,0,12,
0,7,1,241,9,52,253,248,255,94,253,133,5,162,11,98,245,157,188,0,200,0,175,1,54,0,132,0,57,0,26,0,16,0,12,
0,147,0,28,9,52,253,248,255,94,253,133,5,49,12,213,244,80,187,0,194,0,174,1,55,0,131,0,57,0,25,0,15,0,12,
0,84,0,81,8,43,253,248,255,94,253,133,5,28,13,85,244,69,186,0,188,0,175,1,55,0,132,0,57,0,26,0,16,0,13,
0,214,255,144,7,42,253,184,255,81,253,89,6,28,13,242,243,19,186,0,183,0,176,1,56,0,132,0,57,0,26,0,16,0,12,
0,214,255,144,7,42,253,184,255,81,253,89,6,191,13,242,243,19,186,0,176,0,177,1,56,0,133,0,58,0,26,0,16,0,12,
0,114,255,219,6,9,253,184,255,81,253,89,6,40,14,17,244,113,184,0,171,0,179,1,56,0,132,0,57,0,25,0,16,0,12,
0,67,255,231,5,12,253,184,255,81,253,89,6,1,14,203,244,105,183,0,165,0,180,1,56,0,132,0,57,0,25,0,15,0,12,
0,34,255,18,5,18,253,184,255,81,253,89,6,12,14,224,245,250,183,0,160,0,182,1,56,0,133,0,57,0,25,0,15,0,12,
0,34,255,18,5,18,253,184,255,81,253,89,6,12,14,224,245,73,184,0,155,0,185,1,55,0,132,0,57,0,25,0,16,0,12,
0,4,255,108,4,57,253,184,255,81,253,89,6,151,14,24,246,73,184,0,151,0,188,1,55,0,132,0,57,0,25,0,15,0,12,
0,33,255,183,3,87,253,184,255,81,253,89,6,219,15,92,246,97,183,0,148,0,190,1,54,0,132,0,58,0,26,0,16,0,12,
0,90,255,35,3,108,253,184,255,81,253,89,6,61,15,33,247,167,181,0,146,0,193,1,53,0,132,0,57,0,25,0,15,0,12,
0,90,255,35,3,108,253,184,255,81,253,89,6,83,14,69,248,177,183,0,144,0,195,1,51,0,132,0,57,0,25,0,16,0,12,
0,101,255,175,2,147,253,158,255,172,253,159,5,83,14,69,248,177,183,0,142,0,198,1,49,0,132,0,57,0,25,0,16,0,12,
0,119,255,68,2,150,253,158,255,172,253,159,5,112,14,56,249,100,186,0,141,0,201,1,48,0,131,0,57,0,25,0,15,0,12,
0,119,255,68,2,186,253,158,255,172,253,159,5,109,15,197,249,119,187,0,140,0,204,1,46,0,130,0,57,0,23,0,15,0,12,
0,178,255,247,1,186,253,158,255,172,253,159,5,221,15,214,249,242,185,0,140,0,207,1,44,0,129,0,56,0,23,0,14,0,11,
0,20,0,163,1,232,253,158,255,172,253,159,5,221,15,214,249,175,185,0,139,0,209,1,42,0,129,0,56,0,23,0,14,0,11,
0,96,0,91,1,23,254,158,255,172,253,159,5,157,14,103,250,175,185,0,139,0,211,1,39,0,128,0,59,0,25,0,15,0,12,
0,96,0,91,1,23,254,158,255,172,253,159,5,118,13,19,251,106,188,0,140,0,214,1,37,0,127,0,57,0,24,0,14,0,11,
0,147,0,253,0,81,254,158,255,172,253,159,5,71,13,183,250,185,189,0,139,0,215,1,34,0,126,0,57,0,25,0,15,0,12,
0,219,0,175,0,132,254,158,255,172,253,159,5,240,13,98,250,115,191,0,140,0,217,1,32,0,125,0,56,0,24,0,15,0,12,
0,20,1,105,0,186,254,158,255,172,253,159,5,240,13,98,250,115,191,0,140,0,218,1,30,0,124,0,56,0,26,0,16,0,12,
0,20,1,105,0,186,254,171,255,120,253,160,5,127,13,165,249,218,188,0,140,0,219,1,28,0,123,0,55,0,26,0,16,0,12,
0,23,1,39,0,239,254,171,255,120,253,160,5,121,12,245,248,235,190,0,141,0,220,1,27,0,122,0,54,0,25,0,16,0,12,
0,91,1,212,255,8,255,171,255,120,253,160,5,64,12,69,248,62,191,0,141,0,220,1,25,0,122,0,54,0,25,0,16,0,12,
0,112,1,212,255,14,255,171,255,120,253,160,5,64,12,109,247,181,191,0,142,0,220,1,24,0,120,0,53,0,24,0,15,0,12,
0,112,1,99,255,14,255,171,255,120,253,160,5,198,12,109,247,181,191,0,142,0,220,1,22,0,120,0,54,0,25,0,16,0,12,
0,102,1,221,254,35,255,171,255,120,253,160,5,142,12,235,246,179,190,0,142,0,219,1,21,0,119,0,53,0,24,0,16,0,12,
0,2,1,67,254,66,255,171,255,120,253,160,5,107,12,45,246,111,191,0,143,0,219,1,20,0,118,0,53,0,24,0,15,0,12,
0,2,1,67,254,68,255,171,255,120,253,160,5,70,12,118,245,58,191,0,143,0,218,1,19,0,118,0,52,0,24,0,15,0,12,
0,175,0,156,253,68,255,171,255,120,253,160,5,70,12,118,245,240,189,0,143,0,218,1,19,0,116,0,51,0,23,0,14,0,11,
0,113,0,28,253,73,255,171,255,120,253,160,5,144,11,219,244,240,189,0,143,0,217,1,18,0,116,0,51,0,23,0,14,0,11,
0,37,0,141,252,82,255,172,255,85,253,171,6,139,11,189,244,169,191,0,143,0,216,1,18,0,116,0,51,0,23,0,15,0,12,
0,37,0,141,252,82,255,172,255,85,253,171,6,168,11,119,244,5,192,0,144,0,216,1,17,0,115,0,50,0,22,0,14,0,12,
0,162,255,242,251,89,255,172,255,85,253,171,6,168,11,8,244,178,190,0,144,0,215,1,17,0,115,0,49,0,22,0,14,0,11,
0,82,255,142,251,86,255,172,255,85,253,171,6,12,12,8,244,178,190,0,143,0,215,1,16,0,115,0,50,0,23,0,14,0,12,
0,246,254,42,251,67,255,172,255,85,253,171,6,171,11,114,243,212,187,0,144,0,215,1,17,0,114,0,50,0,22,0,14,0,11,
0,246,254,42,251,67,255,172,255,85,253,171,6,91,10,7,244,197,188,0,143,0,214,1,17,0,114,0,50,0,23,0,14,0,11,
0,165,254,245,250,77,255,172,255,85,253,171,6,175,10,80,244,206,190,0,144,0,215,1,17,0,115,0,49,0,22,0,14,0,12,
0,91,254,178,250,59,255,172,255,85,253,171,6,175,10,80,244,68,190,0,143,0,215,1,17,0,114,0,49,0,23,0,14,0,12,
0,58,254,178,250,39,255,172,255,85,253,171,6,126,11,63,244,68,190,0,143,0,215,1,18,0,114,0,49,0,22,0,14,0,11,
0,58,254,91,250,39,255,172,255,85,253,171,6,122,11,233,243,176,188,0,143,0,215,1,18,0,114,0,49,0,23,0,14,0,12,
0,33,254,59,250,67,255,172,255,85,253,171,6,31,11,22,244,170,186,0,142,0,216,1,19,0,114,0,49,0,22,0,14,0,12,
0,255,253,24,250,104,255,149,255,166,253,151,5,241,9,162,244,88,188,0,142,0,217,1,19,0,115,0,49,0,23,0,14,0,12,
0,255,253,24,250,111,255,149,255,166,253,151,5,241,9,162,244,88,188,0,142,0,219,1,19,0,115,0,49,0,22,0,14,0,12,
0,234,253,241,249,111,255,149,255,166,253,151,5,248,8,236,244,38,188,0,142,0,220,1,19,0,114,0,49,0,21,0,14,0,11,
0,174,253,193,249,116,255,149,255,166,253,151,5,254,8,191,244,33,188,0,142,0,221,1,18,0,115,0,49,0,21,0,14,0,11,
0,121,253,165,249,89,255,149,255,166,253,151,5,44,8,226,244,249,187,0,142,0,222,1,18,0,115,0,49,0,23,0,14,0,12,
0,121,253,165,249,89,255,149,255,166,253,151,5,44,8,226,244,238,187,0,142,0,223,1,18,0,114,0,49,0,22,0,14,0,12,
0,82,253,151,249,110,255,149,255,166,253,151,5,235,7,235,244,238,187,0,142,0,225,1,17,0,114,0,43,0,22,0,15,0,13,
0,55,253,125,249,146,255,149,255,166,253,151,5,39,7,22,245,88,187,0,142,0,226,1,17,0,113,0,44,0,20,0,14,0,12,
0,53,253,126,249,200,255,149,255,166,253,151,5,192,6,57,245,180,187,0,142,0,228,1,17,0,114,0,45,0,20,0,14,0,11,
0,53,253,126,249,200,255,149,255,166,253,151,5,248,6,119,245,130,188,0,143,0,228,1,16,0,114,0,47,0,21,0,14,0,12,
0,46,253,97,249,171,255,223,255,145,253,11,6,248,6,119,245,130,188,0,143,0,229,1,16,0,113,0,47,0,21,0,14,0,12,
0,40,253,59,249,176,255,223,255,145,253,11,6,255,5,183,245,2,188,0,143,0,230,1,16,0,114,0,47,0,21,0,14,0,12,
0,40,253,59,249,185,255,223,255,145,253,11,6,77,6,235,245,193,188,0,144,0,231,1,16,0,113,0,47,0,21,0,13,0,11,
0,9,253,24,249,185,255,223,255,145,253,11,6,208,5,179,245,237,186,0,144,0,232,1,16,0,113,0,47,0,21,0,14,0,11,
0,18,253,222,248,201,255,223,255,145,253,11,6,208,5,161,245,119,185,0,144,0,232,1,15,0,113,0,48,0,20,0,14,0,12,
0,250,252,185,248,224,255,223,255,145,253,11,6,155,4,161,245,119,185,0,144,0,232,1,16,0,113,0,48,0,22,0,14,0,12,
0,250,252,185,248,208,255,223,255,145,253,11,6,28,3,78,246,194,188,0,144,0,233,1,16,0,113,0,48,0,22,0,14,0,12,
0,146,252,205,248,208,255,223,255,145,253,11,6,218,3,221,245,241,188,0,144,0,233,1,16,0,113,0,47,0,21,0,14,0,11,
0,157,252,233,248,206,255,223,255,145,253,11,6,230,3,128,245,222,185,0,144,0,234,1,16,0,113,0,48,0,22,0,14,0,12,
0,133,252,8,249,201,255,223,255,145,253,11,6,230,3,128,245,95,184,0,144,0,235,1,17,0,113,0,49,0,22,0,14,0,12,
0,133,252,8,249,201,255,22,0,73,253,8,7,139,2,138,245,95,184,0,145,0,235,1,18,0,113,0,48,0,21,0,14,0,11,
0,127,252,12,249,182,255,22,0,73,253,8,7,207,1,21,246,185,186,0,145,0,236,1,18,0,114,0,49,0,22,0,14,0,12,
0,96,252,55,249,134,255,22,0,73,253,8,7,95,2,21,246,49,188,0,145,0,237,1,19,0,113,0,48,0,22,0,14,0,11,
0,67,252,87,249,150,255,22,0,73,253,8,7,95,2,219,245,205,185,0,145,0,237,1,19,0,114,0,48,0,21,0,14,0,11,
0,67,252,87,249,150,255,22,0,73,253,8,7,230,2,219,245,205,185,0,145,0,238,1,19,0,115,0,49,0,22,0,14,0,12,
0,44,252,111,249,153,255,22,0,73,253,8,7,12,2,192,245,57,183,0,145,0,239,1,20,0,114,0,49,0,21,0,14,0,11,
0,27,252,158,249,143,255,22,0,73,253,8,7,138,0,140,246,23,185,0,144,0,239,1,20,0,115,0,49,0,23,0,15,0,12,
0,27,251,158,249,109,255,22,0,73,253,8,7,90,0,180,246,43,187,0,145,0,239,1,19,0,114,0,49,0,21,0,14,0,11,
0,247,251,209,249,109,255,22,0,73,253,8,7,90,0,180,246,81,186,0,144,0,239,1,19,0,115,0,53,0,22,0,14,0,11,
0,243,251,9,250,73,255,22,0,73,253,8,7,28,1,181,246,81,186,0,144,0,239,1,18,0,115,0,53,0,23,0,14,0,11,
0,2,252,58,250,59,255,21,0,150,253,186,5,171,0,90,246,77,184,0,144,0,240,1,17,0,114,0,52,0,23,0,14,0,11,
0,2,252,58,250,36,255,21,0,150,253,186,5,153,255,251,246,127,184,0,144,0,240,1,16,0,114,0,51,0,23,0,14,0,11,
0,189,251,95,250,36,255,21,0,150,253,186,5,45,255,0,247,82,184,0,143,0,239,1,15,0,114,0,51,0,21,0,14,0,12,
0,131,251,152,250,17,255,21,0,150,253,186,5,45,255,0,247,82,184,0,144,0,240,1,14,0,113,0,50,0,21,0,14,0,11,
0,142,251,209,250,227,254,21,0,150,253,186,5,227,254,134,247,191,185,0,143,0,240,1,13,0,113,0,50,0,22,0,14,0,12,
0,142,251,209,250,227,254,21,0,150,253,186,5,77,255,104,247,48,185,0,143,0,241,1,12,0,113,0,49,0,21,0,14,0,11,
0,133,251,36,251,206,254,21,0,150,253,186,5,189,254,196,247,195,184,0,143,0,240,1,11,0,112,0,49,0,22,0,14,0,11,
0,82,251,115,251,197,254,21,0,150,253,186,5,189,254,149,247,232,185,0,143,0,241,1,10,0,111,0,48,0,21,0,14,0,11,
0,93,251,207,251,179,254,21,0,150,253,186,5,91,254,149,247,232,185,0,142,0,241,1,9,0,111,0,48,0,21,0,14,0,11,
0,93,251,207,251,179,254,21,0,150,253,186,5,192,254,166,247,227,183,0,142,0,241,1,8,0,111,0,48,0,22,0,14,0,12,
0,92,251,41,252,179,254,21,0,150,253,186,5,11,254,148,247,147,182,0,142,0,241,1,7,0,110,0,48,0,21,0,14,0,11,
0,54,251,95,252,184,254,52,0,87,253,40,6,120,253,202,247,73,184,0,142,0,241,1,6,0,110,0,48,0,21,0,13,0,11,
0,54,251,95,252,184,254,52,0,87,253,40,6,120,253,202,247,73,185,0,142,0,241,1,4,0,110,0,48,0,21,0,14,0,12,
0,21,251,171,252,184,254,52,0,87,253,40,6,249,252,125,248,139,185,0,142,0,242,1,4,0,110,0,47,0,21,0,14,0,11,
0,32,251,238,252,183,254,52,0,87,253,40,6,103,253,10,248,200,185,0,141,0,243,1,4,0,109,0,47,0,21,0,14,0,12,
0,37,251,71,253,131,254,52,0,87,253,40,6,185,253,178,247,156,184,0,141,0,244,1,4,0,109,0,47,0,20,0,14,0,12,
0,37,251,71,253,107,254,52,0,87,253,40,6,185,253,229,247,49,183,0,141,0,244,1,3,0,109,0,47,0,21,0,14,0,12,
0,50,251,164,253,107,254,52,0,87,253,40,6,187,253,229,247,49,183,0,142,0,244,1,3,0,108,0,46,0,20,0,13,0,11,
0,67,251,249,253,109,254,52,0,87,253,40,6,53,252,75,248,55,183,0,141,0,244,1,2,0,108,0,47,0,21,0,14,0,11,
0,255,250,86,254,141,254,52,0,87,253,40,6,224,252,152,248,158,184,0,141,0,245,1,2,0,107,0,46,0,20,0,14,0,11,
0,255,250,86,254,141,254,52,0,87,253,40,6,4,253,145,248,237,184,0,142,0,246,1,2,0,107,0,46,0,20,0,14,0,11,
0,230,250,151,254,133,254,127,0,59,253,92,6,4,253,145,248,14,184,0,142,0,247,1,3,0,107,0,45,0,20,0,13,0,11,
0,25,251,255,254,95,254,127,0,59,253,92,6,251,252,155,248,14,184,0,141,0,247,1,3,0,107,0,46,0,20,0,14,0,11,
0,50,251,92,255,84,254,127,0,59,253,92,6,247,252,140,248,131,184,0,141,0,247,1,3,0,107,0,46,0,20,0,13,0,11,
0,50,251,92,255,84,254,127,0,59,253,92,6,31,253,138,248,150,184,0,141,0,248,1,3,0,107,0,46,0,20,0,14,0,11,
0,16,251,163,255,48,254,127,0,59,253,92,6,31,253,44,248,164,183,0,142,0,249,1,4,0,107,0,45,0,19,0,13,0,11,
0,251,250,250,255,24,254,127,0,59,253,92,6,165,253,44,248,164,183,0,141,0,249,1,4,0,107,0,46,0,20,0,14,0,11,
0,251,250,250,255,20,254,127,0,59,253,92,6,13,253,138,248,229,182,0,141,0,250,1,5,0,107,0,46,0,20,0,13,0,11,
0,251,250,79,0,20,254,127,0,59,253,92,6,205,252,238,248,92,185,0,141,0,250,1,6,0,108,0,46,0,20,0,13,0,11,
0,16,251,171,0,254,253,127,0,59,253,92,6,8,254,208,248,3,186,0,141,0,251,1,8,0,108,0,46,0,21,0,14,0,12,
0,0,251,247,0,32,254,127,0,59,253,92,6,8,254,208,248,185,184,0,141,0,251,1,9,0,108,0,46,0,20,0,14,0,12,
0,0,251,247,0,32,254,30,0,70,253,164,5,64,255,133,248,185,184,0,141,0,252,1,10,0,109,0,46,0,20,0,13,0,11,
0,241,250,54,1,41,254,30,0,70,253,164,5,106,254,149,248,123,183,0,141,0,252,1,11,0,110,0,47,0,21,0,14,0,12,
0,237,250,103,1,25,254,30,0,70,253,164,5,133,253,234,248,252,183,0,141,0,252,1,13,0,110,0,47,0,20,0,13,0,11,
0,220,250,145,1,5,254,30,0,70,253,164,5,131,254,37,249,97,186,0,141,0,253,1,15,0,111,0,47,0,21,0,14,0,12,
0,220,250,145,1,5,254,30,0,70,253,164,5,131,254,37,249,97,186,0,141,0,253,1,17,0,111,0,47,0,22,0,15,0,12,
0,228,250,209,1,237,253,30,0,70,253,164,5,203,255,253,248,50,186,0,141,0,254,1,18,0,112,0,47,0,23,0,15,0,12,
0,235,250,28,2,192,253,30,0,70,253,164,5,40,0,30,248,56,184,0,141,0,255,1,20,0,112,0,47,0,21,0,14,0,11,
0,249,250,75,2,168,253,30,0,70,253,164,5,250,255,105,248,70,183,0,141,0,255,1,22,0,113,0,48,0,21,0,14,0,11,
0,249,250,75,2,168,253,30,0,70,253,164,5,250,255,192,248,137,184,0,141,0,255,1,23,0,114,0,48,0,22,0,14,0,12,
0,255,250,139,2,160,253,30,0,70,253,164,5,35,0,192,248,137,184,0,142,1,0,1,25,0,115,0,47,0,21,0,14,0,12,
0,232,250,173,2,154,253,16,0,255,252,185,6,180,0,211,248,163,187,0,142,1,1,1,27,0,115,0,48,0,22,0,14,0,12,
0,232,250,173,2,167,253,16,0,255,252,185,6,238,1,130,248,224,185,0,141,1,0,1,27,0,116,0,49,0,22,0,14,0,12,
0,215,250,204,2,167,253,16,0,255,252,185,6,83,2,38,248,32,184,0,142,1,1,1,29,0,117,0,49,0,21,0,14,0,11,
0,221,250,218,2,177,253,16,0,255,252,185,6,83,2,38,248,32,185,0,142,1,1,1,30,0,118,0,49,0,22,0,14,0,12,
0,249,250,190,2,153,253,16,0,255,252,185,6,197,1,103,248,80,185,0,142,1,1,1,31,0,118,0,49,0,22,0,14,0,12,
0,249,250,190,2,153,253,16,0,255,252,185,6,70,2,70,248,77,186,0,142,1,1,1,32,0,118,0,50,0,20,0,14,0,11,
0,204,250,196,2,158,253,16,0,255,252,185,6,66,3,79,248,167,185,0,142,1,1,1,33,0,119,0,51,0,21,0,14,0,12,
0,234,250,181,2,139,253,16,0,255,252,185,6,66,3,207,247,5,186,0,142,1,1,1,34,0,120,0,51,0,21,0,14,0,11,
0,9,251,126,2,103,253,16,0,255,252,185,6,230,2,207,247,5,186,0,142,1,1,1,35,0,120,0,51,0,22,0,14,0,12,
0,9,251,126,2,103,253,16,0,255,252,185,6,137,3,219,247,125,187,0,142,1,1,1,35,0,121,0,51,0,22,0,14,0,12,
0,233,250,108,2,96,253,16,0,255,252,185,6,115,4,102,247,17,186,0,143,1,1,1,36,0,121,0,51,0,22,0,14,0,11,
0,209,250,104,2,119,253,30,0,252,252,146,5,123,4,81,247,178,186,0,142,1,1,1,36,0,122,0,52,0,23,0,14,0,12,
0,158,250,103,2,111,253,30,0,252,252,146,5,123,4,81,247,213,185,0,143,1,1,1,37,0,122,0,52,0,22,0,14,0,11,
0,158,250,103,2,111,253,30,0,252,252,146,5,45,4,114,247,213,185,0,143,1,1,1,37,0,123,0,52,0,23,0,14,0,12,
0,138,250,58,2,89,253,30,0,252,252,146,5,82,4,202,247,245,187,0,144,1,1,1,38,0,123,0,52,0,22,0,14,0,12,
0,155,250,9,2,60,253,30,0,252,252,146,5,138,5,127,247,34,189,0,144,1,0,1,38,0,123,0,53,0,23,0,14,0,12,
0,155,250,9,2,75,253,30,0,252,252,146,5,115,6,114,246,75,185,0,144,1,1,1,39,0,123,0,52,0,22,0,14,0,11,
0,155,250,214,1,75,253,30,0,252,252,146,5,115,6,114,246,75,185,0,144,1,0,1,38,0,123,0,53,0,23,0,14,0,12,
0,122,250,151,1,102,253,30,0,252,252,146,5,89,4,46,247,35,187,0,144,0,255,1,38,0,124,0,53,0,23,0,14,0,12,
0,111,250,103,1,95,253,30,0,252,252,146,5,76,5,66,247,184,188,0,145,0,255,1,38,0,123,0,53,0,22,0,14,0,12,
0,111,250,103,1,95,253,30,0,252,252,146,5,94,6,238,246,89,188,0,145,0,255,1,37,0,124,0,54,0,23,0,14,0,12,
0,122,250,55,1,99,253,236,255,242,252,19,6,94,6,238,246,113,188,0,145,0,254,1,37,0,123,0,53,0,22,0,14,0,11,
0,95,250,245,0,75,253,236,255,242,252,19,6,91,6,203,246,113,188,0,145,0,254,1,36,0,124,0,53,0,23,0,14,0,12,
0,94,250,209,0,49,253,236,255,242,252,19,6,165,6,105,246,201,185,0,145,0,254,1,36,0,123,0,53,0,23,0,14,0,12,
0,94,250,209,0,49,253,236,255,242,252,19,6,171,5,235,246,227,186,0,138,1,10,1,45,0,124,0,47,0,22,0,15,0,12,
0,74,250,147,0,56,253,236,255,242,252,19,6,38,4,107,240,34,191,0,132,1,30,1,58,0,126,0,49,0,24,0,15,0,12,
0,82,250,113,0,85,253,236,255,242,252,19,6,38,4,107,240,34,191,0,138,1,66,1,82,0,131,0,51,0,23,0,15,0,12,
0,192,250,43,0,189,252,236,255,242,252,19,6,243,21,36,235,91,208,1,95,1,79,1,86,0,136,0,53,0,25,0,16,0,12,
0,192,250,43,0,189,252,236,255,242,252,19,6,222,43,139,247,122,211,1,72,1,81,1,85,0,137,0,55,0,23,0,15,0,12,
0,72,252,5,0,19,250,236,255,242,252,19,6,219,46,200,248,210,223,0,145,1,78,1,79,0,137,0,56,0,22,0,14,0,12,
0,228,254,249,253,175,247,236,255,242,252,19,6,219,46,161,19,190,242,0,132,1,68,1,45,0,136,0,57,0,23,0,15,0,11,
0,228,254,249,253,160,247,96,0,214,252,103,6,130,28,161,19,190,242,0,135,1,51,0,213,0,123,0,54,0,23,0,14,0,11,
0,142,3,13,249,160,247,96,0,214,252,103,6,167,31,63,40,160,247,0,136,1,1,0,139,0,107,0,51,0,20,0,13,0,11,
0,148,9,222,242,226,249,96,0,214,252,103,6,187,33,23,53,35,252,0,136,0,198,0,133,0,97,0,50,0,23,0,14,0,11,
0,82,15,194,239,199,252,96,0,214,252,103,6,219,19,76,54,210,1,0,137,0,155,0,133,0,86,0,46,0,21,0,14,0,11,
0,82,15,194,239,199,252,96,0,214,252,103,6,219,19,76,54,144,12,0,138,0,144,0,134,0,78,0,42,0,20,0,14,0,12,
0,89,19,213,240,127,0,96,0,214,252,103,6,193,4,106,46,144,12,0,139,0,148,0,135,0,72,0,39,0,19,0,14,0,12,
0,45,21,181,242,228,4,96,0,214,252,103,6,73,252,122,30,254,3,0,141,0,162,0,136,0,68,0,37,0,19,0,14,0,12,
0,77,21,232,242,58,8,96,0,214,252,103,6,241,0,182,24,139,247,0,143,0,169,0,136,0,63,0,34,0,18,0,14,0,12,
0,77,21,232,242,58,8,96,0,214,252,103,6,241,0,34,20,86,229,0,147,0,159,0,134,0,58,0,30,0,14,0,12,0,12,
0,229,19,115,243,38,9,96,0,214,252,103,6,67,251,34,20,86,229,0,149,0,141,0,133,0,56,0,28,0,14,0,11,0,10,
0,151,16,85,245,198,7,124,0,58,253,61,6,14,248,233,19,24,221,0,155,0,134,0,132,0,56,0,28,0,16,0,13,0,10,
0,78,11,85,248,66,5,124,0,58,253,61,6,41,244,226,3,115,211,0,167,0,134,0,133,0,52,0,24,0,12,0,11,0,11,
0,78,11,199,248,66,5,124,0,58,253,61,6,104,243,51,247,55,196,0,173,0,134,0,133,0,50,0,23,0,11,0,11,0,11,
0,109,4,78,252,139,2,124,0,58,253,61,6,104,243,51,247,25,196,0,177,0,134,0,136,0,51,0,24,0,13,0,11,0,10,
0,108,253,64,254,248,255,124,0,58,253,61,6,46,248,132,237,25,196,0,181,0,135,0,153,0,53,0,25,0,16,0,12,0,11,
0,108,253,64,254,142,253,124,0,58,253,61,6,239,251,158,233,137,188,0,183,0,136,0,219,0,59,0,26,0,13,0,10,0,10,
0,173,247,77,254,142,253,124,0,58,253,61,6,199,255,94,233,187,182,0,183,0,138,1,38,0,72,0,28,0,11,0,10,0,11,
0,15,244,213,252,200,251,124,0,58,253,61,6,21,0,179,239,190,180,0,177,0,144,1,78,0,88,0,33,0,16,0,12,0,11,
0,82,243,119,250,216,250,124,0,58,253,61,6,21,0,179,239,190,180,0,169,0,165,1,79,0,98,0,35,0,15,0,11,0,10,
0,82,243,119,250,216,250,124,0,58,253,61,6,205,254,113,244,135,176,0,161,0,209,1,77,0,106,0,37,0,15,0,11,0,12,
0,74,245,93,247,156,250,124,0,58,253,60,7,246,255,1,248,132,178,0,153,1,1,1,74,0,113,0,40,0,16,0,12,0,11,
0,168,249,124,243,185,250,123,0,68,253,60,7,11,255,90,249,104,180,0,148,1,45,1,67,0,119,0,44,0,19,0,13,0,11,
0,214,255,167,239,45,251,123,0,68,253,60,7,11,255,223,248,237,176,0,144,1,70,1,50,0,121,0,46,0,21,0,13,0,12,
0,214,255,167,239,45,251,123,0,68,253,60,7,11,250,223,248,237,176,0,144,1,71,1,17,0,117,0,45,0,19,0,12,0,11,
0,125,6,243,236,152,253,123,0,68,253,60,7,213,246,197,238,220,178,0,143,1,68,0,221,0,112,0,47,0,21,0,13,0,11,
0,77,12,209,235,48,2,123,0,68,253,60,7,206,240,131,234,161,184,0,143,1,65,0,160,0,102,0,46,0,20,0,13,0,10,
0,236,15,209,236,250,6,123,0,68,253,60,7,191,235,178,224,51,194,0,144,1,59,0,135,0,90,0,43,0,19,0,13,0,11,
0,236,15,57,236,250,6,123,0,68,253,60,7,191,235,178,224,51,202,0,145,1,55,0,133,0,80,0,40,0,17,0,12,0,11,
0,147,17,116,237,252,9,123,0,68,253,60,7,198,231,87,220,185,202,0,147,1,49,0,133,0,75,0,39,0,19,0,13,0,10,
0,82,17,80,239,183,10,123,0,68,253,60,7,156,225,21,224,245,207,0,148,1,43,0,133,0,70,0,37,0,19,0,13,0,10,
0,82,17,80,239,14,10,123,0,68,253,60,7,19,218,71,228,113,210,0,150,1,34,0,133,0,63,0,32,0,14,0,11,0,10,
0,30,15,97,242,14,10,20,1,61,253,137,6,19,218,17,231,108,216,0,151,1,23,0,134,0,60,0,30,0,14,0,11,0,10,
0,207,11,222,246,219,8,20,1,61,253,137,6,85,214,17,231,108,216,0,153,1,12,0,134,0,59,0,30,0,16,0,13,0,11,
0,79,8,122,252,112,7,20,1,61,253,137,6,167,214,186,234,153,213,0,154,1,4,0,136,0,56,0,28,0,15,0,12,0,11,
0,79,8,122,252,112,7,20,1,61,253,137,6,136,218,63,237,190,210,0,155,0,253,0,139,0,54,0,26,0,13,0,11,0,11,
0,79,5,41,2,242,5,20,1,61,253,137,6,220,224,178,239,255,206,0,156,0,249,0,147,0,53,0,25,0,15,0,11,0,11,
0,65,3,226,6,160,4,20,1,61,253,137,6,220,224,178,239,9,203,0,156,0,247,0,164,0,57,0,26,0,14,0,12,0,11,
0,63,2,201,9,124,3,20,1,61,253,137,6,13,233,18,241,9,203,0,158,0,247,0,188,0,60,0,26,0,16,0,12,0,12,
0,63,2,201,9,124,3,20,1,61,253,137,6,249,241,228,241,140,199,0,160,0,249,0,210,0,63,0,26,0,14,0,12,0,12,
0,28,2,203,10,181,2,20,1,61,253,137,6,114,248,159,242,42,197,0,163,0,254,0,226,0,70,0,28,0,14,0,12,0,11,
0,124,2,220,9,114,2,20,1,61,253,137,6,114,252,178,244,146,196,0,167,1,3,0,239,0,76,0,29,0,14,0,12,0,11,
0,53,3,220,9,121,2,196,0,124,253,246,5,125,252,178,244,146,196,0,172,1,8,0,249,0,81,0,30,0,16,0,12,0,11,
0,53,3,123,7,121,2,196,0,124,253,246,5,153,255,78,246,111,196,0,180,1,10,1,1,0,86,0,31,0,14,0,12,0,12,
0,209,3,141,4,82,2,196,0,124,253,246,5,173,255,205,247,221,195,0,188,1,14,1,10,0,91,0,34,0,16,0,13,0,11,
0,104,4,230,1,249,1,196,0,124,253,246,5,218,253,109,249,93,194,0,197,1,17,1,20,0,97,0,37,0,19,0,13,0,11,
0,104,4,230,1,144,1,196,0,124,253,246,5,218,253,109,249,13,198,0,208,1,20,1,30,0,100,0,37,0,17,0,12,0,11,
0,224,4,19,0,144,1,196,0,124,253,246,5,144,251,22,251,13,198,0,221,1,20,1,40,0,105,0,40,0,16,0,12,0,11,
0,251,4,118,255,67,1,196,0,124,253,246,5,71,254,165,250,19,198,0,233,1,18,1,51,0,111,0,43,0,20,0,13,0,11,
0,227,4,235,255,242,0,196,0,124,253,246,5,77,255,191,249,33,193,0,246,1,16,1,62,0,116,0,44,0,20,0,14,0,11,
0,227,4,235,255,242,0,196,0,124,253,246,5,71,0,80,249,113,198,1,6,1,13,1,66,0,119,0,44,0,17,0,12,0,11,
0,108,4,24,1,144,0,196,0,124,253,246,5,71,0,80,249,113,198,1,24,1,8,1,67,0,124,0,47,0,20,0,13,0,11,
0,117,3,150,2,66,0,173,0,181,253,223,6,120,5,83,247,10,199,1,44,1,3,1,67,0,127,0,50,0,21,0,13,0,11,
0,150,2,24,4,15,0,173,0,181,253,223,6,100,9,47,245,38,194,1,61,0,254,1,67,0,130,0,52,0,22,0,14,0,12,
0,150,2,24,4,15,0,173,0,181,253,223,6,20,11,158,243,9,192,1,74,0,249,1,67,0,131,0,52,0,21,0,14,0,12,
0,206,1,71,5,2,0,173,0,181,253,223,6,20,11,199,241,48,193,1,68,0,245,1,67,0,133,0,54,0,23,0,14,0,12,
0,34,1,18,6,20,0,173,0,181,253,223,6,137,13,199,241,48,193,1,64,0,241,1,68,0,134,0,55,0,23,0,14,0,11,
0,34,0,18,6,69,0,173,0,181,253,223,6,241,16,180,238,166,192,1,62,0,239,1,67,0,135,0,55,0,23,0,15,0,12,
0,208,0,72,6,69,0,173,0,181,253,223,6,10,17,248,234,87,187,1,61,0,239,1,66,0,135,0,55,0,23,0,14,0,12,
0,103,0,37,6,140,0,173,0,181,253,223,6,240,15,58,233,31,190,1,59,0,239,1,64,0,136,0,57,0,25,0,15,0,12,
0,36,0,139,5,207,0,173,0,181,253,223,6,240,15,58,233,248,190,1,91,0,242,1,63,0,137,0,59,0,28,0,16,0,12,
0,36,0,139,5,105,1,173,0,181,253,223,6,68,17,11,231,248,190,1,90,0,244,1,61,0,136,0,57,0,25,0,14,0,12,
0,236,255,196,4,105,1,155,0,141,253,84,6,116,17,6,229,219,188,1,90,0,246,1,58,0,136,0,58,0,25,0,15,0,12,
0,166,255,176,3,235,1,155,0,141,253,84,6,134,15,24,227,37,188,1,77,0,246,1,55,0,136,0,59,0,27,0,16,0,12,
0,60,255,142,2,53,2,155,0,141,253,84,6,134,15,248,225,45,190,1,71,0,247,1,51,0,134,0,59,0,26,0,16,0,12,
0,60,255,142,2,53,2,155,0,141,253,84,6,142,13,248,225,45,190,1,69,0,247,1,45,0,133,0,58,0,24,0,16,0,12,
0,240,254,99,1,104,2,155,0,141,253,84,6,123,13,93,224,195,193,1,69,0,246,1,38,0,131,0,57,0,24,0,15,0,12,
0,153,254,49,0,92,2,155,0,141,253,84,6,141,12,83,222,207,191,1,67,0,243,1,27,0,129,0,57,0,27,0,15,0,11,
0,44,254,61,255,81,2,155,0,141,253,84,6,255,10,52,222,229,192,1,66,0,239,1,15,0,125,0,56,0,24,0,16,0,12,
0,44,254,61,255,81,2,155,0,141,253,84,6,255,10,52,222,152,193,1,66,0,234,0,255,0,121,0,55,0,25,0,15,0,12,
0,186,253,97,254,45,2,155,0,141,253,84,6,216,10,98,221,152,193,1,66,0,228,0,238,0,116,0,54,0,23,0,15,0,11,
0,32,253,124,253,225,1,155,0,141,253,84,6,99,10,224,220,126,192,1,65,0,222,0,219,0,111,0,52,0,24,0,14,0,11,
0,32,252,124,253,163,1,155,0,141,253,84,6,50,9,137,221,71,193,1,65,0,215,0,200,0,103,0,49,0,21,0,14,0,11,
0,84,252,149,252,163,1,130,0,184,253,59,6,122,8,42,222,28,191,1,64,0,207,0,179,0,96,0,47,0,23,0,14,0,11,
0,181,251,177,251,96,1,130,0,184,253,59,6,122,8,42,222,28,191,1,65,0,199,0,160,0,88,0,44,0,20,0,14,0,11,
0,115,251,226,250,40,1,130,0,184,253,59,6,71,7,15,223,40,189,1,63,0,190,0,147,0,82,0,42,0,22,0,14,0,11,
0,115,251,226,250,199,0,130,0,184,253,59,6,186,4,114,224,231,187,1,63,0,183,0,140,0,74,0,38,0,17,0,12,0,11,
0,9,251,89,250,199,0,130,0,184,253,59,6,90,3,211,225,172,187,1,63,0,175,0,137,0,69,0,36,0,18,0,13,0,11,
0,118,250,233,249,95,0,130,0,184,253,59,6,90,3,78,227,198,184,1,62,0,168,0,135,0,65,0,34,0,17,0,13,0,11,
0,204,249,127,249,7,0,130,0,184,253,59,6,139,1,78,227,198,184,1,63,0,162,0,134,0,61,0,31,0,15,0,12,0,11,
0,204,249,127,249,7,0,130,0,184,253,59,6,130,255,72,229,6,185,1,63,0,156,0,134,0,58,0,29,0,15,0,12,0,11,
0,155,249,75,249,147,255,130,0,184,253,59,6,99,255,255,230,147,184,1,63,0,152,0,134,0,55,0,27,0,14,0,11,0,10,
0,155,249,102,249,74,255,130,0,184,253,59,6,39,254,132,232,75,183,1,63,0,148,0,134,0,55,0,27,0,15,0,12,0,11,
0,127,249,188,249,244,254,215,0,162,253,203,5,39,254,132,232,75,183,1,63,0,145,0,134,0,52,0,21,0,12,0,12,0,11,
0,127,249,188,249,244,254,215,0,162,253,203,5,6,254,117,234,83,182,1,63,0,143,0,134,0,51,0,21,0,12,0,11,0,11,
0,132,249,50,250,155,254,215,0,162,253,203,5,39,252,71,236,217,181,1,62,0,142,0,134,0,51,0,22,0,12,0,11,0,11,
0,137,249,142,250,86,254,215,0,162,253,203,5,191,250,196,238,126,182,1,62,0,140,0,134,0,50,0,22,0,12,0,11,0,11,
0,137,249,142,250,21,254,215,0,162,253,203,5,191,250,192,240,11,184,1,63,0,139,0,134,0,49,0,21,0,11,0,10,0,10,
0,157,249,251,250,21,254,215,0,162,253,203,5,24,250,192,240,11,184,1,63,0,139,0,134,0,49,0,22,0,12,0,11,0,11,
0,171,249,131,251,229,253,215,0,162,253,203,5,148,250,49,242,36,183,1,63,0,139,0,134,0,48,0,22,0,13,0,11,0,11,
0,155,249,10,252,184,253,215,0,162,253,203,5,58,249,118,243,30,179,1,63,0,138,0,133,0,48,0,22,0,12,0,11,0,10,
0,155,249,10,252,184,253,215,0,162,253,203,5,157,246,89,245,181,179,1,65,0,138,0,133,0,47,0,20,0,11,0,10,0,10,
0,131,249,159,252,139,253,215,0,162,253,203,5,157,246,89,245,195,181,1,65,0,138,0,133,0,47,0,21,0,11,0,10,0,10,
0,127,249,83,253,140,253,230,0,43,253,18,7,210,245,240,246,195,181,1,65,0,138,0,134,0,47,0,21,0,11,0,10,0,10,
0,142,249,62,254,82,253,230,0,43,253,18,7,224,245,39,248,50,181,1,65,0,138,0,134,0,47,0,22,0,12,0,11,0,11,
0,142,249,62,254,82,253,230,0,43,253,18,7,50,245,55,249,82,178,1,66,0,138,0,135,0,47,0,21,0,12,0,11,0,11,
0,164,249,70,255,11,253,230,0,43,253,18,7,50,244,130,250,53,178,1,66,0,139,0,136,0,47,0,21,0,11,0,11,0,10,
0,215,249,36,0,212,252,230,0,43,253,18,7,114,244,130,250,53,178,1,65,0,139,0,136,0,47,0,21,0,11,0,11,0,10,
0,251,249,66,1,150,252,230,0,43,253,18,7,61,244,63,252,89,178,1,65,0,139,0,136,0,48,0,22,0,12,0,11,0,11,
0,251,249,66,1,150,252,230,0,43,253,18,7,19,245,205,252,165,178,1,64,0,139,0,136,0,48,0,21,0,11,0,11,0,11,
0,30,250,88,2,89,252,230,0,43,253,18,7,122,245,87,253,27,178,1,63,0,139,0,137,0,48,0,22,0,12,0,11,0,11,
0,83,250,68,3,66,252,230,0,43,253,18,7,122,245,87,253,134,177,1,63,0,140,0,138,0,48,0,21,0,11,0,11,0,10,
0,83,250,68,3,78,252,230,0,43,253,18,7,220,245,27,254,134,177,1,63,0,140,0,139,0,48,0,21,0,11,0,11,0,10,
0,101,250,30,4,78,252,188,0,57,253,238,6,73,245,115,254,225,177,1,62,0,141,0,140,0,49,0,22,0,12,0,11,0,11,
0,148,250,251,4,61,252,188,0,57,253,238,6,126,245,165,254,125,179,1,61,0,141,0,141,0,49,0,22,0,13,0,11,0,11,
0,168,250,217,5,7,252,188,0,57,253,238,6,187,245,194,254,39,180,1,60,0,141,0,142,0,50,0,26,0,13,0,11,0,10,
0,168,250,217,5,7,251,188,0,57,253,238,6,187,245,194,254,39,180,1,59,0,142,0,144,0,49,0,24,0,13,0,10,0,10,
0,197,250,195,6,220,251,188,0,57,253,238,6,226,246,124,254,91,179,1,58,0,143,0,147,0,50,0,23,0,13,0,11,0,10,
0,224,250,174,7,158,251,188,0,57,253,238,6,117,247,117,254,47,180,1,56,0,144,0,152,0,52,0,25,0,14,0,11,0,11,
0,236,250,122,8,120,251,188,0,57,253,238,6,192,248,85,254,167,181,1,55,0,144,0,163,0,53,0,23,0,11,0,11,0,10,
0,236,250,122,8,120,251,188,0,57,253,238,6,192,248,253,253,187,182,1,55,0,146,0,183,0,56,0,23,0,13,0,11,0,11,
0,18,251,31,9,31,251,188,0,57,253,238,6,61,251,253,253,187,182,1,52,0,147,0,212,0,63,0,26,0,15,0,12,0,11,
0,48,251,154,9,226,250,188,0,57,253,238,6,151,252,221,253,99,180,1,51,0,148,1,0,0,72,0,27,0,12,0,11,0,11,
0,37,251,223,9,193,250,188,0,57,253,238,6,195,253,135,254,77,184,1,49,0,150,1,54,0,84,0,30,0,16,0,12,0,11,
0,37,251,223,9,193,250,200,0,22,253,213,6,233,255,218,253,125,184,1,48,0,151,1,75,0,96,0,33,0,14,0,12,0,11,
0,9,251,252,9,147,250,200,0,22,253,213,6,233,255,218,253,246,183,1,47,0,153,1,72,0,105,0,37,0,16,0,12,0,11,
0,51,251,208,9,115,250,200,0,22,253,213,6,254,1,59,253,246,183,1,45,0,156,1,71,0,111,0,39,0,16,0,12,0,11,
0,51,251,208,9,114,250,200,0,22,253,213,6,168,1,112,252,141,183,1,42,0,159,1,69,0,117,0,42,0,18,0,13,0,12,
0,69,251,158,9,114,250,200,0,22,253,213,6,92,2,255,251,2,187,1,40,0,162,1,68,0,121,0,45,0,19,0,13,0,12,
0,66,251,150,9,105,250,200,0,22,253,213,6,92,2,208,250,154,186,1,36,0,166,1,67,0,124,0,47,0,20,0,14,0,12,
0,108,251,75,9,61,250,200,0,22,253,213,6,67,5,208,250,154,186,1,33,0,170,1,66,0,127,0,49,0,21,0,14,0,12,
0,108,251,75,9,61,250,200,0,22,253,213,6,253,5,19,250,109,184,1,31,0,175,1,66,0,129,0,50,0,20,0,13,0,12,
0,117,251,9,9,22,250,200,0,22,253,213,6,24,6,18,250,161,186,1,27,0,180,1,64,0,131,0,53,0,22,0,14,0,12,
0,102,251,178,8,25,250,200,0,22,253,213,6,123,8,59,250,152,190,1,24,0,185,1,63,0,132,0,54,0,25,0,15,0,12,
0,92,251,19,8,58,250,34,0,45,253,185,5,123,8,59,250,251,188,1,21,0,189,1,62,0,133,0,55,0,25,0,15,0,13,
0,92,251,19,8,58,250,34,0,45,253,185,5,75,11,114,249,251,188,1,17,0,194,1,61,0,133,0,55,0,24,0,15,0,12,
0,79,251,111,7,67,250,34,0,45,253,185,5,30,12,72,249,203,186,1,14,0,199,1,61,0,134,0,55,0,24,0,15,0,12,
0,56,251,172,6,96,250,34,0,45,253,185,5,175,10,203,249,55,188,1,10,0,203,1,60,0,134,0,56,0,24,0,15,0,12,
0,79,251,156,5,201,250,34,0,45,253,185,5,105,7,158,252,171,192,1,11,0,207,1,57,0,134,0,57,0,25,0,16,0,12,
0,79,251,156,5,201,250,34,0,45,253,185,5,105,7,158,252,171,192,1,9,0,212,1,56,0,133,0,57,0,25,0,15,0,12,
0,138,251,107,4,244,251,34,0,45,253,185,5,203,4,253,254,69,191,1,8,0,218,1,55,0,134,0,58,0,26,0,16,0,12,
0,202,251,117,3,104,253,34,0,45,253,185,5,182,5,59,252,173,188,1,6,0,225,1,54,0,133,0,57,0,24,0,15,0,11,
0,202,251,117,3,31,254,34,0,45,253,185,5,138,4,73,252,113,189,1,4,0,228,1,52,0,132,0,57,0,25,0,15,0,11,
0,20,252,51,3,31,254,34,0,45,253,185,5,138,4,73,254,174,192,1,4,0,228,1,46,0,132,0,57,0,23,0,15,0,12,
0,115,252,30,3,37,254,32,0,67,253,120,5,197,5,248,254,174,192,1,9,0,227,1,36,0,130,0,56,0,24,0,15,0,12,
0,225,252,226,2,83,254,32,0,67,253,120,5,162,5,24,1,40,191,1,18,0,223,1,28,0,128,0,59,0,27,0,16,0,12,
0,225,252,226,2,83,254,32,0,67,253,120,5,0,1,80,1,177,186,1,27,0,219,1,21,0,125,0,57,0,25,0,15,0,12,
0,68,253,185,2,219,254,32,0,67,253,120,5,24,254,98,2,199,186,1,31,0,215,1,13,0,122,0,56,0,23,0,14,0,11,
0,214,253,161,2,146,255,32,0,67,253,120,5,24,254,98,2,199,186,1,36,0,212,1,9,0,120,0,55,0,24,0,15,0,11,
0,79,254,204,2,212,255,32,0,67,253,120,5,153,253,190,4,246,190,1,41,0,209,1,7,0,118,0,54,0,23,0,15,0,12,
0,79,254,204,2,212,255,32,0,67,253,120,5,212,252,157,4,217,187,1,43,0,206,1,5,0,115,0,52,0,22,0,14,0,11,
0,17,255,38,3,148,255,32,0,67,253,120,5,127,251,72,3,22,186,1,43,0,202,1,8,0,115,0,52,0,23,0,15,0,11,
0,218,255,106,3,106,255,32,0,67,253,120,5,127,251,60,1,72,187,1,44,0,198,1,13,0,114,0,51,0,22,0,14,0,11,
0,178,0,161,3,116,255,32,0,67,253,120,5,123,250,60,1,72,187,1,44,0,193,1,16,0,114,0,50,0,24,0,15,0,11,
0,178,0,161,3,116,255,14,0,19,253,62,6,209,251,15,255,255,189,1,45,0,191,1,21,0,114,0,50,0,23,0,14,0,11,
0,108,1,164,3,144,255,14,0,19,253,62,6,106,253,119,252,146,188,1,44,0,189,1,23,0,115,0,51,0,23,0,15,0,11,
0,191,1,132,3,140,255,14,0,19,253,62,6,83,253,49,250,99,186,1,44,0,189,1,28,0,115,0,49,0,22,0,14,0,11,
0,191,1,132,3,114,255,14,0,19,253,62,6,83,253,49,250,228,188,1,41,0,189,1,32,0,117,0,50,0,21,0,14,0,12,
0,192,1,76,3,114,255,14,0,19,253,62,6,31,251,90,249,228,188,1,38,0,190,1,36,0,118,0,50,0,21,0,14,0,11,
0,165,1,24,3,48,255,14,0,19,253,62,6,200,252,167,248,165,192,1,34,0,191,1,42,0,119,0,50,0,21,0,14,0,11,
0,76,1,32,3,10,255,14,0,19,253,62,6,241,252,86,247,11,188,1,29,0,193,1,47,0,121,0,51,0,22,0,14,0,11,
0,76,1,32,3,10,255,14,0,19,253,62,6,241,252,174,247,82,187,1,23,0,195,1,52,0,123,0,51,0,23,0,14,0,11,
0,189,0,33,3,247,254,14,0,19,253,62,6,60,251,174,247,82,187,1,16,0,197,1,55,0,125,0,52,0,24,0,15,0,12,
0,21,0,59,3,228,254,14,0,19,253,62,6,96,251,43,248,54,191,1,9,0,199,1,58,0,127,0,53,0,23,0,15,0,12,
0,140,255,65,3,183,254,14,0,19,253,62,6,212,253,179,247,176,191,1,1,0,200,1,59,0,128,0,56,0,24,0,15,0,12,
0,140,255,65,3,183,254,209,255,61,253,5,6,74,254,83,247,40,190,0,248,0,201,1,60,0,130,0,56,0,25,0,15,0,12,
0,21,255,77,3,134,254,209,255,61,253,5,6,74,254,83,247,189,188,0,239,0,203,1,60,0,130,0,56,0,24,0,14,0,11,
0,205,254,68,3,92,254,209,255,61,253,5,6,192,254,71,247,189,188,0,230,0,203,1,60,0,132,0,57,0,25,0,16,0,12,
0,118,254,68,3,49,254,209,255,61,253,5,6,137,255,159,247,3,190,0,220,0,205,1,60,0,132,0,57,0,25,0,16,0,13,
0,118,254,65,3,49,254,209,255,61,253,5,6,63,1,251,247,7,192,0,211,0,206,1,60,0,133,0,57,0,25,0,16,0,12,
0,67,254,19,3,17,254,209,255,61,253,5,6,169,3,4,248,229,189,0,202,0,209,1,60,0,133,0,58,0,25,0,16,0,12,
0,20,254,206,2,12,254,209,255,61,253,5,6,169,3,4,248,229,189,0,194,0,211,1,60,0,133,0,57,0,25,0,15,0,12,
0,20,254,206,2,23,254,209,255,61,253,5,6,248,3,38,248,213,186,0,185,0,214,1,59,0,134,0,58,0,25,0,16,0,12,
0,5,254,106,2,23,254,209,255,61,253,5,6,88,3,137,248,208,186,0,177,0,216,1,59,0,134,0,58,0,26,0,16,0,12,
0,17,254,14,2,95,254,209,255,61,253,5,6,52,3,156,249,237,189,0,170,0,219,1,58,0,133,0,58,0,26,0,16,0,12,
0,84,254,222,1,124,254,32,0,228,252,78,6,52,3,129,249,110,189,0,163,0,222,1,57,0,134,0,58,0,26,0,16,0,12,
0,84,254,222,1,124,254,32,0,228,252,78,6,51,4,129,249,110,189,0,158,0,225,1,57,0,133,0,57,0,24,0,16,0,12,
0,120,254,207,1,140,254,32,0,228,252,78,6,32,4,238,248,110,186,0,153,0,228,1,57,0,133,0,57,0,25,0,15,0,12,
0,168,254,178,1,158,254,32,0,228,252,78,6,122,3,191,249,156,187,0,149,0,231,1,56,0,134,0,58,0,26,0,16,0,12,
0,229,254,161,1,196,254,32,0,228,252,78,6,139,3,18,250,13,189,0,146,0,234,1,55,0,133,0,57,0,25,0,16,0,12,
0,229,254,161,1,196,254,32,0,228,252,78,6,139,3,18,250,13,190,0,144,0,237,1,55,0,132,0,57,0,25,0,15,0,12,
0,34,255,144,1,214,254,32,0,228,252,78,6,182,3,8,250,89,190,0,142,0,239,1,54,0,133,0,58,0,26,0,16,0,12,
0,73,255,139,1,227,254,32,0,228,252,78,6,93,4,218,249,170,190,0,141,0,242,1,54,0,132,0,52,0,24,0,15,0,12,
0,148,255,139,1,251,254,32,0,228,252,78,6,219,4,152,249,6,190,0,140,0,244,1,53,0,132,0,53,0,24,0,16,0,12,
0,148,255,138,1,251,254,32,0,228,252,78,6,219,4,51,250,240,190,0,140,0,246,1,53,0,132,0,54,0,24,0,16,0,12,
0,186,255,84,1,28,255,224,255,14,253,153,5,218,4,51,250,240,190,0,140,0,247,1,52,0,132,0,55,0,24,0,15,0,12,
0,225,255,36,1,43,255,224,255,14,253,153,5,171,5,67,250,129,192,0,139,0,249,1,50,0,132,0,55,0,24,0,15,0,12,
0,225,255,36,1,80,255,224,255,14,253,153,5,14,5,92,250,120,191,0,139,0,250,1,49,0,131,0,55,0,24,0,15,0,12,
0,251,255,228,0,80,255,224,255,14,253,153,5,15,5,95,250,181,192,0,139,0,251,1,48,0,131,0,56,0,25,0,16,0,12,
0,28,0,142,0,145,255,224,255,14,253,153,5,15,5,95,250,240,194,0,140,0,252,1,47,0,131,0,56,0,23,0,15,0,12,
0,68,0,57,0,183,255,224,255,14,253,153,5,76,5,46,250,240,194,0,140,0,253,1,45,0,130,0,56,0,23,0,15,0,12,
0,68,0,57,0,183,255,224,255,14,253,153,5,67,6,106,249,19,193,0,140,0,254,1,44,0,129,0,55,0,23,0,14,0,11,
0,96,0,45,0,199,255,224,255,14,253,153,5,144,5,167,248,182,190,0,140,0,254,1,42,0,129,0,56,0,24,0,15,0,12,
0,144,0,17,0,198,255,224,255,14,253,153,5,144,4,241,248,56,194,0,141,0,254,1,41,0,128,0,59,0,25,0,15,0,12,
0,137,0,212,255,228,255,224,255,14,253,153,5,127,4,241,248,56,194,0,142,0,255,1,40,0,127,0,57,0,25,0,15,0,12,
0,137,0,212,255,228,255,170,255,52,253,205,6,79,6,90,248,181,194,0,142,0,254,1,38,0,127,0,57,0,25,0,16,0,12,
0,88,0,140,255,236,255,170,255,52,253,205,6,92,7,187,247,176,193,0,142,0,255,1,36,0,126,0,56,0,24,0,15,0,12,
0,35,0,69,255,0,0,170,255,52,253,205,6,105,7,77,247,176,190,0,142,0,255,1,34,0,126,0,56,0,25,0,16,0,12,
0,252,255,69,255,4,0,170,255,52,253,205,6,105,7,77,247,159,192,0,143,0,254,1,32,0,124,0,55,0,24,0,15,0,12,
0,252,255,216,254,4,0,170,255,52,253,205,6,80,6,178,247,159,192,0,144,0,254,1,31,0,123,0,55,0,26,0,15,0,12,
0,228,255,137,254,39,0,170,255,52,253,205,6,201,7,93,247,139,194,0,144,0,255,1,29,0,122,0,54,0,25,0,15,0,11,
0,216,255,59,254,83,0,170,255,52,253,205,6,228,8,168,246,37,193,0,144,0,253,1,27,0,122,0,54,0,25,0,15,0,12,
0,216,255,59,254,83,0,170,255,52,253,205,6,36,8,12,246,208,189,0,144,0,253,1,25,0,120,0,53,0,24,0,14,0,11,
0,214,255,215,253,83,0,170,255,52,253,205,6,36,8,12,246,208,189,0,144,0,252,1,23,0,120,0,57,0,25,0,15,0,12,
0,156,255,155,253,72,0,170,255,52,253,205,6,248,6,42,246,87,191,0,144,0,253,1,21,0,119,0,55,0,25,0,15,0,11,
0,92,255,100,253,63,0,170,255,61,253,55,6,118,7,142,246,131,194,0,144,0,253,1,20,0,118,0,54,0,24,0,14,0,11,
0,92,255,100,253,63,0,29,0,61,253,55,6,198,8,84,246,203,192,0,144,0,253,1,18,0,118,0,54,0,25,0,15,0,12,
0,22,255,109,253,56,0,29,0,61,253,55,6,198,8,182,245,148,189,0,144,0,253,1,17,0,117,0,53,0,23,0,14,0,11,
0,200,254,130,253,63,0,29,0,61,253,55,6,79,8,182,245,148,189,0,144,0,254,1,16,0,117,0,52,0,24,0,15,0,12,
0,163,254,86,253,86,0,29,0,61,253,55,6,176,6,120,246,50,190,0,144,0,254,1,16,0,116,0,52,0,23,0,15,0,12,
0,163,254,86,253,86,0,29,0,61,253,55,6,221,7,22,247,64,194,0,144,0,255,1,14,0,115,0,52,0,22,0,15,0,12,
0,152,254,29,253,119,0,29,0,61,253,55,6,237,8,138,246,48,191,0,144,0,255,1,14,0,114,0,51,0,21,0,14,0,11,
0,99,254,233,252,150,0,29,0,61,253,55,6,237,8,138,246,33,189,0,143,1,0,1,14,0,114,0,50,0,22,0,15,0,12,
0,99,254,233,252,163,0,29,0,61,253,55,6,99,7,8,247,33,189,0,143,1,1,1,13,0,114,0,50,0,22,0,14,0,12,
0,54,254,228,252,163,0,29,0,61,253,55,6,91,6,167,247,5,192,0,143,1,2,1,13,0,113,0,50,0,22,0,14,0,12,
0,83,254,232,252,190,0,29,0,61,253,55,6,104,7,59,247,57,192,0,143,1,3,1,13,0,113,0,49,0,22,0,14,0,11,
0,97,254,201,252,210,0,218,255,102,253,213,5,104,7,42,247,64,191,0,143,1,4,1,14,0,113,0,48,0,22,0,14,0,12,
0,97,254,201,252,248,0,218,255,102,253,213,5,67,7,42,247,64,191,0,143,1,5,1,14,0,112,0,48,0,21,0,13,0,11,
0,62,254,186,252,248,0,218,255,102,253,213,5,175,5,114,247,87,189,0,143,1,6,1,14,0,113,0,49,0,22,0,14,0,12,
0,51,254,187,252,5,1,218,255,102,253,213,5,228,4,242,247,198,191,0,144,1,8,1,15,0,112,0,48,0,22,0,14,0,12,
0,19,254,205,252,29,1,218,255,102,253,213,5,122,6,104,247,90,192,0,144,1,8,1,15,0,113,0,48,0,21,0,14,0,11,
0,19,254,205,252,29,1,218,255,102,253,213,5,122,6,104,247,55,190,0,144,1,10,1,16,0,112,0,48,0,23,0,14,0,11,
0,244,253,247,252,53,1,218,255,102,253,213,5,222,5,128,247,55,190,0,144,1,11,1,16,0,112,0,48,0,22,0,14,0,11,
0,10,254,27,253,67,1,218,255,102,253,213,5,184,4,70,248,189,190,0,144,1,11,1,16,0,113,0,48,0,22,0,14,0,12,
0,19,254,42,253,108,1,218,255,102,253,213,5,142,4,142,248,197,192,0,144,1,13,1,17,0,113,0,48,0,22,0,14,0,12,
0,19,254,42,253,108,1,218,255,102,253,213,5,90,5,249,247,80,191,0,144,1,13,1,17,0,113,0,48,0,22,0,14,0,11,
0,35,254,29,253,139,1,52,0,4,253,146,6,90,5,249,247,80,191,0,145,1,14,1,17,0,113,0,48,0,21,0,14,0,11,
0,244,253,1,253,117,1,52,0,4,253,146,6,113,4,244,247,1,191,0,145,1,14,1,17,0,113,0,49,0,22,0,14,0,12,
0,244,253,1,253,115,1,52,0,4,253,146,6,94,3,72,248,216,190,0,145,1,14,1,18,0,114,0,49,0,22,0,14,0,12,
0,234,253,3,253,115,1,52,0,4,253,146,6,219,2,83,248,150,192,0,146,1,15,1,19,0,113,0,49,0,22,0,14,0,12,
0,18,254,20,253,124,1,52,0,4,253,146,6,219,2,254,247,111,191,0,146,1,16,1,19,0,114,0,49,0,22,0,14,0,12,
0,31,254,74,253,140,1,52,0,4,253,146,6,133,3,254,247,111,191,0,147,1,16,1,19,0,114,0,49,0,22,0,14,0,12,
0,31,254,74,253,145,1,52,0,4,253,146,6,36,3,198,247,97,189,0,147,1,16,1,19,0,115,0,49,0,23,0,15,0,12,
0,29,254,120,253,145,1,52,0,4,253,146,6,218,1,115,248,55,191,0,147,1,16,1,19,0,115,0,49,0,22,0,15,0,12,
0,19,254,131,253,124,1,52,0,4,253,146,6,183,3,52,248,245,190,0,148,1,17,1,20,0,114,0,50,0,22,0,14,0,12,
0,12,254,159,253,136,1,52,0,4,253,146,6,183,3,52,248,245,189,0,148,1,17,1,20,0,114,0,49,0,22,0,14,0,11,
0,12,254,159,253,136,1,78,0,246,252,129,6,22,3,42,248,51,189,0,148,1,17,1,20,0,115,0,49,0,22,0,14,0,12,
0,254,253,166,253,143,1,78,0,246,252,129,6,70,2,93,248,34,190,0,149,1,17,1,20,0,115,0,49,0,22,0,14,0,11,
0,16,254,196,253,147,1,78,0,246,252,129,6,112,2,85,248,136,191,0,148,1,17,1,20,0,115,0,49,0,22,0,14,0,12,
0,13,254,210,253,149,1,78,0,246,252,129,6,112,2,190,247,206,189,0,149,1,17,1,19,0,114,0,49,0,22,0,14,0,11,
0,13,254,210,253,149,1,78,0,246,252,129,6,121,2,190,247,206,189,0,149,1,17,1,18,0,114,0,49,0,21,0,14,0,11,
0,4,254,249,253,134,1,78,0,246,252,129,6,90,1,255,247,148,189,0,149,1,17,1,17,0,115,0,49,0,23,0,14,0,12,
0,248,253,50,254,97,1,78,0,246,252,129,6,204,1,22,248,81,191,0,149,1,17,1,17,0,114,0,49,0,21,0,14,0,11,
0,248,253,50,254,58,1,78,0,246,252,129,6,220,2,94,247,105,189,0,149,1,16,1,16,0,114,0,49,0,22,0,14,0,12,
0,245,253,54,254,58,1,78,0,246,252,129,6,220,2,94,247,141,188,0,149,1,17,1,16,0,114,0,49,0,22,0,14,0,12,
0,225,253,98,254,51,1,78,0,246,252,129,6,10,1,178,247,141,188,0,148,1,17,1,14,0,114,0,49,0,20,0,14,0,11,
0,191,253,138,254,51,1,239,255,91,253,84,6,90,1,80,248,206,192,0,149,1,17,1,12,0,113,0,48,0,20,0,13,0,11,
0,191,253,138,254,51,1,239,255,91,253,84,6,106,2,245,247,220,190,0,149,1,17,1,10,0,112,0,48,0,21,0,13,0,11,
0,196,253,164,254,34,1,239,255,91,253,84,6,106,2,166,247,62,188,0,148,1,16,1,8,0,112,0,49,0,22,0,14,0,12,
0,147,253,180,254,9,1,239,255,91,253,84,6,59,2,166,247,62,188,0,148,1,16,1,8,0,111,0,49,0,21,0,14,0,12,
0,140,253,214,254,25,1,239,255,91,253,84,6,158,1,162,247,13,189,0,148,1,16,1,7,0,111,0,48,0,22,0,14,0,12,
0,140,253,214,254,25,1,239,255,91,253,84,6,18,1,75,248,38,191,0,148,1,17,1,6,0,110,0,47,0,21,0,14,0,11,
0,149,253,195,254,37,1,239,255,91,253,84,6,62,2,46,248,204,191,0,148,1,17,1,3,0,110,0,47,0,20,0,13,0,11,
0,126,253,185,254,16,1,239,255,91,253,84,6,62,2,46,248,63,188,0,147,1,16,1,0,0,109,0,47,0,21,0,14,0,12,
0,113,253,235,254,15,1,239,255,91,253,84,6,33,2,126,247,63,188,0,147,1,17,0,255,0,108,0,47,0,22,0,14,0,11,
0,113,253,235,254,15,1,239,255,91,253,84,6,241,255,228,247,211,188,0,147,1,16,0,255,0,107,0,47,0,22,0,14,0,12,
0,161,253,17,255,11,1,239,255,91,253,84,6,237,0,104,248,255,192,0,147,1,17,0,254,0,107,0,46,0,21,0,14,0,11,
0,175,253,20,255,2,1,88,0,236,252,142,6,200,1,211,247,83,191,0,146,1,17,0,251,0,106,0,46,0,22,0,14,0,12,
0,175,253,20,255,253,0,88,0,236,252,142,6,200,1,211,247,83,191,0,147,1,18,0,249,0,105,0,46,0,21,0,14,0,11,
0,162,253,41,255,253,0,88,0,236,252,142,6,143,1,218,247,153,189,0,147,1,18,0,249,0,104,0,45,0,20,0,13,0,11,
0,144,253,66,255,1,1,88,0,236,252,142,6,194,0,51,248,27,190,0,147,1,18,0,248,0,104,0,44,0,20,0,13,0,11,
0,174,253,122,255,243,0,88,0,236,252,142,6,104,0,178,248,24,192,0,147,1,18,0,246,0,104,0,45,0,21,0,14,0,11,
0,174,253,122,255,243,0,88,0,236,252,142,6,104,0,186,248,34,191,0,148,1,19,0,245,0,102,0,44,0,20,0,13,0,11,
0,170,253,169,255,231,0,88,0,236,252,142,6,238,0,186,248,34,191,0,148,1,19,0,244,0,102,0,44,0,20,0,13,0,11,
0,166,253,206,255,251,0,88,0,236,252,142,6,78,1,144,248,0,191,0,148,1,19,0,243,0,101,0,43,0,20,0,13,0,11,
0,152,253,220,255,18,1,88,0,236,252,142,6,102,0,154,248,135,189,0,148,1,19,0,242,0,101,0,44,0,20,0,13,0,11,
0,152,253,220,255,18,1,88,0,236,252,142,6,176,255,232,248,122,191,0,149,1,20,0,241,0,100,0,43,0,20,0,13,0,11,
0,152,253,215,255,41,1,76,0,26,253,209,5,176,255,232,248,239,192,0,150,1,20,0,240,0,99,0,43,0,20,0,13,0,11,
0,192,253,249,255,28,1,76,0,26,253,209,5,125,0,202,248,239,192,0,150,1,20,0,239,0,99,0,43,0,19,0,14,0,12,
0,199,253,24,0,12,1,76,0,26,253,209,5,180,0,112,248,225,189,0,150,1,20,0,238,0,99,0,43,0,19,0,13,0,11,
0,199,253,24,0,12,1,76,0,26,253,209,5,88,255,253,248,173,189,0,151,1,20,0,238,0,98,0,37,0,18,0,14,0,12,
0,203,253,3,0,43,1,76,0,26,253,209,5,88,255,164,249,168,194,0,152,1,20,0,238,0,97,0,38,0,17,0,13,0,11,
0,185,253,30,0,70,1,76,0,26,253,209,5,52,0,164,249,168,194,0,153,1,20,0,238,0,97,0,38,0,17,0,13,0,11,
0,185,253,30,0,78,1,76,0,26,253,209,5,105,1,37,249,254,191,0,153,1,20,0,237,0,97,0,40,0,18,0,13,0,12,
0,200,253,80,0,78,1,76,0,26,253,209,5,26,0,50,249,35,188,0,154,1,20,0,237,0,97,0,40,0,18,0,13,0,12,
0,225,253,136,0,82,1,76,0,26,253,209,5,74,255,46,250,112,192,0,155,1,20,0,237,0,97,0,40,0,18,0,13,0,11,
0,238,253,208,0,73,1,76,0,26,253,209,5,74,255,46,250,41,192,0,156,1,20,0,238,0,96,0,40,0,17,0,12,0,11,
0,238,253,208,0,73,1,3,0,219,252,13,7,88,1,123,249,41,192,0,157,1,20,0,238,0,96,0,40,0,18,0,13,0,11,
0,212,253,243,0,75,1,3,0,219,252,13,7,173,0,67,249,157,190,0,158,1,20,0,238,0,97,0,41,0,18,0,13,0,11,
0,214,253,251,0,75,1,3,0,219,252,13,7,187,255,236,249,31,190,0,159,1,20,0,239,0,96,0,40,0,17,0,12,0,11,
0,212,253,8,1,102,1,3,0,219,252,13,7,67,255,76,250,93,192,0,159,1,20,0,240,0,97,0,41,0,20,0,13,0,11,
0,212,253,8,1,102,1,3,0,219,252,13,7,67,255,76,250,93,192,0,160,1,20,0,241,0,96,0,40,0,19,0,13,0,11,
0,214,253,34,1,90,1,3,0,219,252,13,7,107,1,216,249,77,193,0,161,1,20,0,241,0,97,0,41,0,20,0,13,0,11,
0,221,253,80,1,76,1,3,0,219,252,13,7,10,1,34,249,142,189,0,161,1,20,0,242,0,97,0,41,0,19,0,13,0,11,
0,21,254,89,1,77,1,3,0,219,252,13,7,33,0,181,249,169,190,0,162,1,20,0,244,0,97,0,41,0,19,0,13,0,11,
0,21,254,89,1,77,1,3,0,219,252,13,7,33,0,12,250,98,193,0,163,1,21,0,245,0,98,0,40,0,19,0,13,0,11,
0,21,254,135,1,68,1,3,0,219,252,13,7,153,0,12,250,98,193,0,163,1,20,0,246,0,99,0,41,0,20,0,13,0,11,
0,11,254,152,1,39,1,27,0,236,252,211,5,62,2,231,249,137,192,0,164,1,20,0,248,0,99,0,41,0,19,0,13,0,11,
0,11,254,152,1,58,1,27,0,236,252,211,5,24,2,62,249,157,190,0,164,1,20,0,248,0,100,0,42,0,20,0,14,0,12,
0,2,254,162,1,58,1,27,0,236,252,211,5,10,1,156,249,13,191,0,165,1,21,0,250,0,100,0,42,0,20,0,14,0,11,
0,41,254,161,1,88,1,27,0,236,252,211,5,10,1,156,249,13,191,0,165,1,20,0,250,0,101,0,43,0,20,0,13,0,11,
0,67,254,159,1,87,1,27,0,236,252,211,5,154,0,179,249,112,192,0,166,1,21,0,252,0,101,0,42,0,19,0,13,0,11,
0,67,254,159,1,87,1,27,0,236,252,211,5,210,1,140,249,199,193,0,167,1,20,0,252,0,102,0,47,0,20,0,13,0,11,
0,106,254,186,1,86,1,27,0,236,252,211,5,218,2,33,249,87,192,0,167,1,20,0,253,0,103,0,46,0,21,0,13,0,11,
0,132,254,194,1,57,1,27,0,236,252,211,5,218,2,203,248,130,189,0,168,1,20,0,254,0,103,0,46,0,21,0,14,0,11,
0,136,254,208,1,32,1,27,0,236,252,211,5,216,1,203,248,130,189,0,168,1,19,0,255,0,104,0,46,0,21,0,14,0,11,
0,136,254,208,1,32,1,27,0,236,252,211,5,49,1,214,249,82,193,0,169,1,20,1,0,0,104,0,45,0,19,0,13,0,11,
0,116,254,210,1,47,1,27,0,236,252,211,5,123,3,223,248,49,194,0,169,1,20,1,1,0,104,0,45,0,19,0,13,0,11,
0,134,254,203,1,44,1,6,0,6,253,148,5,95,3,252,248,19,193,0,170,1,19,1,1,0,105,0,45,0,20,0,13,0,11,
0,149,254,215,1,72,1,6,0,6,253,148,5,95,3,252,248,90,190,0,171,1,19,1,2,0,105,0,45,0,20,0,13,0,11,
0,149,254,215,1,72,1,6,0,6,253,148,5,234,2,203,248,90,190,0,171,1,18,1,3,0,105,0,44,0,19,0,13,0,11,
0,188,254,201,1,57,1,6,0,6,253,148,5,137,1,121,249,126,193,0,172,1,18,1,3,0,106,0,45,0,20,0,13,0,11,
0,182,254,162,1,34,1,6,0,6,253,148,5,111,3,12,249,127,195,0,173,1,18,1,4,0,105,0,44,0,19,0,13,0,11,
0,182,254,162,1,48,1,6,0,6,253,148,5,111,3,106,248,236,191,0,174,1,17,1,3,0,106,0,45,0,20,0,13,0,11,
0,190,254,175,1,48,1,6,0,6,253,148,5,160,3,106,248,236,191,0,175,1,17,1,4,0,106,0,45,0,19,0,14,0,11,
0,175,254,164,1,63,1,6,0,6,253,148,5,180,2,188,248,80,191,0,175,1,17,1,4,0,106,0,45,0,19,0,13,0,11,
0,174,254,155,1,63,1,6,0,6,253,148,5,118,2,251,248,110,193,0,176,1,16,1,4,0,107,0,45,0,20,0,13,0,11,
0,174,254,155,1,63,1,6,0,6,253,148,5,128,3,215,248,20,195,0,177,1,16,1,5,0,107,0,45,0,20,0,13,0,11,
0,237,254,133,1,75,1,79,0,203,252,121,6,128,3,215,248,110,193,0,178,1,16,1,4,0,107,0,46,0,20,0,14,0,12,
0,253,254,104,1,63,1,79,0,203,252,121,6,110,4,127,248,110,193,0,179,1,15,1,4,0,107,0,46,0,20,0,14,0,12,
0,244,254,98,1,57,1,79,0,203,252,121,6,83,4,98,248,232,191,0,180,1,14,1,3,0,107,0,46,0,20,0,14,0,11,
0,244,254,98,1,57,1,79,0,203,252,121,6,92,3,165,248,85,192,0,181,1,14,1,3,0,107,0,45,0,20,0,13,0,11,
0,213,254,96,1,69,1,79,0,203,252,121,6,198,3,163,248,249,192,0,182,1,13,1,2,0,107,0,46,0,21,0,14,0,12,
0,217,254,65,1,68,1,79,0,203,252,121,6,198,3,163,248,249,192,0,183,1,12,1,2,0,107,0,46,0,20,0,14,0,12,
0,244,254,65,1,70,1,79,0,203,252,121,6,202,3,149,248,73,193,0,184,1,12,1,1,0,106,0,45,0,20,0,13,0,11,
0,244,254,24,1,70,1,79,0,203,252,121,6,2,4,134,248,190,193,0,184,1,11,1,0,0,107,0,46,0,21,0,13,0,11,
0,14,255,4,1,73,1,79,0,203,252,121,6,68,4,82,248,155,192,0,185,1,10,0,255,0,106,0,45,0,21,0,13,0,11,
0,41,255,245,0,59,1,79,0,203,252,121,6,68,4,130,248,32,192,0,186,1,10,0,255,0,106,0,45,0,21,0,13,0,11,
0,41,255,245,0,77,1,59,0,212,252,18,6,192,3,130,248,32,192,0,187,1,8,0,253,0,105,0,45,0,22,0,14,0,12,
0,24,255,229,0,77,1,59,0,212,252,18,6,148,3,75,248,55,193,0,187,1,8,0,252,0,105,0,45,0,21,0,14,0,11,
0,25,255,228,0,104,1,59,0,212,252,18,6,155,3,106,248,161,193,0,188,1,7,0,251,0,105,0,45,0,21,0,14,0,11,
0,28,255,212,0,146,1,59,0,212,252,18,6,230,3,102,248,37,193,0,189,1,7,0,251,0,104,0,44,0,20,0,13,0,11,
0,28,255,212,0,146,1,59,0,212,252,18,6,230,3,102,248,37,191,0,189,1,6,0,249,0,104,0,44,0,21,0,14,0,11,
0,22,255,195,0,156,1,59,0,212,252,18,6,3,4,70,248,197,191,0,189,1,5,0,249,0,104,0,44,0,20,0,14,0,11,
0,32,255,166,0,160,1,59,0,212,252,18,6,205,3,28,248,163,191,0,189,1,5,0,248,0,103,0,44,0,20,0,14,0,11,
0,46,255,153,0,148,1,59,0,212,252,18,6,19,3,123,248,104,193,0,190,1,4,0,247,0,103,0,44,0,20,0,13,0,11,
0,46,255,153,0,148,1,59,0,212,252,18,6,19,3,10,248,23,193,0,190,1,4,0,247,0,102,0,43,0,20,0,13,0,11,
0,84,255,136,0,151,1,59,0,212,252,18,6,248,3,10,248,23,193,0,191,1,4,0,246,0,101,0,43,0,19,0,13,0,11,
0,69,255,100,0,148,1,199,255,238,252,48,6,108,3,246,247,1,191,0,191,1,3,0,245,0,102,0,43,0,20,0,14,0,11,
0,23,255,100,0,150,1,199,255,238,252,48,6,226,2,219,247,97,193,0,191,1,3,0,245,0,101,0,43,0,20,0,14,0,11,
0,23,255,120,0,150,1,199,255,238,252,48,6,2,3,189,247,77,193,0,191,1,2,0,243,0,101,0,43,0,20,0,14,0,12,
0,8,255,152,0,154,1,199,255,238,252,48,6,2,3,189,247,169,192,0,192,1,2,0,243,0,100,0,43,0,20,0,13,0,11,
0,43,255,133,0,129,1,199,255,238,252,48,6,71,3,152,247,169,192,0,192,1,1,0,242,0,100,0,43,0,20,0,13,0,11,
0,43,255,133,0,113,1,199,255,238,252,48,6,194,2,198,247,242,191,0,192,1,1,0,242,0,100,0,43,0,20,0,14,0,12,
0,48,255,125,0,113,1,199,255,238,252,48,6,242,2,36,248,7,193,0,192,1,1,0,243,0,99,0,42,0,20,0,14,0,12,
0,78,255,126,0,102,1,199,255,238,252,48,6,35,3,223,247,57,193,0,192,1,0,0,243,0,100,0,43,0,20,0,14,0,11,
0,106,255,120,0,94,1,199,255,238,252,48,6,35,3,223,247,57,193,0,193,1,1,0,243,0,99,0,42,0,19,0,13,0,11,
0,106,255,120,0,94,1,199,255,238,252,48,6,70,3,102,247,29,191,0,193,1,1,0,242,0,99,0,42,0,19,0,13,0,11,
0,112,255,139,0,66,1,199,255,238,252,63,6,85,2,49,248,58,193,0,193,1,0,0,241,0,99,0,43,0,20,0,13,0,11,
0,139,255,125,0,57,1,67,0,183,252,63,6,250,2,251,247,251,193,0,194,0,255,0,241,0,99,0,42,0,20,0,13,0,11,
0,172,255,112,0,70,1,67,0,183,252,63,6,250,2,251,247,226,191,0,195,0,255,0,241,0,98,0,42,0,20,0,13,0,11,
0,172,255,112,0,70,1,67,0,183,252,63,6,163,3,132,247,226,191,0,195,0,254,0,240,0,99,0,42,0,19,0,13,0,11,
0,197,255,102,0,56,1,67,0,183,252,63,6,180,2,119,247,61,191,0,196,0,254,0,239,0,98,0,41,0,17,0,12,0,10,
0,162,255,75,0,54,1,67,0,183,252,63,6,240,1,248,247,97,193,0,196,0,253,0,240,0,98,0,42,0,20,0,13,0,11,
0,142,255,75,0,48,1,67,0,183,252,63,6,29,3,221,247,105,193,0,195,0,252,0,241,0,98,0,42,0,20,0,13,0,11,
0,142,255,75,0,48,1,67,0,183,252,63,6,29,3,221,247,105,193,0,195,0,252,0,242,0,98,0,42,0,20,0,13,0,11,
0,142,255,88,0,35,1,67,0,183,252,63,6,147,3,37,247,110,191,0,195,0,253,0,243,0,97,0,41,0,19,0,13,0,11,
0,193,255,106,0,27,1,67,0,183,252,63,6,75,2,176,247,186,190,0,195,0,253,0,242,0,98,0,42,0,20,0,13,0,11,
0,193,255,106,0,242,0,67,0,183,252,63,6,6,3,91,248,163,195,0,195,0,253,0,241,0,98,0,41,0,19,0,13,0,11,
0,221,255,137,0,242,0,236,255,31,253,200,5,6,3,237,247,127,193,0,196,0,252,0,241,0,99,0,42,0,20,0,13,0,11,
0,1,0,158,0,207,0,236,255,31,253,200,5,186,4,237,247,127,193,0,196,0,252,0,241,0,98,0,41,0,19,0,13,0,11,
0,243,255,170,0,213,0,236,255,31,253,200,5,11,3,145,247,146,189,0,196,0,251,0,241,0,99,0,42,0,20,0,14,0,12,
0,243,255,170,0,213,0,236,255,31,253,200,5,239,1,167,248,236,191,0,197,0,251,0,241,0,98,0,41,0,19,0,13,0,11,
0,233,255,137,0,206,0,236,255,31,253,200,5,162,3,28,248,92,194,0,197,0,250,0,240,0,99,0,42,0,20,0,14,0,12,
0,239,255,125,0,213,0,236,255,31,253,200,5,162,3,28,248,121,190,0,198,0,250,0,240,0,98,0,42,0,20,0,14,0,11,
0,255,255,105,0,202,0,236,255,31,253,200,5,38,4,139,247,121,190,0,198,0,250,0,241,0,97,0,41,0,20,0,13,0,11,
0,255,255,105,0,202,0,236,255,31,253,200,5,30,2,29,248,234,190,0,198,0,249,0,241,0,98,0,42,0,20,0,13,0,11,
0,244,255,110,0,214,0,236,255,31,253,200,5,181,2,232,248,11,194,0,198,0,250,0,242,0,98,0,41,0,19,0,13,0,11,
0,215,255,99,0,192,0,236,255,31,253,200,5,181,2,102,248,166,192,0,198,0,250,0,241,0,98,0,41,0,20,0,13,0,11,
0,215,255,99,0,193,0,212,255,244,252,182,6,111,4,102,248,166,192,0,199,0,250,0,241,0,98,0,36,0,19,0,14,0,12,
0,218,255,90,0,193,0,212,255,244,252,182,6,121,4,68,248,43,191,0,200,0,250,0,240,0,98,0,38,0,19,0,13,0,11,
0,226,255,107,0,210,0,212,255,244,252,182,6,104,3,149,248,147,190,0,200,0,251,0,240,0,97,0,38,0,17,0,12,0,11,
0,248,255,136,0,188,0,212,255,244,252,182,6,43,4,2,249,42,194,0,200,0,250,0,239,0,97,0,38,0,16,0,12,0,11,
0,248,255,136,0,147,0,212,255,244,252,182,6,43,4,2,249,213,192,0,201,0,250,0,239,0,98,0,40,0,17,0,13,0,11,
0,27,0,106,0,147,0,212,255,244,252,182,6,48,5,212,248,213,192,0,201,0,250,0,239,0,97,0,40,0,17,0,13,0,11,
0,67,0,106,0,124,0,212,255,244,252,182,6,76,4,122,248,67,190,0,202,0,250,0,239,0,98,0,40,0,18,0,13,0,11,
0,70,0,114,0,116,0,212,255,244,252,182,6,82,3,251,248,191,191,0,203,0,250,0,240,0,97,0,40,0,19,0,13,0,11,
0,70,0,114,0,116,0,212,255,244,252,182,6,204,3,31,249,9,194,0,203,0,250,0,239,0,97,0,40,0,17,0,12,0,11,
0,76,0,91,0,100,0,212,255,244,252,182,6,204,3,31,249,9,194,0,203,0,250,0,239,0,97,0,41,0,18,0,13,0,11,
0,76,0,78,0,67,0,13,0,209,252,136,6,32,5,157,248,205,192,0,204,0,251,0,240,0,97,0,41,0,20,0,13,0,11,
0,82,0,91,0,77,0,13,0,209,252,136,6,31,5,226,248,156,191,0,204,0,250,0,239,0,98,0,41,0,17,0,13,0,11,
0,82,0,91,0,77,0,13,0,209,252,136,6,169,4,231,248,123,189,0,206,0,251,0,240,0,97,0,41,0,20,0,13,0,11,
0,89,0,94,0,59,0,13,0,209,252,136,6,169,4,131,249,63,192,0,206,0,251,0,240,0,97,0,41,0,19,0,13,0,11,
0,81,0,80,0,73,0,13,0,209,252,136,6,218,3,131,249,63,192,0,206,0,251,0,239,0,98,0,41,0,18,0,13,0,12,
0,81,0,80,0,60,0,13,0,209,252,136,6,94,5,76,249,68,194,0,207,0,251,0,240,0,98,0,42,0,20,0,14,0,12,
0,64,0,64,0,60,0,13,0,209,252,136,6,169,6,208,248,26,191,0,208,0,252,0,240,0,97,0,41,0,20,0,13,0,11,
0,75,0,47,0,75,0,13,0,209,252,136,6,51,5,241,248,99,190,0,208,0,251,0,240,0,98,0,41,0,20,0,13,0,12,
0,110,0,38,0,66,0,13,0,209,252,136,6,51,5,241,248,99,192,0,209,0,252,0,241,0,97,0,41,0,19,0,13,0,11,
0,110,0,38,0,58,0,13,0,209,252,136,6,190,4,73,249,65,192,0,208,0,251,0,240,0,98,0,41,0,20,0,13,0,11,
0,97,0,22,0,58,0,220,255,20,253,0,6,124,5,79,249,206,193,0,209,0,251,0,240,0,98,0,41,0,19,0,13,0,11,
0,42,0,13,0,32,0,220,255,20,253,0,6,56,6,12,249,117,192,0,209,0,252,0,240,0,98,0,41,0,19,0,13,0,11,
0,30,0,18,0,19,0,220,255,20,253,0,6,56,6,163,248,204,190,0,210,0,252,0,241,0,97,0,45,0,19,0,12,0,10,
0,30,0,18,0,19,0,220,255,20,253,0,6,67,6,163,248,204,190,0,210,0,252,0,241,0,97,0,44,0,20,0,12,0,11,
0,44,0,19,0,20,0,220,255,20,253,0,6,85,5,159,248,29,191,0,210,0,252,0,240,0,98,0,44,0,20,0,13,0,11,
0,72,0,6,0,33,0,220,255,20,253,0,6,182,5,35,249,90,192,0,210,0,252,0,239,0,98,0,43,0,18,0,13,0,11,
0,76,0,4,0,22,0,220,255,20,253,0,6,70,6,51,249,159,192,0,210,0,251,0,239,0,97,0,43,0,18,0,13,0,11,
0,76,0,4,0,22,0,220,255,20,253,0,6,70,6,51,249,199,192,0,211,0,252,0,239,0,97,0,42,0,18,0,13,0,11,
0,84,0,253,255,18,0,220,255,20,253,0,6,39,6,171,248,199,192,0,211,0,252,0,239,0,97,0,42,0,18,0,13,0,11,
0,77,0,252,255,26,0,220,255,20,253,0,6,71,6,171,248,105,192,0,211,0,251,0,239,0,98,0,42,0,19,0,14,0,12,
0,77,0,252,255,17,0,220,255,20,253,0,6,161,5,173,248,199,191,0,211,0,251,0,238,0,97,0,42,0,19,0,13,0,11,
0,84,0,220,255,17,0,18,0,236,252,2,6,187,5,147,248,168,192,0,211,0,251,0,238,0,97,0,42,0,19,0,13,0,11,
0,120,0,206,255,4,0,18,0,236,252,2,6,187,5,147,248,168,192,0,211,0,251,0,238,0,97,0,41,0,18,0,13,0,11,
0,137,0,194,255,19,0,18,0,236,252,2,6,251,4,201,248,67,193,0,211,0,250,0,238,0,97,0,41,0,18,0,13,0,11,
0,137,0,194,255,19,0,18,0,236,252,2,6,148,5,62,248,57,193,0,211,0,250,0,237,0,97,0,42,0,19,0,13,0,12,
0,126,0,178,255,73,0,18,0,236,252,2,6,73,5,79,248,122,191,0,211,0,250,0,236,0,97,0,42,0,19,0,13,0,11,
0,92,0,184,255,108,0,18,0,236,252,2,6,73,5,79,248,29,192,0,211,0,250,0,236,0,97,0,42,0,19,0,13,0,11,
0,78,0,154,255,108,0,18,0,236,252,2,6,3,5,52,248,29,192,0,212,0,250,0,236,0,96,0,41,0,18,0,13,0,11,
0,78,0,154,255,108,0,18,0,236,252,2,6,118,4,102,248,111,193,0,212,0,251,0,235,0,96,0,41,0,18,0,12,0,11,
0,83,0,173,255,79,0,18,0,236,252,2,6,163,4,32,248,104,193,0,211,0,250,0,234,0,96,0,41,0,19,0,13,0,11,
0,73,0,144,255,88,0,18,0,236,252,2,6,114,5,136,247,9,193,0,211,0,250,0,233,0,95,0,41,0,18,0,13,0,11,
0,58,0,127,255,79,0,1,0,223,252,209,5,114,5,136,247,9,193,0,211,0,250,0,232,0,95,0,41,0,18,0,13,0,11,
0,58,0,127,255,79,0,1,0,223,252,209,5,67,5,137,247,183,192,0,212,0,250,0,232,0,94,0,40,0,17,0,12,0,11,
0,24,0,157,255,87,0,1,0,223,252,209,5,81,4,235,247,24,192,0,212,0,250,0,232,0,94,0,40,0,17,0,12,0,11,
0,63,0,149,255,105,0,1,0,223,252,209,5,97,3,218,247,128,192,0,212,0,249,0,230,0,94,0,40,0,18,0,13,0,11,
0,63,0,149,255,101,0,1,0,223,252,209,5,97,3,234,247,124,194,0,212,0,249,0,230,0,93,0,40,0,18,0,12,0,11,
0,36,0,125,255,101,0,1,0,223,252,209,5,28,4,234,247,124,194,0,212,0,249,0,228,0,93,0,40,0,18,0,13,0,11,
0,36,0,105,255,101,0,1,0,223,252,209,5,146,4,101,247,159,193,0,212,0,248,0,227,0,92,0,40,0,17,0,12,0,11,
0,43,0,98,255,105,0,1,0,223,252,209,5,10,4,239,246,173,190,0,212,0,248,0,226,0,93,0,40,0,18,0,13,0,11,
0,43,0,98,255,105,0,1,0,223,252,209,5,93,2,108,247,65,191,0,212,0,247,0,225,0,92,0,40,0,18,0,13,0,11,
0,24,0,136,255,116,0,1,0,223,252,209,5,93,2,108,247,44,193,0,212,0,248,0,224,0,92,0,40,0,18,0,13,0,11,
0,22,0,113,255,127,0,243,255,8,253,132,5,29,3,180,247,44,193,0,212,0,247,0,222,0,91,0,40,0,20,0,13,0,11,
0,25,0,115,255,116,0,243,255,8,253,132,5,44,3,90,247,134,194,0,213,0,248,0,222,0,90,0,38,0,19,0,13,0,11,
0,25,0,115,255,116,0,243,255,8,253,132,5,243,3,75,247,141,193,0,213,0,247,0,220,0,90,0,39,0,20,0,14,0,12,
0,239,255,132,255,107,0,243,255,8,253,132,5,243,3,57,247,53,191,0,213,0,247,0,218,0,89,0,39,0,19,0,13,0,12,
0,237,255,138,255,110,0,243,255,8,253,132,5,193,3,57,247,53,191,0,214,0,247,0,217,0,89,0,38,0,18,0,13,0,11,
0,232,255,128,255,115,0,243,255,8,253,132,5,167,2,165,247,8,192,0,214,0,247,0,216,0,89,0,38,0,18,0,13,0,11,
0,232,255,128,255,115,0,243,255,8,253,132,5,74,2,198,247,240,192,0,214,0,247,0,215,0,87,0,37,0,17,0,12,0,11,
0,247,255,135,255,126,0,243,255,8,253,132,5,228,2,88,247,89,193,0,215,0,247,0,214,0,87,0,37,0,17,0,12,0,11,
0,10,0,166,255,109,0,243,255,8,253,132,5,228,2,88,247,19,192,0,214,0,247,0,212,0,87,0,37,0,18,0,13,0,11,
0,10,0,166,255,90,0,243,255,8,253,132,5,106,2,47,247,19,192,0,214,0,247,0,211,0,86,0,37,0,18,0,13,0,11,
0,3,0,170,255,90,0,228,255,12,253,141,5,220,1,77,247,1,192,0,215,0,247,0,210,0,86,0,37,0,18,0,13,0,11,
0,254,255,171,255,85,0,228,255,12,253,141,5,247,1,247,247,164,192,0,215,0,247,0,210,0,84,0,36,0,17,0,12,0,11,
0,14,0,169,255,90,0,228,255,12,253,141,5,2,2,223,247,69,192,0,215,0,248,0,209,0,84,0,35,0,17,0,12,0,11,
0,14,0,169,255,90,0,228,255,12,253,141,5,2,2,223,247,69,192,0,215,0,247,0,208,0,84,0,36,0,18,0,13,0,11,
0,231,255,149,255,75,0,228,255,12,253,141,5,54,2,177,247,163,192,0,215,0,248,0,208,0,83,0,36,0,17,0,13,0,11,
0,7,0,172,255,50,0,228,255,12,253,141,5,60,2,231,247,200,191,0,216,0,248,0,208,0,83,0,35,0,17,0,12,0,11,
0,240,255,177,255,66,0,228,255,12,253,141,5,2,2,223,247,114,191,0,215,0,247,0,207,0,83,0,36,0,16,0,13,0,11,
0,240,255,177,255,66,0,228,255,12,253,141,5,2,2,223,248,213,192,0,215,0,248,0,207,0,82,0,35,0,15,0,12,0,11,
0,1,0,187,255,50,0,228,255,12,253,141,5,228,1,153,248,213,192,0,215,0,247,0,207,0,82,0,35,0,16,0,12,0,11,
0,255,255,217,255,38,0,228,255,12,253,141,5,40,2,30,248,209,191,0,215,0,247,0,207,0,82,0,34,0,16,0,12,0,11,
0,2,0,200,255,23,0,228,255,12,253,141,5,136,1,40,248,6,191,0,215,0,248,0,207,0,82,0,34,0,16,0,12,0,11,
0,2,0,200,255,23,0,52,0,8,253,234,5,131,1,167,248,63,192,0,215,0,247,0,207,0,82,0,35,0,16,0,12,0,11,
0,32,0,181,255,17,0,52,0,8,253,234,5,131,1,167,248,63,192,0,215,0,248,0,208,0,82,0,35,0,17,0,12,0,11,
0,13,0,200,255,5,0,52,0,8,253,234,5,6,2,212,248,238,191,0,215,0,247,0,208,0,83,0,35,0,18,0,13,0,11,
0,13,0,200,255,242,255,52,0,8,253,234,5,100,2,163,248,172,191,0,215,0,248,0,209,0,82,0,35,0,18,0,13,0,11,
0,243,255,194,255,242,255,52,0,8,253,234,5,18,2,142,248,1,190,0,215,0,248,0,210,0,82,0,34,0,16,0,12,0,11,
0,229,255,223,255,226,255,52,0,8,253,234,5,18,2,77,249,208,192,0,214,0,248,0,210,0,83,0,35,0,18,0,13,0,11,
0,249,255,214,255,231,255,52,0,8,253,234,5,34,1,77,249,208,192,0,214,0,249,0,212,0,82,0,34,0,16,0,12,0,11,
0,249,255,214,255,231,255,52,0,8,253,234,5,35,3,217,248,112,191,0,213,0,249,0,212,0,83,0,35,0,17,0,13,0,11,
0,27,0,224,255,228,255,52,0,8,253,234,5,87,2,171,248,62,189,0,214,0,249,0,213,0,83,0,34,0,17,0,12,0,11,
0,37,0,216,255,216,255,52,0,8,253,234,5,121,1,157,249,38,191,0,214,0,249,0,214,0,83,0,35,0,16,0,12,0,11,
0,53,0,201,255,229,255,14,0,223,252,213,6,121,1,157,249,218,192,0,213,0,249,0,215,0,84,0,35,0,17,0,13,0,11,
0,53,0,201,255,229,255,14,0,223,252,213,6,60,2,110,249,218,192,0,213,0,250,0,216,0,84,0,34,0,16,0,12,0,10,
0,43,0,239,255,240,255,14,0,223,252,213,6,220,2,83,249,164,191,0,212,0,250,0,217,0,85,0,35,0,17,0,12,0,11,
0,24,0,230,255,233,255,14,0,223,252,213,6,112,2,66,249,148,188,0,213,0,250,0,218,0,85,0,35,0,17,0,12,0,11,
0,49,0,213,255,192,255,14,0,223,252,213,6,112,1,235,249,13,191,0,213,0,251,0,219,0,85,0,35,0,16,0,12,0,11,
0,49,0,213,255,192,255,14,0,223,252,213,6,64,1,235,249,13,191,0,212,0,251,0,220,0,86,0,36,0,18,0,13,0,11,
0,50,0,0,0,215,255,14,0,223,252,213,6,88,2,8,250,118,192,0,212,0,251,0,221,0,86,0,35,0,17,0,12,0,11,
0,72,0,16,0,216,255,14,0,223,252,213,6,64,3,130,249,229,189,0,212,0,251,0,222,0,87,0,31,0,17,0,13,0,12,
0,72,0,16,0,246,255,14,0,223,252,213,6,248,1,180,249,120,188,0,212,0,252,0,223,0,87,0,32,0,17,0,13,0,12,
0,67,0,48,0,246,255,14,0,223,252,213,6,248,1,180,249,181,191,0,212,0,252,0,225,0,88,0,33,0,14,0,12,0,11,
0,75,0,41,0,29,0,33,0,245,252,167,6,240,1,41,250,181,191,0,212,0,252,0,225,0,89,0,35,0,16,0,13,0,12,
0,102,0,54,0,28,0,33,0,245,252,167,6,66,2,147,249,228,191,0,212,0,253,0,227,0,89,0,35,0,16,0,12,0,11,
0,102,0,54,0,28,0,33,0,245,252,167,6,74,3,155,249,101,191,0,212,0,252,0,228,0,90,0,36,0,16,0,13,0,12,
0,92,0,39,0,16,0,33,0,245,252,167,6,216,2,148,249,160,189,0,212,0,253,0,229,0,90,0,37,0,17,0,13,0,12,
0,115,0,23,0,248,255,33,0,245,252,167,6,216,2,148,249,160,189,0,212,0,254,0,230,0,90,0,37,0,16,0,12,0,11,
0,122,0,24,0,249,255,33,0,245,252,167,6,16,2,200,249,110,190,0,212,0,253,0,231,0,91,0,38,0,17,0,13,0,11,
0,122,0,24,0,249,255,33,0,245,252,167,6,75,2,189,249,60,191,0,212,0,254,0,232,0,91,0,37,0,16,0,12,0,11,
0,138,0,41,0,246,255,33,0,245,252,167,6,255,2,178,249,127,191,0,212,0,254,0,233,0,92,0,38,0,17,0,13,0,11,
0,141,0,36,0,238,255,33,0,245,252,167,6,255,2,167,249,50,191,0,212,0,255,0,234,0,92,0,38,0,17,0,13,0,11,
0,114,0,36,0,241,255,33,0,245,252,167,6,209,2,167,249,50,191,0,212,0,255,0,235,0,93,0,39,0,17,0,12,0,11,
0,114,0,43,0,241,255,216,255,248,252,216,5,145,2,142,249,242,191,0,212,0,255,0,236,0,93,0,38,0,17,0,12,0,11,
0,138,0,39,0,237,255,216,255,248,252,216,5,67,3,63,249,226,191,0,212,0,255,0,236,0,94,0,40,0,17,0,13,0,11,
0,139,0,46,0,246,255,216,255,248,252,216,5,86,3,245,248,173,189,0,212,0,255,0,236,0,94,0,40,0,18,0,13,0,11,
0,139,0,46,0,224,255,216,255,248,252,216,5,86,3,245,248,173,189,0,212,0,255,0,237,0,95,0,40,0,17,0,13,0,11,
0,159,0,14,0,224,255,216,255,248,252,216,5,141,2,42,249,236,189,0,212,1,0,0,238,0,95,0,40,0,17,0,12,0,11,
0,145,0,239,255,199,255,216,255,248,252,216,5,88,2,167,249,162,191,0,212,1,1,0,239,0,95,0,39,0,17,0,13,0,11,
0,108,0,234,255,194,255,216,255,248,252,216,5,78,3,11,249,129,192,0,212,1,1,0,239,0,95,0,40,0,17,0,12,0,11,
0,108,0,234,255,194,255,216,255,248,252,216,5,78,3,230,248,39,191,0,212,1,0,0,239,0,96,0,40,0,18,0,13,0,11,
0,102,0,234,255,213,255,216,255,248,252,216,5,4,4,230,248,39,191,0,212,1,0,0,239,0,97,0,40,0,18,0,13,0,11,
0,99,0,14,0,238,255,216,255,248,252,216,5,173,3,192,248,178,188,0,212,1,1,0,240,0,97,0,45,0,20,0,12,0,11,
0,126,0,50,0,249,255,216,255,248,252,216,5,123,2,4,249,150,188,0,212,1,1,0,241,0,97,0,44,0,20,0,12,0,11,
0,126,0,50,0,249,255,33,0,234,252,85,5,128,3,14,249,27,192,0,212,1,1,0,241,0,97,0,43,0,21,0,13,0,11,
0,133,0,50,0,227,255,33,0,234,252,85,5,128,3,14,249,146,191,0,212,1,1,0,241,0,97,0,43,0,20,0,13,0,11,
0,107,0,51,0,240,255,33,0,234,252,85,5,12,4,186,248,146,191,0,212,1,1,0,241,0,97,0,43,0,20,0,13,0,12,
0,113,0,51,0,4,0,33,0,234,252,85,5,189,3,110,248,40,190,0,212,1,1,0,242,0,97,0,42,0,19,0,13,0,11,
0,113,0,33,0,4,0,33,0,234,252,85,5,230,3,75,248,92,189,0,212,1,2,0,242,0,98,0,42,0,20,0,14,0,12,
0,120,0,41,0,26,0,33,0,234,252,85,5,40,3,108,248,57,190,0,212,1,1,0,242,0,97,0,41,0,19,0,13,0,11,
0,123,0,20,0,17,0,33,0,234,252,85,5,40,3,108,248,57,190,0,212,1,1,0,242,0,98,0,42,0,20,0,14,0,12,
0,123,0,20,0,249,255,33,0,234,252,85,5,105,3,156,248,173,191,0,212,1,1,0,243,0,98,0,42,0,20,0,13,0,11,
0,134,0,30,0,249,255,33,0,234,252,85,5,26,4,36,248,190,190,0,212,1,1,0,243,0,99,0,42,0,19,0,13,0,11,
0,137,0,53,0,16,0,33,0,234,252,85,5,176,3,27,248,152,189,0,212,1,1,0,244,0,98,0,41,0,19,0,13,0,11,
0,124,0,27,0,10,0,1,0,19,253,45,6,176,3,27,248,82,191,0,212,1,1,0,243,0,99,0,42,0,20,0,13,0,11,
0,124,0,27,0,10,0,1,0,19,253,45,6,110,3,24,248,82,191,0,212,1,1,0,244,0,99,0,42,0,20,0,13,0,11,
0,69,0,24,0,6,0,1,0,19,253,45,6,18,3,253,247,60,191,0,212,1,0,0,243,0,99,0,42,0,20,0,13,0,11,
0,115,0,29,0,16,0,1,0,19,253,45,6,190,3,155,247,211,190,0,212,1,0,0,243,0,99,0,42,0,20,0,13,0,11,
0,141,0,27,0,5,0,1,0,19,253,45,6,199,3,163,247,214,190,0,212,1,0,0,244,0,98,0,41,0,19,0,13,0,11,
0,141,0,27,0,5,0,1,0,19,253,45,6,199,3,163,247,214,190,0,212,1,0,0,244,0,99,0,41,0,19,0,13,0,11,
0,134,0,8,0,6,0,1,0,19,253,45,6,194,3,147,247,102,189,0,212,0,255,0,243,0,99,0,42,0,20,0,14,0,11,
0,112,0,249,255,252,255,1,0,19,253,45,6,72,3,82,247,51,190,0,212,0,255,0,243,0,99,0,43,0,20,0,14,0,12,
0,88,0,249,255,7,0,1,0,19,253,45,6,108,3,82,247,114,190,0,212,0,255,0,243,0,99,0,42,0,20,0,14,0,12,
0,88,0,17,0,7,0,1,0,19,253,45,6,108,3,90,247,121,191,0,211,0,254,0,242,0,99,0,43,0,20,0,14,0,12,
0,105,0,34,0,249,255,178,255,87,253,218,5,2,3,90,247,121,191,0,211,0,255,0,242,0,99,0,42,0,19,0,13,0,11,
0,71,0,58,0,5,0,178,255,87,253,218,5,58,3,222,246,219,192,0,210,0,254,0,241,0,99,0,42,0,20,0,14,0,12,
0,71,0,58,0,34,0,178,255,87,253,218,5,209,3,169,246,234,190,0,211,0,255,0,241,0,99,0,42,0,20,0,14,0,12,
0,62,0,66,0,34,0,178,255,87,253,218,5,24,3,82,246,9,189,0,210,0,254,0,241,0,99,0,42,0,20,0,13,0,11,
0,59,0,46,0,35,0,178,255,87,253,218,5,24,3,82,246,17,190,0,210,0,254,0,241,0,98,0,41,0,19,0,13,0,12,
0,48,0,55,0,17,0,178,255,87,253,218,5,82,1,218,246,17,190,0,209,0,254,0,241,0,98,0,41,0,19,0,13,0,11,
0,48,0,55,0,17,0,178,255,87,253,218,5,19,3,104,246,197,193,0,209,0,254,0,240,0,98,0,42,0,20,0,13,0,11,
0,49,0,71,0,17,0,178,255,87,253,218,5,138,3,245,245,101,190,0,208,0,253,0,240,0,98,0,42,0,20,0,13,0,11,
0,58,0,58,0,36,0,178,255,87,253,218,5,138,3,33,246,119,189,0,208,0,253,0,240,0,98,0,42,0,19,0,13,0,11,
0,43,0,27,0,74,0,178,255,87,253,218,5,72,2,33,246,119,189,0,208,0,253,0,239,0,97,0,41,0,17,0,12,0,11,
0,43,0,27,0,74,0,243,255,45,253,28,6,98,1,132,246,14,191,0,207,0,253,0,239,0,97,0,41,0,18,0,13,0,11,
0,31,0,24,0,46,0,243,255,45,253,28,6,65,2,90,246,245,192,0,207,0,253,0,239,0,97,0,41,0,18,0,13,0,11,
0,250,255,54,0,41,0,243,255,45,253,28,6,61,3,240,245,250,190,0,207,0,252,0,239,0,97,0,41,0,19,0,13,0,11,
0,250,0,54,0,49,0,243,255,45,253,28,6,61,3,240,245,224,189,0,206,0,252,0,239,0,97,0,41,0,18,0,12,0,10,
0,33,0,29,0,49,0,243,255,45,253,28,6,158,2,169,245,224,189,0,206,0,252,0,238,0,97,0,41,0,18,0,12,0,11,
0,50,0,54,0,56,0,243,255,45,253,28,6,215,1,215,245,222,189,0,206,0,252,0,239,0,97,0,40,0,18,0,13,0,11,
0,222,255,91,0,57,0,243,255,45,253,28,6,124,1,92,246,207,190,0,205,0,251,0,238,0,97,0,41,0,19,0,13,0,11,
0,222,255,91,0,32,0,243,255,45,253,28,6,47,2,103,246,85,192,0,206,0,252,0,238,0,97,0,41,0,18,0,13,0,11,
0,193,255,86,0,32,0,243,255,45,253,28,6,47,2,103,246,85,192,0,205,0,252,0,237,0,97,0,41,0,19,0,13,0,11,
0,224,255,83,0,20,0,243,255,45,253,28,6,166,2,62,246,138,190,0,206,0,252,0,237,0,96,0,41,0,19,0,13,0,12,
0,226,255,62,0,3,0,243,255,45,253,183,5,100,2,21,246,237,189,0,206,0,252,0,236,0,96,0,41,0,18,0,13,0,11,
0,226,255,62,0,3,0,180,255,120,253,183,5,56,2,40,246,194,191,0,205,0,251,0,235,0,97,0,41,0,19,0,13,0,12,
0,231,255,75,0,26,0,180,255,120,253,183,5,56,2,40,246,118,190,0,205,0,251,0,235,0,96,0,41,0,19,0,13,0,12,
0,247,255,118,0,39,0,180,255,120,253,183,5,156,2,34,246,118,190,0,205,0,251,0,235,0,96,0,41,0,18,0,13,0,11,
0,7,0,107,0,12,0,180,255,120,253,183,5,100,2,35,246,34,189,0,206,0,251,0,235,0,95,0,41,0,18,0,13,0,11,
0,7,0,107,0,12,0,180,255,120,253,183,5,111,1,203,246,29,191,0,205,0,251,0,234,0,96,0,41,0,19,0,13,0,11,
0,216,255,84,0,3,0,180,255,120,253,183,5,103,2,211,246,192,191,0,205,0,251,0,234,0,95,0,41,0,19,0,13,0,11,
0,188,255,97,0,0,0,180,255,120,253,183,5,103,2,211,246,192,191,0,205,0,251,0,234,0,95,0,40,0,18,0,13,0,11,
0,188,255,97,0,21,0,180,255,120,253,183,5,184,2,176,246,135,190,0,206,0,251,0,234,0,95,0,40,0,17,0,12,0,11,
0,245,255,142,0,21,0,180,255,120,253,183,5,26,3,0,246,173,188,0,205,0,251,0,233,0,95,0,40,0,18,0,13,0,11,
0,4,0,173,0,241,255,180,255,120,253,183,5,34,2,155,246,173,188,0,206,0,251,0,233,0,94,0,40,0,17,0,12,0,11,
0,253,255,174,0,214,255,235,255,57,253,149,6,34,2,18,247,202,190,0,205,0,251,0,232,0,95,0,40,0,18,0,13,0,11,
0,253,255,174,0,210,255,235,255,57,253,149,6,34,2,18,247,202,190,0,205,0,251,0,233,0,94,0,40,0,18,0,13,0,11,
0,241,255,189,0,210,255,235,255,57,253,149,6,34,2,70,247,137,191,0,204,0,251,0,232,0,94,0,40,0,18,0,13,0,11,
0,215,255,220,0,204,255,235,255,57,253,149,6,10,3,106,247,73,190,0,205,0,251,0,232,0,93,0,40,0,17,0,13,0,11,
0,247,255,201,0,176,255,235,255,57,253,149,6,110,3,50,247,66,189,0,204,0,252,0,233,0,94,0,40,0,17,0,12,0,11,
0,247,255,201,0,176,255,235,255,57,253,149,6,110,3,50,247,147,189,0,204,0,251,0,232,0,94,0,40,0,18,0,13,0,11,
0,246,255,214,0,190,255,235,255,57,253,149,6,6,3,47,247,147,189,0,204,0,252,0,233,0,94,0,40,0,18,0,13,0,11,
0,192,255,190,0,192,255,235,255,57,253,149,6,123,2,71,247,104,189,0,203,0,251,0,232,0,94,0,40,0,18,0,13,0,11,
0,190,255,188,0,169,255,235,255,57,253,149,6,247,2,78,247,30,190,0,203,0,252,0,233,0,94,0,40,0,18,0,13,0,11,
0,190,255,188,0,169,255,235,255,57,253,149,6,247,2,152,247,33,190,0,203,0,252,0,233,0,94,0,40,0,18,0,13,0,11,
0,204,255,178,0,144,255,244,255,79,253,69,6,100,3,152,247,33,190,0,203,0,252,0,233,0,95,0,40,0,19,0,13,0,12,
0,196,255,181,0,143,255,244,255,79,253,69,6,176,2,174,247,101,190,0,202,0,252,0,233,0,95,0,40,0,18,0,13,0,11,
0,196,255,181,0,147,255,244,255,79,253,69,6,16,3,198,247,144,191,0,202,0,253,0,234,0,95,0,40,0,18,0,13,0,11,
0,236,255,153,0,147,255,244,255,79,253,69,6,45,4,101,247,206,189,0,203,0,253,0,234,0,94,0,40,0,17,0,12,0,11,
0,213,255,118,0,122,255,244,255,79,253,69,6,45,4,101,247,228,187,0,202,0,254,0,235,0,94,0,34,0,16,0,13,0,11,
0,221,255,125,0,152,255,244,255,79,253,69,6,105,3,41,247,228,187,0,202,0,254,0,235,0,95,0,36,0,17,0,13,0,12,
0,221,255,125,0,152,255,244,255,79,253,69,6,250,2,94,247,141,188,0,201,0,254,0,235,0,95,0,37,0,17,0,13,0,11,
0,212,255,116,0,187,255,244,255,79,253,69,6,135,3,254,247,209,189,0,201,0,254,0,235,0,95,0,38,0,17,0,13,0,11,
0,198,255,110,0,178,255,244,255,79,253,69,6,145,3,228,247,240,190,0,201,0,254,0,235,0,95,0,38,0,17,0,13,0,11,
0,211,255,104,0,183,255,244,255,79,253,69,6,145,3,228,247,240,190,0,201,0,255,0,236,0,94,0,38,0,16,0,12,0,11,
0,211,255,104,0,183,255,173,255,107,253,204,5,120,4,119,247,224,189,0,201,0,254,0,236,0,95,0,39,0,18,0,13,0,11,
0,4,0,124,0,192,255,173,255,107,253,204,5,194,3,203,247,134,189,0,200,0,255,0,236,0,95,0,40,0,17,0,13,0,11,
0,43,0,136,0,166,255,173,255,107,253,204,5,34,4,144,247,242,189,0,201,0,255,0,237,0,95,0,39,0,17,0,12,0,11,
0,240,255,125,0,171,255,173,255,107,253,204,5,34,4,104,247,201,189,0,200,0,255,0,236,0,95,0,40,0,18,0,13,0,11,
0,240,255,125,0,171,255,173,255,107,253,204,5,70,4,104,247,201,189,0,200,0,255,0,237,0,95,0,40,0,17,0,12,0,11,
0,217,255,106,0,164,255,173,255,107,253,204,5,243,3,127,247,153,188,0,200,0,255,0,237,0,96,0,40,0,18,0,13,0,11,
0,208,255,83,0,189,255,173,255,107,253,204,5,176,3,157,247,116,189,0,199,0,255,0,237,0,96,0,40,0,18,0,13,0,11,
0,208,255,83,0,197,255,173,255,107,253,204,5,238,3,162,247,82,190,0,199,0,255,0,237,0,96,0,40,0,18,0,13,0,11,
0,214,255,55,0,197,255,173,255,107,253,204,5,238,3,162,247,82,190,0,200,1,0,0,238,0,96,0,40,0,17,0,13,0,11,
0,201,255,73,0,183,255,173,255,107,253,204,5,204,3,143,247,192,191,0,199,1,0,0,238,0,96,0,40,0,17,0,12,0,11,
0,185,255,61,0,210,255,173,0,30,253,221,6,35,5,21,247,52,190,0,198,0,255,0,237,0,96,0,41,0,19,0,13,0,12,
0,185,255,61,0,210,255,7,0,30,253,221,6,60,4,55,247,74,189,0,198,0,255,0,238,0,96,0,41,0,19,0,13,0,11,
0,212,255,33,0,178,255,7,0,30,253,221,6,60,4,118,247,199,188,0,198,0,255,0,238,0,97,0,41,0,18,0,13,0,11,
0,220,255,8,0,183,255,7,0,30,253,221,6,34,3,118,247,199,188,0,198,1,0,0,238,0,96,0,40,0,18,0,12,0,11,
0,232,255,247,255,159,255,7,0,30,253,221,6,31,3,78,247,0,191,0,197,1,0,0,238,0,96,0,40,0,19,0,13,0,11,
0,232,255,247,255,159,255,7,0,30,253,221,6,161,4,21,247,227,190,0,197,0,255,0,238,0,97,0,45,0,19,0,13,0,11,
0,225,255,19,0,149,255,7,0,30,253,221,6,240,3,124,246,87,188,0,196,1,0,0,238,0,96,0,44,0,19,0,13,0,11,
0,221,255,42,0,154,255,7,0,30,253,221,6,240,3,124,246,216,188,0,196,1,0,0,238,0,97,0,43,0,19,0,12,0,10,
0,229,255,13,0,156,255,7,0,30,253,221,6,203,3,166,246,216,188,0,197,1,0,0,238,0,96,0,42,0,18,0,12,0,10,
0,229,255,13,0,156,255,7,0,30,253,221,6,183,3,43,247,11,190,0,196,0,255,0,238,0,96,0,43,0,19,0,13,0,11,
0,217,255,255,255,170,255,7,0,30,253,221,6,177,3,212,246,22,190,0,196,0,255,0,238,0,96,0,42,0,19,0,13,0,11,
0,213,255,253,255,179,255,184,255,102,253,203,5,177,3,167,246,162,189,0,196,0,255,0,238,0,96,0,41,0,19,0,13,0,11,
0,213,255,253,255,138,255,184,255,102,253,203,5,184,3,167,246,162,189,0,196,1,0,0,238,0,96,0,41,0,19,0,13,0,11,
0,196,255,246,255,138,255,184,255,102,253,203,5,207,3,176,246,169,189,0,196,0,255,0,238,0,96,0,41,0,19,0,13,0,11,
0,214,255,200,255,151,255,184,255,102,253,203,5,192,3,135,246,9,190,0,196,0,255,0,238,0,96,0,41,0,18,0,12,0,11,
0,216,255,187,255,118,255,184,255,102,253,203,5,50,3,75,246,112,188,0,196,0,255,0,238,0,96,0,41,0,19,0,13,0,11,
0,216,255,187,255,118,255,184,255,102,253,203,5,50,3,75,246,40,190,0,196,0,255,0,238,0,97,0,41,0,19,0,13,0,11,
0,181,255,188,255,156,255,184,255,102,253,203,5,27,3,120,246,40,190,0,195,0,255,0,238,0,96,0,41,0,18,0,13,0,11,
0,182,255,172,255,166,255,184,255,102,253,203,5,250,2,177,246,189,190,0,196,0,255,0,238,0,96,0,41,0,18,0,13,0,11,
0,173,255,157,255,150,255,184,255,102,253,203,5,146,3,94,246,190,190,0,195,0,254,0,238,0,97,0,41,0,19,0,13,0,11,
0,173,255,157,255,150,255,184,255,102,253,203,5,30,3,218,245,30,188,0,195,0,254,0,237,0,96,0,41,0,19,0,13,0,12,
0,151,255,151,255,168,255,191,255,101,253,176,6,30,3,218,245,30,188,0,195,0,254,0,237,0,96,0,41,0,19,0,13,0,12,
0,140,255,135,255,147,255,191,255,101,253,176,6,231,2,50,246,162,189,0,195,0,254,0,237,0,97,0,41,0,18,0,13,0,11,
0,190,255,128,255,141,255,191,255,101,253,176,6,149,2,106,246,82,191,0,195,0,254,0,237,0,96,0,41,0,19,0,13,0,11,
0,190,255,128,255,141,255,191,255,101,253,176,6,102,3,215,245,172,189,0,195,0,254,0,237,0,96,0,40,0,17,0,12,0,11,
0,168,255,124,255,134,255,191,255,101,253,176,6,102,3,245,245,153,189,0,194,0,253,0,236,0,96,0,41,0,18,0,13,0,11,
0,154,255,137,255,174,255,191,255,101,253,176,6,147,2,245,245,153,189,0,194,0,253,0,235,0,96,0,41,0,19,0,13,0,11,
0,154,255,137,255,185,255,191,255,101,253,176,6,74,2,3,246,158,190,0,194,0,253,0,235,0,96,0,40,0,18,0,13,0,11,
0,167,255,151,255,185,255,191,255,101,253,176,6,208,1,237,245,101,190,0,194,0,253,0,235,0,95,0,40,0,17,0,12,0,11,
0,166,255,166,255,180,255,191,255,101,253,176,6,0,3,232,245,77,191,0,194,0,253,0,235,0,95,0,40,0,17,0,12,0,11,
0,153,255,174,255,188,255,191,255,101,253,176,6,0,3,232,245,77,189,0,194,0,252,0,234,0,95,0,40,0,18,0,13,0,11,
0,153,255,174,255,188,255,233,255,44,253,231,5,49,3,161,245,54,189,0,193,0,252,0,234,0,95,0,40,0,18,0,13,0,11,
0,123,255,148,255,192,255,233,255,44,253,231,5,123,2,149,245,114,189,0,193,0,252,0,233,0,95,0,40,0,18,0,12,0,11,
0,86,255,158,255,206,255,233,255,44,253,231,5,22,2,246,245,63,189,0,194,0,252,0,233,0,94,0,40,0,17,0,12,0,11,
0,127,255,161,255,189,255,233,255,44,253,231,5,22,2,102,246,132,192,0,194,0,252,0,233,0,94,0,40,0,17,0,12,0,11,
0,127,255,161,255,189,255,233,255,44,253,231,5,77,2,102,246,132,192,0,193,0,251,0,232,0,95,0,40,0,19,0,13,0,12,
0,126,255,183,255,156,255,233,255,44,253,231,5,11,3,211,245,227,190,0,193,0,251,0,232,0,95,0,40,0,19,0,13,0,11,
0,107,255,162,255,164,255,233,255,44,253,231,5,47,2,226,245,13,189,0,193,0,250,0,232,0,94,0,40,0,18,0,13,0,11,
0,98,255,146,255,179,255,233,255,44,253,231,5,104,2,218,245,168,188,0,194,0,250,0,232,0,94,0,40,0,17,0,13,0,11,
0,98,255,146,255,179,255,233,255,44,253,231,5,104,2,218,245,208,189,0,194,0,250,0,232,0,94,0,40,0,17,0,12,0,11,
0,82,255,147,255,195,255,233,255,44,253,231,5,92,1,153,246,208,189,0,194,0,249,0,232,0,94,0,40,0,19,0,13,0,12,
0,89,255,141,255,197,255,222,255,87,253,201,6,72,2,20,246,200,191,0,194,0,249,0,232,0,93,0,40,0,18,0,12,0,11,
0,89,255,141,255,168,255,222,255,87,253,201,6,252,2,66,246,60,190,0,194,0,249,0,231,0,94,0,40,0,18,0,13,0,11,
0,126,255,141,255,168,255,222,255,87,253,201,6,95,2,57,246,40,189,0,195,0,249,0,232,0,94,0,40,0,17,0,13,0,11,
0,133,255,177,255,167,255,222,255,87,253,201,6,95,2,57,246,40,189,0,195,0,249,0,231,0,93,0,40,0,17,0,13,0,11,
0,93,255,162,255,185,255,222,255,87,253,201,6,163,2,126,246,217,189,0,194,0,248,0,230,0,94,0,40,0,18,0,13,0,11,
0,93,255,162,255,185,255,222,255,87,253,201,6,169,2,111,246,178,189,0,195,0,248,0,230,0,94,0,40,0,18,0,13,0,11,
0,72,255,163,255,173,255,222,255,87,253,201,6,100,2,112,246,45,189,0,195,0,247,0,230,0,93,0,40,0,17,0,12,0,11,
0,86,255,164,255,169,255,222,255,87,253,201,6,100,2,112,246,235,189,0,195,0,248,0,231,0,93,0,40,0,18,0,13,0,11,
0,97,255,157,255,162,255,222,255,87,253,201,6,68,1,237,246,235,189,0,195,0,247,0,231,0,92,0,39,0,17,0,12,0,10,
0,97,255,157,255,162,255,222,255,87,253,201,6,176,2,10,247,21,191,0,195,0,247,0,230,0,93,0,40,0,18,0,13,0,11,
0,94,255,154,255,157,255,222,255,87,253,201,6,82,3,238,246,67,189,0,195,0,247,0,230,0,93,0,40,0,18,0,13,0,11,
0,74,255,148,255,138,255,207,255,113,253,158,5,88,2,157,246,26,188,0,195,0,247,0,230,0,92,0,39,0,17,0,12,0,11,
0,69,255,148,255,146,255,207,255,113,253,158,5,88,2,157,246,26,188,0,196,0,247,0,230,0,92,0,39,0,17,0,12,0,11,
0,69,255,147,255,146,255,207,255,113,253,158,5,163,1,39,247,246,189,0,195,0,247,0,230,0,93,0,40,0,18,0,13,0,11,
0,44,255,156,255,145,255,207,255,113,253,158,5,150,2,51,247,253,190,0,195,0,247,0,230,0,93,0,40,0,18,0,13,0,11,
0,62,255,178,255,135,255,207,255,113,253,158,5,12,3,11,247,61,189,0,196,0,247,0,230,0,92,0,40,0,18,0,13,0,11,
0,62,255,178,255,145,255,207,255,113,253,158,5,12,3,15,247,206,187,0,195,0,247,0,230,0,93,0,40,0,18,0,13,0,11,
0,78,255,195,255,145,255,207,255,113,253,158,5,147,2,15,247,206,187,0,195,0,247,0,230,0,93,0,39,0,17,0,13,0,11,
0,146,255,166,255,165,255,207,255,113,253,158,5,230,1,179,247,189,189,0,195,0,247,0,230,0,93,0,40,0,18,0,13,0,11,
0,118,255,165,255,177,255,207,255,113,253,158,5,194,2,140,247,60,191,0,195,0,247,0,230,0,93,0,40,0,18,0,13,0,11,
0,118,255,165,255,177,255,207,255,113,253,158,5,180,2,250,246,139,188,0,195,0,247,0,231,0,93,0,40,0,18,0,13,0,11,
0,108,255,177,255,168,255,0,0,78,253,66,6,180,2,250,246,207,189,0,194,0,247,0,231,0,93,0,40,0,18,0,13,0,11,
0,103,255,202,255,153,255,0,0,78,253,66,6,125,2,78,247,207,189,0,195,0,247,0,231,0,93,0,39,0,17,0,12,0,11,
0,100,255,216,255,188,255,0,0,78,253,66,6,255,1,136,247,187,190,0,195,0,248,0,232,0,93,0,39,0,17,0,12,0,11,
0,100,255,216,255,188,255,0,0,78,253,66,6,214,2,194,247,133,191,0,194,0,247,0,231,0,94,0,40,0,18,0,13,0,11,
0,103,255,213,255,199,255,0,0,78,253,66,6,214,2,96,247,190,189,0,194,0,247,0,231,0,93,0,40,0,18,0,13,0,11,
0,117,255,190,255,174,255,0,0,78,253,66,6,69,3,96,247,190,189,0,194,0,248,0,232,0,93,0,40,0,17,0,13,0,11,
0,105,255,190,255,158,255,0,0,78,253,66,6,122,2,48,247,88,188,0,194,0,248,0,232,0,93,0,39,0,17,0,12,0,11,
0,105,255,194,255,158,255,0,0,78,253,66,6,220,1,162,247,230,189,0,193,0,248,0,232,0,93,0,40,0,18,0,13,0,11,
0,104,255,223,255,146,255,0,0,78,253,66,6,230,2,88,247,89,192,0,193,0,248,0,232,0,93,0,40,0,18,0,13,0,11,
0,102,255,243,255,152,255,0,0,78,253,66,6,230,2,88,247,121,189,0,193,0,248,0,233,0,93,0,40,0,18,0,13,0,11,
0,102,255,243,255,170,255,172,255,148,253,149,6,176,3,250,246,121,189,0,193,0,248,0,233,0,93,0,34,0,17,0,13,0,11,
0,125,255,246,255,170,255,172,255,148,253,149,6,168,2,226,246,80,189,0,194,0,248,0,234,0,93,0,35,0,16,0,12,0,11,
0,178,255,244,255,165,255,172,255,148,253,149,6,26,2,179,247,179,190,0,193,0,249,0,233,0,94,0,37,0,17,0,13,0,12,
0,145,255,5,0,161,255,172,255,148,253,149,6,10,3,123,247,234,191,0,193,0,249,0,233,0,94,0,37,0,17,0,13,0,11,
0,145,255,5,0,161,255,172,255,148,253,149,6,10,3,123,247,234,191,0,193,0,249,0,234,0,94,0,38,0,17,0,13,0,12,
0,101,255,9,0,170,255,172,255,148,253,149,6,116,3,27,247,63,190,0,193,0,249,0,234,0,94,0,38,0,17,0,12,0,11,
0,96,255,219,255,176,255,172,255,148,253,149,6,212,2,246,246,8,189,0,193,0,249,0,235,0,94,0,38,0,17,0,12,0,11,
0,101,255,223,255,156,255,172,255,148,253,149,6,36,2,48,247,118,190,0,192,0,249,0,235,0,95,0,40,0,18,0,13,0,12,
0,101,255,223,255,156,255,172,255,148,253,149,6,36,2,41,247,230,191,0,192,0,249,0,235,0,95,0,40,0,18,0,13,0,12,
0,107,255,13,0,165,255,172,255,148,253,149,6,68,3,41,247,230,191,0,193,0,249,0,236,0,95,0,40,0,18,0,13,0,12,
0,126,255,34,0,169,255,253,255,45,253,56,6,235,3,198,246,54,190,0,192,0,249,0,236,0,95,0,40,0,18,0,12,0,11,
0,126,255,34,0,171,255,253,255,45,253,56,6,154,3,151,246,68,189,0,193,0,250,0,237,0,95,0,40,0,17,0,12,0,11,
0,135,255,47,0,171,255,253,255,45,253,56,6,85,2,102,247,16,191,0,192,0,249,0,237,0,96,0,40,0,18,0,13,0,11,
0,112,255,64,0,188,255,253,255,45,253,56,6,85,2,102,247,16,191,0,192,0,250,0,237,0,95,0,40,0,18,0,13,0,11,
0,78,255,68,0,156,255,253,255,45,253,56,6,165,3,41,247,174,191,0,192,0,250,0,238,0,95,0,40,0,18,0,13,0,11,
0,78,255,68,0,144,255,253,255,45,253,56,6,89,3,228,246,158,189,0,192,0,250,0,238,0,96,0,40,0,17,0,12,0,11,
0,88,255,40,0,144,255,253,255,45,253,56,6,147,2,61,247,206,190,0,193,0,251,0,239,0,96,0,40,0,17,0,12,0,11,
0,71,255,17,0,146,255,253,255,45,253,56,6,147,2,149,246,194,190,0,192,0,250,0,239,0,96,0,40,0,18,0,13,0,11,
0,78,255,32,0,139,255,253,255,45,253,56,6,236,3,149,246,194,190,0,192,0,251,0,239,0,96,0,41,0,18,0,13,0,11,
0,78,255,32,0,139,255,253,255,45,253,56,6,111,3,162,246,115,189,0,192,0,251,0,239,0,96,0,40,0,18,0,13,0,11,
0,84,255,46,0,181,255,253,255,45,253,56,6,176,2,18,247,239,190,0,192,0,251,0,239,0,96,0,40,0,18,0,12,0,11,
0,105,255,33,0,185,255,187,255,135,253,231,5,37,4,200,246,170,191,0,193,0,251,0,240,0,96,0,40,0,19,0,12,0,11,
0,81,255,42,0,216,255,187,255,135,253,231,5,37,4,200,246,39,188,0,193,0,251,0,240,0,97,0,45,0,21,0,13,0,11,
0,81,255,42,0,216,255,187,255,135,253,231,5,63,4,31,246,39,188,0,193,0,251,0,240,0,97,0,44,0,20,0,13,0,11,
0,95,255,48,0,227,255,187,255,135,253,231,5,220,2,10,247,123,190,0,193,0,252,0,241,0,97,0,43,0,20,0,13,0,11,
0,108,255,64,0,177,255,187,255,135,253,231,5,156,3,224,246,22,192,0,193,0,251,0,241,0,98,0,43,0,20,0,13,0,11,
0,108,255,64,0,172,255,187,255,135,253,231,5,156,4,80,246,83,190,0,193,0,252,0,241,0,97,0,43,0,20,0,13,0,11,
0,82,255,93,0,172,255,187,255,135,253,231,5,203,4,80,246,83,190,0,193,0,252,0,241,0,98,0,43,0,21,0,14,0,12,
0,66,255,64,0,199,255,187,255,135,253,231,5,237,3,120,246,147,188,0,193,0,252,0,241,0,98,0,43,0,20,0,14,0,12,
0,45,255,38,0,207,255,187,255,135,253,231,5,104,3,26,247,33,190,0,193,0,252,0,242,0,98,0,42,0,20,0,14,0,12,
0,45,255,38,0,215,255,187,255,135,253,231,5,159,4,200,246,234,191,0,193,0,252,0,242,0,98,0,42,0,20,0,13,0,11,
0,28,255,35,0,215,255,146,255,120,253,58,6,159,4,200,246,251,190,0,193,0,253,0,243,0,98,0,42,0,19,0,13,0,11,
0,62,255,31,0,209,255,146,255,120,253,58,6,251,4,112,246,251,190,0,193,0,252,0,242,0,99,0,42,0,20,0,14,0,12,
0,61,255,26,0,227,255,146,255,120,253,58,6,89,4,109,246,63,188,0,193,0,253,0,243,0,99,0,42,0,20,0,13,0,11,
0,61,255,26,0,227,255,146,255,120,253,58,6,134,3,196,246,171,190,0,193,0,253,0,243,0,99,0,42,0,20,0,13,0,11,
0,59,255,8,0,201,255,146,255,120,253,58,6,243,3,139,246,226,191,0,193,0,254,0,244,0,98,0,41,0,19,0,13,0,11,
0,43,255,17,0,199,255,146,255,120,253,58,6,243,3,139,246,226,191,0,193,0,254,0,243,0,99,0,42,0,20,0,13,0,11,
0,91,255,15,0,197,255,146,255,120,253,58,6,172,4,51,246,236,190,0,193,0,254,0,244,0,98,0,41,0,19,0,13,0,11,
0,91,255,15,0,197,255,146,255,120,253,58,6,140,4,78,246,75,190,0,193,0,254,0,243,0,99,0,42,0,20,0,13,0,11,
0,65,255,8,0,180,255,146,255,120,253,58,6,62,4,70,246,94,190,0,194,0,254,0,244,0,99,0,42,0,20,0,13,0,11,
0,84,255,252,255,195,255,146,255,120,253,58,6,62,4,48,246,127,190,0,193,0,254,0,243,0,99,0,42,0,19,0,13,0,11,
0,84,255,252,255,218,255,150,255,150,253,137,6,54,4,48,246,127,190,0,194,0,255,0,244,0,99,0,41,0,19,0,13,0,11,
0,40,255,222,255,218,255,150,255,150,253,137,6,78,4,102,246,203,190,0,193,0,254,0,243,0,99,0,42,0,20,0,13,0,11,
0,28,255,233,255,212,255,150,255,150,253,137,6,23,4,58,246,13,191,0,193,0,254,0,243,0,99,0,42,0,20,0,13,0,11,
0,32,255,207,255,205,255,150,255,150,253,137,6,213,4,50,246,92,191,0,194,0,254,0,243,0,99,0,42,0,20,0,13,0,11,
0,32,255,207,255,194,255,150,255,150,253,137,6,213,4,50,246,195,190,0,194,0,255,0,243,0,99,0,42,0,19,0,13,0,11,
0,231,254,206,255,194,255,150,255,150,253,137,6,125,4,59,246,195,190,0,193,0,255,0,243,0,99,0,42,0,20,0,14,0,12,
0,14,255,223,255,210,255,150,255,150,253,137,6,224,3,110,246,203,190,0,194,0,255,0,243,0,99,0,42,0,19,0,13,0,11,
0,36,255,224,255,210,255,150,255,150,253,137,6,154,3,99,246,200,191,0,193,0,255,0,242,0,99,0,42,0,20,0,13,0,12,
0,36,255,224,255,210,255,150,255,150,253,137,6,154,3,230,245,156,190,0,193,0,255,0,242,0,99,0,42,0,20,0,14,0,12,
0,51,255,217,255,212,255,150,255,150,253,137,6,255,4,230,245,156,190,0,193,0,254,0,242,0,99,0,42,0,19,0,13,0,11,
0,23,255,195,255,222,255,175,255,155,253,115,5,198,3,38,246,93,190,0,193,0,255,0,242,0,99,0,42,0,19,0,13,0,11,
0,58,255,196,255,221,255,175,255,155,253,115,5,59,4,100,246,9,191,0,193,0,255,0,242,0,98,0,41,0,19,0,13,0,11,
0,58,255,196,255,221,255,175,255,155,253,115,5,20,4,75,246,68,191,0,193,0,254,0,241,0,99,0,42,0,20,0,13,0,11,
0,27,255,204,255,241,255,175,255,155,253,115,5,20,4,75,246,63,192,0,193,0,254,0,241,0,98,0,42,0,20,0,13,0,11,
0,4,255,201,255,235,255,175,255,155,253,115,5,34,4,120,246,63,192,0,193,0,254,0,241,0,98,0,41,0,20,0,13,0,11,
0,4,255,201,255,232,255,175,255,155,253,115,5,41,4,7,246,120,190,0,193,0,254,0,240,0,98,0,41,0,19,0,13,0,11,
0,223,254,219,255,232,255,175,255,155,253,115,5,210,3,149,246,77,190,0,193,0,254,0,240,0,98,0,42,0,20,0,13,0,11,
0,171,254,244,255,240,255,175,255,155,253,115,5,57,4,210,246,47,192,0,193,0,254,0,239,0,98,0,41,0,17,0,12,0,11,
0,153,254,230,255,242,255,175,255,155,253,115,5,57,4,210,246,47,192,0,193,0,254,0,239,0,97,0,42,0,18,0,13,0,11,
0,153,254,230,255,242,255,175,255,155,253,115,5,210,3,255,246,196,192,0,193,0,254,0,239,0,97,0,41,0,18,0,13,0,11,
0,185,254,203,255,242,255,175,255,155,253,80,6,125,4,137,246,209,190,0,193,0,254,0,239,0,97,0,41,0,17,0,13,0,11,
0,180,254,192,255,241,255,224,255,50,253,80,6,20,4,134,246,145,191,0,193,0,254,0,238,0,97,0,42,0,18,0,13,0,11,
0,222,254,213,255,231,255,224,255,50,253,80,6,20,4,134,246,134,189,0,194,0,254,0,238,0,97,0,42,0,19,0,13,0,11,
0,222,254,213,255,231,255,224,255,50,253,80,6,138,3,156,246,134,189,0,194,0,254,0,238,0,97,0,41,0,19,0,13,0,11,
0,213,254,225,255,233,255,224,255,50,253,80,6,248,2,36,247,159,190,0,194,0,254,0,237,0,97,0,41,0,19,0,13,0,11,
0,191,254,203,255,255,255,224,255,50,253,80,6,247,3,39,247,47,193,0,195,0,254,0,237,0,96,0,41,0,18,0,13,0,12,
0,160,254,231,255,7,0,224,255,50,253,80,6,165,4,49,247,144,191,0,195,0,254,0,237,0,96,0,41,0,18,0,13,0,11,
0,160,254,231,255,7,0,224,255,50,253,80,6,165,4,49,247,144,191,0,195,0,254,0,236,0,97,0,41,0,19,0,13,0,12,
0,182,254,249,255,228,255,224,255,50,253,80,6,90,4,202,246,3,190,0,196,0,254,0,236,0,96,0,41,0,18,0,13,0,11,
0,180,254,252,255,229,255,224,255,50,253,80,6,85,3,3,247,201,189,0,196,0,253,0,236,0,96,0,41,0,19,0,13,0,11,
0,180,254,252,255,243,255,224,255,50,253,80,6,67,3,137,247,214,191,0,196,0,254,0,236,0,96,0,42,0,19,0,13,0,11,
0,191,254,215,255,243,255,172,255,75,253,200,5,67,3,82,247,25,192,0,196,0,254,0,236,0,96,0,40,0,17,0,12,0,11,
0,218,254,221,255,224,255,172,255,75,253,200,5,36,4,82,247,25,192,0,196,0,253,0,235,0,96,0,41,0,19,0,13,0,11,
0,203,254,234,255,223,255,172,255,75,253,200,5,96,4,66,247,24,191,0,197,0,253,0,235,0,96,0,41,0,18,0,13,0,11,
0,203,254,234,255,223,255,172,255,75,253,200,5,47,4,10,247,168,189,0,198,0,254,0,235,0,95,0,40,0,17,0,12,0,11,
0,203,254,233,255,219,255,172,255,75,253,200,5,34,3,149,247,186,191,0,197,0,253,0,235,0,96,0,41,0,18,0,13,0,11,
0,203,254,247,255,233,255,172,255,75,253,200,5,34,3,149,247,187,191,0,198,0,254,0,236,0,95,0,40,0,17,0,12,0,11,
0,184,254,254,255,241,255,172,255,75,253,200,5,60,4,74,247,187,191,0,198,0,254,0,235,0,95,0,40,0,18,0,13,0,11,
0,184,254,254,255,241,255,172,255,75,253,200,5,160,4,236,246,232,190,0,198,0,254,0,235,0,95,0,40,0,18,0,13,0,11,
0,186,254,10,0,254,255,172,255,75,253,200,5,3,4,18,247,190,189,0,198,0,254,0,235,0,95,0,40,0,18,0,12,0,11,
0,203,254,19,0,35,0,172,255,75,253,200,5,3,4,180,247,242,191,0,199,0,254,0,236,0,95,0,40,0,17,0,12,0,11,
0,222,254,12,0,17,0,187,255,90,253,147,6,54,3,180,247,242,191,0,199,0,254,0,235,0,95,0,40,0,18,0,13,0,11,
0,222,254,12,0,17,0,187,255,90,253,147,6,200,3,34,247,76,191,0,199,0,254,0,235,0,95,0,40,0,18,0,13,0,11,
0,249,254,15,0,16,0,187,255,90,253,147,6,50,4,122,247,194,191,0,198,0,254,0,235,0,95,0,40,0,18,0,13,0,11,
0,212,254,241,255,11,0,187,255,90,253,147,6,235,3,97,247,130,190,0,199,0,254,0,235,0,95,0,40,0,18,0,13,0,11,
0,212,254,241,255,2,0,187,255,90,253,147,6,235,3,97,247,214,190,0,199,0,255,0,235,0,95,0,40,0,18,0,13,0,11,
0,196,254,250,255,2,0,187,255,90,253,147,6,116,3,126,247,214,190,0,200,0,255,0,236,0,95,0,40,0,17,0,13,0,11,
0,208,254,14,0,244,255,187,255,90,253,147,6,213,3,46,247,37,191,0,199,0,254,0,235,0,95,0,41,0,19,0,13,0,12,
0,195,254,252,255,222,255,187,255,90,253,147,6,60,4,90,247,183,190,0,199,0,254,0,235,0,95,0,35,0,18,0,14,0,12,
0,195,254,252,255,222,255,187,255,90,253,147,6,244,3,71,247,91,191,0,199,0,254,0,235,0,95,0,36,0,17,0,13,0,11,
0,193,254,3,0,223,255,187,255,90,253,147,6,244,3,71,247,91,191,0,200,0,255,0,236,0,95,0,37,0,16,0,12,0,11,
0,202,254,9,0,236,255,220,255,107,253,255,5,118,4,59,247,3,192,0,199,0,254,0,235,0,95,0,38,0,18,0,13,0,12,
0,215,254,22,0,222,255,220,255,107,253,255,5,178,4,251,246,186,191,0,199,0,255,0,235,0,95,0,39,0,17,0,13,0,11,
0,215,254,22,0,222,255,220,255,107,253,255,5,102,4,194,246,158,188,0,199,0,255,0,235,0,95,0,39,0,17,0,13,0,11,
0,228,254,31,0,238,255,220,255,107,253,255,5,102,4,56,247,72,190,0,198,0,255,0,235,0,95,0,40,0,18,0,13,0,11,
0,195,254,56,0,27,0,220,255,107,253,255,5,85,3,56,247,72,190,0,198,0,255,0,235,0,95,0,40,0,17,0,13,0,11,
0,170,254,71,0,51,0,220,255,107,253,255,5,103,3,86,247,184,192,0,199,0,255,0,235,0,94,0,39,0,17,0,12,0,11,
0,170,254,71,0,51,0,220,255,107,253,255,5,165,4,31,247,63,192,0,198,0,255,0,235,0,95,0,40,0,18,0,13,0,11,
0,209,254,39,0,34,0,220,255,107,253,255,5,4,5,39,246,33,189,0,198,0,255,0,235,0,95,0,40,0,18,0,13,0,11,
0,247,254,54,0,6,0,220,255,107,253,255,5,4,5,39,246,33,190,0,198,0,255,0,235,0,95,0,40,0,18,0,12,0,11,
0,247,254,54,0,250,255,220,255,107,253,255,5,36,3,236,246,23,190,0,199,1,0,0,235,0,95,0,40,0,18,0,13,0,11,
0,204,254,66,0,250,255,197,255,143,253,63,6,224,3,77,247,158,192,0,199,1,0,0,235,0,94,0,39,0,17,0,12,0,11,
0,160,254,44,0,230,255,197,255,143,253,63,6,18,4,176,246,119,192,0,198,0,255,0,234,0,95,0,40,0,18,0,13,0,12,
0,172,254,25,0,218,255,197,255,143,253,63,6,18,4,179,246,132,191,0,198,0,255,0,235,0,95,0,40,0,18,0,13,0,12,
0,172,254,25,0,218,255,197,255,143,253,63,6,75,4,179,246,132,191,0,198,0,255,0,235,0,95,0,40,0,18,0,13,0,11,
0,195,254,252,255,223,255,197,255,143,253,63,6,98,4,139,246,40,190,0,198,1,0,0,235,0,95,0,40,0,18,0,13,0,11,
0,178,254,249,255,206,255,197,255,143,253,63,6,43,4,186,246,115,190,0,197,0,255,0,234,0,95,0,40,0,19,0,13,0,12,
0,182,254,1,0,204,255,197,255,143,253,63,6,228,3,211,246,144,191,0,197,0,255,0,234,0,95,0,40,0,18,0,13,0,11,
0,182,254,1,0,204,255,197,255,143,253,63,6,228,3,211,246,85,191,0,197,1,0,0,234,0,95,0,40,0,18,0,13,0,11,
0,195,254,253,255,183,255,197,255,143,253,63,6,19,4,178,246,85,191,0,196,0,255,0,234,0,95,0,40,0,18,0,12,0,11,
0,199,254,11,0,149,255,197,255,143,253,63,6,66,4,165,246,109,191,0,197,1,0,0,234,0,95,0,44,0,19,0,13,0,11,
0,158,254,11,255,152,255,197,255,143,253,63,6,137,4,88,246,53,191,0,197,1,0,0,234,0,94,0,43,0,18,0,12,0,10,
0,158,254,255,255,152,255,169,255,74,253,180,6,137,4,73,246,63,192,0,196,0,255,0,233,0,95,0,43,0,19,0,13,0,11,
0,167,254,221,255,159,255,169,255,74,253,180,6,159,4,73,246,63,192,0,196,0,255,0,233,0,95,0,42,0,19,0,13,0,11,
0,164,254,232,255,168,255,169,255,74,253,180,6,36,4,30,246,74,190,0,196,0,255,0,233,0,94,0,41,0,19,0,13,0,11,
0,164,254,232,255,175,255,169,255,74,253,180,6,32,3,97,246,203,190,0,196,1,0,0,233,0,94,0,40,0,18,0,12,0,11,
0,222,254,243,255,175,255,169,255,74,253,180,6,110,3,245,246,165,192,0,195,0,255,0,233,0,95,0,41,0,19,0,13,0,11,
0,219,254,0,0,173,255,169,255,74,253,180,6,110,3,245,246,221,192,0,195,0,255,0,232,0,94,0,41,0,18,0,13,0,11,
0,176,254,7,0,176,255,169,255,74,253,180,6,103,4,153,246,221,192,0,195,0,255,0,232,0,94,0,40,0,18,0,13,0,11,
0,176,254,7,0,176,255,169,255,74,253,180,6,201,4,9,246,114,190,0,195,0,255,0,232,0,94,0,40,0,18,0,13,0,11,
0,191,254,221,255,158,255,169,255,74,253,180,6,60,4,118,246,241,189,0,195,0,255,0,232,0,94,0,40,0,17,0,12,0,11,
0,191,254,210,255,170,255,169,255,74,253,180,6,160,3,188,246,162,190,0,194,0,255,0,232,0,94,0,40,0,18,0,13,0,12,
0,194,254,192,255,153,255,182,255,112,253,230,5,160,3,188,246,162,190,0,194,0,255,0,232,0,94,0,40,0,18,0,13,0,11,
0,194,254,192,255,153,255,182,255,112,253,230,5,24,4,214,246,4,192,0,195,0,255,0,232,0,94,0,40,0,18,0,13,0,11,
0,189,254,181,255,133,255,182,255,112,253,230,5,100,4,165,246,6,191,0,194,0,255,0,232,0,94,0,40,0,18,0,13,0,11,
0,167,254,162,255,132,255,182,255,112,253,230,5,83,4,204,246,217,190,0,194,0,255,0,232,0,94,0,40,0,18,0,13,0,12,
0,149,254,162,255,106,255,182,255,112,253,230,5,83,4,202,246,97,191,0,194,0,255,0,232,0,94,0,40,0,17,0,13,0,11,
0,149,254,197,255,106,255,182,255,112,253,230,5,182,3,202,246,97,191,0,194,0,254,0,232,0,94,0,40,0,18,0,13,0,12,
0,165,254,211,255,108,255,182,255,112,253,230,5,40,4,15,247,102,193,0,193,0,254,0,232,0,94,0,40,0,18,0,13,0,11,
0,144,254,192,255,117,255,182,255,112,253,230,5,246,4,245,246,107,191,0,194,0,255,0,233,0,93,0,40,0,17,0,12,0,11,
0,144,254,192,255,136,255,182,255,112,253,230,5,118,4,90,246,160,189,0,193,0,254,0,233,0,94,0,40,0,18,0,13,0,11,
0,133,254,204,255,136,255,182,255,112,253,230,5,118,4,90,246,160,189,0,193,0,255,0,233,0,93,0,40,0,17,0,12,0,11,
0,159,254,182,255,108,255,161,255,100,253,138,6,51,4,168,246,14,189,0,193,0,254,0,233,0,94,0,40,0,18,0,13,0,11,
0,172,254,162,255,91,255,161,255,100,253,138,6,6,4,53,247,250,191,0,193,0,254,0,233,0,94,0,40,0,18,0,13,0,11,
0,172,254,162,255,91,255,161,255,100,253,138,6,64,4,42,247,236,191,0,193,0,254,0,233,0,94,0,40,0,18,0,12,0,11,
0,156,254,187,255,115,255,161,255,100,253,138,6,64,4,253,246,199,190,0,193,0,254,0,234,0,94,0,39,0,17,0,12,0,10,
0,162,254,177,255,106,255,161,255,100,253,138,6,127,4,253,246,199,190,0,192,0,254,0,233,0,94,0,40,0,18,0,13,0,11,
0,196,254,172,255,82,255,161,255,100,253,138,6,206,3,48,247,195,190,0,192,0,254,0,234,0,94,0,40,0,18,0,13,0,11,
0,196,254,172,255,82,255,161,255,100,253,138,6,143,4,240,246,168,191,0,192,0,254,0,234,0,94,0,40,0,18,0,13,0,11,
0,208,254,164,255,75,255,161,255,100,253,138,6,33,5,4,247,51,191,0,192,0,254,0,234,0,94,0,40,0,17,0,12,0,11,
0,204,254,147,255,75,255,161,255,100,253,138,6,33,5,4,247,106,190,0,192,0,255,0,234,0,94,0,40,0,17,0,12,0,11,
0,189,254,147,255,87,255,161,255,100,253,138,6,171,4,226,246,106,190,0,192,0,255,0,234,0,94,0,40,0,17,0,12,0,11,
0,189,254,133,255,87,255,227,255,57,253,198,6,151,4,29,247,189,189,0,192,0,254,0,234,0,95,0,40,0,18,0,13,0,11,
0,160,254,113,255,92,255,227,255,57,253,198,6,40,4,96,247,205,191,0,191,0,254,0,234,0,95,0,40,0,18,0,13,0,11,
0,150,254,127,255,93,255,227,255,57,253,198,6,40,4,81,247,251,190,0,191,0,255,0,235,0,95,0,40,0,17,0,13,0,11,
0,150,254,127,255,98,255,227,255,57,253,198,6,160,4,81,247,251,190,0,192,0,255,0,235,0,94,0,40,0,19,0,13,0,11,
0,205,254,146,255,98,255,227,255,57,253,198,6,78,4,68,247,94,191,0,192,0,255,0,235,0,95,0,40,0,17,0,13,0,11,
0,217,254,150,255,74,255,227,255,57,253,198,6,163,4,76,247,93,191,0,191,0,255,0,235,0,95,0,41,0,18,0,13,0,11,
0,219,254,153,255,72,255,227,255,57,253,198,6,248,4,12,247,143,190,0,191,0,255,0,235,0,95,0,41,0,19,0,14,0,12,
0,219,254,153,255,72,255,227,255,57,253,198,6,248,4,12,247,228,190,0,191,0,255,0,235,0,95,0,40,0,17,0,13,0,11,
0,210,254,173,255,76,255,227,255,57,253,198,6,242,4,18,247,228,190,0,191,0,255,0,235,0,95,0,40,0,18,0,13,0,11,
0,192,254,169,255,100,255,227,255,57,253,198,6,102,4,200,246,164,190,0,192,1,0,0,235,0,95,0,40,0,17,0,12,0,11,
0,198,254,154,255,69,255,227,255,57,253,198,6,78,4,32,247,72,190,0,191,0,255,0,235,0,95,0,40,0,18,0,13,0,11,
0,198,254,154,255,69,255,140,255,108,253,36,5,201,3,81,247,152,190,0,192,1,0,0,236,0,95,0,40,0,18,0,13,0,11,
0,245,254,129,255,40,255,140,255,108,253,36,5,201,3,81,247,152,190,0,192,1,0,0,235,0,95,0,40,0,17,0,12,0,11,
0,248,254,107,255,63,255,140,255,108,253,36,5,196,3,118,247,206,192,0,192,1,0,0,235,0,95,0,40,0,18,0,13,0,11,
0,248,254,107,255,55,255,140,255,108,253,36,5,60,5,27,247,7,191,0,192,1,0,0,236,0,95,0,40,0,17,0,12,0,11,
0,207,254,88,255,55,255,140,255,108,253,36,5,106,4,209,246,243,189,0,192,1,0,0,235,0,95,0,40,0,18,0,13,0,11,
0,205,254,102,255,55,255,140,255,108,253,36,5,106,4,255,246,50,189,0,193,1,0,0,235,0,95,0,40,0,18,0,13,0,11,
0,162,254,103,255,62,255,140,255,108,253,36,5,92,4,255,246,50,189,0,193,1,0,0,235,0,95,0,40,0,18,0,13,0,11,
0,162,254,103,255,76,255,140,255,108,253,36,5,158,3,160,247,210,190,0,193,1,1,0,235,0,95,0,40,0,18,0,13,0,11,
0,170,254,102,255,76,255,140,255,108,253,36,5,250,3,59,247,13,192,0,194,1,1,0,235,0,95,0,40,0,17,0,12,0,11,
0,187,254,101,255,91,255,140,255,108,253,36,5,115,4,37,247,119,191,0,194,1,1,0,235,0,95,0,40,0,18,0,13,0,11,
0,212,254,73,255,83,255,140,255,126,253,119,6,115,4,37,247,119,190,0,195,1,1,0,235,0,95,0,40,0,18,0,13,0,11,
0,212,254,73,255,83,255,140,255,126,253,119,6,248,3,75,247,250,190,0,195,1,1,0,235,0,95,0,40,0,17,0,13,0,11,
0,221,254,44,255,75,255,140,255,126,253,119,6,71,4,191,246,238,190,0,195,1,2,0,235,0,95,0,41,0,19,0,13,0,12,
0,215,254,46,255,85,255,140,255,126,253,119,6,173,3,226,246,32,190,0,196,1,2,0,235,0,95,0,40,0,17,0,13,0,11,
0,253,254,70,255,105,255,140,255,126,253,119,6,173,3,58,247,23,192,0,196,1,1,0,234,0,95,0,40,0,19,0,13,0,11,
0,253,254,70,255,105,255,140,255,126,253,119,6,211,3,58,247,23,192,0,197,1,2,0,235,0,95,0,40,0,17,0,12,0,11,
0,248,254,88,255,130,255,140,255,126,253,119,6,94,4,142,246,103,190,0,197,1,1,0,235,0,95,0,40,0,17,0,13,0,11,
0,228,254,69,255,95,255,140,255,126,253,119,6,159,3,157,246,32,189,0,198,1,2,0,235,0,95,0,40,0,17,0,13,0,11,
0,228,254,69,255,66,255,140,255,126,253,119,6,126,3,88,247,50,193,0,198,1,2,0,234,0,95,0,40,0,17,0,12,0,11,
0,221,254,53,255,66,255,140,255,126,253,119,6,126,3,88,247,14,191,0,198,1,1,0,234,0,95,0,40,0,18,0,13,0,11,
0,224,254,57,255,74,255,174,255,114,253,26,6,158,4,159,246,14,191,0,198,1,1,0,234,0,95,0,40,0,18,0,13,0,11,
0,202,254,56,255,79,255,174,255,114,253,26,6,154,3,173,246,124,190,0,199,1,1,0,234,0,95,0,40,0,17,0,12,0,11,
0,202,254,56,255,90,255,174,255,114,253,26,6,136,3,160,246,254,190,0,200,1,2,0,234,0,94,0,40,0,17,0,12,0,11,
0,202,254,57,255,90,255,174,255,114,253,26,6,115,3,0,247,199,190,0,199,1,1,0,233,0,95,0,40,0,18,0,13,0,11,
0,235,254,52,255,101,255,174,255,114,253,26,6,115,3,0,247,199,190,0,200,1,1,0,233,0,94,0,35,0,17,0,13,0,11,
0,0,255,69,255,108,255,174,255,114,253,26,6,138,3,176,246,176,190,0,200,1,1,0,233,0,94,0,36,0,17,0,13,0,11,
0,0,255,69,255,108,255,174,255,114,253,26,6,96,3,196,246,94,191,0,200,1,1,0,232,0,94,0,36,0,16,0,12,0,11,
0,235,254,45,255,94,255,174,255,114,253,26,6,175,3,135,246,84,191,0,200,1,1,0,233,0,93,0,37,0,16,0,12,0,11,
0,206,254,53,255,85,255,174,255,114,253,26,6,175,3,135,246,211,189,0,200,1,1,0,232,0,94,0,38,0,17,0,13,0,11,
0,204,254,62,255,75,255,174,255,114,253,26,6,162,3,73,246,211,189,0,200,1,1,0,232,0,94,0,38,0,17,0,13,0,11,
0,204,254,62,255,75,255,165,255,95,253,182,5,184,2,184,246,53,190,0,200,1,1,0,232,0,94,0,39,0,17,0,13,0,11,
0,222,254,62,255,48,255,165,255,95,253,182,5,228,2,228,246,154,191,0,200,1,1,0,232,0,94,0,40,0,18,0,13,0,12,
0,26,255,87,255,22,255,165,255,95,253,182,5,132,3,178,246,190,191,0,200,1,1,0,231,0,94,0,40,0,18,0,13,0,11,
0,26,255,87,255,31,255,165,255,95,253,182,5,132,3,178,246,190,191,0,200,1,1,0,232,0,93,0,39,0,17,0,12,0,11,
0,255,254,85,255,31,255,165,255,95,253,182,5,1,4,132,246,90,190,0,199,1,1,0,231,0,94,0,40,0,18,0,13,0,11,
0,246,254,96,255,28,255,165,255,95,253,182,5,25,3,134,246,36,189,0,200,1,1,0,231,0,94,0,40,0,18,0,13,0,11,
0,248,254,93,255,46,255,165,255,95,253,182,5,139,2,243,246,229,190,0,200,1,1,0,231,0,93,0,39,0,17,0,12,0,11,
0,248,254,93,255,56,255,165,255,95,253,182,5,139,2,97,247,133,192,0,199,1,1,0,230,0,93,0,40,0,18,0,13,0,11,
0,1,255,96,255,56,255,165,255,95,253,182,5,178,2,97,247,133,192,0,200,1,1,0,230,0,93,0,39,0,17,0,12,0,11,
0,255,254,127,255,68,255,165,255,95,253,182,5,206,3,41,247,182,191,0,199,1,1,0,230,0,93,0,40,0,18,0,13,0,11,
0,20,255,124,255,47,255,165,255,95,253,182,5,70,4,172,246,97,189,0,199,1,1,0,230,0,93,0,39,0,18,0,13,0,11,
0,20,255,124,255,47,255,177,255,86,253,100,6,79,3,105,247,156,189,0,199,1,1,0,230,0,92,0,39,0,17,0,12,0,11,
0,48,255,86,255,25,255,177,255,86,253,100,6,79,3,105,247,94,190,0,200,1,1,0,230,0,92,0,38,0,17,0,12,0,10,
0,89,255,81,255,18,255,177,255,86,253,100,6,220,1,251,247,94,190,0,199,1,1,0,229,0,92,0,39,0,18,0,13,0,11,
0,82,255,86,255,28,255,177,255,86,253,100,6,40,3,230,247,127,193,0,199,1,1,0,229,0,92,0,39,0,17,0,13,0,11,
0,82,255,86,255,28,255,177,255,86,253,100,6,100,4,125,247,195,190,0,200,1,1,0,229,0,92,0,39,0,17,0,13,0,11,
0,59,255,99,255,19,255,177,255,86,253,100,6,100,4,167,247,190,188,0,199,1,1,0,229,0,92,0,43,0,17,0,12,0,10,
0,54,255,79,255,8,255,177,255,86,253,100,6,68,3,167,247,190,188,0,200,1,1,0,229,0,92,0,41,0,18,0,12,0,10,
0,54,255,79,255,243,254,177,255,86,253,100,6,170,2,65,248,164,189,0,199,1,1,0,228,0,92,0,41,0,19,0,13,0,11,
0,79,255,71,255,243,254,177,255,86,253,100,6,252,2,162,248,35,193,0,199,1,1,0,229,0,92,0,41,0,19,0,13,0,11,
0,80,255,99,255,253,254,177,255,86,253,100,6,169,4,113,248,163,191,0,200,1,0,0,229,0,92,0,40,0,19,0,13,0,11,
0,78,255,81,255,254,254,227,255,83,253,103,6,169,4,113,248,243,189,0,200,1,0,0,229,0,92,0,40,0,18,0,13,0,11,
0,78,255,81,255,254,254,227,255,83,253,103,6,182,3,152,248,243,189,0,200,1,0,0,229,0,92,0,40,0,18,0,13,0,11,
0,87,255,97,255,247,254,227,255,83,253,103,6,232,2,186,248,27,189,0,200,1,1,0,229,0,92,0,39,0,17,0,13,0,11,
0,84,255,59,255,202,254,227,255,83,253,103,6,18,3,87,249,1,192,0,200,1,0,0,229,0,92,0,40,0,18,0,13,0,11,
0,100,255,35,255,176,254,227,255,83,253,103,6,43,4,42,249,135,191,0,200,1,0,0,229,0,92,0,40,0,18,0,13,0,12,
0,100,255,35,255,176,254,227,255,83,253,103,6,43,4,42,249,135,191,0,200,1,0,0,229,0,92,0,39,0,17,0,13,0,11,
0,129,255,44,255,190,254,227,255,83,253,103,6,25,4,208,248,206,188,0,200,1,0,0,229,0,92,0,39,0,17,0,12,0,11,
0,118,255,48,255,197,254,227,255,83,253,103,6,98,3,111,249,94,189,0,200,1,0,0,229,0,92,0,40,0,18,0,13,0,12,
0,115,255,53,255,201,254,227,255,83,253,103,6,67,3,157,249,141,191,0,201,1,0,0,229,0,92,0,39,0,18,0,13,0,11,
0,115,255,53,255,201,254,227,255,83,253,103,6,67,3,159,249,90,191,0,201,1,0,0,229,0,92,0,39,0,18,0,13,0,11,
0,122,255,46,255,225,254,148,255,139,253,209,6,90,4,159,249,90,191,0,202,1,0,0,229,0,92,0,39,0,18,0,13,0,11,
0,134,255,70,255,199,254,148,255,139,253,209,6,58,4,134,249,124,190,0,203,1,0,0,229,0,92,0,39,0,17,0,13,0,11,
0,134,255,70,255,223,254,148,255,139,253,209,6,64,4,134,249,252,189,0,203,1,0,0,230,0,92,0,38,0,16,0,12,0,10,
0,104,255,62,255,223,254,148,255,139,253,209,6,37,4,226,249,234,189,0,204,1,0,0,229,0,92,0,39,0,17,0,12,0,11,
0,109,255,36,255,235,254,148,255,139,253,209,6,37,4,226,249,234,189,0,205,1,0,0,230,0,92,0,38,0,16,0,12,0,10,
0,153,255,30,255,198,254,148,255,139,253,209,6,216,3,195,249,81,189,0,205,1,0,0,229,0,92,0,39,0,17,0,12,0,11,
0,153,255,30,255,198,254,148,255,139,253,209,6,162,3,199,249,129,190,0,206,1,0,0,229,0,92,0,38,0,17,0,12,0,11,
0,148,255,31,255,196,254,148,255,139,253,209,6,206,3,32,250,248,190,0,206,0,255,0,229,0,92,0,40,0,18,0,13,0,11,
0,141,255,17,255,177,254,148,255,139,253,209,6,206,3,211,249,3,191,0,206,0,255,0,229,0,92,0,39,0,18,0,13,0,11,
0,152,255,17,255,168,254,148,255,139,253,209,6,162,4,211,249,3,191,0,207,0,255,0,229,0,92,0,40,0,18,0,13,0,11,
0,152,255,17,255,168,254,238,255,84,253,69,6,115,4,109,249,121,189,0,207,0,255,0,230,0,92,0,39,0,17,0,12,0,11,
0,162,255,32,255,171,254,238,255,84,253,69,6,232,3,55,249,189,189,0,208,0,255,0,230,0,92,0,40,0,18,0,13,0,12,
0,225,255,43,255,155,254,238,255,84,253,69,6,247,2,239,249,206,189,0,208,1,0,0,230,0,92,0,39,0,17,0,12,0,11,
0,204,255,21,255,149,254,238,255,84,253,69,6,247,2,239,249,192,192,0,208,0,255,0,231,0,93,0,40,0,18,0,13,0,11,
0,204,255,21,255,149,254,238,255,84,253,69,6,42,4,177,249,192,192,0,209,1,0,0,231,0,92,0,39,0,17,0,12,0,11,
0,160,255,254,254,133,254,238,255,84,253,69,6,57,5,104,249,237,190,0,208,0,255,0,231,0,93,0,40,0,17,0,13,0,11,
0,189,255,20,255,122,254,238,255,84,253,69,6,121,4,246,248,222,187,0,209,1,0,0,232,0,93,0,39,0,17,0,12,0,11,
0,189,255,20,255,146,254,238,255,84,253,69,6,121,3,115,249,5,190,0,209,0,255,0,232,0,93,0,40,0,18,0,13,0,11,
0,237,255,30,255,146,254,238,255,84,253,69,6,152,3,115,249,5,190,0,209,0,255,0,232,0,93,0,40,0,18,0,13,0,11,
0,215,255,18,255,169,254,238,255,84,253,69,6,234,3,159,249,206,192,0,209,0,255,0,232,0,93,0,40,0,18,0,13,0,11,
0,194,255,251,254,165,254,238,255,84,253,69,6,82,5,220,248,197,190,0,210,1,0,0,233,0,93,0,38,0,17,0,12,0,11,
0,194,255,251,254,165,254,189,255,80,253,189,6,139,4,140,248,94,189,0,210,0,255,0,233,0,94,0,40,0,18,0,13,0,11,
0,243,255,227,254,152,254,189,255,80,253,189,6,139,4,140,248,114,188,0,210,1,0,0,234,0,93,0,39,0,17,0,12,0,11,
0,251,255,210,254,178,254,189,255,80,253,189,6,171,3,134,248,114,188,0,210,0,255,0,234,0,94,0,40,0,18,0,13,0,11,
0,204,255,200,254,182,254,189,255,80,253,189,6,129,3,211,248,141,191,0,211,0,255,0,234,0,94,0,40,0,18,0,13,0,11,
0,204,255,200,254,182,254,189,255,80,253,189,6,53,5,119,248,67,192,0,211,0,255,0,235,0,94,0,40,0,17,0,12,0,11,
0,224,255,216,254,177,254,189,255,80,253,189,6,83,4,221,247,250,188,0,211,0,255,0,235,0,95,0,40,0,18,0,13,0,11,
0,31,0,230,254,179,254,189,255,80,253,189,6,83,4,221,247,250,188,0,212,0,255,0,235,0,94,0,40,0,17,0,12,0,11,
0,255,255,234,254,175,254,189,255,80,253,189,6,166,3,212,247,238,188,0,211,0,254,0,235,0,95,0,40,0,18,0,13,0,11,
0,255,255,234,254,175,254,189,255,80,253,189,6,187,3,92,248,1,191,0,212,0,254,0,235,0,95,0,40,0,18,0,13,0,12,
0,186,255,212,254,189,254,189,255,80,253,189,6,240,3,247,247,248,191,0,212,0,254,0,236,0,95,0,40,0,17,0,12,0,11,
0,204,255,182,254,179,254,204,255,43,253,156,6,240,3,127,247,62,190,0,212,0,253,0,235,0,95,0,41,0,19,0,13,0,11,
0,204,255,182,254,178,254,204,255,43,253,156,6,152,4,127,247,62,190,0,213,0,254,0,236,0,95,0,40,0,18,0,13,0,11,
0,229,255,200,254,178,254,204,255,43,253,156,6,171,3,130,247,235,190,0,213,0,254,0,235,0,96,0,41,0,19,0,13,0,11,
0,238,255,197,254,190,254,204,255,43,253,156,6,218,3,135,247,246,191,0,213,0,253,0,235,0,95,0,40,0,18,0,13,0,11,
0,226,255,215,254,164,254,204,255,43,253,156,6,104,4,204,246,183,190,0,214,0,253,0,235,0,95,0,40,0,17,0,13,0,11,
0,226,255,215,254,164,254,204,255,43,253,156,6,104,4,204,246,183,189,0,214,0,252,0,235,0,95,0,41,0,19,0,13,0,11,
0,196,255,210,254,163,254,204,255,43,253,156,6,195,3,178,246,48,189,0,214,0,252,0,236,0,95,0,40,0,17,0,12,0,11,
0,185,255,192,254,189,254,204,255,43,253,156,6,66,3,240,246,186,190,0,213,0,252,0,236,0,95,0,40,0,18,0,13,0,11,
0,218,255,192,254,189,254,204,255,43,253,156,6,134,3,11,247,138,191,0,214,0,252,0,236,0,95,0,40,0,18,0,13,0,11,
0,218,255,192,254,189,254,204,255,43,253,156,6,134,3,238,246,9,193,0,214,0,252,0,235,0,95,0,40,0,17,0,12,0,11,
0,223,255,218,254,163,254,148,255,140,253,186,6,169,3,238,246,9,193,0,215,0,252,0,235,0,95,0,40,0,18,0,13,0,11,
0,229,255,183,254,162,254,148,255,140,253,186,6,191,4,45,246,241,191,0,215,0,252,0,235,0,95,0,40,0,17,0,12,0,11,
0,209,255,183,254,190,254,148,255,140,253,186,6,26,4,66,246,36,189,0,215,0,251,0,235,0,95,0,40,0,18,0,13,0,11,
0,209,255,182,254,190,254,148,255,140,253,186,6,22,3,254,245,159,190,0,214,0,251,0,235,0,95,0,40,0,18,0,13,0,11,
0,199,255,157,254,166,254,148,255,140,253,186,6,22,3,254,245,85,191,0,214,0,251,0,236,0,95,0,40,0,17,0,12,0,11,
0,165,255,163,254,147,254,148,255,140,253,186,6,159,3,136,246,85,191,0,214,0,251,0,236,0,95,0,40,0,18,0,13,0,11,
0,165,255,163,254,164,254,148,255,140,253,186,6,115,3,238,245,131,191,0,214,0,251,0,236,0,95,0,40,0,17,0,12,0,11,
0,145,255,174,254,164,254,148,255,140,253,186,6,132,3,30,246,160,191,0,214,0,251,0,235,0,95,0,40,0,19,0,13,0,12,
0,116,255,186,254,162,254,148,255,140,253,186,6,132,3,43,246,250,191,0,214,0,250,0,234,0,95,0,40,0,18,0,13,0,11,
0,134,255,157,254,176,254,148,255,140,253,186,6,171,3,43,246,250,191,0,215,0,250,0,233,0,94,0,40,0,18,0,12,0,11,
0,134,255,157,254,176,254,213,255,112,253,134,6,227,3,242,245,142,192,0,214,0,249,0,233,0,95,0,40,0,18,0,13,0,11,
0,163,255,159,254,177,254,213,255,112,253,134,6,54,4,247,245,180,192,0,214,0,249,0,234,0,94,0,35,0,17,0,13,0,12,
0,144,255,166,254,178,254,213,255,112,253,134,6,48,3,192,245,81,189,0,213,0,249,0,234,0,95,0,36,0,17,0,13,0,12,
0,142,255,144,254,181,254,213,255,112,253,134,6,48,3,192,245,254,190,0,213,0,249,0,234,0,95,0,37,0,17,0,13,0,12,
0,142,255,144,254,181,254,213,255,112,253,134,6,152,2,54,246,254,190,0,213,0,249,0,234,0,95,0,38,0,17,0,13,0,11,
0,135,255,133,254,184,254,213,255,112,253,134,6,68,3,107,246,188,193,0,212,0,249,0,234,0,95,0,39,0,18,0,13,0,12,
0,110,255,143,254,194,254,213,255,112,253,134,6,82,4,42,246,85,192,0,213,0,249,0,233,0,94,0,38,0,17,0,12,0,11,
0,116,255,143,254,188,254,213,255,112,253,134,6,178,3,134,245,187,189,0,212,0,247,0,232,0,95,0,39,0,17,0,13,0,11,
0,116,255,128,254,188,254,213,255,112,253,134,6,178,3,134,245,187,189,0,213,0,247,0,231,0,94,0,39,0,18,0,13,0,11,
0,88,255,148,254,140,254,213,255,112,253,134,6,188,2,33,246,94,190,0,213,0,247,0,231,0,94,0,40,0,17,0,12,0,11,
0,84,255,148,254,125,254,213,255,76,253,63,5,3,3,159,246,140,192,0,212,0,246,0,232,0,94,0,40,0,18,0,13,0,11,
0,84,255,148,254,119,254,191,255,76,253,63,5,100,3,93,246,243,192,0,212,0,247,0,232,0,93,0,39,0,17,0,12,0,10,
0,93,255,170,254,119,254,191,255,76,253,63,5,100,3,7,246,231,190,0,211,0,247,0,232,0,94,0,40,0,18,0,12,0,11,
0,69,255,155,254,137,254,191,255,76,253,63,5,14,4,7,246,231,190,0,211,0,247,0,232,0,94,0,40,0,18,0,13,0,11,
0,86,255,136,254,177,254,191,255,76,253,63,5,88,3,69,246,135,189,0,210,0,247,0,232,0,93,0,39,0,17,0,12,0,11,
0,86,255,136,254,177,254,191,255,76,253,63,5,104,2,217,246,248,191,0,210,0,246,0,231,0,93,0,40,0,18,0,13,0,11,
0,82,255,143,254,205,254,191,255,76,253,63,5,57,3,202,246,137,192,0,210,0,247,0,230,0,93,0,39,0,17,0,12,0,11,
0,57,255,167,254,183,254,191,255,76,253,63,5,57,3,202,246,137,191,0,209,0,246,0,229,0,94,0,40,0,18,0,13,0,11,
0,52,255,186,254,159,254,191,255,76,253,63,5,219,3,94,246,137,191,0,209,0,246,0,229,0,93,0,40,0,18,0,13,0,11,
0,52,255,186,254,159,254,191,255,76,253,63,5,148,3,175,246,145,189,0,209,0,245,0,229,0,92,0,39,0,17,0,12,0,11,
0,35,255,181,254,173,254,191,255,76,253,63,5,55,2,248,246,252,190,0,209,0,245,0,229,0,93,0,40,0,18,0,13,0,11,
0,26,255,158,254,178,254,190,255,104,253,201,5,55,2,18,247,15,193,0,209,0,245,0,230,0,92,0,39,0,17,0,13,0,11,
0,44,255,158,254,170,254,190,255,104,253,201,5,1,3,18,247,15,193,0,208,0,245,0,230,0,93,0,44,0,19,0,13,0,11,
0,44,255,214,254,170,254,190,255,104,253,201,5,131,3,8,247,13,192,0,208,0,245,0,230,0,93,0,43,0,19,0,13,0,11,
0,70,255,210,254,163,254,190,255,104,253,201,5,144,3,112,246,243,188,0,207,0,246,0,231,0,93,0,41,0,18,0,12,0,11,
0,75,255,232,254,180,254,190,255,104,253,201,5,148,2,45,247,193,190,0,207,0,246,0,231,0,92,0,41,0,18,0,13,0,11,
0,75,255,232,254,183,254,190,255,104,253,201,5,148,2,45,247,45,193,0,207,0,246,0,230,0,92,0,40,0,18,0,12,0,11,
0,83,255,242,254,183,254,190,255,104,253,201,5,210,2,102,247,45,193,0,207,0,245,0,229,0,93,0,40,0,19,0,13,0,11,
0,120,255,246,254,153,254,190,255,104,253,201,5,223,3,225,246,135,191,0,207,0,245,0,228,0,92,0,40,0,18,0,13,0,11,
0,90,255,253,254,129,254,190,255,104,253,201,5,149,3,246,246,137,189,0,207,0,245,0,229,0,92,0,40,0,17,0,12,0,11,
0,90,255,253,254,129,254,190,255,104,253,201,5,201,2,36,247,107,189,0,207,0,245,0,230,0,92,0,40,0,17,0,12,0,11,
0,61,255,9,255,130,254,219,255,125,253,167,6,201,2,36,247,107,189,0,206,0,245,0,231,0,92,0,40,0,18,0,13,0,11,
0,26,255,8,255,120,254,219,255,125,253,167,6,128,3,52,247,239,191,0,205,0,246,0,232,0,93,0,40,0,18,0,13,0,11,
0,35,255,18,255,140,254,219,255,125,253,167,6,29,3,98,247,17,191,0,204,0,246,0,232,0,93,0,40,0,18,0,13,0,11,
0,35,255,18,255,140,254,219,255,125,253,167,6,107,3,51,247,190,190,0,204,0,246,0,233,0,93,0,38,0,17,0,12,0,11,
0,96,255,37,255,149,254,219,255,125,253,167,6,107,3,51,247,195,190,0,204,0,247,0,232,0,93,0,40,0,18,0,13,0,11,
0,73,255,57,255,156,254,219,255,125,253,167,6,192,3,34,247,195,190,0,204,0,247,0,231,0,93,0,39,0,17,0,12,0,11,
0,73,255,57,255,164,254,219,255,125,253,167,6,115,3,58,247,213,190,0,204,0,247,0,230,0,93,0,40,0,18,0,13,0,11,
0,35,255,99,255,164,254,219,255,125,253,167,6,99,3,255,246,26,190,0,204,0,247,0,230,0,93,0,40,0,18,0,13,0,12,
0,49,255,123,255,131,254,219,255,125,253,167,6,175,2,154,247,60,191,0,203,0,247,0,232,0,93,0,40,0,17,0,13,0,11,
0,62,255,105,255,134,254,219,255,125,253,167,6,175,2,154,247,60,191,0,203,0,248,0,233,0,93,0,39,0,17,0,12,0,11,
0,62,255,105,255,177,254,217,255,158,253,41,6,102,3,18,247,183,191,0,201,0,248,0,234,0,94,0,40,0,19,0,13,0,12,
0,30,255,101,255,177,254,217,255,158,253,41,6,250,3,42,247,126,191,0,200,0,249,0,234,0,94,0,40,0,18,0,13,0,11,
0,5,255,120,255,192,254,217,255,158,253,41,6,96,3,211,246,132,189,0,201,0,249,0,233,0,94,0,40,0,17,0,12,0,11,
0,48,255,148,255,175,254,217,255,158,253,41,6,96,3,49,247,102,190,0,200,0,249,0,232,0,94,0,40,0,17,0,13,0,11,
0,48,255,148,255,175,254,217,255,158,253,41,6,216,2,49,247,102,190,0,201,0,249,0,232,0,94,0,40,0,17,0,13,0,11,
0,115,255,168,255,147,254,217,255,158,253,41,6,196,2,134,247,58,192,0,200,0,248,0,232,0,94,0,40,0,18,0,13,0,11,
0,92,255,184,255,168,254,217,255,158,253,41,6,68,4,240,246,122,192,0,200,0,249,0,233,0,94,0,40,0,18,0,13,0,11,
0,65,255,182,255,193,254,217,255,158,253,41,6,71,4,115,246,54,189,0,200,0,250,0,235,0,94,0,40,0,17,0,12,0,11,
0,65,255,182,255,193,254,217,255,158,253,41,6,71,4,115,246,13,189,0,198,0,251,0,236,0,94,0,40,0,17,0,12,0,11,
0,8,255,201,255,194,254,217,255,158,253,41,6,120,3,232,246,13,189,0,197,0,251,0,237,0,94,0,40,0,17,0,12,0,11,
0,15,255,197,255,209,254,214,255,135,253,241,5,169,2,96,247,214,191,0,196,0,251,0,235,0,95,0,40,0,18,0,13,0,11,
0,15,255,197,255,210,254,214,255,135,253,241,5,236,3,236,246,51,192,0,197,0,251,0,234,0,95,0,40,0,18,0,13,0,11,
0,18,255,193,255,210,254,214,255,135,253,241,5,236,3,225,246,203,190,0,197,0,251,0,233,0,95,0,40,0,18,0,13,0,11,
0,26,255,201,255,200,254,214,255,135,253,241,5,163,4,225,246,203,190,0,197,0,251,0,234,0,94,0,40,0,17,0,12,0,11,
0,50,255,210,255,215,254,214,255,135,253,241,5,112,4,64,246,26,189,0,196,0,251,0,235,0,95,0,40,0,18,0,13,0,11,
0,50,255,210,255,207,254,214,255,135,253,241,5,85,3,128,246,181,189,0,196,0,252,0,238,0,95,0,40,0,17,0,13,0,11,
0,39,255,229,255,207,254,214,255,135,253,241,5,98,3,127,246,147,191,0,194,0,252,0,239,0,95,0,40,0,18,0,13,0,12,
0,54,255,233,255,222,254,214,255,135,253,241,5,98,3,127,246,213,191,0,194,0,253,0,239,0,95,0,40,0,18,0,13,0,11,
0,24,255,231,255,234,254,214,255,135,253,241,5,86,4,98,246,213,191,0,194,0,253,0,237,0,96,0,40,0,17,0,12,0,11,
0,24,255,231,255,234,254,214,255,135,253,241,5,138,4,238,245,224,188,0,195,0,253,0,236,0,96,0,40,0,18,0,13,0,11,
0,17,255,221,255,252,254,214,255,135,253,241,5,126,3,16,246,18,190,0,194,0,252,0,235,0,96,0,41,0,19,0,13,0,12,
0,43,255,221,255,238,254,220,255,135,253,222,6,37,4,109,246,225,191,0,194,0,252,0,235,0,96,0,41,0,19,0,13,0,11,
0,29,255,201,255,251,254,220,255,135,253,222,6,37,4,109,246,225,191,0,193,0,252,0,237,0,96,0,41,0,18,0,13,0,12,
0,29,255,201,255,251,254,220,255,135,253,222,6,41,4,64,246,168,190,0,193,0,253,0,238,0,95,0,40,0,17,0,13,0,11,
0,226,254,184,255,241,254,220,255,135,253,222,6,30,4,6,246,70,191,0,192,0,253,0,238,0,96,0,41,0,19,0,13,0,11,
0,234,254,189,255,223,254,220,255,135,253,222,6,37,4,154,245,173,190,0,192,0,254,0,239,0,96,0,40,0,18,0,12,0,11,
0,234,254,189,255,214,254,220,255,135,253,222,6,37,4,198,245,129,190,0,191,0,254,0,238,0,96,0,41,0,19,0,13,0,11,
0,238,254,193,255,214,254,220,255,135,253,222,6,71,4,198,245,129,190,0,191,0,254,0,237,0,96,0,41,0,18,0,13,0,11,
0,211,254,176,255,227,254,220,255,135,253,222,6,138,3,234,245,51,190,0,191,0,254,0,236,0,96,0,40,0,17,0,12,0,11,
0,184,254,186,255,245,254,220,255,135,253,222,6,205,3,237,245,225,190,0,191,0,253,0,235,0,96,0,41,0,18,0,13,0,11,
0,184,254,186,255,245,254,220,255,135,253,222,6,160,3,54,246,64,191,0,191,0,253,0,235,0,95,0,40,0,17,0,12,0,10,
0,224,254,194,255,225,254,12,0,105,253,234,5,160,3,54,246,64,192,0,190,0,252,0,235,0,96,0,40,0,19,0,13,0,11,
0,216,254,177,255,213,254,12,0,105,253,234,5,15,4,190,245,126,192,0,190,0,252,0,235,0,95,0,40,0,18,0,13,0,11,
0,190,254,172,255,215,254,12,0,105,253,234,5,203,3,72,245,254,188,0,190,0,253,0,235,0,95,0,40,0,17,0,12,0,11,
0,190,254,172,255,215,254,12,0,105,253,234,5,241,2,201,245,38,191,0,189,0,252,0,234,0,95,0,40,0,18,0,13,0,11,
0,211,254,165,255,222,254,12,0,105,253,234,5,241,2,251,245,77,192,0,189,0,253,0,234,0,95,0,40,0,17,0,12,0,11,
0,203,254,159,255,245,254,12,0,105,253,234,5,15,3,251,245,77,192,0,188,0,252,0,232,0,95,0,40,0,18,0,13,0,11,
0,196,254,154,255,253,254,12,0,105,253,234,5,192,3,124,245,1,192,0,188,0,252,0,232,0,95,0,40,0,18,0,13,0,11,
0,196,254,154,255,253,254,12,0,105,253,234,5,150,3,59,245,145,189,0,188,0,252,0,232,0,94,0,40,0,17,0,12,0,11,
0,175,254,139,255,233,254,12,0,105,253,234,5,180,2,200,245,245,189,0,187,0,252,0,230,0,94,0,40,0,19,0,13,0,11,
0,155,254,145,255,232,254,12,0,105,253,234,5,180,2,200,245,16,192,0,188,0,252,0,230,0,94,0,40,0,17,0,12,0,11,
0,155,254,145,255,227,254,167,255,137,253,160,5,213,2,233,245,16,192,0,187,0,251,0,229,0,94,0,40,0,18,0,13,0,11,
0,167,254,162,255,227,254,167,255,137,253,160,5,4,3,203,245,21,193,0,187,0,251,0,228,0,94,0,40,0,18,0,13,0,11,
0,167,254,136,255,222,254,167,255,137,253,160,5,194,3,88,245,123,190,0,187,0,251,0,227,0,93,0,40,0,17,0,13,0,11,
0,164,254,120,255,216,254,167,255,137,253,160,5,194,2,155,245,248,188,0,187,0,250,0,227,0,92,0,40,0,17,0,12,0,11,
0,164,254,120,255,216,254,167,255,137,253,160,5,176,2,155,245,248,188,0,187,0,249,0,226,0,92,0,40,0,18,0,13,0,11,
0,178,254,127,255,224,254,167,255,137,253,160,5,211,1,242,245,60,191,0,187,0,249,0,226,0,92,0,39,0,18,0,13,0,11,
0,182,254,124,255,0,255,167,255,137,253,160,5,69,2,57,246,243,192,0,188,0,249,0,225,0,92,0,40,0,18,0,13,0,11,
0,154,254,135,255,250,254,167,255,137,253,160,5,207,2,25,246,15,192,0,188,0,248,0,225,0,91,0,33,0,16,0,13,0,11,
0,154,254,135,255,250,254,167,255,137,253,160,5,207,2,25,246,4,190,0,188,0,248,0,225,0,90,0,34,0,16,0,12,0,11,
0,116,254,152,255,243,254,167,255,137,253,160,5,44,3,218,245,4,190,0,189,0,248,0,224,0,91,0,35,0,16,0,13,0,11,
0,137,254,173,255,230,254,174,255,109,253,226,5,104,2,46,246,38,189,0,189,0,247,0,224,0,90,0,36,0,16,0,12,0,11,
0,138,254,140,255,197,254,174,255,109,253,226,5,106,2,167,246,162,191,0,189,0,247,0,224,0,90,0,36,0,16,0,13,0,11,
0,138,254,140,255,197,254,174,255,109,253,226,5,52,2,148,246,10,191,0,190,0,247,0,224,0,89,0,36,0,16,0,12,0,11,
0,124,254,119,255,196,254,174,255,109,253,226,5,52,2,148,246,10,191,0,190,0,247,0,223,0,90,0,37,0,19,0,13,0,11,
0,112,254,102,255,219,254,174,255,109,253,226,5,8,3,125,246,66,191,0,190,0,247,0,224,0,89,0,37,0,16,0,12,0,11,
0,112,254,102,255,232,254,174,255,109,253,226,5,68,2,167,246,227,189,0,190,0,246,0,223,0,90,0,38,0,19,0,13,0,11,
0,122,254,138,255,232,254,174,255,109,253,226,5,176,2,174,246,112,191,0,191,0,246,0,223,0,90,0,38,0,19,0,13,0,11,
0,84,254,143,255,216,254,174,255,109,253,226,5,176,2,207,246,232,190,0,191,0,246,0,223,0,89,0,37,0,18,0,13,0,11,
0,51,254,149,255,219,254,174,255,109,253,226,5,224,2,207,246,232,190,0,192,0,246,0,223,0,89,0,38,0,17,0,12,0,11,
0,51,254,149,255,219,254,174,255,109,253,226,5,216,2,182,246,252,189,0,192,0,245,0,223,0,90,0,38,0,19,0,13,0,12,
0,53,254,119,255,217,254,174,255,109,253,226,5,186,2,177,246,175,188,0,192,0,245,0,223,0,90,0,38,0,19,0,13,0,11,
0,40,254,119,255,198,254,138,255,143,253,86,5,80,2,87,247,198,190,0,192,0,244,0,222,0,89,0,38,0,19,0,13,0,11,
0,84,254,122,255,200,254,138,255,143,253,86,5,80,2,87,247,100,190,0,193,0,244,0,223,0,89,0,37,0,18,0,13,0,11,
0,84,254,122,255,200,254,138,255,143,253,86,5,81,2,130,247,100,190,0,193,0,245,0,223,0,89,0,37,0,17,0,12,0,11,
0,128,254,131,255,224,254,138,255,143,253,86,5,140,2,117,247,9,190,0,193,0,244,0,223,0,89,0,38,0,18,0,13,0,11,
0,142,254,163,255,217,254,138,255,143,253,86,5,115,2,75,247,193,190,0,194,0,243,0,223,0,89,0,38,0,18,0,12,0,11,
0,155,254,147,255,225,254,138,255,143,253,86,5,115,2,164,247,62,190,0,195,0,244,0,223,0,89,0,38,0,18,0,13,0,11,
0,155,254,147,255,225,254,138,255,143,253,86,5,48,2,164,247,62,190,0,195,0,244,0,223,0,89,0,37,0,17,0,12,0,11,
0,140,254,147,255,208,254,138,255,143,253,86,5,202,2,132,247,93,190,0,195,0,244,0,223,0,88,0,37,0,17,0,12,0,11,
0,158,254,154,255,228,254,138,255,143,253,86,5,206,2,53,247,210,188,0,195,0,244,0,223,0,89,0,41,0,19,0,12,0,11,
0,158,254,154,255,225,254,138,255,143,253,86,5,134,2,105,247,81,189,0,196,0,244,0,223,0,89,0,41,0,19,0,12,0,11,
0,155,254,152,255,225,254,166,255,162,253,152,6,134,2,105,247,93,190,0,196,0,244,0,224,0,89,0,40,0,17,0,12,0,11,
0,179,254,178,255,218,254,166,255,162,253,152,6,14,2,212,247,93,190,0,196,0,244,0,225,0,89,0,39,0,16,0,12,0,10,
0,162,254,207,255,208,254,166,255,162,253,152,6,194,2,222,247,8,192,0,196,0,244,0,225,0,90,0,40,0,18,0,13,0,11,
0,162,254,207,255,208,254,166,255,162,253,152,6,170,3,73,247,153,189,0,197,0,244,0,226,0,89,0,38,0,17,0,12,0,11,
0,128,254,212,255,228,254,166,255,162,253,152,6,135,2,133,247,153,187,0,196,0,244,0,225,0,90,0,39,0,17,0,13,0,11,
0,130,254,220,255,228,254,166,255,162,253,152,6,135,2,133,247,153,187,0,196,0,244,0,226,0,90,0,39,0,18,0,13,0,11,
0,145,254,215,255,239,254,166,255,162,253,152,6,220,1,240,247,216,190,0,197,0,245,0,227,0,90,0,38,0,17,0,12,0,11,
0,145,254,215,255,239,254,166,255,162,253,152,6,50,3,152,247,152,192,0,197,0,245,0,228,0,90,0,38,0,17,0,12,0,11,
0,165,254,218,255,243,254,166,255,162,253,152,6,206,3,243,246,42,188,0,197,0,245,0,228,0,91,0,39,0,18,0,13,0,12,
0,157,254,228,255,251,254,166,255,162,253,152,6,206,3,243,247,143,188,0,197,0,246,0,229,0,91,0,39,0,18,0,13,0,11,
0,180,254,210,255,250,254,184,255,118,253,117,6,218,2,176,247,143,188,0,197,0,246,0,230,0,92,0,39,0,18,0,13,0,11,
0,180,254,210,255,250,254,184,255,118,253,117,6,192,2,17,248,66,191,0,197,0,247,0,231,0,91,0,38,0,17,0,12,0,11,
0,186,254,214,255,232,254,184,255,118,253,117,6,194,3,95,247,14,191,0,197,0,247,0,232,0,92,0,39,0,18,0,13,0,11,
0,174,254,184,255,10,255,184,255,118,253,117,6,70,4,15,247,185,189,0,197,0,247,0,232,0,92,0,39,0,17,0,12,0,11,
0,174,254,184,255,19,255,184,255,118,253,117,6,70,4,15,247,185,189,0,197,0,247,0,232,0,93,0,40,0,18,0,13,0,11,
0,177,254,214,255,19,255,184,255,118,253,117,6,78,3,105,247,77,189,0,197,0,248,0,232,0,93,0,39,0,17,0,13,0,11,
0,176,254,225,255,31,255,184,255,118,253,117,6,224,2,2,248,226,191,0,197,0,248,0,232,0,92,0,39,0,17,0,12,0,11,
0,205,254,216,255,42,255,184,255,118,253,117,6,245,3,39,247,132,191,0,197,0,248,0,233,0,93,0,39,0,18,0,13,0,11,
0,205,254,216,255,42,255,184,255,118,253,117,6,245,3,195,246,129,188,0,197,0,248,0,235,0,93,0,39,0,17,0,12,0,11,
0,175,254,231,255,42,255,184,255,118,253,117,6,192,3,195,246,129,188,0,197,0,249,0,235,0,94,0,39,0,17,0,12,0,11,
0,165,254,197,255,48,255,181,255,151,253,207,5,98,3,141,247,190,190,0,196,0,249,0,236,0,94,0,40,0,18,0,13,0,11,
0,200,254,230,255,34,255,181,255,151,253,207,5,115,3,71,247,38,192,0,196,0,250,0,237,0,94,0,39,0,17,0,12,0,11,
0,200,254,230,255,34,255,181,255,151,253,207,5,9,4,217,246,64,191,0,196,0,250,0,237,0,95,0,40,0,18,0,13,0,11,
0,198,254,232,255,34,255,181,255,151,253,207,5,9,4,217,246,174,189,0,197,0,251,0,237,0,95,0,40,0,17,0,12,0,11,
0,221,254,191,255,9,255,181,255,151,253,207,5,246,3,72,246,174,189,0,197,0,250,0,236,0,95,0,40,0,18,0,13,0,11,
0,217,254,191,255,246,254,181,255,151,253,207,5,141,3,176,246,189,189,0,197,0,250,0,236,0,95,0,40,0,19,0,13,0,12,
0,217,254,211,255,246,254,181,255,151,253,207,5,84,3,243,246,0,191,0,197,0,250,0,237,0,95,0,40,0,18,0,13,0,11,
0,226,254,199,255,253,254,181,255,151,253,207,5,84,3,178,246,248,191,0,197,0,250,0,238,0,96,0,40,0,19,0,13,0,12,
0,216,254,173,255,247,254,181,255,151,253,207,5,221,3,178,246,248,191,0,197,0,251,0,239,0,96,0,40,0,18,0,13,0,11,
0,216,254,173,255,20,255,181,255,151,253,207,5,221,4,62,246,156,190,0,196,0,251,0,239,0,96,0,41,0,18,0,13,0,11,
0,196,254,199,255,20,255,181,255,151,253,207,5,235,3,22,246,70,188,0,196,0,251,0,239,0,97,0,41,0,19,0,13,0,12,
0,203,254,209,255,54,255,170,255,75,253,136,6,34,3,55,246,187,190,0,196,0,252,0,239,0,96,0,40,0,18,0,13,0,11,
0,220,254,206,255,46,255,170,255,75,253,136,6,34,3,55,246,243,191,0,196,0,252,0,238,0,97,0,41,0,19,0,13,0,11,
0,220,254,206,255,46,255,170,255,75,253,136,6,29,3,174,246,243,191,0,197,0,252,0,238,0,96,0,40,0,17,0,12,0,11,
0,197,254,204,255,37,255,170,255,75,253,136,6,147,4,94,246,96,192,0,196,0,251,0,238,0,97,0,41,0,18,0,13,0,11,
0,203,254,206,255,38,255,170,255,75,253,136,6,89,4,206,245,53,190,0,196,0,251,0,238,0,97,0,41,0,18,0,13,0,11,
0,228,254,190,255,77,255,170,255,75,253,136,6,1,4,192,245,219,188,0,196,0,251,0,239,0,96,0,40,0,18,0,12,0,11,
0,228,254,190,255,77,255,170,255,75,253,136,6,1,4,192,245,219,188,0,196,0,252,0,239,0,96,0,41,0,19,0,13,0,11,
0,188,254,159,255,89,255,170,255,75,253,136,6,244,2,252,245,96,190,0,196,0,252,0,239,0,96,0,40,0,17,0,12,0,10,
0,139,254,150,255,59,255,170,255,75,253,136,6,64,3,239,245,203,191,0,195,0,252,0,238,0,97,0,41,0,18,0,13,0,11,
0,164,254,150,255,59,255,170,255,75,253,136,6,12,4,208,245,208,191,0,195,0,252,0,238,0,97,0,41,0,18,0,13,0,11,
0,164,254,144,255,59,255,176,255,76,253,235,5,12,4,248,245,181,191,0,195,0,252,0,238,0,97,0,41,0,19,0,13,0,11,
0,169,254,131,255,52,255,176,255,76,253,235,5,176,3,248,245,181,191,0,194,0,252,0,237,0,97,0,41,0,18,0,13,0,11,
0,144,254,133,255,49,255,176,255,76,253,235,5,203,3,206,245,20,191,0,195,0,252,0,237,0,96,0,40,0,17,0,12,0,11,
0,144,254,133,255,48,255,176,255,76,253,235,5,237,3,153,245,87,190,0,194,0,252,0,236,0,96,0,41,0,18,0,13,0,11,
0,163,254,106,255,48,255,176,255,76,253,235,5,81,3,226,245,22,191,0,194,0,252,0,236,0,96,0,41,0,19,0,13,0,11,
0,152,254,127,255,50,255,176,255,76,253,235,5,81,3,226,245,22,191,0,194,0,253,0,236,0,96,0,41,0,19,0,13,0,12,
0,145,254,132,255,59,255,176,255,76,253,235,5,239,2,251,245,219,190,0,194,0,252,0,235,0,96,0,41,0,19,0,13,0,11,
0,145,254,132,255,59,255,176,255,76,253,235,5,114,3,13,246,10,193,0,194,0,252,0,235,0,95,0,40,0,17,0,13,0,11,
0,159,254,135,255,58,255,176,255,76,253,235,5,62,3,26,246,185,191,0,193,0,252,0,234,0,96,0,41,0,18,0,13,0,11,
0,144,254,101,255,49,255,176,255,76,253,235,5,62,3,170,245,126,190,0,193,0,252,0,234,0,95,0,41,0,18,0,13,0,12,
0,124,254,96,255,35,255,168,255,82,253,48,6,232,3,170,245,126,190,0,193,0,252,0,234,0,95,0,40,0,18,0,13,0,11,
0,124,254,96,255,35,255,168,255,82,253,48,6,43,3,192,245,54,190,0,194,0,252,0,233,0,95,0,40,0,18,0,12,0,11,
0,123,254,107,255,59,255,168,255,82,253,48,6,152,2,248,245,114,190,0,193,0,252,0,232,0,95,0,40,0,19,0,13,0,11,
0,68,254,124,255,80,255,168,255,82,253,48,6,253,2,118,246,176,191,0,194,0,252,0,232,0,95,0,40,0,18,0,13,0,11,
0,70,254,124,255,57,255,168,255,82,253,48,6,253,2,118,246,91,191,0,194,0,252,0,232,0,94,0,40,0,18,0,13,0,11,
0,70,254,119,255,57,255,168,255,82,253,48,6,66,3,102,246,91,191,0,194,0,252,0,231,0,94,0,40,0,17,0,12,0,11,
0,109,254,109,255,50,255,168,255,82,253,48,6,30,3,60,246,124,190,0,194,0,251,0,230,0,94,0,40,0,18,0,13,0,11,
0,81,254,91,255,36,255,168,255,82,253,48,6,162,2,215,246,189,190,0,195,0,252,0,230,0,93,0,39,0,17,0,12,0,11,
0,81,254,91,255,31,255,168,255,82,253,48,6,162,3,186,246,211,191,0,195,0,251,0,229,0,93,0,40,0,18,0,13,0,11,
0,44,254,95,255,31,255,168,255,82,253,48,6,123,3,186,246,211,191,0,195,0,251,0,229,0,93,0,40,0,18,0,13,0,11,
0,28,254,89,255,12,255,246,255,94,253,56,6,128,3,206,246,238,189,0,196,0,252,0,229,0,92,0,39,0,17,0,12,0,11,
0,54,254,88,255,15,255,246,255,94,253,56,6,248,2,202,246,255,189,0,196,0,251,0,228,0,93,0,40,0,18,0,13,0,12,
0,54,254,88,255,15,255,246,255,94,253,56,6,212,1,248,246,151,189,0,197,0,252,0,229,0,92,0,39,0,17,0,12,0,11,
0,66,254,78,255,34,255,246,255,94,253,56,6,212,1,248,246,54,192,0,196,0,251,0,228,0,93,0,40,0,18,0,13,0,11,
0,100,254,60,255,49,255,246,255,94,253,56,6,43,2,138,247,54,192,0,197,0,251,0,228,0,92,0,34,0,17,0,13,0,12,
0,80,254,62,255,46,255,246,255,94,253,56,6,104,3,104,247,162,191,0,198,0,252,0,228,0,91,0,35,0,16,0,12,0,11,
0,80,254,62,255,46,255,246,255,94,253,56,6,103,3,60,247,10,190,0,198,0,251,0,227,0,92,0,36,0,17,0,13,0,12,
0,94,254,95,255,16,255,246,255,94,253,56,6,235,2,141,247,115,189,0,198,0,252,0,228,0,91,0,36,0,16,0,12,0,11,
0,135,254,89,255,8,255,246,255,94,253,56,6,235,2,141,247,115,189,0,198,0,251,0,227,0,92,0,38,0,17,0,13,0,12,
0,135,254,89,255,32,255,246,255,94,253,56,6,194,2,116,247,240,190,0,198,0,251,0,227,0,92,0,38,0,17,0,13,0,12,
0,133,254,77,255,32,255,246,255,94,253,152,6,66,3,94,247,173,190,0,199,0,252,0,228,0,91,0,38,0,17,0,12,0,11,
0,80,254,58,255,38,255,202,255,68,253,152,6,96,3,70,247,221,189,0,199,0,251,0,227,0,92,0,38,0,17,0,13,0,11,
0,30,254,56,255,28,255,202,255,68,253,152,6,96,3,245,247,99,190,0,200,0,252,0,228,0,91,0,38,0,17,0,12,0,11,
0,30,254,56,255,17,255,202,255,68,253,152,6,23,2,245,247,99,190,0,200,0,251,0,228,0,92,0,38,0,17,0,13,0,11,
0,34,254,59,255,17,255,202,255,68,253,152,6,52,3,42,248,196,191,0,200,0,252,0,228,0,92,0,38,0,17,0,13,0,11,
0,73,254,82,255,11,255,202,255,68,253,152,6,255,3,176,247,89,190,0,200,0,252,0,228,0,91,0,38,0,17,0,12,0,11,
0,100,254,118,255,0,255,202,255,68,253,152,6,60,3,49,247,221,188,0,200,0,252,0,228,0,92,0,39,0,18,0,13,0,11,
0,100,254,118,255,0,255,202,255,68,253,152,6,60,3,49,247,221,189,0,201,0,252,0,229,0,91,0,38,0,16,0,12,0,10,
0,101,254,115,255,5,255,202,255,68,253,152,6,135,2,162,247,38,189,0,201,0,252,0,229,0,92,0,39,0,17,0,13,0,11,
0,96,254,116,255,20,255,202,255,68,253,152,6,216,2,15,248,158,190,0,201,0,252,0,229,0,92,0,39,0,17,0,12,0,11,
0,104,254,115,255,12,255,202,255,68,253,152,6,40,3,202,247,154,191,0,202,0,253,0,230,0,91,0,38,0,17,0,12,0,11,
0,104,254,115,255,12,255,229,255,88,253,197,6,40,3,168,247,30,190,0,201,0,253,0,230,0,92,0,39,0,18,0,13,0,11,
0,113,254,117,255,241,254,229,255,88,253,197,6,128,3,168,247,30,190,0,202,0,254,0,231,0,92,0,38,0,17,0,12,0,11,
0,135,254,110,255,233,254,229,255,88,253,197,6,63,3,120,247,25,190,0,202,0,253,0,231,0,93,0,39,0,17,0,13,0,11,
0,135,254,110,255,253,254,229,255,88,253,197,6,62,3,178,247,65,190,0,202,0,254,0,232,0,92,0,39,0,17,0,12,0,11,
0,123,254,79,255,253,254,229,255,88,253,197,6,30,3,174,247,94,190,0,202,0,254,0,232,0,93,0,40,0,17,0,13,0,11,
0,110,254,99,255,33,255,229,255,88,253,197,6,30,3,174,247,240,188,0,203,0,254,0,233,0,93,0,43,0,18,0,12,0,11,
0,100,254,100,255,30,255,229,255,88,253,197,6,200,3,34,247,240,188,0,202,0,254,0,233,0,94,0,43,0,19,0,13,0,11,
0,100,254,100,255,35,255,229,255,88,253,197,6,101,3,196,247,184,188,0,203,0,254,0,234,0,94,0,42,0,19,0,13,0,11,
0,102,254,137,255,35,255,229,255,88,253,197,6,230,2,229,247,78,190,0,203,0,255,0,234,0,94,0,42,0,19,0,13,0,11,
0,104,254,147,255,34,255,229,255,88,253,197,6,230,3,86,247,25,192,0,203,0,255,0,235,0,94,0,41,0,18,0,13,0,11,
0,123,254,125,255,31,255,115,255,109,253,189,5,187,3,86,247,25,192,0,203,0,255,0,235,0,94,0,41,0,19,0,13,0,11,
0,123,254,125,255,31,255,115,255,109,253,189,5,66,4,64,247,146,190,0,203,0,255,0,236,0,94,0,40,0,18,0,13,0,11,
0,88,254,121,255,24,255,115,255,109,253,189,5,222,3,209,246,107,188,0,203,0,255,0,236,0,95,0,41,0,19,0,13,0,11,
0,100,254,137,255,54,255,115,255,109,253,189,5,102,2,250,246,232,188,0,203,0,255,0,236,0,95,0,40,0,18,0,13,0,11,
0,119,254,131,255,57,255,115,255,109,253,189,5,102,2,250,246,229,191,0,203,0,255,0,237,0,95,0,40,0,17,0,12,0,11,
0,119,254,131,255,57,255,115,255,109,253,189,5,154,3,32,247,229,191,0,204,0,255,0,238,0,95,0,40,0,18,0,13,0,11,
0,109,254,115,255,49,255,115,255,109,253,189,5,138,4,50,247,4,192,0,204,0,255,0,238,0,95,0,40,0,17,0,12,0,11,
0,100,254,128,255,46,255,115,255,109,253,189,5,250,3,140,246,135,189,0,203,0,255,0,238,0,96,0,40,0,18,0,13,0,11,
0,100,254,128,255,40,255,115,255,109,253,189,5,213,3,156,246,180,188,0,204,0,255,0,238,0,96,0,40,0,18,0,13,0,11,
0,107,254,151,255,40,255,115,255,109,253,189,5,213,3,156,246,180,188,0,204,0,255,0,239,0,96,0,40,0,17,0,12,0,11,
0,135,254,141,255,67,255,167,255,123,253,110,5,98,3,40,247,130,190,0,204,0,255,0,239,0,96,0,40,0,17,0,12,0,11,
0,141,254,116,255,68,255,167,255,123,253,110,5,182,3,196,246,68,192,0,204,0,255,0,239,0,96,0,41,0,19,0,13,0,11,
0,141,254,116,255,68,255,167,255,123,253,110,5,108,4,149,246,114,191,0,204,0,255,0,239,0,97,0,41,0,18,0,13,0,11,
0,124,254,114,255,58,255,167,255,123,253,110,5,108,4,132,246,233,189,0,204,0,254,0,239,0,97,0,41,0,18,0,13,0,11,
0,135,254,102,255,48,255,167,255,123,253,110,5,42,4,132,246,233,189,0,205,0,255,0,240,0,96,0,41,0,19,0,13,0,11,
0,111,254,100,255,47,255,167,255,123,253,110,5,197,3,70,246,208,189,0,204,0,255,0,240,0,97,0,41,0,20,0,14,0,12,
0,111,254,100,255,47,255,167,255,123,253,110,5,59,3,133,246,228,190,0,204,0,255,0,240,0,97,0,40,0,19,0,13,0,11,
0,96,254,136,255,41,255,167,255,123,253,110,5,245,3,119,246,8,190,0,204,0,254,0,240,0,97,0,41,0,19,0,13,0,12,
0,116,254,156,255,54,255,167,255,123,253,110,5,245,3,119,246,8,190,0,204,0,254,0,240,0,98,0,41,0,20,0,14,0,12,
0,132,254,148,255,64,255,167,255,123,253,110,5,106,3,84,246,189,190,0,204,0,254,0,241,0,97,0,41,0,19,0,13,0,11,
0,132,254,148,255,64,255,220,255,47,253,8,7,240,3,79,246,176,191,0,204,0,255,0,241,0,97,0,41,0,19,0,13,0,11,
0,83,254,113,255,81,255,220,255,47,253,8,7,168,3,37,246,34,192,0,203,0,254,0,241,0,98,0,42,0,19,0,13,0,11,
0,29,254,73,255,93,255,220,255,47,253,8,7,168,3,197,245,114,191,0,203,0,254,0,241,0,98,0,41,0,19,0,13,0,11,
0,29,254,73,255,96,255,220,255,47,253,8,7,236,4,197,245,114,191,0,203,0,254,0,242,0,98,0,41,0,20,0,13,0,11,
0,37,254,62,255,96,255,220,255,47,253,8,7,86,4,166,245,109,189,0,203,0,254,0,241,0,98,0,41,0,19,0,13,0,11,
0,51,254,81,255,79,255,220,255,47,253,8,7,54,3,247,245,2,190,0,203,0,254,0,241,0,98,0,41,0,19,0,13,0,11,
0,72,254,106,255,88,255,220,255,47,253,8,7,120,3,37,246,82,192,0,203,0,254,0,241,0,97,0,41,0,18,0,13,0,11,
0,72,254,106,255,88,255,220,255,47,253,8,7,120,3,37,246,182,191,0,203,0,254,0,241,0,98,0,41,0,19,0,13,0,11,
0,94,254,95,255,98,255,220,255,47,253,8,7,42,4,253,245,182,191,0,203,0,254,0,241,0,98,0,41,0,20,0,13,0,11,
0,91,254,96,255,105,255,220,255,47,253,8,7,195,3,196,245,168,190,0,203,0,254,0,241,0,97,0,41,0,19,0,13,0,11,
0,95,254,85,255,83,255,220,255,47,253,8,7,245,3,211,245,213,190,0,203,0,253,0,241,0,98,0,41,0,20,0,13,0,11,
0,95,254,85,255,83,255,191,255,50,253,118,5,220,3,237,245,251,191,0,203,0,254,0,241,0,98,0,41,0,18,0,12,0,11,
0,95,254,82,255,86,255,191,255,50,253,118,5,220,3,237,245,251,191,0,202,0,253,0,240,0,98,0,41,0,19,0,14,0,11,
0,94,254,79,255,100,255,191,255,50,253,118,5,45,4,72,245,78,190,0,202,0,253,0,240,0,98,0,42,0,20,0,14,0,12,
0,48,254,85,255,88,255,191,255,50,253,118,5,188,3,100,245,53,190,0,203,0,253,0,240,0,98,0,42,0,19,0,13,0,11,
0,48,254,85,255,88,255,191,255,50,253,118,5,211,2,195,245,242,190,0,202,0,253,0,239,0,98,0,42,0,18,0,14,0,12,
0,250,253,80,255,101,255,191,255,50,253,118,5,211,2,195,245,50,193,0,203,0,253,0,239,0,97,0,41,0,17,0,12,0,11,
0,191,253,80,255,95,255,191,255,50,253,118,5,33,3,236,245,50,193,0,203,0,253,0,238,0,98,0,42,0,19,0,13,0,12,
0,191,253,80,255,54,255,191,255,50,253,118,5,158,4,130,245,162,191,0,203,0,252,0,238,0,97,0,42,0,19,0,13,0,11,
0,237,253,82,255,54,255,191,255,50,253,118,5,243,3,80,245,182,188,0,203,0,253,0,238,0,97,0,41,0,18,0,13,0,11,
0,52,254,88,255,76,255,191,255,50,253,118,5,144,2,220,245,114,190,0,203,0,253,0,237,0,97,0,41,0,18,0,12,0,11,
0,23,254,83,255,73,255,178,255,55,253,140,6,144,2,220,245,114,190,0,202,0,252,0,236,0,97,0,41,0,19,0,13,0,12,
0,23,254,83,255,73,255,178,255,55,253,140,6,104,3,248,245,68,192,0,202,0,252,0,235,0,96,0,41,0,18,0,13,0,11,
0,192,253,56,255,77,255,178,255,55,253,140,6,100,3,241,245,253,191,0,202,0,251,0,235,0,96,0,41,0,19,0,13,0,11,
0,221,253,26,255,79,255,178,255,55,253,140,6,251,3,218,245,7,191,0,202,0,252,0,235,0,95,0,40,0,18,0,13,0,11,
0,236,253,53,255,81,255,178,255,55,253,140,6,251,3,249,245,241,190,0,202,0,251,0,234,0,96,0,41,0,18,0,13,0,11,
0,236,253,53,255,81,255,178,255,55,253,140,6,90,3,249,245,241,190,0,202,0,252,0,234,0,95,0,40,0,17,0,12,0,10,
0,229,253,66,255,65,255,178,255,55,253,140,6,85,3,8,246,105,192,0,202,0,251,0,233,0,95,0,40,0,18,0,13,0,11,
0,188,253,54,255,72,255,178,255,55,253,140,6,208,3,237,245,13,191,0,201,0,251,0,233,0,95,0,40,0,18,0,13,0,11,
0,188,253,56,255,46,255,178,255,55,253,140,6,204,2,31,246,87,190,0,202,0,251,0,233,0,94,0,40,0,17,0,12,0,11,
0,188,253,56,255,46,255,178,255,55,253,140,6,204,2,31,246,79,191,0,201,0,251,0,232,0,95,0,40,0,18,0,13,0,11,
0,210,253,61,255,42,255,207,255,53,253,171,5,152,2,154,246,79,191,0,201,0,251,0,232,0,94,0,40,0,17,0,12,0,11,
0,212,253,76,255,38,255,207,255,53,253,171,5,124,3,171,246,166,192,0,201,0,251,0,232,0,94,0,40,0,18,0,13,0,11,
0,212,253,76,255,30,255,207,255,53,253,171,5,26,4,232,245,54,190,0,201,0,251,0,232,0,94,0,40,0,18,0,13,0,11,
0,193,253,98,255,30,255,207,255,53,253,171,5,26,4,40,246,152,189,0,201,0,251,0,232,0,94,0,40,0,18,0,13,0,11,
0,186,253,73,255,2,255,207,255,53,253,171,5,92,3,40,246,152,189,0,200,0,251,0,231,0,94,0,40,0,18,0,13,0,12,
0,179,253,112,255,2,255,207,255,53,253,171,5,106,2,232,246,58,191,0,200,0,251,0,231,0,93,0,40,0,17,0,12,0,11,
0,179,253,112,255,2,255,207,255,53,253,171,5,206,2,18,247,179,191,0,200,0,251,0,230,0,94,0,40,0,18,0,13,0,12,
0,203,253,139,255,4,255,207,255,53,253,171,5,148,3,200,246,48,192,0,200,0,251,0,230,0,93,0,40,0,18,0,13,0,11,
0,212,253,146,255,28,255,207,255,53,253,171,5,148,3,200,246,162,190,0,200,0,251,0,230,0,93,0,40,0,17,0,12,0,11,
0,219,253,122,255,31,255,207,255,53,253,171,5,36,4,92,246,162,190,0,200,0,251,0,230,0,93,0,39,0,17,0,12,0,11,
0,219,253,122,255,31,255,203,255,48,253,55,6,42,3,133,246,188,188,0,200,0,251,0,230,0,93,0,40,0,19,0,13,0,11,
0,219,253,105,255,8,255,203,255,48,253,55,6,88,3,41,247,205,190,0,200,0,251,0,230,0,93,0,34,0,17,0,13,0,11,
0,206,253,117,255,3,255,203,255,48,253,55,6,51,3,41,247,164,191,0,200,0,251,0,230,0,93,0,36,0,17,0,13,0,11,
0,166,253,111,255,255,254,203,255,48,253,55,6,51,3,41,247,164,191,0,200,0,251,0,230,0,92,0,36,0,16,0,12,0,11,
0,166,253,111,255,255,254,203,255,48,253,55,6,218,3,61,247,15,191,0,200,0,251,0,230,0,92,0,37,0,16,0,12,0,11,
0,196,253,114,255,229,254,203,255,48,253,55,6,215,3,183,246,79,190,0,200,0,250,0,230,0,93,0,38,0,17,0,13,0,11,
0,223,253,140,255,230,254,203,255,48,253,55,6,199,3,57,247,159,190,0,200,0,250,0,230,0,93,0,38,0,17,0,12,0,11,
0,223,253,140,255,229,254,203,255,48,253,55,6,199,3,57,247,187,190,0,200,0,250,0,230,0,92,0,38,0,17,0,13,0,11,
0,225,253,162,255,229,254,203,255,48,253,55,6,219,3,14,247,187,190,0,200,0,250,0,230,0,92,0,38,0,17,0,13,0,11,
0,223,253,168,255,251,254,203,255,48,253,55,6,214,3,195,246,135,189,0,200,0,250,0,230,0,93,0,38,0,17,0,13,0,11,
0,238,253,133,255,233,254,203,255,48,253,55,6,195,3,87,247,27,189,0,200,0,251,0,230,0,92,0,39,0,16,0,12,0,11,
0,238,253,133,255,233,254,164,255,70,253,248,6,22,3,90,247,218,189,0,199,0,250,0,230,0,93,0,39,0,17,0,13,0,11,
0,200,253,100,255,206,254,164,255,70,253,248,6,22,3,90,247,218,189,0,199,0,250,0,230,0,93,0,40,0,18,0,13,0,11,
0,204,253,103,255,210,254,164,255,70,253,248,6,148,3,215,247,99,192,0,200,0,250,0,230,0,92,0,39,0,17,0,12,0,11,
0,201,253,98,255,224,254,164,255,70,253,248,6,81,5,31,247,50,190,0,200,0,250,0,230,0,92,0,39,0,17,0,12,0,11,
0,201,253,98,255,224,254,164,255,70,253,248,6,29,4,184,246,144,187,0,199,0,250,0,230,0,93,0,40,0,18,0,13,0,11,
0,210,253,126,255,205,254,164,255,70,253,248,6,29,4,94,247,128,189,0,198,0,250,0,231,0,93,0,40,0,18,0,13,0,11,
0,222,253,122,255,203,254,164,255,70,253,248,6,30,3,94,247,128,189,0,199,0,250,0,231,0,93,0,39,0,18,0,13,0,11,
0,216,253,122,255,230,254,164,255,70,253,248,6,166,3,154,247,223,191,0,198,0,251,0,232,0,93,0,39,0,17,0,12,0,11,
0,216,253,134,255,230,254,164,255,70,253,248,6,173,4,55,247,68,191,0,199,0,251,0,232,0,93,0,39,0,17,0,12,0,11,
0,234,253,138,255,234,254,164,255,70,253,248,6,87,4,171,246,87,188,0,198,0,251,0,230,0,93,0,40,0,18,0,13,0,12,
0,13,254,130,255,215,254,167,255,50,253,185,5,87,4,171,246,176,189,0,198,0,250,0,230,0,93,0,40,0,17,0,13,0,11,
0,13,254,130,255,227,254,167,255,50,253,185,5,98,4,243,246,176,189,0,198,0,250,0,231,0,93,0,40,0,18,0,13,0,11,
0,20,254,144,255,227,254,167,255,50,253,185,5,138,3,82,247,222,189,0,198,0,251,0,231,0,93,0,43,0,17,0,12,0,11,
0,243,253,158,255,241,254,167,255,50,253,185,5,211,3,228,246,171,190,0,198,0,251,0,232,0,93,0,42,0,18,0,12,0,10,
0,212,253,126,255,243,254,167,255,50,253,185,5,211,3,235,246,66,190,0,197,0,251,0,232,0,93,0,42,0,19,0,13,0,11,
0,212,253,126,255,243,254,167,255,50,253,185,5,100,4,235,246,66,190,0,197,0,251,0,232,0,93,0,41,0,18,0,13,0,11,
0,217,253,119,255,235,254,167,255,50,253,185,5,111,3,2,247,182,190,0,197,0,251,0,232,0,93,0,40,0,18,0,12,0,11,
0,232,253,121,255,235,254,167,255,50,253,185,5,48,4,30,247,131,191,0,197,0,251,0,231,0,93,0,40,0,18,0,12,0,11,
0,230,253,140,255,236,254,167,255,50,253,185,5,96,4,222,246,93,191,0,197,0,251,0,231,0,93,0,40,0,19,0,13,0,11,
0,230,253,140,255,236,254,167,255,50,253,185,5,96,4,222,246,228,190,0,197,0,251,0,231,0,93,0,40,0,17,0,12,0,11,
0,240,253,147,255,3,255,216,255,17,253,243,5,132,4,207,246,228,190,0,197,0,251,0,231,0,94,0,40,0,18,0,13,0,11,
0,213,253,93,255,232,254,216,255,17,253,243,5,94,4,218,246,87,190,0,196,0,251,0,231,0,93,0,40,0,18,0,13,0,12,
0,214,253,93,255,215,254,216,255,17,253,243,5,210,3,198,246,15,190,0,196,0,251,0,232,0,93,0,40,0,18,0,13,0,11,
0,214,253,100,255,215,254,216,255,17,253,243,5,242,3,253,246,200,190,0,196,0,251,0,232,0,94,0,40,0,18,0,13,0,11,
0,203,253,91,255,205,254,216,255,17,253,243,5,242,3,253,246,200,190,0,196,0,252,0,231,0,93,0,40,0,17,0,12,0,11,
0,193,253,90,255,231,254,216,255,17,253,243,5,43,4,248,246,20,191,0,196,0,250,0,230,0,93,0,40,0,18,0,13,0,12,
0,193,253,90,255,240,254,216,255,17,253,243,5,12,4,205,246,54,190,0,196,0,250,0,229,0,93,0,40,0,18,0,13,0,11,
0,200,253,72,255,240,254,216,255,17,253,243,5,87,3,53,247,203,190,0,197,0,249,0,229,0,93,0,40,0,17,0,12,0,11,
0,206,253,78,255,215,254,216,255,17,253,243,5,87,3,53,247,83,192,0,197,0,250,0,229,0,93,0,40,0,18,0,13,0,11,
0,188,253,58,255,203,254,216,255,17,253,243,5,140,3,42,247,83,192,0,196,0,250,0,230,0,92,0,39,0,17,0,12,0,11,
0,188,253,58,255,203,254,183,255,207,252,197,6,183,4,0,247,24,191,0,195,0,250,0,230,0,93,0,40,0,18,0,13,0,11,
0,180,253,43,255,212,254,183,255,207,252,197,6,237,3,230,246,50,190,0,196,0,250,0,228,0,93,0,40,0,18,0,13,0,11,
0,170,253,41,255,205,254,183,255,207,252,197,6,242,3,233,246,95,189,0,196,0,249,0,227,0,92,0,39,0,17,0,12,0,11,
0,166,253,24,255,208,254,183,255,207,252,197,6,242,3,233,246,95,189,0,197,0,249,0,226,0,91,0,39,0,17,0,12,0,11,
0,166,253,24,255,208,254,183,255,207,252,197,6,75,3,14,247,64,190,0,197,0,247,0,226,0,92,0,39,0,18,0,13,0,11,
0,162,253,48,255,201,254,183,255,207,252,197,6,127,3,71,247,113,191,0,196,0,247,0,227,0,92,0,39,0,17,0,13,0,11,
0,195,253,36,255,182,254,183,255,207,252,197,6,235,3,84,247,18,191,0,196,0,248,0,228,0,91,0,39,0,17,0,13,0,11,
0,221,253,36,255,173,254,183,255,207,252,197,6,235,3,34,247,57,190,0,196,0,249,0,227,0,91,0,38,0,17,0,13,0,11,
0,221,253,16,255,173,254,183,255,207,252,197,6,166,3,34,247,57,190,0,196,0,248,0,225,0,91,0,39,0,18,0,13,0,11,
0,238,253,13,255,198,254,183,255,207,252,197,6,181,3,68,247,164,190,0,198,0,248,0,224,0,90,0,38,0,17,0,12,0,11,
0,229,253,252,254,201,254,183,255,207,252,197,6,227,3,63,247,205,190,0,198,0,247,0,223,0,91,0,39,0,20,0,13,0,11,
0,229,253,252,254,203,254,241,255,18,253,179,6,170,3,35,247,22,190,0,197,0,247,0,224,0,91,0,39,0,17,0,13,0,11,
0,235,253,235,254,203,254,241,255,18,253,179,6,170,3,35,247,126,189,0,197,0,247,0,225,0,90,0,38,0,17,0,12,0,11,
0,199,253,233,254,193,254,241,255,18,253,179,6,245,2,80,247,126,189,0,197,0,248,0,224,0,91,0,39,0,17,0,13,0,11,
0,207,253,210,254,190,254,241,255,18,253,179,6,246,2,219,247,18,190,0,198,0,248,0,223,0,90,0,38,0,19,0,13,0,11,
0,207,253,210,254,190,254,241,255,18,253,179,6,116,3,153,247,110,191,0,198,0,247,0,222,0,90,0,38,0,19,0,13,0,11,
0,187,253,227,254,212,254,241,255,18,253,179,6,116,3,197,247,229,190,0,198,0,247,0,221,0,90,0,38,0,19,0,13,0,11,
0,150,253,251,254,206,254,241,255,18,253,179,6,234,3,197,247,229,190,0,198,0,246,0,223,0,89,0,37,0,18,0,12,0,11,
0,163,253,222,254,165,254,241,255,18,253,179,6,82,4,60,247,42,188,0,197,0,246,0,223,0,89,0,38,0,19,0,13,0,11,
0,163,253,222,254,165,254,241,255,18,253,179,6,159,2,224,247,127,188,0,198,0,247,0,223,0,89,0,37,0,17,0,12,0,11,
0,165,253,204,254,155,254,241,255,18,253,179,6,42,3,21,248,136,191,0,197,0,247,0,220,0,89,0,38,0,18,0,13,0,11,
0,186,253,198,254,151,254,213,255,220,252,88,6,42,3,21,248,187,190,0,198,0,246,0,220,0,89,0,38,0,18,0,13,0,11,
0,186,253,198,254,142,254,213,255,220,252,88,6,144,3,175,247,187,190,0,198,0,246,0,220,0,88,0,37,0,17,0,12,0,11,
0,175,253,205,254,142,254,213,255,220,252,88,6,135,3,139,247,195,189,0,197,0,245,0,221,0,89,0,38,0,18,0,13,0,11,
0,182,253,211,254,141,254,213,255,220,252,88,6,106,3,96,247,171,189,0,198,0,246,0,221,0,88,0,37,0,17,0,12,0,11,
0,173,253,195,254,142,254,213,255,220,252,88,6,29,3,230,247,197,189,0,197,0,246,0,220,0,88,0,37,0,19,0,13,0,11,
0,173,253,195,254,143,254,213,255,220,252,88,6,29,3,230,247,197,189,0,198,0,245,0,219,0,88,0,37,0,18,0,13,0,11,
0,163,253,167,254,143,254,213,255,220,252,88,6,118,3,165,247,231,189,0,198,0,245,0,218,0,88,0,37,0,18,0,13,0,11,
0,176,253,142,254,148,254,213,255,220,252,88,6,20,3,13,248,82,190,0,198,0,244,0,219,0,88,0,37,0,18,0,13,0,11,
0,201,253,148,254,154,254,213,255,220,252,88,6,57,3,22,248,83,190,0,198,0,245,0,220,0,87,0,36,0,17,0,12,0,11,
0,201,253,148,254,154,254,213,255,220,252,88,6,57,3,179,247,68,189,0,197,0,245,0,219,0,87,0,37,0,18,0,12,0,11,
0,210,253,129,254,138,254,222,255,18,253,208,6,221,3,179,247,68,189,0,197,0,245,0,219,0,88,0,37,0,18,0,13,0,11,
0,183,253,127,254,120,254,222,255,18,253,208,6,144,3,181,247,173,189,0,198,0,245,0,218,0,87,0,37,0,17,0,12,0,11,
0,170,253,123,254,122,254,222,255,18,253,208,6,102,2,0,248,49,190,0,198,0,244,0,219,0,87,0,37,0,17,0,12,0,11,
0,170,253,123,254,122,254,222,255,18,253,208,6,68,3,20,248,25,191,0,197,0,244,0,219,0,88,0,37,0,18,0,13,0,12,
0,159,253,122,254,105,254,222,255,18,253,208,6,68,3,20,248,25,188,0,197,0,244,0,219,0,87,0,37,0,18,0,13,0,11,
0,156,253,134,254,85,254,222,255,18,253,208,6,122,3,204,247,88,188,0,198,0,244,0,219,0,87,0,37,0,18,0,13,0,11,
0,156,253,134,254,81,254,222,255,18,253,208,6,196,2,52,248,68,189,0,198,0,244,0,219,0,87,0,37,0,17,0,12,0,11,
0,179,253,160,254,81,254,222,255,18,253,208,6,155,2,67,248,150,190,0,198,0,244,0,219,0,87,0,36,0,17,0,12,0,11,
0,162,253,139,254,75,254,222,255,18,253,208,6,155,2,31,248,75,190,0,198,0,243,0,219,0,87,0,37,0,18,0,13,0,11,
0,140,253,149,254,77,254,222,255,18,253,208,6,11,3,31,248,75,190,0,198,0,243,0,219,0,87,0,37,0,17,0,13,0,11,
0,140,253,149,254,66,254,185,255,21,253,218,5,238,2,14,248,119,190,0,198,0,243,0,219,0,87,0,37,0,18,0,13,0,11,
0,113,253,169,254,66,254,185,255,21,253,218,5,38,3,235,247,164,190,0,199,0,243,0,219,0,87,0,36,0,17,0,12,0,11,
0,118,253,184,254,46,254,185,255,21,253,218,5,212,2,58,248,150,187,0,199,0,243,0,219,0,87,0,36,0,17,0,12,0,10,
0,131,253,187,254,50,254,185,255,21,253,218,5,212,2,58,248,97,189,0,200,0,243,0,219,0,87,0,37,0,18,0,13,0,11,
0,131,253,187,254,50,254,185,255,21,253,218,5,231,1,139,248,97,189,0,200,0,243,0,219,0,87,0,37,0,18,0,13,0,11,
0,134,253,190,254,58,254,185,255,21,253,218,5,210,2,131,248,119,191,0,200,0,243,0,218,0,87,0,37,0,18,0,13,0,11,
0,126,253,188,254,55,254,185,255,21,253,218,5,72,3,92,248,68,190,0,201,0,243,0,219,0,87,0,36,0,17,0,12,0,11,
0,140,253,171,254,35,254,185,255,21,253,218,5,72,3,32,248,215,188,0,201,0,242,0,219,0,87,0,37,0,18,0,13,0,11,
0,140,253,171,254,35,254,185,255,21,253,218,5,56,3,32,248,215,188,0,202,0,243,0,219,0,87,0,31,0,16,0,13,0,12,
0,158,253,150,254,31,254,185,255,21,253,218,5,50,3,10,248,46,188,0,202,0,242,0,218,0,87,0,33,0,17,0,13,0,12,
0,130,253,151,254,45,254,185,255,21,253,218,5,84,2,117,248,110,190,0,202,0,242,0,219,0,87,0,34,0,16,0,13,0,11,
0,130,253,151,254,38,254,197,255,1,253,193,5,233,2,72,248,24,191,0,202,0,242,0,219,0,87,0,35,0,17,0,13,0,12,
0,132,253,169,254,38,254,197,255,1,253,193,5,233,2,72,248,72,189,0,203,0,242,0,219,0,87,0,35,0,17,0,13,0,11,
0,158,253,170,254,33,254,197,255,1,253,193,5,244,2,101,248,72,189,0,204,0,242,0,219,0,87,0,36,0,17,0,12,0,11,
0,107,253,161,254,27,254,197,255,1,253,193,5,21,2,112,248,0,190,0,204,0,242,0,219,0,87,0,36,0,18,0,13,0,11,
0,107,253,161,254,27,254,197,255,1,253,193,5,86,2,90,248,39,191,0,203,0,242,0,219,0,87,0,36,0,18,0,13,0,11,
0,100,253,173,254,44,254,197,255,1,253,193,5,230,3,29,248,245,189,0,204,0,243,0,220,0,87,0,36,0,17,0,12,0,11,
0,131,253,146,254,32,254,197,255,1,253,193,5,230,3,29,248,245,189,0,204,0,242,0,219,0,87,0,37,0,18,0,13,0,11,
0,104,253,152,254,2,254,197,255,1,253,193,5,247,2,233,247,222,187,0,204,0,243,0,220,0,87,0,36,0,17,0,12,0,11,
0,104,253,152,254,2,254,197,255,1,253,193,5,253,1,98,248,185,189,0,204,0,242,0,220,0,87,0,36,0,17,0,12,0,11,
0,103,253,155,254,2,254,197,255,1,253,193,5,139,2,186,248,51,192,0,204,0,242,0,220,0,87,0,37,0,18,0,13,0,11,
0,147,253,145,254,20,254,226,255,235,252,80,6,139,2,98,248,85,191,0,205,0,243,0,220,0,87,0,36,0,17,0,12,0,11,
0,172,253,140,254,53,254,226,255,235,252,80,6,124,3,98,248,85,191,0,205,0,243,0,220,0,87,0,36,0,17,0,12,0,11,
0,172,253,140,254,53,254,226,255,235,252,80,6,226,3,237,247,160,188,0,205,0,243,0,220,0,88,0,37,0,18,0,13,0,11,
0,107,253,114,254,58,254,226,255,235,252,80,6,219,2,66,248,220,188,0,205,0,242,0,220,0,87,0,37,0,17,0,13,0,11,
0,75,253,112,254,43,254,226,255,235,252,80,6,179,1,159,248,161,189,0,205,0,243,0,220,0,88,0,37,0,18,0,13,0,11,
0,75,253,112,254,47,254,226,255,235,252,80,6,179,1,159,248,161,191,0,205,0,243,0,220,0,87,0,37,0,18,0,13,0,11,
0,66,253,105,254,47,254,226,255,235,252,80,6,214,2,95,248,137,191,0,205,0,242,0,221,0,88,0,37,0,18,0,13,0,11,
0,75,253,118,254,27,254,226,255,235,252,80,6,130,3,91,248,150,190,0,206,0,243,0,222,0,87,0,36,0,17,0,12,0,11,
0,103,253,132,254,15,254,226,255,235,252,80,6,83,3,52,248,174,189,0,205,0,242,0,221,0,88,0,41,0,18,0,13,0,11,
0,103,253,132,254,15,254,226,255,235,252,80,6,83,3,233,247,6,189,0,206,0,243,0,221,0,88,0,40,0,19,0,12,0,11,
0,120,253,128,254,6,254,201,255,23,253,218,6,48,3,233,247,6,189,0,206,0,243,0,221,0,88,0,40,0,18,0,12,0,11,
0,76,253,111,254,15,254,201,255,23,253,218,6,130,2,177,248,193,190,0,206,0,242,0,221,0,88,0,40,0,19,0,13,0,11,
0,58,253,125,254,18,254,201,255,23,253,218,6,173,2,30,248,112,190,0,206,0,243,0,222,0,88,0,39,0,18,0,13,0,11,
0,58,253,125,254,18,254,201,255,23,253,218,6,0,3,30,248,249,190,0,206,0,242,0,221,0,88,0,39,0,19,0,13,0,11,
0,66,253,126,254,23,254,201,255,23,253,218,6,0,3,30,248,61,190,0,206,0,242,0,221,0,88,0,39,0,19,0,13,0,12,
0,86,253,114,254,14,254,201,255,23,253,218,6,236,2,31,248,61,190,0,206,0,242,0,222,0,88,0,38,0,18,0,13,0,11,
0,69,253,127,254,10,254,201,255,23,253,218,6,236,2,59,248,61,190,0,206,0,242,0,222,0,89,0,38,0,18,0,13,0,12,
0,69,253,127,254,10,254,201,255,23,253,218,6,149,2,195,247,97,189,0,206,0,242,0,222,0,88,0,37,0,17,0,12,0,11,
0,27,253,134,254,2,254,201,255,23,253,218,6,149,2,45,248,0,189,0,206,0,242,0,222,0,89,0,38,0,18,0,13,0,11,
0,14,253,145,254,28,254,201,255,23,253,218,6,107,2,45,248,0,189,0,206,0,242,0,221,0,88,0,38,0,18,0,13,0,11,
0,14,253,145,254,7,254,226,255,235,252,54,6,68,2,117,248,209,190,0,207,0,242,0,222,0,88,0,37,0,17,0,12,0,11,
0,2,253,123,254,7,254,226,255,235,252,54,6,132,2,92,248,12,192,0,207,0,242,0,222,0,89,0,38,0,18,0,13,0,11,
0,223,252,147,254,239,253,226,255,235,252,54,6,35,3,104,247,250,188,0,207,0,242,0,223,0,88,0,37,0,17,0,12,0,11,
0,244,252,151,254,227,253,226,255,235,252,54,6,35,3,104,247,191,188,0,207,0,242,0,222,0,88,0,37,0,18,0,13,0,11,
0,244,252,151,254,227,253,226,255,235,252,54,6,43,2,245,247,191,188,0,207,0,242,0,221,0,88,0,38,0,18,0,13,0,11,
0,19,253,176,254,220,253,226,255,235,252,54,6,220,1,96,248,82,190,0,208,0,242,0,221,0,88,0,37,0,17,0,12,0,11,
0,254,252,171,254,202,253,226,255,235,252,54,6,101,2,30,248,89,192,0,208,0,242,0,220,0,89,0,38,0,18,0,13,0,11,
0,237,252,141,254,192,253,226,255,235,252,54,6,80,3,245,247,25,190,0,208,0,242,0,221,0,88,0,37,0,17,0,12,0,11,
0,237,252,141,254,192,253,226,255,235,252,54,6,80,3,245,247,25,190,0,208,0,242,0,221,0,89,0,37,0,18,0,13,0,11,
0,238,252,156,254,202,253,226,255,235,252,54,6,171,2,177,247,30,188,0,208,0,243,0,221,0,88,0,37,0,17,0,12,0,11,
0,252,252,177,254,200,253,226,255,0,253,13,6,5,2,228,247,153,188,0,208,0,242,0,220,0,88,0,37,0,18,0,13,0,11,
0,235,252,163,254,213,253,235,255,0,253,13,6,207,1,55,248,107,190,0,208,0,241,0,219,0,88,0,38,0,19,0,13,0,12,
0,235,252,163,254,213,253,235,255,0,253,13,6,207,1,87,248,232,190,0,209,0,242,0,220,0,88,0,37,0,17,0,13,0,11,
0,213,252,160,254,218,253,235,255,0,253,13,6,91,2,87,248,232,190,0,209,0,241,0,219,0,88,0,38,0,18,0,13,0,11,
0,220,252,175,254,227,253,235,255,0,253,13,6,124,2,227,247,200,189,0,208,0,242,0,220,0,88,0,38,0,18,0,13,0,11,
0,220,252,175,254,228,253,235,255,0,253,13,6,216,2,251,247,131,188,0,208,0,242,0,220,0,88,0,37,0,18,0,13,0,12,
0,193,252,194,254,228,253,235,255,0,253,13,6,39,2,135,248,89,188,0,209,0,242,0,219,0,88,0,38,0,18,0,13,0,11,
0,163,252,159,254,207,253,235,255,0,253,13,6,39,2,135,248,176,190,0,209,0,243,0,219,0,87,0,37,0,17,0,12,0,11,
0,173,252,165,254,181,253,235,255,0,253,13,6,58,2,96,248,176,190,0,209,0,242,0,218,0,87,0,37,0,18,0,13,0,11,
0,173,252,165,254,181,253,235,255,0,253,13,6,80,3,0,248,156,190,0,198,0,249,0,223,0,88,0,37,0,18,0,13,0,11,
0,179,252,199,254,173,253,235,255,0,253,13,6,21,0,97,237,253,185,0,136,1,6,0,238,0,89,0,36,0,16,0,12,0,11,
0,209,252,172,254,170,253,238,255,208,252,109,6,21,0,136,217,194,193,0,136,1,38,1,14,0,95,0,38,0,16,0,13,0,11,
0,36,253,189,254,30,253,238,255,208,252,109,6,107,7,136,217,194,193,0,245,1,77,1,85,0,106,0,40,0,19,0,13,0,11,
0,36,253,189,254,30,253,238,255,208,252,109,6,12,32,118,13,205,223,1,60,1,80,1,87,0,115,0,43,0,20,0,13,0,10,
0,70,254,172,254,63,251,238,255,208,252,109,6,180,42,234,242,185,227,0,200,1,81,1,86,0,120,0,44,0,19,0,13,0,11,
0,96,1,125,253,93,249,238,255,208,252,109,6,192,27,125,255,70,226,0,132,1,76,1,78,0,124,0,47,0,18,0,13,0,11,
0,26,6,220,250,149,249,238,255,208,252,109,6,192,27,125,255,50,1,0,134,1,72,1,46,0,125,0,49,0,20,0,14,0,12,
0,26,6,220,250,149,249,238,255,208,252,109,6,61,29,37,33,50,1,0,136,1,58,0,246,0,119,0,49,0,22,0,13,0,11,
0,45,13,59,246,32,251,238,255,208,252,109,6,95,38,11,57,80,16,0,136,1,9,0,145,0,105,0,47,0,22,0,13,0,12,
0,34,21,32,242,163,253,238,255,208,252,109,6,64,6,125,66,214,21,0,136,0,180,0,133,0,93,0,46,0,20,0,14,0,13,
0,34,21,32,242,167,3,238,255,208,252,109,6,48,9,186,37,46,7,0,137,0,140,0,133,0,84,0,42,0,19,0,14,0,13,
0,167,26,202,240,167,3,33,0,27,253,92,6,48,9,186,37,46,7,0,138,0,138,0,133,0,78,0,41,0,21,0,16,0,15,
0,174,28,43,241,41,11,33,0,27,253,92,6,104,7,66,27,160,24,0,139,0,147,0,136,0,72,0,39,0,20,0,15,0,14,
0,186,28,117,242,132,15,33,0,27,253,92,6,154,7,97,18,20,14,0,142,0,156,0,135,0,67,0,36,0,18,0,14,0,13,
0,186,28,117,242,132,15,33,0,27,253,92,6,99,250,151,19,119,5,0,150,0,146,0,133,0,63,0,33,0,17,0,14,0,13,
0,142,27,111,243,230,14,33,0,27,253,92,6,99,250,151,21,64,222,0,166,0,136,0,132,0,59,0,30,0,16,0,12,0,11,
0,243,24,150,245,17,10,33,0,27,253,92,6,27,242,253,21,64,222,0,220,0,134,0,132,0,57,0,28,0,16,0,12,0,11,
0,150,19,189,249,242,3,33,0,27,253,92,6,64,226,106,250,12,203,1,26,0,134,0,132,0,53,0,25,0,12,0,11,0,10,
0,150,19,189,249,242,3,33,0,27,253,92,6,134,214,56,241,242,190,1,67,0,133,0,133,0,53,0,25,0,14,0,12,0,11,
0,194,11,109,254,53,255,33,0,27,253,92,6,218,236,58,235,249,194,1,76,0,134,0,136,0,53,0,26,0,15,0,12,0,10,
0,166,2,168,2,158,253,33,0,27,253,92,6,218,236,58,235,249,194,1,69,0,136,0,147,0,51,0,23,0,13,0,10,0,9,
0,224,249,168,6,3,254,28,0,79,253,245,5,167,6,62,230,45,193,1,68,0,139,1,95,0,72,0,25,0,13,0,11,0,10,
0,224,249,28,6,3,254,28,0,79,253,245,5,252,20,106,220,55,187,1,69,0,165,1,84,0,88,0,30,0,15,0,12,0,10,
0,121,242,10,7,114,255,28,0,79,253,245,5,18,20,228,211,7,176,0,225,1,29,1,83,0,98,0,33,0,15,0,11,0,9,
0,163,237,176,3,92,0,28,0,79,253,245,5,18,20,150,214,49,156,0,137,1,87,1,81,0,106,0,35,0,15,0,11,0,10,
0,163,237,176,3,238,255,28,0,79,253,245,5,94,13,150,214,49,156,0,136,1,73,1,80,0,113,0,38,0,16,0,12,0,11,
0,222,235,108,252,238,255,28,0,79,253,245,5,48,7,41,230,160,155,0,135,1,73,1,77,0,119,0,42,0,16,0,12,0,10,
0,215,237,238,242,185,254,28,0,79,253,245,5,28,8,95,248,246,151,0,136,1,77,1,72,0,124,0,46,0,18,0,13,0,11,
0,47,243,163,232,38,254,28,0,79,253,245,5,31,19,155,9,78,157,0,136,1,80,1,58,0,126,0,47,0,20,0,12,0,11,
0,47,243,163,232,38,254,28,0,79,253,245,5,31,19,155,9,207,157,0,137,1,78,1,48,0,126,0,49,0,21,0,13,0,12,
0,202,250,65,224,77,255,28,0,79,253,245,5,204,21,193,5,207,157,0,137,1,76,0,249,0,121,0,49,0,21,0,13,0,11,
0,103,2,209,218,159,1,178,0,67,253,79,6,3,8,44,6,229,163,0,137,1,75,0,181,0,111,0,50,0,23,0,14,0,12,
0,80,8,87,217,129,4,178,0,67,253,79,6,233,243,147,254,202,169,0,139,1,76,0,140,0,97,0,46,0,19,0,13,0,11,
0,80,8,87,217,129,4,178,0,67,253,79,6,233,243,147,244,181,182,0,140,1,76,0,133,0,87,0,44,0,19,0,13,0,11,
0,133,12,8,219,63,7,178,0,67,253,79,6,142,224,147,244,181,182,0,144,1,74,0,132,0,80,0,42,0,20,0,14,0,11,
0,93,15,208,222,109,8,178,0,67,253,79,6,240,206,199,241,17,189,0,151,1,70,0,133,0,73,0,39,0,19,0,14,0,11,
0,242,16,208,222,231,7,178,0,67,253,79,6,104,196,30,241,150,195,0,168,1,66,0,132,0,67,0,30,0,16,0,13,0,11,
0,242,16,158,228,231,7,178,0,67,253,79,6,15,191,124,242,217,202,0,189,1,62,0,132,0,63,0,29,0,15,0,12,0,11,
0,48,17,104,236,73,6,178,0,67,253,79,6,15,191,124,242,103,203,0,208,1,54,0,133,0,61,0,29,0,16,0,13,0,11,
0,33,16,230,245,172,4,178,0,67,253,79,6,212,188,202,240,103,203,0,220,1,45,0,134,0,58,0,27,0,15,0,12,0,11,
0,33,16,230,245,122,3,178,0,67,253,79,6,148,192,139,236,73,204,0,227,1,31,0,134,0,55,0,25,0,13,0,11,0,11,
0,178,13,68,0,122,3,178,0,67,253,79,6,201,199,201,233,145,201,0,232,1,15,0,135,0,54,0,25,0,14,0,12,0,11,
0,182,10,2,10,78,2,19,1,145,253,144,6,139,206,178,231,204,199,0,236,1,0,0,136,0,54,0,25,0,14,0,12,0,11,
0,203,7,10,18,131,1,19,1,145,253,144,6,139,206,178,231,204,199,0,239,0,239,0,137,0,51,0,23,0,12,0,11,0,10,
0,203,7,10,18,131,1,19,1,145,253,144,6,20,213,154,229,148,199,0,242,0,219,0,142,0,51,0,23,0,12,0,11,0,11,
0,235,4,39,23,6,1,19,1,145,253,144,6,197,221,114,227,230,196,0,243,0,200,0,156,0,54,0,24,0,15,0,12,0,11,
0,126,2,51,25,212,0,19,1,145,253,144,6,11,229,206,226,38,195,0,246,0,184,0,222,0,61,0,25,0,14,0,11,0,11,
0,170,0,187,24,232,0,19,1,145,253,144,6,11,229,207,229,207,192,0,249,0,172,1,91,0,79,0,27,0,13,0,11,0,11,
0,170,0,187,24,232,0,19,1,145,253,144,6,61,233,207,229,207,192,0,252,0,160,1,80,0,93,0,31,0,16,0,12,0,11,
0,162,255,120,22,164,0,19,1,145,253,144,6,80,237,235,233,5,193,0,255,0,154,1,79,0,104,0,36,0,15,0,12,0,11,
0,27,255,160,19,253,255,19,1,145,253,144,6,36,241,206,238,171,194,1,12,0,149,1,78,0,111,0,38,0,16,0,12,0,11,
0,141,255,160,19,52,255,19,1,145,253,144,6,205,244,209,243,198,192,1,81,0,145,1,77,0,117,0,42,0,17,0,13,0,12,
0,141,255,11,17,52,255,102,0,175,253,217,6,205,244,209,243,198,192,1,87,0,144,1,77,0,122,0,44,0,18,0,12,0,11,
0,136,0,119,15,123,254,102,0,175,253,217,6,185,247,224,248,182,193,1,84,0,143,1,76,0,127,0,47,0,20,0,13,0,11,
0,133,1,253,14,224,253,102,0,175,253,217,6,146,251,139,252,186,194,1,95,0,142,1,76,0,130,0,50,0,21,0,13,0,12,
0,133,1,253,14,1,253,102,0,175,253,217,6,174,0,119,255,114,198,1,72,0,140,1,75,0,132,0,51,0,20,0,13,0,11,
0,173,2,132,15,1,253,102,0,175,253,217,6,174,0,102,1,140,200,1,70,0,140,1,74,0,134,0,52,0,21,0,14,0,11,
0,211,3,146,16,220,251,102,0,175,253,217,6,204,5,102,1,140,200,1,69,0,138,1,72,0,136,0,59,0,24,0,14,0,12,
0,107,4,207,17,189,250,102,0,175,253,217,6,94,12,192,0,49,200,1,70,0,137,1,71,0,136,0,59,0,23,0,13,0,11,
0,107,4,207,17,189,250,102,0,175,253,217,6,20,20,100,255,72,200,1,71,0,136,1,68,0,137,0,59,0,24,0,14,0,11,
0,123,4,25,19,15,250,102,0,175,253,217,6,195,28,27,254,121,200,1,72,0,136,1,65,0,137,0,60,0,25,0,15,0,11,
0,28,4,59,20,250,249,102,0,175,253,217,6,195,28,27,254,192,201,1,72,0,136,1,60,0,137,0,59,0,27,0,15,0,12,
0,117,3,219,20,90,250,36,0,182,253,111,5,142,37,171,251,192,201,1,72,0,136,1,54,0,134,0,58,0,25,0,14,0,11,
0,117,3,219,20,90,250,36,0,182,253,111,5,178,44,143,249,179,202,1,72,0,136,1,46,0,134,0,58,0,24,0,15,0,11,
0,223,2,80,20,247,250,36,0,182,253,111,5,187,49,71,247,175,202,1,72,0,136,1,36,0,132,0,59,0,25,0,16,0,12,
0,34,2,25,18,187,251,36,0,182,253,111,5,187,49,183,244,126,202,1,72,0,136,1,23,0,128,0,60,0,26,0,15,0,11,
0,34,1,25,18,91,252,36,0,182,253,111,5,233,53,183,244,126,202,1,70,0,136,1,8,0,124,0,58,0,24,0,15,0,12,
0,72,1,165,14,91,252,36,0,182,253,111,5,216,54,32,241,119,197,1,70,0,137,0,245,0,119,0,56,0,26,0,15,0,11,
0,161,0,109,10,36,253,36,0,182,253,111,5,166,51,213,236,10,191,1,67,0,137,0,222,0,113,0,55,0,26,0,15,0,11,
0,39,0,203,5,211,253,36,0,182,253,111,5,168,45,139,232,134,187,1,65,0,138,0,197,0,105,0,52,0,23,0,15,0,12,
0,39,0,203,5,51,254,36,0,182,253,111,5,168,45,139,232,71,184,1,62,0,139,0,169,0,96,0,48,0,21,0,14,0,12,
0,148,255,146,1,51,254,36,0,182,253,111,5,201,40,71,229,71,184,1,56,0,139,0,148,0,88,0,46,0,24,0,15,0,12,
0,241,254,16,254,136,254,171,255,232,253,250,5,123,36,51,226,103,181,1,52,0,140,0,138,0,80,0,42,0,19,0,13,0,11,
0,97,254,127,251,175,254,171,255,232,253,250,5,41,32,61,224,101,178,1,47,0,139,0,134,0,73,0,40,0,19,0,13,0,12,
0,97,254,127,251,175,254,171,255,232,253,250,5,67,28,222,222,16,177,1,43,0,139,0,133,0,68,0,36,0,18,0,13,0,12,
0,171,253,191,249,191,254,171,255,232,253,250,5,67,28,222,222,16,177,1,40,0,140,0,133,0,63,0,34,0,17,0,13,0,11,
0,16,253,32,248,168,254,171,255,232,253,250,5,217,25,105,222,151,179,1,37,0,140,0,133,0,60,0,31,0,17,0,13,0,11,
0,144,252,101,246,135,254,171,255,232,253,250,5,184,24,21,223,203,180,1,37,0,141,0,134,0,57,0,29,0,14,0,11,0,11,
0,144,252,101,246,135,254,171,255,232,253,250,5,133,23,167,223,21,182,1,36,0,141,0,133,0,55,0,28,0,15,0,12,0,11,
0,18,252,199,244,116,254,171,255,232,253,250,5,133,23,26,225,142,183,1,37,0,142,0,133,0,54,0,27,0,14,0,12,0,11,
0,207,251,110,243,119,254,171,255,232,253,250,5,180,20,26,225,142,183,1,40,0,143,0,133,0,52,0,25,0,13,0,11,0,10,
0,207,251,110,243,123,254,171,255,232,253,250,5,133,16,127,226,0,186,1,43,0,144,0,133,0,50,0,23,0,12,0,11,0,10,
0,160,251,96,242,123,254,171,255,232,253,250,5,156,13,244,227,19,189,1,46,0,145,0,133,0,51,0,24,0,13,0,11,0,11,
0,143,251,116,241,120,254,236,255,220,253,179,6,134,10,95,229,198,187,1,49,0,145,0,132,0,49,0,23,0,13,0,11,0,10,
0,212,251,208,240,73,254,236,255,220,253,179,6,134,10,95,229,198,187,1,53,0,146,0,133,0,49,0,23,0,12,0,11,0,11,
0,212,251,208,240,22,254,236,255,220,253,179,6,77,7,182,230,111,187,1,56,0,147,0,134,0,47,0,22,0,12,0,11,0,11,
0,247,251,198,240,22,254,236,255,220,253,179,6,70,4,30,232,238,186,1,59,0,148,0,134,0,48,0,23,0,13,0,11,0,11,
0,230,251,76,241,196,253,236,255,220,253,179,6,191,1,218,233,176,187,1,61,0,149,0,135,0,48,0,22,0,11,0,11,0,10,
0,203,251,215,241,148,253,236,255,220,253,179,6,191,1,124,235,219,186,1,63,0,149,0,135,0,47,0,21,0,12,0,10,0,10,
0,203,251,215,241,148,253,236,255,220,253,179,6,195,255,124,235,219,186,1,63,0,150,0,135,0,48,0,22,0,12,0,11,0,11,
0,164,251,148,242,95,253,236,255,220,253,179,6,236,254,180,237,132,187,1,65,0,150,0,136,0,48,0,22,0,12,0,11,0,10,
0,116,251,142,243,18,253,236,255,220,253,179,6,89,253,54,240,25,187,1,65,0,150,0,136,0,48,0,22,0,12,0,11,0,11,
0,88,251,111,244,226,252,236,255,220,253,179,6,127,253,253,241,232,186,1,67,0,150,0,136,0,47,0,21,0,11,0,10,0,10,
0,88,251,111,244,226,252,132,0,130,253,238,5,127,253,253,241,245,185,1,66,0,148,0,137,0,48,0,22,0,12,0,10,0,10,
0,45,251,81,245,170,252,132,0,130,253,238,5,26,252,164,243,245,185,1,66,0,148,0,137,0,49,0,22,0,12,0,11,0,11,
0,218,250,49,246,123,252,132,0,130,253,238,5,245,249,147,244,15,182,1,67,0,147,0,138,0,48,0,22,0,11,0,11,0,11,
0,218,250,49,246,60,252,132,0,130,253,238,5,219,246,154,246,154,182,1,66,0,146,0,138,0,49,0,22,0,12,0,11,0,11,
0,170,250,31,247,60,252,132,0,130,253,238,5,219,246,150,248,222,184,1,66,0,145,0,139,0,49,0,22,0,11,0,11,0,11,
0,115,250,96,248,252,251,132,0,130,253,238,5,217,246,150,248,222,184,1,66,0,144,0,140,0,49,0,22,0,12,0,11,0,10,
0,88,250,171,249,164,251,132,0,130,253,238,5,255,246,165,249,193,180,1,65,0,144,0,141,0,49,0,22,0,12,0,11,0,11,
0,88,250,171,249,164,251,132,0,130,253,238,5,56,246,18,251,146,178,1,65,0,144,0,143,0,50,0,22,0,12,0,11,0,11,
0,8,250,19,251,104,251,132,0,130,253,238,5,129,245,243,252,250,178,1,65,0,144,0,145,0,50,0,23,0,14,0,11,0,11,
0,215,249,103,252,64,251,132,0,130,253,238,5,129,245,243,252,254,180,1,65,0,144,0,149,0,50,0,22,0,13,0,11,0,10,
0,234,249,129,253,25,251,100,0,165,253,252,5,197,247,66,254,254,180,1,63,0,144,0,155,0,52,0,22,0,13,0,11,0,10,
0,234,249,129,253,25,251,100,0,165,253,252,5,144,248,248,254,78,178,1,63,0,144,0,164,0,54,0,23,0,11,0,11,0,11,
0,13,250,130,254,24,251,100,0,165,253,252,5,72,248,192,255,109,175,1,63,0,144,0,178,0,57,0,23,0,14,0,11,0,11,
0,88,250,106,255,25,251,100,0,165,253,252,5,163,246,138,0,221,175,1,62,0,144,0,196,0,61,0,25,0,12,0,11,0,11,
0,138,250,57,0,13,251,100,0,165,253,252,5,163,246,138,0,221,175,1,62,0,145,0,217,0,66,0,25,0,14,0,11,0,11,
0,138,250,57,0,13,251,100,0,165,253,252,5,147,247,224,0,207,179,1,61,0,145,0,243,0,73,0,28,0,16,0,12,0,11,
0,202,250,14,1,19,251,100,0,165,253,252,5,202,248,50,0,92,178,1,60,0,146,1,19,0,82,0,30,0,16,0,12,0,12,
0,251,250,215,1,24,251,100,0,165,253,252,5,175,248,230,255,119,176,1,59,0,146,1,61,0,92,0,32,0,16,0,12,0,11,
0,251,250,215,1,20,251,100,0,165,253,252,5,175,248,9,0,118,178,1,58,0,147,1,80,0,103,0,36,0,16,0,12,0,11,
0,31,251,191,2,20,251,100,0,165,253,252,5,127,248,9,0,118,178,1,56,0,148,1,78,0,111,0,40,0,16,0,13,0,12,
0,104,251,119,3,0,251,82,0,73,253,236,5,235,249,109,0,192,182,1,55,0,148,1,74,0,117,0,42,0,17,0,12,0,11,
0,189,251,255,3,10,251,82,0,73,253,236,5,159,251,165,255,145,182,1,54,0,150,1,72,0,121,0,44,0,18,0,13,0,12,
0,189,251,255,3,10,251,82,0,73,253,236,5,225,252,177,255,250,182,1,52,0,151,1,69,0,125,0,47,0,19,0,13,0,11,
0,163,251,88,4,42,251,82,0,73,253,236,5,225,252,177,255,229,182,1,49,0,152,1,68,0,128,0,52,0,21,0,13,0,11,
0,152,251,152,4,80,251,82,0,73,253,236,5,189,253,241,254,229,182,1,47,0,154,1,66,0,130,0,53,0,22,0,14,0,12,
0,182,251,179,4,183,251,82,0,73,253,236,5,231,253,187,254,14,185,1,45,0,156,1,65,0,131,0,54,0,22,0,14,0,11,
0,182,251,179,4,183,251,82,0,73,253,236,5,241,254,35,254,134,186,1,43,0,159,1,63,0,133,0,55,0,25,0,15,0,12,
0,170,251,128,4,9,252,82,0,73,253,236,5,241,254,235,253,150,186,1,41,0,162,1,62,0,133,0,55,0,25,0,15,0,11,
0,180,251,71,4,54,252,82,0,73,253,236,5,98,253,235,253,150,186,1,40,0,164,1,57,0,133,0,56,0,25,0,15,0,12,
0,18,252,57,4,212,252,82,0,73,253,236,5,58,252,114,254,62,188,1,40,0,167,1,52,0,132,0,55,0,23,0,14,0,11,
0,18,252,57,4,212,252,82,0,73,253,236,5,200,248,112,0,35,191,1,41,0,169,1,46,0,132,0,56,0,23,0,15,0,11,
0,67,252,83,4,123,253,61,0,78,253,228,5,249,236,242,2,53,191,1,45,0,173,1,41,0,130,0,51,0,23,0,15,0,12,
0,148,252,112,4,12,255,61,0,78,253,228,5,249,236,242,2,139,186,1,42,0,179,1,37,0,128,0,54,0,22,0,14,0,12,
0,148,252,112,4,116,1,61,0,78,253,228,5,90,232,211,1,139,186,1,42,0,184,1,41,0,128,0,58,0,23,0,15,0,12,
0,136,253,149,4,116,1,61,0,78,253,228,5,24,234,66,0,67,187,1,40,0,192,1,45,0,128,0,59,0,24,0,15,0,11,
0,141,254,134,5,5,3,61,0,78,253,228,5,27,236,207,1,105,193,1,40,0,200,1,43,0,128,0,61,0,25,0,15,0,12,
0,137,255,37,7,89,3,61,0,78,253,228,5,252,238,131,1,59,191,1,40,0,205,1,45,0,127,0,59,0,25,0,15,0,12,
0,137,255,37,7,89,3,61,0,78,253,228,5,252,238,131,1,59,191,1,40,0,206,1,44,0,127,0,58,0,25,0,15,0,11,
0,90,0,109,8,104,3,61,0,78,253,228,5,14,240,243,255,110,190,1,43,0,205,1,44,0,127,0,57,0,25,0,15,0,11,
0,233,0,48,9,120,3,61,0,78,253,228,5,78,240,200,253,239,187,1,46,0,205,1,45,0,127,0,57,0,25,0,15,0,12,
0,105,1,82,9,107,3,61,0,78,253,228,5,167,241,73,253,50,189,1,47,0,207,1,46,0,127,0,57,0,24,0,15,0,11,
0,105,1,82,9,107,3,236,255,104,253,185,6,167,241,73,253,252,190,1,45,0,208,1,49,0,128,0,60,0,27,0,16,0,12,
0,162,1,93,9,19,3,236,255,104,253,185,6,99,242,117,252,252,190,1,42,0,210,1,55,0,129,0,58,0,27,0,15,0,12,
0,125,1,166,9,132,2,236,255,104,253,185,6,163,242,112,251,45,189,1,36,0,212,1,59,0,130,0,58,0,26,0,16,0,12,
0,236,0,245,9,118,1,236,255,104,253,185,6,157,244,17,251,236,188,1,30,0,215,1,61,0,131,0,57,0,25,0,15,0,12,
0,236,0,245,9,118,1,236,255,104,253,185,6,21,247,61,251,1,189,1,23,0,216,1,60,0,132,0,58,0,26,0,16,0,12,
0,30,0,45,10,81,0,236,255,104,253,185,6,21,247,61,251,1,189,1,16,0,218,1,59,0,132,0,57,0,26,0,16,0,12,
0,34,255,58,10,44,255,236,255,104,253,185,6,202,250,119,251,210,187,1,9,0,218,1,59,0,132,0,57,0,25,0,15,0,12,
0,34,255,58,10,21,254,236,255,104,253,185,6,117,254,155,251,50,185,1,2,0,218,1,59,0,132,0,57,0,24,0,15,0,12,
0,141,254,103,10,21,254,236,255,104,253,185,6,184,0,250,251,193,185,0,251,0,217,1,58,0,133,0,58,0,26,0,16,0,12,
0,72,254,122,10,85,253,236,255,104,253,185,6,184,0,11,252,208,186,0,244,0,216,1,59,0,133,0,57,0,25,0,15,0,12,
0,67,254,91,10,195,252,212,255,89,253,12,7,240,2,11,252,208,186,0,236,0,216,1,59,0,133,0,57,0,25,0,15,0,12,
0,67,254,91,10,195,252,212,255,89,253,12,7,171,5,209,251,179,188,0,228,0,217,1,60,0,134,0,57,0,25,0,15,0,12,
0,114,254,30,10,84,252,212,255,89,253,12,7,170,8,196,250,61,187,0,218,0,217,1,60,0,134,0,62,0,26,0,15,0,11,
0,156,254,140,9,254,251,212,255,89,253,12,7,251,8,164,249,105,183,0,208,0,216,1,60,0,134,0,61,0,27,0,16,0,12,
0,170,254,1,9,216,251,212,255,89,253,12,7,251,8,164,249,240,185,0,197,0,216,1,61,0,134,0,60,0,26,0,15,0,12,
0,170,254,1,9,216,251,212,255,89,253,12,7,202,8,144,249,240,185,0,187,0,216,1,61,0,135,0,61,0,27,0,16,0,12,
0,169,254,70,8,227,251,212,255,89,253,12,7,169,9,123,249,205,187,0,176,0,215,1,61,0,135,0,60,0,26,0,16,0,13,
0,220,254,139,7,11,252,212,255,89,253,12,7,240,11,52,248,25,187,0,166,0,215,1,60,0,134,0,59,0,25,0,15,0,12,
0,241,254,139,6,63,252,212,255,89,253,12,7,240,11,176,247,40,184,0,157,0,215,1,59,0,135,0,60,0,27,0,16,0,13,
0,241,254,228,6,63,252,212,255,89,253,12,7,205,11,176,247,40,184,0,150,0,215,1,59,0,135,0,59,0,26,0,15,0,12,
0,255,254,58,6,118,252,97,255,126,253,234,5,247,11,189,247,97,183,0,145,0,215,1,59,0,135,0,59,0,27,0,16,0,12,
0,35,255,184,5,153,252,97,255,126,253,234,5,10,12,243,247,197,185,0,141,0,215,1,59,0,134,0,59,0,26,0,16,0,12,
0,35,255,184,5,209,252,97,255,126,253,234,5,139,12,223,247,215,185,0,139,0,215,1,58,0,135,0,59,0,26,0,16,0,12,
0,72,255,42,5,209,252,97,255,126,253,234,5,139,12,223,247,241,184,0,138,0,216,1,59,0,134,0,58,0,25,0,15,0,11,
0,94,255,163,4,31,253,97,255,126,253,234,5,34,13,91,247,241,184,0,136,0,217,1,58,0,134,0,59,0,26,0,16,0,12,
0,104,255,86,4,64,253,97,255,126,253,234,5,160,12,163,247,253,184,0,136,0,217,1,57,0,134,0,58,0,26,0,16,0,12,
0,104,255,86,4,64,253,97,255,126,253,234,5,10,12,216,247,45,185,0,136,0,219,1,57,0,134,0,58,0,25,0,15,0,12,
0,154,255,36,4,109,253,97,255,126,253,234,5,162,11,68,248,107,185,0,136,0,220,1,55,0,134,0,58,0,26,0,16,0,12,
0,201,255,30,4,186,253,97,255,126,253,234,5,162,11,68,248,107,185,0,136,0,222,1,56,0,133,0,57,0,25,0,15,0,12,
0,254,255,20,4,221,253,97,255,126,253,234,5,115,11,169,248,106,186,0,136,0,223,1,55,0,133,0,58,0,25,0,16,0,12,
0,254,255,20,4,221,253,97,255,126,253,47,5,28,11,39,249,241,186,0,136,0,224,1,54,0,133,0,58,0,26,0,16,0,12,
0,25,0,230,3,1,254,114,255,82,253,47,5,67,11,147,249,103,189,0,136,0,225,1,53,0,133,0,57,0,26,0,16,0,12,
0,74,0,169,3,56,254,114,255,82,253,47,5,67,11,147,249,183,188,0,137,0,227,1,52,0,132,0,57,0,25,0,16,0,12,
0,151,0,169,3,110,254,114,255,82,253,47,5,80,11,105,249,183,188,0,137,0,230,1,52,0,132,0,57,0,24,0,15,0,11,
0,151,0,110,3,110,254,114,255,82,253,47,5,122,10,3,249,85,188,0,137,0,231,1,51,0,132,0,57,0,26,0,16,0,12,
0,252,0,55,3,150,254,114,255,82,253,47,5,24,9,0,249,187,187,0,137,0,232,1,49,0,131,0,57,0,25,0,16,0,12,
0,9,1,227,2,188,254,114,255,82,253,47,5,168,7,215,248,130,189,0,137,0,235,1,48,0,130,0,57,0,25,0,15,0,12,
0,9,1,227,2,205,254,114,255,82,253,47,5,168,7,215,248,130,189,0,137,0,236,1,47,0,131,0,57,0,24,0,15,0,12,
0,44,1,128,2,205,254,114,255,82,253,47,5,161,7,242,248,77,191,0,138,0,238,1,45,0,130,0,56,0,23,0,14,0,12,
0,79,1,58,2,224,254,114,255,82,253,47,5,219,8,56,248,236,190,0,138,0,239,1,43,0,129,0,56,0,24,0,15,0,12,
0,39,1,244,1,8,255,114,255,82,253,47,5,125,8,157,247,99,187,0,139,0,241,1,41,0,128,0,59,0,25,0,15,0,12,
0,39,1,244,1,8,255,101,255,123,253,191,5,125,8,195,247,12,190,0,139,0,242,1,38,0,127,0,58,0,25,0,15,0,12,
0,244,0,165,1,1,255,101,255,123,253,191,5,241,7,195,247,12,190,0,139,0,243,1,36,0,127,0,58,0,25,0,16,0,12,
0,156,0,70,1,12,255,101,255,123,253,191,5,53,8,213,247,126,190,0,140,0,244,1,34,0,125,0,56,0,24,0,15,0,12,
0,79,0,236,0,41,255,101,255,123,253,191,5,89,9,142,247,75,190,0,140,0,244,1,31,0,125,0,56,0,27,0,16,0,12,
0,79,0,236,0,41,255,101,255,123,253,191,5,226,9,108,247,229,188,0,140,0,244,1,28,0,124,0,55,0,26,0,16,0,12,
0,211,255,154,0,72,255,101,255,123,253,191,5,226,9,108,247,72,187,0,141,0,245,1,27,0,122,0,55,0,25,0,15,0,12,
0,119,255,53,0,93,255,101,255,123,253,191,5,176,8,14,247,72,187,0,141,0,245,1,24,0,121,0,53,0,24,0,14,0,11,
0,40,255,53,0,101,255,101,255,123,253,191,5,209,8,105,247,134,190,0,141,0,245,1,22,0,120,0,54,0,25,0,16,0,12,
0,40,255,156,255,101,255,101,255,123,253,191,5,79,10,253,246,165,189,0,141,0,245,1,20,0,119,0,53,0,24,0,15,0,11,
0,210,254,69,255,93,255,101,255,123,253,191,5,79,10,163,246,165,187,0,142,0,245,1,18,0,118,0,52,0,24,0,15,0,12,
0,154,254,9,255,62,255,115,255,97,253,86,6,113,10,163,246,165,187,0,142,0,246,1,17,0,117,0,52,0,23,0,14,0,12,
0,154,254,9,255,29,255,115,255,97,253,86,6,181,9,238,246,197,187,0,142,0,246,1,16,0,117,0,52,0,24,0,15,0,12,
0,71,254,230,254,29,255,115,255,97,253,86,6,9,10,34,247,30,187,0,144,0,247,1,16,0,116,0,51,0,23,0,14,0,11,
0,237,253,176,254,37,255,115,255,97,253,86,6,215,9,130,247,238,187,0,143,0,247,1,14,0,115,0,51,0,21,0,14,0,12,
0,165,253,131,254,45,255,115,255,97,253,86,6,215,9,130,247,76,188,0,144,0,248,1,14,0,115,0,50,0,22,0,14,0,12,
0,165,253,131,254,45,255,115,255,97,253,86,6,190,10,100,247,76,188,0,144,0,248,1,13,0,115,0,50,0,22,0,14,0,12,
0,108,253,109,254,48,255,115,255,97,253,86,6,18,11,148,247,129,187,0,144,0,249,1,13,0,114,0,50,0,22,0,14,0,12,
0,99,253,45,254,50,255,115,255,97,253,86,6,108,11,171,247,133,186,0,146,0,251,1,14,0,113,0,49,0,21,0,14,0,11,
0,73,253,5,254,73,255,115,255,97,253,86,6,180,10,230,247,162,186,0,146,0,251,1,13,0,113,0,49,0,21,0,14,0,11,
0,73,253,5,254,73,255,115,255,97,253,86,6,180,10,230,247,162,186,0,147,0,252,1,13,0,113,0,49,0,22,0,14,0,12,
0,255,252,213,253,100,255,110,255,123,253,87,5,7,11,237,247,171,187,0,148,0,253,1,13,0,112,0,49,0,21,0,14,0,12,
0,255,252,168,253,96,255,110,255,123,253,87,5,71,10,10,248,52,188,0,149,0,253,1,13,0,113,0,49,0,22,0,14,0,12,
0,255,252,168,253,84,255,110,255,123,253,87,5,75,11,179,247,203,188,0,150,0,254,1,13,0,112,0,48,0,21,0,14,0,11,
0,235,252,124,253,84,255,110,255,123,253,87,5,75,11,66,247,70,186,0,151,0,254,1,12,0,112,0,49,0,22,0,14,0,12,
0,213,252,58,253,125,255,110,255,123,253,87,5,10,11,66,247,70,186,0,152,0,254,1,12,0,112,0,48,0,21,0,14,0,12,
0,191,252,20,253,142,255,110,255,123,253,87,5,241,9,178,247,46,187,0,154,0,255,1,12,0,111,0,47,0,20,0,13,0,11,
0,191,252,20,253,166,255,110,255,123,253,87,5,71,10,219,247,143,188,0,155,0,255,1,11,0,112,0,48,0,21,0,14,0,12,
0,157,252,239,252,166,255,110,255,123,253,87,5,7,11,163,247,127,188,0,157,0,255,1,11,0,111,0,47,0,20,0,13,0,11,
0,135,252,213,252,186,255,110,255,123,253,87,5,7,11,163,247,127,186,0,159,0,255,1,10,0,111,0,48,0,22,0,14,0,12,
0,134,252,113,252,212,255,110,255,123,253,87,5,41,11,99,247,145,186,0,161,0,254,1,10,0,111,0,47,0,21,0,14,0,12,
0,134,252,113,252,212,255,168,255,70,253,140,6,5,10,184,247,72,186,0,164,0,254,1,9,0,111,0,47,0,21,0,14,0,12,
0,114,252,43,252,229,255,168,255,70,253,140,6,226,8,237,247,103,187,0,165,0,253,1,8,0,111,0,47,0,21,0,14,0,12,
0,82,252,15,252,205,255,168,255,70,253,140,6,226,8,20,248,175,189,0,168,0,253,1,8,0,110,0,47,0,20,0,13,0,11,
0,84,252,223,251,220,255,168,255,70,253,140,6,147,8,20,248,175,189,0,170,0,252,1,6,0,110,0,47,0,20,0,13,0,11,
0,84,252,223,251,220,255,168,255,70,253,140,6,210,9,207,247,254,187,0,172,0,251,1,4,0,110,0,47,0,21,0,14,0,12,
0,90,252,197,251,233,255,168,255,70,253,140,6,138,8,52,247,21,185,0,175,0,251,1,4,0,109,0,47,0,20,0,13,0,11,
0,81,252,216,251,238,255,168,255,70,253,140,6,175,6,224,247,92,186,0,177,0,250,1,3,0,109,0,47,0,20,0,13,0,11,
0,81,252,216,251,233,255,168,255,70,253,140,6,175,6,224,247,66,189,0,179,0,250,1,1,0,109,0,47,0,21,0,14,0,12,
0,19,252,219,251,233,255,168,255,70,253,140,6,21,7,40,248,66,189,0,181,0,250,1,1,0,107,0,41,0,19,0,14,0,12,
0,2,252,199,251,241,255,168,255,70,253,140,6,46,8,24,248,143,187,0,183,0,250,0,255,0,107,0,42,0,22,0,14,0,12,
0,34,252,188,251,248,255,168,255,70,253,140,6,16,7,217,247,9,185,0,185,0,250,0,254,0,106,0,43,0,20,0,14,0,11,
0,34,252,188,251,246,255,109,255,82,253,105,6,16,6,56,248,237,185,0,186,0,250,0,252,0,106,0,44,0,21,0,14,0,12,
0,51,252,208,251,246,255,109,255,82,253,105,6,58,6,56,248,237,185,0,187,0,251,0,251,0,105,0,43,0,20,0,13,0,11,
0,223,251,208,251,235,255,109,255,82,253,105,6,51,5,198,248,146,186,0,188,0,251,0,248,0,104,0,44,0,21,0,14,0,12,
0,202,251,209,251,243,255,109,255,82,253,105,6,61,5,190,248,5,188,0,189,0,251,0,246,0,104,0,44,0,20,0,14,0,12,
0,202,251,209,251,243,255,109,255,82,253,105,6,66,5,82,248,221,186,0,189,0,252,0,244,0,103,0,43,0,20,0,13,0,11,
0,235,251,197,251,7,0,109,255,82,253,105,6,66,5,82,248,27,185,0,190,0,252,0,241,0,102,0,43,0,20,0,13,0,11,
0,222,251,169,251,254,255,109,255,82,253,105,6,201,4,85,248,27,185,0,189,0,253,0,238,0,101,0,43,0,18,0,13,0,11,
0,192,251,190,251,236,255,109,255,82,253,105,6,92,3,43,248,99,186,0,190,0,253,0,235,0,100,0,43,0,18,0,13,0,11,
0,192,251,190,251,236,255,109,255,82,253,105,6,234,3,59,248,43,187,0,189,0,253,0,232,0,98,0,43,0,19,0,13,0,11,
0,153,251,221,251,255,255,109,255,82,253,105,6,187,2,78,248,15,186,0,190,0,254,0,229,0,97,0,42,0,18,0,13,0,11,
0,151,251,215,251,240,255,231,255,65,253,24,6,187,2,78,248,15,186,0,190,0,255,0,226,0,95,0,41,0,18,0,12,0,11,
0,151,251,215,251,207,255,231,255,65,253,24,6,120,2,168,248,243,186,0,189,0,255,0,223,0,95,0,41,0,21,0,14,0,11,
0,144,251,218,251,207,255,231,255,65,253,24,6,78,2,4,249,61,187,0,190,0,255,0,220,0,93,0,41,0,19,0,13,0,11,
0,163,251,208,251,222,255,231,255,65,253,24,6,126,2,68,249,175,188,0,190,0,255,0,217,0,92,0,40,0,20,0,14,0,12,
0,182,251,205,251,209,255,231,255,65,253,24,6,126,2,1,249,227,186,0,190,1,0,0,215,0,90,0,39,0,18,0,13,0,11,
0,182,251,205,251,218,255,231,255,65,253,24,6,7,3,1,249,227,186,0,190,1,0,0,212,0,89,0,39,0,19,0,14,0,11,
0,185,251,225,251,218,255,231,255,65,253,24,6,230,1,155,248,254,184,0,190,1,0,0,210,0,87,0,38,0,18,0,13,0,11,
0,179,251,243,251,218,255,231,255,65,253,24,6,224,0,18,249,152,185,0,189,1,0,0,208,0,87,0,38,0,19,0,13,0,11,
0,132,251,32,252,202,255,231,255,65,253,24,6,91,0,35,249,103,186,0,190,1,1,0,206,0,86,0,38,0,16,0,13,0,11,
0,132,251,32,252,202,255,231,255,65,253,24,6,91,0,35,249,201,186,0,189,1,2,0,205,0,85,0,41,0,17,0,12,0,11,
0,145,251,40,252,189,255,186,255,28,253,252,5,95,0,30,249,201,186,0,189,1,2,0,203,0,84,0,40,0,17,0,12,0,11,
0,171,251,93,252,157,255,186,255,28,253,252,5,90,0,224,248,40,187,0,190,1,3,0,203,0,82,0,38,0,16,0,11,0,10,
0,197,251,145,252,190,255,186,255,28,253,252,5,154,0,100,249,222,186,0,189,1,4,0,201,0,82,0,38,0,17,0,12,0,11,
0,197,251,145,252,190,255,186,255,28,253,252,5,154,0,68,249,66,186,0,190,1,4,0,201,0,81,0,37,0,17,0,12,0,11,
0,191,251,217,252,202,255,186,255,28,253,252,5,236,0,68,249,66,186,0,190,1,6,0,201,0,81,0,36,0,17,0,13,0,11,
0,166,251,249,252,220,255,186,255,28,253,252,5,119,0,89,249,128,186,0,191,1,6,0,200,0,80,0,35,0,16,0,12,0,11,
0,166,251,249,252,202,255,186,255,28,253,252,5,48,0,116,249,36,185,0,191,1,8,0,201,0,80,0,34,0,16,0,12,0,11,
0,166,251,23,253,202,255,186,255,28,253,252,5,83,255,187,249,86,186,0,191,1,8,0,200,0,80,0,35,0,17,0,12,0,11,
0,185,251,85,253,190,255,186,255,28,253,252,5,83,255,187,249,104,188,0,192,1,8,0,200,0,79,0,34,0,16,0,12,0,11,
0,183,251,137,253,176,255,186,255,28,253,252,5,193,255,181,249,104,188,0,192,1,9,0,200,0,79,0,34,0,16,0,12,0,11,
0,183,251,137,253,176,255,181,255,43,253,170,5,164,0,131,249,179,186,0,192,1,9,0,201,0,79,0,34,0,16,0,12,0,11,
0,171,251,162,253,169,255,181,255,43,253,170,5,201,255,31,249,206,185,0,192,1,10,0,201,0,78,0,33,0,15,0,12,0,11,
0,171,251,199,253,155,255,181,255,43,253,170,5,81,255,112,249,30,185,0,192,1,11,0,201,0,79,0,33,0,15,0,11,0,10,
0,216,251,244,253,177,255,181,255,43,253,170,5,81,255,112,249,30,185,0,192,1,11,0,202,0,79,0,33,0,16,0,12,0,11,
0,216,251,244,253,177,255,181,255,43,253,170,5,211,254,74,250,176,187,0,192,1,11,0,203,0,79,0,33,0,16,0,12,0,11,
0,202,251,39,254,156,255,181,255,43,253,170,5,160,0,29,250,247,187,0,192,1,11,0,203,0,79,0,33,0,16,0,12,0,11,
0,204,251,64,254,117,255,181,255,43,253,170,5,223,0,11,250,177,185,0,192,1,12,0,204,0,79,0,33,0,15,0,12,0,11,
0,213,251,98,254,123,255,181,255,43,253,170,5,223,0,11,249,96,184,0,192,1,12,0,205,0,80,0,33,0,16,0,12,0,11,
0,213,251,98,254,123,255,181,255,43,253,170,5,117,0,249,249,96,184,0,192,1,12,0,206,0,80,0,34,0,16,0,12,0,11,
0,187,251,161,254,150,255,181,255,43,253,170,5,125,255,208,250,150,186,0,192,1,12,0,208,0,80,0,33,0,17,0,12,0,11,
0,174,251,193,254,168,255,181,255,43,253,170,5,169,0,186,250,196,188,0,191,1,12,0,209,0,81,0,34,0,17,0,12,0,11,
0,174,251,193,254,144,255,226,255,0,253,95,6,162,0,101,250,24,187,0,192,1,12,0,211,0,81,0,33,0,17,0,12,0,11,
0,202,251,220,254,144,255,226,255,0,253,95,6,162,0,101,250,24,187,0,191,1,12,0,212,0,82,0,34,0,17,0,13,0,11,
0,243,251,255,254,135,255,226,255,0,253,95,6,64,0,125,250,61,185,0,191,1,12,0,213,0,83,0,34,0,17,0,12,0,11,
0,39,252,53,255,122,255,226,255,0,253,95,6,171,255,98,250,111,185,0,191,1,13,0,215,0,83,0,34,0,16,0,12,0,11,
0,39,252,53,255,122,255,226,255,0,253,95,6,5,0,127,250,169,186,0,192,1,13,0,217,0,83,0,34,0,16,0,12,0,11,
0,27,252,117,255,131,255,226,255,0,253,95,6,5,0,86,250,51,187,0,192,1,12,0,218,0,84,0,35,0,17,0,13,0,11,
0,54,252,162,255,114,255,226,255,0,253,95,6,154,0,86,250,51,187,0,192,1,13,0,219,0,85,0,34,0,16,0,12,0,11,
0,74,252,185,255,95,255,226,255,0,253,95,6,82,1,81,250,35,186,0,192,1,13,0,220,0,86,0,35,0,17,0,12,0,11,
0,74,252,185,255,95,255,226,255,0,253,95,6,61,1,66,250,88,186,0,192,1,13,0,222,0,86,0,35,0,16,0,12,0,11,
0,60,252,199,255,81,255,226,255,0,253,95,6,238,0,147,250,23,187,0,192,1,13,0,222,0,87,0,36,0,17,0,13,0,11,
0,84,252,199,255,56,255,204,255,25,253,148,6,238,0,147,250,248,186,0,192,1,13,0,223,0,87,0,35,0,17,0,12,0,11,
0,155,252,221,255,75,255,204,255,25,253,148,6,111,1,155,250,248,186,0,192,1,12,0,223,0,87,0,36,0,17,0,12,0,11,
0,155,252,221,255,75,255,204,255,25,253,148,6,52,1,112,250,0,187,0,193,1,12,0,225,0,88,0,36,0,16,0,13,0,11,
0,198,252,222,255,93,255,204,255,25,253,148,6,170,1,99,250,168,188,0,192,1,11,0,225,0,88,0,36,0,16,0,12,0,11,
0,177,252,182,255,95,255,204,255,25,253,148,6,170,1,163,249,123,187,0,192,1,11,0,225,0,89,0,37,0,16,0,12,0,11,
0,177,252,182,255,62,255,204,255,25,253,148,6,152,2,163,249,123,187,0,192,1,10,0,225,0,89,0,37,0,17,0,13,0,11,
0,172,252,189,255,62,255,204,255,25,253,148,6,156,1,85,249,51,186,0,192,1,10,0,225,0,89,0,37,0,16,0,12,0,11,
0,163,252,200,255,41,255,204,255,25,253,148,6,14,1,190,249,25,187,0,192,1,9,0,225,0,89,0,37,0,17,0,13,0,11,
0,156,252,253,255,53,255,204,255,25,253,148,6,47,2,226,249,50,189,0,191,1,8,0,225,0,89,0,38,0,17,0,12,0,11,
0,156,252,253,255,53,255,204,255,25,253,148,6,47,2,226,249,93,189,0,191,1,8,0,225,0,90,0,37,0,17,0,12,0,11,
0,172,252,238,255,55,255,54,0,157,252,162,6,78,3,171,249,93,189,0,191,1,8,0,225,0,90,0,38,0,17,0,13,0,11,
0,161,252,208,255,44,255,54,0,157,252,162,6,40,3,63,249,35,188,0,191,1,7,0,225,0,90,0,38,0,16,0,12,0,11,
0,186,252,188,255,57,255,54,0,157,252,162,6,134,3,6,249,193,186,0,191,1,6,0,225,0,90,0,38,0,17,0,13,0,11,
0,186,252,188,255,57,255,54,0,157,252,162,6,157,2,28,249,135,187,0,191,1,6,0,225,0,89,0,37,0,16,0,12,0,11,
0,208,252,159,255,44,255,54,0,157,252,162,6,157,2,28,249,135,187,0,191,1,4,0,225,0,90,0,38,0,17,0,13,0,11,
0,203,252,139,255,43,255,54,0,157,252,162,6,71,3,53,249,243,189,0,191,1,4,0,225,0,89,0,37,0,17,0,12,0,11,
0,212,252,135,255,49,255,54,0,157,252,162,6,215,3,176,248,147,189,0,191,1,3,0,224,0,90,0,38,0,17,0,12,0,11,
0,212,252,135,255,49,255,54,0,157,252,162,6,144,3,85,248,206,187,0,191,1,2,0,224,0,90,0,38,0,17,0,13,0,11,
0,212,252,106,255,38,255,54,0,157,252,162,6,144,3,85,248,47,188,0,191,1,2,0,224,0,90,0,37,0,17,0,13,0,11,
0,199,252,86,255,39,255,54,0,157,252,162,6,117,3,128,248,47,188,0,192,1,1,0,223,0,89,0,37,0,18,0,12,0,11,
0,199,252,86,255,55,255,6,0,214,252,72,6,63,3,141,248,89,188,0,191,1,0,0,223,0,90,0,38,0,19,0,13,0,11,
0,212,252,90,255,55,255,6,0,214,252,72,6,28,4,92,248,92,189,0,192,0,255,0,222,0,89,0,38,0,18,0,12,0,11,
0,200,252,86,255,62,255,6,0,214,252,72,6,80,4,79,248,120,188,0,192,0,254,0,222,0,89,0,38,0,19,0,13,0,11,
0,192,252,43,255,39,255,6,0,214,252,72,6,80,4,79,248,120,188,0,192,0,254,0,221,0,88,0,37,0,18,0,12,0,11,
0,192,252,43,255,39,255,6,0,214,252,72,6,162,3,171,248,11,189,0,191,0,252,0,220,0,89,0,38,0,18,0,13,0,11,
0,175,252,23,255,40,255,6,0,214,252,72,6,212,4,19,248,28,190,0,192,0,251,0,219,0,88,0,37,0,17,0,12,0,11,
0,161,252,241,254,68,255,6,0,214,252,72,6,7,5,174,247,97,188,0,192,0,249,0,218,0,88,0,37,0,17,0,12,0,11,
0,134,252,195,254,78,255,6,0,214,252,72,6,7,5,171,247,205,186,0,191,0,248,0,217,0,88,0,38,0,18,0,13,0,11,
0,134,252,195,254,78,255,6,0,214,252,72,6,69,4,171,247,205,186,0,191,0,247,0,217,0,87,0,37,0,17,0,13,0,11,
0,149,252,177,254,44,255,6,0,214,252,72,6,81,3,11,248,87,188,0,171,1,8,0,232,0,89,0,37,0,16,0,12,0,11,
0,173,252,119,254,31,255,6,0,214,252,72,6,242,250,251,212,62,185,0,133,1,29,0,245,0,90,0,37,0,17,0,12,0,10,
0,5,253,119,254,245,254,217,255,199,252,102,6,47,17,77,250,139,217,1,51,1,59,1,71,0,104,0,40,0,18,0,13,0,11,
0,5,253,47,254,245,254,217,255,199,252,102,6,47,17,77,250,26,214,1,37,1,81,1,88,0,111,0,42,0,20,0,12,0,10,
0,229,254,148,253,75,254,217,255,199,252,102,6,62,32,150,235,26,214,0,135,1,80,1,87,0,115,0,41,0,15,0,11,0,10,
0,88,1,251,252,181,253,217,255,199,252,102,6,56,27,6,222,123,205,0,133,1,80,1,78,0,123,0,47,0,20,0,14,0,13,
0,88,1,251,252,178,253,217,255,199,252,102,6,52,6,22,49,70,38,0,135,1,78,1,72,0,129,0,46,0,22,0,15,0,13,
0,53,5,216,250,178,253,217,255,199,252,102,6,52,6,6,71,170,36,0,136,1,63,0,241,0,120,0,46,0,22,0,14,0,13,
0,64,14,26,245,149,254,217,255,199,252,102,6,149,19,6,71,170,36,0,138,1,10,0,139,0,104,0,42,0,17,0,13,0,14,
0,207,23,144,240,33,4,217,255,199,252,102,6,181,25,195,91,238,21,0,139,0,189,0,133,0,92,0,43,0,19,0,14,0,13,
0,207,23,144,240,33,4,217,255,199,252,102,6,172,13,245,70,51,14,0,141,0,144,0,133,0,85,0,42,0,19,0,13,0,11,
0,70,29,195,239,30,13,217,255,199,252,102,6,218,1,245,38,84,35,0,141,0,144,0,134,0,78,0,40,0,20,0,14,0,14,
0,108,31,116,239,53,20,7,0,82,253,204,5,218,1,245,38,159,18,0,141,0,169,0,136,0,71,0,36,0,18,0,13,0,14,
0,171,31,228,238,166,21,7,0,82,253,204,5,136,4,8,24,159,18,0,142,0,185,0,136,0,67,0,34,0,17,0,14,0,13,
0,171,31,228,238,166,21,7,0,82,253,204,5,84,249,161,29,48,250,0,143,0,164,0,133,0,63,0,32,0,16,0,13,0,11,
0,12,31,115,241,118,17,7,0,82,253,204,5,251,223,100,42,130,224,0,149,0,136,0,132,0,58,0,29,0,14,0,11,0,11,
0,107,27,188,247,108,10,7,0,82,253,204,5,32,218,19,250,58,182,0,162,0,133,0,132,0,53,0,25,0,11,0,10,0,10,
0,237,18,188,253,136,3,7,0,82,253,204,5,32,218,19,250,58,182,0,203,0,133,0,132,0,52,0,24,0,12,0,10,0,9,
0,237,18,165,253,136,3,7,0,82,253,204,5,236,215,201,242,102,186,0,196,0,133,0,133,0,55,0,28,0,18,0,14,0,12,
0,49,8,111,2,171,255,7,0,82,253,204,5,72,240,102,237,123,187,0,225,0,134,0,136,0,52,0,25,0,14,0,12,0,12,
0,50,253,196,7,78,254,7,0,82,253,204,5,98,250,6,229,23,185,0,241,0,134,1,6,0,62,0,23,0,10,0,10,0,11,
0,50,253,196,7,155,253,7,0,82,253,204,5,98,250,232,226,139,178,0,242,0,136,1,86,0,81,0,29,0,16,0,12,0,11,
0,217,243,189,12,155,253,251,255,76,253,218,5,184,253,232,226,139,178,0,234,0,142,1,84,0,96,0,34,0,18,0,13,0,11,
0,74,238,92,14,62,252,251,255,76,253,218,5,239,2,149,236,12,180,0,220,0,197,1,83,0,103,0,33,0,14,0,10,0,10,
0,24,237,40,11,129,250,251,255,76,253,218,5,167,9,61,245,67,179,0,207,1,88,1,82,0,109,0,36,0,15,0,11,0,11,
0,24,237,40,11,129,250,251,255,76,253,218,5,92,15,219,250,96,178,0,191,1,87,1,79,0,119,0,43,0,18,0,14,0,11,
0,109,240,165,3,42,249,251,255,76,253,218,5,92,15,219,250,96,172,0,175,1,79,1,71,0,122,0,44,0,17,0,12,0,10,
0,107,247,92,250,244,248,251,255,76,253,218,5,243,18,226,248,246,172,0,163,1,76,1,50,0,121,0,43,0,17,0,11,0,10,
0,211,0,158,241,71,250,251,255,76,253,218,5,88,13,56,251,9,170,0,155,1,73,1,14,0,120,0,51,0,19,0,12,0,11,
0,211,0,158,241,71,250,251,255,76,253,218,5,169,8,171,235,135,163,0,152,1,70,0,198,0,111,0,50,0,20,0,12,0,10,
0,194,10,75,235,183,253,251,255,76,253,218,5,169,8,180,229,202,166,0,149,1,67,0,138,0,98,0,47,0,20,0,12,0,10,
0,195,18,223,232,107,2,251,255,76,253,218,5,248,0,180,229,202,166,0,150,1,63,0,133,0,87,0,44,0,18,0,12,0,11,
0,189,23,223,232,233,6,209,0,110,253,61,6,106,247,226,224,130,179,0,151,1,62,0,133,0,80,0,42,0,20,0,13,0,11,
0,189,23,141,233,233,6,209,0,110,253,61,6,107,241,250,219,247,194,0,154,1,61,0,133,0,74,0,40,0,19,0,13,0,10,
0,26,26,49,236,171,9,209,0,110,253,61,6,170,235,74,214,163,205,0,160,1,55,0,133,0,68,0,36,0,18,0,13,0,11,
0,191,25,252,239,160,9,209,0,110,253,61,6,170,235,74,214,191,216,0,166,1,44,0,133,0,63,0,33,0,17,0,13,0,11,
0,191,25,252,239,170,7,209,0,110,253,61,6,117,232,210,220,191,216,0,173,1,34,0,134,0,60,0,31,0,16,0,12,0,10,
0,151,23,235,244,170,7,209,0,110,253,61,6,215,227,123,227,102,220,0,178,1,22,0,134,0,59,0,31,0,17,0,13,0,11,
0,15,20,227,250,25,5,209,0,110,253,61,6,87,230,182,230,184,222,0,183,1,11,0,135,0,56,0,28,0,15,0,12,0,12,
0,130,15,93,1,46,3,209,0,110,253,61,6,142,239,118,229,154,217,0,187,0,255,0,136,0,53,0,25,0,13,0,11,0,11,
0,130,15,93,1,46,3,209,0,110,253,61,6,142,239,118,229,154,217,0,191,0,243,0,139,0,54,0,26,0,15,0,12,0,11,
0,148,10,99,7,2,2,209,0,110,253,61,6,245,246,139,232,87,207,0,196,0,235,0,147,0,54,0,25,0,16,0,12,0,11,
0,189,6,11,12,87,1,209,0,110,253,61,6,162,253,85,235,206,202,0,200,0,230,0,165,0,55,0,24,0,12,0,11,0,11,
0,31,4,174,14,4,1,68,0,219,253,126,6,192,4,175,236,177,201,0,207,0,226,0,193,0,59,0,24,0,12,0,11,0,11,
0,31,4,174,14,4,1,68,0,219,253,126,6,192,4,175,236,117,200,0,214,0,226,0,220,0,66,0,27,0,16,0,12,0,11,
0,190,2,107,14,3,1,68,0,219,253,126,6,154,10,23,238,117,200,0,222,0,226,0,241,0,73,0,28,0,16,0,12,0,11,
0,164,2,69,11,67,1,68,0,219,253,126,6,4,15,62,238,200,198,0,235,0,228,1,3,0,78,0,28,0,11,0,10,0,11,
0,164,3,69,11,159,1,68,0,219,253,126,6,109,16,122,241,248,199,0,249,0,230,1,16,0,86,0,31,0,16,0,12,0,11,
0,83,3,133,6,159,1,68,0,219,253,126,6,86,16,50,243,178,201,1,10,0,230,1,29,0,94,0,35,0,18,0,13,0,11,
0,128,4,76,1,193,1,68,0,219,253,126,6,86,16,50,243,178,201,1,32,0,232,1,43,0,99,0,35,0,14,0,11,0,11,
0,249,5,177,252,93,1,68,0,219,253,126,6,99,13,57,243,239,201,1,59,0,234,1,55,0,106,0,38,0,18,0,13,0,12,
0,249,5,177,252,44,1,68,0,219,253,126,6,245,8,184,243,30,203,1,72,0,238,1,61,0,113,0,42,0,19,0,13,0,11,
0,29,7,109,249,44,1,68,0,219,253,126,6,159,6,251,241,255,202,1,75,0,240,1,61,0,117,0,44,0,19,0,13,0,11,
0,216,7,229,247,6,1,94,0,239,253,176,6,159,6,27,241,183,201,1,67,0,241,1,61,0,120,0,45,0,20,0,13,0,12,
0,215,7,79,248,224,0,94,0,239,253,176,6,248,6,27,241,183,201,1,64,0,241,1,62,0,123,0,48,0,21,0,14,0,12,
0,215,7,79,248,224,0,94,0,239,253,176,6,236,6,198,238,184,200,1,65,0,239,1,63,0,127,0,50,0,23,0,14,0,12,
0,35,7,241,249,192,0,94,0,239,253,176,6,156,7,146,237,214,200,1,91,0,238,1,61,0,128,0,54,0,22,0,14,0,11,
0,237,5,26,252,159,0,94,0,239,253,176,6,98,9,214,236,2,203,1,93,0,235,1,62,0,129,0,54,0,22,0,14,0,12,
0,105,4,37,254,164,0,94,0,239,253,176,6,98,9,214,236,114,203,1,76,0,232,1,60,0,131,0,55,0,24,0,15,0,12,
0,105,4,37,254,164,0,94,0,239,253,176,6,58,13,77,234,114,203,1,74,0,230,1,61,0,132,0,56,0,25,0,15,0,12,
0,240,2,192,255,225,0,94,0,239,253,176,6,206,15,217,232,8,199,1,73,0,228,1,61,0,133,0,56,0,25,0,15,0,12,
0,129,1,47,1,89,1,94,0,239,253,176,6,26,14,223,231,157,197,1,72,0,228,1,61,0,132,0,55,0,23,0,14,0,11,
0,129,0,47,1,226,1,94,0,239,253,176,6,26,14,114,230,107,201,1,71,0,226,1,61,0,133,0,56,0,25,0,14,0,11,
0,98,0,16,2,226,1,80,0,1,254,149,6,159,13,114,230,107,201,1,70,0,227,1,61,0,135,0,58,0,26,0,16,0,12,
0,187,255,13,2,103,2,80,0,1,254,149,6,251,12,112,228,119,198,1,69,0,230,1,61,0,135,0,57,0,25,0,15,0,12,
0,144,255,100,1,222,2,80,0,1,254,149,6,98,12,232,225,154,194,1,68,0,232,1,60,0,134,0,57,0,25,0,15,0,12,
0,144,255,100,1,35,3,80,0,1,254,149,6,16,10,136,226,239,194,1,68,0,233,1,58,0,134,0,58,0,25,0,15,0,11,
0,138,255,30,0,35,3,80,0,1,254,149,6,16,10,136,226,250,195,1,66,0,233,1,55,0,134,0,58,0,26,0,16,0,11,
0,182,255,194,254,67,3,80,0,1,254,149,6,61,10,204,226,250,195,1,65,0,231,1,50,0,133,0,58,0,25,0,15,0,12,
0,252,255,112,253,101,3,80,0,1,254,149,6,35,9,42,225,45,193,1,66,0,229,1,44,0,132,0,57,0,23,0,15,0,12,
0,252,255,112,253,101,3,80,0,1,254,149,6,173,6,28,224,30,192,1,65,0,224,1,35,0,131,0,58,0,25,0,16,0,12,
0,42,0,77,252,85,3,80,0,1,254,149,6,242,4,123,223,158,194,1,65,0,220,1,24,0,127,0,57,0,26,0,15,0,12,
0,3,0,60,251,45,3,80,0,1,254,149,6,242,4,123,223,158,194,1,65,0,213,1,9,0,123,0,55,0,22,0,14,0,11,
0,154,255,21,250,202,2,140,0,30,254,148,6,138,4,194,222,31,196,1,64,0,205,0,247,0,119,0,55,0,26,0,16,0,12,
0,154,255,21,250,202,2,140,0,30,254,148,6,248,3,48,222,168,194,1,64,0,197,0,226,0,114,0,54,0,24,0,16,0,12,
0,251,254,137,249,117,2,140,0,30,254,148,6,55,3,213,220,163,193,1,63,0,186,0,202,0,106,0,51,0,23,0,14,0,12,
0,86,254,10,249,19,2,140,0,30,254,148,6,55,3,249,220,153,192,1,63,0,177,0,179,0,98,0,47,0,23,0,14,0,11,
0,86,254,10,249,159,1,140,0,30,254,148,6,42,3,249,220,153,192,1,63,0,167,0,157,0,90,0,46,0,22,0,14,0,11,
0,172,253,144,248,159,1,140,0,30,254,148,6,173,2,237,222,35,193,1,62,0,157,0,145,0,83,0,43,0,22,0,14,0,11,
0,227,252,252,247,59,1,140,0,30,254,148,6,202,3,174,224,42,190,1,63,0,151,0,139,0,75,0,40,0,18,0,13,0,11,
0,54,252,176,247,209,0,140,0,30,254,148,6,182,1,7,226,210,185,1,62,0,147,0,136,0,69,0,36,0,17,0,12,0,11,
0,54,252,176,247,209,0,140,0,30,254,148,6,182,1,7,226,210,185,1,61,0,143,0,135,0,66,0,35,0,17,0,13,0,11,
0,176,251,177,247,140,0,140,0,30,254,148,6,231,253,210,227,76,184,1,61,0,141,0,134,0,61,0,31,0,16,0,12,0,10,
0,254,250,172,247,56,0,140,0,194,253,52,7,115,252,202,229,114,184,1,60,0,139,0,134,0,59,0,29,0,15,0,12,0,11,
0,114,250,28,248,217,255,206,0,194,253,52,7,171,251,41,231,153,182,1,60,0,138,0,134,0,56,0,28,0,14,0,12,0,11,
0,114,250,28,248,217,255,206,0,194,253,52,7,171,251,218,232,123,179,1,58,0,138,0,134,0,55,0,27,0,14,0,12,0,11,
0,29,250,180,248,103,255,206,0,194,253,52,7,43,252,218,232,123,179,1,58,0,138,0,134,0,52,0,25,0,12,0,11,0,10,
0,243,249,90,249,221,254,206,0,194,253,52,7,184,250,199,234,98,176,1,57,0,137,0,134,0,52,0,24,0,13,0,11,0,11,
0,212,249,15,250,59,254,206,0,194,253,52,7,200,249,12,237,1,177,1,57,0,137,0,133,0,51,0,24,0,13,0,11,0,11,
0,212,249,15,250,59,254,206,0,194,253,52,7,86,249,159,239,204,179,1,57,0,137,0,134,0,49,0,23,0,12,0,11,0,10,
0,209,249,169,250,210,253,206,0,194,253,52,7,86,249,159,239,145,176,1,56,0,137,0,133,0,49,0,22,0,11,0,11,0,11,
0,224,249,73,251,133,253,206,0,194,253,52,7,60,251,125,240,145,176,1,55,0,137,0,132,0,48,0,22,0,12,0,11,0,11,
0,224,249,73,251,121,253,206,0,194,253,52,7,250,248,13,243,224,173,1,55,0,137,0,134,0,48,0,22,0,12,0,11,0,10,
0,0,250,251,251,121,253,206,0,194,253,52,7,218,248,18,246,230,180,1,54,0,137,0,134,0,48,0,22,0,12,0,11,0,11,
0,43,250,157,252,95,253,197,0,250,253,74,6,218,249,17,247,139,178,1,54,0,137,0,135,0,47,0,21,0,11,0,11,0,11,
0,70,250,61,253,64,253,197,0,250,253,74,6,27,249,17,247,139,178,1,53,0,137,0,136,0,47,0,17,0,11,0,11,0,11,
0,70,250,61,253,64,252,197,0,250,253,74,6,234,246,70,248,215,175,1,51,0,137,0,136,0,48,0,19,0,12,0,12,0,11,
0,144,250,180,253,237,252,197,0,250,253,74,6,158,245,110,249,219,177,1,50,0,138,0,136,0,48,0,19,0,10,0,11,0,11,
0,207,250,98,254,114,252,197,0,250,253,74,6,151,246,146,249,77,178,1,49,0,138,0,136,0,48,0,20,0,11,0,11,0,11,
0,21,251,82,255,9,252,197,0,250,253,74,6,151,246,146,249,247,174,1,48,0,138,0,136,0,48,0,21,0,12,0,11,0,11,
0,21,251,82,255,9,252,197,0,250,253,74,6,168,245,11,250,247,174,1,47,0,139,0,137,0,49,0,22,0,12,0,11,0,11,
0,54,251,131,0,175,251,197,0,250,253,74,6,156,245,206,250,207,178,1,47,0,139,0,137,0,47,0,21,0,11,0,10,0,10,
0,75,251,186,1,85,251,197,0,250,253,74,6,72,247,196,250,15,179,1,46,0,139,0,138,0,48,0,21,0,11,0,11,0,11,
0,96,251,182,2,34,251,197,0,250,253,74,6,0,248,66,251,87,177,1,45,0,140,0,139,0,48,0,22,0,12,0,11,0,10,
0,96,251,182,2,34,251,129,0,228,253,68,6,0,248,66,251,87,177,1,44,0,141,0,139,0,48,0,21,0,11,0,11,0,10,
0,155,251,161,3,240,250,129,0,228,253,68,6,96,249,178,252,220,178,1,43,0,142,0,140,0,49,0,22,0,12,0,11,0,11,
0,247,251,98,4,210,250,129,0,228,253,68,6,131,250,207,252,154,179,1,42,0,142,0,141,0,49,0,21,0,11,0,10,0,10,
0,247,251,98,4,187,250,129,0,228,253,68,6,137,250,80,252,34,179,1,40,0,143,0,141,0,50,0,22,0,12,0,11,0,11,
0,51,252,248,4,187,250,129,0,228,253,68,6,137,250,233,251,198,178,1,38,0,144,0,142,0,50,0,22,0,12,0,11,0,11,
0,92,252,178,5,195,250,129,0,228,253,68,6,155,249,233,251,198,178,1,36,0,144,0,144,0,49,0,22,0,13,0,10,0,10,
0,112,252,89,6,203,250,129,0,228,253,68,6,106,248,91,251,204,179,1,33,0,145,0,144,0,51,0,22,0,14,0,11,0,11,
0,112,252,89,6,203,250,129,0,228,253,68,6,237,248,6,252,255,180,1,31,0,147,0,147,0,51,0,22,0,13,0,11,0,10,
0,121,252,32,7,156,250,129,0,228,253,68,6,99,249,190,251,163,180,1,27,0,148,0,149,0,52,0,23,0,14,0,11,0,11,
0,133,252,38,8,125,250,129,0,228,253,68,6,99,249,190,251,87,182,1,24,0,149,0,153,0,52,0,23,0,13,0,11,0,11,
0,140,252,1,9,130,250,156,0,134,253,210,6,114,251,58,251,87,182,1,20,0,151,0,159,0,53,0,23,0,13,0,11,0,11,
0,140,252,1,9,130,250,156,0,134,253,210,6,142,253,120,251,105,183,1,16,0,153,0,166,0,56,0,24,0,12,0,11,0,11,
0,90,252,164,9,110,250,156,0,134,253,210,6,168,254,179,251,76,181,1,13,0,155,0,179,0,58,0,28,0,14,0,11,0,11,
0,58,252,241,9,87,250,156,0,134,253,210,6,168,254,160,251,79,183,1,9,0,158,0,195,0,62,0,28,0,13,0,11,0,11,
0,36,252,247,9,121,250,156,0,134,253,210,6,179,255,160,251,79,183,1,6,0,161,0,218,0,67,0,28,0,16,0,11,0,11,
0,36,252,247,9,121,250,156,0,134,253,210,6,45,0,11,252,219,185,1,2,0,164,0,246,0,74,0,29,0,15,0,11,0,11,
0,19,252,144,9,169,250,156,0,134,253,210,6,2,2,25,252,177,186,0,254,0,168,1,27,0,83,0,31,0,16,0,12,0,12,
0,50,252,53,9,231,250,156,0,134,253,210,6,64,3,244,250,33,184,0,250,0,171,1,70,0,95,0,33,0,14,0,12,0,11,
0,50,252,53,9,2,251,156,0,134,253,210,6,64,3,244,250,115,183,0,245,0,174,1,76,0,104,0,37,0,16,0,13,0,12,
0,84,252,219,8,2,251,156,0,134,253,210,6,162,2,135,250,115,183,0,241,0,179,1,73,0,111,0,40,0,17,0,12,0,12,
0,60,252,135,8,30,251,97,0,160,253,13,6,43,2,4,250,15,186,0,237,0,184,1,71,0,116,0,42,0,18,0,12,0,11,
0,30,252,80,8,53,251,97,0,160,253,13,6,34,3,113,249,177,187,0,233,0,189,1,68,0,121,0,45,0,18,0,12,0,11,
0,30,252,80,8,53,251,97,0,160,253,13,6,144,4,110,248,244,183,0,229,0,195,1,66,0,125,0,47,0,20,0,14,0,12,
0,249,251,17,8,135,251,97,0,160,253,13,6,144,4,110,248,244,183,0,224,0,201,1,66,0,127,0,48,0,19,0,13,0,11,
0,247,251,171,7,214,251,97,0,160,253,13,6,104,0,86,244,39,184,0,217,0,207,1,63,0,129,0,51,0,23,0,14,0,12,
0,251,251,49,7,150,252,97,0,160,253,13,6,37,253,222,248,23,190,0,213,0,217,1,63,0,130,0,52,0,24,0,14,0,12,
0,251,251,49,7,150,252,97,0,160,253,13,6,128,1,130,248,87,184,0,210,0,225,1,63,0,131,0,53,0,23,0,14,0,12,
0,10,252,125,6,93,254,97,0,160,253,13,6,128,1,130,247,235,185,0,204,0,234,1,63,0,133,0,55,0,24,0,15,0,12,
0,10,252,76,6,96,255,97,0,160,253,13,6,0,2,189,247,235,185,0,202,0,239,1,63,0,133,0,55,0,23,0,14,0,12,
0,41,252,85,6,3,255,97,0,160,253,13,6,194,2,243,249,3,188,0,200,0,242,1,59,0,134,0,57,0,25,0,16,0,13,
0,41,252,85,6,3,255,97,0,160,253,13,6,231,4,64,251,206,188,0,198,0,245,1,56,0,133,0,56,0,26,0,16,0,13,
0,49,252,41,6,131,254,7,0,166,253,81,6,151,6,70,250,175,187,0,196,0,246,1,56,0,133,0,57,0,25,0,15,0,12,
0,244,251,238,5,79,254,7,0,166,253,81,6,151,6,70,250,175,187,0,194,0,247,1,57,0,134,0,58,0,26,0,16,0,13,
0,244,251,238,5,19,254,7,0,166,253,81,6,218,5,69,250,60,183,0,194,0,250,1,58,0,134,0,57,0,25,0,15,0,12,
0,208,251,89,5,19,254,7,0,166,253,81,6,213,4,185,252,104,186,0,192,0,253,1,58,0,134,0,58,0,26,0,16,0,13,
0,193,251,235,4,224,253,7,0,166,253,81,6,122,5,132,253,37,188,0,192,0,255,1,57,0,134,0,57,0,27,0,16,0,13,
0,186,251,179,4,160,253,7,0,166,253,81,6,122,5,2,254,185,184,0,191,0,255,1,55,0,133,0,58,0,25,0,16,0,12,
0,186,251,179,4,160,253,7,0,166,253,81,6,42,6,2,254,185,184,0,191,0,254,1,52,0,133,0,58,0,26,0,16,0,12,
0,213,251,84,4,91,253,7,0,166,253,81,6,18,6,155,255,243,182,0,195,0,252,1,48,0,132,0,57,0,25,0,15,0,11,
0,30,252,8,4,12,253,7,0,166,253,81,6,242,1,102,2,162,185,0,201,0,249,1,46,0,131,0,57,0,23,0,15,0,12,
0,179,252,137,3,109,253,7,0,166,253,81,6,202,255,218,1,161,184,0,204,0,249,1,41,0,130,0,57,0,23,0,14,0,11,
0,179,252,137,3,109,253,39,0,44,253,240,6,202,255,218,1,232,183,0,207,0,248,1,36,0,129,0,57,0,24,0,15,0,11,
0,113,253,30,3,98,254,39,0,44,253,240,6,161,255,118,0,232,183,0,212,0,248,1,38,0,127,0,55,0,23,0,15,0,11,
0,50,254,42,3,15,255,39,0,44,253,240,6,249,251,25,2,15,184,0,214,0,248,1,36,0,126,0,55,0,23,0,14,0,11,
0,29,255,42,3,96,255,39,0,44,253,240,6,195,251,123,1,176,185,0,216,0,247,1,33,0,126,0,55,0,24,0,15,0,12,
0,29,255,124,3,96,255,39,0,44,253,240,6,195,251,137,254,107,183,0,218,0,246,1,34,0,125,0,55,0,24,0,14,0,11,
0,251,255,224,3,207,255,39,0,44,253,240,6,154,251,137,254,107,183,0,221,0,242,1,35,0,125,0,55,0,23,0,15,0,11,
0,212,0,9,4,61,0,39,0,44,253,240,6,47,251,133,253,80,186,0,225,0,240,1,38,0,124,0,54,0,23,0,14,0,11,
0,212,0,9,4,149,0,39,0,44,253,240,6,29,252,99,252,175,186,0,227,0,238,1,40,0,125,0,54,0,23,0,14,0,11,
0,66,1,46,4,149,0,39,0,44,253,240,6,24,251,51,251,175,183,0,229,0,236,1,45,0,125,0,54,0,23,0,15,0,12,
0,147,1,103,4,247,0,39,0,44,253,240,6,24,251,51,251,230,185,0,230,0,235,1,50,0,126,0,54,0,25,0,15,0,12,
0,183,1,133,4,1,1,238,255,164,253,245,5,154,249,88,251,230,185,0,229,0,234,1,55,0,127,0,54,0,24,0,15,0,11,
0,183,1,133,4,1,1,238,255,164,253,245,5,127,250,165,250,109,187,0,227,0,234,1,59,0,129,0,55,0,25,0,16,0,12,
0,167,1,174,4,199,0,238,255,164,253,245,5,24,251,144,250,47,187,0,224,0,235,1,61,0,130,0,55,0,24,0,15,0,12,
0,94,1,201,4,75,0,238,255,164,253,245,5,0,252,240,249,253,184,0,220,0,235,1,60,0,131,0,56,0,25,0,15,0,12,
0,180,0,211,4,233,255,238,255,164,253,245,5,0,252,240,249,253,184,0,215,0,237,1,60,0,132,0,56,0,25,0,16,0,12,
0,180,0,211,4,233,255,238,255,164,253,245,5,200,251,175,250,129,185,0,209,0,238,1,60,0,133,0,57,0,25,0,16,0,12,
0,3,0,19,5,104,255,238,255,164,253,245,5,16,253,168,250,186,188,0,203,0,240,1,60,0,133,0,56,0,24,0,15,0,12,
0,125,255,107,5,218,254,238,255,164,253,245,5,146,255,99,250,87,188,0,196,0,241,1,59,0,133,0,57,0,24,0,15,0,11,
0,5,255,107,5,94,254,238,255,164,253,245,5,146,255,68,250,117,186,0,189,0,242,1,59,0,134,0,58,0,26,0,16,0,12,
0,5,255,179,5,94,254,238,255,164,253,245,5,20,0,68,250,117,186,0,182,0,245,1,60,0,133,0,57,0,25,0,15,0,12,
0,161,254,237,5,33,254,236,255,114,253,195,6,217,0,120,250,23,188,0,175,0,247,1,60,0,134,0,57,0,25,0,15,0,11,
0,69,254,228,5,250,253,236,255,114,253,195,6,146,2,153,250,9,190,0,168,0,249,1,59,0,134,0,58,0,25,0,16,0,12,
0,69,254,228,5,236,253,236,255,114,253,195,6,143,3,165,250,203,189,0,162,0,253,1,59,0,134,0,57,0,25,0,15,0,12,
0,20,254,153,5,236,253,236,255,114,253,195,6,143,3,165,250,133,188,0,157,0,255,1,59,0,134,0,58,0,26,0,16,0,12,
0,38,254,36,5,226,253,236,255,114,253,195,6,155,3,122,250,133,188,0,153,1,1,1,58,0,134,0,57,0,26,0,16,0,12,
0,40,254,195,4,216,253,236,255,114,253,195,6,208,4,28,250,208,188,0,150,1,4,1,57,0,134,0,57,0,25,0,15,0,11,
0,40,254,195,4,216,253,236,255,114,253,195,6,210,3,230,249,72,188,0,147,1,6,1,56,0,134,0,58,0,26,0,16,0,12,
0,57,254,101,4,6,254,236,255,114,253,195,6,210,3,194,249,232,187,0,145,1,9,1,56,0,133,0,57,0,25,0,15,0,12,
0,70,254,37,4,46,254,236,255,114,253,195,6,134,3,194,249,232,187,0,143,1,11,1,55,0,134,0,58,0,26,0,16,0,12,
0,104,254,211,3,62,254,236,255,114,253,195,6,64,3,59,249,47,188,0,142,1,14,1,55,0,133,0,57,0,26,0,16,0,12,
0,104,254,211,3,62,254,236,255,114,253,195,6,58,4,73,249,64,189,0,141,1,17,1,54,0,133,0,58,0,25,0,16,0,12,
0,133,254,154,3,53,254,181,255,115,253,253,5,101,5,182,248,37,189,0,140,1,19,1,53,0,133,0,58,0,26,0,16,0,12,
0,130,254,110,3,47,254,181,255,115,253,253,5,101,5,182,248,62,187,0,139,1,21,1,53,0,132,0,57,0,25,0,15,0,12,
0,124,254,110,3,73,254,181,255,115,253,253,5,116,6,206,247,62,187,0,139,1,23,1,52,0,132,0,58,0,26,0,16,0,12,
0,124,254,43,3,73,254,181,255,115,253,253,5,220,5,92,248,166,187,0,139,1,24,1,52,0,132,0,57,0,25,0,15,0,12,
0,169,254,217,2,102,254,181,255,115,253,253,5,11,7,75,248,238,190,0,139,1,26,1,52,0,131,0,57,0,25,0,15,0,12,
0,235,254,121,2,140,254,181,255,115,253,253,5,40,8,155,247,177,189,0,139,1,27,1,51,0,132,0,57,0,26,0,16,0,12,
0,235,254,121,2,164,254,181,255,115,253,253,5,40,8,155,247,177,189,0,139,1,28,1,51,0,131,0,57,0,25,0,15,0,11,
0,0,255,8,2,164,254,181,255,115,253,253,5,193,7,223,246,163,187,0,139,1,29,1,50,0,131,0,52,0,25,0,16,0,13,
0,37,255,159,1,206,254,181,255,115,253,253,5,230,5,35,247,231,189,0,139,1,30,1,50,0,130,0,52,0,24,0,15,0,12,
0,23,255,89,1,217,254,181,255,115,253,253,5,79,7,29,247,48,192,0,139,1,31,1,48,0,130,0,53,0,24,0,16,0,12,
0,23,255,89,1,217,254,140,255,195,253,64,6,79,7,29,246,215,191,0,139,1,32,1,48,0,130,0,53,0,23,0,14,0,12,
0,245,254,81,1,246,254,140,255,195,253,64,6,51,7,187,246,215,191,0,139,1,33,1,47,0,130,0,54,0,22,0,15,0,12,
0,247,254,71,1,45,255,140,255,195,253,64,6,200,7,250,245,14,189,0,140,1,34,1,46,0,129,0,55,0,23,0,15,0,12,
0,43,255,25,1,76,255,140,255,195,253,64,6,158,6,107,246,101,191,0,140,1,35,1,45,0,129,0,55,0,23,0,14,0,12,
0,43,255,25,1,76,255,140,255,195,253,64,6,32,8,178,246,155,193,0,141,1,36,1,44,0,129,0,55,0,23,0,15,0,12,
0,41,255,215,0,115,255,140,255,195,253,64,6,32,8,178,246,155,193,0,141,1,37,1,43,0,127,0,54,0,23,0,14,0,11,
0,0,255,126,0,178,255,140,255,195,253,64,6,59,9,34,246,250,190,0,142,1,38,1,42,0,127,0,55,0,23,0,14,0,11,
0,0,254,126,0,174,255,140,255,195,253,64,6,27,8,158,246,30,190,0,142,1,37,1,40,0,127,0,55,0,24,0,15,0,12,
0,255,254,21,0,174,255,140,255,195,253,64,6,83,8,68,246,85,191,0,143,1,38,1,39,0,127,0,55,0,23,0,15,0,12,
0,14,255,171,255,212,255,140,255,195,253,64,6,83,8,197,245,204,192,0,144,1,38,1,36,0,126,0,55,0,23,0,15,0,12,
0,218,254,39,255,249,255,197,255,109,253,198,6,157,8,197,245,204,192,0,144,1,37,1,33,0,125,0,55,0,24,0,15,0,12,
0,218,254,39,255,23,0,197,255,109,253,198,6,90,9,163,245,204,191,0,144,1,37,1,32,0,124,0,54,0,23,0,15,0,12,
0,182,254,194,254,23,0,197,255,109,253,198,6,219,7,49,245,250,188,0,145,1,37,1,29,0,123,0,55,0,26,0,16,0,12,
0,141,254,94,254,44,0,197,255,109,253,198,6,20,7,140,245,15,191,0,145,1,36,1,27,0,123,0,54,0,25,0,16,0,12,
0,93,254,35,254,52,0,197,255,109,253,198,6,20,7,140,245,154,191,0,145,1,36,1,23,0,121,0,54,0,25,0,16,0,12,
0,93,254,35,254,52,0,197,255,109,253,198,6,77,8,76,245,154,191,0,146,1,37,1,21,0,120,0,52,0,23,0,15,0,12,
0,62,254,234,253,94,0,197,255,109,253,198,6,149,8,243,244,67,189,0,147,1,36,1,19,0,119,0,53,0,24,0,15,0,12,
0,28,254,166,253,102,0,197,255,109,253,198,6,179,7,138,245,233,190,0,147,1,36,1,17,0,118,0,52,0,23,0,15,0,12,
0,221,253,143,253,127,0,197,255,109,253,198,6,179,7,208,245,108,190,0,147,1,36,1,15,0,117,0,52,0,22,0,15,0,12,
0,221,253,143,253,127,0,197,255,109,253,198,6,248,8,208,245,108,190,0,148,1,35,1,13,0,116,0,55,0,23,0,14,0,11,
0,151,253,90,253,157,0,132,255,197,253,87,6,76,8,195,245,7,189,0,148,1,35,1,12,0,115,0,53,0,22,0,13,0,11,
0,119,253,15,253,182,0,132,255,197,253,87,6,239,7,24,246,137,190,0,149,1,34,1,11,0,114,0,53,0,23,0,14,0,11,
0,119,253,15,253,203,0,132,255,197,253,87,6,153,7,56,246,185,189,0,149,1,34,1,10,0,114,0,52,0,23,0,14,0,11,
0,95,253,213,252,203,0,132,255,197,253,87,6,153,7,56,246,242,189,0,149,1,34,1,10,0,112,0,50,0,22,0,14,0,11,
0,99,253,134,252,229,0,132,255,197,253,87,6,210,6,167,246,242,189,0,149,1,34,1,9,0,112,0,50,0,22,0,14,0,11,
0,94,253,125,252,254,0,132,255,197,253,87,6,200,6,28,246,192,189,0,150,1,35,1,9,0,111,0,49,0,21,0,14,0,11,
0,94,253,125,252,6,1,132,255,197,253,87,6,128,5,102,246,126,188,0,150,1,35,1,9,0,111,0,49,0,22,0,14,0,12,
0,95,253,126,252,6,1,132,255,197,253,87,6,96,5,169,246,156,189,0,151,1,35,1,10,0,111,0,49,0,22,0,14,0,12,
0,85,253,128,252,23,1,132,255,197,253,87,6,96,5,169,246,156,189,0,151,1,37,1,10,0,111,0,48,0,22,0,14,0,12,
0,75,253,149,252,52,1,132,255,197,253,87,6,213,4,211,246,178,190,0,151,1,37,1,11,0,111,0,48,0,21,0,14,0,11,
0,75,253,149,252,52,1,132,255,197,253,245,6,58,5,227,246,19,190,0,152,1,39,1,11,0,111,0,47,0,21,0,14,0,11,
0,100,253,149,252,88,1,171,255,142,253,245,6,90,5,45,247,109,190,0,152,1,39,1,11,0,111,0,48,0,21,0,14,0,12,
0,75,253,143,252,113,1,171,255,142,253,245,6,90,5,43,247,134,188,0,153,1,40,1,12,0,111,0,48,0,21,0,14,0,12,
0,65,253,130,252,139,1,171,255,142,253,245,6,78,4,43,247,134,188,0,154,1,40,1,12,0,111,0,47,0,21,0,13,0,12,
0,65,253,130,252,139,1,171,255,142,253,245,6,40,3,89,247,40,191,0,154,1,40,1,12,0,111,0,48,0,22,0,14,0,11,
0,64,253,90,252,194,1,171,255,142,253,245,6,238,3,233,246,45,192,0,156,1,41,1,13,0,111,0,47,0,20,0,13,0,11,
0,82,253,73,252,206,1,171,255,142,253,245,6,88,3,210,246,224,189,0,157,1,41,1,13,0,111,0,47,0,20,0,13,0,11,
0,82,253,73,252,212,1,171,255,142,253,245,6,88,3,210,246,224,189,0,158,1,40,1,13,0,112,0,48,0,21,0,14,0,12,
0,132,253,54,252,212,1,171,255,142,253,245,6,42,2,194,246,221,189,0,159,1,41,1,13,0,111,0,47,0,21,0,14,0,12,
0,143,253,57,252,222,1,171,255,142,253,245,6,134,1,171,246,240,190,0,160,1,41,1,13,0,111,0,47,0,20,0,13,0,11,
0,113,253,74,252,235,1,171,255,142,253,245,6,5,2,250,246,119,192,0,161,1,41,1,13,0,112,0,47,0,21,0,14,0,11,
0,113,253,74,252,235,1,181,255,123,253,191,5,5,2,138,246,36,191,0,163,1,40,1,14,0,111,0,47,0,20,0,13,0,11,
0,73,253,93,252,246,1,181,255,123,253,191,5,115,2,138,246,36,191,0,164,1,40,1,14,0,112,0,47,0,21,0,14,0,11,
0,75,253,126,252,21,2,181,255,123,253,191,5,102,1,44,246,254,188,0,166,1,40,1,14,0,112,0,47,0,21,0,14,0,12,
0,62,253,146,252,9,2,181,255,123,253,191,5,161,0,249,246,192,190,0,167,1,40,1,14,0,112,0,47,0,21,0,14,0,11,
0,62,253,146,252,9,2,181,255,123,253,191,5,197,0,43,247,89,192,0,168,1,40,1,15,0,111,0,47,0,20,0,13,0,11,
0,68,253,190,252,18,2,181,255,123,253,191,5,197,0,43,247,43,191,0,169,1,40,1,15,0,112,0,47,0,20,0,13,0,11,
0,74,253,217,252,22,2,181,255,123,253,191,5,110,1,129,246,43,191,0,170,1,40,1,15,0,113,0,48,0,21,0,14,0,12,
0,55,253,230,252,20,2,181,255,123,253,191,5,81,0,117,246,246,188,0,171,1,40,1,16,0,112,0,47,0,23,0,14,0,12,
0,55,253,230,252,20,2,181,255,123,253,191,5,20,255,159,246,190,189,0,172,1,39,1,16,0,113,0,48,0,23,0,14,0,12,
0,13,253,32,253,41,2,181,255,123,253,191,5,20,255,234,246,154,191,0,174,1,40,1,16,0,112,0,48,0,22,0,14,0,11,
0,9,253,52,253,33,2,246,255,117,253,86,6,134,255,234,246,154,191,0,174,1,39,1,16,0,113,0,48,0,23,0,14,0,12,
0,9,253,52,253,23,2,246,255,117,253,86,6,121,255,127,246,218,191,0,174,1,40,1,16,0,113,0,48,0,22,0,14,0,12,
0,64,253,57,253,23,2,246,255,117,253,86,6,21,1,29,246,30,191,0,175,1,40,1,16,0,113,0,48,0,21,0,14,0,12,
0,65,253,89,253,15,2,246,255,117,253,86,6,79,255,57,246,63,188,0,175,1,40,1,16,0,113,0,48,0,22,0,14,0,11,
0,31,253,109,253,252,1,246,255,117,253,86,6,79,255,57,246,67,190,0,176,1,40,1,16,0,113,0,48,0,22,0,14,0,12,
0,31,253,109,253,252,1,246,255,117,253,86,6,167,254,254,246,67,190,0,176,1,40,1,16,0,113,0,48,0,21,0,14,0,11,
0,254,252,119,253,254,1,246,255,117,253,86,6,204,255,245,246,9,192,0,176,1,39,1,15,0,113,0,48,0,20,0,14,0,12,
0,9,253,104,253,249,1,246,255,117,253,86,6,108,0,116,246,11,190,0,177,1,40,1,14,0,113,0,48,0,20,0,13,0,11,
0,234,252,122,253,209,1,246,255,117,253,86,6,17,255,192,246,145,187,0,177,1,39,1,13,0,113,0,49,0,21,0,14,0,12,
0,234,252,122,253,209,1,246,255,117,253,86,6,17,255,192,246,145,187,0,177,1,39,1,12,0,112,0,47,0,20,0,13,0,11,
0,202,252,117,253,209,1,20,0,78,253,227,5,195,254,138,247,183,191,0,177,1,38,1,10,0,112,0,48,0,21,0,14,0,12,
0,199,252,124,253,212,1,20,0,78,253,227,5,229,254,18,247,155,191,0,177,1,38,1,9,0,111,0,48,0,21,0,13,0,11,
0,193,252,187,253,211,1,20,0,78,253,227,5,96,0,220,246,129,190,0,177,1,38,1,8,0,111,0,47,0,21,0,14,0,11,
0,193,252,187,253,211,1,20,0,78,253,227,5,96,0,176,246,126,187,0,178,1,38,1,7,0,110,0,47,0,20,0,13,0,11,
0,211,252,219,253,200,1,20,0,78,253,227,5,165,255,176,246,126,187,0,178,1,36,1,5,0,111,0,48,0,21,0,14,0,12,
0,197,252,248,253,209,1,20,0,78,253,227,5,197,254,26,247,51,189,0,179,1,37,1,5,0,110,0,47,0,20,0,13,0,11,
0,197,252,248,253,211,1,20,0,78,253,227,5,55,255,180,247,220,191,0,179,1,36,1,4,0,110,0,47,0,21,0,14,0,11,
0,215,252,248,253,211,1,20,0,78,253,227,5,245,255,155,247,206,190,0,179,1,36,1,3,0,109,0,47,0,21,0,14,0,11,
0,216,252,0,254,214,1,20,0,78,253,227,5,245,255,155,247,198,188,0,180,1,36,1,2,0,109,0,47,0,21,0,14,0,11,
0,228,252,55,254,254,1,20,0,78,253,227,5,135,255,107,247,198,188,0,181,1,36,1,2,0,108,0,46,0,20,0,13,0,11,
0,228,252,55,254,254,1,238,255,60,253,190,5,75,255,147,247,103,189,0,181,1,36,1,1,0,107,0,46,0,20,0,13,0,11,
0,11,253,86,254,236,1,238,255,60,253,190,5,135,255,145,247,77,190,0,182,1,36,1,1,0,108,0,47,0,21,0,14,0,12,
0,35,253,107,254,245,1,238,255,60,253,190,5,135,255,61,247,75,189,0,182,1,36,1,0,0,107,0,46,0,21,0,14,0,11,
0,34,253,148,254,10,2,238,255,60,253,190,5,170,254,61,247,75,189,0,182,1,35,1,0,0,107,0,46,0,21,0,14,0,11,
0,34,253,148,254,10,2,238,255,60,253,190,5,11,254,113,247,127,189,0,183,1,36,1,0,0,106,0,45,0,20,0,13,0,11,
0,49,253,196,254,16,2,238,255,60,253,190,5,26,254,139,247,241,190,0,183,1,36,0,255,0,106,0,45,0,22,0,13,0,11,
0,58,253,245,254,34,2,238,255,60,253,190,5,55,255,1,247,109,190,0,184,1,36,0,255,0,106,0,46,0,22,0,14,0,11,
0,104,253,50,255,33,2,238,255,60,253,190,5,55,255,1,247,254,188,0,184,1,36,0,255,0,105,0,45,0,22,0,14,0,11,
0,104,253,50,255,33,2,238,255,60,253,190,5,218,254,252,246,254,188,0,185,1,36,0,255,0,106,0,45,0,21,0,13,0,11,
0,120,253,100,255,37,2,238,255,60,253,190,5,143,254,125,247,158,189,0,185,1,36,0,255,0,105,0,45,0,20,0,13,0,11,
0,98,253,115,255,56,2,238,255,60,253,190,5,188,254,4,248,77,191,0,186,1,36,0,255,0,105,0,44,0,20,0,13,0,11,
0,98,253,115,255,53,2,220,255,73,253,113,6,85,255,185,247,59,192,0,186,1,35,0,255,0,105,0,45,0,21,0,14,0,11,
0,80,253,162,255,53,2,220,255,73,253,113,6,85,255,185,247,59,192,0,187,1,34,0,255,0,105,0,45,0,21,0,14,0,11,
0,97,253,185,255,33,2,220,255,73,253,113,6,30,0,99,247,248,190,0,186,1,33,0,255,0,105,0,45,0,21,0,14,0,11,
0,161,253,151,255,46,2,220,255,73,253,113,6,188,254,249,246,20,188,0,187,1,34,1,0,0,104,0,44,0,18,0,13,0,11,
0,161,253,151,255,46,2,220,255,73,253,113,6,120,253,182,247,228,190,0,187,1,33,1,0,0,105,0,40,0,19,0,14,0,12,
0,200,253,159,255,51,2,220,255,73,253,113,6,120,253,182,247,183,193,0,187,1,32,1,1,0,105,0,40,0,18,0,14,0,12,
0,192,253,196,255,47,2,220,255,73,253,113,6,3,255,164,247,183,193,0,187,1,32,1,1,0,105,0,42,0,19,0,13,0,12,
0,197,253,11,0,49,2,220,255,73,253,113,6,61,255,196,246,20,189,0,187,1,31,1,1,0,106,0,43,0,19,0,13,0,11,
0,197,253,11,0,49,2,220,255,73,253,113,6,82,254,65,247,197,189,0,188,1,31,1,3,0,105,0,43,0,18,0,13,0,11,
0,205,253,75,0,85,2,220,255,73,253,113,6,53,254,160,247,7,192,0,187,1,30,1,3,0,107,0,44,0,20,0,13,0,12,
0,226,253,126,0,76,2,229,255,84,253,246,5,53,254,160,247,7,192,0,187,1,30,1,4,0,107,0,44,0,19,0,13,0,11,
0,210,253,173,0,75,2,229,255,84,253,246,5,59,255,171,247,113,193,0,188,1,30,1,5,0,107,0,45,0,20,0,14,0,12,
0,210,253,173,0,75,2,229,255,84,253,246,5,111,0,217,246,53,191,0,187,1,30,1,6,0,107,0,44,0,19,0,13,0,11,
0,214,253,176,0,71,2,229,255,84,253,246,5,43,255,33,247,71,189,0,187,1,29,1,8,0,108,0,45,0,20,0,14,0,12,
0,251,253,186,0,55,2,229,255,84,253,246,5,43,255,119,247,119,192,0,187,1,29,1,8,0,108,0,45,0,19,0,13,0,11,
0,251,253,186,0,69,2,229,255,84,253,246,5,200,254,119,247,119,192,0,187,1,28,1,9,0,108,0,46,0,20,0,13,0,11,
0,15,254,207,0,69,2,229,255,84,253,246,5,223,255,146,247,120,193,0,187,1,28,1,11,0,108,0,45,0,19,0,13,0,11,
0,15,254,192,0,46,2,229,255,84,253,246,5,88,0,111,247,151,191,0,187,1,27,1,11,0,110,0,46,0,20,0,13,0,11,
0,55,254,194,0,52,2,229,255,84,253,246,5,245,255,222,246,26,190,0,188,1,27,1,12,0,109,0,46,0,19,0,13,0,11,
0,55,254,194,0,52,2,229,255,84,253,246,5,245,255,222,246,246,190,0,188,1,27,1,13,0,110,0,46,0,20,0,13,0,11,
0,97,254,227,0,56,2,51,0,32,253,58,6,9,255,59,247,246,190,0,187,1,26,1,13,0,111,0,47,0,20,0,14,0,11,
0,68,254,17,1,37,2,51,0,32,253,58,6,145,255,112,247,65,193,0,188,1,26,1,14,0,111,0,47,0,21,0,13,0,11,
0,31,254,46,1,29,2,51,0,32,253,58,6,220,0,152,247,99,193,0,188,1,26,1,15,0,111,0,47,0,20,0,13,0,11,
0,31,254,46,1,29,2,51,0,32,253,58,6,220,0,12,247,223,190,0,188,1,25,1,15,0,111,0,47,0,21,0,14,0,12,
0,70,254,30,1,1,2,51,0,32,253,58,6,217,1,12,247,223,190,0,188,1,25,1,16,0,111,0,47,0,22,0,13,0,11,
0,83,254,53,1,246,1,51,0,32,253,58,6,51,1,102,247,148,189,0,189,1,24,1,16,0,112,0,47,0,23,0,14,0,12,
0,48,254,53,1,250,1,51,0,32,253,58,6,17,1,240,247,17,192,0,190,1,23,1,16,0,112,0,52,0,23,0,14,0,11,
0,48,254,71,1,250,1,51,0,32,253,58,6,242,1,227,247,62,193,0,191,1,23,1,17,0,112,0,51,0,23,0,14,0,11,
0,82,254,55,1,235,1,51,0,32,253,58,6,242,1,227,247,159,190,0,191,1,22,1,17,0,113,0,51,0,23,0,14,0,12,
0,124,254,36,1,242,1,51,0,32,253,58,6,176,2,54,247,159,190,0,192,1,21,1,17,0,113,0,50,0,22,0,14,0,11,
0,124,254,36,1,229,1,227,255,64,253,138,6,117,1,129,247,252,188,0,192,1,20,1,17,0,113,0,50,0,23,0,15,0,12,
0,138,254,43,1,229,1,227,255,64,253,138,6,32,1,98,248,39,194,0,193,1,20,1,17,0,114,0,50,0,23,0,14,0,12,
0,113,254,35,1,205,1,227,255,64,253,138,6,6,3,113,247,171,192,0,194,1,19,1,18,0,114,0,50,0,23,0,14,0,12,
0,166,254,37,1,190,1,227,255,64,253,138,6,6,3,113,247,171,192,0,195,1,19,1,18,0,113,0,49,0,22,0,14,0,11,
0,166,254,37,1,190,1,227,255,64,253,138,6,236,2,94,247,229,188,0,196,1,19,1,18,0,113,0,49,0,22,0,14,0,11,
0,199,254,15,1,199,1,227,255,64,253,138,6,154,1,94,248,198,190,0,196,1,18,1,18,0,114,0,49,0,22,0,14,0,12,
0,172,254,12,1,202,1,227,255,64,253,138,6,110,3,93,248,154,194,0,197,1,17,1,18,0,114,0,49,0,22,0,14,0,11,
0,189,254,250,0,184,1,227,255,64,253,138,6,110,3,158,247,21,191,0,198,1,17,1,18,0,114,0,49,0,22,0,14,0,11,
0,189,254,250,0,184,1,227,255,64,253,138,6,75,4,158,247,21,191,0,200,1,17,1,18,0,114,0,49,0,21,0,14,0,11,
0,194,254,0,1,186,1,227,255,64,253,138,6,24,3,3,248,89,189,0,200,1,16,1,18,0,114,0,48,0,21,0,14,0,11,
0,216,254,223,0,177,1,227,255,64,253,138,6,2,3,167,248,187,192,0,200,1,16,1,17,0,114,0,49,0,23,0,14,0,12,
0,189,254,223,0,191,1,1,0,49,253,114,6,202,3,82,248,170,193,0,201,1,16,1,17,0,114,0,49,0,22,0,14,0,11,
0,189,254,191,0,191,1,1,0,49,253,114,6,202,3,82,248,170,191,0,202,1,15,1,17,0,114,0,48,0,21,0,13,0,11,
0,225,254,183,0,218,1,1,0,49,253,114,6,210,4,147,247,123,191,0,202,1,14,1,16,0,114,0,49,0,22,0,14,0,12,
0,17,255,175,0,226,1,1,0,49,253,114,6,189,3,10,248,235,189,0,203,1,13,1,15,0,113,0,48,0,20,0,14,0,11,
0,17,255,175,0,223,1,1,0,49,253,114,6,250,2,28,248,50,192,0,203,1,12,1,14,0,114,0,49,0,21,0,14,0,12,
0,48,255,176,0,223,1,1,0,49,253,114,6,250,2,12,248,236,193,0,204,1,12,1,13,0,113,0,49,0,21,0,14,0,12,
0,26,255,144,0,212,1,1,0,49,253,114,6,12,4,12,248,236,193,0,205,1,11,1,12,0,113,0,49,0,21,0,14,0,12,
0,33,255,147,0,229,1,1,0,49,253,114,6,147,5,165,247,48,192,0,206,1,11,1,12,0,112,0,48,0,20,0,13,0,11,
0,33,255,147,0,229,1,1,0,49,253,114,6,98,4,0,248,252,189,0,206,1,9,1,11,0,112,0,48,0,21,0,14,0,12,
0,32,255,149,0,250,1,1,0,49,253,114,6,203,3,95,248,59,192,0,207,1,9,1,10,0,112,0,48,0,21,0,14,0,12,
0,17,255,121,0,241,1,190,255,112,253,223,5,203,3,95,248,192,193,0,208,1,8,1,10,0,111,0,47,0,20,0,13,0,11,
0,239,254,98,0,234,1,190,255,112,253,223,5,109,4,143,248,192,193,0,209,1,8,1,9,0,111,0,47,0,20,0,13,0,11,
0,239,254,98,0,234,1,190,255,112,253,223,5,211,5,32,248,203,192,0,209,1,6,1,8,0,111,0,48,0,21,0,14,0,11,
0,71,255,87,0,254,1,190,255,112,253,223,5,157,4,135,247,171,190,0,210,1,6,1,8,0,110,0,47,0,20,0,13,0,11,
0,100,255,74,0,237,1,190,255,112,253,223,5,184,4,213,247,225,190,0,210,1,5,1,8,0,111,0,47,0,21,0,14,0,12,
0,27,255,74,0,252,1,190,255,112,253,223,5,184,4,213,247,225,190,0,211,1,5,1,8,0,110,0,47,0,21,0,14,0,11,
0,27,255,111,0,252,1,190,255,112,253,223,5,16,4,203,247,149,191,0,212,1,4,1,8,0,110,0,47,0,20,0,13,0,11,
0,249,254,125,0,1,2,190,255,112,253,223,5,97,4,120,247,119,192,0,212,1,4,1,7,0,110,0,47,0,21,0,14,0,12,
0,73,255,95,0,9,2,190,255,112,253,223,5,127,4,111,247,14,192,0,212,1,4,1,7,0,110,0,47,0,20,0,13,0,11,
0,73,255,95,0,6,2,190,255,112,253,223,5,127,4,111,247,74,192,0,212,1,3,1,6,0,109,0,47,0,21,0,13,0,11,
0,69,255,73,0,6,2,6,0,14,253,3,6,242,4,71,247,74,192,0,213,1,3,1,6,0,109,0,47,0,20,0,13,0,11,
0,63,255,13,0,224,1,6,0,14,253,3,6,96,5,127,247,99,192,0,214,1,3,1,6,0,109,0,46,0,20,0,13,0,11,
0,48,255,233,255,205,1,6,0,14,253,3,6,57,5,100,247,37,192,0,214,1,2,1,6,0,109,0,47,0,21,0,14,0,12,
0,48,255,233,255,205,1,6,0,14,253,3,6,12,5,1,247,31,190,0,214,1,2,1,5,0,108,0,46,0,20,0,13,0,11,
0,58,255,1,0,229,1,6,0,14,253,3,6,12,5,1,247,31,190,0,215,1,1,1,4,0,109,0,47,0,21,0,14,0,12,
0,87,255,7,0,236,1,6,0,14,253,3,6,50,4,125,247,40,192,0,215,1,1,1,4,0,108,0,46,0,21,0,14,0,12,
0,109,255,246,255,236,1,6,0,14,253,3,6,68,4,95,247,100,193,0,216,1,0,1,4,0,108,0,46,0,20,0,13,0,11,
0,109,255,246,255,236,1,6,0,14,253,3,6,54,5,42,247,181,192,0,215,0,255,1,3,0,108,0,47,0,21,0,14,0,12,
0,120,255,222,255,214,1,6,0,14,253,3,6,54,5,154,246,45,191,0,215,0,255,1,3,0,108,0,46,0,20,0,13,0,11,
0,112,255,233,255,214,1,6,0,14,253,3,6,236,4,154,246,45,191,0,215,0,254,1,2,0,108,0,47,0,21,0,14,0,11,
0,112,255,233,255,182,1,18,0,49,253,10,6,203,4,174,246,141,190,0,216,0,254,1,1,0,107,0,47,0,21,0,14,0,12,
0,106,255,253,255,182,1,18,0,49,253,10,6,139,4,238,246,97,192,0,216,0,253,1,1,0,107,0,46,0,20,0,13,0,11,
0,90,255,0,0,157,1,18,0,49,253,10,6,138,4,39,247,21,192,0,216,0,253,1,0,0,107,0,46,0,21,0,14,0,12,
0,74,255,221,255,182,1,18,0,49,253,10,6,138,4,39,247,197,192,0,217,0,253,1,1,0,106,0,46,0,20,0,13,0,11,
0,74,255,221,255,190,1,18,0,49,253,10,6,167,4,203,246,197,192,0,217,0,252,1,0,0,107,0,46,0,20,0,13,0,11,
0,92,255,182,255,190,1,18,0,49,253,10,6,255,4,144,246,222,191,0,217,0,252,1,0,0,106,0,46,0,20,0,13,0,11,
0,47,255,179,255,174,1,18,0,49,253,10,6,142,4,250,246,157,192,0,217,0,252,0,255,0,106,0,45,0,21,0,13,0,11,
0,40,255,174,255,158,1,18,0,49,253,10,6,142,4,190,246,3,193,0,217,0,251,0,253,0,106,0,45,0,22,0,14,0,11,
0,40,255,174,255,158,1,18,0,49,253,10,6,132,4,190,246,3,193,0,217,0,251,0,253,0,105,0,44,0,20,0,13,0,11,
0,35,255,165,255,169,1,18,0,49,253,10,6,82,5,106,246,90,192,0,217,0,250,0,253,0,105,0,45,0,21,0,14,0,11,
0,30,255,155,255,168,1,18,0,49,253,10,6,13,5,8,246,168,189,0,217,0,251,0,253,0,105,0,45,0,21,0,14,0,11,
0,33,255,147,255,139,1,240,255,82,253,154,6,70,4,20,246,31,192,0,217,0,251,0,253,0,104,0,44,0,20,0,13,0,11,
0,33,255,147,255,139,1,240,255,82,253,154,6,70,4,20,246,89,192,0,217,0,251,0,252,0,105,0,45,0,21,0,14,0,12,
0,70,255,127,255,151,1,240,255,82,253,154,6,77,4,173,246,89,192,0,217,0,251,0,252,0,104,0,44,0,20,0,13,0,11,
0,93,255,120,255,147,1,240,255,82,253,154,6,133,4,153,246,183,193,0,218,0,251,0,251,0,104,0,45,0,21,0,14,0,12,
0,93,255,120,255,151,1,240,255,82,253,154,6,81,5,27,246,166,192,0,218,0,251,0,250,0,104,0,45,0,21,0,14,0,12,
0,89,255,124,255,151,1,240,255,82,253,154,6,105,5,255,245,15,191,0,219,0,251,0,249,0,103,0,44,0,20,0,13,0,11,
0,64,255,119,255,109,1,240,255,82,253,154,6,105,5,255,245,15,191,0,219,0,250,0,247,0,104,0,44,0,21,0,14,0,12,
0,108,255,117,255,72,1,240,255,82,253,154,6,152,4,245,245,60,191,0,220,0,250,0,247,0,102,0,44,0,20,0,13,0,11,
0,108,255,117,255,69,1,240,255,82,253,154,6,158,4,135,246,248,193,0,219,0,250,0,246,0,103,0,44,0,20,0,14,0,12,
0,93,255,110,255,69,1,240,255,82,253,154,6,46,5,18,246,85,193,0,219,0,250,0,246,0,102,0,44,0,21,0,14,0,12,
0,114,255,82,255,81,1,205,255,91,253,201,5,46,5,18,245,195,192,0,219,0,250,0,246,0,101,0,43,0,20,0,13,0,11,
0,110,255,46,255,77,1,205,255,91,253,201,5,21,5,224,245,195,192,0,219,0,250,0,245,0,101,0,38,0,20,0,14,0,12,
0,110,255,46,255,77,1,205,255,91,253,201,5,196,4,14,246,161,192,0,219,0,250,0,244,0,100,0,39,0,18,0,13,0,12,
0,40,255,11,255,46,1,205,255,91,253,201,5,100,4,255,245,15,192,0,219,0,250,0,242,0,100,0,40,0,19,0,13,0,12,
0,22,255,251,254,26,1,205,255,91,253,201,5,18,5,85,246,225,193,0,219,0,250,0,241,0,99,0,40,0,18,0,12,0,11,
0,55,255,24,255,31,1,205,255,91,253,201,5,18,5,85,246,225,193,0,219,0,249,0,240,0,99,0,41,0,19,0,13,0,11,
0,55,255,24,255,31,1,205,255,91,253,201,5,119,5,1,246,199,191,0,220,0,249,0,239,0,99,0,40,0,17,0,13,0,11,
0,93,255,16,255,5,1,205,255,91,253,201,5,179,4,45,246,99,191,0,220,0,249,0,238,0,98,0,41,0,17,0,12,0,11,
0,87,255,25,255,3,1,205,255,91,253,201,5,125,4,194,246,151,193,0,220,0,248,0,236,0,98,0,41,0,18,0,13,0,11,
0,87,255,25,255,12,1,205,255,91,253,201,5,125,4,127,246,190,193,0,220,0,248,0,236,0,97,0,41,0,17,0,13,0,11,
0,90,255,247,254,12,1,14,0,56,253,214,5,65,5,127,246,190,193,0,220,0,247,0,236,0,97,0,41,0,19,0,13,0,11,
0,106,255,221,254,254,0,14,0,56,253,214,5,100,4,204,246,193,192,0,220,0,248,0,236,0,96,0,41,0,17,0,12,0,11,
0,111,255,218,254,248,0,14,0,56,253,214,5,232,4,125,246,114,193,0,220,0,249,0,236,0,96,0,41,0,18,0,12,0,11,
0,111,255,218,254,248,0,14,0,56,253,214,5,190,4,42,246,14,192,0,219,0,249,0,235,0,97,0,41,0,19,0,13,0,11,
0,72,255,208,254,246,0,14,0,56,253,214,5,190,4,42,246,70,192,0,220,0,249,0,234,0,95,0,40,0,18,0,13,0,11,
0,62,255,201,254,234,0,14,0,56,253,214,5,21,4,214,246,70,192,0,219,0,249,0,233,0,96,0,41,0,19,0,13,0,11,
0,79,255,193,254,209,0,14,0,56,253,214,5,117,4,230,246,188,193,0,220,0,249,0,233,0,95,0,40,0,18,0,13,0,11,
0,79,255,193,254,209,0,14,0,56,253,214,5,177,4,200,246,227,193,0,220,0,249,0,232,0,95,0,40,0,18,0,13,0,11,
0,86,255,174,254,179,0,14,0,56,253,214,5,177,4,137,246,28,193,0,220,0,248,0,232,0,95,0,41,0,19,0,13,0,11,
0,26,255,174,254,185,0,14,0,56,253,214,5,108,5,137,246,28,193,0,220,0,248,0,231,0,95,0,40,0,19,0,13,0,11,
0,36,255,190,254,196,0,6,0,26,253,144,5,59,4,242,246,130,191,0,220,0,247,0,230,0,94,0,41,0,19,0,13,0,11,
0,36,255,190,254,196,0,6,0,26,253,144,5,189,3,84,247,217,192,0,221,0,248,0,230,0,93,0,40,0,17,0,12,0,11,
0,86,255,184,254,196,0,6,0,26,253,144,5,169,4,134,247,205,194,0,220,0,247,0,229,0,94,0,40,0,18,0,13,0,11,
0,72,255,152,254,189,0,6,0,26,253,144,5,169,4,134,247,20,192,0,220,0,247,0,228,0,93,0,44,0,19,0,12,0,11,
0,72,255,152,254,156,0,6,0,26,253,144,5,201,4,20,247,20,192,0,221,0,247,0,228,0,93,0,43,0,19,0,12,0,11,
0,37,255,135,254,156,0,6,0,26,253,144,5,196,3,139,247,7,192,0,221,0,247,0,228,0,92,0,41,0,19,0,13,0,11,
0,243,254,118,254,165,0,6,0,26,253,144,5,12,4,144,247,54,193,0,221,0,246,0,227,0,92,0,41,0,19,0,13,0,11,
0,23,255,117,254,180,0,6,0,26,253,144,5,44,4,68,247,25,192,0,221,0,247,0,227,0,92,0,40,0,17,0,12,0,11,
0,23,255,117,254,180,0,6,0,26,253,144,5,44,4,68,247,25,192,0,221,0,246,0,227,0,92,0,40,0,18,0,13,0,11,
0,246,254,100,254,167,0,6,0,26,253,144,5,142,3,152,247,2,192,0,221,0,247,0,227,0,91,0,40,0,17,0,12,0,11,
0,225,254,100,254,145,0,6,0,26,253,89,6,202,3,170,247,99,193,0,221,0,246,0,226,0,92,0,40,0,18,0,13,0,11,
0,9,255,122,254,126,0,21,0,46,253,89,6,36,4,82,247,5,193,0,221,0,247,0,227,0,91,0,40,0,18,0,13,0,11,
0,9,255,122,254,126,0,21,0,46,253,89,6,36,4,52,247,36,191,0,221,0,247,0,226,0,91,0,39,0,17,0,12,0,11,
0,34,255,140,254,163,0,21,0,46,253,89,6,202,3,52,247,36,191,0,221,0,246,0,226,0,92,0,40,0,18,0,13,0,11,
0,17,255,107,254,160,0,21,0,46,253,89,6,47,3,24,248,163,192,0,222,0,246,0,226,0,91,0,39,0,18,0,13,0,11,
0,18,255,117,254,139,0,21,0,46,253,89,6,107,4,246,247,45,194,0,221,0,246,0,225,0,91,0,39,0,18,0,13,0,11,
0,18,255,117,254,139,0,21,0,46,253,89,6,178,3,181,247,193,190,0,222,0,246,0,225,0,90,0,38,0,17,0,12,0,11,
0,55,255,111,254,137,0,21,0,46,253,89,6,178,3,181,247,193,191,0,222,0,246,0,225,0,91,0,38,0,17,0,12,0,11,
0,24,255,88,254,127,0,21,0,46,253,89,6,47,3,245,247,88,191,0,222,0,246,0,224,0,91,0,39,0,18,0,13,0,12,
0,24,255,88,254,164,0,21,0,46,253,89,6,205,2,96,248,243,193,0,223,0,246,0,224,0,90,0,38,0,17,0,13,0,11,
0,237,254,120,254,164,0,21,0,46,253,89,6,213,3,146,247,119,192,0,223,0,246,0,223,0,91,0,39,0,20,0,13,0,11,
0,231,254,133,254,179,0,219,255,53,253,24,6,213,3,187,247,202,191,0,224,0,246,0,223,0,91,0,39,0,19,0,13,0,11,
0,246,254,120,254,152,0,219,255,53,253,24,6,43,3,187,247,202,191,0,225,0,246,0,223,0,89,0,38,0,18,0,12,0,11,
0,246,254,120,254,152,0,219,255,53,253,24,6,246,2,210,247,152,191,0,225,0,245,0,223,0,90,0,38,0,19,0,13,0,11,
0,210,254,115,254,114,0,219,255,53,253,24,6,207,2,203,247,252,191,0,225,0,245,0,223,0,90,0,38,0,18,0,13,0,11,
0,175,254,121,254,112,0,219,255,53,253,24,6,16,3,233,247,197,192,0,225,0,245,0,223,0,89,0,38,0,18,0,13,0,11,
0,223,254,149,254,133,0,219,255,53,253,24,6,16,3,233,247,248,191,0,227,0,245,0,223,0,89,0,37,0,17,0,12,0,10,
0,223,254,149,254,133,0,219,255,53,253,24,6,149,2,239,247,248,191,0,226,0,245,0,223,0,89,0,38,0,18,0,13,0,11,
0,31,255,164,254,127,0,219,255,53,253,24,6,236,2,132,247,106,191,0,227,0,245,0,223,0,89,0,38,0,18,0,13,0,11,
0,7,255,179,254,175,0,219,255,53,253,24,6,191,2,232,247,132,192,0,227,0,245,0,223,0,89,0,38,0,18,0,13,0,11,
0,213,254,170,254,190,0,219,255,53,253,24,6,130,2,199,247,136,191,0,227,0,245,0,223,0,89,0,38,0,18,0,13,0,11,
0,213,254,170,254,190,0,31,0,57,253,229,5,130,2,199,247,136,191,0,228,0,245,0,223,0,89,0,37,0,17,0,13,0,11,
0,238,254,185,254,185,0,31,0,57,253,229,5,52,2,171,247,174,192,0,228,0,245,0,223,0,89,0,37,0,18,0,12,0,11,
0,30,255,217,254,196,0,31,0,57,253,229,5,90,2,202,247,99,193,0,228,0,245,0,223,0,89,0,38,0,18,0,13,0,11,
0,30,255,217,254,196,0,31,0,57,253,229,5,152,2,76,247,210,191,0,228,0,245,0,223,0,89,0,38,0,18,0,13,0,11,
0,18,255,232,254,196,0,31,0,57,253,229,5,152,2,76,247,80,191,0,228,0,245,0,224,0,90,0,38,0,16,0,13,0,11,
0,244,254,16,255,213,0,31,0,57,253,229,5,22,2,24,247,80,191,0,228,0,245,0,224,0,89,0,38,0,16,0,12,0,11,
0,247,254,21,255,216,0,31,0,57,253,229,5,130,1,163,247,55,193,0,229,0,246,0,225,0,89,0,38,0,16,0,12,0,11,
0,247,254,21,255,216,0,31,0,57,253,229,5,73,2,79,247,164,193,0,228,0,245,0,224,0,90,0,38,0,17,0,12,0,11,
0,239,254,14,255,214,0,31,0,57,253,229,5,169,2,34,247,234,191,0,228,0,246,0,225,0,90,0,38,0,17,0,13,0,11,
0,236,254,7,255,203,0,31,0,57,253,229,5,169,2,34,247,234,191,0,229,0,246,0,226,0,89,0,37,0,17,0,13,0,11,
0,233,254,13,255,209,0,57,0,3,253,46,6,102,1,250,246,208,190,0,228,0,245,0,225,0,91,0,38,0,17,0,13,0,11,
0,233,254,13,255,209,0,57,0,3,253,46,6,129,1,39,247,101,192,0,228,0,246,0,226,0,90,0,38,0,16,0,12,0,11,
0,4,255,50,255,190,0,57,0,3,253,46,6,90,1,129,247,189,193,0,228,0,246,0,226,0,91,0,38,0,17,0,13,0,11,
0,11,255,65,255,195,0,57,0,3,253,46,6,90,1,213,246,107,193,0,228,0,246,0,226,0,90,0,38,0,17,0,13,0,11,
0,254,254,104,255,181,0,57,0,3,253,46,6,216,1,213,246,107,193,0,228,0,246,0,227,0,90,0,38,0,16,0,12,0,10,
0,254,254,104,255,181,0,57,0,3,253,46,6,243,1,141,246,9,191,0,227,0,246,0,227,0,91,0,38,0,18,0,13,0,11,
0,232,254,107,255,182,0,57,0,3,253,46,6,235,1,137,246,147,191,0,227,0,246,0,227,0,90,0,38,0,17,0,12,0,11,
0,243,254,121,255,180,0,57,0,3,253,46,6,168,0,220,246,38,191,0,227,0,246,0,228,0,91,0,38,0,17,0,13,0,11,
0,243,254,121,255,183,0,57,0,3,253,46,6,168,0,220,246,85,194,0,227,0,246,0,228,0,91,0,38,0,17,0,13,0,11,
0,216,254,156,255,183,0,57,0,3,253,46,6,72,1,58,247,85,194,0,226,0,246,0,228,0,91,0,38,0,17,0,12,0,11,
0,215,254,160,255,181,0,7,0,65,253,238,6,253,2,139,246,82,193,0,226,0,247,0,229,0,91,0,38,0,16,0,12,0,11,
0,193,254,158,255,155,0,7,0,65,253,238,6,21,2,178,246,122,191,0,225,0,246,0,230,0,92,0,39,0,18,0,13,0,11,
0,193,254,158,255,155,0,7,0,65,253,238,6,21,2,4,247,67,190,0,225,0,246,0,230,0,92,0,39,0,17,0,13,0,11,
0,175,254,183,255,157,0,7,0,65,253,238,6,122,0,4,247,67,190,0,225,0,247,0,231,0,92,0,38,0,17,0,13,0,11,
0,177,254,187,255,181,0,7,0,65,253,238,6,85,1,58,247,222,194,0,224,0,247,0,232,0,92,0,38,0,17,0,12,0,11,
0,189,254,204,255,178,0,7,0,65,253,238,6,216,2,73,246,30,192,0,223,0,247,0,232,0,93,0,40,0,18,0,13,0,12,
0,189,254,204,255,178,0,7,0,65,253,238,6,201,1,124,246,135,189,0,223,0,247,0,233,0,93,0,39,0,17,0,12,0,11,
0,178,254,228,255,187,0,7,0,65,253,238,6,201,1,124,246,60,192,0,222,0,247,0,233,0,94,0,40,0,18,0,13,0,12,
0,183,254,4,0,175,0,7,0,65,253,238,6,130,0,59,247,60,192,0,222,0,247,0,233,0,94,0,40,0,18,0,13,0,11,
0,240,254,4,0,181,0,7,0,65,253,238,6,18,2,14,247,140,194,0,220,0,247,0,234,0,94,0,40,0,18,0,13,0,11,
0,240,254,47,0,181,0,7,0,65,253,238,6,36,3,136,246,86,190,0,221,0,248,0,235,0,94,0,40,0,18,0,13,0,11,
0,11,255,73,0,173,0,58,0,12,253,62,6,64,2,98,247,158,190,0,220,0,248,0,235,0,94,0,39,0,17,0,12,0,11,
0,16,255,81,0,168,0,58,0,12,253,62,6,64,2,98,247,158,190,0,219,0,248,0,235,0,94,0,40,0,18,0,13,0,11,
0,16,255,81,0,177,0,58,0,12,253,62,6,158,1,205,247,157,193,0,219,0,249,0,236,0,95,0,40,0,18,0,13,0,11,
0,0,255,83,0,177,0,58,0,12,253,62,6,176,2,158,247,253,193,0,218,0,249,0,237,0,95,0,40,0,17,0,12,0,11,
0,237,254,80,0,175,0,58,0,12,253,62,6,100,3,18,247,229,190,0,217,0,248,0,236,0,95,0,40,0,18,0,13,0,11,
0,227,254,94,0,189,0,58,0,12,253,62,6,100,3,162,247,201,189,0,217,0,249,0,237,0,95,0,40,0,17,0,12,0,11,
0,227,254,94,0,189,0,58,0,12,253,62,6,24,2,162,247,201,189,0,216,0,248,0,237,0,95,0,40,0,18,0,13,0,11,
0,222,254,83,0,192,0,58,0,12,253,62,6,58,1,238,247,245,191,0,217,0,248,0,236,0,95,0,40,0,18,0,13,0,11,
0,227,254,97,0,145,0,58,0,12,253,62,6,14,3,197,247,112,194,0,217,0,248,0,237,0,95,0,34,0,16,0,13,0,11,
0,238,254,102,0,148,0,58,0,12,253,62,6,85,3,19,247,208,189,0,215,0,248,0,238,0,96,0,36,0,17,0,13,0,12,
0,238,254,102,0,148,0,237,255,51,253,230,5,85,3,19,247,208,189,0,215,0,249,0,240,0,96,0,37,0,18,0,13,0,11,
0,237,254,81,0,151,0,237,255,51,253,230,5,85,2,162,247,10,191,0,214,0,249,0,241,0,96,0,39,0,19,0,14,0,12,
0,240,254,87,0,135,0,237,255,51,253,230,5,13,2,30,248,160,192,0,213,0,250,0,241,0,97,0,40,0,19,0,13,0,12,
0,200,254,87,0,138,0,237,255,51,253,230,5,183,3,5,248,3,194,0,213,0,250,0,240,0,97,0,40,0,19,0,14,0,11,
0,200,254,123,0,138,0,237,255,51,253,230,5,183,3,110,247,84,190,0,213,0,251,0,241,0,97,0,40,0,18,0,13,0,12,
0,190,254,136,0,135,0,237,255,51,253,230,5,231,3,110,247,84,190,0,213,0,250,0,241,0,97,0,40,0,19,0,13,0,11,
0,159,254,125,0,138,0,237,255,51,253,230,5,139,2,229,247,101,190,0,212,0,250,0,241,0,98,0,41,0,19,0,13,0,12,
0,159,254,125,0,138,0,237,255,51,253,230,5,150,2,92,248,165,192,0,212,0,251,0,242,0,97,0,41,0,19,0,13,0,11,
0,185,254,112,0,138,0,237,255,51,253,230,5,202,4,36,248,106,193,0,211,0,251,0,243,0,98,0,41,0,19,0,13,0,11,
0,189,254,128,0,131,0,237,255,51,253,230,5,202,4,36,248,160,189,0,212,0,251,0,243,0,98,0,41,0,19,0,14,0,11,
0,197,254,128,0,127,0,37,0,249,252,173,6,130,3,165,247,160,189,0,211,0,252,0,244,0,98,0,41,0,19,0,13,0,11,
0,197,254,128,0,127,0,37,0,249,252,173,6,85,3,32,248,102,191,0,211,0,251,0,244,0,99,0,41,0,20,0,13,0,11,
0,184,254,149,0,140,0,37,0,249,252,173,6,244,2,124,248,133,192,0,211,0,252,0,244,0,99,0,41,0,19,0,13,0,11,
0,210,254,144,0,131,0,37,0,249,252,173,6,244,4,94,248,60,193,0,210,0,252,0,244,0,99,0,41,0,19,0,13,0,11,
0,218,254,144,0,108,0,37,0,249,252,173,6,60,4,94,248,60,193,0,211,0,253,0,244,0,98,0,41,0,19,0,12,0,11,
0,218,254,144,0,108,0,37,0,249,252,173,6,227,4,186,247,62,190,0,211,0,253,0,244,0,99,0,41,0,19,0,13,0,11,
0,226,254,175,0,108,0,37,0,249,252,173,6,66,3,24,248,47,189,0,210,0,253,0,244,0,99,0,42,0,20,0,13,0,11,
0,220,254,183,0,113,0,37,0,249,252,173,6,80,3,210,248,22,193,0,211,0,254,0,244,0,99,0,42,0,20,0,13,0,11,
0,232,254,183,0,104,0,37,0,249,252,173,6,80,3,210,248,49,192,0,210,0,253,0,244,0,99,0,42,0,19,0,13,0,11,
0,232,254,158,0,104,0,37,0,249,252,173,6,221,4,40,248,49,192,0,211,0,254,0,245,0,99,0,45,0,19,0,13,0,11,
0,242,254,122,0,118,0,52,0,12,253,89,6,230,4,185,247,150,189,0,211,0,254,0,245,0,99,0,45,0,20,0,12,0,11,
0,1,255,124,0,99,0,52,0,12,253,89,6,30,4,46,248,212,189,0,210,0,254,0,245,0,100,0,45,0,21,0,14,0,12,
0,1,255,124,0,112,0,52,0,12,253,89,6,94,3,209,248,195,191,0,211,0,255,0,245,0,100,0,44,0,20,0,14,0,11,
0,249,254,117,0,112,0,52,0,12,253,89,6,94,3,209,248,195,191,0,211,0,254,0,245,0,100,0,44,0,20,0,14,0,12,
0,235,254,112,0,117,0,52,0,12,253,89,6,57,4,87,248,248,193,0,211,0,255,0,245,0,100,0,43,0,20,0,13,0,11,
0,227,254,88,0,102,0,52,0,12,253,89,6,81,5,176,247,58,190,0,211,0,255,0,245,0,100,0,43,0,20,0,13,0,11,
0,227,254,88,0,102,0,52,0,12,253,89,6,168,3,65,248,115,189,0,211,0,255,0,245,0,100,0,44,0,21,0,14,0,12,
0,235,254,77,0,110,0,52,0,12,253,89,6,168,3,195,248,127,192,0,211,0,255,0,245,0,100,0,43,0,20,0,14,0,12,
0,242,254,87,0,119,0,52,0,12,253,89,6,68,3,195,248,127,192,0,211,0,255,0,245,0,100,0,43,0,20,0,13,0,11,
0,226,254,102,0,121,0,52,0,12,253,89,6,3,5,250,247,211,192,0,212,1,0,0,246,0,99,0,42,0,19,0,13,0,11,
0,226,254,102,0,121,0,52,0,12,253,89,6,56,4,204,247,53,189,0,212,1,0,0,246,0,99,0,42,0,20,0,13,0,11,
0,226,254,88,0,150,0,210,255,68,253,84,5,88,3,6,248,152,190,0,212,1,0,0,245,0,100,0,43,0,20,0,14,0,12,
0,238,254,77,0,200,0,210,255,68,253,84,5,88,3,6,248,91,194,0,212,1,0,0,246,0,100,0,42,0,20,0,13,0,11,
0,238,254,77,0,197,0,210,255,68,253,84,5,140,3,159,248,91,194,0,212,1,0,0,245,0,100,0,43,0,20,0,13,0,11,
0,214,254,84,0,197,0,210,255,68,253,84,5,164,4,170,247,240,190,0,212,1,1,0,246,0,99,0,42,0,19,0,13,0,11,
0,4,255,88,0,170,0,210,255,68,253,84,5,98,3,188,247,220,189,0,212,1,1,0,246,0,100,0,42,0,19,0,13,0,11,
0,24,255,66,0,175,0,210,255,68,253,84,5,98,3,9,248,35,192,0,212,1,0,0,245,0,100,0,43,0,20,0,13,0,11,
0,24,255,66,0,143,0,210,255,68,253,84,5,134,3,9,248,35,192,0,213,1,1,0,244,0,99,0,42,0,19,0,13,0,11,
0,20,255,56,0,143,0,210,255,68,253,84,5,238,3,111,247,107,192,0,213,1,0,0,244,0,100,0,43,0,20,0,13,0,11,
0,6,255,39,0,147,0,210,255,68,253,84,5,115,4,45,247,98,190,0,214,1,1,0,245,0,99,0,42,0,19,0,13,0,11,
0,211,254,254,255,136,0,210,255,68,253,84,5,98,3,124,247,164,190,0,214,1,1,0,246,0,100,0,42,0,19,0,13,0,11,
0,211,254,254,255,136,0,85,0,31,253,56,6,98,3,124,247,85,191,0,213,1,1,0,246,0,100,0,43,0,20,0,14,0,12,
0,228,254,227,255,107,0,85,0,31,253,56,6,23,3,149,247,85,191,0,214,1,1,0,246,0,100,0,43,0,20,0,14,0,12,
0,251,254,202,255,129,0,85,0,31,253,56,6,200,3,186,247,83,192,0,213,1,2,0,246,0,100,0,43,0,20,0,13,0,12,
0,243,254,193,255,139,0,85,0,31,253,56,6,102,4,35,247,44,191,0,214,1,2,0,245,0,100,0,42,0,19,0,13,0,11,
0,243,254,193,255,139,0,85,0,31,253,56,6,216,3,92,247,97,189,0,214,1,2,0,244,0,100,0,42,0,20,0,13,0,11,
0,238,254,223,255,159,0,85,0,31,253,56,6,216,3,92,247,97,189,0,214,1,1,0,244,0,100,0,43,0,20,0,14,0,12,
0,215,254,224,255,165,0,85,0,31,253,56,6,151,2,183,247,158,191,0,215,1,1,0,243,0,100,0,43,0,20,0,14,0,12,
0,215,254,224,255,145,0,85,0,31,253,56,6,211,3,199,247,205,192,0,215,1,0,0,242,0,100,0,43,0,20,0,13,0,11,
0,191,254,213,255,145,0,85,0,31,253,56,6,24,4,87,247,140,190,0,216,1,1,0,242,0,99,0,42,0,19,0,13,0,11,
0,166,254,205,255,129,0,85,0,31,253,56,6,24,4,87,247,82,190,0,215,1,0,0,242,0,99,0,42,0,20,0,13,0,11,
0,181,254,191,255,136,0,236,255,32,253,202,6,70,3,63,247,82,190,0,215,1,0,0,244,0,99,0,42,0,20,0,13,0,12,
0,181,254,191,255,122,0,236,255,32,253,202,6,115,2,239,247,128,191,0,215,1,1,0,244,0,99,0,42,0,20,0,13,0,11,
0,240,254,202,255,122,0,236,255,32,253,202,6,67,4,132,247,151,192,0,214,1,1,0,244,0,99,0,42,0,19,0,13,0,11,
0,254,254,182,255,125,0,236,255,32,253,202,6,171,3,138,247,93,190,0,215,1,2,0,242,0,99,0,41,0,18,0,13,0,11,
0,229,254,158,255,133,0,236,255,32,253,202,6,171,3,138,247,93,190,0,215,1,2,0,240,0,98,0,41,0,18,0,12,0,11,
0,229,254,158,255,133,0,236,255,32,253,202,6,76,3,22,248,56,191,0,216,1,1,0,238,0,98,0,41,0,18,0,13,0,11,
0,228,254,163,255,127,0,236,255,32,253,202,6,176,3,23,248,234,191,0,217,1,0,0,238,0,97,0,41,0,17,0,12,0,11,
0,12,255,179,255,109,0,236,255,32,253,202,6,194,3,218,247,73,190,0,216,0,255,0,239,0,98,0,42,0,18,0,13,0,11,
0,229,254,157,255,97,0,236,255,32,253,202,6,194,3,34,248,20,190,0,216,1,0,0,241,0,98,0,41,0,20,0,13,0,11,
0,229,254,157,255,97,0,236,255,32,253,202,6,191,2,34,248,20,190,0,216,1,1,0,242,0,98,0,41,0,19,0,13,0,11,
0,183,254,138,255,107,0,3,0,25,253,175,6,225,2,96,248,107,191,0,215,1,1,0,241,0,98,0,42,0,20,0,14,0,12,
0,216,254,145,255,109,0,3,0,25,253,175,6,72,3,70,248,213,191,0,215,1,1,0,239,0,98,0,42,0,18,0,13,0,12,
0,216,254,145,255,123,0,3,0,25,253,175,6,188,2,100,248,180,188,0,217,1,0,0,237,0,98,0,42,0,18,0,13,0,11,
0,19,255,143,255,123,0,3,0,25,253,175,6,188,2,100,248,87,192,0,218,1,0,0,236,0,97,0,41,0,18,0,13,0,12,
0,251,254,150,255,134,0,3,0,25,253,175,6,168,2,250,248,87,192,0,218,0,255,0,238,0,97,0,41,0,18,0,12,0,11,
0,216,254,167,255,117,0,3,0,25,253,175,6,206,3,81,248,128,191,0,217,0,255,0,239,0,97,0,42,0,19,0,13,0,12,
0,216,254,167,255,117,0,3,0,25,253,175,6,176,2,123,248,228,187,0,217,1,0,0,241,0,98,0,41,0,20,0,13,0,11,
0,219,254,156,255,117,0,3,0,25,253,175,6,176,2,211,249,207,192,0,217,1,0,0,240,0,98,0,41,0,20,0,13,0,11,
0,233,254,137,255,136,0,3,0,25,253,175,6,23,2,211,249,207,192,0,218,1,0,0,239,0,97,0,41,0,17,0,12,0,11,
0,228,254,128,255,143,0,3,0,25,253,175,6,219,3,39,249,188,191,0,219,1,0,0,238,0,97,0,40,0,17,0,12,0,11,
0,228,254,128,255,143,0,3,0,25,253,175,6,52,3,198,248,31,188,0,219,0,254,0,238,0,97,0,42,0,18,0,13,0,11,
0,195,254,137,255,123,0,21,0,28,253,202,6,228,1,141,249,11,190,0,220,0,254,0,240,0,97,0,41,0,20,0,13,0,11,
0,164,254,132,255,128,0,21,0,28,253,202,6,228,1,141,249,61,193,0,220,0,255,0,242,0,97,0,41,0,19,0,13,0,11,
0,201,254,123,255,133,0,21,0,28,253,202,6,128,2,237,249,61,193,0,219,0,255,0,241,0,97,0,41,0,20,0,13,0,11,
0,201,254,123,255,133,0,21,0,28,253,202,6,58,4,70,249,21,191,0,220,1,0,0,240,0,97,0,40,0,19,0,13,0,11,
0,6,255,119,255,120,0,21,0,28,253,202,6,186,2,69,249,53,188,0,221,0,255,0,239,0,97,0,41,0,18,0,13,0,11,
0,14,255,158,255,132,0,21,0,28,253,202,6,196,1,44,250,218,192,0,222,0,255,0,240,0,97,0,41,0,20,0,13,0,11,
0,14,255,158,255,129,0,21,0,28,253,202,6,196,1,44,250,218,192,0,222,0,255,0,241,0,98,0,41,0,19,0,13,0,11,
0,17,255,151,255,129,0,21,0,28,253,202,6,62,3,92,249,46,191,0,222,1,0,0,243,0,97,0,40,0,19,0,13,0,11,
0,30,255,165,255,133,0,21,0,28,253,202,6,154,2,161,249,55,190,0,222,1,0,0,242,0,98,0,41,0,20,0,13,0,11,
0,24,255,174,255,117,0,21,0,28,253,202,6,234,1,81,250,22,191,0,223,1,0,0,240,0,98,0,41,0,19,0,13,0,11,
0,24,255,174,255,117,0,252,255,48,253,227,5,234,1,24,250,125,192,0,224,1,0,0,240,0,97,0,41,0,19,0,13,0,12,
0,56,255,164,255,101,0,252,255,48,253,227,5,28,3,24,250,125,192,0,223,0,255,0,241,0,98,0,42,0,20,0,13,0,11,
0,77,255,171,255,90,0,252,255,48,253,227,5,42,3,187,249,164,190,0,223,1,0,0,243,0,98,0,41,0,19,0,13,0,12,
0,67,255,199,255,80,0,252,255,48,253,227,5,100,2,192,249,237,189,0,223,1,1,0,244,0,98,0,41,0,19,0,13,0,11,
0,67,255,199,255,80,0,252,255,48,253,227,5,64,2,47,250,102,191,0,223,1,1,0,243,0,99,0,36,0,19,0,14,0,12,
0,84,255,215,255,94,0,252,255,48,253,227,5,64,2,47,250,43,192,0,224,1,1,0,242,0,98,0,37,0,18,0,13,0,12,
0,78,255,220,255,106,0,252,255,48,253,227,5,232,2,73,250,43,192,0,225,1,1,0,241,0,99,0,39,0,18,0,13,0,11,
0,82,255,237,255,104,0,252,255,48,253,227,5,29,3,218,249,54,190,0,225,1,0,0,242,0,98,0,39,0,19,0,13,0,12,
0,82,255,237,255,104,0,252,255,48,253,227,5,123,2,157,249,30,190,0,225,1,1,0,244,0,98,0,40,0,18,0,13,0,11,
0,79,255,248,255,64,0,252,255,48,253,227,5,123,2,1,250,182,192,0,224,1,1,0,245,0,99,0,40,0,19,0,13,0,11,
0,104,255,222,255,79,0,22,0,16,253,198,6,228,2,1,250,182,192,0,224,1,2,0,246,0,99,0,41,0,19,0,13,0,11,
0,104,255,222,255,101,0,22,0,16,253,198,6,144,3,217,249,136,191,0,224,1,3,0,245,0,99,0,41,0,19,0,13,0,10,
0,104,255,216,255,101,0,22,0,16,253,198,6,231,2,238,249,219,189,0,225,1,3,0,245,0,99,0,41,0,19,0,12,0,11,
0,92,255,212,255,138,0,22,0,16,253,198,6,73,2,5,250,80,191,0,225,1,3,0,244,0,99,0,41,0,19,0,13,0,11,
0,95,255,225,255,132,0,22,0,16,253,198,6,73,2,5,250,111,192,0,225,1,1,0,244,0,99,0,41,0,20,0,13,0,11,
0,95,255,225,255,132,0,22,0,16,253,198,6,34,3,219,249,111,192,0,225,1,2,0,246,0,100,0,41,0,20,0,13,0,11,
0,110,255,11,0,125,0,22,0,16,253,198,6,47,3,115,249,21,190,0,224,1,3,0,248,0,99,0,41,0,19,0,13,0,11,
0,124,255,29,0,78,0,22,0,16,253,198,6,75,2,223,249,201,189,0,223,1,3,0,248,0,100,0,42,0,20,0,13,0,11,
0,122,255,55,0,67,0,22,0,16,253,198,6,74,3,230,249,42,193,0,224,1,4,0,249,0,100,0,41,0,19,0,13,0,11,
0,122,255,55,0,67,0,22,0,16,253,198,6,74,3,230,249,42,193,0,224,1,4,0,248,0,101,0,42,0,20,0,13,0,12,
0,177,255,66,0,97,0,19,0,17,253,198,6,158,3,8,249,181,189,0,224,1,4,0,247,0,101,0,43,0,20,0,14,0,12,
0,184,255,58,0,149,0,19,0,17,253,198,6,92,3,144,249,136,191,0,224,1,4,0,247,0,101,0,43,0,20,0,13,0,11,
0,91,255,57,0,152,0,19,0,17,253,198,6,228,2,216,249,252,191,0,224,1,4,0,248,0,101,0,42,0,20,0,14,0,12,
0,91,255,57,0,152,0,19,0,17,253,198,6,228,2,216,249,80,191,0,224,1,4,0,249,0,101,0,42,0,19,0,13,0,11,
0,68,255,49,0,142,0,19,0,17,253,198,6,91,3,213,249,80,191,0,224,1,4,0,248,0,102,0,43,0,20,0,14,0,12,
0,101,255,60,0,117,0,19,0,17,253,198,6,37,4,96,249,201,190,0,224,1,4,0,249,0,102,0,43,0,20,0,14,0,12,
0,101,255,60,0,107,0,19,0,17,253,198,6,192,2,94,249,171,189,0,224,1,3,0,250,0,102,0,47,0,21,0,13,0,11,
0,135,255,52,0,107,0,19,0,17,253,198,6,122,2,220,249,179,192,0,223,1,4,0,251,0,102,0,47,0,21,0,13,0,11,
0,106,255,37,0,92,0,19,0,17,253,198,6,122,2,220,249,179,192,0,223,1,5,0,252,0,102,0,45,0,20,0,13,0,11,
0,147,255,58,0,69,0,19,0,17,253,198,6,186,4,5,249,36,192,0,223,1,5,0,252,0,102,0,45,0,21,0,13,0,11,
0,147,255,58,0,69,0,19,255,70,253,9,6,52,4,169,248,167,188,0,223,1,5,0,252,0,103,0,45,0,21,0,14,0,11,
0,186,255,61,0,64,0,254,255,70,253,9,6,226,2,65,249,13,191,0,223,1,5,0,252,0,103,0,44,0,20,0,13,0,11,
0,174,255,58,0,75,0,254,255,70,253,9,6,226,2,94,249,139,192,0,223,1,6,0,253,0,102,0,44,0,20,0,13,0,11,
0,150,255,33,0,96,0,254,255,70,253,9,6,206,3,94,249,139,192,0,223,1,5,0,253,0,104,0,44,0,21,0,14,0,11,
0,150,255,33,0,96,0,254,255,70,253,9,6,165,4,24,249,32,192,0,223,1,6,0,254,0,104,0,44,0,20,0,14,0,11,
0,178,255,16,0,73,0,254,255,70,253,9,6,211,4,93,248,157,189,0,223,1,6,0,255,0,103,0,43,0,20,0,13,0,11,
0,216,255,42,0,67,0,254,255,70,253,9,6,42,3,131,248,206,189,0,223,1,6,0,254,0,104,0,44,0,20,0,13,0,11,
0,204,255,42,0,65,0,254,255,70,253,9,6,42,3,131,248,116,192,0,223,1,6,0,255,0,104,0,44,0,20,0,14,0,11,
0,204,255,38,0,65,0,254,255,70,253,9,6,154,3,29,249,116,192,0,223,1,6,0,255,0,104,0,44,0,20,0,13,0,11,
0,169,255,34,0,81,0,254,255,70,253,9,6,255,4,169,248,94,191,0,223,1,6,0,255,0,104,0,44,0,21,0,14,0,12,
0,152,255,8,0,88,0,254,255,70,253,9,6,162,4,4,248,101,188,0,224,1,6,1,0,0,105,0,45,0,19,0,14,0,12,
0,152,255,8,0,62,0,44,0,6,253,73,6,162,3,100,248,198,190,0,224,1,6,1,0,0,105,0,44,0,19,0,13,0,11,
0,207,255,17,0,62,0,44,0,6,253,73,6,131,3,100,248,198,190,0,224,1,7,1,0,0,105,0,45,0,20,0,14,0,12,
0,199,255,24,0,56,0,44,0,6,253,73,6,136,3,218,248,248,192,0,224,1,8,1,1,0,105,0,44,0,19,0,13,0,11,
0,171,255,13,0,58,0,44,0,6,253,73,6,76,5,179,247,238,191,0,224,1,8,1,0,0,106,0,45,0,20,0,14,0,12,
0,171,255,13,0,58,0,44,0,6,253,73,6,220,4,129,247,28,189,0,224,1,8,1,1,0,105,0,45,0,20,0,14,0,12,
0,167,255,21,0,51,0,44,0,6,253,73,6,220,4,129,247,17,190,0,224,1,8,1,1,0,106,0,45,0,20,0,13,0,11,
0,120,255,17,0,38,0,44,0,6,253,73,6,69,3,14,248,17,190,0,224,1,8,1,2,0,106,0,45,0,20,0,14,0,11,
0,125,255,23,0,21,0,44,0,6,253,73,6,43,4,37,248,43,194,0,225,1,8,1,3,0,105,0,44,0,19,0,13,0,11,
0,125,255,23,0,21,0,44,0,6,253,73,6,88,5,96,247,93,191,0,224,1,8,1,3,0,106,0,45,0,20,0,14,0,11,
0,134,255,17,0,28,0,44,0,6,253,73,6,114,4,58,247,36,189,0,224,1,8,1,3,0,106,0,45,0,20,0,13,0,11,
0,147,255,11,0,22,0,212,255,120,253,211,5,114,4,58,247,36,189,0,224,1,9,1,3,0,107,0,45,0,20,0,13,0,11,
0,137,255,11,255,17,0,212,255,120,253,211,5,85,3,178,247,68,191,0,225,1,9,1,3,0,106,0,45,0,20,0,13,0,11,
0,137,255,246,255,17,0,212,255,120,253,211,5,78,4,179,247,57,194,0,224,1,9,1,4,0,106,0,45,0,19,0,13,0,11,
0,161,255,245,255,14,0,212,255,120,253,211,5,164,5,207,246,43,190,0,224,1,9,1,4,0,107,0,45,0,20,0,14,0,11,
0,181,255,252,255,16,0,212,255,120,253,211,5,164,5,27,247,85,189,0,224,1,9,1,4,0,107,0,45,0,20,0,13,0,11,
0,181,255,252,255,9,0,212,255,120,253,211,5,79,4,27,247,85,189,0,224,1,9,1,4,0,107,0,45,0,20,0,13,0,11,
0,130,255,3,0,9,0,212,255,120,253,211,5,213,3,194,247,57,192,0,225,1,10,1,4,0,107,0,45,0,20,0,13,0,11,
0,128,255,249,255,12,0,212,255,120,253,211,5,56,5,44,247,143,193,0,224,1,10,1,4,0,107,0,46,0,20,0,14,0,12,
0,125,255,244,255,26,0,212,255,120,253,211,5,67,5,96,246,160,190,0,224,1,10,1,4,0,107,0,46,0,20,0,14,0,12,
0,125,255,244,255,26,0,212,255,120,253,211,5,67,5,96,246,94,190,0,224,1,10,1,4,0,107,0,46,0,20,0,14,0,12,
0,115,255,215,255,27,0,253,255,68,253,122,6,139,4,218,246,94,190,0,225,1,11,1,4,0,107,0,45,0,20,0,13,0,11,
0,92,255,223,255,22,0,253,255,68,253,122,6,176,3,51,247,113,192,0,225,1,11,1,3,0,107,0,46,0,20,0,14,0,12,
0,89,255,226,255,42,0,253,255,68,253,122,6,238,4,225,246,57,195,0,225,1,11,1,3,0,107,0,46,0,20,0,13,0,11,
0,89,255,226,255,42,0,253,255,68,253,122,6,238,4,79,246,229,189,0,225,1,11,1,2,0,107,0,46,0,21,0,14,0,12,
0,64,255,217,255,23,0,253,255,68,253,122,6,157,5,79,246,229,189,0,226,1,11,1,2,0,108,0,46,0,21,0,14,0,12,
0,61,255,199,255,9,0,253,255,68,253,122,6,59,3,228,246,71,192,0,225,1,11,1,2,0,107,0,46,0,20,0,14,0,11,
0,61,255,199,255,0,0,253,255,68,253,122,6,163,4,184,246,20,194,0,226,1,11,1,1,0,107,0,46,0,21,0,14,0,12,
0,61,255,172,255,0,0,253,255,68,253,122,6,83,5,14,246,85,191,0,226,1,11,1,1,0,106,0,45,0,20,0,13,0,11,
0,74,255,166,255,9,0,253,255,68,253,122,6,83,5,14,246,79,192,0,226,1,11,1,0,0,107,0,46,0,20,0,14,0,11,
0,54,255,158,255,18,0,253,255,68,253,122,6,228,3,248,246,79,192,0,226,1,11,1,0,0,106,0,45,0,20,0,13,0,11,
0,54,255,158,255,22,0,77,0,6,253,70,6,214,4,193,246,171,192,0,226,1,10,1,0,0,107,0,45,0,20,0,13,0,11,
0,32,255,164,255,22,0,77,0,6,253,70,6,188,4,154,246,13,191,0,226,1,11,0,255,0,106,0,45,0,22,0,14,0,11,
0,38,255,160,255,0,0,77,0,6,253,70,6,131,3,63,247,171,193,0,227,1,11,0,255,0,105,0,44,0,20,0,13,0,11,
0,74,255,124,255,246,255,77,0,6,253,70,6,131,3,63,247,171,193,0,227,1,10,0,255,0,105,0,45,0,21,0,14,0,11,
0,74,255,124,255,246,255,77,0,6,253,70,6,164,5,80,246,14,192,0,227,1,10,0,254,0,105,0,45,0,21,0,14,0,11,
0,106,255,128,255,243,255,77,0,6,253,70,6,230,3,188,246,187,189,0,227,1,10,0,254,0,105,0,44,0,20,0,13,0,11,
0,53,255,137,255,247,255,77,0,6,253,70,6,25,3,94,247,122,192,0,227,1,9,0,253,0,105,0,45,0,21,0,14,0,11,
0,30,255,122,255,224,255,77,0,6,253,70,6,25,3,6,247,109,194,0,228,1,9,0,253,0,104,0,44,0,20,0,13,0,11,
0,30,255,122,255,224,255,77,0,6,253,70,6,0,5,6,247,109,194,0,228,1,9,0,252,0,104,0,45,0,21,0,14,0,12,
0,72,255,107,255,234,255,77,0,6,253,70,6,68,4,64,246,187,188,0,228,1,8,0,251,0,104,0,45,0,21,0,14,0,12,
0,89,255,96,255,240,255,77,0,6,253,70,6,222,2,59,247,80,191,0,229,1,8,0,251,0,104,0,44,0,20,0,13,0,11,
0,89,255,96,255,243,255,31,0,248,252,198,6,197,3,181,247,19,194,0,228,1,8,0,250,0,104,0,44,0,21,0,14,0,12,
0,53,255,97,255,243,255,31,0,248,252,198,6,197,3,181,247,19,194,0,229,1,8,0,250,0,104,0,44,0,20,0,13,0,11,
0,44,255,119,255,12,0,31,0,248,252,198,6,176,4,142,246,191,190,0,229,1,8,0,248,0,104,0,45,0,21,0,14,0,12,
0,59,255,110,255,251,255,31,0,248,252,198,6,214,2,31,247,86,189,0,229,1,7,0,248,0,103,0,44,0,21,0,14,0,12,
0,59,255,110,255,223,255,31,0,248,252,198,6,25,3,191,247,219,193,0,230,1,8,0,247,0,102,0,43,0,20,0,13,0,11,
0,47,255,141,255,223,255,31,0,248,252,198,6,25,3,30,247,75,192,0,229,1,6,0,247,0,102,0,44,0,20,0,14,0,12,
0,27,255,158,255,216,255,31,0,248,252,198,6,236,3,30,247,75,192,0,230,1,7,0,246,0,101,0,43,0,20,0,13,0,11,
0,86,255,143,255,194,255,31,0,248,252,198,6,195,2,246,246,181,190,0,230,1,6,0,245,0,101,0,43,0,20,0,13,0,11,
0,86,255,143,255,194,255,31,0,248,252,198,6,97,2,156,247,107,192,0,230,1,6,0,245,0,100,0,42,0,19,0,13,0,11,
0,99,255,141,255,186,255,31,0,248,252,198,6,238,2,94,247,155,192,0,229,1,5,0,244,0,101,0,43,0,20,0,13,0,11,
0,120,255,168,255,187,255,228,255,48,253,31,6,238,2,94,247,133,192,0,230,1,6,0,244,0,100,0,43,0,20,0,13,0,11,
0,120,255,166,255,183,255,228,255,48,253,31,6,58,3,74,247,133,192,0,229,1,5,0,243,0,100,0,37,0,19,0,14,0,12,
0,120,255,166,255,183,255,228,255,48,253,31,6,62,2,97,247,185,190,0,229,1,5,0,243,0,100,0,38,0,19,0,14,0,12,
0,49,255,160,255,196,255,228,255,48,253,31,6,224,2,174,247,65,192,0,229,1,5,0,242,0,99,0,39,0,18,0,13,0,11,
0,68,255,166,255,188,255,228,255,48,253,31,6,224,3,98,247,214,191,0,229,1,4,0,242,0,99,0,40,0,19,0,13,0,11,
0,68,255,166,255,185,255,228,255,48,253,31,6,35,3,98,247,214,191,0,228,1,5,0,242,0,99,0,40,0,18,0,13,0,11,
0,77,255,151,255,185,255,228,255,48,253,31,6,238,2,108,247,139,191,0,228,1,4,0,241,0,99,0,41,0,19,0,13,0,12,
0,98,255,144,255,196,255,228,255,48,253,31,6,121,2,78,247,17,191,0,228,1,4,0,241,0,99,0,41,0,19,0,13,0,11,
0,79,255,187,255,209,255,228,255,48,253,31,6,226,1,176,247,213,192,0,228,1,4,0,241,0,98,0,41,0,19,0,13,0,11,
0,79,255,187,255,180,255,228,255,48,253,31,6,226,1,176,247,41,192,0,227,1,4,0,240,0,98,0,41,0,19,0,13,0,11,
0,72,255,193,255,180,255,223,255,29,253,150,5,212,2,199,247,41,192,0,227,1,4,0,240,0,98,0,41,0,19,0,13,0,11,
0,94,255,196,255,173,255,223,255,29,253,150,5,133,2,118,247,25,193,0,226,1,3,0,239,0,98,0,42,0,18,0,13,0,12,
0,107,255,243,255,153,255,223,255,29,253,150,5,174,2,233,246,173,190,0,226,1,3,0,239,0,98,0,41,0,18,0,13,0,12,
0,107,255,243,255,153,255,223,255,29,253,150,5,227,1,180,247,216,191,0,226,1,3,0,239,0,98,0,41,0,18,0,13,0,11,
0,88,255,225,255,150,255,223,255,29,253,150,5,227,1,180,247,216,191,0,225,1,2,0,239,0,97,0,41,0,18,0,13,0,11,
0,92,255,214,255,133,255,223,255,29,253,150,5,214,1,251,247,24,193,0,225,1,3,0,239,0,97,0,41,0,18,0,12,0,11,
0,86,255,230,255,115,255,223,255,29,253,150,5,246,2,154,247,1,193,0,224,1,2,0,238,0,97,0,41,0,19,0,13,0,11,
0,86,255,230,255,115,255,223,255,29,253,150,5,222,1,94,247,237,189,0,224,1,2,0,238,0,97,0,41,0,19,0,13,0,11,
0,65,255,240,255,94,255,223,255,29,253,150,5,222,1,196,247,137,192,0,224,1,2,0,238,0,97,0,41,0,18,0,13,0,11,
0,65,255,233,255,84,255,223,255,29,253,150,5,74,2,196,247,137,192,0,223,1,1,0,238,0,96,0,41,0,18,0,12,0,11,
0,65,255,233,255,92,255,5,0,118,253,221,5,30,3,211,247,23,192,0,224,1,1,0,238,0,96,0,40,0,17,0,12,0,11,
0,87,255,228,255,92,255,5,0,118,253,221,5,143,2,146,247,117,191,0,223,1,1,0,239,0,96,0,40,0,17,0,12,0,11,
0,59,255,1,0,92,255,5,0,118,253,221,5,206,1,218,247,141,191,0,222,1,0,0,238,0,97,0,41,0,18,0,13,0,11,
0,73,255,12,0,68,255,5,0,118,253,221,5,206,1,218,247,11,193,0,222,1,0,0,238,0,97,0,45,0,19,0,12,0,11,
0,73,255,12,0,66,255,5,0,118,253,221,5,36,2,206,247,11,193,0,222,1,0,0,239,0,96,0,44,0,19,0,12,0,11,
0,86,255,9,0,66,255,5,0,118,253,221,5,130,2,172,247,137,191,0,221,1,0,0,239,0,97,0,43,0,19,0,13,0,11,
0,117,255,30,0,91,255,5,0,118,253,221,5,135,2,201,247,190,190,0,222,1,1,0,239,0,96,0,42,0,18,0,12,0,11,
0,136,255,41,0,72,255,5,0,118,253,221,5,135,2,233,247,74,191,0,221,1,0,0,239,0,97,0,43,0,19,0,13,0,11,
0,136,255,41,0,72,255,5,0,118,253,221,5,240,1,233,247,74,191,0,221,1,0,0,240,0,96,0,42,0,20,0,13,0,11,
0,155,255,22,0,67,255,5,0,118,253,221,5,89,2,221,247,135,192,0,220,1,0,0,239,0,97,0,42,0,19,0,13,0,11,
0,144,255,255,255,61,255,5,0,118,253,221,5,254,2,135,247,125,190,0,220,1,0,0,240,0,97,0,42,0,21,0,14,0,12,
0,152,255,8,0,28,255,56,0,26,253,100,6,80,2,211,247,120,191,0,220,1,0,0,241,0,97,0,41,0,20,0,13,0,11,
0,152,255,8,0,28,255,56,0,26,253,100,6,80,2,211,247,118,191,0,219,1,0,0,241,0,98,0,42,0,20,0,14,0,12,
0,168,255,4,0,7,255,56,0,26,253,100,6,146,2,4,248,118,191,0,218,0,255,0,241,0,98,0,42,0,20,0,14,0,12,
0,145,255,2,0,14,255,56,0,26,253,100,6,254,2,8,248,176,190,0,218,0,255,0,242,0,97,0,42,0,20,0,14,0,11,
0,145,255,2,0,13,255,56,0,26,253,100,6,178,2,36,248,219,190,0,218,1,0,0,243,0,97,0,41,0,20,0,14,0,11,
0,145,255,21,0,13,255,56,0,26,253,100,6,145,3,247,247,139,191,0,218,1,0,0,243,0,98,0,41,0,19,0,13,0,11,
0,159,255,19,0,9,255,56,0,26,253,100,6,145,3,247,247,139,191,0,217,0,255,0,243,0,99,0,42,0,20,0,14,0,11,
0,157,255,20,0,247,254,56,0,26,253,100,6,206,3,138,247,224,189,0,216,0,255,0,244,0,98,0,42,0,20,0,13,0,11,
0,157,255,20,0,247,255,56,0,26,253,100,6,244,2,40,248,187,190,0,216,0,255,0,244,0,99,0,41,0,19,0,13,0,11,
0,163,255,14,0,7,255,56,0,26,253,100,6,2,3,2,248,143,190,0,216,1,0,0,245,0,99,0,41,0,19,0,12,0,11,
0,180,255,17,0,251,254,21,0,62,253,74,6,2,3,2,248,123,192,0,215,0,255,0,245,0,99,0,42,0,20,0,13,0,11,
0,185,255,14,0,249,254,21,0,62,253,74,6,20,4,30,248,123,192,0,215,0,255,0,246,0,100,0,42,0,19,0,13,0,11,
0,185,255,14,0,249,254,21,0,62,253,74,6,78,4,148,247,193,189,0,214,0,255,0,246,0,100,0,42,0,19,0,13,0,11,
0,201,255,243,255,41,255,21,0,62,253,74,6,68,3,238,247,215,190,0,214,0,255,0,247,0,99,0,41,0,19,0,13,0,11,
0,191,255,244,255,25,255,21,0,62,253,74,6,97,3,102,248,233,192,0,214,0,255,0,247,0,100,0,42,0,20,0,13,0,12,
0,209,255,8,0,18,255,21,0,62,253,74,6,97,3,102,248,233,192,0,214,0,255,0,248,0,100,0,42,0,19,0,13,0,11,
0,209,255,8,0,18,255,21,0,62,253,74,6,64,4,168,247,208,190,0,213,0,255,0,247,0,101,0,43,0,20,0,13,0,12,
0,228,255,255,255,237,254,21,0,62,253,74,6,222,3,131,247,233,189,0,213,0,255,0,248,0,101,0,43,0,20,0,14,0,12,
0,226,255,1,0,224,254,21,0,62,253,74,6,252,3,234,247,81,192,0,213,0,255,0,249,0,100,0,42,0,19,0,13,0,11,
0,226,255,1,0,240,254,21,0,62,253,74,6,252,3,239,247,141,191,0,212,0,254,0,248,0,101,0,43,0,20,0,14,0,12,
0,246,255,254,255,240,254,192,255,65,253,104,6,48,4,239,247,141,191,0,212,0,255,0,249,0,101,0,42,0,20,0,13,0,11,
0,255,255,6,0,215,254,192,255,65,253,104,6,90,4,144,247,75,192,0,212,0,254,0,249,0,102,0,43,0,20,0,14,0,12,
0,227,255,12,0,205,254,192,255,65,253,104,6,136,4,56,247,12,190,0,212,0,254,0,249,0,102,0,43,0,20,0,14,0,12,
0,227,255,12,0,205,254,192,255,65,253,104,6,250,3,156,247,146,190,0,212,0,254,0,249,0,102,0,43,0,20,0,13,0,11,
0,237,255,10,0,213,254,192,255,65,253,104,6,250,3,156,247,185,191,0,212,0,254,0,250,0,102,0,43,0,19,0,13,0,11,
0,242,255,12,0,210,254,192,255,65,253,104,6,174,3,14,248,185,191,0,212,0,253,0,249,0,102,0,43,0,20,0,14,0,11,
0,16,0,243,255,231,254,192,255,65,253,104,6,8,5,88,247,30,192,0,212,0,253,0,249,0,102,0,43,0,20,0,14,0,11,
0,16,0,243,255,231,254,192,255,65,253,104,6,226,4,87,247,113,189,0,211,0,253,0,249,0,102,0,43,0,20,0,13,0,11,
0,26,0,227,255,252,254,192,255,65,253,104,6,226,3,231,247,157,191,0,211,0,253,0,249,0,102,0,43,0,20,0,13,0,11,
0,14,0,202,255,235,254,192,255,65,253,104,6,205,3,231,247,157,191,0,212,0,253,0,250,0,102,0,42,0,19,0,13,0,11,
0,24,0,187,255,231,254,250,255,50,253,7,7,183,4,219,247,69,192,0,212,0,253,0,250,0,102,0,43,0,20,0,13,0,11,
0,24,0,187,255,231,254,250,255,50,253,7,7,22,5,233,247,163,192,0,211,0,252,0,249,0,102,0,43,0,20,0,13,0,11,
0,75,0,201,255,216,254,250,255,50,253,7,7,70,5,94,247,229,189,0,211,0,252,0,249,0,102,0,43,0,20,0,14,0,11,
0,75,0,199,255,230,254,250,255,50,253,7,7,70,5,94,247,107,189,0,211,0,252,0,249,0,102,0,43,0,20,0,13,0,11,
0,75,0,199,255,0,255,250,255,50,253,7,7,123,4,136,247,107,189,0,211,0,252,0,249,0,101,0,43,0,20,0,14,0,12,
0,60,0,179,255,0,255,250,255,50,253,7,7,255,3,79,248,225,191,0,211,0,252,0,249,0,102,0,43,0,20,0,13,0,11,
0,40,0,175,255,248,254,250,255,50,253,7,7,177,4,22,248,255,192,0,211,0,251,0,248,0,102,0,43,0,20,0,14,0,12,
0,48,0,153,255,241,254,250,255,50,253,7,7,222,5,106,247,40,191,0,211,0,251,0,248,0,102,0,43,0,20,0,14,0,12,
0,48,0,153,255,241,254,250,255,50,253,7,7,222,5,106,247,40,191,0,211,0,251,0,247,0,102,0,43,0,20,0,13,0,11,
0,64,0,103,255,231,254,250,255,50,253,7,7,164,4,231,247,198,188,0,212,0,251,0,247,0,101,0,43,0,20,0,14,0,12,
0,55,0,72,255,228,254,250,255,50,253,100,6,12,4,131,248,208,191,0,212,0,251,0,247,0,101,0,43,0,20,0,13,0,11,
0,59,0,103,255,228,254,6,0,122,253,100,6,74,5,58,248,149,193,0,211,0,250,0,246,0,102,0,44,0,21,0,14,0,12,
0,59,0,103,255,228,254,6,0,122,253,100,6,74,5,146,247,30,189,0,211,0,251,0,245,0,101,0,43,0,20,0,14,0,12,
0,79,0,120,255,4,255,6,0,122,253,100,6,157,5,146,247,30,189,0,212,0,251,0,245,0,101,0,43,0,20,0,13,0,11,
0,125,0,91,255,255,254,6,0,122,253,100,6,60,4,75,248,43,190,0,212,0,251,0,244,0,100,0,43,0,20,0,14,0,12,
0,153,0,48,255,2,255,6,0,122,253,100,6,141,5,72,248,89,193,0,212,0,251,0,244,0,100,0,43,0,20,0,13,0,11,
0,153,0,48,255,2,255,6,0,122,253,100,6,92,4,7,248,200,189,0,213,0,250,0,243,0,100,0,43,0,20,0,14,0,11,
0,159,0,26,255,249,254,6,0,122,253,100,6,92,4,7,248,229,192,0,213,0,250,0,242,0,100,0,43,0,20,0,13,0,11,
0,163,0,25,255,245,254,6,0,122,253,100,6,115,4,125,248,229,192,0,214,0,250,0,242,0,100,0,42,0,20,0,13,0,11,
0,163,0,25,255,254,254,6,0,122,253,100,6,1,5,229,247,136,190,0,215,0,251,0,241,0,99,0,42,0,19,0,13,0,11,
0,141,0,10,255,254,254,6,0,122,253,100,6,36,4,235,247,146,190,0,215,0,251,0,240,0,99,0,42,0,19,0,13,0,11,
0,125,0,237,254,13,255,251,255,56,253,88,6,36,4,45,248,46,192,0,216,0,250,0,239,0,99,0,42,0,18,0,13,0,11,
0,146,0,232,254,12,255,251,255,56,253,88,6,28,4,45,248,46,192,0,216,0,250,0,239,0,99,0,42,0,18,0,13,0,11,
0,146,0,232,254,12,255,251,255,56,253,88,6,102,4,249,247,24,191,0,217,0,249,0,238,0,98,0,41,0,18,0,12,0,11,
0,135,0,206,254,249,254,251,255,56,253,88,6,156,3,34,248,159,191,0,218,0,249,0,238,0,97,0,41,0,17,0,13,0,11,
0,134,0,197,254,251,254,251,255,56,253,88,6,34,4,203,247,64,191,0,218,0,249,0,238,0,97,0,41,0,18,0,12,0,11,
0,161,0,212,254,248,254,251,255,56,253,88,6,34,4,203,247,85,190,0,219,0,249,0,236,0,97,0,41,0,19,0,13,0,12,
0,161,0,212,254,248,254,251,255,56,253,88,6,68,4,90,247,85,190,0,219,0,249,0,235,0,97,0,41,0,19,0,13,0,11,
0,159,0,189,254,237,254,251,255,56,253,88,6,106,4,146,247,16,191,0,220,0,249,0,235,0,96,0,41,0,18,0,13,0,11,
0,155,0,170,254,214,254,251,255,56,253,88,6,179,3,146,247,55,190,0,221,0,249,0,235,0,96,0,35,0,17,0,14,0,12,
0,129,0,170,254,228,254,251,255,56,253,88,6,95,3,173,247,83,192,0,221,0,249,0,235,0,95,0,37,0,17,0,13,0,12,
0,129,0,165,254,228,254,9,0,26,253,63,6,95,3,173,247,83,192,0,221,0,249,0,234,0,96,0,38,0,18,0,13,0,12,
0,126,0,156,254,227,254,9,0,26,253,63,6,145,3,150,247,195,192,0,222,0,249,0,233,0,95,0,39,0,18,0,13,0,12,
0,157,0,176,254,236,254,9,0,26,253,63,6,176,4,231,246,69,190,0,222,0,249,0,232,0,95,0,39,0,17,0,13,0,11,
0,157,0,176,254,217,254,9,0,26,253,63,6,105,3,245,246,178,189,0,223,0,249,0,233,0,95,0,39,0,18,0,13,0,11,
0,217,0,190,254,217,254,9,0,26,253,63,6,105,3,245,247,176,191,0,223,0,249,0,232,0,94,0,39,0,17,0,12,0,11,
0,225,0,198,254,203,254,9,0,26,253,63,6,49,2,107,247,176,191,0,223,0,249,0,232,0,95,0,40,0,18,0,13,0,11,
0,235,0,172,254,232,254,9,0,26,253,63,6,111,3,146,247,230,193,0,224,0,249,0,232,0,95,0,40,0,18,0,13,0,11,
0,235,0,172,254,232,254,9,0,26,253,63,6,58,4,178,246,66,190,0,224,0,249,0,231,0,94,0,40,0,17,0,12,0,11,
0,217,0,146,254,217,254,9,0,26,253,63,6,199,2,16,247,168,189,0,224,0,249,0,231,0,94,0,40,0,18,0,13,0,11,
0,210,0,149,254,203,254,9,0,26,253,63,6,199,2,16,247,168,189,0,225,0,250,0,231,0,93,0,39,0,17,0,12,0,11,
0,214,0,161,254,203,254,21,0,79,253,208,6,242,2,94,247,161,192,0,225,0,249,0,230,0,93,0,40,0,18,0,13,0,11,
0,214,0,161,254,203,254,21,0,79,253,208,6,79,3,63,247,129,193,0,225,0,249,0,230,0,93,0,40,0,18,0,13,0,11,
0,211,0,186,254,198,254,21,0,79,253,208,6,195,3,135,246,120,191,0,225,0,250,0,230,0,93,0,39,0,17,0,12,0,11,
0,213,0,160,254,217,254,21,0,79,253,208,6,195,3,178,246,123,189,0,225,0,250,0,230,0,93,0,40,0,18,0,13,0,11,
0,197,0,160,254,199,254,21,0,79,253,208,6,216,2,178,246,123,189,0,226,0,250,0,230,0,93,0,39,0,17,0,12,0,11,
0,197,0,148,254,199,254,21,0,79,253,208,6,243,1,58,247,134,191,0,225,0,250,0,230,0,93,0,40,0,18,0,13,0,11,
0,188,0,163,254,182,254,21,0,79,253,208,6,194,2,246,246,237,192,0,226,0,250,0,230,0,93,0,40,0,18,0,13,0,11,
0,185,0,141,254,179,254,21,0,79,253,208,6,225,3,243,246,204,191,0,226,0,250,0,230,0,93,0,40,0,18,0,13,0,11,
0,185,0,141,254,191,254,21,0,79,253,208,6,225,3,243,246,115,189,0,226,0,251,0,231,0,92,0,39,0,17,0,12,0,11,
0,216,0,122,254,191,254,21,0,79,253,208,6,92,3,78,246,115,189,0,226,0,250,0,230,0,93,0,40,0,19,0,13,0,11,
0,233,0,120,254,158,254,47,0,78,253,221,5,165,2,186,246,221,190,0,227,0,251,0,230,0,93,0,44,0,19,0,13,0,11,
0,179,0,107,254,143,254,47,0,78,253,221,5,122,2,254,246,240,191,0,227,0,251,0,232,0,93,0,43,0,18,0,12,0,11,
0,179,0,107,254,143,254,47,0,78,253,221,5,122,2,2,247,143,192,0,226,0,251,0,232,0,93,0,42,0,19,0,12,0,11,
0,136,0,104,254,137,254,47,0,78,253,221,5,4,3,2,247,143,192,0,227,0,251,0,232,0,93,0,41,0,18,0,12,0,11,
0,172,0,96,254,172,254,47,0,78,253,221,5,88,3,222,246,249,191,0,227,0,251,0,232,0,94,0,41,0,19,0,13,0,11,
0,152,0,132,254,174,254,47,0,78,253,221,5,119,3,188,246,49,190,0,227,0,251,0,232,0,94,0,41,0,19,0,13,0,11,
0,152,0,132,254,174,254,47,0,78,253,221,5,254,2,190,246,16,191,0,227,0,251,0,233,0,93,0,40,0,17,0,12,0,11,
0,148,0,121,254,150,254,47,0,78,253,221,5,254,2,190,246,156,191,0,227,0,251,0,234,0,94,0,40,0,18,0,13,0,11,
0,152,0,135,254,135,254,47,0,78,253,221,5,126,3,4,247,156,191,0,227,0,251,0,235,0,94,0,40,0,18,0,13,0,11,
0,153,0,135,254,156,254,47,0,78,253,221,5,165,2,228,246,206,189,0,228,0,252,0,235,0,94,0,40,0,17,0,12,0,11,
0,153,0,144,254,156,254,47,0,78,253,221,5,122,2,252,246,110,191,0,228,0,251,0,234,0,94,0,40,0,18,0,13,0,11,
0,204,0,123,254,162,254,72,0,43,253,67,6,246,2,95,247,25,193,0,228,0,251,0,234,0,94,0,40,0,18,0,13,0,11,
0,222,0,138,254,182,254,72,0,43,253,67,6,246,2,95,247,25,193,0,228,0,251,0,235,0,94,0,40,0,17,0,12,0,11,
0,222,0,138,254,197,254,72,0,43,253,67,6,178,3,238,246,191,191,0,227,0,250,0,236,0,95,0,40,0,18,0,13,0,11,
0,212,0,121,254,197,254,72,0,43,253,67,6,160,3,120,246,43,190,0,228,0,251,0,236,0,95,0,40,0,17,0,13,0,11,
0,199,0,112,254,177,254,72,0,43,253,67,6,242,2,235,246,240,189,0,228,0,251,0,235,0,95,0,40,0,19,0,13,0,11,
0,190,0,153,254,161,254,72,0,43,253,67,6,242,2,178,247,248,191,0,228,0,251,0,234,0,95,0,40,0,18,0,13,0,11,
0,190,0,153,254,161,254,72,0,43,253,67,6,118,2,178,247,248,191,0,228,0,250,0,234,0,95,0,40,0,18,0,13,0,11,
0,205,0,163,254,172,254,72,0,43,253,67,6,163,3,18,247,161,193,0,229,0,250,0,236,0,95,0,40,0,18,0,13,0,11,
0,226,0,170,254,176,254,72,0,43,253,67,6,198,3,132,246,38,189,0,228,0,250,0,236,0,95,0,41,0,19,0,13,0,11,
0,207,0,147,254,189,254,72,0,43,253,67,6,15,2,11,247,59,190,0,227,0,251,0,237,0,95,0,40,0,19,0,13,0,11,
0,207,0,147,254,189,254,243,255,162,253,186,6,15,2,11,247,59,190,0,228,0,251,0,236,0,96,0,41,0,19,0,13,0,12,
0,196,0,119,254,189,254,243,255,162,253,186,6,85,2,168,247,254,192,0,229,0,251,0,235,0,95,0,40,0,18,0,13,0,11,
0,197,0,157,254,217,254,243,255,162,253,186,6,216,3,41,247,62,193,0,229,0,250,0,234,0,95,0,40,0,19,0,13,0,11,
0,197,0,157,254,213,254,243,255,162,253,186,6,167,3,196,246,207,190,0,229,0,250,0,235,0,95,0,40,0,17,0,12,0,11,
0,191,0,217,254,213,254,243,255,162,253,186,6,167,3,35,247,99,189,0,228,0,250,0,235,0,95,0,41,0,18,0,13,0,11,
0,173,0,236,254,209,254,243,255,162,253,186,6,185,2,35,247,99,189,0,228,0,250,0,236,0,95,0,40,0,18,0,13,0,11,
0,136,0,219,254,209,254,243,255,162,253,186,6,195,1,173,247,61,192,0,228,0,251,0,236,0,95,0,40,0,17,0,12,0,11,
0,136,0,219,254,212,254,243,255,162,253,186,6,126,3,66,247,183,192,0,228,0,251,0,235,0,95,0,40,0,18,0,13,0,11,
0,160,0,209,254,212,254,243,255,162,253,186,6,173,3,252,246,235,189,0,229,0,252,0,234,0,95,0,40,0,17,0,12,0,10,
0,165,0,246,254,227,254,243,255,162,253,186,6,173,3,252,246,123,189,0,229,0,250,0,233,0,95,0,40,0,18,0,13,0,11,
0,171,0,249,254,219,254,9,0,122,253,214,5,76,2,85,247,123,189,0,228,0,250,0,234,0,95,0,40,0,18,0,13,0,11,
0,171,0,249,254,219,254,9,0,122,253,214,5,69,2,87,247,254,191,0,228,0,250,0,235,0,95,0,40,0,18,0,13,0,11,
0,183,0,251,254,211,254,9,0,122,253,214,5,107,2,191,247,47,193,0,228,0,251,0,236,0,95,0,40,0,18,0,13,0,11,
0,221,0,247,254,203,254,9,0,122,253,214,5,107,3,23,247,238,191,0,228,0,252,0,235,0,95,0,40,0,17,0,12,0,11,
0,198,0,19,255,205,254,9,0,122,253,214,5,196,3,23,247,238,191,0,228,0,250,0,233,0,95,0,40,0,18,0,13,0,11,
0,198,0,19,255,205,254,9,0,122,253,214,5,112,3,26,247,210,189,0,229,0,250,0,232,0,95,0,40,0,18,0,13,0,11,
0,161,0,21,255,240,254,9,0,122,253,214,5,27,2,66,247,124,190,0,229,0,249,0,232,0,94,0,40,0,18,0,13,0,11,
0,117,0,30,255,16,255,9,0,122,253,214,5,25,2,157,247,206,192,0,229,0,249,0,233,0,94,0,40,0,18,0,13,0,11,
0,117,0,30,255,21,255,9,0,122,253,214,5,25,2,157,247,188,191,0,228,0,249,0,234,0,95,0,41,0,19,0,14,0,12,
0,121,0,68,255,21,255,9,0,122,253,214,5,252,2,48,247,188,191,0,228,0,249,0,234,0,95,0,40,0,19,0,13,0,11,
0,207,0,83,255,18,255,225,255,173,253,183,5,216,2,24,247,109,191,0,228,0,250,0,233,0,95,0,40,0,18,0,13,0,11,
0,215,0,76,255,14,255,225,255,173,253,183,5,115,2,189,247,238,191,0,229,0,249,0,232,0,94,0,40,0,17,0,13,0,11,
0,215,0,76,255,24,255,225,255,173,253,183,5,196,2,77,247,164,191,0,228,0,249,0,231,0,94,0,40,0,18,0,13,0,11,
0,178,0,81,255,24,255,225,255,173,253,183,5,196,2,77,247,164,191,0,229,0,248,0,231,0,94,0,40,0,17,0,12,0,11,
0,163,0,86,255,14,255,225,255,173,253,183,5,215,2,10,247,131,190,0,228,0,247,0,232,0,94,0,40,0,18,0,13,0,11,
0,156,0,89,255,1,255,225,255,173,253,183,5,208,1,22,247,35,191,0,228,0,248,0,233,0,94,0,40,0,17,0,12,0,11,
0,156,0,89,255,1,255,225,255,173,253,183,5,124,1,80,247,250,190,0,227,0,248,0,232,0,94,0,40,0,18,0,12,0,11,
0,147,0,80,255,238,254,225,255,173,253,183,5,124,1,78,247,137,193,0,228,0,249,0,232,0,93,0,40,0,17,0,12,0,11,
0,159,0,100,255,226,254,225,255,173,253,183,5,100,2,78,247,137,193,0,228,0,247,0,229,0,94,0,40,0,18,0,13,0,11,
0,150,0,131,255,243,254,225,255,173,253,183,5,39,3,149,246,121,191,0,228,0,247,0,229,0,93,0,40,0,18,0,13,0,11,
0,150,0,131,255,243,254,225,255,173,253,183,5,98,2,178,246,131,189,0,228,0,247,0,229,0,93,0,40,0,18,0,13,0,11,
0,132,0,153,255,235,254,42,0,97,253,90,6,83,1,17,247,36,191,0,227,0,247,0,231,0,92,0,39,0,17,0,12,0,11,
0,126,0,150,255,230,254,42,0,97,253,90,6,83,1,17,247,36,192,0,227,0,247,0,231,0,93,0,40,0,18,0,13,0,11,
0,126,0,150,255,246,254,42,0,97,253,90,6,87,1,57,247,197,192,0,227,0,248,0,230,0,92,0,39,0,17,0,12,0,11,
0,143,0,175,255,246,254,42,0,97,253,90,6,214,2,222,246,194,192,0,227,0,247,0,229,0,93,0,40,0,18,0,13,0,11,
0,108,0,207,255,230,254,42,0,97,253,90,6,174,2,139,246,104,190,0,227,0,247,0,228,0,93,0,40,0,18,0,13,0,11,
0,86,0,205,255,229,254,42,0,97,253,90,6,174,2,149,246,217,189,0,226,0,247,0,228,0,92,0,40,0,18,0,13,0,11,
0,86,0,205,255,229,254,42,0,97,253,90,6,238,1,149,246,217,189,0,226,0,247,0,230,0,93,0,40,0,18,0,13,0,12,
0,126,0,203,255,219,254,42,0,97,253,90,6,46,1,3,247,22,191,0,226,0,247,0,230,0,92,0,39,0,17,0,12,0,11,
0,135,0,214,255,214,254,42,0,97,253,90,6,128,1,225,246,173,192,0,225,0,247,0,229,0,93,0,40,0,18,0,13,0,11,
0,119,0,245,255,187,254,42,0,97,253,90,6,173,2,173,246,41,192,0,226,0,247,0,228,0,92,0,40,0,18,0,13,0,11,
0,119,0,245,255,187,254,3,0,184,253,142,5,173,2,173,246,158,190,0,226,0,247,0,228,0,92,0,39,0,18,0,13,0,11,
0,151,0,230,255,180,254,3,0,184,253,142,5,36,2,115,246,158,190,0,226,0,247,0,229,0,92,0,39,0,17,0,13,0,11,
0,116,0,253,255,189,254,3,0,184,253,142,5,158,1,63,246,160,190,0,225,0,247,0,229,0,92,0,38,0,17,0,12,0,11,
0,77,0,11,0,242,254,3,0,184,253,142,5,71,2,45,246,133,190,0,224,0,247,0,229,0,92,0,39,0,18,0,13,0,11,
0,77,0,11,0,242,254,3,0,184,253,142,5,227,1,77,246,187,190,0,224,0,247,0,228,0,92,0,39,0,18,0,13,0,11,
0,72,0,36,0,13,255,3,0,184,253,142,5,227,1,77,246,187,190,0,225,0,247,0,229,0,91,0,33,0,16,0,12,0,11,
0,90,0,28,0,255,254,3,0,184,253,142,5,152,1,64,246,213,190,0,224,0,247,0,229,0,92,0,35,0,17,0,13,0,11,
0,90,0,28,0,232,254,3,0,184,253,142,5,15,2,89,246,71,192,0,224,0,247,0,231,0,92,0,35,0,16,0,12,0,11,
0,100,0,0,0,232,254,3,0,184,253,142,5,121,2,8,246,170,191,0,223,0,247,0,230,0,92,0,37,0,17,0,13,0,11,
0,87,0,39,0,225,254,3,0,184,253,142,5,121,2,8,246,145,189,0,223,0,248,0,230,0,92,0,37,0,17,0,13,0,11,
0,76,0,67,0,237,254,223,255,210,253,18,6,75,2,198,245,145,189,0,223,0,248,0,230,0,92,0,38,0,16,0,12,0,11,
0,76,0,67,0,237,254,223,255,210,253,18,6,52,2,42,246,4,190,0,223,0,248,0,231,0,92,0,37,0,16,0,12,0,11,
0,90,0,68,0,225,254,223,255,210,253,18,6,94,1,41,246,183,190,0,222,0,248,0,232,0,93,0,38,0,17,0,13,0,11,
0,106,0,53,0,204,254,223,255,210,253,18,6,172,1,56,246,125,192,0,221,0,248,0,233,0,93,0,39,0,18,0,13,0,11,
0,116,0,53,0,197,254,223,255,210,253,18,6,172,1,56,246,125,192,0,221,0,250,0,233,0,93,0,39,0,18,0,13,0,11,
0,116,0,53,0,197,254,223,255,210,253,18,6,48,3,161,245,105,191,0,221,0,249,0,232,0,93,0,39,0,17,0,13,0,11,
0,64,0,61,0,226,254,223,255,210,253,18,6,156,2,190,245,28,189,0,221,0,249,0,233,0,93,0,39,0,17,0,13,0,11,
0,43,0,38,0,220,254,223,255,210,253,18,6,149,1,22,246,217,189,0,220,0,249,0,234,0,94,0,40,0,18,0,13,0,11,
0,54,0,32,0,238,254,223,255,210,253,18,6,149,1,22,246,126,191,0,220,0,249,0,236,0,94,0,40,0,18,0,13,0,11,
0,54,0,32,0,238,254,223,255,210,253,18,6,3,2,22,246,126,191,0,220,0,250,0,236,0,94,0,39,0,17,0,12,0,11,
0,48,0,27,0,247,254,28,0,148,253,88,6,113,2,30,246,114,191,0,219,0,250,0,235,0,95,0,40,0,17,0,13,0,11,
0,55,0,64,0,224,254,28,0,148,253,88,6,48,2,233,245,26,191,0,220,0,251,0,235,0,94,0,40,0,18,0,13,0,12,
0,55,0,64,0,233,254,28,0,148,253,88,6,151,2,182,245,22,191,0,220,0,250,0,235,0,94,0,40,0,17,0,12,0,11,
0,47,0,77,0,233,254,28,0,148,253,88,6,151,2,182,245,212,190,0,219,0,249,0,236,0,95,0,40,0,18,0,13,0,11,
0,52,0,90,0,0,255,28,0,148,253,88,6,182,2,140,245,212,190,0,219,0,250,0,239,0,95,0,40,0,18,0,13,0,11,
0,11,0,95,0,30,255,28,0,148,253,88,6,218,1,115,245,101,190,0,218,0,250,0,240,0,96,0,40,0,20,0,13,0,11,
0,11,0,95,0,30,255,28,0,148,253,88,6,198,1,207,245,93,191,0,218,0,251,0,239,0,96,0,44,0,18,0,13,0,11,
0,237,255,78,0,28,255,28,0,148,253,88,6,198,1,4,246,201,192,0,219,0,251,0,239,0,96,0,43,0,18,0,12,0,10,
0,248,255,62,0,255,254,28,0,148,253,88,6,121,2,4,246,201,192,0,219,0,251,0,238,0,96,0,43,0,19,0,13,0,11,
0,240,255,54,0,228,254,28,0,148,253,88,6,168,2,159,245,211,190,0,219,0,250,0,238,0,96,0,43,0,19,0,13,0,11,
0,240,255,54,0,228,254,28,0,148,253,88,6,92,2,118,245,17,190,0,219,0,250,0,239,0,96,0,42,0,18,0,12,0,11,
0,235,255,56,0,215,254,31,0,216,253,254,5,125,2,156,245,216,190,0,219,0,251,0,241,0,97,0,42,0,20,0,13,0,11,
0,218,255,26,0,197,254,31,0,216,253,254,5,125,2,156,245,66,191,0,218,0,252,0,243,0,97,0,41,0,20,0,13,0,11,
0,232,255,20,0,175,254,31,0,216,253,254,5,246,1,255,245,66,191,0,217,0,252,0,244,0,98,0,42,0,20,0,14,0,12,
0,232,255,20,0,175,254,31,0,216,253,254,5,85,2,151,245,126,192,0,217,0,253,0,244,0,98,0,42,0,20,0,14,0,12,
0,238,255,24,0,171,254,31,0,216,253,254,5,163,3,92,245,50,191,0,217,0,253,0,243,0,98,0,42,0,19,0,13,0,11,
0,192,255,55,0,194,254,31,0,216,253,254,5,58,3,103,245,21,189,0,218,0,253,0,242,0,98,0,41,0,19,0,13,0,11,
0,192,255,55,0,238,254,31,0,216,253,254,5,58,3,103,245,21,189,0,218,0,252,0,241,0,99,0,42,0,20,0,14,0,12,
0,195,255,57,0,238,254,31,0,216,253,254,5,90,2,253,245,55,190,0,218,0,252,0,242,0,98,0,42,0,20,0,14,0,12,
0,194,255,39,0,239,254,31,0,216,253,254,5,227,1,60,246,87,192,0,217,0,252,0,244,0,99,0,42,0,20,0,14,0,12,
0,193,255,22,0,254,254,31,0,216,253,254,5,138,3,140,245,56,192,0,217,0,253,0,245,0,99,0,41,0,19,0,13,0,11,
0,193,255,22,0,254,254,247,255,185,253,185,6,138,3,140,245,231,189,0,217,0,253,0,244,0,99,0,42,0,20,0,14,0,12,
0,194,255,32,0,237,254,247,255,185,253,185,6,152,3,122,245,231,189,0,217,0,254,0,245,0,99,0,41,0,19,0,13,0,11,
0,176,255,30,0,14,255,247,255,185,253,185,6,125,2,177,245,5,189,0,216,0,254,0,245,0,99,0,42,0,20,0,14,0,11,
0,145,255,245,255,242,254,247,255,185,253,185,6,70,2,75,246,213,191,0,216,0,254,0,245,0,99,0,42,0,20,0,13,0,11,
0,145,255,245,255,242,254,247,255,185,253,185,6,91,3,48,246,60,192,0,217,0,255,0,244,0,99,0,42,0,19,0,13,0,11,
0,129,255,20,0,12,255,247,255,185,253,185,6,91,3,48,246,60,192,0,217,0,255,0,243,0,99,0,41,0,19,0,13,0,11,
0,123,255,21,0,16,255,247,255,185,253,185,6,59,4,172,245,38,191,0,217,0,254,0,242,0,99,0,42,0,20,0,14,0,11,
0,99,255,18,0,35,255,247,255,185,253,185,6,72,3,207,245,31,189,0,217,0,254,0,242,0,99,0,42,0,20,0,13,0,11,
0,99,255,18,0,35,255,247,255,185,253,185,6,229,1,119,246,220,190,0,217,0,254,0,243,0,98,0,41,0,19,0,13,0,11,
0,60,255,36,0,35,255,247,255,185,253,185,6,229,1,74,246,57,192,0,217,0,254,0,243,0,99,0,42,0,19,0,13,0,11,
0,62,255,251,255,21,255,23,0,216,253,219,5,0,3,74,246,57,192,0,217,0,255,0,243,0,99,0,41,0,19,0,13,0,11,
0,62,255,251,255,249,254,23,0,216,253,219,5,138,3,27,246,159,191,0,217,0,255,0,242,0,99,0,42,0,20,0,14,0,12,
0,104,255,231,255,249,254,23,0,216,253,219,5,33,3,47,246,93,189,0,217,0,255,0,242,0,99,0,42,0,20,0,13,0,11,
0,86,255,7,0,14,255,23,0,216,253,219,5,75,2,140,246,38,189,0,217,0,255,0,242,0,99,0,42,0,20,0,13,0,12,
0,64,255,19,0,33,255,23,0,216,253,219,5,75,2,140,246,209,192,0,217,0,255,0,243,0,99,0,42,0,19,0,13,0,11,
0,64,255,19,0,33,255,23,0,216,253,219,5,138,2,232,246,209,192,0,217,1,0,0,243,0,99,0,42,0,20,0,14,0,12,
0,57,255,14,0,45,255,23,0,216,253,219,5,192,3,88,246,67,191,0,217,1,0,0,242,0,99,0,41,0,19,0,13,0,11,
0,68,255,238,255,41,255,23,0,216,253,219,5,67,3,4,246,152,188,0,217,1,0,0,241,0,99,0,42,0,20,0,14,0,12,
0,59,255,233,255,37,255,23,0,216,253,219,5,67,3,214,246,240,189,0,218,0,255,0,240,0,98,0,42,0,20,0,13,0,12,
0,59,255,233,255,37,255,23,0,216,253,219,5,57,2,214,246,240,189,0,218,0,255,0,239,0,98,0,42,0,17,0,13,0,11,
0,64,255,218,255,26,255,254,255,225,253,79,6,128,2,217,246,8,191,0,218,0,255,0,239,0,98,0,42,0,18,0,13,0,11,
0,87,255,194,255,10,255,254,255,225,253,79,6,241,2,178,246,67,190,0,219,0,255,0,240,0,97,0,41,0,19,0,12,0,11,
0,77,255,194,255,238,254,254,255,225,253,79,6,255,1,229,246,246,189,0,218,0,255,0,240,0,98,0,42,0,20,0,13,0,11,
0,77,255,216,255,238,254,254,255,225,253,79,6,255,1,229,246,70,191,0,219,0,255,0,239,0,98,0,42,0,18,0,13,0,11,
0,78,255,193,255,244,254,254,255,225,253,79,6,165,2,164,246,70,191,0,219,0,255,0,240,0,97,0,41,0,19,0,13,0,11,
0,103,255,165,255,243,254,254,255,225,253,79,6,226,2,203,246,0,190,0,218,0,255,0,240,0,97,0,41,0,20,0,14,0,11,
0,103,255,165,255,25,255,254,255,225,253,79,6,60,2,144,246,23,189,0,219,1,0,0,240,0,97,0,41,0,19,0,13,0,11,
0,107,255,173,255,25,255,254,255,225,253,79,6,203,1,175,246,100,189,0,219,1,0,0,239,0,98,0,41,0,17,0,13,0,11,
0,50,255,188,255,61,255,254,255,225,253,79,6,203,1,175,246,100,189,0,220,1,0,0,239,0,97,0,41,0,18,0,13,0,11,
0,29,255,169,255,58,255,254,255,225,253,79,6,79,2,58,247,67,191,0,220,0,255,0,238,0,97,0,41,0,17,0,12,0,11,
0,29,255,169,255,58,255,254,255,225,253,149,6,30,3,234,246,88,191,0,221,0,255,0,238,0,97,0,41,0,17,0,13,0,11,
0,67,255,138,255,69,255,56,0,158,253,149,6,40,3,174,246,61,190,0,221,0,255,0,238,0,97,0,41,0,18,0,12,0,11,
0,84,255,127,255,90,255,56,0,158,253,149,6,40,3,112,246,145,187,0,220,0,254,0,239,0,97,0,41,0,19,0,13,0,11,
0,92,255,142,255,65,255,56,0,158,253,149,6,20,2,112,246,145,187,0,220,0,255,0,239,0,97,0,42,0,19,0,13,0,11,
0,92,255,142,255,65,255,56,0,158,253,149,6,185,1,0,247,28,189,0,221,0,255,0,239,0,97,0,41,0,18,0,13,0,12,
0,82,255,136,255,67,255,56,0,158,253,149,6,178,1,219,246,243,190,0,221,0,255,0,238,0,97,0,42,0,19,0,13,0,12,
0,99,255,133,255,85,255,56,0,158,253,149,6,43,2,224,246,206,189,0,221,0,255,0,239,0,97,0,41,0,18,0,13,0,11,
0,93,255,133,255,103,255,56,0,158,253,149,6,43,2,224,246,206,189,0,220,0,255,0,239,0,97,0,42,0,19,0,13,0,11,
0,93,255,165,255,103,255,56,0,158,253,149,6,238,1,135,246,192,189,0,220,1,0,0,239,0,97,0,41,0,19,0,13,0,11,
0,73,255,205,255,110,255,56,0,158,253,149,6,8,2,150,246,203,188,0,221,1,0,0,239,0,97,0,41,0,19,0,13,0,11,
0,65,255,212,255,79,255,56,0,158,253,149,6,50,2,154,246,80,189,0,221,1,0,0,239,0,97,0,41,0,19,0,13,0,11,
0,65,255,212,255,78,255,210,255,253,253,211,5,50,2,132,246,1,190,0,222,1,0,0,238,0,96,0,40,0,17,0,12,0,11,
0,62,255,202,255,78,255,210,255,253,253,211,5,70,2,132,246,1,190,0,221,0,255,0,238,0,97,0,41,0,19,0,13,0,11,
0,71,255,219,255,92,255,210,255,253,253,211,5,124,1,100,246,69,188,0,221,0,255,0,239,0,97,0,41,0,18,0,13,0,11,
0,46,255,222,255,89,255,210,255,253,253,211,5,245,0,99,246,240,187,0,221,0,255,0,239,0,97,0,41,0,18,0,13,0,11,
0,46,255,222,255,89,255,210,255,253,253,211,5,246,0,16,247,217,190,0,221,0,255,0,239,0,97,0,41,0,18,0,13,0,11,
0,10,255,196,255,90,255,210,255,253,253,211,5,246,0,16,247,213,189,0,222,0,255,0,240,0,97,0,40,0,19,0,12,0,11,
0,54,255,167,255,66,255,210,255,253,253,211,5,242,1,137,246,213,189,0,221,0,255,0,239,0,97,0,41,0,18,0,13,0,11,
0,99,255,180,255,41,255,210,255,253,253,211,5,51,2,24,246,212,189,0,221,0,255,0,239,0,97,0,41,0,18,0,13,0,11,
0,99,255,180,255,41,255,210,255,253,253,211,5,235,1,61,246,250,187,0,221,0,255,0,239,0,97,0,41,0,18,0,13,0,11,
0,94,255,235,255,64,255,210,255,253,253,211,5,235,1,58,246,229,187,0,221,0,255,0,240,0,97,0,41,0,20,0,13,0,11,
0,93,255,233,255,81,255,190,255,250,253,238,5,79,1,58,246,229,187,0,221,1,0,0,241,0,97,0,40,0,19,0,13,0,11,
0,87,255,233,255,60,255,190,255,250,253,238,5,142,1,46,246,88,190,0,220,1,0,0,241,0,97,0,35,0,19,0,14,0,12,
0,87,255,250,255,60,255,190,255,250,253,238,5,106,1,85,246,10,190,0,220,1,0,0,241,0,97,0,37,0,18,0,14,0,12,
0,79,255,6,0,43,255,190,255,250,253,238,5,212,1,4,246,250,188,0,220,1,0,0,241,0,98,0,38,0,18,0,13,0,11,
0,79,255,4,0,29,255,190,255,250,253,238,5,212,1,4,246,66,188,0,221,0,255,0,241,0,98,0,40,0,19,0,13,0,12,
0,79,255,4,0,46,255,190,255,250,253,238,5,89,1,225,245,66,188,0,221,1,0,0,241,0,97,0,39,0,18,0,13,0,11,
0,92,255,5,0,46,255,190,255,250,253,238,5,146,0,3,246,227,188,0,221,0,255,0,241,0,98,0,40,0,19,0,13,0,12,
0,87,255,3,0,60,255,190,255,250,253,238,5,110,1,1,246,33,190,0,221,0,255,0,242,0,98,0,40,0,18,0,13,0,11,
0,62,255,250,255,43,255,190,255,250,253,238,5,98,1,180,245,211,188,0,221,0,255,0,242,0,98,0,41,0,19,0,13,0,11,
0,62,255,250,255,43,255,190,255,250,253,238,5,98,1,180,245,211,188,0,221,1,0,0,243,0,98,0,40,0,19,0,13,0,12,
0,56,255,246,255,56,255,21,0,159,253,158,6,45,1,138,245,49,188,0,221,1,0,0,243,0,98,0,40,0,19,0,13,0,11,
0,50,255,251,255,39,255,21,0,159,253,158,6,84,1,124,245,165,189,0,220,0,255,0,242,0,99,0,42,0,20,0,13,0,11,
0,47,255,8,0,55,255,21,0,159,253,158,6,85,1,191,245,139,189,0,220,1,0,0,243,0,99,0,41,0,19,0,13,0,11,
0,47,255,8,0,55,255,21,0,159,253,158,6,85,1,184,245,146,189,0,220,1,0,0,243,0,99,0,41,0,19,0,13,0,11,
0,48,255,36,0,71,255,21,0,159,253,158,6,113,1,184,245,146,189,0,219,1,0,0,243,0,99,0,41,0,20,0,13,0,11,
0,48,255,57,0,78,255,21,0,159,253,158,6,173,1,14,245,79,188,0,220,1,1,0,244,0,98,0,41,0,19,0,12,0,11,
0,48,255,57,0,102,255,21,0,159,253,158,6,56,1,45,245,34,189,0,219,0,255,0,243,0,99,0,42,0,19,0,13,0,11,
0,72,255,31,0,102,255,21,0,159,253,158,6,203,1,162,245,237,190,0,219,1,0,0,243,0,99,0,41,0,20,0,13,0,11,
0,59,255,8,0,95,255,21,0,159,253,158,6,203,1,162,245,159,187,0,219,1,0,0,244,0,99,0,41,0,19,0,13,0,11,
0,72,255,27,0,75,255,21,0,159,253,158,6,30,2,254,244,159,187,0,219,1,0,0,243,0,99,0,41,0,19,0,13,0,11,
0,72,255,27,0,82,255,210,255,222,253,232,5,124,1,121,245,27,188,0,219,1,0,0,244,0,99,0,41,0,19,0,13,0,11,
0,47,255,32,0,82,255,210,255,222,253,232,5,48,1,144,245,60,191,0,218,0,255,0,243,0,99,0,42,0,20,0,14,0,12,
0,67,255,22,0,108,255,210,255,222,253,232,5,48,1,47,245,252,189,0,218,0,255,0,243,0,99,0,42,0,20,0,13,0,12,
0,50,255,252,255,66,255,210,255,222,253,232,5,165,2,47,245,252,189,0,218,0,255,0,243,0,99,0,46,0,20,0,13,0,11,
0,50,255,252,255,66,255,210,255,222,253,232,5,242,1,67,245,239,187,0,218,0,255,0,243,0,99,0,45,0,20,0,13,0,11,
0,11,255,17,0,40,255,210,255,222,253,232,5,204,0,195,245,236,188,0,218,0,255,0,243,0,99,0,45,0,21,0,13,0,12,
0,218,254,44,0,75,255,210,255,222,253,232,5,108,1,154,245,58,191,0,218,0,255,0,243,0,99,0,44,0,21,0,13,0,11,
0,236,254,19,0,99,255,210,255,222,253,232,5,108,1,154,245,184,189,0,218,0,255,0,242,0,99,0,44,0,21,0,14,0,12,
0,236,254,19,0,99,255,210,255,222,253,232,5,188,2,114,245,184,189,0,218,0,255,0,243,0,99,0,43,0,20,0,13,0,11,
0,253,254,247,255,76,255,210,255,222,253,232,5,88,2,160,245,92,187,0,219,0,255,0,243,0,99,0,43,0,20,0,14,0,11,
0,240,254,222,255,45,255,210,255,222,253,232,5,228,0,42,246,56,189,0,219,0,255,0,243,0,99,0,43,0,19,0,13,0,11,
0,240,254,222,255,20,255,253,255,198,253,94,7,189,1,26,246,193,190,0,218,0,254,0,242,0,99,0,43,0,20,0,13,0,11,
0,211,254,210,255,20,255,253,255,198,253,94,7,189,1,26,246,193,190,0,218,0,255,0,242,0,99,0,43,0,20,0,13,0,11,
0,212,254,251,255,43,255,253,255,198,253,94,7,159,2,224,245,208,189,0,219,0,254,0,243,0,99,0,42,0,19,0,13,0,11,
0,202,254,18,0,56,255,253,255,198,253,94,7,231,2,21,246,238,187,0,219,0,254,0,243,0,98,0,42,0,20,0,13,0,11,
0,202,254,18,0,33,255,253,255,198,253,94,7,229,1,147,246,164,188,0,219,0,254,0,243,0,98,0,42,0,19,0,13,0,11,
0,221,254,2,0,33,255,253,255,198,253,94,7,229,1,147,246,154,189,0,219,0,254,0,242,0,99,0,42,0,20,0,13,0,11,
0,6,255,242,255,22,255,253,255,198,253,94,7,188,1,128,246,154,189,0,219,0,254,0,242,0,99,0,42,0,19,0,13,0,11,
0,29,255,1,0,7,255,253,255,198,253,94,7,128,2,174,246,125,190,0,220,0,254,0,243,0,98,0,42,0,20,0,13,0,11,
0,29,255,1,0,7,255,253,255,198,253,94,7,32,3,41,246,36,189,0,219,0,254,0,242,0,99,0,42,0,20,0,13,0,11,
0,38,255,13,0,26,255,253,255,198,253,94,7,8,2,142,246,128,187,0,220,0,254,0,242,0,98,0,41,0,19,0,13,0,11,
0,29,255,14,0,59,255,232,255,213,253,55,6,8,2,142,246,128,187,0,220,0,254,0,242,0,99,0,42,0,20,0,13,0,11,
0,40,255,235,255,49,255,232,255,213,253,55,6,75,2,226,246,51,190,0,220,0,254,0,242,0,99,0,42,0,20,0,13,0,12,
0,40,255,235,255,49,255,232,255,213,253,55,6,123,3,181,246,144,190,0,220,0,253,0,242,0,99,0,42,0,19,0,13,0,11,
0,48,255,213,255,57,255,232,255,213,253,55,6,195,2,114,246,185,186,0,220,0,254,0,243,0,98,0,42,0,20,0,14,0,12,
0,11,255,222,255,38,255,232,255,213,253,55,6,195,2,155,247,32,191,0,221,0,254,0,243,0,99,0,42,0,19,0,13,0,11,
0,11,255,222,255,39,255,232,255,213,253,55,6,98,1,155,247,32,191,0,221,0,254,0,242,0,99,0,43,0,20,0,14,0,12,
0,253,254,238,255,39,255,232,255,213,253,55,6,70,3,198,246,126,190,0,221,0,254,0,243,0,99,0,42,0,20,0,14,0,12,
0,55,255,238,255,57,255,232,255,213,253,55,6,200,2,71,246,111,186,0,221,0,254,0,243,0,99,0,42,0,19,0,13,0,11,
0,62,255,230,255,78,255,232,255,213,253,55,6,56,1,37,247,230,188,0,221,0,254,0,243,0,99,0,42,0,20,0,14,0,12,
0,62,255,230,255,78,255,232,255,213,253,55,6,56,1,37,247,159,191,0,222,0,255,0,244,0,99,0,41,0,19,0,13,0,11,
0,29,255,204,255,67,255,242,255,235,253,245,5,210,2,69,247,159,191,0,222,0,254,0,244,0,99,0,42,0,20,0,13,0,11,
0,63,255,215,255,80,255,242,255,235,253,245,5,33,3,248,246,199,190,0,222,0,255,0,244,0,99,0,42,0,20,0,13,0,11,
0,79,255,219,255,97,255,242,255,235,253,245,5,54,3,70,246,181,187,0,222,0,255,0,244,0,99,0,42,0,19,0,13,0,11,
0,79,255,219,255,97,255,242,255,235,253,245,5,54,3,165,246,132,187,0,223,0,255,0,245,0,99,0,41,0,19,0,13,0,11,
0,101,255,189,255,73,255,242,255,235,253,245,5,61,2,165,246,132,187,0,223,0,255,0,245,0,100,0,42,0,20,0,13,0,11,
0,78,255,205,255,66,255,242,255,235,253,245,5,147,2,16,247,245,189,0,223,0,255,0,245,0,100,0,42,0,20,0,13,0,11,
0,81,255,192,255,80,255,242,255,235,253,245,5,10,3,234,246,80,190,0,223,0,255,0,246,0,100,0,42,0,20,0,13,0,11,
0,81,255,192,255,80,255,242,255,235,253,245,5,205,3,156,246,212,189,0,224,0,255,0,246,0,100,0,42,0,19,0,13,0,11,
0,75,255,197,255,105,255,242,255,235,253,245,5,205,3,156,246,0,187,0,224,1,0,0,247,0,100,0,41,0,19,0,13,0,11,
0,37,255,185,255,125,255,242,255,235,253,245,5,92,3,107,246,0,187,0,224,1,0,0,247,0,100,0,42,0,20,0,14,0,12,
0,37,255,185,255,111,255,199,255,193,253,60,6,154,2,28,247,212,188,0,224,1,0,0,247,0,101,0,43,0,20,0,14,0,12,
0,18,255,180,255,111,255,199,255,193,253,60,6,56,3,182,246,248,190,0,224,1,0,0,247,0,101,0,43,0,20,0,14,0,12,
0,25,255,179,255,100,255,199,255,193,253,60,6,212,3,158,246,163,189,0,225,1,0,0,248,0,101,0,42,0,19,0,13,0,11,
0,32,255,191,255,88,255,199,255,193,253,60,6,212,3,158,246,163,189,0,225,1,0,0,248,0,101,0,43,0,20,0,14,0,12,
0,32,255,191,255,88,255,199,255,193,253,60,6,41,3,146,246,166,188,0,225,1,0,0,249,0,101,0,42,0,20,0,13,0,11,
0,58,255,195,255,78,255,199,255,193,253,60,6,250,3,151,246,183,189,0,225,1,0,0,249,0,102,0,43,0,20,0,14,0,11,
0,82,255,186,255,103,255,199,255,193,253,60,6,168,3,115,246,158,189,0,225,1,0,0,249,0,102,0,43,0,20,0,14,0,12,
0,75,255,168,255,136,255,199,255,193,253,60,6,168,3,28,246,134,188,0,225,1,1,0,249,0,102,0,43,0,20,0,13,0,11,
0,75,255,168,255,136,255,199,255,193,253,60,6,105,3,28,246,134,188,0,226,1,1,0,249,0,102,0,43,0,20,0,14,0,12,
0,73,255,165,255,112,255,199,255,193,253,60,6,213,2,138,246,233,188,0,226,1,1,0,250,0,101,0,42,0,19,0,13,0,11,
0,64,255,137,255,90,255,199,255,193,253,60,6,42,3,119,246,91,190,0,225,1,1,0,249,0,102,0,43,0,20,0,13,0,11,
0,59,255,118,255,107,255,236,255,197,253,255,5,206,3,28,246,85,191,0,225,1,1,0,250,0,102,0,43,0,20,0,13,0,11,
0,59,255,118,255,107,255,236,255,197,253,255,5,206,3,28,246,85,188,0,225,1,1,0,250,0,102,0,42,0,19,0,13,0,11,
0,35,255,112,255,131,255,236,255,197,253,255,5,125,4,142,245,167,188,0,225,1,2,0,250,0,101,0,43,0,19,0,13,0,11,
0,3,255,105,255,149,255,236,255,197,253,255,5,20,3,241,245,77,187,0,225,1,1,0,250,0,102,0,43,0,20,0,14,0,11,
0,3,255,105,255,148,255,236,255,197,253,255,5,245,2,144,246,40,192,0,225,1,1,0,250,0,102,0,43,0,20,0,13,0,11,
0,22,255,124,255,148,255,236,255,197,253,255,5,245,2,130,245,28,189,0,225,1,2,0,249,0,102,0,43,0,20,0,13,0,11,
0,11,255,115,255,143,255,236,255,197,253,255,5,142,4,130,245,28,189,0,225,1,2,0,250,0,102,0,43,0,19,0,13,0,11,
0,252,254,113,255,138,255,236,255,197,253,255,5,83,3,108,245,143,187,0,225,1,2,0,249,0,102,0,43,0,20,0,14,0,11,
0,252,254,113,255,138,255,236,255,197,253,255,5,125,2,19,246,125,190,0,225,1,3,0,250,0,102,0,43,0,19,0,13,0,11,
0,242,254,109,255,177,255,236,255,197,253,255,5,161,3,113,245,42,191,0,225,1,2,0,249,0,102,0,43,0,20,0,14,0,12,
0,222,254,105,255,191,255,231,255,184,253,95,6,161,3,113,245,155,189,0,225,1,2,0,249,0,102,0,43,0,20,0,14,0,12,
0,245,254,95,255,177,255,231,255,184,253,95,6,170,3,97,245,155,189,0,225,1,3,0,249,0,102,0,43,0,19,0,13,0,11,
0,245,254,95,255,177,255,231,255,184,253,95,6,230,2,131,245,243,188,0,224,1,2,0,248,0,102,0,43,0,20,0,14,0,12,
0,15,255,88,255,161,255,231,255,184,253,95,6,19,3,190,245,252,190,0,225,1,2,0,248,0,101,0,43,0,20,0,13,0,11,
0,21,255,83,255,140,255,231,255,184,253,95,6,218,3,0,245,21,190,0,224,1,2,0,247,0,102,0,43,0,20,0,14,0,12,
0,26,255,74,255,134,255,231,255,184,253,95,6,218,3,0,245,21,190,0,224,1,2,0,247,0,102,0,43,0,20,0,14,0,12,
0,26,255,74,255,134,255,231,255,184,253,95,6,91,3,44,245,201,188,0,224,1,2,0,246,0,101,0,43,0,20,0,14,0,11,
0,30,255,47,255,154,255,231,255,184,253,95,6,8,3,121,245,109,190,0,224,1,2,0,246,0,101,0,44,0,20,0,13,0,12,
0,232,254,64,255,140,255,231,255,184,253,95,6,70,3,78,245,55,190,0,224,1,2,0,246,0,100,0,37,0,18,0,13,0,11,
0,232,254,64,255,129,255,231,255,184,253,95,6,70,3,78,245,94,188,0,224,1,1,0,245,0,101,0,39,0,19,0,14,0,12,
0,230,254,38,255,129,255,199,255,231,253,166,5,14,3,229,244,94,188,0,223,1,1,0,244,0,100,0,40,0,19,0,13,0,11,
0,207,254,250,254,150,255,199,255,231,253,166,5,199,2,79,245,114,190,0,223,1,1,0,244,0,100,0,40,0,18,0,13,0,11,
0,187,254,5,255,174,255,199,255,231,253,166,5,208,2,77,245,107,190,0,223,1,2,0,244,0,99,0,40,0,19,0,13,0,11,
0,187,254,5,255,174,255,199,255,231,253,166,5,50,3,172,244,109,189,0,223,1,1,0,244,0,99,0,40,0,18,0,13,0,11,
0,193,254,5,255,186,255,199,255,231,253,166,5,50,3,172,244,109,189,0,223,1,1,0,243,0,100,0,41,0,20,0,13,0,11,
0,229,254,19,255,155,255,199,255,231,253,166,5,147,2,12,245,53,188,0,223,1,1,0,242,0,100,0,42,0,19,0,13,0,11,
0,197,254,6,255,141,255,199,255,231,253,166,5,105,2,146,245,30,191,0,222,1,0,0,242,0,99,0,41,0,19,0,13,0,11,
0,197,254,6,255,141,255,199,255,231,253,166,5,116,3,24,245,149,190,0,222,1,1,0,242,0,99,0,41,0,20,0,13,0,12,
0,189,254,247,254,114,255,199,255,231,253,166,5,116,3,251,244,61,188,0,222,1,0,0,241,0,98,0,41,0,19,0,13,0,11,
0,190,254,229,254,129,255,199,255,231,253,166,5,11,3,251,244,61,188,0,222,1,0,0,241,0,99,0,42,0,19,0,13,0,11,
0,162,254,214,254,161,255,235,255,179,253,98,6,207,1,11,245,46,189,0,221,1,0,0,240,0,99,0,42,0,20,0,13,0,12,
0,162,254,214,254,161,255,235,255,179,253,98,6,66,2,81,245,68,191,0,222,0,255,0,240,0,98,0,42,0,19,0,13,0,11,
0,155,254,231,254,169,255,235,255,179,253,98,6,220,2,65,245,76,190,0,221,0,255,0,240,0,98,0,42,0,20,0,14,0,12,
0,171,254,227,254,147,255,235,255,179,253,98,6,220,2,65,245,172,189,0,222,1,0,0,240,0,98,0,41,0,19,0,13,0,11,
0,171,254,227,254,110,255,235,255,179,253,98,6,163,2,56,245,172,189,0,221,0,255,0,239,0,98,0,42,0,18,0,13,0,11,
0,188,254,208,254,110,255,235,255,179,253,98,6,91,2,34,245,16,189,0,221,0,255,0,239,0,98,0,42,0,18,0,13,0,12,
0,164,254,195,254,112,255,235,255,179,253,98,6,30,2,88,245,155,189,0,220,0,255,0,239,0,97,0,41,0,18,0,13,0,11,
0,149,254,193,254,110,255,235,255,179,253,98,6,30,2,173,245,2,190,0,220,0,254,0,238,0,97,0,42,0,19,0,13,0,11,
0,149,254,193,254,110,255,235,255,179,253,98,6,32,2,173,245,2,190,0,220,0,255,0,239,0,97,0,41,0,18,0,12,0,11,
0,153,254,203,254,127,255,235,255,179,253,98,6,53,2,249,245,45,189,0,219,0,254,0,238,0,97,0,41,0,19,0,13,0,11,
0,132,254,210,254,126,255,235,255,179,253,98,6,211,2,157,245,56,189,0,219,0,254,0,239,0,97,0,45,0,19,0,12,0,11,
0,158,254,184,254,120,255,246,255,214,253,69,6,163,2,186,245,216,189,0,219,0,254,0,238,0,97,0,44,0,19,0,12,0,10,
0,158,254,184,254,120,255,246,255,214,253,69,6,163,2,186,245,35,188,0,219,0,254,0,239,0,96,0,43,0,18,0,12,0,10,
0,147,254,200,254,108,255,246,255,214,253,69,6,216,1,211,245,35,188,0,218,0,253,0,238,0,97,0,43,0,19,0,13,0,11,
0,132,254,225,254,88,255,246,255,214,253,69,6,168,1,248,245,40,190,0,218,0,253,0,238,0,97,0,43,0,19,0,13,0,11,
0,131,254,225,254,83,255,246,255,214,253,69,6,48,2,228,245,235,190,0,217,0,254,0,239,0,97,0,42,0,19,0,13,0,11,
0,131,254,229,254,83,255,246,255,214,253,69,6,204,2,172,245,251,188,0,218,0,254,0,239,0,96,0,41,0,18,0,13,0,11,
0,133,254,209,254,81,255,246,255,214,253,69,6,204,2,172,245,251,188,0,217,0,253,0,239,0,97,0,42,0,19,0,13,0,11,
0,111,254,201,254,89,255,246,255,214,253,69,6,46,2,193,245,205,187,0,217,0,254,0,239,0,96,0,41,0,18,0,12,0,11,
0,111,254,201,254,93,255,246,255,214,253,69,6,94,1,134,246,37,190,0,217,0,253,0,239,0,97,0,41,0,19,0,13,0,11,
0,112,254,188,254,93,255,246,255,214,253,69,6,73,2,138,246,66,191,0,216,0,253,0,239,0,97,0,42,0,19,0,13,0,12,
0,110,254,192,254,88,255,246,255,180,253,51,6,73,2,38,246,114,191,0,216,0,253,0,240,0,97,0,41,0,20,0,13,0,11,
0,138,254,226,254,80,255,246,255,180,253,51,6,214,2,38,246,114,191,0,216,0,253,0,241,0,97,0,41,0,20,0,13,0,11,
0,138,254,226,254,80,255,246,255,180,253,51,6,227,2,192,245,185,188,0,216,0,253,0,241,0,98,0,42,0,20,0,14,0,12,
0,122,254,237,254,87,255,246,255,180,253,51,6,2,2,255,245,55,188,0,216,0,253,0,241,0,97,0,42,0,20,0,14,0,12,
0,105,254,234,254,92,255,246,255,180,253,51,6,152,1,169,246,59,190,0,216,0,253,0,242,0,98,0,42,0,20,0,14,0,12,
0,70,254,242,254,89,255,246,255,180,253,51,6,152,1,169,246,59,190,0,216,0,253,0,242,0,98,0,42,0,20,0,14,0,12,
0,70,254,242,254,89,255,246,255,180,253,51,6,83,2,125,246,126,192,0,216,0,253,0,242,0,98,0,42,0,20,0,14,0,11,
0,66,254,238,254,71,255,246,255,180,253,51,6,105,3,203,245,27,190,0,216,0,254,0,244,0,98,0,41,0,19,0,13,0,11,
0,112,254,25,255,74,255,246,255,180,253,51,6,181,2,211,245,251,187,0,216,0,253,0,244,0,99,0,42,0,20,0,13,0,11,
0,148,254,25,255,71,255,246,255,180,253,51,6,181,2,252,245,22,189,0,216,0,253,0,244,0,99,0,41,0,19,0,13,0,11,
0,148,254,16,255,71,255,232,255,240,253,19,6,250,1,252,245,22,189,0,216,0,253,0,244,0,99,0,42,0,19,0,13,0,11,
0,77,254,39,255,67,255,232,255,240,253,19,6,87,2,40,246,239,190,0,216,0,253,0,245,0,99,0,42,0,19,0,13,0,11,
0,47,254,51,255,71,255,232,255,240,253,19,6,97,2,239,245,122,190,0,216,0,254,0,246,0,99,0,41,0,19,0,13,0,11,
0,47,254,51,255,84,255,232,255,240,253,19,6,89,2,35,246,225,190,0,216,0,254,0,245,0,100,0,42,0,20,0,13,0,11,
0,130,254,44,255,84,255,232,255,240,253,19,6,89,2,35,246,183,190,0,217,0,254,0,246,0,100,0,42,0,20,0,13,0,11,
0,135,254,56,255,107,255,232,255,240,253,19,6,77,2,20,246,183,190,0,216,0,254,0,246,0,100,0,41,0,19,0,13,0,11,
0,86,254,57,255,113,255,232,255,240,253,19,6,24,3,238,245,92,190,0,216,0,254,0,247,0,100,0,42,0,20,0,13,0,12,
0,86,254,57,255,113,255,232,255,240,253,19,6,243,2,121,245,173,189,0,217,0,254,0,247,0,100,0,42,0,19,0,13,0,11,
0,127,254,54,255,100,255,232,255,240,253,19,6,243,2,195,245,123,189,0,216,0,254,0,247,0,101,0,43,0,20,0,14,0,12,
0,123,254,42,255,96,255,232,255,240,253,19,6,191,2,195,245,123,189,0,216,0,254,0,248,0,101,0,42,0,20,0,13,0,12,
0,125,254,31,255,88,255,46,0,160,253,205,6,80,2,12,246,246,190,0,217,0,255,0,249,0,101,0,42,0,19,0,13,0,11,
0,125,254,31,255,88,255,46,0,160,253,205,6,98,3,236,245,78,192,0,217,0,254,0,249,0,101,0,43,0,20,0,14,0,12,
0,99,254,67,255,111,255,46,0,160,253,205,6,212,3,171,245,132,191,0,217,0,255,0,249,0,101,0,43,0,19,0,13,0,11,
0,77,254,71,255,110,255,46,0,160,253,205,6,212,3,171,245,139,189,0,217,0,255,0,249,0,102,0,43,0,20,0,13,0,12,
0,44,254,71,255,115,255,46,0,160,253,205,6,194,3,152,245,139,189,0,217,0,255,0,249,0,102,0,43,0,20,0,14,0,12,
0,44,254,74,255,115,255,46,0,160,253,205,6,59,3,148,245,19,189,0,217,0,255,0,250,0,101,0,43,0,20,0,13,0,11,
0,13,254,68,255,105,255,46,0,160,253,205,6,152,2,188,245,214,189,0,218,0,255,0,251,0,102,0,43,0,20,0,13,0,11,
0,6,254,55,255,107,255,46,0,160,253,205,6,121,3,133,245,99,191,0,217,0,255,0,251,0,102,0,44,0,20,0,14,0,12,
0,6,254,55,255,107,255,46,0,160,253,205,6,121,3,133,245,99,191,0,217,0,255,0,251,0,102,0,43,0,20,0,13,0,11,
0,11,254,83,255,107,255,46,0,160,253,205,6,212,3,71,245,80,191,0,218,0,255,0,251,0,103,0,43,0,20,0,13,0,11,
0,63,254,76,255,103,255,46,0,160,253,154,6,196,3,85,245,158,190,0,218,0,255,0,251,0,102,0,43,0,19,0,13,0,11,
0,109,254,81,255,134,255,255,255,153,253,154,6,196,3,110,245,6,191,0,218,0,255,0,251,0,103,0,43,0,20,0,13,0,11,
0,109,254,81,255,134,255,255,255,153,253,154,6,196,3,76,245,129,190,0,219,0,255,0,251,0,102,0,43,0,19,0,13,0,11,
0,46,254,95,255,142,255,255,255,153,253,154,6,48,4,76,245,129,190,0,219,0,255,0,251,0,103,0,44,0,20,0,13,0,11,
0,56,254,76,255,125,255,255,255,153,253,154,6,120,3,232,244,206,188,0,219,0,255,0,251,0,103,0,44,0,20,0,14,0,11,
0,38,254,115,255,133,255,255,255,153,253,154,6,60,3,79,245,213,190,0,219,0,255,0,251,0,102,0,43,0,19,0,13,0,11,
0,38,254,115,255,133,255,255,255,153,253,154,6,140,3,75,245,73,192,0,219,0,255,0,251,0,103,0,43,0,20,0,14,0,12,
0,0,254,107,255,134,255,255,255,153,253,154,6,140,3,75,245,73,191,0,220,0,255,0,251,0,102,0,43,0,20,0,13,0,11,
0,0,254,108,255,142,255,255,255,153,253,154,6,29,4,20,245,109,191,0,219,0,255,0,250,0,103,0,44,0,20,0,14,0,11,
0,0,254,108,255,175,255,255,255,153,253,154,6,100,4,194,244,169,190,0,220,0,255,0,250,0,103,0,44,0,21,0,14,0,12,
0,4,254,110,255,175,255,255,255,153,253,154,6,162,3,191,244,233,188,0,220,0,255,0,250,0,102,0,43,0,20,0,13,0,11,
0,229,253,105,255,167,255,250,255,210,253,40,6,162,3,231,244,163,190,0,220,0,255,0,249,0,103,0,44,0,21,0,14,0,12,
0,227,253,113,255,162,255,250,255,210,253,40,6,140,3,231,244,163,190,0,220,0,255,0,249,0,102,0,43,0,20,0,13,0,11,
0,227,253,113,255,180,255,250,255,210,253,40,6,145,3,223,244,229,191,0,220,0,254,0,248,0,103,0,44,0,20,0,14,0,11,
0,230,253,93,255,180,255,250,255,210,253,40,6,238,3,19,245,109,191,0,220,0,254,0,248,0,102,0,44,0,20,0,14,0,12,
0,27,254,75,255,181,255,250,255,210,253,40,6,235,3,225,244,225,189,0,220,0,254,0,248,0,101,0,43,0,20,0,13,0,11,
0,4,254,65,255,150,255,250,255,210,253,40,6,235,3,225,244,110,190,0,220,0,255,0,247,0,102,0,43,0,20,0,14,0,12,
0,4,254,65,255,150,255,250,255,210,253,40,6,126,3,208,244,110,190,0,220,0,255,0,247,0,101,0,43,0,20,0,13,0,11,
0,249,253,67,255,132,255,250,255,210,253,40,6,3,4,245,244,158,190,0,220,0,254,0,247,0,102,0,43,0,20,0,13,0,11,
0,227,253,76,255,153,255,250,255,210,253,40,6,174,3,220,244,89,190,0,220,0,255,0,246,0,101,0,43,0,20,0,14,0,11,
0,180,253,80,255,188,255,250,255,210,253,40,6,174,3,255,244,45,189,0,220,0,255,0,246,0,101,0,43,0,19,0,13,0,11,
0,180,253,80,255,188,255,42,0,188,253,52,6,143,3,255,244,45,189,0,220,0,254,0,245,0,101,0,43,0,20,0,13,0,11,
0,230,253,50,255,184,255,42,0,188,253,52,6,28,3,221,244,50,190,0,220,0,255,0,245,0,100,0,42,0,19,0,13,0,11,
0,255,253,25,255,192,255,42,0,188,253,52,6,6,3,67,245,26,192,0,219,0,254,0,244,0,100,0,43,0,20,0,13,0,11,
0,255,253,25,255,163,255,42,0,188,253,52,6,243,3,249,244,122,191,0,219,0,254,0,244,0,100,0,43,0,20,0,13,0,11,
0,229,253,15,255,163,255,42,0,188,253,52,6,243,3,249,244,203,190,0,220,0,255,0,244,0,100,0,42,0,19,0,13,0,11,
0,183,253,45,255,151,255,42,0,188,253,52,6,204,3,199,244,203,190,0,219,0,254,0,243,0,100,0,37,0,20,0,14,0,12,
0,155,253,67,255,144,255,42,0,188,253,52,6,88,3,226,244,88,189,0,219,0,254,0,243,0,99,0,38,0,18,0,13,0,11,
0,155,253,67,255,137,255,42,0,188,253,52,6,57,3,194,244,105,189,0,219,0,254,0,242,0,99,0,40,0,18,0,13,0,12,
0,161,253,80,255,137,255,42,0,188,253,52,6,56,3,25,245,83,191,0,219,0,254,0,241,0,99,0,40,0,19,0,14,0,11,
0,162,253,56,255,153,255,42,0,188,253,52,6,56,3,25,245,83,191,0,219,0,254,0,241,0,98,0,40,0,18,0,13,0,11,
0,184,253,37,255,133,255,206,255,175,253,190,5,148,3,240,244,43,191,0,219,0,254,0,241,0,99,0,40,0,18,0,13,0,11,
0,184,253,37,255,133,255,206,255,175,253,190,5,79,3,41,245,238,190,0,219,0,254,0,239,0,99,0,41,0,18,0,13,0,12,
0,181,253,41,255,105,255,206,255,175,253,190,5,128,3,213,244,171,190,0,218,0,254,0,239,0,98,0,41,0,18,0,13,0,11,
0,177,253,40,255,134,255,206,255,175,253,190,5,128,3,9,245,233,189,0,218,0,253,0,239,0,98,0,41,0,19,0,13,0,11,
0,161,253,10,255,147,255,206,255,175,253,190,5,98,3,9,245,233,189,0,219,0,254,0,238,0,97,0,41,0,17,0,13,0,11,
0,161,253,10,255,147,255,206,255,175,253,190,5,105,3,73,245,22,190,0,219,0,253,0,237,0,98,0,42,0,19,0,13,0,11,
0,126,253,18,255,144,255,206,255,175,253,190,5,68,3,107,245,174,191,0,219,0,253,0,238,0,97,0,41,0,17,0,12,0,11,
0,113,253,3,255,117,255,206,255,175,253,190,5,54,3,248,244,143,189,0,218,0,253,0,237,0,97,0,41,0,19,0,13,0,11,
0,113,253,3,255,132,255,206,255,175,253,190,5,54,3,248,244,112,190,0,218,0,253,0,236,0,97,0,41,0,19,0,13,0,11,
0,123,253,15,255,132,255,206,255,175,253,190,5,157,2,150,245,112,190,0,219,0,253,0,236,0,96,0,41,0,18,0,13,0,11,
0,127,253,17,255,133,255,215,255,137,253,59,5,34,3,96,245,40,191,0,218,0,253,0,235,0,96,0,41,0,18,0,13,0,11,
0,153,253,28,255,115,255,215,255,137,253,59,5,190,2,168,245,166,190,0,218,0,253,0,236,0,96,0,40,0,17,0,12,0,11,
0,153,253,28,255,115,255,215,255,137,253,59,5,190,2,87,245,203,190,0,217,0,252,0,235,0,96,0,41,0,18,0,12,0,11,
0,134,253,15,255,117,255,215,255,137,253,59,5,15,3,87,245,203,190,0,217,0,252,0,235,0,96,0,41,0,18,0,13,0,11,
0,130,253,7,255,113,255,215,255,137,253,59,5,146,3,94,245,158,189,0,217,0,252,0,235,0,95,0,40,0,17,0,12,0,11,
0,120,253,20,255,151,255,215,255,137,253,59,5,221,2,126,245,218,188,0,217,0,252,0,235,0,96,0,40,0,18,0,13,0,11,
0,120,253,20,255,151,255,215,255,137,253,59,5,35,2,220,245,44,190,0,217,0,252,0,235,0,95,0,40,0,17,0,12,0,11,
0,101,253,4,255,150,255,215,255,137,253,59,5,35,2,220,245,202,191,0,217,0,252,0,234,0,96,0,45,0,19,0,12,0,11,
0,87,253,248,254,151,255,215,255,137,253,59,5,65,2,5,246,202,191,0,216,0,252,0,234,0,95,0,44,0,20,0,13,0,11,
0,95,253,12,255,120,255,215,255,137,253,59,5,12,3,13,246,70,191,0,216,0,252,0,234,0,95,0,43,0,18,0,13,0,11,
0,95,253,12,255,120,255,215,255,137,253,59,5,121,3,138,245,58,189,0,216,0,251,0,234,0,95,0,42,0,20,0,13,0,12,
0,93,253,16,255,119,255,4,0,133,253,30,6,249,2,193,245,111,189,0,216,0,252,0,235,0,95,0,42,0,18,0,13,0,11,
0,83,253,50,255,143,255,4,0,133,253,30,6,249,2,193,245,111,189,0,216,0,251,0,234,0,95,0,42,0,19,0,13,0,11,
0,83,253,50,255,129,255,4,0,133,253,30,6,40,2,30,246,164,189,0,216,0,251,0,234,0,95,0,41,0,19,0,13,0,11,
0,67,253,50,255,129,255,4,0,133,253,30,6,109,2,142,246,58,191,0,216,0,252,0,235,0,95,0,41,0,18,0,13,0,11,
0,82,253,20,255,92,255,4,0,133,253,30,6,54,3,94,246,85,191,0,216,0,251,0,235,0,95,0,41,0,19,0,13,0,12,
0,69,253,36,255,107,255,4,0,133,253,30,6,54,3,94,246,254,188,0,216,0,251,0,235,0,95,0,40,0,17,0,12,0,11,
0,69,253,36,255,107,255,4,0,133,253,30,6,253,2,248,245,254,188,0,215,0,251,0,235,0,95,0,41,0,19,0,13,0,11,
0,62,253,50,255,114,255,4,0,133,253,30,6,192,2,40,246,93,189,0,215,0,251,0,235,0,95,0,40,0,18,0,13,0,11,
0,26,253,48,255,128,255,4,0,133,253,30,6,192,2,127,246,254,189,0,215,0,251,0,235,0,95,0,40,0,18,0,13,0,11,
0,29,253,47,255,119,255,4,0,133,253,30,6,94,2,136,246,131,190,0,215,0,251,0,235,0,95,0,40,0,18,0,13,0,11,
0,29,253,47,255,119,255,206,255,191,253,213,5,94,2,136,246,131,190,0,216,0,251,0,235,0,95,0,40,0,17,0,12,0,11,
0,27,253,46,255,85,255,206,255,191,253,213,5,236,2,120,246,170,190,0,215,0,251,0,235,0,95,0,40,0,18,0,13,0,11,
0,28,253,53,255,91,255,206,255,191,253,213,5,32,3,87,246,45,190,0,215,0,251,0,235,0,95,0,40,0,18,0,13,0,11,
0,14,253,56,255,98,255,206,255,191,253,213,5,180,2,103,246,140,189,0,215,0,251,0,235,0,94,0,40,0,17,0,12,0,11,
0,14,253,56,255,98,255,206,255,191,253,213,5,180,2,98,246,87,190,0,215,0,251,0,235,0,95,0,40,0,18,0,13,0,11,
0,18,253,65,255,112,255,206,255,191,253,213,5,179,2,98,246,87,190,0,215,0,251,0,235,0,95,0,40,0,17,0,12,0,11,
0,54,253,50,255,129,255,206,255,191,253,213,5,198,2,117,246,44,190,0,215,0,251,0,235,0,95,0,40,0,18,0,13,0,11,
0,54,253,50,255,96,255,206,255,191,253,213,5,17,2,134,246,69,190,0,215,0,250,0,235,0,95,0,40,0,18,0,13,0,11,
0,63,253,63,255,96,255,206,255,191,253,213,5,146,2,159,246,244,191,0,215,0,250,0,236,0,95,0,40,0,17,0,13,0,11,
0,45,253,73,255,95,255,206,255,191,253,213,5,146,2,159,246,45,190,0,215,0,251,0,236,0,95,0,40,0,17,0,13,0,11,
0,33,253,78,255,88,255,253,255,93,253,231,6,130,3,96,246,45,190,0,214,0,250,0,235,0,95,0,41,0,19,0,13,0,12,
0,33,253,78,255,88,255,253,255,93,253,231,6,233,2,103,246,53,190,0,214,0,250,0,235,0,95,0,41,0,18,0,13,0,11,
0,78,253,71,255,91,255,253,255,93,253,231,6,154,2,95,246,101,189,0,214,0,250,0,235,0,95,0,40,0,18,0,13,0,11,
0,82,253,89,255,119,255,253,255,93,253,231,6,154,2,130,246,210,189,0,214,0,250,0,235,0,95,0,40,0,17,0,12,0,11,
0,83,253,75,255,119,255,253,255,93,253,231,6,96,2,130,246,210,189,0,215,0,250,0,235,0,95,0,40,0,18,0,13,0,11,
0,83,253,75,255,119,255,253,255,93,253,231,6,68,2,183,246,72,191,0,215,0,250,0,235,0,95,0,40,0,17,0,12,0,11,
0,64,253,73,255,112,255,253,255,93,253,231,6,0,3,123,246,130,191,0,214,0,251,0,235,0,95,0,40,0,19,0,13,0,11,
0,49,253,96,255,86,255,253,255,93,253,231,6,46,3,112,246,88,189,0,214,0,250,0,235,0,95,0,40,0,18,0,13,0,11,
0,58,253,118,255,87,255,253,255,93,253,231,6,46,3,112,246,252,188,0,214,0,250,0,235,0,95,0,40,0,18,0,12,0,11,
0,58,253,118,255,87,255,253,255,93,253,231,6,6,2,199,246,252,188,0,214,0,250,0,235,0,95,0,40,0,18,0,13,0,11,
0,58,253,100,255,96,255,38,0,140,253,249,5,68,2,169,246,80,191,0,214,0,250,0,235,0,95,0,40,0,17,0,12,0,11,
0,94,253,102,255,99,255,38,0,140,253,249,5,252,2,155,246,239,190,0,214,0,249,0,234,0,95,0,40,0,18,0,13,0,11,
0,94,253,102,255,113,255,38,0,140,253,249,5,234,2,87,246,50,190,0,214,0,249,0,234,0,95,0,40,0,18,0,13,0,11,
0,84,253,83,255,113,255,38,0,140,253,249,5,234,2,87,246,50,190,0,214,0,249,0,235,0,95,0,40,0,17,0,13,0,11,
0,76,253,74,255,126,255,38,0,140,253,249,5,110,2,91,246,193,189,0,214,0,250,0,234,0,95,0,40,0,18,0,13,0,11,
0,60,253,73,255,122,255,38,0,140,253,249,5,174,1,139,246,218,190,0,214,0,249,0,234,0,95,0,40,0,17,0,13,0,11,
0,60,253,73,255,122,255,38,0,140,253,249,5,78,3,153,246,110,191,0,214,0,249,0,233,0,95,0,41,0,18,0,13,0,11,
0,47,253,70,255,131,255,38,0,140,253,249,5,78,3,153,246,50,189,0,214,0,249,0,233,0,95,0,40,0,18,0,13,0,11,
0,50,253,80,255,122,255,38,0,140,253,249,5,218,2,128,246,50,189,0,214,0,249,0,233,0,94,0,40,0,17,0,13,0,11,
0,69,253,71,255,111,255,38,0,140,253,249,5,96,2,110,246,39,190,0,214,0,249,0,233,0,95,0,41,0,18,0,13,0,11,
0,69,253,71,255,111,255,38,0,140,253,249,5,87,2,168,246,106,190,0,214,0,249,0,232,0,94,0,40,0,18,0,13,0,11,
0,60,253,41,255,84,255,228,255,70,253,92,6,176,2,157,246,79,190,0,214,0,248,0,232,0,95,0,40,0,19,0,14,0,12,
0,80,253,44,255,87,255,228,255,70,253,92,6,176,2,157,246,79,190,0,213,0,248,0,231,0,94,0,40,0,18,0,13,0,12,
0,64,253,36,255,118,255,228,255,70,253,92,6,196,1,210,246,179,190,0,214,0,248,0,232,0,94,0,40,0,17,0,12,0,11,
0,64,253,36,255,118,255,228,255,70,253,92,6,97,2,249,246,191,191,0,214,0,248,0,231,0,94,0,40,0,18,0,12,0,11,
0,23,253,52,255,123,255,228,255,70,253,92,6,93,3,171,246,126,190,0,213,0,248,0,230,0,94,0,40,0,18,0,13,0,11,
0,241,252,57,255,125,255,228,255,70,253,92,6,93,3,138,246,128,188,0,213,0,248,0,230,0,93,0,40,0,18,0,12,0,11,
0,241,252,57,255,111,255,228,255,70,253,92,6,207,1,138,246,128,188,0,213,0,248,0,229,0,93,0,40,0,18,0,13,0,11,
0,0,253,52,255,111,255,228,255,70,253,92,6,2,2,254,246,179,190,0,213,0,248,0,229,0,92,0,39,0,17,0,12,0,11,
0,10,253,55,255,101,255,228,255,70,253,92,6,99,2,60,247,140,191,0,213,0,248,0,229,0,92,0,39,0,17,0,12,0,11,
0,28,253,68,255,80,255,228,255,70,253,92,6,108,3,201,246,25,190,0,213,0,247,0,228,0,93,0,40,0,18,0,13,0,11,
0,28,253,68,255,80,255,179,255,154,253,190,5,108,3,201,246,27,189,0,212,0,247,0,228,0,92,0,40,0,17,0,12,0,11,
0,24,253,63,255,79,255,179,255,154,253,190,5,98,2,187,246,27,189,0,212,0,247,0,227,0,92,0,40,0,18,0,13,0,11,
0,7,253,48,255,53,255,179,255,154,253,190,5,61,1,105,247,68,191,0,213,0,247,0,228,0,92,0,38,0,17,0,12,0,11,
0,8,253,25,255,63,255,179,255,154,253,190,5,240,2,106,247,236,191,0,212,0,247,0,227,0,92,0,39,0,18,0,13,0,11,
0,8,253,25,255,63,255,179,255,154,253,190,5,240,2,228,246,138,189,0,212,0,247,0,227,0,91,0,38,0,17,0,12,0,11,
0,17,253,21,255,72,255,179,255,154,253,190,5,248,2,228,246,138,189,0,212,0,247,0,227,0,92,0,40,0,17,0,13,0,11,
0,44,253,29,255,66,255,179,255,154,253,190,5,228,1,95,247,66,190,0,212,0,247,0,226,0,92,0,39,0,18,0,13,0,11,
0,29,253,29,255,61,255,179,255,154,253,190,5,78,2,184,247,179,190,0,212,0,247,0,227,0,91,0,38,0,17,0,12,0,11,
0,29,253,19,255,61,255,179,255,154,253,190,5,211,2,139,247,44,190,0,212,0,246,0,226,0,92,0,39,0,18,0,13,0,11,
0,21,253,27,255,47,255,179,255,154,253,190,5,211,2,139,247,1,190,0,212,0,247,0,227,0,91,0,38,0,17,0,12,0,11,
0,70,253,12,255,46,255,17,0,47,253,9,7,245,1,139,247,1,190,0,212,0,246,0,227,0,91,0,39,0,18,0,13,0,11,
0,70,253,12,255,54,255,17,0,47,253,9,7,11,2,221,247,239,190,0,212,0,246,0,227,0,91,0,39,0,17,0,13,0,11,
0,79,253,16,255,54,255,17,0,47,253,9,7,223,2,181,247,242,189,0,212,0,246,0,227,0,91,0,33,0,17,0,14,0,12,
0,9,253,1,255,48,255,17,0,47,253,9,7,69,2,244,247,141,188,0,212,0,246,0,227,0,91,0,35,0,17,0,13,0,12,
0,7,253,247,254,10,255,17,0,47,253,9,7,69,2,244,247,141,188,0,212,0,247,0,228,0,91,0,35,0,16,0,12,0,11,
0,7,253,247,254,10,255,17,0,47,253,9,7,193,1,55,248,198,190,0,212,0,246,0,228,0,91,0,36,0,17,0,13,0,11,
0,27,253,221,254,14,255,17,0,47,253,9,7,194,2,50,248,181,191,0,212,0,247,0,228,0,92,0,37,0,17,0,13,0,11,
0,37,253,208,254,4,255,17,0,47,253,9,7,243,2,4,248,167,188,0,212,0,247,0,229,0,91,0,37,0,16,0,12,0,11,
0,13,253,234,254,249,254,17,0,47,253,9,7,243,2,94,248,210,188,0,213,0,247,0,230,0,92,0,38,0,17,0,12,0,11,
0,13,253,234,254,249,254,17,0,47,253,9,7,122,1,94,248,210,188,0,213,0,248,0,231,0,92,0,37,0,16,0,12,0,11,
0,249,252,210,254,242,254,20,0,56,253,158,6,110,2,159,248,217,191,0,212,0,247,0,231,0,92,0,38,0,17,0,12,0,11,
0,12,253,210,254,232,254,20,0,56,253,158,6,165,2,43,248,32,190,0,213,0,248,0,232,0,93,0,39,0,17,0,13,0,11,
0,41,253,210,254,245,254,20,0,56,253,158,6,222,2,78,248,201,188,0,213,0,248,0,232,0,93,0,39,0,17,0,13,0,11,
0,41,253,228,254,245,254,20,0,56,253,158,6,222,2,78,248,245,189,0,214,0,248,0,233,0,93,0,39,0,18,0,13,0,11,
0,63,253,217,254,230,254,20,0,56,253,158,6,6,3,96,248,245,189,0,214,0,249,0,235,0,93,0,39,0,17,0,12,0,11,
0,71,253,193,254,223,254,20,0,56,253,158,6,26,2,157,248,61,190,0,214,0,249,0,235,0,94,0,40,0,18,0,13,0,11,
0,71,253,193,254,230,254,20,0,56,253,158,6,120,2,188,248,223,190,0,214,0,250,0,236,0,94,0,40,0,18,0,13,0,11,
0,39,253,175,254,230,254,20,0,56,253,158,6,120,2,114,248,123,189,0,215,0,251,0,237,0,95,0,40,0,18,0,13,0,11,
0,38,253,196,254,196,254,20,0,56,253,158,6,33,3,114,248,123,189,0,215,0,251,0,238,0,95,0,40,0,18,0,13,0,11,
0,32,253,182,254,178,254,20,0,56,253,158,6,77,2,102,248,3,189,0,216,0,252,0,239,0,95,0,40,0,17,0,12,0,11,
0,32,253,182,254,178,254,20,0,56,253,158,6,43,2,183,248,104,190,0,216,0,252,0,240,0,96,0,40,0,20,0,13,0,12,
0,33,253,157,254,193,254,28,0,69,253,222,5,240,2,162,248,58,191,0,217,0,253,0,241,0,97,0,40,0,20,0,13,0,11,
0,49,253,193,254,208,254,28,0,69,253,222,5,240,2,162,248,137,189,0,217,0,254,0,242,0,96,0,40,0,19,0,13,0,11,
0,40,253,211,254,208,254,28,0,69,253,222,5,112,3,110,248,137,189,0,218,0,254,0,243,0,97,0,44,0,19,0,13,0,11,
0,40,253,211,254,208,254,28,0,69,253,222,5,155,2,106,248,174,188,0,218,0,254,0,244,0,98,0,44,0,20,0,13,0,11,
0,65,253,225,254,177,254,28,0,69,253,222,5,153,2,129,248,15,191,0,219,0,255,0,245,0,98,0,43,0,20,0,13,0,11,
0,64,253,226,254,149,254,28,0,69,253,222,5,63,3,140,248,218,191,0,219,0,255,0,246,0,99,0,43,0,20,0,13,0,11,
0,131,253,226,254,180,254,28,0,69,253,222,5,63,3,140,248,218,191,0,219,1,1,0,247,0,99,0,43,0,19,0,13,0,11,
0,131,253,206,254,180,254,28,0,69,253,222,5,168,3,9,248,146,188,0,220,1,1,0,248,0,99,0,42,0,19,0,13,0,11,
0,132,253,202,254,190,254,28,0,69,253,222,5,2,2,113,248,23,190,0,220,1,1,0,248,0,100,0,43,0,20,0,14,0,11,
0,97,253,188,254,174,254,28,0,69,253,222,5,28,3,60,248,105,192,0,220,1,1,0,249,0,100,0,42,0,20,0,13,0,11,
0,97,253,188,254,170,254,240,255,115,253,120,6,28,3,60,248,109,191,0,221,1,2,0,250,0,101,0,43,0,20,0,13,0,11,
0,106,253,182,254,170,254,240,255,115,253,120,6,247,3,1,248,109,191,0,222,1,3,0,251,0,100,0,42,0,19,0,13,0,11,
0,89,253,186,254,193,254,240,255,115,253,120,6,243,3,191,247,30,190,0,222,1,2,0,251,0,102,0,43,0,20,0,14,0,12,
0,120,253,185,254,188,254,240,255,115,253,120,6,31,3,4,248,72,190,0,223,1,3,0,252,0,102,0,42,0,19,0,13,0,11,
0,120,253,185,254,188,254,240,255,115,253,120,6,185,2,28,248,243,190,0,223,1,3,0,252,0,102,0,43,0,20,0,13,0,11,
0,122,253,158,254,176,254,240,255,115,253,120,6,185,2,28,248,243,190,0,223,1,3,0,253,0,103,0,43,0,20,0,14,0,12,
0,121,253,159,254,172,254,240,255,115,253,120,6,39,4,166,247,35,192,0,224,1,4,0,254,0,103,0,43,0,20,0,13,0,11,
0,93,253,190,254,187,254,240,255,115,253,120,6,199,4,85,247,86,191,0,224,1,4,0,254,0,104,0,44,0,20,0,14,0,12,
0,93,253,190,254,187,254,240,255,115,253,120,6,240,2,130,247,28,190,0,225,1,5,0,255,0,104,0,43,0,19,0,13,0,11,
0,62,253,192,254,186,254,240,255,115,253,120,6,240,2,181,247,89,193,0,225,1,4,0,254,0,104,0,44,0,20,0,14,0,11,
0,66,253,159,254,156,254,28,0,35,253,247,5,122,3,181,247,89,193,0,225,1,5,0,255,0,104,0,44,0,21,0,14,0,12,
0,66,253,159,254,171,254,28,0,35,253,247,5,16,4,154,247,43,192,0,226,1,5,0,255,0,104,0,44,0,20,0,13,0,11,
0,80,253,167,254,171,254,28,0,35,253,247,5,58,4,10,247,150,190,0,227,1,5,0,255,0,105,0,44,0,21,0,14,0,12,
0,73,253,182,254,185,254,28,0,35,253,247,5,160,3,73,247,109,190,0,227,1,5,1,0,0,104,0,44,0,18,0,13,0,11,
0,87,253,176,254,184,254,28,0,35,253,247,5,160,3,73,247,124,192,0,227,1,5,0,255,0,105,0,45,0,21,0,14,0,12,
0,87,253,176,254,194,254,28,0,35,253,247,5,147,3,71,247,124,192,0,228,1,5,0,255,0,105,0,44,0,21,0,13,0,11,
0,90,253,178,254,194,254,28,0,35,253,247,5,242,3,58,247,219,192,0,228,1,5,0,255,0,104,0,44,0,20,0,14,0,11,
0,65,253,170,254,200,254,28,0,35,253,247,5,188,3,212,246,134,190,0,229,1,5,0,255,0,105,0,44,0,20,0,14,0,11,
0,50,253,162,254,191,254,28,0,35,253,247,5,188,3,202,246,214,190,0,230,1,5,0,255,0,104,0,44,0,20,0,13,0,11,
0,50,253,162,254,191,254,28,0,35,253,247,5,223,3,202,246,214,190,0,229,1,5,0,254,0,105,0,44,0,20,0,14,0,11,
0,43,253,136,254,235,254,6,0,71,253,81,5,22,3,76,247,163,191,0,230,1,4,0,254,0,104,0,44,0,21,0,14,0,12,
0,24,253,120,254,250,254,6,0,71,253,81,5,211,3,255,246,92,192,0,230,1,5,0,254,0,104,0,44,0,20,0,14,0,12,
0,0,253,114,254,5,255,6,0,71,253,81,5,13,4,203,246,54,191,0,230,1,4,0,253,0,104,0,44,0,21,0,14,0,11,
0,0,253,114,254,5,255,6,0,71,253,81,5,13,4,203,246,8,191,0,231,1,4,0,253,0,104,0,44,0,20,0,13,0,11,
0,11,253,118,254,230,254,6,0,71,253,81,5,12,3,189,246,8,191,0,230,1,4,0,252,0,104,0,45,0,21,0,14,0,12,
0,15,253,127,254,239,254,6,0,71,253,81,5,92,3,225,246,195,191,0,230,1,3,0,251,0,104,0,44,0,21,0,14,0,12,
0,15,253,127,254,244,254,6,0,71,253,81,5,144,3,197,246,25,192,0,231,1,4,0,250,0,104,0,44,0,21,0,14,0,12,
0,45,253,123,254,244,254,6,0,71,253,81,5,104,3,197,246,222,191,0,231,1,3,0,249,0,104,0,44,0,20,0,14,0,12,
0,25,253,157,254,242,254,6,0,71,253,81,5,104,3,197,246,222,191,0,232,1,3,0,249,0,103,0,44,0,20,0,13,0,11,
0,6,253,166,254,251,254,6,0,71,253,81,5,70,3,117,246,87,191,0,231,1,2,0,247,0,103,0,44,0,20,0,14,0,12,
0,6,253,166,254,236,254,6,0,71,253,111,6,88,3,167,246,218,191,0,232,1,1,0,246,0,103,0,44,0,21,0,14,0,12,
0,25,253,133,254,236,254,3,0,53,253,111,6,182,2,138,246,229,191,0,232,1,2,0,246,0,102,0,44,0,20,0,14,0,12,
0,8,253,138,254,246,254,3,0,53,253,111,6,182,2,226,246,109,192,0,232,1,1,0,244,0,101,0,44,0,20,0,14,0,12,
0,27,253,137,254,239,254,3,0,53,253,111,6,248,2,226,246,109,192,0,232,1,1,0,244,0,100,0,43,0,19,0,13,0,11,
0,27,253,137,254,239,254,3,0,53,253,111,6,174,3,151,246,200,191,0,232,1,0,0,242,0,101,0,43,0,20,0,14,0,12,
0,14,253,119,254,234,254,3,0,53,253,111,6,194,2,238,246,195,190,0,232,1,0,0,241,0,100,0,43,0,20,0,14,0,11,
0,232,252,133,254,9,255,3,0,53,253,111,6,165,2,10,247,77,193,0,233,0,255,0,241,0,99,0,43,0,20,0,13,0,12,
0,194,252,133,254,19,255,3,0,53,253,111,6,165,2,10,247,77,191,0,233,0,255,0,239,0,99,0,43,0,18,0,13,0,11,
0,194,252,133,254,19,255,3,0,53,253,111,6,135,3,208,246,184,191,0,233,0,255,0,239,0,98,0,42,0,17,0,12,0,11,
0,188,252,163,254,20,255,3,0,53,253,111,6,8,2,26,247,114,190,0,233,0,254,0,237,0,98,0,42,0,19,0,13,0,11,
0,165,252,156,254,29,255,3,0,53,253,111,6,100,2,58,247,107,193,0,233,0,254,0,236,0,98,0,42,0,19,0,13,0,11,
0,165,252,156,254,2,255,245,255,71,253,221,5,100,2,10,247,49,193,0,233,0,254,0,236,0,97,0,41,0,18,0,13,0,11,
0,162,252,154,254,2,255,245,255,71,253,221,5,208,2,10,247,49,193,0,234,0,253,0,235,0,96,0,41,0,18,0,13,0,11,
0,182,252,157,254,248,254,245,255,71,253,221,5,193,2,147,246,63,190,0,234,0,252,0,233,0,96,0,41,0,19,0,13,0,11,
0,158,252,159,254,6,255,245,255,71,253,221,5,11,2,53,247,4,190,0,234,0,252,0,232,0,96,0,41,0,18,0,13,0,11,
0,158,252,159,254,6,255,245,255,71,253,221,5,198,1,58,247,238,192,0,234,0,251,0,232,0,95,0,41,0,19,0,13,0,11,
0,152,252,169,254,15,255,245,255,71,253,221,5,198,1,58,247,89,192,0,235,0,252,0,231,0,95,0,40,0,18,0,13,0,11,
0,172,252,170,254,2,255,245,255,71,253,221,5,199,2,14,247,89,192,0,235,0,251,0,230,0,95,0,41,0,19,0,13,0,11,
0,128,252,162,254,241,254,245,255,71,253,221,5,90,2,203,246,213,188,0,235,0,251,0,229,0,94,0,40,0,18,0,13,0,11,
0,128,252,162,254,241,254,245,255,71,253,221,5,206,1,73,247,153,190,0,234,0,250,0,227,0,94,0,40,0,18,0,13,0,11,
0,104,252,182,254,248,254,245,255,71,253,221,5,142,1,131,247,130,191,0,234,0,250,0,227,0,93,0,40,0,18,0,13,0,12,
0,94,252,195,254,242,254,27,0,5,253,204,5,142,1,131,247,130,191,0,235,0,250,0,226,0,92,0,40,0,17,0,13,0,11,
0,147,252,233,254,236,254,27,0,5,253,204,5,69,2,90,247,147,192,0,234,0,249,0,225,0,92,0,40,0,18,0,13,0,11,
0,147,252,233,254,236,254,27,0,5,253,204,5,70,2,121,247,3,191,0,235,0,249,0,225,0,91,0,39,0,17,0,12,0,11,
0,116,252,242,254,224,254,27,0,5,253,204,5,104,1,115,247,210,189,0,234,0,248,0,223,0,91,0,39,0,20,0,13,0,11,
0,90,252,3,255,214,254,27,0,5,253,204,5,104,1,115,247,203,191,0,234,0,248,0,223,0,91,0,39,0,20,0,13,0,11,
0,90,252,3,255,233,254,27,0,5,253,204,5,32,1,195,247,203,191,0,234,0,248,0,223,0,90,0,38,0,18,0,12,0,11,
0,67,252,237,254,233,254,27,0,5,253,204,5,134,2,119,247,103,192,0,233,0,247,0,222,0,90,0,38,0,19,0,13,0,11,
0,88,252,223,254,212,254,27,0,5,253,204,5,206,1,124,247,168,188,0,234,0,247,0,221,0,89,0,38,0,18,0,12,0,11,
0,73,252,246,254,182,254,27,0,5,253,204,5,1,1,28,248,32,191,0,233,0,246,0,220,0,89,0,32,0,18,0,13,0,12,
0,73,252,246,254,182,254,27,0,5,253,204,5,1,1,28,248,32,191,0,233,0,246,0,219,0,89,0,34,0,17,0,13,0,11,
0,31,252,10,255,186,254,123,0,193,252,147,6,70,1,14,248,146,192,0,220,0,251,0,222,0,88,0,34,0,16,0,12,0,11,
0,56,252,16,255,183,254,123,0,193,252,147,6,183,1,31,248,125,192,0,173,1,10,0,235,0,90,0,35,0,16,0,13,0,11,
0,101,252,31,255,201,254,123,0,193,252,147,6,226,2,24,250,34,202,0,204,1,48,1,46,0,98,0,37,0,16,0,13,0,11,
0,101,252,31,255,201,254,123,0,193,252,147,6,226,2,75,245,88,205,0,220,1,77,1,85,0,109,0,40,0,19,0,13,0,12,
0,8,253,222,254,200,254,123,0,193,252,147,6,97,3,75,245,88,205,0,203,1,81,1,87,0,116,0,43,0,19,0,13,0,11,
0,238,253,169,254,195,254,123,0,193,252,147,6,133,16,199,252,69,205,0,137,1,81,1,86,0,121,0,45,0,19,0,13,0,10,
0,44,255,89,255,75,253,123,0,193,252,147,6,35,41,10,242,3,218,0,133,1,78,1,71,0,125,0,47,0,19,0,13,0,11,
0,44,255,89,255,75,253,123,0,193,252,147,6,239,37,193,19,188,250,0,133,1,66,1,5,0,120,0,47,0,18,0,12,0,11,
0,221,2,118,255,78,250,123,0,193,252,147,6,239,37,193,19,180,20,0,134,1,25,0,167,0,109,0,48,0,21,0,13,0,11,
0,108,9,214,251,224,249,123,0,193,252,147,6,199,33,161,39,180,20,0,135,0,212,0,134,0,95,0,45,0,19,0,12,0,10,
0,108,9,214,251,19,252,63,0,17,253,197,5,173,22,10,48,41,20,0,136,0,162,0,133,0,85,0,41,0,17,0,12,0,11,
0,66,17,38,246,19,252,63,0,17,253,197,5,167,7,26,45,48,7,0,136,0,144,0,134,0,78,0,40,0,19,0,13,0,12,
0,68,23,137,242,93,0,63,0,17,253,197,5,167,7,179,35,121,8,0,137,0,139,0,133,0,73,0,38,0,20,0,14,0,12,
0,2,26,227,242,209,5,63,0,17,253,197,5,137,249,179,35,121,8,0,139,0,137,0,133,0,67,0,35,0,17,0,13,0,12,
0,2,26,227,242,209,5,63,0,17,253,197,5,225,245,48,27,138,15,0,143,0,136,0,134,0,63,0,32,0,16,0,12,0,12,
0,165,26,60,246,97,10,63,0,17,253,197,5,25,233,14,24,195,14,0,148,0,136,0,134,0,59,0,30,0,16,0,12,0,11,
0,226,25,43,249,212,11,63,0,17,253,197,5,138,229,126,11,76,247,0,156,0,137,0,133,0,56,0,28,0,14,0,11,0,11,
0,139,23,83,250,32,11,63,0,17,253,197,5,138,229,126,11,58,229,0,165,0,137,0,133,0,54,0,26,0,14,0,12,0,11,
0,139,23,83,250,32,11,63,0,17,253,197,5,143,227,113,253,58,229,0,175,0,136,0,132,0,52,0,25,0,13,0,11,0,10,
0,26,20,111,252,13,10,63,0,17,253,197,5,136,213,53,242,42,223,0,184,0,134,0,133,0,51,0,24,0,13,0,11,0,10,
0,153,15,190,254,236,8,63,0,17,253,197,5,198,207,210,230,160,209,0,191,0,134,0,137,0,50,0,27,0,12,0,10,0,10,
0,135,9,180,255,216,7,101,0,137,253,191,6,217,208,194,220,70,196,0,193,0,134,0,144,0,51,0,25,0,14,0,11,0,10,
0,135,9,180,255,216,7,101,0,137,253,191,6,217,208,194,220,70,196,0,196,0,135,0,171,0,53,0,24,0,11,0,10,0,10,
0,34,2,217,255,90,6,101,0,137,253,191,6,131,210,75,215,120,185,0,196,0,135,0,214,0,61,0,26,0,15,0,12,0,11,
0,237,250,97,0,144,4,101,0,137,253,191,6,30,214,64,216,69,179,0,193,0,136,1,1,0,70,0,27,0,13,0,11,0,11,
0,237,250,97,0,70,2,101,0,137,253,191,6,144,221,110,223,225,176,0,190,0,137,1,51,0,81,0,29,0,14,0,11,0,10,
0,9,245,180,1,70,2,101,0,137,253,191,6,144,221,218,235,219,170,0,183,0,138,1,75,0,94,0,32,0,14,0,12,0,11,
0,119,241,81,3,159,255,101,0,137,253,191,6,182,230,218,235,219,170,0,177,0,144,1,76,0,103,0,36,0,15,0,11,0,11,
0,57,241,78,4,76,253,101,0,137,253,191,6,138,241,122,248,146,164,0,168,0,162,1,75,0,111,0,39,0,16,0,12,0,11,
0,57,241,78,4,76,253,101,0,137,253,191,6,167,250,85,2,224,165,0,160,0,206,1,72,0,116,0,41,0,17,0,12,0,11,
0,38,244,205,3,150,251,101,0,137,253,191,6,2,3,92,7,210,165,0,156,0,251,1,68,0,121,0,45,0,18,0,13,0,11,
0,104,249,155,1,236,250,97,0,66,253,81,6,2,3,92,7,210,165,0,152,1,37,1,56,0,123,0,46,0,22,0,14,0,12,
0,248,255,175,254,238,251,97,0,66,253,81,6,137,7,19,9,37,162,0,152,1,65,1,31,0,121,0,47,0,20,0,13,0,11,
0,248,255,175,254,238,251,97,0,66,253,81,6,85,7,144,6,60,159,0,153,1,69,0,247,0,117,0,48,0,21,0,14,0,11,
0,246,6,51,252,244,254,97,0,66,253,81,6,235,1,10,3,50,167,0,154,1,67,0,187,0,108,0,48,0,22,0,14,0,11,
0,203,12,223,250,169,2,97,0,66,253,81,6,235,1,234,0,214,183,0,158,1,62,0,141,0,96,0,45,0,18,0,13,0,10,
0,116,16,137,250,159,5,97,0,66,253,81,6,149,252,234,0,214,183,0,165,1,59,0,133,0,86,0,43,0,19,0,13,0,11,
0,116,16,137,250,159,5,97,0,66,253,81,6,128,249,117,250,33,187,0,174,1,52,0,133,0,78,0,40,0,18,0,12,0,10,
0,140,18,91,251,57,7,97,0,66,253,81,6,121,242,30,247,115,192,0,182,1,41,0,133,0,72,0,38,0,18,0,13,0,10,
0,230,18,106,253,129,7,97,0,66,253,81,6,175,236,203,245,117,200,0,193,1,28,0,133,0,67,0,35,0,17,0,12,0,11,
0,230,18,106,253,212,6,97,0,66,253,81,6,175,236,203,245,250,207,0,204,1,14,0,134,0,63,0,32,0,16,0,12,0,11,
0,205,17,174,0,212,6,86,0,229,253,221,5,124,235,71,245,250,207,0,216,1,0,0,134,0,60,0,31,0,17,0,13,0,11,
0,246,15,213,4,178,5,86,0,229,253,221,5,87,237,172,242,89,207,0,227,0,245,0,135,0,57,0,29,0,15,0,12,0,11,
0,201,13,81,9,114,4,86,0,229,253,221,5,192,242,253,239,146,205,0,237,0,236,0,136,0,56,0,28,0,15,0,12,0,11,
0,201,13,81,9,114,4,86,0,229,253,221,5,192,251,152,236,195,204,0,247,0,229,0,140,0,55,0,27,0,15,0,12,0,11,
0,225,11,16,13,84,3,86,0,229,253,221,5,29,251,152,236,195,204,1,1,0,225,0,149,0,55,0,26,0,16,0,12,0,11,
0,12,10,139,15,125,2,86,0,229,253,221,5,142,3,60,233,202,202,1,10,0,224,0,169,0,57,0,26,0,13,0,12,0,11,
0,223,8,13,16,25,2,86,0,229,253,221,5,136,11,237,229,124,199,1,20,0,226,0,199,0,61,0,25,0,13,0,11,0,11,
0,223,8,13,16,25,2,86,0,229,253,221,5,32,17,176,227,73,197,1,31,0,229,0,227,0,68,0,27,0,14,0,12,0,12,
0,33,8,198,14,253,1,86,0,229,253,221,5,32,17,176,227,203,197,1,45,0,235,0,253,0,75,0,29,0,16,0,12,0,11,
0,154,7,78,12,251,1,86,0,229,253,221,5,103,20,56,227,203,197,1,61,0,238,1,21,0,84,0,31,0,16,0,13,0,11,
0,95,7,78,9,10,2,249,255,9,254,225,5,164,21,187,226,85,198,1,69,0,244,1,42,0,92,0,34,0,15,0,12,0,11,
0,95,7,21,9,10,2,249,255,9,254,225,5,57,20,98,228,5,198,1,75,0,247,1,59,0,100,0,36,0,17,0,12,0,11,
0,65,7,5,6,16,2,249,255,9,254,225,5,9,18,30,230,210,198,1,68,0,250,1,66,0,108,0,39,0,17,0,13,0,11,
0,209,6,175,3,5,2,249,255,9,254,225,5,9,18,30,230,210,198,1,65,0,252,1,67,0,114,0,41,0,17,0,13,0,11,
0,209,6,175,3,29,2,249,255,9,254,225,5,149,16,36,232,144,199,1,63,0,253,1,67,0,118,0,43,0,18,0,12,0,11,
0,111,6,63,2,29,2,249,255,9,254,225,5,178,15,250,234,85,204,1,90,0,251,1,68,0,123,0,46,0,20,0,13,0,11,
0,187,5,173,1,73,2,249,255,9,254,225,5,209,16,248,236,52,208,1,93,0,252,1,68,0,126,0,48,0,20,0,13,0,11,
0,248,4,206,1,16,2,249,255,9,254,225,5,209,16,101,238,230,207,1,78,0,249,1,67,0,128,0,53,0,21,0,13,0,11,
0,248,4,206,1,16,2,249,255,9,254,225,5,10,19,101,238,230,207,1,74,0,245,1,66,0,130,0,54,0,22,0,14,0,12,
0,39,4,91,2,230,1,249,255,9,254,225,5,230,21,106,238,2,206,1,73,0,239,1,66,0,132,0,54,0,22,0,14,0,11,
0,62,3,235,2,186,1,249,255,9,254,225,5,56,22,104,239,165,205,1,72,0,232,1,66,0,134,0,55,0,23,0,15,0,12,
0,37,2,85,3,207,1,24,0,7,254,251,5,67,24,106,238,239,204,1,72,0,226,1,65,0,133,0,55,0,23,0,14,0,11,
0,37,2,85,3,207,1,24,0,7,254,251,5,67,24,106,238,239,202,1,71,0,220,1,63,0,135,0,57,0,26,0,16,0,12,
0,92,1,119,3,37,2,24,0,7,254,251,5,69,25,108,237,102,202,1,70,0,215,1,61,0,135,0,57,0,26,0,16,0,12,
0,254,0,60,3,139,2,24,0,7,254,251,5,228,24,176,235,9,199,1,70,0,211,1,60,0,135,0,57,0,25,0,15,0,12,
0,142,0,60,3,174,2,24,0,7,254,251,5,94,24,199,233,93,196,1,69,0,207,1,57,0,135,0,57,0,26,0,16,0,12,
0,142,0,155,2,174,2,24,0,7,254,251,5,94,24,158,232,147,194,1,68,0,204,1,55,0,134,0,57,0,25,0,16,0,12,
0,246,255,112,1,212,2,24,0,7,254,251,5,125,23,158,232,147,194,1,67,0,200,1,49,0,133,0,58,0,26,0,15,0,12,
0,139,255,197,255,8,3,24,0,7,254,251,5,248,22,199,231,81,192,1,67,0,196,1,42,0,132,0,57,0,24,0,15,0,12,
0,139,255,197,255,79,3,24,0,7,254,251,5,231,20,22,230,46,191,1,67,0,193,1,33,0,129,0,56,0,23,0,14,0,12,
0,76,255,19,254,79,3,24,0,7,254,251,5,109,19,201,228,185,190,1,66,0,188,1,21,0,127,0,57,0,26,0,16,0,12,
0,69,255,92,252,116,3,225,255,42,254,48,6,109,19,201,228,146,190,1,66,0,183,1,8,0,123,0,55,0,23,0,15,0,11,
0,229,254,204,250,91,3,225,255,42,254,48,6,54,17,115,227,146,190,1,65,0,177,0,247,0,119,0,55,0,25,0,15,0,11,
0,229,254,204,250,91,3,225,255,42,254,48,6,35,15,80,226,216,187,1,63,0,171,0,230,0,113,0,52,0,23,0,15,0,12,
0,206,254,122,249,32,3,225,255,42,254,48,6,213,12,7,226,216,189,1,63,0,165,0,209,0,107,0,50,0,24,0,14,0,11,
0,200,254,43,248,215,2,225,255,42,254,48,6,58,12,102,225,246,190,1,63,0,159,0,186,0,99,0,49,0,23,0,14,0,11,
0,151,254,12,247,117,2,225,255,42,254,48,6,58,12,102,225,246,190,1,63,0,153,0,164,0,91,0,45,0,20,0,13,0,11,
0,151,254,12,247,117,2,225,255,42,254,48,6,113,11,51,224,208,188,1,61,0,148,0,147,0,83,0,43,0,21,0,13,0,11,
0,72,254,228,245,5,2,225,255,42,254,48,6,238,8,111,224,89,186,1,62,0,145,0,139,0,77,0,40,0,19,0,13,0,11,
0,226,253,249,244,163,1,225,255,42,254,48,6,167,6,22,225,91,187,1,63,0,142,0,136,0,70,0,36,0,17,0,13,0,11,
0,226,253,249,244,58,1,225,255,42,254,48,6,167,6,22,225,185,186,1,63,0,140,0,134,0,66,0,34,0,17,0,13,0,11,
0,95,253,43,244,58,1,148,0,4,254,96,6,149,4,170,225,185,186,1,63,0,139,0,134,0,62,0,32,0,16,0,12,0,11,
0,233,252,208,243,194,0,148,0,4,254,96,6,226,1,242,226,223,185,1,63,0,138,0,134,0,59,0,30,0,16,0,12,0,11,
0,97,252,222,243,122,0,148,0,4,254,96,6,68,0,117,228,47,184,1,63,0,138,0,134,0,57,0,28,0,15,0,12,0,11,
0,97,252,222,243,41,0,148,0,4,254,96,6,90,254,189,229,29,182,1,63,0,138,0,134,0,54,0,26,0,14,0,12,0,11,
0,56,252,61,244,41,0,148,0,4,254,96,6,90,254,189,229,29,182,1,63,0,137,0,134,0,53,0,26,0,14,0,12,0,11,
0,232,251,165,244,204,255,148,0,4,254,96,6,174,252,152,231,237,180,1,63,0,137,0,134,0,51,0,19,0,12,0,11,0,11,
0,176,251,33,245,137,255,148,0,4,254,96,6,53,252,155,233,40,180,1,63,0,137,0,133,0,51,0,20,0,12,0,11,0,11,
0,176,251,33,245,137,255,148,0,4,254,96,6,139,251,50,235,181,179,1,63,0,138,0,133,0,50,0,21,0,12,0,11,0,11,
0,175,251,207,245,61,255,148,0,4,254,96,6,139,251,90,237,207,179,1,63,0,138,0,133,0,49,0,21,0,11,0,11,0,11,
0,147,251,128,246,246,254,148,0,4,254,96,6,187,250,90,237,207,179,1,63,0,138,0,133,0,49,0,22,0,12,0,11,0,11,
0,169,251,31,247,202,254,164,0,199,253,4,6,201,249,110,239,62,178,1,63,0,138,0,134,0,48,0,21,0,11,0,11,0,10,
0,169,251,31,247,202,254,164,0,199,253,4,6,247,247,107,241,11,179,1,62,0,138,0,134,0,48,0,22,0,12,0,11,0,10,
0,167,251,13,248,191,254,164,0,199,253,4,6,21,247,234,242,177,176,1,62,0,138,0,135,0,48,0,22,0,12,0,11,0,11,
0,173,251,214,248,140,254,164,0,199,253,4,6,21,247,234,242,3,176,1,63,0,139,0,136,0,48,0,21,0,11,0,11,0,10,
0,173,251,214,248,33,254,164,0,199,253,4,6,7,246,247,244,3,176,1,62,0,139,0,136,0,48,0,22,0,12,0,11,0,11,
0,162,251,148,249,33,254,164,0,199,253,4,6,14,245,190,246,215,176,1,62,0,140,0,136,0,47,0,21,0,11,0,10,0,10,
0,165,251,139,250,223,253,164,0,199,253,4,6,184,244,68,248,245,177,1,61,0,140,0,136,0,48,0,22,0,12,0,11,0,11,
0,155,251,144,251,163,253,164,0,199,253,4,6,184,244,250,248,40,175,1,61,0,140,0,136,0,47,0,21,0,12,0,11,0,11,
0,155,251,144,251,125,253,164,0,199,253,4,6,247,244,250,248,40,175,1,61,0,140,0,136,0,48,0,22,0,12,0,11,0,11,
0,168,251,197,252,125,253,164,0,199,253,4,6,93,243,95,250,84,173,1,61,0,141,0,137,0,48,0,22,0,12,0,11,0,11,
0,157,251,245,253,58,253,164,0,199,253,4,6,148,242,67,252,221,174,1,61,0,142,0,138,0,47,0,21,0,11,0,10,0,10,
0,185,251,60,255,244,252,132,0,224,253,27,7,200,243,127,253,20,177,1,60,0,143,0,138,0,48,0,21,0,11,0,11,0,11,
0,185,251,60,255,244,252,132,0,224,253,27,7,200,243,127,253,157,175,1,59,0,143,0,139,0,49,0,22,0,12,0,11,0,11,
0,2,252,105,0,193,252,132,0,224,253,27,7,90,245,4,254,157,175,1,58,0,144,0,140,0,48,0,22,0,11,0,11,0,11,
0,63,252,141,1,171,252,132,0,224,253,27,7,79,245,90,254,42,173,1,56,0,144,0,141,0,49,0,23,0,12,0,11,0,11,
0,124,252,183,2,110,252,132,0,224,253,27,7,221,244,174,254,31,174,1,55,0,146,0,142,0,49,0,22,0,11,0,11,0,11,
0,124,252,183,2,110,252,132,0,224,253,27,7,219,244,178,255,184,177,1,53,0,146,0,144,0,50,0,23,0,14,0,11,0,11,
0,200,252,164,3,90,252,132,0,224,253,27,7,219,244,178,255,184,177,1,51,0,148,0,147,0,51,0,27,0,15,0,11,0,11,
0,5,253,146,4,37,252,132,0,224,253,27,7,122,247,29,255,156,177,1,49,0,148,0,151,0,51,0,25,0,14,0,11,0,10,
0,5,253,146,4,1,252,132,0,224,253,27,7,79,247,222,254,165,174,1,47,0,150,0,157,0,52,0,24,0,13,0,11,0,10,
0,53,253,167,5,1,252,132,0,224,253,27,7,34,247,93,255,71,178,1,44,0,151,0,166,0,55,0,25,0,12,0,11,0,11,
0,39,253,144,6,8,252,122,0,239,253,211,5,34,247,93,255,134,180,1,40,0,153,0,180,0,58,0,25,0,14,0,11,0,10,
0,54,253,114,7,248,251,122,0,239,253,211,5,105,249,7,255,134,180,1,37,0,155,0,200,0,62,0,25,0,12,0,11,0,11,
0,54,253,114,7,232,251,122,0,239,253,211,5,157,251,165,254,106,180,1,33,0,158,0,224,0,67,0,27,0,13,0,11,0,11,
0,65,253,39,8,232,251,122,0,239,253,211,5,75,253,238,253,145,178,1,27,0,160,1,1,0,75,0,28,0,13,0,11,0,11,
0,17,253,177,8,228,251,122,0,239,253,211,5,106,253,127,253,125,179,1,21,0,163,1,46,0,87,0,31,0,15,0,12,0,11,
0,218,252,25,9,219,251,122,0,239,253,211,5,106,253,127,253,125,179,1,15,0,166,1,79,0,98,0,34,0,15,0,12,0,11,
0,218,252,25,9,219,251,122,0,239,253,211,5,23,255,211,253,171,182,1,9,0,169,1,76,0,107,0,37,0,16,0,12,0,12,
0,163,252,76,9,238,251,122,0,239,253,211,5,163,0,80,253,177,183,1,3,0,172,1,73,0,113,0,40,0,17,0,12,0,11,
0,230,252,133,9,7,252,122,0,239,253,211,5,238,1,17,253,74,184,0,254,0,175,1,70,0,118,0,43,0,17,0,12,0,11,
0,246,252,135,9,68,252,122,0,239,253,211,5,238,1,21,255,98,183,0,250,0,178,1,67,0,123,0,46,0,19,0,13,0,12,
0,246,252,135,9,68,252,80,0,245,253,34,6,62,255,21,255,98,183,0,247,0,182,1,65,0,125,0,48,0,20,0,13,0,11,
0,8,253,98,9,205,252,80,0,245,253,34,6,83,251,147,2,61,185,0,244,0,187,1,66,0,127,0,49,0,20,0,13,0,12,
0,58,253,85,9,251,253,80,0,245,253,34,6,89,252,229,1,200,183,0,240,0,192,1,63,0,129,0,51,0,23,0,14,0,11,
0,58,253,85,9,200,254,80,0,245,253,34,6,27,253,178,1,131,183,0,237,0,196,1,63,0,131,0,52,0,23,0,14,0,12,
0,135,253,149,9,200,254,80,0,245,253,34,6,27,253,178,1,11,184,0,235,0,197,1,60,0,132,0,54,0,24,0,15,0,12,
0,215,253,63,10,2,255,80,0,245,253,34,6,112,253,185,2,11,184,0,234,0,198,1,57,0,132,0,54,0,23,0,14,0,11,
0,101,254,203,10,46,255,80,0,245,253,34,6,147,254,163,2,40,183,0,234,0,198,1,55,0,132,0,55,0,23,0,14,0,12,
0,101,254,203,10,46,255,80,0,245,253,34,6,52,0,40,2,30,183,0,235,0,196,1,56,0,132,0,55,0,23,0,14,0,11,
0,44,255,70,11,128,255,80,0,245,253,34,6,52,0,188,2,189,182,0,235,0,195,1,56,0,132,0,56,0,25,0,15,0,12,
0,208,255,130,11,198,255,80,0,245,253,34,6,32,0,188,2,189,182,0,235,0,194,1,57,0,132,0,55,0,23,0,14,0,11,
0,64,0,126,11,197,255,61,0,117,253,44,7,229,255,85,3,127,184,0,233,0,193,1,57,0,133,0,56,0,25,0,15,0,12,
0,64,0,126,11,197,255,61,0,117,253,44,7,70,0,233,2,29,185,0,232,0,191,1,57,0,132,0,57,0,25,0,15,0,11,
0,182,0,73,11,141,255,61,0,117,253,44,7,252,0,157,1,93,184,0,230,0,190,1,59,0,132,0,56,0,24,0,14,0,11,
0,43,1,23,11,47,255,61,0,117,253,44,7,252,0,157,1,23,183,0,227,0,189,1,59,0,133,0,57,0,25,0,15,0,11,
0,126,1,218,10,183,254,61,0,117,253,44,7,94,1,109,0,23,183,0,225,0,188,1,59,0,133,0,57,0,24,0,14,0,11,
0,126,1,218,10,183,254,61,0,117,253,44,7,54,2,78,255,143,182,0,223,0,187,1,57,0,133,0,57,0,25,0,15,0,12,
0,125,1,208,10,108,254,61,0,117,253,44,7,94,2,206,254,251,184,0,222,0,187,1,56,0,133,0,57,0,25,0,15,0,12,
0,148,1,209,10,57,254,61,0,117,253,44,7,117,4,144,253,77,186,0,221,0,186,1,55,0,133,0,57,0,25,0,15,0,11,
0,148,1,209,10,236,253,61,0,117,253,44,7,117,4,144,253,77,186,0,220,0,184,1,53,0,133,0,57,0,25,0,16,0,12,
0,155,1,196,10,236,253,61,0,117,253,44,7,234,5,204,251,182,183,0,218,0,183,1,52,0,132,0,57,0,24,0,15,0,12,
0,115,1,138,10,170,253,61,0,117,253,60,6,232,5,48,251,25,182,0,216,0,182,1,52,0,132,0,57,0,25,0,15,0,12,
0,72,1,55,10,97,253,214,255,162,253,60,6,213,6,194,250,185,184,0,213,0,181,1,52,0,132,0,57,0,26,0,16,0,12,
0,72,1,55,10,97,253,214,255,162,253,60,6,213,6,155,249,139,187,0,210,0,180,1,54,0,132,0,57,0,25,0,16,0,12,
0,42,1,218,9,53,253,214,255,162,253,60,6,227,7,155,249,139,187,0,206,0,179,1,56,0,132,0,57,0,25,0,16,0,12,
0,239,0,72,9,247,252,214,255,162,253,60,6,55,10,3,248,237,183,0,201,0,178,1,57,0,133,0,58,0,26,0,16,0,13,
0,136,0,195,8,191,252,214,255,162,253,60,6,134,9,88,247,159,182,0,196,0,177,1,59,0,133,0,57,0,25,0,16,0,12,
0,136,0,195,8,191,252,214,255,162,253,60,6,241,9,48,247,97,185,0,190,0,176,1,59,0,134,0,58,0,26,0,16,0,13,
0,60,0,47,8,194,252,214,255,162,253,60,6,241,9,48,247,97,186,0,184,0,176,1,60,0,134,0,57,0,25,0,15,0,11,
0,16,0,85,7,185,252,214,255,162,253,60,6,146,12,243,245,173,186,0,177,0,176,1,60,0,134,0,58,0,26,0,16,0,12,
0,212,255,118,6,194,252,214,255,162,253,60,6,185,12,99,245,57,183,0,171,0,177,1,60,0,133,0,57,0,24,0,15,0,11,
0,212,255,118,6,194,252,214,255,162,253,60,6,136,11,116,245,253,182,0,164,0,177,1,59,0,134,0,58,0,25,0,15,0,11,
0,112,255,150,5,216,252,95,255,244,253,29,6,136,11,6,246,21,186,0,158,0,179,1,59,0,134,0,58,0,25,0,16,0,12,
0,46,255,237,4,230,252,95,255,244,253,29,6,13,13,6,246,21,186,0,153,0,181,1,58,0,134,0,58,0,25,0,16,0,12,
0,46,255,237,4,12,253,95,255,244,253,29,6,193,13,94,246,155,184,0,149,0,183,1,57,0,134,0,58,0,26,0,16,0,12,
0,2,255,68,4,12,253,95,255,244,253,29,6,220,13,160,246,124,181,0,146,0,187,1,56,0,133,0,57,0,25,0,15,0,11,
0,240,254,186,3,55,253,95,255,244,253,29,6,26,12,98,248,109,183,0,144,0,189,1,55,0,133,0,57,0,25,0,15,0,11,
0,249,254,63,3,81,253,95,255,244,253,29,6,26,12,98,248,9,187,0,141,0,192,1,53,0,133,0,57,0,26,0,16,0,12,
0,249,254,63,3,81,253,95,255,244,253,29,6,143,12,184,249,9,187,0,140,0,196,1,52,0,132,0,57,0,25,0,15,0,11,
0,11,255,243,2,102,253,95,255,244,253,29,6,200,13,245,249,195,185,0,139,0,200,1,50,0,132,0,57,0,25,0,15,0,12,
0,54,255,205,2,120,253,95,255,244,253,29,6,255,12,176,250,71,184,0,138,0,202,1,47,0,131,0,57,0,24,0,16,0,12,
0,92,255,172,2,148,253,95,255,244,253,29,6,255,11,2,252,77,186,0,138,0,205,1,45,0,130,0,57,0,23,0,15,0,11,
0,92,255,172,2,148,253,138,255,180,253,48,6,137,11,2,252,77,186,0,138,0,207,1,43,0,130,0,57,0,25,0,15,0,12,
0,144,255,143,2,180,253,138,255,180,253,48,6,213,11,193,252,101,189,0,138,0,210,1,41,0,129,0,57,0,23,0,15,0,12,
0,231,255,117,2,237,253,138,255,180,253,48,6,175,12,117,252,232,189,0,138,0,212,1,40,0,128,0,59,0,24,0,15,0,11,
0,76,0,118,2,15,254,138,255,180,253,48,6,51,12,56,252,116,188,0,138,0,214,1,38,0,127,0,59,0,25,0,16,0,12,
0,76,0,118,2,15,254,138,255,180,253,48,6,51,12,56,252,63,188,0,139,0,216,1,37,0,127,0,58,0,25,0,15,0,12,
0,187,0,70,2,65,254,138,255,180,253,48,6,176,10,140,252,63,188,0,139,0,217,1,36,0,126,0,57,0,25,0,16,0,12,
0,1,1,249,1,116,254,138,255,180,253,48,6,4,10,49,252,219,189,0,139,0,219,1,35,0,125,0,56,0,25,0,16,0,12,
0,1,1,249,1,126,254,138,255,180,253,48,6,10,10,120,251,103,192,0,139,0,220,1,35,0,125,0,55,0,24,0,15,0,12,
0,12,1,130,1,126,254,138,255,180,253,48,6,68,11,37,250,110,190,0,140,0,221,1,35,0,124,0,55,0,24,0,15,0,12,
0,37,1,29,1,126,254,138,255,180,253,48,6,68,11,37,250,110,190,0,140,0,222,1,35,0,124,0,55,0,24,0,15,0,12,
0,61,1,164,0,148,254,42,255,6,254,227,5,67,10,113,249,9,188,0,140,0,222,1,36,0,124,0,55,0,24,0,15,0,12,
0,61,1,164,0,148,254,42,255,6,254,227,5,180,9,243,248,118,190,0,141,0,223,1,36,0,123,0,54,0,23,0,14,0,11,
0,24,1,72,0,199,254,42,255,6,254,227,5,142,9,110,248,37,191,0,141,0,223,1,37,0,123,0,48,0,23,0,15,0,13,
0,202,0,211,255,203,254,42,255,6,254,227,5,142,9,213,247,99,191,0,141,0,223,1,38,0,123,0,49,0,22,0,14,0,12,
0,146,0,62,255,194,254,42,255,6,254,227,5,30,11,213,247,99,191,0,141,0,223,1,38,0,123,0,50,0,22,0,14,0,11,
0,146,0,62,255,194,254,42,255,6,254,227,5,111,11,252,246,30,189,0,141,0,223,1,38,0,123,0,51,0,22,0,14,0,12,
0,66,0,207,254,221,254,42,255,6,254,227,5,162,11,223,246,136,188,0,141,0,223,1,40,0,124,0,51,0,22,0,14,0,11,
0,211,255,82,254,219,254,42,255,6,254,227,5,125,11,218,246,26,189,0,141,0,222,1,40,0,124,0,52,0,23,0,15,0,12,
0,115,255,82,253,200,254,42,255,6,254,227,5,125,11,218,246,152,188,0,141,0,223,1,41,0,124,0,52,0,22,0,14,0,11,
0,115,255,215,253,200,254,42,255,6,254,227,5,220,11,24,246,152,188,0,141,0,222,1,41,0,125,0,53,0,23,0,14,0,11,
0,77,255,102,253,212,254,137,255,184,253,46,7,218,11,6,246,40,189,0,141,0,223,1,42,0,124,0,53,0,23,0,15,0,12,
0,16,255,18,253,216,254,137,255,184,253,46,7,138,11,62,246,185,188,0,141,0,223,1,42,0,125,0,53,0,23,0,14,0,11,
0,16,255,18,253,220,254,137,255,184,253,46,7,138,11,75,246,194,189,0,140,0,223,1,42,0,126,0,54,0,23,0,15,0,12,
0,182,254,200,252,220,254,137,255,184,253,46,7,27,12,75,246,194,189,0,141,0,224,1,43,0,125,0,54,0,23,0,14,0,11,
0,120,254,131,252,230,254,137,255,184,253,46,7,73,13,214,245,200,188,0,140,0,224,1,43,0,126,0,54,0,23,0,15,0,12,
0,100,254,129,252,252,254,137,255,184,253,46,7,189,12,178,245,100,186,0,140,0,225,1,43,0,126,0,54,0,23,0,15,0,12,
0,100,254,129,252,252,254,137,255,184,253,46,7,32,12,253,245,173,186,0,140,0,227,1,44,0,126,0,54,0,23,0,14,0,11,
0,77,254,111,252,7,255,137,255,184,253,46,7,32,12,253,245,229,187,0,140,0,228,1,43,0,126,0,55,0,24,0,15,0,12,
0,212,253,49,252,251,254,137,255,184,253,46,7,80,11,235,246,229,187,0,140,0,230,1,44,0,126,0,54,0,23,0,14,0,11,
0,176,253,1,252,31,255,137,255,184,253,46,7,148,12,102,246,43,189,0,140,0,231,1,43,0,127,0,54,0,23,0,14,0,11,
0,176,253,1,252,31,255,137,255,184,253,46,7,222,12,249,245,210,186,0,140,0,232,1,43,0,127,0,55,0,23,0,15,0,12,
0,221,253,191,251,36,255,150,255,224,253,178,6,111,11,145,246,120,186,0,140,0,233,1,43,0,126,0,54,0,23,0,14,0,12,
0,190,253,111,251,53,255,150,255,224,253,178,6,111,11,145,246,120,186,0,140,0,235,1,41,0,126,0,55,0,24,0,15,0,12,
0,107,253,111,251,80,255,150,255,224,253,178,6,48,10,248,246,93,187,0,140,0,237,1,41,0,126,0,54,0,23,0,14,0,11,
0,107,253,47,251,80,255,150,255,224,253,178,6,117,10,215,246,197,188,0,140,0,238,1,40,0,126,0,59,0,24,0,14,0,11,
0,73,253,1,251,98,255,150,255,224,253,178,6,186,10,175,246,109,188,0,140,0,240,1,40,0,125,0,57,0,23,0,14,0,11,
0,81,253,203,250,119,255,150,255,224,253,178,6,186,10,175,246,175,186,0,140,0,241,1,38,0,125,0,57,0,24,0,14,0,11,
0,81,253,203,250,114,255,150,255,224,253,178,6,206,10,106,246,175,186,0,140,0,242,1,37,0,125,0,57,0,25,0,15,0,12,
0,80,253,155,250,114,255,150,255,224,253,178,6,102,9,207,246,157,186,0,141,0,244,1,37,0,124,0,55,0,24,0,15,0,11,
0,56,253,86,250,117,255,150,255,224,253,178,6,253,8,33,247,24,189,0,141,0,244,1,37,0,125,0,56,0,24,0,14,0,11,
0,47,253,15,250,125,255,150,255,224,253,178,6,195,9,216,246,72,188,0,141,0,245,1,36,0,125,0,55,0,24,0,16,0,12,
0,47,253,15,250,125,255,212,255,186,253,104,6,195,9,216,246,72,188,0,142,0,247,1,36,0,124,0,55,0,23,0,15,0,12,
0,34,253,218,249,151,255,212,255,186,253,104,6,48,9,195,246,211,187,0,142,0,247,1,35,0,124,0,55,0,24,0,16,0,12,
0,255,252,201,249,182,255,212,255,186,253,104,6,69,8,184,246,95,187,0,142,0,248,1,35,0,123,0,54,0,23,0,15,0,12,
0,221,252,150,249,197,255,212,255,186,253,104,6,207,7,194,246,137,187,0,142,0,248,1,35,0,124,0,55,0,24,0,16,0,12,
0,221,252,150,249,197,255,212,255,186,253,104,6,207,7,243,246,13,187,0,143,0,249,1,35,0,124,0,54,0,24,0,15,0,12,
0,198,252,89,249,184,255,212,255,186,253,104,6,102,7,243,246,13,187,0,144,0,250,1,35,0,123,0,54,0,23,0,14,0,12,
0,177,252,75,249,153,255,212,255,186,253,104,6,64,6,12,247,87,187,0,144,0,250,1,34,0,123,0,54,0,24,0,15,0,12,
0,169,252,75,249,140,255,212,255,186,253,104,6,127,6,98,247,227,188,0,144,0,251,1,35,0,123,0,53,0,23,0,14,0,11,
0,169,252,102,249,140,255,212,255,186,253,104,6,216,6,213,246,72,187,0,144,0,252,1,35,0,123,0,53,0,23,0,14,0,11,
0,138,252,97,249,156,255,212,255,186,253,104,6,216,6,213,246,230,184,0,145,0,253,1,35,0,123,0,53,0,23,0,15,0,12,
0,101,252,89,249,152,255,236,255,169,253,85,6,179,5,169,246,230,184,0,145,0,254,1,35,0,123,0,53,0,23,0,14,0,11,
0,101,252,89,249,146,255,236,255,169,253,85,6,194,4,244,246,240,186,0,146,0,255,1,35,0,122,0,52,0,23,0,14,0,11,
0,64,252,105,249,146,255,236,255,169,253,85,6,17,4,173,247,225,188,0,145,0,255,1,35,0,123,0,54,0,23,0,15,0,12,
0,59,252,112,249,149,255,236,255,169,253,85,6,17,4,11,247,175,187,0,146,1,0,1,35,0,123,0,53,0,22,0,14,0,11,
0,117,252,107,249,137,255,236,255,169,253,85,6,38,5,11,247,175,187,0,146,1,0,1,34,0,123,0,53,0,23,0,15,0,12,
0,117,252,107,249,137,255,236,255,169,253,85,6,115,4,183,246,92,186,0,146,1,1,1,33,0,122,0,52,0,22,0,14,0,11,
0,114,252,106,249,124,255,236,255,169,253,85,6,13,4,168,246,97,184,0,146,1,1,1,32,0,122,0,53,0,23,0,14,0,12,
0,73,252,110,249,130,255,236,255,169,253,85,6,98,2,234,246,221,185,0,146,1,2,1,32,0,121,0,52,0,22,0,14,0,11,
0,16,252,133,249,130,255,236,255,169,253,85,6,98,2,234,246,22,188,0,146,1,2,1,31,0,122,0,53,0,24,0,14,0,11,
0,16,252,133,249,130,255,236,255,169,253,85,6,131,2,47,247,22,188,0,146,1,3,1,30,0,121,0,53,0,25,0,15,0,12,
0,232,251,175,249,120,255,235,255,202,253,212,5,23,3,195,246,107,187,0,146,1,3,1,28,0,121,0,52,0,24,0,15,0,12,
0,243,251,207,249,106,255,235,255,202,253,212,5,238,1,104,246,165,185,0,146,1,3,1,27,0,121,0,53,0,24,0,15,0,12,
0,243,251,207,249,129,255,235,255,202,253,212,5,240,0,182,246,141,185,0,146,1,3,1,26,0,119,0,52,0,23,0,14,0,11,
0,234,251,207,249,129,255,235,255,202,253,212,5,240,0,182,246,141,185,0,145,1,3,1,24,0,119,0,52,0,24,0,15,0,12,
0,154,251,230,249,151,255,235,255,202,253,212,5,211,0,22,247,29,187,0,145,1,3,1,23,0,119,0,52,0,23,0,15,0,12,
0,108,251,13,250,154,255,235,255,202,253,212,5,185,0,41,247,209,186,0,145,1,4,1,23,0,118,0,51,0,23,0,14,0,11,
0,108,251,13,250,127,255,235,255,202,253,212,5,222,0,159,246,22,185,0,144,1,4,1,21,0,118,0,52,0,23,0,15,0,12,
0,165,251,62,250,127,255,235,255,202,253,212,5,222,0,83,246,77,185,0,145,1,4,1,20,0,117,0,51,0,22,0,14,0,11,
0,198,251,99,250,92,255,235,255,202,253,212,5,205,255,83,246,77,185,0,144,1,4,1,19,0,117,0,51,0,23,0,14,0,12,
0,127,251,179,250,90,255,235,255,202,253,212,5,24,255,190,246,101,185,0,144,1,4,1,18,0,116,0,51,0,23,0,14,0,12,
0,127,251,179,250,90,255,235,255,202,253,212,5,173,254,4,247,219,186,0,144,1,5,1,18,0,116,0,50,0,22,0,14,0,11,
0,123,251,235,250,73,255,4,0,186,253,177,6,159,254,102,246,123,185,0,144,1,5,1,17,0,116,0,50,0,23,0,15,0,12,
0,197,251,43,251,35,255,4,0,186,253,177,6,159,254,102,246,123,185,0,144,1,6,1,17,0,115,0,49,0,22,0,14,0,11,
0,220,251,115,251,47,255,4,0,186,253,177,6,227,254,40,246,131,185,0,143,1,7,1,16,0,115,0,50,0,23,0,15,0,12,
0,220,251,115,251,47,255,4,0,186,253,177,6,129,254,119,246,222,185,0,143,1,8,1,16,0,114,0,49,0,22,0,14,0,12,
0,133,251,192,251,65,255,4,0,186,253,177,6,178,253,188,246,206,185,0,143,1,8,1,16,0,114,0,49,0,22,0,14,0,11,
0,89,251,250,251,77,255,4,0,186,253,177,6,178,253,244,246,57,186,0,143,1,9,1,16,0,113,0,49,0,22,0,14,0,11,
0,89,251,250,251,61,255,4,0,186,253,177,6,214,253,244,246,57,186,0,142,1,9,1,16,0,114,0,49,0,22,0,14,0,12,
0,66,251,74,252,61,255,4,0,186,253,177,6,147,253,214,246,124,186,0,142,1,10,1,16,0,114,0,49,0,22,0,14,0,11,
0,95,251,124,252,57,255,4,0,186,253,177,6,149,253,184,246,53,186,0,142,1,10,1,16,0,114,0,49,0,22,0,14,0,12,
0,107,251,188,252,68,255,4,0,186,253,177,6,178,253,114,246,227,184,0,143,1,11,1,16,0,113,0,49,0,22,0,14,0,12,
0,107,251,188,252,59,255,70,0,127,253,94,6,178,253,114,246,89,185,0,142,1,11,1,15,0,114,0,49,0,20,0,14,0,12,
0,148,251,9,253,59,255,70,0,127,253,94,6,62,253,215,246,89,185,0,143,1,12,1,16,0,113,0,48,0,22,0,14,0,11,
0,139,251,89,253,51,255,70,0,127,253,94,6,30,252,79,247,71,186,0,143,1,12,1,15,0,113,0,49,0,20,0,14,0,11,
0,94,251,158,253,50,255,70,0,127,253,94,6,218,252,19,247,174,187,0,143,1,12,1,15,0,113,0,49,0,21,0,14,0,12,
0,94,251,158,253,50,255,70,0,127,253,94,6,218,253,24,247,231,185,0,143,1,13,1,16,0,113,0,48,0,22,0,14,0,12,
0,105,251,231,253,21,255,70,0,127,253,94,6,135,253,24,247,231,185,0,143,1,13,1,15,0,113,0,48,0,21,0,14,0,12,
0,93,251,76,254,18,255,70,0,127,253,94,6,165,253,185,246,75,184,0,144,1,13,1,16,0,113,0,48,0,22,0,13,0,11,
0,108,251,144,254,252,254,70,0,127,253,94,6,22,252,113,247,251,184,0,143,1,13,1,16,0,113,0,48,0,23,0,14,0,12,
0,108,251,144,254,252,254,70,0,127,253,94,6,147,252,244,247,5,188,0,144,1,13,1,16,0,113,0,48,0,22,0,14,0,11,
0,102,251,208,254,9,255,70,0,127,253,94,6,147,252,244,247,207,186,0,144,1,14,1,17,0,113,0,48,0,22,0,14,0,11,
0,58,251,28,255,242,254,36,0,175,253,169,5,206,254,52,247,207,186,0,144,1,13,1,17,0,113,0,48,0,22,0,14,0,12,
0,58,251,28,255,218,254,36,0,175,253,169,5,121,253,226,246,170,185,0,144,1,14,1,18,0,113,0,47,0,21,0,14,0,11,
0,55,251,108,255,218,254,36,0,175,253,169,5,111,252,123,247,185,185,0,144,1,14,1,19,0,114,0,48,0,21,0,13,0,11,
0,77,251,175,255,226,254,36,0,175,253,169,5,255,252,22,248,202,187,0,144,1,14,1,20,0,114,0,48,0,22,0,14,0,11,
0,100,251,251,255,229,254,36,0,175,253,169,5,255,252,22,248,202,187,0,144,1,14,1,21,0,114,0,48,0,21,0,14,0,12,
0,100,251,251,255,229,255,36,0,175,253,169,5,66,254,181,247,138,187,0,145,1,15,1,22,0,115,0,49,0,22,0,14,0,12,
0,116,251,86,0,16,255,36,0,175,253,169,5,193,254,19,247,79,186,0,145,1,15,1,23,0,115,0,49,0,21,0,14,0,11,
0,125,251,122,0,254,254,36,0,175,253,169,5,105,254,242,246,227,184,0,145,1,15,1,23,0,116,0,49,0,22,0,14,0,12,
0,109,251,184,0,5,255,36,0,175,253,169,5,105,254,186,247,159,186,0,145,1,15,1,24,0,116,0,49,0,22,0,14,0,12,
0,109,251,184,0,5,255,36,0,175,253,169,5,193,253,186,247,159,186,0,145,1,16,1,26,0,116,0,44,0,21,0,14,0,12,
0,106,251,232,0,16,255,242,255,94,253,204,6,19,255,85,247,72,188,0,146,1,16,1,27,0,116,0,45,0,21,0,14,0,12,
0,106,251,24,1,209,254,242,255,94,253,204,6,171,255,96,247,43,188,0,145,1,16,1,27,0,117,0,47,0,22,0,14,0,12,
0,144,251,72,1,224,254,242,255,94,253,204,6,31,0,239,246,3,186,0,145,1,16,1,28,0,118,0,48,0,21,0,14,0,12,
0,144,251,72,1,224,254,242,255,94,253,204,6,31,0,239,246,13,187,0,145,1,16,1,29,0,118,0,49,0,22,0,14,0,12,
0,151,251,75,1,199,254,242,255,94,253,204,6,67,255,83,247,13,187,0,146,1,16,1,30,0,118,0,49,0,22,0,14,0,12,
0,121,251,114,1,212,254,242,255,94,253,204,6,178,255,28,247,128,188,0,146,1,16,1,31,0,119,0,49,0,21,0,14,0,11,
0,121,251,114,1,223,254,242,255,94,253,204,6,121,0,48,247,238,188,0,146,1,16,1,32,0,119,0,50,0,21,0,14,0,12,
0,100,251,149,1,223,254,242,255,94,253,204,6,121,0,169,246,36,188,0,146,1,16,1,33,0,120,0,51,0,20,0,13,0,11,
0,131,251,157,1,210,254,242,255,94,253,204,6,184,0,169,246,36,188,0,146,1,15,1,34,0,120,0,51,0,21,0,14,0,12,
0,143,251,180,1,177,254,242,255,94,253,204,6,228,0,211,246,216,187,0,146,1,16,1,36,0,120,0,51,0,21,0,14,0,11,
0,143,251,180,1,177,254,242,255,94,253,204,6,96,1,118,246,44,188,0,146,1,15,1,36,0,121,0,51,0,22,0,14,0,12,
0,119,251,183,1,182,254,32,0,75,253,83,5,142,1,137,246,160,188,0,147,1,16,1,37,0,121,0,51,0,21,0,14,0,11,
0,116,251,199,1,176,254,32,0,75,253,83,5,142,1,137,246,176,188,0,147,1,15,1,38,0,122,0,52,0,22,0,14,0,11,
0,100,251,209,1,196,254,32,0,75,253,83,5,224,0,220,246,176,188,0,147,1,16,1,39,0,122,0,52,0,22,0,14,0,12,
0,100,251,209,1,196,254,32,0,75,253,83,5,87,2,226,246,89,190,0,147,1,15,1,40,0,123,0,52,0,22,0,14,0,12,
0,79,251,190,1,200,254,32,0,75,253,83,5,60,3,54,246,68,188,0,147,1,14,1,40,0,123,0,53,0,23,0,15,0,12,
0,101,251,203,1,185,254,32,0,75,253,83,5,183,2,245,245,186,187,0,147,1,15,1,40,0,123,0,52,0,22,0,14,0,11,
0,137,251,204,1,166,254,32,0,75,253,83,5,183,2,245,245,186,187,0,147,1,14,1,40,0,124,0,53,0,23,0,15,0,12,
0,137,251,204,1,166,254,32,0,75,253,83,5,88,2,104,246,255,189,0,148,1,14,1,40,0,124,0,53,0,23,0,15,0,12,
0,137,251,166,1,169,254,32,0,75,253,83,5,142,3,13,246,89,190,0,148,1,14,1,40,0,124,0,53,0,23,0,14,0,12,
0,135,251,115,1,130,254,32,0,75,253,83,5,240,3,223,245,213,188,0,148,1,14,1,40,0,125,0,58,0,24,0,15,0,12,
0,135,251,115,1,107,254,223,255,113,253,32,6,240,3,223,245,18,189,0,148,1,14,1,40,0,124,0,57,0,23,0,14,0,11,
0,113,251,108,1,107,254,223,255,113,253,32,6,203,3,197,245,18,189,0,148,1,14,1,40,0,125,0,57,0,25,0,15,0,12,
0,106,251,103,1,131,254,223,255,113,253,32,6,114,3,229,245,80,188,0,149,1,14,1,39,0,125,0,56,0,25,0,15,0,12,
0,103,251,48,1,143,254,223,255,113,253,32,6,120,3,82,246,38,191,0,150,1,13,1,38,0,124,0,55,0,24,0,14,0,11,
0,103,251,48,1,143,254,223,255,113,253,32,6,224,4,9,246,78,190,0,149,1,13,1,38,0,125,0,55,0,25,0,15,0,12,
0,100,251,253,0,153,254,223,255,113,253,32,6,224,4,9,246,78,190,0,150,1,13,1,37,0,124,0,55,0,23,0,14,0,11,
0,109,251,202,0,179,254,223,255,113,253,32,6,110,5,182,245,191,187,0,150,1,12,1,36,0,124,0,55,0,23,0,14,0,11,
0,103,251,166,0,163,254,223,255,113,253,32,6,22,4,252,245,208,187,0,151,1,12,1,35,0,124,0,55,0,24,0,15,0,12,
0,103,251,166,0,163,254,223,255,113,253,32,6,27,4,41,246,40,190,0,151,1,11,1,35,0,124,0,54,0,24,0,15,0,12,
0,85,251,123,0,166,254,223,255,113,253,32,6,27,4,230,245,79,191,0,151,1,11,1,34,0,123,0,54,0,23,0,15,0,12,
0,103,251,101,0,179,254,249,255,80,253,34,6,121,5,230,245,79,191,0,152,1,10,1,33,0,123,0,53,0,23,0,14,0,11,
0,127,251,64,0,199,254,249,255,80,253,34,6,140,5,178,245,232,189,0,152,1,9,1,32,0,123,0,53,0,23,0,15,0,12,
0,127,251,64,0,199,254,249,255,80,253,34,6,23,5,146,245,65,188,0,153,1,9,1,31,0,122,0,53,0,25,0,15,0,12,
0,84,251,250,255,165,254,249,255,80,253,34,6,157,4,156,245,128,189,0,153,1,8,1,30,0,122,0,53,0,25,0,15,0,12,
0,79,251,212,255,153,254,249,255,80,253,34,6,157,4,156,245,63,190,0,154,1,8,1,29,0,121,0,53,0,24,0,15,0,12,
0,79,251,212,255,169,254,249,255,80,253,34,6,88,4,4,246,63,190,0,155,1,8,1,29,0,121,0,52,0,23,0,14,0,11,
0,62,251,184,255,169,254,249,255,80,253,34,6,141,5,10,246,231,190,0,155,1,6,1,28,0,121,0,53,0,24,0,15,0,12,
0,70,251,101,255,178,254,249,255,80,253,34,6,174,5,106,245,83,188,0,155,1,6,1,27,0,120,0,52,0,23,0,15,0,12,
0,61,251,41,255,157,254,249,255,80,253,34,6,174,5,211,245,247,188,0,156,1,6,1,26,0,120,0,52,0,23,0,15,0,12,
0,61,251,41,255,157,254,249,255,80,253,34,6,224,4,211,245,247,188,0,156,1,5,1,25,0,119,0,52,0,23,0,15,0,12,
0,59,251,2,255,170,254,207,255,35,253,209,5,243,4,42,246,160,190,0,157,1,5,1,24,0,118,0,51,0,23,0,14,0,11,
0,85,251,228,254,182,254,207,255,35,253,209,5,8,5,182,245,75,190,0,158,1,4,1,23,0,119,0,52,0,23,0,15,0,12,
0,65,251,173,254,178,254,207,255,35,253,209,5,17,5,203,245,17,190,0,158,1,3,1,21,0,118,0,52,0,23,0,15,0,12,
0,65,251,173,254,178,254,207,255,35,253,209,5,17,5,203,245,134,189,0,159,1,3,1,21,0,117,0,51,0,23,0,14,0,12,
0,57,251,132,254,163,254,207,255,35,253,209,5,79,5,167,245,134,189,0,141,1,14,1,27,0,118,0,51,0,23,0,15,0,12,
0,43,251,93,254,163,254,207,255,35,253,209,5,171,4,50,243,189,188,0,134,1,38,1,47,0,119,0,51,0,20,0,14,0,11,
0,113,251,15,254,128,254,207,255,35,253,209,5,206,1,219,227,187,198,0,132,1,72,1,81,0,125,0,52,0,23,0,14,0,12,
0,113,251,15,254,128,254,207,255,35,253,209,5,172,33,40,13,97,215,1,97,1,78,1,85,0,131,0,54,0,25,0,15,0,12,
0,95,252,178,253,205,253,207,255,35,253,209,5,172,33,40,13,97,215,1,78,1,81,1,87,0,134,0,55,0,24,0,14,0,12,
0,185,253,46,253,222,251,207,255,35,253,209,5,53,50,128,62,42,235,0,134,1,78,1,83,0,134,0,54,0,22,0,13,0,10,
0,185,253,46,253,74,251,207,255,35,253,94,6,53,30,113,20,23,215,0,133,1,72,1,57,0,135,0,56,0,24,0,15,0,12,
0,98,255,215,251,74,251,250,255,6,253,94,6,212,6,137,78,18,7,0,135,1,62,0,249,0,127,0,56,0,23,0,14,0,12,
0,146,3,203,247,79,253,250,255,6,253,94,6,212,6,25,99,238,32,0,136,1,28,0,153,0,113,0,54,0,25,0,15,0,13,
0,166,10,220,240,233,2,250,255,6,253,94,6,154,14,25,99,238,32,0,138,0,249,0,136,0,101,0,52,0,23,0,16,0,14,
0,166,10,220,240,233,2,250,255,6,253,94,6,179,17,43,110,125,26,0,140,0,211,0,133,0,89,0,47,0,22,0,14,0,13,
0,147,17,25,236,80,11,250,255,6,253,94,6,241,12,164,83,173,23,0,140,0,173,0,133,0,80,0,43,0,20,0,14,0,13,
0,184,22,161,234,100,19,250,255,6,253,94,6,211,4,46,47,145,16,0,141,0,177,0,134,0,75,0,42,0,21,0,15,0,12,
0,163,26,214,234,216,22,250,255,6,253,94,6,211,4,46,47,145,16,0,141,0,220,0,137,0,70,0,39,0,20,0,15,0,13,
0,163,26,214,234,216,22,250,255,6,253,94,6,215,245,149,20,198,244,0,140,0,235,0,137,0,63,0,33,0,16,0,12,0,12,
0,137,29,50,237,135,20,250,255,6,253,94,6,243,237,150,3,66,215,0,152,0,215,0,133,0,59,0,30,0,15,0,12,0,11,
0,182,30,98,243,74,14,250,255,6,253,94,6,185,218,3,250,11,182,0,144,0,149,0,132,0,56,0,29,0,14,0,11,0,9,
0,53,27,98,250,150,6,121,0,157,253,106,6,185,218,189,200,132,182,0,165,0,133,0,132,0,54,0,25,0,13,0,11,0,10,
0,53,27,130,250,150,6,121,0,157,253,106,6,40,205,189,200,132,182,0,217,0,133,0,132,0,51,0,23,0,11,0,11,0,11,
0,67,19,198,254,146,0,121,0,157,253,106,6,50,221,171,195,35,168,0,216,0,133,0,133,0,53,0,26,0,16,0,13,0,11,
0,197,8,25,2,224,253,121,0,157,253,106,6,102,239,177,195,52,183,1,32,0,134,0,136,0,52,0,25,0,14,0,12,0,10,
0,197,8,25,2,152,252,121,0,157,253,106,6,143,250,168,191,54,189,1,70,0,135,0,245,0,61,0,23,0,14,0,11,0,11,
0,128,253,247,6,152,252,121,0,157,253,106,6,143,250,168,191,130,189,1,62,0,139,1,85,0,80,0,27,0,14,0,11,0,11,
0,56,244,170,11,37,251,121,0,157,253,106,6,58,1,173,194,130,189,1,50,0,169,1,84,0,94,0,33,0,18,0,13,0,11,
0,222,238,120,13,220,248,121,0,157,253,106,6,253,7,121,208,2,191,0,241,1,90,1,84,0,103,0,35,0,16,0,11,0,10,
0,222,238,120,13,220,248,121,0,157,253,106,6,226,10,247,218,217,189,0,182,1,82,1,82,0,109,0,37,0,16,0,11,0,11,
0,193,237,154,10,121,246,121,0,157,253,106,6,226,18,142,225,130,190,0,153,1,79,1,80,0,116,0,40,0,17,0,12,0,11,
0,213,240,106,3,99,245,66,0,130,253,95,6,23,18,142,225,130,190,0,143,1,78,1,73,0,122,0,44,0,17,0,12,0,10,
0,177,247,242,249,221,245,66,0,130,253,95,6,180,22,240,224,85,183,0,140,1,77,1,61,0,124,0,46,0,19,0,12,0,11,
0,177,247,242,249,221,245,66,0,130,253,95,6,51,23,116,218,251,172,0,138,1,73,1,22,0,120,0,46,0,19,0,12,0,11,
0,203,0,29,241,40,248,66,0,130,253,95,6,123,9,90,220,201,176,0,138,1,68,0,204,0,112,0,46,0,18,0,12,0,10,
0,251,9,165,234,100,252,66,0,130,253,95,6,123,9,90,220,103,176,0,138,1,61,0,142,0,100,0,47,0,20,0,13,0,10,
0,72,17,165,231,253,1,66,0,130,253,95,6,18,2,51,223,103,176,0,139,1,57,0,133,0,89,0,43,0,19,0,13,0,11,
0,72,17,184,231,253,1,66,0,130,253,95,6,147,250,73,217,244,187,0,139,1,53,0,133,0,80,0,40,0,17,0,12,0,11,
0,132,21,255,231,223,6,66,0,130,253,95,6,118,244,26,214,163,202,0,141,1,45,0,133,0,73,0,37,0,17,0,12,0,10,
0,180,22,203,233,221,8,66,0,130,253,95,6,63,241,3,225,129,210,0,144,1,31,0,133,0,70,0,37,0,18,0,13,0,10,
0,180,22,203,233,203,7,66,0,130,253,95,6,63,241,3,225,129,210,0,146,1,16,0,133,0,64,0,33,0,17,0,12,0,11,
0,118,21,214,236,203,7,187,0,235,253,46,6,210,235,152,237,172,217,0,149,1,0,0,134,0,59,0,29,0,14,0,11,0,10,
0,112,18,182,241,18,5,187,0,235,253,46,6,92,233,227,247,191,221,0,153,0,237,0,134,0,59,0,30,0,16,0,13,0,11,
0,39,14,237,247,102,2,187,0,235,253,46,6,255,236,101,252,59,217,0,158,0,222,0,135,0,57,0,29,0,16,0,13,0,11,
0,39,14,237,247,102,2,187,0,235,253,46,6,255,236,80,254,60,212,0,164,0,210,0,136,0,54,0,26,0,13,0,11,0,11,
0,114,9,25,254,79,0,187,0,235,253,46,6,218,245,80,254,60,212,0,174,0,201,0,137,0,52,0,24,0,13,0,11,0,10,
0,28,5,124,3,208,254,187,0,235,253,46,6,133,0,46,2,155,204,0,182,0,193,0,139,0,53,0,21,0,15,0,13,0,12,
0,42,2,63,7,237,253,187,0,235,253,46,6,20,11,60,3,238,194,0,192,0,185,0,144,0,52,0,21,0,14,0,12,0,11,
0,42,2,63,7,237,253,187,0,235,253,46,6,68,16,236,1,125,190,0,204,0,180,0,153,0,52,0,20,0,12,0,11,0,11,
0,195,0,181,8,196,253,187,0,235,253,46,6,68,16,236,1,125,189,0,220,0,176,0,166,0,55,0,23,0,12,0,12,0,11,
0,162,0,157,7,35,254,187,0,235,253,46,6,201,19,41,255,1,189,0,243,0,176,0,183,0,59,0,24,0,14,0,12,0,10,
0,101,1,157,7,251,254,170,0,219,253,237,5,83,23,19,253,185,190,1,17,0,177,0,199,0,63,0,24,0,12,0,11,0,11,
0,101,1,24,4,251,254,170,0,219,253,237,5,120,25,70,252,3,193,1,63,0,178,0,211,0,67,0,25,0,14,0,12,0,11,
0,11,3,36,255,213,255,170,0,219,253,237,5,120,25,127,249,57,194,1,69,0,178,0,224,0,72,0,28,0,13,0,11,0,11,
0,241,4,240,249,101,0,170,0,219,253,237,5,49,24,127,249,57,194,1,67,0,179,0,238,0,77,0,29,0,13,0,11,0,10,
0,241,4,240,249,123,0,170,0,219,253,237,5,169,18,19,247,104,195,1,104,0,182,0,250,0,83,0,31,0,17,0,12,0,12,
0,213,6,88,245,123,0,170,0,219,253,237,5,171,12,233,244,253,199,1,92,0,187,1,4,0,87,0,32,0,14,0,12,0,11,
0,18,8,53,242,73,0,170,0,219,253,237,5,141,10,10,242,110,204,1,79,0,193,1,12,0,93,0,35,0,16,0,12,0,11,
0,171,8,146,240,246,255,170,0,219,253,237,5,141,10,10,242,194,201,1,76,0,197,1,18,0,97,0,36,0,18,0,12,0,11,
0,171,8,146,240,246,255,170,0,219,253,237,5,233,9,103,238,194,201,1,73,0,197,1,25,0,101,0,38,0,18,0,13,0,12,
0,142,8,157,240,219,255,170,0,219,253,237,5,37,9,76,234,1,200,1,72,0,200,1,35,0,104,0,39,0,16,0,12,0,11,
0,139,7,248,241,210,255,170,0,219,253,237,5,86,7,80,232,234,204,1,72,0,201,1,45,0,111,0,43,0,18,0,13,0,11,
0,243,5,181,243,218,255,219,0,53,254,118,6,215,9,233,229,10,206,1,70,0,203,1,52,0,115,0,44,0,21,0,14,0,12,
0,243,5,181,243,218,255,219,0,53,254,118,6,215,9,233,229,10,206,1,69,0,200,1,56,0,117,0,45,0,20,0,13,0,12,
0,0,4,98,245,27,0,219,0,53,254,118,6,152,12,88,227,17,205,1,67,0,198,1,59,0,121,0,47,0,21,0,13,0,11,
0,241,1,212,246,95,0,219,0,53,254,118,6,180,13,179,225,240,200,1,66,0,195,1,59,0,124,0,49,0,21,0,14,0,11,
0,241,0,212,246,165,0,219,0,53,254,118,6,157,12,217,224,219,198,1,64,0,193,1,60,0,126,0,50,0,21,0,13,0,11,
0,25,0,6,248,165,0,219,0,53,254,118,6,157,12,217,224,244,200,1,63,0,192,1,61,0,127,0,51,0,22,0,14,0,12,
0,182,254,189,248,34,1,219,0,53,254,118,6,169,10,32,224,244,200,1,62,0,193,1,63,0,129,0,57,0,23,0,14,0,11,
0,172,253,202,248,156,1,219,0,53,254,118,6,248,9,144,222,33,199,1,60,0,196,1,62,0,131,0,57,0,24,0,14,0,11,
0,172,253,202,248,28,2,219,0,53,254,118,6,123,8,126,221,78,195,1,59,0,198,1,61,0,131,0,56,0,24,0,14,0,11,
0,42,253,84,248,28,2,219,0,53,254,118,6,129,6,178,222,165,194,1,58,0,201,1,59,0,132,0,56,0,24,0,14,0,11,
0,231,252,140,247,81,2,59,1,224,253,105,6,129,6,178,222,165,194,1,56,0,203,1,56,0,133,0,58,0,26,0,16,0,12,
0,254,252,187,246,118,2,59,1,224,253,105,6,153,5,48,224,181,194,1,55,0,204,1,54,0,132,0,57,0,25,0,15,0,12,
0,254,252,187,246,118,2,59,1,224,253,105,6,6,4,247,224,173,194,1,55,0,203,1,48,0,131,0,57,0,25,0,15,0,12,
0,80,253,207,245,170,2,59,1,224,253,105,6,122,1,175,224,219,193,1,55,0,202,1,43,0,130,0,57,0,23,0,15,0,11,
0,168,253,199,244,164,2,59,1,224,253,105,6,122,1,102,224,195,194,1,54,0,199,1,33,0,129,0,57,0,25,0,16,0,12,
0,194,253,232,243,122,2,59,1,224,253,105,6,27,255,102,224,195,194,1,55,0,195,1,21,0,126,0,56,0,26,0,15,0,12,
0,194,253,232,243,122,2,59,1,224,253,105,6,132,253,217,224,23,195,1,56,0,191,1,6,0,122,0,55,0,22,0,14,0,11,
0,164,253,91,243,7,2,59,1,224,253,105,6,135,251,139,224,246,195,1,57,0,184,0,243,0,118,0,55,0,26,0,16,0,12,
0,71,253,58,243,144,1,59,1,224,253,105,6,86,250,55,224,190,197,1,58,0,177,0,223,0,112,0,53,0,25,0,15,0,11,
0,71,252,58,243,18,1,59,1,224,253,105,6,86,250,55,224,198,197,1,60,0,169,0,202,0,105,0,50,0,22,0,15,0,12,
0,239,252,20,243,18,1,92,1,253,253,150,5,226,249,26,224,198,197,1,60,0,162,0,181,0,97,0,47,0,23,0,14,0,12,
0,110,252,207,242,150,0,92,1,253,253,150,5,194,250,54,225,50,198,1,62,0,156,0,162,0,89,0,45,0,20,0,15,0,11,
0,208,251,114,242,51,0,92,1,253,253,150,5,126,251,156,226,102,192,1,62,0,151,0,148,0,83,0,42,0,21,0,14,0,11,
0,208,251,114,242,208,255,92,1,253,253,150,5,126,251,211,228,232,187,1,62,0,147,0,141,0,76,0,40,0,18,0,13,0,11,
0,19,251,40,242,208,255,92,1,253,253,150,5,216,248,211,228,232,187,1,63,0,144,0,137,0,70,0,36,0,16,0,12,0,10,
0,136,250,43,242,106,255,92,1,253,253,150,5,7,246,174,230,104,188,1,63,0,142,0,136,0,66,0,34,0,17,0,13,0,11,
0,37,250,122,242,247,254,92,1,253,253,150,5,5,245,194,231,152,188,1,62,0,141,0,135,0,62,0,31,0,16,0,12,0,10,
0,37,250,122,242,247,254,92,1,253,253,150,5,246,243,149,232,184,182,1,61,0,139,0,134,0,59,0,29,0,15,0,12,0,11,
0,215,249,243,242,141,254,92,1,253,253,150,5,246,243,149,232,8,181,1,61,0,139,0,135,0,56,0,27,0,13,0,11,0,10,
0,140,249,169,243,47,254,92,1,253,253,150,5,112,242,218,234,8,181,1,60,0,139,0,134,0,55,0,27,0,14,0,11,0,10,
0,80,249,155,244,173,253,222,1,224,253,224,6,75,242,193,236,70,181,1,59,0,139,0,135,0,53,0,25,0,14,0,12,0,11,
0,80,249,155,244,173,253,222,1,224,253,224,6,61,243,152,237,52,183,1,58,0,138,0,135,0,51,0,23,0,12,0,11,0,11,
0,40,249,158,245,32,253,222,1,224,253,224,6,243,243,224,238,165,179,1,57,0,138,0,135,0,50,0,23,0,12,0,11,0,10,
0,15,249,103,246,122,252,222,1,224,253,224,6,243,243,224,238,165,179,1,55,0,138,0,134,0,51,0,24,0,13,0,11,0,11,
0,15,249,103,246,11,252,222,1,224,253,224,6,6,244,29,241,185,178,1,55,0,138,0,134,0,49,0,22,0,11,0,11,0,10,
0,238,248,2,247,11,252,222,1,224,253,224,6,243,243,155,243,95,180,1,56,0,138,0,134,0,49,0,22,0,12,0,11,0,11,
0,247,248,179,247,179,251,222,1,224,253,224,6,14,244,181,245,245,181,1,57,0,138,0,134,0,49,0,23,0,12,0,12,0,11,
0,29,249,140,248,113,251,222,1,224,253,224,6,14,244,245,246,235,179,1,57,0,138,0,134,0,48,0,22,0,12,0,11,0,11,
0,29,249,140,248,113,251,222,1,224,253,224,6,213,243,245,246,235,179,1,58,0,139,0,133,0,47,0,21,0,11,0,11,0,11,
0,38,249,104,249,77,251,222,1,224,253,224,6,11,242,206,248,45,178,1,58,0,139,0,133,0,48,0,22,0,11,0,11,0,11,
0,94,249,67,250,19,251,222,1,224,253,224,6,239,241,93,250,161,180,1,57,0,139,0,134,0,48,0,22,0,12,0,11,0,11,
0,163,249,42,251,183,250,205,1,173,253,111,6,226,241,19,251,58,181,1,58,0,139,0,135,0,47,0,21,0,11,0,11,0,11,
0,163,249,42,251,183,250,205,1,173,253,111,6,226,241,19,251,58,181,1,57,0,139,0,135,0,47,0,21,0,12,0,11,0,11,
0,6,250,40,252,72,250,205,1,173,253,111,6,98,242,130,250,181,178,1,57,0,140,0,136,0,47,0,21,0,11,0,11,0,10,
0,71,250,103,253,251,249,205,1,173,253,111,6,87,240,137,250,170,176,1,55,0,140,0,136,0,48,0,21,0,11,0,11,0,10,
0,90,250,172,254,154,249,205,1,173,253,111,6,143,239,133,251,7,180,1,55,0,141,0,136,0,47,0,21,0,12,0,11,0,11,
0,90,250,172,254,154,249,205,1,173,253,111,6,143,239,34,252,153,182,1,54,0,142,0,137,0,47,0,21,0,11,0,11,0,11,
0,146,250,212,255,86,249,205,1,173,253,111,6,124,241,34,252,153,182,1,52,0,142,0,138,0,48,0,22,0,12,0,11,0,11,
0,185,250,235,0,71,249,205,1,173,253,111,6,199,243,188,251,68,179,1,52,0,144,0,139,0,48,0,21,0,11,0,10,0,10,
0,185,250,235,0,54,249,205,1,173,253,111,6,181,243,249,252,150,177,1,50,0,144,0,140,0,48,0,21,0,11,0,10,0,10,
0,211,250,231,1,54,249,205,1,173,253,111,6,247,243,88,253,172,181,1,48,0,144,0,142,0,49,0,22,0,12,0,11,0,11,
0,241,250,180,2,62,249,133,1,212,253,14,6,247,243,88,253,183,183,1,46,0,145,0,145,0,49,0,22,0,14,0,11,0,11,
0,31,251,105,3,110,249,133,1,212,253,14,6,214,244,178,253,183,183,1,43,0,147,0,149,0,50,0,22,0,13,0,11,0,11,
0,31,251,105,3,110,249,133,1,212,253,14,6,48,246,213,252,29,182,1,40,0,147,0,158,0,52,0,23,0,14,0,11,0,11,
0,97,251,26,4,160,249,133,1,212,253,14,6,129,243,236,251,240,179,1,36,0,148,0,175,0,55,0,23,0,11,0,11,0,11,
0,132,251,17,5,180,249,133,1,212,253,14,6,129,240,46,251,193,183,1,31,0,150,0,201,0,60,0,25,0,13,0,12,0,11,
0,128,251,5,6,213,249,133,1,212,253,14,6,134,240,46,251,193,183,1,27,0,151,0,235,0,67,0,26,0,12,0,11,0,11,
0,128,251,5,6,213,249,133,1,212,253,14,6,213,240,151,250,249,187,1,21,0,154,1,19,0,77,0,28,0,15,0,11,0,12,
0,81,251,220,6,61,250,133,1,212,253,14,6,6,238,255,250,167,188,1,12,0,158,1,55,0,89,0,32,0,16,0,13,0,12,
0,72,251,163,7,45,251,133,1,212,253,14,6,16,237,218,254,251,184,1,8,0,162,1,72,0,99,0,34,0,14,0,12,0,11,
0,123,251,46,8,223,252,133,1,212,253,14,6,16,237,218,254,30,186,1,3,0,167,1,72,0,107,0,37,0,16,0,12,0,12,
0,123,251,46,8,223,252,102,1,161,253,254,6,112,241,34,252,30,186,0,255,0,172,1,70,0,113,0,40,0,16,0,13,0,12,
0,69,251,6,9,191,253,102,1,161,253,254,6,229,243,180,253,76,191,0,251,0,174,1,67,0,119,0,43,0,18,0,13,0,12,
0,33,251,9,10,82,253,102,1,161,253,254,6,78,246,125,0,22,192,0,247,0,174,1,66,0,122,0,45,0,18,0,12,0,11,
0,33,251,9,10,198,252,102,1,161,253,254,6,62,248,109,0,77,188,0,243,0,175,1,63,0,125,0,47,0,22,0,14,0,12,
0,6,251,168,10,198,252,102,1,161,253,254,6,62,248,109,0,77,188,0,239,0,175,1,65,0,127,0,49,0,20,0,14,0,12,
0,200,250,251,10,137,252,102,1,161,253,254,6,122,248,243,255,94,187,0,236,0,176,1,66,0,129,0,51,0,20,0,13,0,12,
0,114,250,16,11,52,252,102,1,161,253,254,6,217,248,173,0,213,187,0,233,0,177,1,64,0,131,0,53,0,22,0,14,0,12,
0,114,250,16,11,52,252,102,1,161,253,254,6,28,250,218,0,133,187,0,230,0,180,1,64,0,132,0,53,0,21,0,13,0,11,
0,103,250,73,11,193,251,102,1,161,253,254,6,28,250,210,255,32,187,0,225,0,180,1,63,0,133,0,55,0,25,0,15,0,12,
0,110,250,172,11,110,251,102,1,161,253,254,6,80,251,210,255,32,187,0,222,0,180,1,62,0,134,0,55,0,25,0,15,0,12,
0,95,250,194,11,40,251,122,1,172,253,145,6,245,252,129,254,238,184,0,219,0,182,1,62,0,134,0,55,0,24,0,14,0,12,
0,95,250,194,11,40,251,122,1,172,253,145,6,101,255,210,253,87,185,0,216,0,184,1,60,0,134,0,57,0,25,0,15,0,12,
0,77,250,212,11,247,250,122,1,172,253,145,6,152,1,194,252,7,183,0,214,0,185,1,59,0,133,0,51,0,23,0,15,0,12,
0,122,250,196,11,238,250,122,1,172,253,145,6,152,1,194,252,225,183,0,212,0,187,1,57,0,134,0,53,0,24,0,15,0,12,
0,159,250,183,11,238,250,122,1,172,253,145,6,216,2,225,252,225,183,0,211,0,190,1,57,0,134,0,54,0,25,0,16,0,13,
0,159,250,183,11,238,250,122,1,172,253,145,6,134,4,91,252,187,184,0,209,0,192,1,56,0,134,0,55,0,24,0,16,0,13,
0,249,250,80,11,247,250,122,1,172,253,145,6,142,5,220,250,151,183,0,208,0,194,1,55,0,134,0,56,0,25,0,16,0,13,
0,53,251,174,10,30,251,122,1,172,253,145,6,142,5,51,251,203,183,0,207,0,195,1,54,0,133,0,56,0,24,0,15,0,12,
0,53,251,174,10,70,251,122,1,172,253,145,6,233,4,51,251,203,183,0,205,0,195,1,53,0,133,0,56,0,24,0,15,0,12,
0,68,251,9,10,70,251,122,1,172,253,145,6,51,5,41,251,110,185,0,204,0,195,1,51,0,133,0,57,0,25,0,16,0,13,
0,75,251,97,9,155,251,122,1,172,253,145,6,138,4,135,250,191,182,0,205,0,195,1,48,0,132,0,57,0,25,0,16,0,12,
0,100,251,218,8,237,251,229,0,154,253,40,6,199,255,243,253,151,184,0,210,0,193,1,41,0,130,0,56,0,23,0,15,0,12,
0,100,251,218,8,237,251,229,0,154,253,40,6,199,255,243,253,205,186,0,216,0,190,1,38,0,129,0,57,0,24,0,15,0,12,
0,128,251,128,8,153,252,229,0,154,253,40,6,135,246,76,2,205,186,0,217,0,190,1,33,0,127,0,56,0,23,0,14,0,11,
0,250,251,61,8,43,254,229,0,154,253,40,6,95,245,254,255,233,184,0,217,0,188,1,26,0,126,0,56,0,26,0,15,0,12,
0,150,252,155,8,125,255,229,0,154,253,40,6,230,247,191,254,241,182,0,221,0,185,1,23,0,124,0,55,0,25,0,15,0,11,
0,150,252,155,8,125,255,229,0,154,253,40,6,134,246,195,1,38,184,0,223,0,184,1,22,0,123,0,55,0,25,0,15,0,12,
0,38,253,90,9,158,255,229,0,154,253,40,6,134,246,195,1,38,184,0,227,0,183,1,19,0,120,0,53,0,23,0,14,0,11,
0,200,253,249,9,154,255,229,0,154,253,40,6,58,245,217,1,46,186,0,229,0,180,1,17,0,119,0,52,0,23,0,14,0,11,
0,203,254,85,10,109,0,229,0,154,253,40,6,195,244,167,254,43,184,0,234,0,174,1,18,0,118,0,52,0,23,0,14,0,11,
0,203,254,85,10,109,0,229,0,154,253,40,6,173,243,222,252,106,183,0,239,0,170,1,19,0,117,0,51,0,23,0,14,0,11,
0,163,255,104,10,53,1,230,0,179,253,17,6,173,243,222,252,160,184,0,244,0,168,1,20,0,117,0,52,0,23,0,14,0,11,
0,58,0,162,10,148,1,230,0,179,253,17,6,30,243,109,252,160,184,0,248,0,169,1,23,0,117,0,50,0,22,0,14,0,11,
0,58,0,162,10,129,1,230,0,179,253,17,6,62,243,97,251,169,183,0,250,0,168,1,26,0,117,0,51,0,23,0,14,0,12,
0,153,0,50,11,129,1,230,0,179,253,17,6,15,242,131,250,41,183,0,251,0,168,1,32,0,118,0,55,0,22,0,14,0,11,
0,197,0,234,11,41,1,230,0,179,253,17,6,167,242,211,250,149,183,0,251,0,169,1,40,0,120,0,55,0,23,0,14,0,11,
0,189,0,174,12,177,0,230,0,179,253,17,6,167,242,211,250,149,183,0,249,0,170,1,47,0,121,0,54,0,23,0,14,0,12,
0,189,0,174,12,177,0,230,0,179,253,17,6,177,244,94,251,152,184,0,247,0,173,1,52,0,123,0,53,0,24,0,14,0,11,
0,133,0,88,13,11,0,230,0,179,253,17,6,8,248,88,251,178,184,0,243,0,174,1,53,0,125,0,54,0,25,0,15,0,12,
0,44,0,251,13,73,255,230,0,179,253,17,6,171,249,236,250,59,183,0,238,0,176,1,55,0,127,0,55,0,25,0,15,0,12,
0,234,255,114,14,158,254,230,0,179,253,17,6,171,249,124,250,20,184,0,232,0,178,1,56,0,128,0,58,0,25,0,15,0,12,
0,234,255,114,14,158,254,105,0,150,253,102,6,150,250,124,250,20,184,0,224,0,179,1,57,0,129,0,57,0,25,0,15,0,12,
0,148,255,235,14,45,254,105,0,150,253,102,6,4,251,201,250,197,186,0,217,0,182,1,58,0,129,0,57,0,25,0,15,0,12,
0,41,255,227,14,190,253,105,0,150,253,102,6,151,252,91,250,25,188,0,208,0,183,1,58,0,130,0,57,0,25,0,15,0,11,
0,200,254,227,14,90,253,105,0,150,253,102,6,155,254,1,250,187,188,0,198,0,185,1,59,0,131,0,57,0,25,0,15,0,12,
0,200,254,233,14,90,253,105,0,150,253,102,6,155,254,1,250,209,187,0,189,0,188,1,60,0,132,0,57,0,25,0,15,0,12,
0,126,254,213,14,2,253,105,0,150,253,102,6,217,255,201,249,209,187,0,179,0,190,1,60,0,133,0,57,0,25,0,16,0,12,
0,59,254,139,14,189,252,105,0,150,253,102,6,58,0,61,250,75,187,0,171,0,193,1,60,0,132,0,56,0,25,0,15,0,12,
0,59,254,139,14,147,252,105,0,150,253,102,6,59,1,73,251,167,190,0,164,0,194,1,59,0,133,0,57,0,25,0,16,0,12,
0,223,253,25,14,147,252,105,0,150,253,102,6,59,1,165,251,22,191,0,158,0,196,1,59,0,134,0,57,0,25,0,16,0,12,
0,206,253,171,13,169,252,105,0,150,253,102,6,16,4,165,251,22,191,0,154,0,197,1,59,0,133,0,57,0,25,0,15,0,11,
0,244,253,76,13,203,252,241,255,147,253,131,6,146,4,157,251,4,186,0,150,0,199,1,58,0,134,0,58,0,26,0,16,0,12,
0,244,253,76,13,203,252,241,255,147,253,131,6,94,3,240,252,230,188,0,148,0,200,1,58,0,133,0,57,0,25,0,15,0,12,
0,66,254,219,12,205,252,241,255,147,253,131,6,151,5,9,253,228,190,0,145,0,201,1,58,0,133,0,57,0,25,0,15,0,12,
0,131,254,62,12,233,252,241,255,147,253,131,6,151,5,9,253,134,186,0,144,0,202,1,57,0,134,0,58,0,26,0,16,0,12,
0,201,254,178,11,13,253,241,255,147,253,131,6,94,7,195,251,134,186,0,142,0,203,1,57,0,133,0,57,0,25,0,16,0,12,
0,201,254,178,11,13,253,241,255,147,253,131,6,130,5,236,251,250,185,0,141,0,204,1,56,0,133,0,57,0,25,0,15,0,12,
0,19,255,57,11,5,253,241,255,147,253,131,6,120,7,193,251,164,190,0,140,0,205,1,55,0,134,0,58,0,26,0,16,0,12,
0,111,255,209,10,2,253,241,255,147,253,131,6,188,8,151,250,133,187,0,139,0,206,1,54,0,133,0,57,0,25,0,15,0,12,
0,162,255,209,10,19,253,241,255,147,253,131,6,188,8,151,250,133,187,0,139,0,207,1,54,0,133,0,58,0,26,0,16,0,12,
0,162,255,164,10,19,253,241,255,147,253,131,6,2,8,112,249,25,187,0,139,0,209,1,54,0,132,0,57,0,25,0,16,0,12,
0,168,255,84,10,32,253,241,255,147,253,66,6,55,9,148,249,208,189,0,138,0,210,1,54,0,133,0,58,0,26,0,16,0,12,
0,187,255,251,9,50,253,208,255,156,253,66,6,119,10,122,249,240,190,0,138,0,212,1,54,0,132,0,57,0,25,0,15,0,11,
0,187,255,251,9,97,253,208,255,156,253,66,6,119,10,234,248,37,189,0,138,0,213,1,53,0,132,0,58,0,26,0,16,0,12,
0,205,255,149,9,97,253,208,255,156,253,66,6,239,11,234,248,37,189,0,138,0,214,1,52,0,132,0,57,0,25,0,15,0,12,
0,206,255,7,9,149,253,208,255,156,253,66,6,128,11,111,248,154,188,0,138,0,215,1,51,0,132,0,57,0,25,0,15,0,12,
0,209,255,72,8,220,253,208,255,156,253,66,6,142,11,110,248,62,190,0,138,0,216,1,50,0,131,0,57,0,25,0,15,0,12,
0,209,255,72,8,220,253,208,255,156,253,66,6,90,11,174,248,47,192,0,138,0,218,1,50,0,130,0,56,0,24,0,14,0,11,
0,245,255,181,7,36,254,208,255,156,253,66,6,90,11,174,248,47,193,0,138,0,218,1,49,0,130,0,56,0,25,0,15,0,11,
0,252,255,55,7,49,254,208,255,156,253,66,6,160,11,39,248,10,193,0,138,0,220,1,48,0,130,0,56,0,25,0,15,0,12,
0,1,0,170,6,88,254,208,255,156,253,66,6,146,10,36,247,119,189,0,139,0,222,1,47,0,129,0,55,0,23,0,14,0,11,
0,1,0,170,6,88,254,208,255,156,253,66,6,167,9,87,247,31,192,0,139,0,223,1,45,0,130,0,56,0,23,0,15,0,12,
0,33,0,25,6,136,254,136,255,201,253,215,5,167,9,92,247,108,193,0,139,0,225,1,43,0,129,0,55,0,23,0,14,0,12,
0,18,0,154,5,200,254,136,255,201,253,215,5,104,10,92,247,108,193,0,139,0,227,1,41,0,128,0,58,0,24,0,15,0,11,
0,10,0,154,5,218,254,136,255,201,253,215,5,78,12,219,246,99,193,0,139,0,228,1,38,0,127,0,58,0,25,0,16,0,12,
0,10,0,21,5,218,254,136,255,201,253,215,5,189,12,152,246,60,191,0,140,0,230,1,36,0,126,0,57,0,24,0,15,0,12,
0,11,0,144,4,243,254,136,255,201,253,215,5,182,12,63,247,70,191,0,140,0,231,1,33,0,126,0,57,0,25,0,16,0,12,
0,230,255,8,4,74,255,136,255,201,253,215,5,182,12,63,247,29,193,0,141,0,232,1,30,0,124,0,55,0,26,0,15,0,12,
0,230,255,8,4,110,255,136,255,201,253,215,5,238,11,132,247,29,193,0,141,0,233,1,26,0,124,0,55,0,26,0,16,0,12,
0,191,255,85,3,110,255,136,255,201,253,215,5,219,12,98,247,254,194,0,141,0,234,1,23,0,122,0,55,0,25,0,16,0,12,
0,143,255,157,2,125,255,136,255,201,253,215,5,217,13,157,246,27,193,0,142,0,235,1,18,0,121,0,54,0,25,0,16,0,12,
0,113,255,229,1,142,255,136,255,201,253,215,5,217,12,115,246,89,190,0,142,0,235,1,14,0,119,0,53,0,23,0,15,0,12,
0,113,255,229,1,142,255,132,255,158,253,53,6,132,12,115,246,89,190,0,143,0,236,1,11,0,117,0,52,0,22,0,14,0,11,
0,73,255,60,1,144,255,132,255,158,253,53,6,235,11,213,246,238,192,0,143,0,236,1,8,0,115,0,51,0,22,0,14,0,11,
0,253,254,174,0,168,255,132,255,158,253,53,6,115,11,168,246,171,192,0,144,0,237,1,4,0,114,0,51,0,23,0,14,0,12,
0,223,254,63,0,213,255,132,255,158,253,53,6,232,11,191,246,225,192,0,144,0,238,1,1,0,112,0,50,0,22,0,14,0,12,
0,223,254,63,0,213,255,132,255,158,253,53,6,232,11,191,246,143,192,0,144,0,239,0,254,0,110,0,49,0,23,0,14,0,11,
0,230,254,220,255,244,255,132,255,158,253,53,6,253,11,32,247,143,192,0,144,0,238,0,251,0,109,0,49,0,23,0,14,0,12,
0,171,254,160,255,3,0,132,255,158,253,53,6,114,12,132,247,3,192,0,145,0,239,0,250,0,107,0,47,0,22,0,14,0,11,
0,171,254,160,255,25,0,132,255,158,253,53,6,238,12,186,247,60,191,0,145,0,239,0,248,0,106,0,47,0,22,0,14,0,11,
0,115,254,83,255,25,0,132,255,158,253,53,6,61,12,171,247,183,190,0,146,0,240,0,247,0,105,0,46,0,21,0,14,0,11,
0,111,254,213,254,67,0,132,255,158,253,53,6,61,12,171,247,183,190,0,146,0,241,0,246,0,104,0,46,0,22,0,14,0,11,
0,86,254,88,254,136,0,138,255,175,253,137,5,92,12,40,248,31,193,0,147,0,241,0,246,0,103,0,45,0,21,0,14,0,11,
0,86,254,88,254,194,0,138,255,175,253,137,5,147,11,139,248,111,192,0,147,0,241,0,245,0,103,0,45,0,21,0,14,0,12,
0,71,254,244,253,194,0,138,255,175,253,137,5,211,11,240,247,132,192,0,147,0,242,0,245,0,103,0,45,0,21,0,14,0,11,
0,56,254,148,253,203,0,138,255,175,253,137,5,211,11,178,247,244,190,0,148,0,243,0,246,0,102,0,44,0,21,0,14,0,12,
0,70,254,82,253,194,0,138,255,175,253,137,5,9,11,178,247,244,190,0,149,0,243,0,247,0,101,0,44,0,20,0,13,0,11,
0,70,254,82,253,194,0,138,255,175,253,137,5,235,9,39,248,34,192,0,148,0,244,0,247,0,102,0,44,0,21,0,14,0,12,
0,77,254,18,253,234,0,138,255,175,253,137,5,143,10,32,248,126,193,0,149,0,245,0,248,0,102,0,43,0,20,0,14,0,11,
0,72,254,222,252,19,1,138,255,175,253,137,5,23,10,0,248,80,192,0,149,0,246,0,248,0,102,0,44,0,20,0,14,0,11,
0,75,254,141,252,53,1,138,255,175,253,137,5,23,10,0,248,93,191,0,150,0,247,0,250,0,102,0,43,0,20,0,13,0,11,
0,75,254,141,252,53,1,138,255,175,253,137,5,121,10,223,247,93,191,0,150,0,247,0,251,0,102,0,38,0,20,0,14,0,12,
0,81,254,67,252,74,1,110,255,178,253,216,5,209,9,114,248,31,192,0,151,0,248,0,252,0,102,0,39,0,19,0,13,0,11,
0,60,254,237,251,79,1,110,255,178,253,216,5,212,8,134,248,209,192,0,151,0,249,0,254,0,102,0,40,0,18,0,13,0,11,
0,60,254,237,251,125,1,110,255,178,253,216,5,212,8,133,248,154,194,0,152,0,249,0,254,0,103,0,41,0,20,0,14,0,12,
0,65,254,128,251,125,1,110,255,178,253,216,5,129,9,133,248,154,194,0,153,0,249,1,0,0,103,0,42,0,18,0,13,0,12,
0,67,254,77,251,171,1,110,255,178,253,216,5,192,9,197,247,108,192,0,153,0,249,1,0,0,104,0,43,0,18,0,13,0,11,
0,82,254,22,251,205,1,110,255,178,253,216,5,127,8,122,247,164,190,0,154,0,250,1,2,0,104,0,42,0,17,0,12,0,11,
0,82,254,22,251,230,1,110,255,178,253,216,5,50,7,110,247,50,191,0,154,0,250,1,2,0,105,0,43,0,19,0,13,0,11,
0,80,254,217,250,230,1,110,255,178,253,216,5,50,7,110,247,33,193,0,155,0,250,1,3,0,105,0,44,0,19,0,13,0,11,
0,65,254,211,250,234,1,110,255,178,253,216,5,0,6,176,247,33,193,0,156,0,251,1,5,0,105,0,44,0,20,0,13,0,11,
0,48,254,213,250,15,2,110,255,178,253,216,5,98,7,58,247,250,193,0,156,0,251,1,5,0,106,0,44,0,20,0,13,0,11,
0,48,254,213,250,15,2,110,255,178,253,216,5,56,7,193,246,5,191,0,158,0,253,1,8,0,107,0,44,0,19,0,13,0,11,
0,35,254,191,250,27,2,237,255,98,253,189,6,86,6,117,247,201,191,0,159,0,253,1,8,0,107,0,44,0,19,0,13,0,11,
0,18,254,173,250,64,2,237,255,98,253,189,6,86,6,117,247,201,191,0,161,0,254,1,9,0,108,0,46,0,20,0,14,0,12,
0,49,254,118,250,107,2,237,255,98,253,189,6,184,4,108,247,108,191,0,163,0,255,1,9,0,108,0,45,0,19,0,13,0,11,
0,49,254,118,250,107,2,237,255,98,253,189,6,192,4,69,247,14,193,0,164,0,255,1,10,0,108,0,45,0,20,0,13,0,11,
0,48,254,74,250,131,2,237,255,98,253,189,6,77,5,56,247,89,192,0,166,1,0,1,10,0,110,0,46,0,20,0,14,0,12,
0,55,254,12,250,177,2,237,255,98,253,189,6,77,5,56,246,46,190,0,168,1,0,1,11,0,109,0,46,0,20,0,13,0,11,
0,55,254,12,250,188,2,237,255,98,253,189,6,96,4,234,246,46,190,0,169,1,1,1,10,0,110,0,46,0,21,0,14,0,12,
0,82,254,251,249,188,2,237,255,98,253,189,6,241,2,218,246,43,191,0,171,1,2,1,10,0,110,0,46,0,21,0,14,0,11,
0,78,254,30,250,196,2,237,255,98,253,189,6,206,2,199,246,35,193,0,172,1,3,1,10,0,110,0,46,0,20,0,13,0,11,
0,52,254,5,250,187,2,237,255,98,253,189,6,177,3,56,246,10,193,0,173,1,3,1,9,0,110,0,47,0,21,0,14,0,12,
0,52,254,5,250,187,2,199,255,169,253,218,5,177,3,56,246,10,193,0,175,1,3,1,8,0,110,0,51,0,20,0,13,0,11,
0,78,254,24,250,158,2,199,255,169,253,218,5,14,3,211,245,127,190,0,176,1,4,1,8,0,110,0,51,0,22,0,13,0,11,
0,61,254,27,250,144,2,199,255,169,253,218,5,78,1,79,246,223,190,0,178,1,5,1,6,0,109,0,49,0,22,0,13,0,11,
0,40,254,31,250,155,2,199,255,169,253,218,5,95,2,185,246,20,194,0,179,1,5,1,5,0,109,0,49,0,22,0,14,0,11,
0,40,254,31,250,155,2,199,255,169,253,218,5,95,2,25,246,134,190,0,180,1,6,1,4,0,108,0,47,0,20,0,13,0,11,
0,35,254,33,250,149,2,199,255,169,253,218,5,171,2,25,246,134,190,0,181,1,6,1,2,0,108,0,48,0,21,0,14,0,11,
0,28,254,11,250,161,2,199,255,169,253,218,5,186,1,6,246,97,190,0,182,1,8,1,0,0,108,0,47,0,21,0,14,0,11,
0,34,254,242,249,168,2,199,255,169,253,218,5,96,0,152,246,12,191,0,183,1,8,0,255,0,107,0,47,0,22,0,14,0,11,
0,34,254,242,249,168,2,199,255,169,253,218,5,112,0,78,246,118,192,0,184,1,8,0,254,0,106,0,46,0,22,0,14,0,11,
0,40,254,236,249,178,2,199,255,169,253,218,5,112,0,78,246,177,190,0,184,1,8,0,252,0,106,0,46,0,22,0,14,0,12,
0,62,254,228,249,177,2,224,255,142,253,144,6,133,0,254,245,177,190,0,185,1,9,0,251,0,105,0,46,0,21,0,14,0,11,
0,62,254,228,249,172,2,224,255,142,253,144,6,155,255,208,245,215,190,0,185,1,9,0,250,0,105,0,46,0,21,0,14,0,12,
0,77,254,13,250,172,2,224,255,142,253,144,6,105,255,152,245,92,190,0,186,1,10,0,249,0,104,0,45,0,22,0,14,0,12,
0,20,254,34,250,140,2,224,255,142,253,144,6,105,255,232,245,9,192,0,186,1,10,0,247,0,104,0,45,0,21,0,14,0,12,
0,224,253,71,250,127,2,224,255,142,253,144,6,69,255,232,245,9,192,0,187,1,11,0,247,0,103,0,44,0,20,0,13,0,11,
0,224,253,71,250,127,2,224,255,142,253,144,6,79,255,47,246,17,191,0,188,1,12,0,246,0,102,0,44,0,20,0,13,0,11,
0,245,253,141,250,113,2,224,255,142,253,144,6,124,255,66,246,85,191,0,188,1,12,0,245,0,102,0,44,0,21,0,14,0,12,
0,23,254,166,250,148,2,224,255,142,253,144,6,52,255,53,246,98,190,0,189,1,13,0,245,0,102,0,44,0,21,0,14,0,12,
0,5,254,204,250,158,2,224,255,142,253,144,6,52,255,53,246,50,191,0,190,1,14,0,245,0,101,0,43,0,20,0,13,0,11,
0,5,254,204,250,158,2,224,255,142,253,144,6,109,254,139,246,50,191,0,190,1,13,0,244,0,101,0,44,0,20,0,14,0,11,
0,238,253,228,250,135,2,55,0,150,253,194,5,254,254,149,246,194,191,0,191,1,14,0,244,0,100,0,43,0,19,0,13,0,11,
0,1,254,248,250,140,2,55,0,150,253,194,5,253,253,134,246,134,191,0,192,1,14,0,243,0,100,0,43,0,20,0,13,0,11,
0,40,254,61,251,176,2,55,0,150,253,194,5,157,253,9,246,119,190,0,193,1,15,0,243,0,100,0,42,0,19,0,13,0,11,
0,40,254,61,251,176,2,55,0,150,253,194,5,157,253,9,246,119,190,0,193,1,15,0,242,0,100,0,43,0,20,0,13,0,11,
0,252,253,133,251,160,2,55,0,150,253,194,5,208,252,30,246,148,191,0,194,1,16,0,242,0,99,0,42,0,19,0,13,0,11,
0,235,253,237,251,146,2,55,0,150,253,194,5,97,253,107,246,74,191,0,194,1,16,0,241,0,99,0,43,0,20,0,14,0,11,
0,235,253,237,251,147,2,55,0,150,253,194,5,184,252,124,246,74,191,0,195,1,16,0,241,0,99,0,42,0,20,0,13,0,11,
0,22,254,42,252,147,2,55,0,150,253,194,5,184,252,140,246,42,192,0,196,1,16,0,241,0,98,0,41,0,20,0,13,0,11,
0,38,254,113,252,144,2,55,0,150,253,194,5,49,253,140,246,42,192,0,197,1,16,0,240,0,98,0,42,0,20,0,13,0,11,
0,36,254,201,252,154,2,55,0,150,253,194,5,251,253,96,246,144,190,0,198,1,16,0,241,0,98,0,42,0,20,0,13,0,11,
0,36,254,201,252,154,2,55,0,150,253,194,5,168,253,219,246,74,189,0,199,1,16,0,241,0,98,0,41,0,19,0,13,0,11,
0,56,254,10,253,138,2,41,0,164,253,61,6,219,252,224,246,80,191,0,200,1,16,0,241,0,98,0,42,0,20,0,14,0,12,
0,68,254,79,253,150,2,41,0,164,253,61,6,219,252,224,246,80,191,0,200,1,16,0,241,0,98,0,42,0,20,0,14,0,11,
0,72,254,125,253,135,2,41,0,164,253,61,6,85,252,70,247,166,191,0,200,1,16,0,240,0,98,0,42,0,20,0,14,0,11,
0,72,254,125,253,135,2,41,0,164,253,61,6,85,253,44,247,27,192,0,201,1,16,0,241,0,98,0,41,0,19,0,13,0,11,
0,82,254,203,253,144,2,41,0,164,253,61,6,106,253,122,246,11,190,0,201,1,16,0,241,0,98,0,42,0,20,0,13,0,11,
0,55,254,49,254,154,2,41,0,164,253,61,6,106,253,152,246,76,189,0,201,1,16,0,241,0,98,0,41,0,20,0,13,0,11,
0,57,254,107,254,183,2,41,0,164,253,61,6,161,252,152,246,76,189,0,202,1,16,0,241,0,98,0,42,0,20,0,14,0,12,
0,57,254,107,254,183,2,41,0,164,253,61,6,83,251,22,247,220,190,0,202,1,16,0,242,0,98,0,42,0,20,0,14,0,11,
0,87,254,193,254,171,2,41,0,164,253,61,6,138,252,255,246,152,192,0,203,1,16,0,243,0,98,0,41,0,19,0,13,0,11,
0,91,254,63,255,152,2,41,0,164,253,61,6,174,253,234,246,123,191,0,203,1,16,0,243,0,98,0,41,0,19,0,13,0,11,
0,91,254,63,255,98,2,113,0,61,253,112,6,174,253,234,246,193,189,0,203,1,16,0,243,0,99,0,42,0,20,0,14,0,12,
0,108,254,186,255,98,2,113,0,61,253,112,6,198,253,173,246,193,189,0,204,1,17,0,244,0,99,0,42,0,20,0,13,0,11,
0,107,254,20,0,102,2,113,0,61,253,112,6,6,252,126,247,107,189,0,204,1,16,0,244,0,99,0,42,0,20,0,13,0,11,
0,111,254,88,0,137,2,113,0,61,253,112,6,9,253,122,247,110,193,0,204,1,17,0,245,0,99,0,41,0,19,0,13,0,11,
0,111,254,88,0,137,2,113,0,61,253,112,6,9,253,76,247,140,191,0,204,1,16,0,245,0,99,0,41,0,19,0,13,0,11,
0,111,254,125,0,150,2,113,0,61,253,112,6,244,253,76,247,140,191,0,204,1,16,0,245,0,99,0,42,0,20,0,13,0,11,
0,134,254,133,0,161,2,113,0,61,253,112,6,131,253,194,246,186,189,0,204,1,16,0,246,0,99,0,42,0,20,0,13,0,11,
0,153,254,195,0,156,2,113,0,61,253,112,6,242,252,42,247,16,191,0,204,1,16,0,247,0,100,0,42,0,20,0,13,0,11,
0,153,254,195,0,156,2,113,0,61,253,112,6,209,252,71,247,157,191,0,205,1,16,0,247,0,100,0,41,0,19,0,13,0,11,
0,136,254,25,1,148,2,113,0,61,253,112,6,209,252,71,247,134,192,0,204,1,16,0,247,0,100,0,42,0,19,0,13,0,11,
0,147,254,108,1,144,2,46,0,88,253,7,6,85,253,196,246,134,192,0,204,1,15,0,247,0,100,0,42,0,20,0,13,0,12,
0,147,254,203,1,105,2,46,0,88,253,7,6,162,253,192,246,158,191,0,205,1,16,0,248,0,100,0,42,0,19,0,13,0,12,
0,147,254,203,1,105,2,46,0,88,253,7,6,34,254,238,246,69,192,0,204,1,15,0,248,0,101,0,43,0,20,0,14,0,11,
0,121,254,10,2,97,2,46,0,88,253,7,6,191,254,34,247,60,192,0,205,1,15,0,249,0,101,0,42,0,19,0,13,0,11,
0,127,254,74,2,81,2,46,0,88,253,7,6,191,254,34,247,60,192,0,205,1,15,0,249,0,102,0,43,0,20,0,14,0,12,
0,127,254,74,2,66,2,46,0,88,253,7,6,31,255,246,246,168,191,0,205,1,14,0,250,0,101,0,43,0,20,0,14,0,12,
0,145,254,127,2,66,2,46,0,88,253,7,6,245,254,211,246,124,190,0,205,1,14,0,251,0,101,0,43,0,20,0,13,0,12,
0,159,254,108,2,31,2,46,0,88,253,7,6,103,254,213,246,206,191,0,205,1,14,0,250,0,102,0,43,0,20,0,13,0,11,
0,183,254,125,2,52,2,46,0,88,253,7,6,103,254,172,246,47,193,0,206,1,14,0,251,0,102,0,43,0,19,0,13,0,11,
0,183,254,125,2,52,2,46,0,88,253,7,6,104,255,172,246,47,193,0,206,1,13,0,250,0,102,0,43,0,20,0,13,0,11,
0,203,254,164,2,83,2,247,255,129,253,252,5,199,255,129,246,162,192,0,207,1,13,0,251,0,102,0,43,0,20,0,13,0,11,
0,201,254,193,2,60,2,247,255,129,253,252,5,25,0,104,246,9,192,0,207,1,12,0,251,0,102,0,43,0,20,0,13,0,11,
0,202,254,238,2,39,2,247,255,129,253,252,5,88,0,88,246,42,191,0,208,1,13,0,251,0,102,0,43,0,19,0,13,0,11,
0,202,254,238,2,39,2,247,255,129,253,252,5,88,0,88,246,42,192,0,208,1,12,0,251,0,103,0,43,0,20,0,13,0,11,
0,199,254,45,3,32,2,247,255,129,253,252,5,102,0,69,246,173,192,0,208,1,12,0,251,0,102,0,43,0,19,0,13,0,11,
0,208,254,99,3,45,2,247,255,129,253,252,5,136,1,73,246,193,192,0,208,1,11,0,250,0,102,0,43,0,20,0,13,0,11,
0,214,254,99,3,62,2,247,255,129,253,252,5,44,1,72,246,173,190,0,209,1,11,0,250,0,102,0,37,0,19,0,14,0,12,
0,214,254,95,3,62,2,247,255,129,253,252,5,44,1,109,246,208,191,0,209,1,11,0,251,0,102,0,39,0,18,0,13,0,11,
0,198,254,111,3,56,2,247,255,129,253,252,5,216,0,109,246,208,191,0,209,1,10,0,250,0,103,0,40,0,19,0,13,0,12,
0,182,254,98,3,79,2,247,255,129,253,252,5,169,1,9,247,169,192,0,210,1,11,0,250,0,102,0,41,0,19,0,13,0,11,
0,182,254,98,3,60,2,247,255,129,253,252,5,4,2,207,246,23,194,0,211,1,9,0,249,0,102,0,42,0,20,0,14,0,12,
0,199,254,95,3,60,2,94,0,31,253,166,6,112,2,90,246,15,192,0,212,1,9,0,249,0,102,0,42,0,20,0,14,0,12,
0,197,254,115,3,66,2,94,0,31,253,166,6,112,2,90,246,241,190,0,212,1,9,0,248,0,102,0,42,0,19,0,13,0,11,
0,180,254,106,3,31,2,94,0,31,253,166,6,80,2,58,246,241,190,0,212,1,8,0,247,0,102,0,43,0,20,0,14,0,12,
0,180,254,106,3,31,2,94,0,31,253,166,6,187,1,102,246,46,192,0,213,1,8,0,247,0,102,0,43,0,19,0,13,0,11,
0,192,254,84,3,51,2,94,0,31,253,166,6,73,2,89,246,87,193,0,213,1,8,0,247,0,102,0,43,0,20,0,13,0,12,
0,192,254,119,3,76,2,94,0,31,253,166,6,73,3,36,246,154,192,0,213,1,7,0,246,0,101,0,43,0,20,0,14,0,12,
0,252,254,121,3,89,2,94,0,31,253,166,6,164,3,36,246,154,192,0,214,1,6,0,246,0,101,0,43,0,19,0,13,0,11,
0,252,254,121,3,89,2,94,0,31,253,166,6,175,3,220,245,144,190,0,214,1,5,0,246,0,101,0,43,0,20,0,14,0,12,
0,35,255,131,3,62,2,94,0,31,253,166,6,6,3,95,246,67,191,0,214,1,5,0,246,0,100,0,42,0,19,0,13,0,11,
0,252,254,111,3,43,2,94,0,31,253,166,6,144,3,176,246,201,192,0,215,1,5,0,245,0,101,0,43,0,20,0,13,0,11,
0,223,254,111,3,52,2,32,0,70,253,72,6,144,3,176,246,38,193,0,215,1,4,0,245,0,100,0,42,0,20,0,13,0,11,
0,223,254,68,3,52,2,32,0,70,253,72,6,224,3,90,246,38,193,0,215,1,3,0,244,0,100,0,43,0,20,0,13,0,11,
0,220,254,50,3,78,2,32,0,70,253,72,6,9,4,50,246,242,191,0,216,1,3,0,245,0,100,0,42,0,19,0,13,0,11,
0,225,254,34,3,117,2,32,0,70,253,72,6,177,2,68,246,121,192,0,215,1,2,0,244,0,100,0,42,0,20,0,13,0,11,
0,225,254,34,3,130,2,32,0,70,253,72,6,140,3,39,246,201,192,0,215,1,1,0,244,0,100,0,42,0,20,0,13,0,11,
0,229,254,36,3,130,2,32,0,70,253,72,6,140,3,39,246,201,192,0,216,1,2,0,244,0,99,0,42,0,19,0,13,0,11,
0,202,254,58,3,114,2,32,0,70,253,72,6,202,3,230,245,11,193,0,216,1,1,0,243,0,100,0,42,0,20,0,13,0,11,
0,240,254,41,3,115,2,32,0,70,253,72,6,211,4,202,245,53,193,0,216,1,1,0,243,0,99,0,46,0,19,0,13,0,11,
0,240,254,41,3,115,2,32,0,70,253,72,6,172,4,173,245,64,190,0,217,1,1,0,243,0,99,0,45,0,20,0,13,0,11,
0,226,254,7,3,112,2,32,0,70,253,72,6,172,4,219,245,254,190,0,217,1,0,0,242,0,100,0,45,0,20,0,14,0,11,
0,234,254,18,3,107,2,8,0,97,253,3,6,8,4,219,245,254,190,0,217,0,255,0,242,0,99,0,44,0,21,0,14,0,12,
0,244,254,9,3,130,2,8,0,97,253,3,6,78,4,4,246,25,193,0,217,0,255,0,241,0,99,0,44,0,21,0,14,0,11,
0,244,254,9,3,130,2,8,0,97,253,3,6,226,4,53,246,254,193,0,218,0,254,0,241,0,99,0,43,0,20,0,13,0,11,
0,8,255,218,2,120,2,8,0,97,253,3,6,184,4,114,245,29,191,0,218,0,253,0,240,0,99,0,43,0,20,0,14,0,12,
0,36,255,163,2,130,2,8,0,97,253,3,6,184,4,114,245,179,191,0,218,0,252,0,239,0,98,0,43,0,18,0,14,0,12,
0,25,255,163,2,149,2,8,0,97,253,3,6,57,4,126,245,179,191,0,218,0,252,0,239,0,98,0,43,0,19,0,13,0,11,
0,25,255,126,2,149,2,8,0,97,253,3,6,186,3,168,245,36,192,0,218,0,251,0,239,0,98,0,42,0,19,0,13,0,11,
0,222,254,104,2,135,2,8,0,97,253,3,6,248,3,188,245,62,193,0,219,0,251,0,239,0,97,0,41,0,18,0,12,0,11,
0,245,254,84,2,126,2,8,0,97,253,3,6,248,3,90,245,154,193,0,219,0,251,0,238,0,97,0,42,0,19,0,13,0,11,
0,245,254,84,2,108,2,8,0,97,253,3,6,48,4,90,245,154,193,0,219,0,251,0,237,0,97,0,42,0,19,0,13,0,11,
0,0,255,95,2,108,2,28,0,92,253,193,5,233,3,0,245,121,191,0,220,0,251,0,238,0,97,0,41,0,19,0,13,0,11,
0,226,254,105,2,114,2,28,0,92,253,193,5,242,3,72,245,149,193,0,219,0,250,0,237,0,97,0,41,0,19,0,13,0,11,
0,177,254,121,2,132,2,28,0,92,253,193,5,114,3,126,245,208,193,0,220,0,251,0,236,0,96,0,40,0,18,0,12,0,11,
0,177,254,121,2,132,2,28,0,92,253,193,5,114,3,126,245,10,193,0,220,0,250,0,236,0,96,0,41,0,17,0,12,0,10,
0,227,254,123,2,89,2,28,0,92,253,193,5,90,4,21,245,10,193,0,221,0,249,0,235,0,96,0,41,0,19,0,13,0,11,
0,247,254,97,2,108,2,28,0,92,253,193,5,247,4,43,245,44,192,0,221,0,249,0,235,0,96,0,41,0,18,0,13,0,11,
0,232,254,21,2,122,2,28,0,92,253,193,5,98,3,76,245,81,192,0,222,0,248,0,234,0,96,0,41,0,19,0,13,0,11,
0,232,254,21,2,122,2,28,0,92,253,193,5,215,4,52,245,215,194,0,223,0,248,0,234,0,95,0,40,0,17,0,13,0,11,
0,176,254,243,1,117,2,28,0,92,253,193,5,215,4,52,245,215,194,0,223,0,248,0,234,0,95,0,40,0,18,0,13,0,11,
0,208,254,233,1,120,2,28,0,92,253,193,5,107,4,135,244,173,191,0,223,0,247,0,233,0,95,0,41,0,19,0,13,0,11,
0,208,254,233,1,100,2,28,0,92,253,2,7,250,2,194,244,118,191,0,224,0,247,0,232,0,95,0,41,0,19,0,13,0,11,
0,223,254,215,1,100,2,242,255,14,253,2,7,231,3,17,245,166,194,0,225,0,247,0,232,0,95,0,41,0,19,0,13,0,11,
0,162,254,196,1,88,2,242,255,14,253,2,7,231,3,17,244,122,194,0,226,0,247,0,232,0,94,0,40,0,18,0,13,0,11,
0,168,254,177,1,70,2,242,255,14,253,2,7,181,4,224,244,122,194,0,227,0,247,0,231,0,94,0,40,0,18,0,12,0,11,
0,168,254,177,1,59,2,242,255,14,253,2,7,190,4,121,244,136,191,0,228,0,246,0,230,0,94,0,40,0,19,0,13,0,12,
0,214,254,169,1,59,2,242,255,14,253,2,7,198,3,224,244,3,192,0,229,0,246,0,230,0,93,0,40,0,17,0,12,0,11,
0,167,254,180,1,57,2,242,255,14,253,2,7,44,4,37,245,40,194,0,230,0,245,0,229,0,94,0,40,0,18,0,13,0,11,
0,131,254,160,1,52,2,242,255,14,253,2,7,44,4,37,245,40,194,0,232,0,245,0,228,0,92,0,40,0,17,0,12,0,11,
0,131,254,160,1,52,2,242,255,14,253,2,7,240,4,112,245,250,193,0,232,0,245,0,228,0,92,0,39,0,17,0,12,0,11,
0,165,254,115,1,72,2,242,255,14,253,2,7,116,5,190,244,179,192,0,233,0,244,0,227,0,93,0,40,0,18,0,13,0,11,
0,162,254,96,1,77,2,242,255,14,253,2,7,13,4,145,244,91,191,0,234,0,244,0,227,0,92,0,40,0,18,0,13,0,11,
0,108,254,47,1,86,2,219,255,7,253,197,5,13,4,89,245,24,194,0,235,0,244,0,226,0,91,0,39,0,17,0,12,0,10,
0,108,254,47,1,86,2,219,255,7,253,197,5,229,3,89,245,24,194,0,235,0,243,0,225,0,92,0,39,0,18,0,13,0,11,
0,87,254,20,1,69,2,219,255,7,253,197,5,46,5,22,245,244,193,0,237,0,243,0,225,0,91,0,38,0,17,0,12,0,11,
0,175,254,9,1,72,2,219,255,7,253,197,5,234,4,157,244,132,190,0,237,0,243,0,224,0,91,0,39,0,18,0,13,0,11,
0,175,254,9,1,75,2,219,255,7,253,197,5,187,3,47,245,99,191,0,238,0,243,0,224,0,90,0,38,0,17,0,12,0,11,
0,193,254,13,1,75,2,219,255,7,253,197,5,187,3,47,245,18,194,0,239,0,242,0,223,0,91,0,39,0,20,0,13,0,11,
0,101,254,255,0,38,2,219,255,7,253,197,5,56,4,229,245,18,194,0,239,0,242,0,223,0,90,0,38,0,19,0,13,0,11,
0,74,254,0,1,249,1,219,255,7,253,197,5,158,5,144,245,28,193,0,240,0,242,0,223,0,90,0,39,0,19,0,13,0,12,
0,74,254,0,1,238,1,219,255,7,253,197,5,128,5,83,245,148,190,0,241,0,242,0,222,0,90,0,38,0,19,0,13,0,11,
0,129,254,1,1,238,1,219,255,7,253,197,5,128,5,253,245,236,190,0,242,0,242,0,222,0,89,0,38,0,18,0,13,0,11,
0,118,254,216,0,248,1,218,255,44,253,222,5,38,4,253,245,236,190,0,243,0,241,0,221,0,89,0,38,0,19,0,13,0,11,
0,71,254,210,0,247,1,218,255,44,253,222,5,234,4,96,246,203,193,0,244,0,241,0,221,0,89,0,38,0,18,0,13,0,12,
0,71,254,210,0,247,1,218,255,44,253,222,5,208,5,60,246,126,193,0,245,0,241,0,221,0,89,0,37,0,17,0,13,0,11,
0,86,254,150,0,239,1,218,255,44,253,222,5,131,5,138,245,142,190,0,245,0,240,0,220,0,89,0,38,0,19,0,13,0,12,
0,158,254,119,0,213,1,218,255,44,253,222,5,131,5,138,245,227,190,0,246,0,240,0,219,0,89,0,38,0,18,0,13,0,11,
0,143,254,108,0,241,1,218,255,44,253,222,5,125,4,200,245,227,190,0,247,0,240,0,219,0,88,0,38,0,18,0,13,0,11,
0,143,254,108,0,241,1,218,255,44,253,222,5,47,4,70,246,34,193,0,248,0,240,0,219,0,88,0,37,0,17,0,12,0,11,
0,108,254,120,0,17,2,218,255,44,253,222,5,16,5,67,246,217,193,0,249,0,240,0,218,0,87,0,37,0,17,0,12,0,11,
0,120,254,122,0,243,1,218,255,44,253,222,5,30,5,226,245,165,190,0,250,0,239,0,217,0,87,0,37,0,18,0,13,0,11,
0,120,254,122,0,253,1,218,255,44,253,222,5,30,5,226,245,165,190,0,251,0,239,0,217,0,87,0,37,0,17,0,13,0,11,
0,137,254,106,0,253,1,185,255,76,253,164,6,162,4,88,246,68,191,0,252,0,239,0,216,0,87,0,37,0,18,0,13,0,11,
0,130,254,101,0,235,1,185,255,76,253,164,6,46,5,93,246,235,192,0,253,0,239,0,216,0,86,0,36,0,17,0,12,0,11,
0,67,254,74,0,226,1,185,255,76,253,164,6,107,4,119,246,202,191,0,253,0,238,0,215,0,87,0,36,0,18,0,13,0,11,
0,67,254,74,0,226,1,185,255,76,253,164,6,107,4,117,246,49,192,0,254,0,238,0,215,0,86,0,36,0,18,0,13,0,11,
0,81,254,55,0,207,1,185,255,76,253,164,6,248,4,117,246,49,192,0,254,0,238,0,215,0,86,0,36,0,17,0,12,0,11,
0,112,254,56,0,185,1,185,255,76,253,164,6,238,4,192,246,152,191,0,254,0,238,0,214,0,86,0,36,0,17,0,12,0,11,
0,135,254,46,0,190,1,185,255,76,253,164,6,254,4,129,246,249,190,0,255,0,238,0,214,0,85,0,36,0,17,0,12,0,11,
0,135,254,46,0,190,1,185,255,76,253,164,6,253,3,75,246,213,190,0,255,0,238,0,212,0,85,0,36,0,18,0,13,0,11,
0,140,254,3,0,176,1,185,255,76,253,164,6,253,3,75,246,213,191,0,255,0,237,0,212,0,85,0,36,0,17,0,13,0,11,
0,137,254,8,0,151,1,185,255,76,253,164,6,186,3,124,246,169,191,1,0,0,238,0,212,0,85,0,36,0,18,0,13,0,11,
0,127,254,12,0,139,1,193,255,66,253,83,4,203,3,96,246,84,192,0,255,0,238,0,212,0,85,0,36,0,18,0,13,0,11,
0,127,254,12,0,139,1,193,255,66,253,83,4,214,3,132,246,182,193,1,0,0,239,0,213,0,84,0,36,0,17,0,12,0,11,
0,144,254,34,0,162,1,193,255,66,253,83,4,214,3,21,246,99,192,0,255,0,239,0,212,0,84,0,36,0,18,0,13,0,11,
0,146,254,4,0,143,1,193,255,66,253,83,4,35,5,21,246,99,192,0,255,0,239,0,210,0,84,0,31,0,17,0,13,0,12,
0,146,254,4,0,143,1,193,255,66,253,83,4,61,4,10,246,9,190,1,0,0,239,0,209,0,84,0,32,0,17,0,13,0,12,
0,122,254,14,0,143,1,193,255,66,253,83,4,92,2,248,246,64,192,1,0,0,238,0,208,0,83,0,33,0,16,0,12,0,11,
0,83,254,39,0,146,1,193,255,66,253,83,4,244,3,123,246,189,193,1,0,0,239,0,208,0,82,0,32,0,16,0,12,0,11,
0,71,254,49,0,153,1,193,255,66,253,83,4,244,3,123,246,33,191,1,0,0,238,0,207,0,83,0,34,0,15,0,12,0,11,
0,71,254,49,0,153,1,193,255,66,253,83,4,52,4,8,246,33,191,0,255,0,238,0,208,0,83,0,34,0,17,0,12,0,11,
0,75,254,57,0,170,1,193,255,66,253,83,4,242,2,32,246,4,191,0,255,0,238,0,208,0,82,0,34,0,17,0,12,0,11,
0,121,254,30,0,178,1,193,255,66,253,83,4,253,1,32,246,193,192,0,254,0,238,0,207,0,82,0,34,0,15,0,12,0,11,
0,147,254,31,0,161,1,181,255,95,253,42,6,253,2,103,246,129,193,0,254,0,239,0,207,0,81,0,33,0,15,0,11,0,10,
0,147,254,31,0,161,1,181,255,95,253,42,6,123,2,103,246,129,193,0,253,0,239,0,204,0,82,0,34,0,16,0,12,0,11,
0,151,254,64,0,162,1,181,255,95,253,42,6,212,2,248,245,24,193,0,253,0,238,0,203,0,81,0,34,0,16,0,12,0,11,
0,114,254,59,0,123,1,181,255,95,253,42,6,200,2,178,245,127,191,0,253,0,238,0,202,0,80,0,34,0,16,0,12,0,11,
0,77,254,85,0,105,1,181,255,95,253,42,6,40,2,202,245,237,190,0,253,0,238,0,201,0,80,0,34,0,16,0,12,0,11,
0,77,254,85,0,105,1,181,255,95,253,42,6,40,2,202,245,56,192,0,253,0,238,0,202,0,80,0,33,0,15,0,12,0,11,
0,88,254,79,0,145,1,181,255,95,253,42,6,166,0,99,246,56,192,0,251,0,238,0,203,0,80,0,34,0,16,0,12,0,11,
0,70,254,86,0,140,1,181,255,95,253,42,6,190,1,243,245,97,193,0,251,0,239,0,203,0,80,0,34,0,16,0,12,0,11,
0,70,254,86,0,111,1,181,255,95,253,42,6,255,1,127,245,66,192,0,250,0,239,0,203,0,80,0,33,0,16,0,12,0,11,
0,74,254,73,0,111,1,181,255,95,253,42,6,178,1,135,245,43,190,0,250,0,239,0,201,0,80,0,34,0,16,0,12,0,11,
0,69,254,59,0,81,1,179,255,47,253,21,6,178,1,135,245,43,190,0,251,0,239,0,200,0,79,0,33,0,16,0,12,0,11,
0,63,254,97,0,99,1,179,255,47,253,21,6,134,0,2,246,68,192,0,251,0,238,0,198,0,79,0,33,0,16,0,12,0,11,
0,63,254,97,0,99,1,179,255,47,253,21,6,145,0,201,245,141,192,0,250,0,238,0,199,0,79,0,33,0,16,0,12,0,11,
0,40,254,120,0,117,1,179,255,47,253,21,6,182,0,178,245,51,192,0,250,0,239,0,200,0,79,0,37,0,16,0,12,0,11,
0,37,254,123,0,66,1,179,255,47,253,21,6,182,0,205,245,18,191,0,249,0,239,0,201,0,78,0,36,0,16,0,11,0,10,
0,64,254,184,0,44,1,179,255,47,253,21,6,111,0,205,245,18,191,0,248,0,239,0,200,0,79,0,36,0,17,0,12,0,11,
0,64,254,184,0,44,1,179,255,47,253,21,6,212,0,188,245,161,191,0,249,0,240,0,198,0,78,0,35,0,16,0,11,0,10,
0,59,254,203,0,58,1,179,255,47,253,21,6,129,0,2,246,123,191,0,248,0,239,0,197,0,78,0,34,0,16,0,12,0,11,
0,8,254,217,0,48,1,179,255,47,253,21,6,82,0,92,246,174,191,0,248,0,239,0,198,0,77,0,34,0,16,0,12,0,11,
0,45,254,219,0,28,1,179,255,47,253,21,6,82,0,92,246,130,191,0,247,0,239,0,199,0,78,0,33,0,16,0,12,0,10,
0,45,254,219,0,28,1,212,255,39,253,187,5,11,1,14,246,130,191,0,247,0,239,0,200,0,77,0,33,0,15,0,11,0,11,
0,74,254,2,1,250,0,212,255,39,253,187,5,164,0,45,246,67,192,0,248,0,239,0,199,0,77,0,32,0,15,0,11,0,10,
0,9,254,20,1,242,0,212,255,39,253,187,5,255,255,194,246,166,190,0,247,0,239,0,198,0,78,0,33,0,16,0,12,0,11,
0,9,254,20,1,249,0,212,255,39,253,187,5,255,255,196,246,129,192,0,247,0,239,0,200,0,77,0,32,0,15,0,12,0,11,
0,250,253,1,1,249,0,212,255,39,253,187,5,112,0,196,246,129,192,0,247,0,239,0,200,0,78,0,33,0,16,0,12,0,11,
0,26,254,245,0,247,0,212,255,39,253,187,5,9,1,149,246,65,190,0,248,0,239,0,200,0,77,0,32,0,15,0,12,0,11,
0,49,254,8,1,236,0,212,255,39,253,187,5,117,0,180,246,192,190,0,247,0,239,0,200,0,78,0,33,0,16,0,12,0,11,
0,49,254,8,1,236,0,212,255,39,253,187,5,107,0,216,246,81,191,0,247,0,239,0,200,0,78,0,33,0,16,0,12,0,11,
0,10,254,96,1,196,0,212,255,39,253,187,5,107,0,216,246,35,192,0,247,0,239,0,201,0,78,0,33,0,16,0,12,0,11,
0,12,254,145,1,194,0,212,255,39,253,187,5,247,0,131,247,35,192,0,248,0,239,0,201,0,78,0,33,0,16,0,12,0,11,
0,55,254,145,1,196,0,153,255,98,253,31,6,16,1,129,247,36,191,0,248,0,239,0,202,0,78,0,32,0,15,0,12,0,11,
0,55,254,145,1,196,0,153,255,98,253,31,6,70,1,157,247,31,192,0,248,0,239,0,203,0,78,0,32,0,15,0,12,0,11,
0,35,254,160,1,176,0,153,255,98,253,31,6,225,1,81,247,86,190,0,248,0,239,0,203,0,79,0,33,0,16,0,12,0,12,
0,17,254,164,1,183,0,153,255,98,253,31,6,225,1,81,247,86,190,0,248,0,239,0,203,0,79,0,33,0,16,0,12,0,11,
0,40,254,200,1,180,0,153,255,98,253,31,6,83,1,159,247,1,190,0,249,0,239,0,204,0,79,0,33,0,15,0,11,0,11,
0,40,254,200,1,180,0,153,255,98,253,31,6,152,0,105,248,225,191,0,248,0,239,0,204,0,80,0,33,0,16,0,12,0,11,
0,28,254,229,1,183,0,153,255,98,253,31,6,140,1,147,248,97,192,0,249,0,239,0,205,0,80,0,33,0,15,0,11,0,10,
0,36,254,243,1,189,0,153,255,98,253,31,6,140,1,147,248,182,190,0,248,0,239,0,206,0,80,0,33,0,16,0,12,0,11,
0,36,254,243,1,195,0,153,255,98,253,31,6,90,2,68,248,182,190,0,248,0,240,0,207,0,80,0,33,0,16,0,12,0,11,
0,48,254,4,2,195,0,153,255,98,253,31,6,194,1,61,248,34,189,0,248,0,240,0,208,0,80,0,33,0,17,0,12,0,10,
0,53,254,254,1,181,0,153,255,98,253,31,6,103,1,221,248,249,190,0,247,0,240,0,208,0,81,0,34,0,17,0,12,0,11,
0,31,254,9,2,153,0,195,255,15,253,234,5,79,2,241,248,205,191,0,247,0,240,0,209,0,81,0,33,0,16,0,12,0,10,
0,31,254,9,2,153,0,195,255,15,253,234,5,79,2,241,248,205,191,0,247,0,240,0,210,0,81,0,34,0,17,0,12,0,11,
0,1,254,23,2,169,0,195,255,15,253,234,5,88,3,183,248,225,191,0,247,0,241,0,211,0,82,0,34,0,17,0,12,0,11,
0,4,254,37,2,163,0,195,255,15,253,234,5,30,3,157,248,8,189,0,247,0,241,0,212,0,82,0,34,0,16,0,12,0,11,
0,34,254,52,2,140,0,195,255,15,253,234,5,127,2,63,249,5,189,0,247,0,241,0,213,0,83,0,35,0,17,0,13,0,11,
0,34,254,52,2,140,0,195,255,15,253,234,5,127,2,140,249,224,192,0,247,0,242,0,215,0,83,0,34,0,16,0,12,0,11,
0,68,254,22,2,125,0,195,255,15,253,234,5,166,2,140,249,224,192,0,247,0,242,0,215,0,84,0,35,0,17,0,13,0,11,
0,68,254,13,2,132,0,195,255,15,253,234,5,94,4,75,249,132,191,0,247,0,243,0,217,0,85,0,35,0,17,0,13,0,11,
0,75,254,13,2,157,0,195,255,15,253,234,5,22,4,240,248,221,188,0,247,0,243,0,219,0,84,0,35,0,16,0,12,0,11,
0,75,254,14,2,157,0,195,255,15,253,234,5,14,3,143,249,225,189,0,247,0,243,0,220,0,86,0,36,0,18,0,13,0,11,
0,97,254,9,2,166,0,198,255,25,253,201,5,14,3,143,249,248,190,0,247,0,244,0,221,0,86,0,36,0,17,0,12,0,11,
0,105,254,30,2,159,0,198,255,25,253,201,5,176,3,155,249,248,190,0,247,0,244,0,222,0,87,0,36,0,18,0,13,0,11,
0,105,254,30,2,146,0,198,255,25,253,201,5,248,3,226,249,126,192,0,247,0,245,0,223,0,87,0,37,0,18,0,13,0,11,
0,125,254,24,2,146,0,198,255,25,253,201,5,85,5,35,249,238,189,0,247,0,245,0,225,0,87,0,36,0,15,0,12,0,11,
0,134,254,13,2,141,0,198,255,25,253,201,5,85,5,104,249,215,187,0,247,0,245,0,225,0,89,0,37,0,17,0,13,0,11,
0,103,254,35,2,155,0,198,255,25,253,201,5,153,4,104,249,215,187,0,248,0,246,0,227,0,89,0,36,0,16,0,12,0,11,
0,103,254,35,2,155,0,198,255,25,253,201,5,24,4,108,250,124,191,0,248,0,246,0,227,0,89,0,37,0,17,0,13,0,11,
0,119,254,7,2,163,0,198,255,25,253,201,5,132,5,24,250,225,191,0,249,0,247,0,228,0,89,0,37,0,16,0,12,0,11,
0,142,254,236,1,174,0,198,255,25,253,201,5,29,6,167,249,150,189,0,249,0,247,0,228,0,91,0,37,0,17,0,12,0,11,
0,144,254,242,1,169,0,198,255,25,253,201,5,29,6,167,249,9,188,0,250,0,247,0,229,0,90,0,37,0,16,0,12,0,11,
0,144,254,242,1,169,0,158,255,231,252,14,6,162,4,12,250,9,188,0,249,0,247,0,230,0,91,0,38,0,17,0,12,0,11,
0,143,254,242,1,151,0,158,255,231,252,14,6,220,4,27,250,53,192,0,249,0,248,0,231,0,92,0,38,0,17,0,12,0,11,
0,172,254,196,1,177,0,158,255,231,252,14,6,242,5,241,249,143,191,0,249,0,249,0,233,0,92,0,38,0,16,0,12,0,11,
0,152,254,196,1,166,0,158,255,231,252,14,6,152,6,110,249,181,190,0,249,0,249,0,232,0,92,0,38,0,17,0,12,0,11,
0,152,254,146,1,166,0,158,255,231,252,14,6,152,6,110,249,181,190,0,249,0,250,0,233,0,92,0,38,0,17,0,12,0,11,
0,149,254,145,1,145,0,158,255,231,252,14,6,44,6,142,249,160,187,0,249,0,249,0,232,0,93,0,39,0,18,0,13,0,11,
0,166,254,121,1,158,0,158,255,231,252,14,6,123,5,218,249,183,189,0,250,0,249,0,232,0,93,0,39,0,17,0,13,0,11,
0,166,254,121,1,172,0,158,255,231,252,14,6,179,5,6,250,122,191,0,249,0,249,0,233,0,94,0,40,0,18,0,13,0,11,
0,187,254,108,1,172,0,158,255,231,252,14,6,179,5,184,249,99,191,0,249,0,250,0,235,0,94,0,40,0,18,0,13,0,11,
0,227,254,106,1,189,0,158,255,231,252,14,6,154,6,184,249,99,191,0,249,0,251,0,237,0,94,0,39,0,17,0,12,0,11,
0,232,254,93,1,172,0,194,255,246,252,60,6,243,6,65,249,24,188,0,249,0,251,0,237,0,95,0,40,0,18,0,13,0,12,
0,232,254,93,1,172,0,194,255,246,252,60,6,150,6,193,249,65,190,0,249,0,252,0,236,0,95,0,40,0,18,0,13,0,12,
0,251,254,70,1,163,0,194,255,246,252,60,6,181,6,109,249,130,190,0,249,0,252,0,235,0,95,0,40,0,17,0,13,0,11,
0,223,254,32,1,182,0,194,255,246,252,60,6,181,6,109,249,130,191,0,249,0,252,0,235,0,95,0,40,0,18,0,13,0,11,
0,240,254,27,1,206,0,194,255,246,252,60,6,130,6,91,249,29,191,0,249,0,252,0,236,0,95,0,40,0,17,0,12,0,11,
0,240,254,27,1,206,0,194,255,246,252,60,6,75,6,29,249,186,190,0,249,0,252,0,236,0,95,0,40,0,17,0,12,0,11,
0,16,255,5,1,220,0,194,255,246,252,60,6,30,6,4,249,135,191,0,249,0,252,0,236,0,95,0,40,0,18,0,13,0,11,
0,12,255,249,0,242,0,194,255,246,252,60,6,30,6,177,248,214,190,0,249,0,252,0,237,0,96,0,40,0,18,0,12,0,11,
0,12,254,249,0,225,0,194,255,246,252,60,6,219,6,177,248,214,190,0,249,0,252,0,237,0,96,0,40,0,18,0,12,0,11,
0,238,254,237,0,225,0,194,255,246,252,60,6,134,5,124,248,35,189,0,249,0,252,0,237,0,95,0,34,0,16,0,13,0,11,
0,235,254,206,0,201,0,194,255,246,252,60,6,31,6,169,248,61,191,0,249,0,252,0,237,0,95,0,35,0,16,0,12,0,11,
0,45,255,168,0,197,0,136,255,22,253,50,6,205,5,161,248,126,191,0,249,0,252,0,237,0,96,0,37,0,17,0,13,0,11,
0,45,255,168,0,209,0,136,255,22,253,50,6,205,5,161,248,0,191,0,249,0,252,0,237,0,96,0,38,0,17,0,13,0,11,
0,72,255,130,0,209,0,136,255,22,253,50,6,121,6,251,247,0,191,0,249,0,253,0,237,0,95,0,38,0,17,0,12,0,11,
0,32,255,110,0,237,0,136,255,22,253,50,6,127,6,221,247,225,189,0,249,0,252,0,237,0,96,0,40,0,18,0,13,0,12,
0,245,254,91,0,242,0,136,255,22,253,50,6,255,5,35,248,26,190,0,249,0,252,0,238,0,95,0,39,0,17,0,12,0,11,
0,245,254,91,0,242,0,136,255,22,253,50,6,93,5,32,248,150,191,0,249,0,252,0,237,0,96,0,40,0,18,0,13,0,12,
0,12,255,73,0,222,0,136,255,22,253,50,6,93,5,32,248,150,191,0,249,0,252,0,237,0,96,0,40,0,18,0,13,0,12,
0,46,255,59,0,231,0,136,255,22,253,50,6,117,6,126,247,28,191,0,249,0,252,0,236,0,96,0,40,0,18,0,13,0,11,
0,12,255,37,0,255,0,136,255,22,253,50,6,245,5,19,247,66,189,0,250,0,253,0,237,0,95,0,40,0,17,0,13,0,11,
0,12,255,37,0,255,0,136,255,22,253,50,6,141,5,108,247,57,190,0,250,0,252,0,235,0,96,0,40,0,18,0,13,0,12,
0,240,254,38,0,5,1,131,255,18,253,185,5,141,5,108,247,189,191,0,249,0,252,0,235,0,96,0,40,0,18,0,13,0,12,
0,9,255,22,0,249,0,131,255,18,253,185,5,153,4,147,247,189,191,0,250,0,252,0,233,0,95,0,40,0,18,0,13,0,11,
0,9,255,22,0,217,0,131,255,18,253,185,5,217,5,133,247,212,192,0,251,0,252,0,232,0,95,0,40,0,17,0,13,0,11,
0,13,255,231,255,217,0,131,255,18,253,185,5,245,5,174,246,36,189,0,251,0,251,0,232,0,95,0,40,0,18,0,13,0,11,
0,243,254,206,255,177,0,131,255,18,253,185,5,175,4,50,247,166,189,0,251,0,252,0,234,0,94,0,40,0,17,0,12,0,11,
0,223,254,178,255,196,0,131,255,18,253,185,5,175,4,50,247,166,189,0,250,0,252,0,234,0,95,0,40,0,18,0,13,0,11,
0,223,254,178,255,203,0,131,255,18,253,185,5,124,4,81,247,20,192,0,250,0,253,0,233,0,94,0,40,0,17,0,13,0,11,
0,214,254,152,255,203,0,131,255,18,253,185,5,33,6,196,246,131,191,0,250,0,252,0,231,0,94,0,40,0,18,0,13,0,11,
0,221,254,167,255,181,0,131,255,18,253,185,5,101,4,26,247,137,189,0,251,0,252,0,228,0,93,0,40,0,17,0,12,0,11,
0,213,254,150,255,141,0,131,255,18,253,185,5,101,4,8,247,230,191,0,252,0,251,0,225,0,93,0,40,0,18,0,13,0,11,
0,213,254,150,255,141,0,110,255,15,253,216,5,94,5,8,247,230,191,0,252,0,250,0,225,0,93,0,43,0,19,0,13,0,11,
0,202,254,121,255,114,0,110,255,15,253,216,5,66,5,241,246,22,191,0,252,0,249,0,226,0,92,0,43,0,19,0,12,0,11,
0,210,254,107,255,132,0,110,255,15,253,216,5,255,4,180,246,203,189,0,251,0,250,0,227,0,92,0,42,0,18,0,12,0,11,
0,200,254,97,255,120,0,110,255,15,253,216,5,32,4,48,247,139,191,0,251,0,251,0,227,0,91,0,41,0,17,0,12,0,11,
0,200,254,97,255,120,0,110,255,15,253,216,5,32,4,48,247,89,192,0,251,0,251,0,225,0,91,0,40,0,18,0,12,0,11,
0,186,254,96,255,124,0,110,255,15,253,216,5,184,4,73,247,89,192,0,251,0,250,0,221,0,91,0,40,0,20,0,13,0,11,
0,155,254,76,255,107,0,110,255,15,253,216,5,203,4,253,246,130,189,0,252,0,249,0,219,0,90,0,40,0,20,0,14,0,11,
0,155,254,76,255,82,0,110,255,15,253,216,5,1,4,210,247,112,191,0,251,0,248,0,219,0,90,0,40,0,19,0,13,0,11,
0,166,254,49,255,82,0,110,255,15,253,216,5,1,4,179,247,185,191,0,251,0,248,0,220,0,89,0,39,0,19,0,13,0,12,
0,175,254,26,255,84,0,110,255,15,253,216,5,125,4,179,247,185,191,0,251,0,248,0,220,0,89,0,38,0,18,0,13,0,11,
0,175,254,30,255,97,0,120,255,51,253,96,6,202,4,193,247,239,190,0,250,0,248,0,217,0,89,0,39,0,19,0,13,0,12,
0,175,254,30,255,113,0,120,255,51,253,96,6,108,4,54,248,0,191,0,251,0,247,0,216,0,88,0,38,0,19,0,13,0,11,
0,142,254,45,255,113,0,120,255,51,253,96,6,36,4,72,248,91,191,0,251,0,246,0,215,0,88,0,38,0,18,0,13,0,11,
0,151,254,46,255,123,0,120,255,51,253,96,6,36,4,72,248,196,190,0,251,0,246,0,216,0,87,0,37,0,17,0,13,0,11,
0,158,254,42,255,75,0,120,255,51,253,96,6,228,3,92,248,196,190,0,251,0,246,0,215,0,86,0,37,0,17,0,12,0,11,
0,158,254,42,255,75,0,120,255,51,253,96,6,210,3,180,248,244,190,0,250,0,246,0,214,0,87,0,37,0,18,0,13,0,11,
0,143,254,80,255,42,0,120,255,51,253,96,6,162,3,234,248,142,191,0,251,0,246,0,213,0,86,0,37,0,17,0,13,0,11,
0,160,254,88,255,58,0,120,255,51,253,96,6,156,4,220,248,213,190,0,251,0,245,0,213,0,85,0,36,0,17,0,12,0,11,
0,137,254,54,255,73,0,120,255,51,253,96,6,156,4,220,248,213,190,0,250,0,244,0,213,0,86,0,36,0,18,0,13,0,11,
0,137,254,54,255,73,0,120,255,51,253,96,6,211,3,206,248,252,189,0,251,0,245,0,214,0,85,0,36,0,17,0,12,0,10,
0,105,254,40,255,48,0,120,255,51,253,188,6,186,3,143,249,254,190,0,250,0,244,0,212,0,85,0,36,0,18,0,13,0,11,
0,144,254,58,255,27,0,211,255,228,252,188,6,232,3,203,249,210,191,0,251,0,244,0,210,0,84,0,36,0,17,0,13,0,11,
0,144,254,58,255,10,0,211,255,228,252,188,6,232,3,153,249,66,189,0,251,0,243,0,210,0,84,0,36,0,17,0,12,0,11,
0,160,254,59,255,10,0,211,255,228,252,188,6,79,4,153,249,66,189,0,251,0,243,0,212,0,84,0,35,0,16,0,13,0,11,
0,159,254,52,255,9,0,211,255,228,252,188,6,60,3,65,250,56,189,0,251,0,244,0,212,0,84,0,35,0,17,0,12,0,11,
0,117,254,30,255,247,255,211,255,228,252,188,6,37,4,101,250,238,190,0,250,0,243,0,211,0,84,0,36,0,18,0,13,0,11,
0,117,254,30,255,247,255,211,255,228,252,188,6,82,4,131,250,154,189,0,251,0,244,0,210,0,84,0,35,0,17,0,13,0,11,
0,125,254,19,255,254,255,211,255,228,252,188,6,82,4,131,250,154,189,0,251,0,243,0,209,0,84,0,36,0,17,0,13,0,11,
0,177,254,47,255,228,255,211,255,228,252,188,6,236,3,167,250,82,189,0,252,0,243,0,210,0,83,0,35,0,17,0,12,0,11,
0,181,254,79,255,0,0,211,255,228,252,188,6,166,3,154,250,202,189,0,252,0,243,0,212,0,83,0,35,0,17,0,12,0,11,
0,181,254,79,255,0,0,211,255,228,252,188,6,36,4,60,251,11,191,0,251,0,243,0,212,0,84,0,35,0,18,0,13,0,12,
0,185,254,95,255,242,255,181,255,236,252,92,6,36,4,106,251,40,191,0,251,0,244,0,212,0,84,0,36,0,17,0,13,0,11,
0,197,254,116,255,233,255,181,255,236,252,92,6,52,4,106,251,40,191,0,251,0,244,0,212,0,83,0,35,0,17,0,12,0,11,
0,206,254,94,255,239,255,181,255,236,252,92,6,118,4,21,251,188,188,0,251,0,243,0,210,0,84,0,35,0,17,0,13,0,11,
0,206,254,94,255,239,255,181,255,236,252,92,6,186,3,104,251,127,190,0,252,0,243,0,210,0,83,0,35,0,16,0,12,0,11,
0,238,254,91,255,198,255,181,255,236,252,92,6,188,4,131,251,181,190,0,250,0,242,0,212,0,84,0,36,0,17,0,12,0,11,
0,237,254,126,255,219,255,181,255,236,252,92,6,188,4,131,251,160,188,0,250,0,243,0,214,0,84,0,35,0,17,0,12,0,11,
0,237,254,126,255,232,255,181,255,236,252,92,6,110,4,26,251,160,188,0,249,0,244,0,215,0,84,0,36,0,17,0,13,0,11,
0,239,254,113,255,232,255,181,255,236,252,92,6,152,3,163,251,166,189,0,248,0,244,0,215,0,84,0,35,0,17,0,13,0,11,
0,239,254,115,255,236,255,181,255,236,252,92,6,115,4,186,251,200,191,0,248,0,245,0,216,0,84,0,35,0,16,0,12,0,11,
0,29,255,146,255,225,255,181,255,236,252,92,6,115,5,228,250,246,187,0,247,0,245,0,215,0,85,0,35,0,17,0,13,0,11,
0,29,255,146,255,225,255,118,255,238,252,131,6,69,5,228,250,246,187,0,247,0,245,0,215,0,85,0,36,0,17,0,12,0,11,
0,26,255,157,255,194,255,118,255,238,252,131,6,23,3,144,251,188,188,0,246,0,244,0,216,0,85,0,36,0,17,0,12,0,11,
0,49,255,191,255,204,255,118,255,238,252,131,6,128,5,127,251,3,193,0,246,0,245,0,217,0,85,0,35,0,17,0,12,0,11,
0,98,255,207,255,221,255,118,255,238,252,131,6,21,5,102,250,198,187,0,245,0,245,0,218,0,86,0,36,0,18,0,13,0,11,
0,98,255,207,255,221,255,118,255,238,252,131,6,21,5,102,250,11,190,0,245,0,245,0,219,0,86,0,36,0,18,0,13,0,12,
0,72,255,222,255,222,255,118,255,238,252,131,6,89,3,69,251,11,190,0,244,0,246,0,219,0,87,0,36,0,18,0,13,0,11,
0,98,255,220,255,221,255,118,255,238,252,131,6,211,4,11,251,151,192,0,244,0,246,0,221,0,87,0,36,0,18,0,13,0,11,
0,127,255,245,255,242,255,118,255,238,252,131,6,32,5,107,250,119,189,0,243,0,246,0,221,0,87,0,36,0,18,0,13,0,11,
0,127,255,245,255,242,255,118,255,238,252,131,6,251,3,169,250,99,189,0,243,0,247,0,222,0,87,0,36,0,17,0,12,0,11,
0,142,255,18,0,2,0,118,255,238,252,131,6,251,3,169,250,99,189,0,241,0,247,0,223,0,88,0,37,0,18,0,13,0,11,
0,136,255,19,0,15,0,135,255,22,253,65,5,131,4,189,250,215,191,0,241,0,247,0,225,0,88,0,37,0,16,0,13,0,11,
0,136,255,19,0,10,0,135,255,22,253,65,5,75,5,67,250,251,190,0,240,0,247,0,225,0,89,0,37,0,16,0,12,0,11,
0,140,255,38,0,10,0,135,255,22,253,65,5,162,4,13,250,97,189,0,240,0,248,0,227,0,89,0,37,0,17,0,13,0,11,
0,122,255,35,0,16,0,135,255,22,253,65,5,162,4,29,250,219,191,0,240,0,248,0,227,0,89,0,37,0,16,0,12,0,11,
0,150,255,18,0,3,0,135,255,22,253,65,5,208,4,29,250,219,191,0,239,0,248,0,228,0,90,0,38,0,17,0,12,0,11,
0,150,255,18,0,3,0,135,255,22,253,65,5,162,5,157,249,212,190,0,239,0,248,0,229,0,91,0,38,0,17,0,12,0,11,
0,136,255,21,0,253,255,135,255,22,253,65,5,39,4,92,249,119,188,0,239,0,249,0,231,0,91,0,37,0,16,0,12,0,10,
0,117,255,29,0,249,255,135,255,22,253,65,5,212,4,182,249,1,193,0,238,0,249,0,232,0,92,0,38,0,17,0,12,0,11,
0,126,255,39,0,244,255,135,255,22,253,65,5,212,4,182,249,144,190,0,238,0,249,0,233,0,91,0,37,0,16,0,12,0,10,
0,126,255,39,0,244,255,135,255,22,253,65,5,238,5,185,248,144,190,0,237,0,249,0,233,0,92,0,38,0,17,0,12,0,11,
0,149,255,38,0,6,0,176,255,15,253,23,6,6,5,165,248,125,188,0,237,0,249,0,234,0,93,0,38,0,17,0,13,0,11,
0,161,255,62,0,48,0,176,255,15,253,23,6,190,4,250,248,103,192,0,236,0,249,0,234,0,93,0,39,0,17,0,12,0,11,
0,194,255,47,0,75,0,176,255,15,253,23,6,190,4,206,248,113,193,0,236,0,250,0,235,0,93,0,38,0,17,0,12,0,11,
0,194,255,47,0,75,0,176,255,15,253,23,6,94,5,206,248,113,193,0,235,0,249,0,235,0,94,0,40,0,18,0,13,0,11,
0,184,255,5,0,57,0,176,255,15,253,23,6,136,5,203,247,35,190,0,235,0,250,0,236,0,94,0,40,0,18,0,13,0,11,
0,175,255,0,0,12,0,176,255,15,253,23,6,255,4,231,247,127,189,0,234,0,250,0,236,0,95,0,40,0,18,0,13,0,11,
0,175,255,0,0,1,0,176,255,15,253,23,6,221,4,115,248,37,192,0,234,0,250,0,236,0,94,0,34,0,16,0,13,0,11,
0,159,255,28,0,1,0,176,255,15,253,23,6,221,4,115,248,156,193,0,233,0,250,0,236,0,95,0,36,0,17,0,14,0,12,
0,161,255,16,0,32,0,176,255,15,253,23,6,138,5,251,247,156,193,0,233,0,250,0,236,0,95,0,36,0,16,0,13,0,11,
0,140,255,42,0,57,0,176,255,15,253,23,6,36,6,18,247,50,191,0,232,0,250,0,235,0,95,0,38,0,17,0,13,0,12,
0,140,255,42,0,57,0,176,255,15,253,23,6,143,5,16,247,171,190,0,232,0,249,0,235,0,95,0,39,0,17,0,13,0,11,
0,140,255,37,0,34,0,166,255,253,252,100,6,213,4,48,247,167,192,0,231,0,249,0,235,0,95,0,39,0,17,0,13,0,11,
0,157,255,52,0,6,0,166,255,253,252,100,6,213,4,48,247,167,192,0,231,0,250,0,235,0,95,0,39,0,18,0,13,0,11,
0,131,255,12,0,19,0,166,255,253,252,100,6,211,4,230,246,138,193,0,230,0,250,0,235,0,95,0,39,0,17,0,12,0,11,
0,131,255,12,0,19,0,166,255,253,252,100,6,216,5,134,246,83,193,0,229,0,249,0,234,0,95,0,40,0,18,0,13,0,11,
0,112,255,23,0,6,0,166,255,253,252,100,6,43,5,81,246,170,189,0,229,0,249,0,233,0,95,0,40,0,18,0,13,0,11,
0,83,255,27,0,26,0,166,255,253,252,100,6,43,5,188,246,154,194,0,228,0,250,0,233,0,95,0,40,0,18,0,13,0,11,
0,81,255,27,0,5,0,166,255,253,252,100,6,89,4,188,246,154,194,0,228,0,250,0,233,0,94,0,40,0,17,0,12,0,11,
0,81,255,30,0,5,0,166,255,253,252,100,6,43,6,113,246,171,193,0,228,0,250,0,232,0,94,0,40,0,17,0,12,0,11,
0,38,255,30,0,9,0,166,255,253,252,100,6,234,5,164,245,186,189,0,227,0,249,0,232,0,94,0,40,0,18,0,12,0,11,
0,232,254,9,0,15,0,166,255,253,252,100,6,255,3,188,246,164,192,0,226,0,249,0,231,0,94,0,40,0,18,0,13,0,11,
0,232,254,9,0,246,255,178,255,250,252,252,5,255,3,188,246,164,194,0,226,0,249,0,231,0,93,0,40,0,17,0,13,0,11,
0,1,255,238,255,246,255,178,255,250,252,252,5,59,5,109,246,172,194,0,225,0,248,0,230,0,94,0,40,0,18,0,13,0,11,
0,2,255,242,255,245,255,178,255,250,252,252,5,37,6,208,245,114,192,0,225,0,249,0,230,0,93,0,39,0,17,0,12,0,11,
0,7,255,232,255,250,255,178,255,250,252,252,5,191,4,38,246,72,190,0,224,0,248,0,229,0,94,0,40,0,18,0,13,0,11,
0,7,255,232,255,250,255,178,255,250,252,252,5,191,4,110,246,201,192,0,224,0,248,0,228,0,93,0,40,0,18,0,13,0,11,
0,10,255,225,255,242,255,178,255,250,252,252,5,94,4,110,246,201,192,0,224,0,248,0,228,0,92,0,40,0,18,0,12,0,11,
0,7,255,208,255,220,255,178,255,250,252,252,5,14,5,75,246,37,194,0,223,0,247,0,227,0,93,0,40,0,18,0,13,0,12,
0,2,255,181,255,197,255,178,255,250,252,252,5,250,5,214,245,188,191,0,223,0,247,0,226,0,92,0,43,0,18,0,12,0,11,
0,2,255,181,255,197,255,178,255,250,252,252,5,125,4,37,246,240,189,0,223,0,247,0,225,0,92,0,43,0,19,0,13,0,11,
0,5,255,183,255,202,255,178,255,250,252,252,5,125,4,37,246,104,192,0,223,0,247,0,224,0,92,0,42,0,19,0,13,0,11,
0,238,254,158,255,213,255,160,255,231,252,144,6,42,4,171,246,104,192,0,223,0,246,0,223,0,91,0,41,0,20,0,13,0,11,
0,231,254,158,255,214,255,160,255,231,252,144,6,55,5,194,246,123,193,0,223,0,246,0,223,0,90,0,40,0,19,0,13,0,11,
0,231,254,164,255,214,255,160,255,231,252,144,6,194,5,114,246,132,192,0,222,0,245,0,223,0,91,0,40,0,20,0,14,0,11,
0,240,254,161,255,181,255,160,255,231,252,144,6,194,5,59,246,219,189,0,221,0,245,0,223,0,90,0,40,0,19,0,13,0,11,
0,206,254,170,255,146,255,160,255,231,252,144,6,107,5,59,246,219,189,0,221,0,245,0,224,0,90,0,39,0,17,0,13,0,11,
0,206,254,170,255,155,255,160,255,231,252,144,6,197,4,187,246,74,190,0,220,0,246,0,224,0,90,0,39,0,17,0,13,0,11,
0,168,254,142,255,155,255,160,255,231,252,144,6,169,4,74,247,85,191,0,220,0,246,0,223,0,89,0,38,0,18,0,12,0,10,
0,181,254,128,255,138,255,160,255,231,252,144,6,16,5,25,247,141,192,0,220,0,245,0,222,0,90,0,38,0,19,0,13,0,11,
0,167,254,125,255,133,255,160,255,231,252,144,6,16,5,25,247,33,192,0,220,0,245,0,222,0,89,0,38,0,18,0,13,0,11,
0,167,254,125,255,133,255,160,255,231,252,144,6,3,6,232,246,33,192,0,220,0,244,0,222,0,89,0,38,0,18,0,13,0,11,
0,180,254,147,255,141,255,114,255,43,253,174,5,162,5,21,247,168,189,0,219,0,244,0,222,0,89,0,38,0,18,0,13,0,11,
0,207,254,139,255,126,255,114,255,43,253,174,5,46,5,111,247,154,191,0,220,0,244,0,221,0,89,0,37,0,17,0,12,0,11,
0,195,254,132,255,122,255,114,255,43,253,174,5,226,4,202,247,13,191,0,220,0,244,0,221,0,89,0,38,0,18,0,13,0,12,
0,195,254,132,255,122,255,114,255,43,253,174,5,226,4,202,247,13,191,0,219,0,243,0,222,0,89,0,38,0,18,0,13,0,11,
0,159,254,104,255,97,255,114,255,43,253,174,5,226,5,255,247,87,192,0,219,0,244,0,224,0,89,0,38,0,16,0,13,0,11,
0,186,254,98,255,82,255,114,255,43,253,174,5,179,5,162,247,208,188,0,219,0,244,0,225,0,89,0,38,0,16,0,13,0,11,
0,208,254,98,255,97,255,114,255,43,253,174,5,230,4,54,248,97,189,0,219,0,245,0,226,0,89,0,37,0,16,0,13,0,12,
0,208,254,104,255,97,255,114,255,43,253,174,5,230,4,141,248,135,191,0,219,0,245,0,225,0,89,0,37,0,16,0,12,0,11,
0,198,254,113,255,85,255,114,255,43,253,174,5,17,5,141,248,135,191,0,219,0,245,0,224,0,90,0,38,0,17,0,13,0,11,
0,239,254,108,255,90,255,114,255,43,253,174,5,92,6,113,248,130,192,0,220,0,245,0,225,0,90,0,38,0,17,0,12,0,11,
0,239,254,108,255,100,255,114,255,43,253,174,5,72,6,33,248,235,188,0,220,0,245,0,226,0,90,0,38,0,17,0,13,0,11,
0,252,254,99,255,100,255,154,255,6,253,148,6,131,5,92,248,238,190,0,220,0,244,0,227,0,91,0,38,0,17,0,13,0,11,
0,255,254,78,255,114,255,154,255,6,253,148,6,131,5,92,248,40,193,0,221,0,245,0,228,0,90,0,37,0,16,0,12,0,11,
0,19,255,67,255,88,255,154,255,6,253,148,6,63,5,183,248,40,193,0,220,0,245,0,228,0,91,0,38,0,17,0,13,0,11,
0,19,255,67,255,88,255,154,255,6,253,148,6,159,6,251,247,241,190,0,221,0,245,0,229,0,91,0,38,0,17,0,13,0,11,
0,52,255,105,255,51,255,154,255,6,253,148,6,132,5,42,248,144,188,0,222,0,245,0,230,0,91,0,38,0,16,0,12,0,10,
0,47,255,107,255,59,255,154,255,6,253,148,6,132,5,202,248,105,191,0,222,0,245,0,230,0,92,0,38,0,17,0,13,0,11,
0,33,255,113,255,55,255,154,255,6,253,148,6,12,5,202,248,105,191,0,223,0,246,0,232,0,92,0,38,0,17,0,12,0,11,
0,33,255,113,255,55,255,154,255,6,253,148,6,174,6,123,248,128,193,0,222,0,246,0,232,0,93,0,39,0,17,0,13,0,11,
0,18,255,147,255,64,255,154,255,6,253,148,6,231,6,158,247,77,188,0,223,0,246,0,233,0,93,0,39,0,17,0,12,0,11,
0,14,255,154,255,43,255,154,255,6,253,148,6,221,4,147,248,53,190,0,223,0,246,0,233,0,93,0,39,0,17,0,12,0,11,
0,14,255,154,255,64,255,110,255,33,253,5,6,221,4,147,248,7,194,0,223,0,247,0,234,0,93,0,40,0,18,0,13,0,11,
0,36,255,158,255,64,255,110,255,33,253,5,6,39,6,174,248,7,194,0,223,0,247,0,235,0,93,0,39,0,17,0,12,0,11,
0,36,255,156,255,82,255,110,255,33,253,5,6,21,7,130,247,178,190,0,223,0,247,0,235,0,94,0,40,0,18,0,13,0,11,
0,42,255,122,255,100,255,110,255,33,253,5,6,248,5,198,247,91,189,0,223,0,247,0,236,0,95,0,40,0,18,0,13,0,12,
0,42,255,122,255,101,255,110,255,33,253,5,6,190,5,14,248,175,192,0,223,0,248,0,237,0,94,0,40,0,17,0,13,0,11,
0,68,255,135,255,101,255,110,255,33,253,5,6,190,5,14,248,175,192,0,223,0,247,0,237,0,95,0,40,0,18,0,13,0,12,
0,91,255,162,255,90,255,110,255,33,253,5,6,190,6,125,247,202,192,0,224,0,248,0,238,0,95,0,40,0,17,0,13,0,11,
0,97,255,187,255,99,255,110,255,33,253,5,6,235,6,27,247,136,190,0,223,0,248,0,238,0,96,0,41,0,18,0,13,0,12,
0,97,255,187,255,99,255,110,255,33,253,5,6,182,5,132,247,185,190,0,223,0,248,0,238,0,96,0,40,0,18,0,13,0,11,
0,82,255,172,255,124,255,110,255,33,253,5,6,182,5,79,247,243,193,0,223,0,248,0,238,0,96,0,40,0,18,0,13,0,11,
0,64,255,183,255,121,255,196,255,20,253,250,6,139,6,79,247,243,193,0,223,0,249,0,239,0,96,0,40,0,18,0,13,0,11,
0,52,255,218,255,74,255,196,255,20,253,250,6,146,6,243,246,199,192,0,223,0,249,0,238,0,96,0,40,0,17,0,12,0,11,
0,52,255,218,255,74,255,196,255,20,253,250,6,133,6,163,246,60,191,0,223,0,248,0,238,0,96,0,41,0,19,0,13,0,11,
0,94,255,231,255,87,255,196,255,20,253,250,6,160,5,221,246,146,191,0,222,0,248,0,237,0,96,0,40,0,18,0,13,0,11,
0,114,255,235,255,94,255,196,255,20,253,250,6,160,5,221,246,146,191,0,222,0,248,0,237,0,96,0,40,0,18,0,13,0,11,
0,114,255,235,255,118,255,196,255,20,253,250,6,182,5,216,246,159,192,0,222,0,248,0,237,0,95,0,40,0,17,0,12,0,11,
0,95,255,222,255,118,255,196,255,20,253,250,6,43,6,94,246,44,194,0,222,0,249,0,236,0,95,0,40,0,17,0,12,0,11,
0,67,255,193,255,134,255,196,255,20,253,250,6,208,6,0,246,223,191,0,221,0,248,0,235,0,96,0,40,0,18,0,13,0,11,
0,42,255,185,255,151,255,196,255,20,253,250,6,208,6,47,246,123,190,0,220,0,248,0,234,0,95,0,40,0,18,0,13,0,11,
0,42,255,185,255,163,255,196,255,20,253,250,6,67,5,47,246,123,190,0,220,0,248,0,234,0,95,0,40,0,17,0,12,0,11,
0,19,255,211,255,163,255,160,255,247,252,39,6,8,5,127,246,73,193,0,219,0,247,0,232,0,95,0,41,0,19,0,13,0,11,
0,26,255,188,255,135,255,160,255,247,252,39,6,132,5,198,245,240,194,0,219,0,247,0,232,0,94,0,40,0,17,0,12,0,11,
0,34,255,201,255,149,255,160,255,247,252,39,6,196,6,149,245,96,192,0,218,0,247,0,231,0,95,0,40,0,19,0,13,0,11,
0,34,255,201,255,149,255,160,255,247,252,39,6,196,6,149,245,167,190,0,218,0,247,0,229,0,94,0,40,0,19,0,13,0,11,
0,22,255,185,255,173,255,160,255,247,252,39,6,130,5,164,245,167,190,0,217,0,246,0,228,0,94,0,40,0,18,0,13,0,11,
0,21,255,192,255,178,255,160,255,247,252,39,6,93,4,242,245,181,192,0,217,0,247,0,227,0,93,0,40,0,17,0,12,0,11,
0,240,254,191,255,163,255,160,255,247,252,39,6,54,5,79,246,35,195,0,216,0,246,0,226,0,93,0,40,0,18,0,13,0,12,
0,240,254,191,255,163,255,160,255,247,252,39,6,54,6,121,245,241,192,0,216,0,245,0,224,0,92,0,40,0,18,0,13,0,11,
0,249,254,163,255,144,255,160,255,247,252,39,6,41,6,121,245,241,192,0,215,0,245,0,223,0,91,0,39,0,20,0,13,0,11,
0,212,254,154,255,161,255,160,255,247,252,39,6,94,5,55,245,36,191,0,215,0,245,0,222,0,91,0,38,0,18,0,13,0,11,
0,212,254,154,255,168,255,160,255,247,252,39,6,48,4,142,245,162,191,0,214,0,244,0,220,0,91,0,39,0,19,0,13,0,11,
0,177,254,158,255,168,255,156,255,29,253,53,6,111,4,15,246,139,193,0,214,0,244,0,219,0,89,0,38,0,18,0,12,0,11,
0,208,254,169,255,142,255,156,255,29,253,53,6,111,4,15,246,139,193,0,213,0,243,0,217,0,89,0,38,0,19,0,13,0,11,
0,239,254,164,255,124,255,156,255,29,253,53,6,251,4,10,246,139,193,0,214,0,242,0,216,0,88,0,32,0,16,0,13,0,12,
0,239,254,164,255,93,255,156,255,29,253,53,6,48,5,152,245,103,192,0,213,0,241,0,215,0,87,0,33,0,17,0,13,0,11,
0,223,254,148,255,93,255,156,255,29,253,53,6,10,5,192,245,224,190,0,213,0,241,0,214,0,86,0,34,0,16,0,12,0,11,
0,198,254,171,255,128,255,156,255,29,253,53,6,148,3,24,246,11,191,0,212,0,240,0,212,0,86,0,35,0,17,0,13,0,11,
0,184,254,194,255,119,255,156,255,29,253,53,6,148,3,24,246,11,191,0,212,0,239,0,211,0,86,0,35,0,17,0,12,0,11,
0,184,254,194,255,119,255,156,255,29,253,53,6,202,3,108,246,157,193,0,211,0,239,0,210,0,85,0,35,0,17,0,13,0,11,
0,173,254,176,255,122,255,156,255,29,253,53,6,222,4,33,246,174,192,0,211,0,239,0,209,0,84,0,35,0,17,0,12,0,11,
0,150,254,141,255,130,255,156,255,29,253,53,6,118,4,249,245,203,189,0,211,0,238,0,208,0,84,0,35,0,16,0,12,0,11,
0,134,254,153,255,128,255,161,255,17,253,55,6,118,4,177,246,206,191,0,210,0,237,0,207,0,84,0,35,0,16,0,13,0,11,
0,134,254,153,255,128,255,161,255,17,253,55,6,118,3,177,246,206,191,0,209,0,237,0,206,0,83,0,35,0,16,0,12,0,11,
0,165,254,148,255,96,255,161,255,17,253,55,6,164,3,152,246,101,193,0,209,0,237,0,205,0,82,0,35,0,16,0,12,0,11,
0,180,254,135,255,76,255,161,255,17,253,55,6,75,4,162,246,144,192,0,209,0,236,0,204,0,82,0,35,0,16,0,12,0,11,
0,180,254,135,255,60,255,161,255,17,253,55,6,120,4,196,246,142,190,0,209,0,236,0,204,0,81,0,34,0,16,0,12,0,11,
0,182,254,152,255,60,255,161,255,17,253,55,6,120,4,196,246,78,190,0,208,0,235,0,203,0,81,0,35,0,16,0,13,0,11,
0,221,254,152,255,32,255,161,255,17,253,55,6,210,3,22,247,78,190,0,208,0,235,0,202,0,81,0,35,0,16,0,12,0,11,
0,199,254,162,255,33,255,161,255,17,253,55,6,70,3,96,247,35,192,0,208,0,234,0,201,0,81,0,35,0,16,0,12,0,11,
0,199,254,162,255,33,255,161,255,17,253,55,6,28,4,167,247,157,191,0,208,0,234,0,201,0,80,0,34,0,16,0,12,0,11,
0,163,254,169,255,31,255,161,255,17,253,55,6,28,4,142,247,184,191,0,207,0,234,0,200,0,80,0,34,0,16,0,12,0,11,
0,204,254,135,255,18,255,98,255,21,253,13,6,221,3,142,247,184,191,0,207,0,234,0,201,0,79,0,33,0,15,0,11,0,10,
0,212,254,142,255,38,255,98,255,21,253,13,6,83,3,182,247,32,192,0,206,0,233,0,200,0,79,0,33,0,16,0,12,0,11,
0,212,254,142,255,38,255,98,255,21,253,13,6,106,4,159,247,117,191,0,206,0,233,0,200,0,79,0,33,0,16,0,12,0,11,
0,194,254,163,255,40,255,98,255,21,253,13,6,179,3,213,247,227,189,0,206,0,232,0,200,0,79,0,33,0,16,0,12,0,10,
0,211,254,158,255,13,255,98,255,21,253,13,6,179,3,213,247,128,191,0,206,0,233,0,200,0,79,0,37,0,16,0,11,0,10,
0,239,254,179,255,15,255,98,255,21,253,13,6,250,2,52,248,128,191,0,206,0,233,0,200,0,78,0,36,0,16,0,11,0,10,
0,239,254,179,255,15,255,98,255,21,253,13,6,195,3,74,248,64,193,0,206,0,232,0,199,0,79,0,35,0,16,0,12,0,11,
0,246,254,182,255,241,254,98,255,21,253,13,6,249,3,68,248,9,191,0,206,0,232,0,200,0,78,0,35,0,16,0,12,0,11,
0,243,254,225,255,220,254,98,255,21,253,13,6,234,2,104,248,179,189,0,206,0,232,0,200,0,78,0,34,0,16,0,12,0,10,
0,243,254,225,255,217,254,98,255,21,253,13,6,234,2,104,248,179,189,0,206,0,232,0,200,0,78,0,34,0,16,0,12,0,11,
0,253,254,215,255,217,254,178,255,208,252,226,5,200,3,218,248,240,191,0,207,0,233,0,201,0,78,0,33,0,15,0,11,0,11,
0,25,255,199,255,213,254,178,255,208,252,226,5,171,3,234,248,85,192,0,207,0,232,0,201,0,78,0,33,0,16,0,12,0,11,
0,22,255,210,255,197,254,178,255,208,252,226,5,183,4,224,248,180,190,0,207,0,233,0,201,0,79,0,34,0,16,0,12,0,11,
0,22,255,210,255,197,254,178,255,208,252,226,5,183,4,224,248,252,188,0,207,0,232,0,201,0,79,0,33,0,16,0,12,0,11,
0,38,255,191,255,171,254,178,255,208,252,226,5,145,3,157,248,252,188,0,208,0,233,0,202,0,78,0,33,0,16,0,12,0,11,
0,45,255,198,255,166,254,178,255,208,252,226,5,235,2,59,249,28,191,0,208,0,233,0,202,0,79,0,33,0,16,0,12,0,11,
0,48,255,218,255,179,254,178,255,208,252,226,5,250,3,57,249,11,193,0,208,0,233,0,202,0,79,0,33,0,16,0,12,0,11,
0,48,255,218,255,179,254,178,255,208,252,226,5,26,4,230,248,89,190,0,209,0,233,0,203,0,79,0,33,0,16,0,12,0,11,
0,46,255,226,255,161,254,178,255,208,252,226,5,26,4,230,248,89,190,0,209,0,233,0,204,0,80,0,33,0,16,0,12,0,11,
0,38,255,242,255,176,254,178,255,208,252,226,5,106,3,45,249,237,189,0,210,0,233,0,205,0,79,0,33,0,15,0,11,0,10,
0,65,255,217,255,213,254,178,255,54,253,106,6,114,3,123,249,178,191,0,210,0,233,0,206,0,80,0,33,0,16,0,12,0,11,
0,65,255,217,255,213,254,126,255,54,253,106,6,103,4,124,249,162,192,0,210,0,234,0,206,0,80,0,34,0,16,0,12,0,11,
0,50,255,203,255,190,254,126,255,54,253,106,6,103,4,70,249,61,190,0,211,0,235,0,207,0,80,0,34,0,16,0,12,0,11,
0,25,255,222,255,163,254,126,255,54,253,106,6,167,4,70,249,61,190,0,211,0,234,0,207,0,80,0,33,0,16,0,12,0,10,
0,25,255,222,255,176,254,126,255,54,253,106,6,235,3,166,249,193,190,0,212,0,235,0,208,0,80,0,33,0,16,0,12,0,10,
0,49,255,247,255,176,254,126,255,54,253,106,6,70,4,161,249,198,191,0,212,0,235,0,208,0,81,0,33,0,17,0,12,0,11,
0,98,255,248,255,199,254,126,255,54,253,106,6,130,4,126,249,172,191,0,212,0,235,0,209,0,81,0,34,0,17,0,12,0,11,
0,105,255,250,255,190,254,126,255,54,253,106,6,130,4,126,249,119,190,0,213,0,236,0,210,0,81,0,34,0,17,0,12,0,11,
0,105,255,250,255,190,254,126,255,54,253,106,6,18,5,23,249,119,190,0,213,0,236,0,210,0,82,0,34,0,17,0,12,0,11,
0,67,255,15,0,184,254,126,255,54,253,106,6,12,4,213,249,223,190,0,214,0,236,0,211,0,82,0,34,0,17,0,13,0,11,
0,89,255,11,0,172,254,126,255,54,253,106,6,208,4,163,249,244,191,0,214,0,237,0,212,0,82,0,34,0,16,0,12,0,11,
0,122,255,252,255,165,254,127,255,22,253,156,6,208,4,92,249,136,191,0,214,0,237,0,212,0,83,0,35,0,17,0,13,0,11,
0,122,255,252,255,165,254,127,255,22,253,156,6,1,5,92,249,136,191,0,215,0,238,0,213,0,83,0,35,0,17,0,13,0,11,
0,145,255,251,255,176,254,127,255,22,253,156,6,192,4,35,249,55,190,0,215,0,238,0,213,0,83,0,35,0,17,0,13,0,11,
0,166,255,249,255,191,254,127,255,22,253,156,6,17,4,130,249,209,189,0,216,0,239,0,214,0,83,0,34,0,16,0,12,0,11,
0,123,255,19,0,203,254,127,255,22,253,156,6,42,5,88,249,210,191,0,215,0,239,0,214,0,84,0,35,0,18,0,13,0,12,
0,123,255,19,0,203,254,127,255,22,253,156,6,42,5,88,249,227,190,0,216,0,239,0,215,0,85,0,35,0,17,0,13,0,11,
0,134,255,247,255,212,254,127,255,22,253,156,6,43,5,224,248,227,190,0,217,0,239,0,215,0,84,0,35,0,17,0,13,0,11,
0,134,255,210,255,231,254,127,255,22,253,156,6,224,4,251,248,78,190,0,217,0,239,0,215,0,84,0,35,0,17,0,12,0,11,
0,134,255,210,255,222,254,127,255,22,253,156,6,208,4,57,249,102,191,0,217,0,240,0,216,0,84,0,35,0,16,0,12,0,10,
0,142,255,212,255,222,254,127,255,22,253,156,6,54,5,234,248,252,191,0,217,0,239,0,216,0,85,0,35,0,17,0,13,0,11,
0,185,255,198,255,212,254,141,255,2,253,4,6,54,5,234,248,252,191,0,218,0,239,0,216,0,85,0,36,0,17,0,13,0,11,
0,189,255,195,255,233,254,141,255,2,253,4,6,218,4,220,248,55,192,0,218,0,240,0,217,0,85,0,36,0,17,0,13,0,11,
0,189,255,195,255,233,254,141,255,2,253,4,6,182,4,106,248,0,190,0,218,0,240,0,217,0,86,0,36,0,17,0,13,0,11,
0,142,255,191,255,249,254,141,255,2,253,4,6,132,4,103,248,21,191,0,219,0,240,0,217,0,86,0,36,0,17,0,13,0,11,
0,158,255,210,255,6,255,141,255,2,253,4,6,132,4,112,248,49,191,0,219,0,241,0,218,0,85,0,35,0,16,0,12,0,11,
0,171,255,206,255,13,255,141,255,2,253,4,6,57,4,112,248,49,191,0,219,0,241,0,217,0,86,0,36,0,17,0,12,0,11,
0,171,255,206,255,13,255,141,255,2,253,4,6,172,4,37,248,3,192,0,220,0,241,0,217,0,86,0,36,0,17,0,13,0,11,
0,166,255,164,255,3,255,141,255,2,253,4,6,62,5,231,247,69,191,0,220,0,241,0,217,0,86,0,36,0,17,0,12,0,11,
0,158,255,142,255,32,255,141,255,2,253,4,6,230,4,128,247,158,189,0,220,0,241,0,217,0,86,0,36,0,17,0,13,0,11,
0,140,255,142,255,37,255,141,255,2,253,4,6,230,4,128,247,158,190,0,221,0,241,0,217,0,86,0,36,0,17,0,12,0,11,
0,140,255,146,255,37,255,150,255,238,252,193,6,69,4,162,247,20,190,0,220,0,241,0,217,0,86,0,36,0,18,0,13,0,11,
0,142,255,137,255,9,255,150,255,238,252,193,6,6,4,176,247,89,192,0,220,0,241,0,217,0,87,0,36,0,18,0,13,0,11,
0,144,255,133,255,250,254,150,255,238,252,193,6,102,4,137,247,131,193,0,220,0,241,0,217,0,86,0,36,0,17,0,13,0,11,
0,144,255,133,255,6,255,150,255,238,252,193,6,102,4,214,246,110,190,0,220,0,241,0,217,0,86,0,36,0,18,0,13,0,11,
0,186,255,138,255,6,255,150,255,238,252,193,6,132,5,214,246,110,190,0,220,0,241,0,217,0,86,0,36,0,17,0,12,0,11,
0,161,255,144,255,14,255,150,255,238,252,193,6,195,3,77,247,207,189,0,220,0,241,0,216,0,87,0,37,0,18,0,13,0,11,
0,157,255,127,255,2,255,150,255,238,252,193,6,96,3,203,247,165,191,0,221,0,241,0,215,0,86,0,37,0,18,0,13,0,11,
0,157,255,127,255,2,255,150,255,238,252,193,6,157,4,97,247,26,193,0,220,0,240,0,215,0,86,0,36,0,18,0,13,0,11,
0,178,255,130,255,4,255,150,255,238,252,193,6,157,4,97,247,78,190,0,221,0,241,0,215,0,86,0,36,0,17,0,12,0,11,
0,178,255,161,255,14,255,150,255,238,252,193,6,146,4,184,246,78,190,0,220,0,240,0,214,0,86,0,36,0,17,0,13,0,11,
0,174,255,142,255,18,255,132,255,41,253,189,5,196,3,227,246,108,189,0,220,0,240,0,214,0,86,0,36,0,17,0,13,0,11,
0,174,255,142,255,18,255,132,255,41,253,189,5,10,3,250,246,199,191,0,220,0,241,0,215,0,85,0,36,0,17,0,13,0,11,
0,172,255,126,255,23,255,132,255,41,253,189,5,10,3,19,247,188,192,0,220,0,240,0,214,0,85,0,36,0,17,0,12,0,11,
0,183,255,99,255,255,254,132,255,41,253,189,5,61,3,19,247,188,192,0,220,0,241,0,214,0,85,0,35,0,16,0,12,0,11,
0,167,255,99,255,224,254,132,255,41,253,189,5,92,4,245,246,180,192,0,220,0,240,0,212,0,85,0,36,0,17,0,13,0,11,
0,167,255,86,255,224,254,132,255,41,253,189,5,230,3,136,246,181,188,0,220,0,240,0,211,0,85,0,36,0,17,0,12,0,11,
0,158,255,89,255,226,254,132,255,41,253,189,5,4,2,135,247,247,190,0,221,0,240,0,211,0,84,0,36,0,17,0,12,0,11,
0,155,255,75,255,225,254,132,255,41,253,189,5,4,2,135,247,201,193,0,221,0,239,0,210,0,84,0,35,0,17,0,12,0,11,
0,155,255,75,255,230,254,132,255,41,253,189,5,45,3,116,247,201,193,0,221,0,240,0,211,0,84,0,35,0,17,0,13,0,11,
0,138,255,67,255,230,254,132,255,41,253,189,5,200,3,218,246,181,190,0,221,0,240,0,211,0,83,0,35,0,16,0,12,0,11,
0,160,255,68,255,1,255,132,255,41,253,189,5,88,3,205,246,135,189,0,220,0,239,0,210,0,84,0,30,0,16,0,13,0,12,
0,101,255,80,255,215,254,165,255,13,253,112,6,14,3,78,247,36,191,0,220,0,240,0,210,0,83,0,32,0,17,0,13,0,12,
0,101,255,80,255,215,254,165,255,13,253,112,6,14,3,78,247,36,191,0,220,0,240,0,210,0,83,0,32,0,16,0,12,0,11,
0,114,255,95,255,232,254,165,255,13,253,112,6,154,2,84,247,158,190,0,221,0,241,0,210,0,83,0,33,0,16,0,13,0,12,
0,156,255,97,255,3,255,165,255,13,253,112,6,229,2,146,247,144,190,0,221,0,241,0,209,0,83,0,33,0,16,0,12,0,11,
0,180,255,101,255,222,254,165,255,13,253,112,6,43,3,104,247,149,191,0,221,0,240,0,208,0,83,0,34,0,17,0,13,0,11,
0,180,255,101,255,222,254,165,255,13,253,112,6,43,3,130,247,20,191,0,221,0,240,0,208,0,82,0,34,0,17,0,13,0,12,
0,186,255,98,255,202,254,165,255,13,253,112,6,186,3,130,247,20,191,0,221,0,239,0,207,0,83,0,34,0,15,0,12,0,11,
0,197,255,103,255,194,254,165,255,13,253,112,6,83,3,224,247,131,189,0,222,0,240,0,208,0,82,0,34,0,17,0,12,0,11,
0,175,255,103,255,200,254,165,255,13,253,112,6,219,2,203,247,71,190,0,222,0,240,0,208,0,82,0,34,0,16,0,12,0,11,
0,175,255,99,255,200,254,165,255,13,253,112,6,23,3,37,248,63,191,0,221,0,239,0,208,0,82,0,34,0,17,0,12,0,11,
0,172,255,84,255,193,254,122,255,32,253,90,6,23,3,37,248,74,191,0,222,0,240,0,208,0,82,0,35,0,17,0,12,0,11,
0,180,255,116,255,202,254,122,255,32,253,90,6,48,3,50,248,74,191,0,222,0,239,0,208,0,82,0,34,0,16,0,12,0,11,
0,180,255,116,255,194,254,122,255,32,253,90,6,103,3,47,248,111,190,0,222,0,240,0,209,0,82,0,34,0,17,0,12,0,11,
0,210,255,102,255,194,254,122,255,32,253,90,6,232,2,164,247,238,188,0,222,0,240,0,209,0,82,0,34,0,16,0,12,0,11,
0,192,255,89,255,186,254,122,255,32,253,90,6,232,2,56,248,75,190,0,222,0,240,0,209,0,82,0,35,0,17,0,12,0,11,
0,175,255,80,255,189,254,122,255,32,253,90,6,191,2,56,248,75,190,0,222,0,240,0,210,0,82,0,34,0,16,0,12,0,10,
0,175,255,80,255,189,254,122,255,32,253,90,6,124,3,159,248,112,191,0,222,0,240,0,210,0,83,0,35,0,17,0,12,0,11,
0,210,255,98,255,177,254,122,255,32,253,90,6,254,3,134,248,4,189,0,223,0,241,0,211,0,82,0,34,0,16,0,12,0,11,
0,202,255,94,255,171,254,122,255,32,253,90,6,37,3,120,248,137,189,0,223,0,241,0,211,0,83,0,34,0,16,0,12,0,11,
0,201,255,73,255,172,254,122,255,32,253,90,6,37,3,120,248,248,190,0,223,0,241,0,211,0,83,0,35,0,17,0,13,0,11,
0,201,255,73,255,172,254,189,255,226,252,73,6,94,3,228,248,248,190,0,223,0,240,0,211,0,84,0,40,0,18,0,13,0,11,
0,220,255,65,255,179,254,189,255,226,252,73,6,37,3,194,248,29,190,0,224,0,241,0,212,0,83,0,38,0,17,0,12,0,11,
0,227,255,91,255,186,254,189,255,226,252,73,6,104,4,108,248,40,189,0,223,0,240,0,212,0,84,0,38,0,19,0,13,0,11,
0,227,255,91,255,181,254,189,255,226,252,73,6,21,3,195,248,187,188,0,224,0,241,0,214,0,84,0,37,0,17,0,12,0,11,
0,244,255,85,255,181,254,189,255,226,252,73,6,21,3,195,248,187,188,0,224,0,241,0,215,0,84,0,37,0,18,0,13,0,11,
0,218,255,90,255,166,254,189,255,226,252,73,6,120,3,232,248,97,191,0,225,0,241,0,216,0,85,0,37,0,18,0,13,0,11,
0,254,255,90,255,161,254,189,255,226,252,73,6,150,3,149,248,230,188,0,224,0,241,0,217,0,85,0,36,0,18,0,12,0,11,
0,254,255,90,255,172,254,189,255,226,252,73,6,236,2,23,249,240,188,0,224,0,242,0,219,0,85,0,36,0,17,0,12,0,11,
0,248,255,66,255,172,254,189,255,226,252,73,6,236,2,23,249,58,191,0,224,0,242,0,218,0,86,0,36,0,18,0,13,0,11,
0,244,255,94,255,191,254,189,255,226,252,73,6,18,4,7,249,58,191,0,225,0,242,0,218,0,86,0,36,0,17,0,13,0,11,
0,19,0,106,255,184,254,121,255,28,253,172,5,143,4,184,248,107,189,0,226,0,242,0,217,0,86,0,36,0,18,0,13,0,11,
0,19,0,106,255,184,254,121,255,28,253,172,5,92,4,227,248,200,189,0,227,0,241,0,218,0,86,0,36,0,17,0,12,0,10,
0,74,0,107,255,187,254,121,255,28,253,172,5,166,3,216,248,158,189,0,227,0,241,0,219,0,87,0,36,0,18,0,13,0,11,
0,94,0,121,255,209,254,121,255,28,253,172,5,166,3,216,248,158,189,0,228,0,242,0,221,0,86,0,36,0,17,0,12,0,11,
0,84,0,135,255,184,254,121,255,28,253,172,5,4,4,42,249,99,190,0,227,0,242,0,223,0,87,0,36,0,18,0,13,0,11,
0,84,0,135,255,184,254,121,255,28,253,172,5,89,4,159,248,129,190,0,227,0,242,0,224,0,87,0,36,0,16,0,12,0,11,
0,73,0,140,255,217,254,121,255,28,253,172,5,60,4,148,248,61,189,0,227,0,243,0,224,0,88,0,36,0,16,0,12,0,11,
0,98,0,150,255,231,254,121,255,28,253,172,5,60,4,171,248,165,189,0,228,0,244,0,223,0,89,0,37,0,19,0,13,0,11,
0,98,0,150,255,241,254,121,255,28,253,172,5,64,4,171,248,165,189,0,229,0,243,0,222,0,88,0,36,0,17,0,12,0,11,
0,72,0,145,255,241,254,121,255,28,253,172,5,208,3,189,248,40,190,0,230,0,243,0,221,0,88,0,37,0,19,0,13,0,12,
0,52,0,139,255,246,254,121,255,28,253,172,5,81,4,77,248,41,191,0,230,0,243,0,223,0,89,0,37,0,18,0,13,0,11,
0,60,0,111,255,228,254,143,255,40,253,90,6,231,3,112,248,222,190,0,230,0,243,0,224,0,89,0,37,0,16,0,12,0,11,
0,60,0,111,255,254,254,143,255,40,253,90,6,231,3,112,248,248,190,0,229,0,243,0,226,0,90,0,38,0,17,0,13,0,12,
0,60,0,114,255,254,254,143,255,40,253,90,6,192,4,223,247,248,190,0,229,0,244,0,227,0,89,0,37,0,16,0,12,0,11,
0,59,0,136,255,28,255,143,255,40,253,90,6,66,4,147,247,149,189,0,229,0,244,0,226,0,90,0,38,0,17,0,13,0,12,
0,77,0,149,255,31,255,143,255,40,253,90,6,251,3,22,248,198,189,0,230,0,244,0,224,0,90,0,38,0,17,0,13,0,11,
0,77,0,149,255,31,255,143,255,40,253,90,6,251,3,62,248,43,191,0,231,0,244,0,223,0,89,0,38,0,18,0,13,0,11,
0,119,0,125,255,11,255,143,255,40,253,90,6,92,3,62,248,43,191,0,231,0,243,0,223,0,90,0,38,0,19,0,13,0,11,
0,78,0,117,255,1,255,143,255,40,253,90,6,235,3,244,247,25,193,0,232,0,243,0,224,0,89,0,37,0,16,0,12,0,11,
0,53,0,120,255,16,255,143,255,40,253,90,6,38,5,102,247,30,191,0,230,0,243,0,225,0,90,0,38,0,17,0,13,0,11,
0,53,0,120,255,16,255,143,255,40,253,90,6,112,4,53,247,26,188,0,230,0,244,0,227,0,90,0,38,0,17,0,12,0,11,
0,50,0,126,255,36,255,112,255,106,253,180,5,112,4,53,247,209,190,0,230,0,244,0,226,0,90,0,38,0,17,0,12,0,11,
0,69,0,141,255,42,255,112,255,106,253,180,5,245,3,171,247,209,190,0,230,0,245,0,225,0,90,0,37,0,16,0,12,0,11,
0,69,0,141,255,36,255,112,255,106,253,180,5,110,3,229,247,87,191,0,231,0,244,0,223,0,89,0,37,0,18,0,12,0,10,
0,91,0,131,255,36,255,112,255,106,253,180,5,253,3,179,247,87,192,0,231,0,243,0,222,0,90,0,38,0,19,0,13,0,11,
0,112,0,114,255,15,255,112,255,106,253,180,5,146,4,187,247,205,191,0,232,0,243,0,222,0,90,0,38,0,19,0,13,0,11,
0,74,0,129,255,37,255,112,255,106,253,180,5,146,4,187,247,205,191,0,232,0,243,0,223,0,89,0,37,0,17,0,12,0,11,
0,74,0,129,255,37,255,112,255,106,253,180,5,42,4,250,246,49,190,0,230,0,243,0,225,0,90,0,38,0,16,0,13,0,11,
0,35,0,130,255,51,255,112,255,106,253,180,5,171,3,248,246,152,190,0,230,0,244,0,226,0,89,0,37,0,16,0,12,0,11,
0,18,0,129,255,43,255,112,255,106,253,180,5,154,3,32,247,101,191,0,230,0,244,0,224,0,90,0,38,0,17,0,13,0,12,
0,29,0,95,255,52,255,112,255,106,253,180,5,154,3,41,247,175,190,0,230,0,243,0,222,0,90,0,38,0,19,0,13,0,11,
0,29,0,95,255,52,255,79,255,84,253,133,6,233,3,41,247,175,190,0,231,0,243,0,221,0,89,0,38,0,19,0,13,0,11,
0,79,0,108,255,48,255,79,255,84,253,133,6,90,3,65,247,135,191,0,232,0,243,0,220,0,89,0,37,0,18,0,13,0,11,
0,73,0,127,255,50,255,79,255,84,253,133,6,52,4,222,246,163,192,0,231,0,241,0,220,0,89,0,38,0,19,0,13,0,12,
0,24,0,131,255,87,255,79,255,84,253,133,6,152,4,147,246,78,191,0,231,0,241,0,221,0,89,0,38,0,19,0,13,0,11,
0,24,0,131,255,87,255,79,255,84,253,133,6,152,4,147,246,78,189,0,231,0,241,0,222,0,89,0,38,0,18,0,13,0,12,
0,11,0,103,255,89,255,79,255,84,253,133,6,159,3,196,246,97,189,0,230,0,242,0,223,0,89,0,38,0,18,0,13,0,12,
0,12,0,89,255,67,255,79,255,84,253,133,6,35,3,251,246,18,191,0,230,0,242,0,223,0,89,0,38,0,18,0,13,0,11,
0,12,0,89,255,56,255,79,255,84,253,133,6,129,3,59,247,173,193,0,231,0,242,0,222,0,88,0,37,0,17,0,12,0,11,
0,17,0,89,255,56,255,79,255,84,253,133,6,129,3,0,247,230,190,0,232,0,241,0,219,0,88,0,38,0,18,0,13,0,11,
0,1,0,69,255,65,255,79,255,84,253,133,6,182,4,0,247,230,190,0,232,0,241,0,219,0,88,0,37,0,18,0,13,0,11,
0,16,0,89,255,73,255,186,255,242,252,19,7,210,3,165,246,17,189,0,232,0,241,0,218,0,87,0,36,0,17,0,12,0,11,
0,16,0,89,255,73,255,186,255,242,252,19,7,68,3,232,246,248,190,0,232,0,240,0,219,0,88,0,37,0,18,0,13,0,11,
0,237,255,104,255,71,255,186,255,242,252,19,7,80,3,66,247,242,191,0,233,0,240,0,219,0,87,0,36,0,17,0,12,0,10,
0,209,255,93,255,72,255,186,255,242,252,19,7,80,3,66,247,146,192,0,232,0,240,0,219,0,88,0,37,0,18,0,13,0,11,
0,229,255,87,255,64,255,186,255,242,252,19,7,155,3,11,247,146,192,0,232,0,240,0,219,0,88,0,37,0,18,0,13,0,11,
0,229,255,87,255,64,255,186,255,242,252,19,7,190,4,191,246,178,191,0,232,0,240,0,218,0,87,0,37,0,18,0,12,0,11,
0,218,255,84,255,76,255,186,255,242,252,19,7,104,3,221,246,148,188,0,233,0,240,0,218,0,87,0,36,0,17,0,12,0,11,
0,227,255,101,255,63,255,186,255,242,252,19,7,104,2,116,247,70,191,0,233,0,239,0,218,0,87,0,37,0,18,0,13,0,11,
0,216,255,104,255,71,255,186,255,242,252,19,7,182,2,116,247,70,191,0,233,0,239,0,217,0,87,0,37,0,18,0,13,0,11,
0,216,255,104,255,71,255,186,255,242,252,19,7,37,4,19,247,92,193,0,233,0,239,0,217,0,87,0,37,0,18,0,13,0,11,
0,206,255,88,255,87,255,186,255,242,252,19,6,227,4,188,246,154,189,0,234,0,240,0,217,0,86,0,36,0,17,0,12,0,11,
0,197,255,69,255,74,255,133,255,44,253,202,6,46,4,230,246,20,190,0,234,0,239,0,215,0,87,0,37,0,18,0,13,0,11,
0,197,255,69,255,63,255,133,255,44,253,202,6,46,4,230,246,221,190,0,235,0,239,0,215,0,86,0,36,0,17,0,13,0,11,
0,227,255,77,255,63,255,133,255,44,253,202,6,2,3,136,247,221,190,0,235,0,239,0,215,0,87,0,37,0,18,0,13,0,11,
0,209,255,44,255,35,255,133,255,44,253,202,6,116,3,146,247,211,192,0,235,0,239,0,214,0,86,0,37,0,18,0,13,0,11,
0,210,255,35,255,24,255,133,255,44,253,202,6,21,5,24,247,9,191,0,235,0,239,0,215,0,86,0,36,0,17,0,12,0,11,
0,210,255,35,255,24,255,133,255,44,253,202,6,85,4,13,247,15,188,0,236,0,239,0,215,0,85,0,30,0,16,0,12,0,11,
0,209,255,40,255,28,255,133,255,44,253,202,6,85,4,13,247,15,188,0,235,0,239,0,214,0,86,0,32,0,17,0,13,0,12,
0,180,255,47,255,15,255,133,255,44,253,202,6,159,2,209,247,157,189,0,235,0,239,0,214,0,85,0,33,0,17,0,13,0,11,
0,209,255,60,255,36,255,133,255,44,253,202,6,170,3,154,247,91,193,0,235,0,239,0,214,0,85,0,34,0,17,0,12,0,11,
0,209,255,60,255,36,255,133,255,44,253,202,6,233,4,82,247,87,190,0,235,0,240,0,214,0,85,0,34,0,16,0,12,0,10,
0,222,255,61,255,32,255,108,255,113,253,177,6,233,4,88,247,209,188,0,236,0,240,0,214,0,85,0,35,0,17,0,12,0,11,
0,229,255,96,255,25,255,108,255,113,253,177,6,125,4,88,247,209,188,0,236,0,240,0,214,0,84,0,34,0,16,0,12,0,11,
0,232,255,90,255,16,255,108,255,113,253,177,6,112,3,179,247,70,189,0,236,0,240,0,214,0,85,0,35,0,17,0,12,0,11,
0,232,255,90,255,16,255,108,255,113,253,177,6,136,3,95,248,17,192,0,236,0,240,0,214,0,85,0,35,0,17,0,13,0,11,
0,239,255,26,255,251,254,108,255,113,253,177,6,65,5,33,247,246,189,0,236,0,240,0,214,0,85,0,35,0,17,0,12,0,11,
0,232,255,10,255,10,255,108,255,113,253,177,6,65,5,33,247,135,187,0,237,0,241,0,214,0,84,0,35,0,16,0,12,0,11,
0,232,255,10,255,34,255,108,255,113,253,177,6,217,3,102,247,135,187,0,236,0,240,0,213,0,85,0,36,0,17,0,13,0,11,
0,173,255,249,254,34,255,108,255,113,253,177,6,19,3,35,248,77,191,0,237,0,240,0,214,0,85,0,36,0,17,0,13,0,11,
0,184,255,21,255,47,255,108,255,113,253,177,6,226,4,182,247,156,191,0,237,0,240,0,214,0,85,0,36,0,17,0,13,0,11,
0,213,255,28,255,35,255,108,255,113,253,177,6,226,4,111,247,203,187,0,237,0,241,0,214,0,85,0,36,0,17,0,12,0,11,
0,213,255,28,255,35,255,139,255,28,253,233,5,68,4,111,247,203,187,0,238,0,241,0,215,0,85,0,36,0,17,0,13,0,11,
0,230,255,39,255,19,255,139,255,28,253,233,5,118,3,245,247,238,189,0,238,0,241,0,215,0,85,0,35,0,17,0,12,0,11,
0,232,255,31,255,29,255,139,255,28,253,233,5,106,3,67,248,18,191,0,238,0,241,0,215,0,86,0,36,0,18,0,13,0,11,
0,211,255,32,255,24,255,139,255,28,253,233,5,183,4,43,248,27,192,0,238,0,241,0,216,0,86,0,36,0,18,0,13,0,11,
0,211,255,32,255,24,255,139,255,28,253,233,5,183,4,43,248,157,187,0,237,0,242,0,216,0,86,0,36,0,17,0,12,0,11,
0,220,255,30,255,28,255,139,255,28,253,233,5,31,5,67,247,157,187,0,238,0,242,0,217,0,85,0,36,0,17,0,12,0,11,
0,212,255,53,255,32,255,139,255,28,253,233,5,68,3,18,248,152,188,0,238,0,242,0,217,0,86,0,36,0,18,0,13,0,11,
0,196,255,49,255,30,255,139,255,28,253,233,5,169,3,74,248,122,190,0,238,0,242,0,217,0,86,0,40,0,18,0,12,0,11,
0,196,255,49,255,30,255,139,255,28,253,233,5,224,4,28,248,101,191,0,238,0,242,0,217,0,86,0,40,0,19,0,12,0,11,
0,176,255,32,255,17,255,139,255,28,253,233,5,224,4,28,248,101,191,0,238,0,243,0,218,0,86,0,38,0,18,0,12,0,10,
0,205,255,1,255,19,255,80,255,91,253,74,6,255,4,78,247,80,187,0,238,0,243,0,218,0,86,0,37,0,17,0,12,0,11,
0,205,255,1,255,42,255,80,255,91,253,74,6,20,4,243,247,132,189,0,238,0,243,0,219,0,86,0,37,0,17,0,12,0,11,
0,197,255,4,255,42,255,80,255,91,253,74,6,90,3,78,248,55,190,0,238,0,243,0,219,0,87,0,37,0,18,0,13,0,11,
0,198,255,20,255,59,255,80,255,91,253,74,6,90,3,226,247,105,191,0,238,0,244,0,220,0,87,0,37,0,18,0,12,0,11,
0,204,255,27,255,44,255,80,255,91,253,74,6,252,4,226,247,105,191,0,237,0,243,0,220,0,87,0,37,0,18,0,12,0,11,
0,204,255,27,255,44,255,80,255,91,253,74,6,48,5,64,247,175,187,0,237,0,243,0,220,0,87,0,37,0,18,0,13,0,11,
0,229,255,47,255,21,255,80,255,91,253,74,6,6,3,255,247,185,188,0,237,0,244,0,221,0,87,0,37,0,17,0,12,0,11,
0,237,255,77,255,20,255,80,255,91,253,74,6,20,4,74,248,115,192,0,237,0,244,0,220,0,88,0,37,0,18,0,13,0,11,
0,226,255,103,255,40,255,80,255,91,253,74,6,20,4,74,248,115,188,0,237,0,244,0,220,0,88,0,37,0,18,0,13,0,11,
0,226,255,103,255,40,255,80,255,91,253,74,6,72,5,115,247,178,188,0,237,0,244,0,221,0,87,0,37,0,17,0,13,0,11,
0,1,0,56,255,42,255,141,255,16,253,134,6,180,3,133,247,105,188,0,236,0,244,0,221,0,88,0,38,0,18,0,13,0,12,
0,5,0,44,255,30,255,141,255,16,253,134,6,120,3,154,247,93,190,0,237,0,244,0,222,0,88,0,37,0,17,0,12,0,11,
0,34,0,44,255,0,255,141,255,16,253,134,6,120,3,78,247,217,190,0,236,0,244,0,222,0,88,0,38,0,18,0,13,0,11,
0,34,0,87,255,0,255,141,255,16,253,134,6,12,5,78,247,217,190,0,235,0,244,0,222,0,89,0,37,0,18,0,13,0,11,
0,25,0,78,255,254,254,141,255,16,253,134,6,205,3,73,247,220,188,0,235,0,245,0,223,0,88,0,37,0,18,0,13,0,11,
0,6,0,75,255,16,255,141,255,16,253,134,6,213,3,127,247,64,191,0,235,0,245,0,223,0,88,0,37,0,17,0,13,0,11,
0,6,0,75,255,17,255,141,255,16,253,134,6,25,5,251,246,158,188,0,235,0,246,0,224,0,89,0,37,0,15,0,12,0,11,
0,242,255,71,255,17,255,141,255,16,253,134,6,25,5,251,246,186,188,0,234,0,245,0,223,0,89,0,38,0,18,0,13,0,11,
0,17,0,71,255,25,255,141,255,16,253,134,6,141,3,88,247,186,188,0,234,0,246,0,223,0,89,0,37,0,17,0,12,0,11,
0,4,0,64,255,30,255,141,255,16,253,134,6,253,3,162,247,79,192,0,234,0,246,0,222,0,89,0,37,0,17,0,13,0,11,
0,4,0,64,255,30,255,141,255,16,253,134,6,6,5,186,246,78,190,0,234,0,246,0,223,0,89,0,37,0,18,0,13,0,11,
0,232,255,86,255,36,255,153,255,49,253,36,6,6,4,160,246,102,189,0,234,0,245,0,223,0,89,0,37,0,17,0,12,0,11,
0,209,255,108,255,17,255,153,255,49,253,36,6,56,4,160,246,102,189,0,233,0,245,0,223,0,89,0,37,0,18,0,13,0,11,
0,216,255,101,255,26,255,153,255,49,253,36,6,178,3,214,246,73,189,0,232,0,245,0,223,0,89,0,38,0,18,0,13,0,11,
0,216,255,101,255,26,255,153,255,49,253,36,6,132,3,201,246,204,190,0,232,0,245,0,223,0,89,0,37,0,17,0,12,0,11,
0,238,255,88,255,45,255,153,255,49,253,36,6,127,4,117,246,232,190,0,232,0,245,0,223,0,89,0,37,0,18,0,13,0,11,
0,215,255,89,255,79,255,153,255,49,253,36,6,127,4,117,246,83,190,0,232,0,245,0,223,0,89,0,37,0,17,0,12,0,11,
0,223,255,89,255,48,255,153,255,49,253,36,6,205,3,125,246,83,190,0,231,0,245,0,223,0,89,0,38,0,18,0,13,0,12,
0,223,255,63,255,48,255,153,255,49,253,36,6,255,3,17,246,49,189,0,231,0,246,0,223,0,89,0,38,0,19,0,13,0,11,
0,219,255,73,255,34,255,153,255,49,253,36,6,178,3,112,246,136,191,0,231,0,246,0,223,0,89,0,38,0,17,0,13,0,11,
0,203,255,82,255,53,255,153,255,49,253,36,6,88,4,88,246,1,191,0,232,0,246,0,222,0,89,0,37,0,17,0,13,0,12,
0,203,255,82,255,19,255,98,255,137,253,7,6,88,4,88,246,1,191,0,232,0,245,0,221,0,89,0,37,0,18,0,12,0,11,
0,175,255,99,255,19,255,98,255,137,253,7,6,126,3,60,246,157,190,0,231,0,244,0,221,0,89,0,38,0,19,0,13,0,11,
0,159,255,97,255,16,255,98,255,137,253,7,6,18,4,52,246,210,191,0,232,0,244,0,221,0,89,0,38,0,18,0,13,0,11,
0,154,255,128,255,56,255,98,255,137,253,7,6,109,4,203,245,61,190,0,232,0,244,0,222,0,88,0,37,0,17,0,12,0,11,
0,154,255,128,255,56,255,98,255,137,253,7,6,109,4,188,245,37,189,0,232,0,244,0,221,0,89,0,38,0,19,0,13,0,11,
0,157,255,122,255,66,255,98,255,137,253,7,6,199,3,188,245,37,189,0,232,0,244,0,221,0,88,0,37,0,17,0,13,0,11,
0,147,255,108,255,46,255,98,255,137,253,7,6,246,2,39,246,187,190,0,232,0,244,0,221,0,89,0,37,0,18,0,13,0,11,
0,111,255,83,255,33,255,98,255,137,253,7,6,24,3,37,246,234,191,0,232,0,243,0,220,0,88,0,38,0,18,0,13,0,11,
0,111,255,83,255,33,255,98,255,137,253,7,6,74,4,28,246,61,191,0,232,0,244,0,221,0,88,0,37,0,18,0,13,0,11,
0,101,255,91,255,29,255,98,255,137,253,7,6,74,4,28,246,254,188,0,232,0,244,0,221,0,88,0,37,0,18,0,13,0,11,
0,112,255,101,255,31,255,140,255,61,253,154,5,59,4,190,245,254,188,0,232,0,244,0,221,0,88,0,37,0,17,0,12,0,11,
0,115,255,101,255,23,255,140,255,61,253,154,5,194,3,6,246,157,189,0,232,0,243,0,219,0,88,0,37,0,18,0,13,0,11,
0,115,255,116,255,23,255,140,255,61,253,154,5,12,3,89,246,116,190,0,233,0,243,0,218,0,88,0,37,0,18,0,13,0,11,
0,113,255,118,255,23,255,140,255,61,253,154,5,12,3,123,246,126,192,0,233,0,242,0,217,0,87,0,37,0,18,0,13,0,11,
0,120,255,132,255,12,255,140,255,61,253,154,5,174,3,123,246,126,192,0,234,0,242,0,217,0,87,0,37,0,18,0,13,0,11,
0,120,255,132,255,252,254,140,255,61,253,154,5,194,4,233,245,138,190,0,235,0,242,0,218,0,87,0,36,0,17,0,12,0,11,
0,94,255,128,255,252,254,140,255,61,253,154,5,80,3,241,245,187,186,0,234,0,242,0,218,0,87,0,37,0,18,0,13,0,11,
0,77,255,112,255,247,254,140,255,61,253,154,5,191,2,161,246,183,191,0,234,0,242,0,218,0,87,0,37,0,18,0,13,0,11,
0,38,255,142,255,16,255,140,255,61,253,154,5,191,2,161,246,250,191,0,235,0,242,0,217,0,87,0,36,0,17,0,13,0,12,
0,38,255,142,255,16,255,140,255,61,253,154,5,25,5,250,245,250,191,0,234,0,242,0,217,0,87,0,37,0,18,0,13,0,11,
0,60,255,150,255,29,255,114,255,128,253,156,5,102,3,23,246,211,187,0,235,0,242,0,217,0,86,0,36,0,17,0,12,0,11,
0,72,255,157,255,5,255,114,255,128,253,156,5,78,3,97,246,162,189,0,235,0,241,0,216,0,87,0,37,0,18,0,13,0,11,
0,90,255,139,255,236,254,114,255,128,253,156,5,252,3,250,246,71,192,0,235,0,241,0,216,0,87,0,37,0,18,0,13,0,11,
0,90,255,139,255,236,254,114,255,128,253,156,5,252,3,250,246,71,192,0,235,0,241,0,216,0,87,0,37,0,17,0,12,0,11,
0,37,255,106,255,4,255,114,255,128,253,156,5,174,4,123,246,101,189,0,235,0,242,0,216,0,86,0,36,0,18,0,13,0,11,
0,19,255,114,255,12,255,114,255,128,253,156,5,186,3,37,246,155,187,0,235,0,241,0,216,0,86,0,36,0,17,0,12,0,11,
0,19,255,114,255,238,254,114,255,128,253,156,5,38,3,163,246,211,190,0,234,0,241,0,216,0,86,0,37,0,18,0,13,0,11,
0,53,255,120,255,238,254,114,255,128,253,156,5,38,3,163,246,33,191,0,234,0,241,0,216,0,86,0,36,0,18,0,13,0,11,
0,40,255,106,255,225,254,114,255,128,253,156,5,52,4,144,246,33,191,0,234,0,241,0,215,0,86,0,36,0,17,0,12,0,11,
0,35,255,113,255,219,254,114,255,128,253,156,5,52,4,50,246,43,189,0,234,0,241,0,216,0,86,0,36,0,17,0,13,0,11,
0,35,255,113,255,219,254,114,255,128,253,156,5,184,3,149,246,200,188,0,234,0,241,0,216,0,86,0,35,0,17,0,12,0,11,
0,6,255,97,255,219,254,77,255,96,253,244,6,110,3,3,247,242,190,0,234,0,240,0,215,0,86,0,36,0,18,0,13,0,11,
0,4,255,84,255,243,254,77,255,96,253,244,6,110,3,3,247,242,190,0,234,0,240,0,215,0,86,0,36,0,18,0,12,0,11,
0,16,255,90,255,243,254,77,255,96,253,244,6,54,4,31,247,235,190,0,234,0,240,0,216,0,85,0,31,0,16,0,12,0,11,
0,16,255,90,255,243,254,77,255,96,253,244,6,48,5,181,246,22,189,0,234,0,240,0,216,0,85,0,32,0,17,0,13,0,12,
0,22,255,83,255,241,254,77,255,96,253,244,6,20,4,165,246,251,187,0,234,0,240,0,216,0,85,0,33,0,16,0,12,0,11,
0,241,254,96,255,248,254,77,255,96,253,244,6,20,4,83,247,210,190,0,234,0,239,0,216,0,86,0,34,0,17,0,13,0,11,
0,245,254,96,255,16,255,77,255,96,253,244,6,79,3,83,247,210,190,0,234,0,239,0,216,0,86,0,34,0,17,0,13,0,11,
0,245,254,96,255,16,255,77,255,96,253,244,6,243,4,139,246,0,190,0,234,0,240,0,217,0,86,0,35,0,16,0,12,0,11,
0,255,254,86,255,6,255,77,255,96,253,244,6,205,3,224,246,77,188,0,234,0,240,0,216,0,86,0,35,0,17,0,12,0,11,
0,21,255,90,255,247,254,77,255,96,253,244,6,125,4,63,247,208,190,0,235,0,240,0,217,0,86,0,36,0,16,0,12,0,11,
0,21,255,90,255,237,254,167,255,53,253,95,6,125,4,63,247,124,189,0,235,0,240,0,217,0,86,0,36,0,18,0,13,0,11,
0,4,255,95,255,237,254,167,255,53,253,95,6,60,4,252,246,124,189,0,235,0,240,0,217,0,87,0,36,0,17,0,13,0,11,
0,255,254,107,255,228,254,167,255,53,253,95,6,107,4,246,246,112,188,0,235,0,240,0,217,0,86,0,36,0,17,0,12,0,11,
0,250,254,110,255,215,254,167,255,53,253,95,6,142,3,32,247,230,189,0,235,0,240,0,218,0,86,0,36,0,17,0,13,0,11,
0,250,254,110,255,229,254,167,255,53,253,95,6,142,4,21,247,64,191,0,235,0,240,0,218,0,86,0,36,0,17,0,12,0,11,
0,237,254,99,255,229,254,167,255,53,253,95,6,168,4,21,247,64,191,0,235,0,240,0,218,0,87,0,36,0,18,0,13,0,11,
0,223,254,88,255,243,254,167,255,53,253,95,6,192,4,203,246,92,188,0,235,0,241,0,219,0,86,0,36,0,17,0,12,0,11,
0,224,254,78,255,233,254,167,255,53,253,95,6,207,3,203,246,31,188,0,235,0,240,0,219,0,87,0,36,0,17,0,12,0,11,
0,224,254,78,255,233,254,167,255,53,253,95,6,211,3,52,247,175,190,0,235,0,241,0,219,0,87,0,36,0,18,0,13,0,11,
0,228,254,83,255,240,254,167,255,53,253,95,6,211,3,52,247,33,190,0,235,0,241,0,220,0,86,0,36,0,17,0,12,0,11,
0,1,255,75,255,225,254,159,255,75,253,177,5,234,4,142,246,33,190,0,235,0,241,0,220,0,87,0,36,0,18,0,13,0,11,
0,249,254,82,255,211,254,159,255,75,253,177,5,72,4,193,246,36,189,0,234,0,241,0,220,0,87,0,36,0,17,0,13,0,11,
0,249,254,82,255,211,254,159,255,75,253,177,5,90,4,142,246,4,190,0,235,0,242,0,221,0,87,0,36,0,17,0,12,0,11,
0,248,254,48,255,225,254,159,255,75,253,177,5,134,4,74,246,212,188,0,234,0,242,0,221,0,88,0,37,0,18,0,13,0,11,
0,231,254,54,255,236,254,159,255,75,253,177,5,134,4,74,246,212,188,0,234,0,242,0,221,0,87,0,40,0,17,0,12,0,11,
0,231,254,54,255,237,254,159,255,75,253,177,5,58,4,210,246,39,190,0,233,0,242,0,221,0,88,0,40,0,19,0,13,0,11,
0,240,254,59,255,237,254,159,255,75,253,177,5,163,4,78,246,200,189,0,233,0,242,0,222,0,88,0,40,0,19,0,13,0,11,
0,251,254,65,255,245,254,159,255,75,253,177,5,222,4,69,246,90,189,0,233,0,243,0,222,0,88,0,39,0,18,0,12,0,11,
0,232,254,69,255,243,254,159,255,75,253,177,5,222,4,127,246,93,190,0,232,0,242,0,222,0,89,0,39,0,19,0,13,0,11,
0,232,254,69,255,243,254,159,255,75,253,177,5,147,3,127,246,93,190,0,233,0,242,0,223,0,88,0,38,0,18,0,13,0,11,
0,204,254,55,255,218,254,169,255,29,253,204,6,73,5,246,245,114,191,0,232,0,242,0,223,0,89,0,38,0,19,0,13,0,11,
0,206,254,67,255,203,254,169,255,29,253,204,6,228,4,9,246,221,189,0,232,0,242,0,223,0,89,0,38,0,19,0,13,0,11,
0,187,254,53,255,223,254,169,255,29,253,204,6,204,3,22,246,195,189,0,232,0,243,0,223,0,89,0,38,0,18,0,13,0,11,
0,187,254,53,255,223,254,169,255,29,253,204,6,204,3,22,246,165,191,0,232,0,243,0,224,0,89,0,37,0,16,0,12,0,11,
0,165,254,38,255,206,254,169,255,29,253,204,6,70,4,85,246,165,191,0,231,0,243,0,224,0,89,0,38,0,17,0,13,0,11,
0,168,254,41,255,215,254,169,255,29,253,204,6,222,4,165,245,192,190,0,231,0,243,0,225,0,90,0,38,0,17,0,12,0,11,
0,180,254,45,255,224,254,169,255,29,253,204,6,97,5,166,245,78,189,0,231,0,243,0,225,0,89,0,37,0,16,0,12,0,11,
0,180,254,45,255,224,254,169,255,29,253,204,6,97,5,210,245,205,189,0,230,0,243,0,225,0,90,0,38,0,16,0,12,0,11,
0,164,254,26,255,214,254,169,255,29,253,204,6,155,3,210,245,205,189,0,230,0,243,0,226,0,90,0,37,0,16,0,12,0,11,
0,145,254,16,255,221,254,169,255,29,253,204,6,235,4,200,245,181,192,0,230,0,243,0,225,0,90,0,38,0,17,0,13,0,11,
0,145,254,16,255,232,254,169,255,29,253,204,6,86,5,70,245,195,189,0,229,0,243,0,225,0,90,0,38,0,17,0,12,0,11,
0,116,254,9,255,232,254,94,255,137,253,39,6,196,4,146,245,46,189,0,229,0,243,0,225,0,90,0,38,0,17,0,13,0,11,
0,125,254,35,255,211,254,94,255,137,253,39,6,196,4,146,245,68,190,0,230,0,243,0,226,0,90,0,37,0,16,0,12,0,11,
0,161,254,9,255,226,254,94,255,137,253,39,6,77,3,223,245,68,190,0,229,0,242,0,225,0,91,0,38,0,17,0,13,0,11,
0,161,254,9,255,226,254,94,255,137,253,39,6,215,4,245,245,219,191,0,229,0,243,0,226,0,90,0,38,0,16,0,12,0,11,
0,141,254,247,254,228,254,94,255,137,253,39,6,171,5,43,245,205,188,0,228,0,242,0,226,0,91,0,38,0,17,0,13,0,11,
0,117,254,13,255,233,254,94,255,137,253,39,6,46,3,204,245,171,189,0,228,0,243,0,226,0,91,0,38,0,17,0,13,0,11,
0,95,254,12,255,229,254,94,255,137,253,39,6,46,3,204,245,171,189,0,228,0,243,0,226,0,90,0,38,0,17,0,12,0,11,
0,95,254,12,255,229,254,94,255,137,253,39,6,81,4,211,245,51,193,0,227,0,242,0,225,0,91,0,38,0,18,0,13,0,12,
0,57,254,6,255,229,254,94,255,137,253,39,6,203,5,59,245,0,190,0,227,0,243,0,226,0,90,0,38,0,17,0,12,0,11,
0,75,254,243,254,220,254,94,255,137,253,39,6,36,4,197,245,93,189,0,227,0,242,0,225,0,91,0,38,0,18,0,13,0,11,
0,52,254,233,254,242,254,125,255,79,253,17,6,36,4,197,246,191,191,0,226,0,242,0,225,0,91,0,38,0,18,0,13,0,11,
0,52,254,233,254,242,254,125,255,79,253,17,6,162,3,31,246,191,191,0,226,0,242,0,225,0,90,0,38,0,17,0,13,0,11,
0,68,254,229,254,252,254,125,255,79,253,17,6,235,4,180,245,145,191,0,226,0,242,0,224,0,91,0,38,0,17,0,13,0,11,
0,10,254,224,254,229,254,125,255,79,253,17,6,184,4,67,245,193,189,0,226,0,243,0,224,0,90,0,38,0,16,0,12,0,11,
0,10,254,224,254,238,254,125,255,79,253,17,6,92,3,211,245,191,189,0,225,0,242,0,223,0,90,0,38,0,20,0,13,0,11,
0,255,253,224,254,238,254,125,255,79,253,17,6,92,3,211,245,191,189,0,225,0,242,0,223,0,90,0,38,0,19,0,13,0,11,
0,8,254,209,254,232,254,125,255,79,253,17,6,122,4,56,246,184,191,0,225,0,242,0,223,0,89,0,38,0,18,0,12,0,11,
0,13,254,178,254,222,254,125,255,79,253,17,6,175,4,102,245,204,188,0,225,0,242,0,222,0,89,0,38,0,19,0,13,0,11,
0,13,254,178,254,222,254,125,255,79,253,17,6,147,3,234,245,82,191,0,225,0,242,0,222,0,89,0,37,0,17,0,12,0,11,
0,236,253,181,254,219,254,125,255,79,253,17,6,147,3,246,245,134,190,0,225,0,241,0,220,0,89,0,38,0,18,0,12,0,11,
0,211,253,178,254,220,254,189,255,44,253,248,6,62,4,246,245,134,190,0,225,0,241,0,220,0,89,0,38,0,18,0,13,0,11,
0,219,253,148,254,190,254,189,255,44,253,248,6,222,3,68,246,68,191,0,225,0,241,0,219,0,88,0,37,0,18,0,13,0,11,
0,219,253,148,254,190,254,189,255,44,253,248,6,75,4,206,245,196,190,0,225,0,241,0,219,0,88,0,37,0,18,0,13,0,11,
0,229,253,158,254,201,254,189,255,44,253,248,6,145,4,6,246,152,189,0,225,0,241,0,218,0,87,0,37,0,17,0,13,0,11,
0,214,253,146,254,194,254,189,255,44,253,248,6,145,4,6,246,20,189,0,224,0,240,0,217,0,88,0,38,0,18,0,13,0,11,
0,193,253,148,254,209,254,189,255,44,253,248,6,198,3,52,246,20,189,0,224,0,240,0,216,0,87,0,37,0,18,0,13,0,11,
0,193,253,148,254,209,254,189,255,44,253,248,6,11,3,191,246,48,191,0,224,0,240,0,216,0,87,0,37,0,17,0,12,0,11,
0,220,253,126,254,216,254,189,255,44,253,248,6,77,4,128,246,131,192,0,224,0,239,0,215,0,87,0,37,0,18,0,13,0,11,
0,217,253,119,254,208,254,189,255,44,253,248,6,77,4,85,246,101,189,0,224,0,240,0,215,0,86,0,36,0,17,0,12,0,11,
0,217,253,119,254,199,254,189,255,44,253,248,6,125,4,85,246,101,189,0,224,0,239,0,214,0,86,0,36,0,17,0,13,0,11,
0,201,253,120,254,199,254,136,255,72,253,8,6,104,3,222,246,205,188,0,224,0,239,0,214,0,86,0,36,0,18,0,13,0,11,
0,230,253,126,254,205,254,136,255,72,253,8,6,167,2,31,247,171,190,0,224,0,239,0,213,0,86,0,36,0,17,0,12,0,11,
0,233,253,129,254,216,254,136,255,72,253,8,6,203,3,32,247,75,192,0,224,0,240,0,213,0,85,0,36,0,17,0,12,0,11,
0,233,253,129,254,216,254,136,255,72,253,8,6,203,3,32,247,43,189,0,223,0,239,0,212,0,85,0,36,0,18,0,13,0,11,
0,181,253,123,254,226,254,136,255,72,253,8,6,16,4,167,246,43,189,0,224,0,239,0,212,0,85,0,36,0,17,0,12,0,11,
0,181,253,129,254,223,254,136,255,72,253,8,6,126,3,196,246,180,187,0,224,0,239,0,212,0,84,0,35,0,16,0,12,0,11,
0,189,253,113,254,215,254,136,255,72,253,8,6,246,2,102,247,207,189,0,224,0,239,0,212,0,84,0,36,0,17,0,12,0,11,
0,189,253,113,254,215,254,136,255,72,253,8,6,181,2,132,247,171,190,0,224,0,239,0,211,0,84,0,35,0,17,0,13,0,11,
0,180,253,120,254,199,254,136,255,72,253,8,6,181,2,132,247,171,190,0,224,0,239,0,212,0,84,0,35,0,16,0,12,0,11,
0,188,253,133,254,180,254,136,255,72,253,8,6,66,4,106,247,101,190,0,224,0,239,0,211,0,84,0,35,0,17,0,12,0,11,
0,162,253,123,254,199,254,136,255,72,253,183,5,251,3,226,246,88,187,0,224,0,239,0,211,0,84,0,35,0,17,0,12,0,11,
0,162,253,123,254,199,254,137,255,31,253,183,5,140,3,143,247,43,189,0,224,0,239,0,211,0,84,0,35,0,17,0,13,0,11,
0,145,253,106,254,200,254,137,255,31,253,183,5,140,3,228,247,162,188,0,224,0,239,0,211,0,84,0,35,0,17,0,13,0,11,
0,176,253,66,254,198,254,137,255,31,253,183,5,170,2,228,247,162,188,0,224,0,239,0,212,0,83,0,35,0,16,0,12,0,11,
0,176,253,66,254,189,254,137,255,31,253,183,5,250,2,237,247,1,190,0,224,0,239,0,212,0,84,0,35,0,17,0,12,0,11,
0,201,253,71,254,189,254,137,255,31,253,183,5,76,4,142,247,63,189,0,224,0,239,0,212,0,84,0,36,0,17,0,13,0,11,
0,213,253,83,254,193,254,137,255,31,253,183,5,70,3,176,247,249,187,0,224,0,239,0,212,0,84,0,35,0,17,0,12,0,11,
0,202,253,111,254,185,254,137,255,31,253,183,5,70,3,176,247,249,189,0,225,0,239,0,212,0,84,0,35,0,17,0,13,0,11,
0,202,253,111,254,185,254,137,255,31,253,183,5,92,3,14,248,40,189,0,224,0,239,0,213,0,84,0,35,0,17,0,12,0,11,
0,211,253,134,254,181,254,137,255,31,253,183,5,233,3,162,247,194,188,0,224,0,239,0,213,0,84,0,35,0,17,0,13,0,11,
0,211,253,122,254,178,254,137,255,31,253,183,5,10,4,232,246,4,188,0,224,0,239,0,213,0,84,0,30,0,16,0,13,0,12,
0,226,253,110,254,177,254,223,255,66,253,75,6,10,4,115,247,101,188,0,224,0,239,0,214,0,84,0,31,0,16,0,12,0,11,
0,226,253,110,254,177,254,223,255,66,253,75,6,206,3,115,247,101,188,0,224,0,239,0,214,0,84,0,32,0,16,0,13,0,11,
0,240,253,98,254,179,254,223,255,66,253,75,6,98,2,250,247,95,188,0,224,0,240,0,215,0,84,0,33,0,16,0,12,0,11,
0,216,253,83,254,178,254,223,255,66,253,75,6,56,3,234,247,27,191,0,224,0,239,0,215,0,85,0,34,0,17,0,12,0,11,
0,229,253,83,254,175,254,223,255,66,253,75,6,162,4,93,247,199,189,0,223,0,239,0,215,0,85,0,34,0,17,0,12,0,11,
0,229,253,96,254,175,254,223,255,66,253,75,6,162,4,93,247,173,185,0,223,0,239,0,215,0,85,0,34,0,16,0,12,0,11,
0,210,253,117,254,194,254,223,255,66,253,75,6,159,3,18,247,173,185,0,223,0,239,0,216,0,85,0,35,0,17,0,12,0,11,
0,204,253,122,254,199,254,223,255,66,253,75,6,65,2,11,248,221,189,0,223,0,240,0,217,0,85,0,35,0,16,0,12,0,11,
0,204,253,122,254,192,254,223,255,66,253,75,6,167,3,211,247,72,191,0,223,0,239,0,217,0,86,0,35,0,17,0,12,0,11,
0,220,253,115,254,192,254,223,255,66,253,75,6,167,4,240,246,237,187,0,223,0,239,0,217,0,86,0,35,0,17,0,13,0,11,
0,16,254,116,254,188,254,166,255,67,253,188,5,29,4,240,246,237,187,0,223,0,240,0,217,0,86,0,35,0,16,0,12,0,11,
0,245,253,149,254,197,254,166,255,67,253,188,5,112,3,55,247,242,187,0,223,0,239,0,217,0,86,0,36,0,17,0,13,0,11,
0,245,253,149,254,197,254,166,255,67,253,188,5,15,2,182,247,136,188,0,223,0,240,0,218,0,86,0,36,0,17,0,12,0,11,
0,225,253,110,254,202,254,166,255,67,253,188,5,43,3,179,247,57,192,0,222,0,239,0,218,0,87,0,36,0,18,0,13,0,11,
0,232,253,105,254,178,254,166,255,67,253,188,5,43,3,179,247,173,188,0,222,0,240,0,219,0,87,0,37,0,18,0,13,0,11,
0,225,253,130,254,189,254,166,255,67,253,188,5,193,4,127,246,173,188,0,223,0,240,0,219,0,87,0,36,0,17,0,12,0,11,
0,225,253,130,254,189,254,166,255,67,253,188,5,194,2,19,247,84,187,0,222,0,240,0,220,0,87,0,37,0,18,0,13,0,11,
0,241,253,140,254,198,254,166,255,67,253,188,5,230,2,130,247,179,192,0,223,0,240,0,220,0,87,0,36,0,17,0,12,0,11,
0,211,253,138,254,212,254,166,255,67,253,188,5,100,4,135,246,125,188,0,222,0,240,0,220,0,87,0,37,0,18,0,13,0,11,
0,201,253,138,254,209,254,166,255,67,253,188,5,100,4,135,246,125,188,0,223,0,240,0,220,0,87,0,37,0,18,0,13,0,11,
0,201,253,124,254,209,254,147,255,240,252,59,6,234,2,240,246,62,189,0,223,0,240,0,220,0,87,0,36,0,17,0,13,0,11,
0,231,253,117,254,191,254,147,255,240,252,59,6,12,3,248,246,239,190,0,223,0,240,0,221,0,88,0,41,0,19,0,13,0,11,
0,239,253,131,254,171,254,147,255,240,252,59,6,188,3,150,246,56,190,0,223,0,240,0,222,0,87,0,40,0,18,0,12,0,11,
0,239,253,131,254,188,254,147,255,240,252,59,6,188,3,152,246,168,189,0,223,0,240,0,222,0,88,0,40,0,19,0,13,0,11,
0,242,253,151,254,188,254,147,255,240,252,59,6,84,3,152,246,168,189,0,223,0,240,0,222,0,88,0,39,0,19,0,13,0,11,
0,247,253,116,254,193,254,147,255,240,252,59,6,203,2,178,246,28,190,0,224,0,240,0,221,0,88,0,38,0,17,0,12,0,11,
0,230,253,102,254,181,254,147,255,240,252,59,6,248,2,230,246,35,191,0,224,0,239,0,221,0,88,0,38,0,19,0,13,0,11,
0,230,253,102,254,181,254,147,255,240,252,59,6,171,3,146,246,125,191,0,224,0,240,0,221,0,87,0,37,0,17,0,12,0,11,
0,200,253,140,254,184,254,147,255,240,252,59,6,171,3,146,246,64,189,0,224,0,239,0,221,0,88,0,38,0,18,0,13,0,11,
0,221,253,182,254,205,254,147,255,240,252,59,6,127,3,63,246,64,189,0,224,0,239,0,221,0,88,0,37,0,18,0,13,0,11,
0,206,253,165,254,204,254,100,255,92,253,217,4,239,2,228,246,133,190,0,224,0,239,0,221,0,88,0,36,0,17,0,13,0,11,
0,206,253,165,254,204,254,100,255,92,253,217,4,128,3,194,246,3,191,0,224,0,239,0,221,0,88,0,37,0,17,0,12,0,11,
0,149,253,164,254,203,254,100,255,92,253,217,4,128,3,113,246,230,189,0,224,0,239,0,220,0,88,0,37,0,19,0,13,0,11,
0,148,253,178,254,223,254,100,255,92,253,217,4,196,3,113,246,230,189,0,224,0,239,0,219,0,88,0,38,0,18,0,13,0,11,
0,153,253,178,254,219,254,100,255,92,253,217,4,78,3,114,246,139,189,0,224,0,239,0,219,0,88,0,37,0,18,0,13,0,11,
0,153,253,178,254,219,254,100,255,92,253,217,4,60,3,96,246,198,189,0,224,0,239,0,220,0,87,0,37,0,17,0,13,0,11,
0,162,253,182,254,222,254,100,255,92,253,217,4,97,2,162,246,17,192,0,224,0,239,0,219,0,88,0,37,0,18,0,13,0,12,
0,172,253,194,254,222,254,100,255,92,253,217,4,97,2,162,246,147,189,0,224,0,239,0,219,0,87,0,36,0,17,0,13,0,11,
0,172,253,194,254,246,254,100,255,92,253,217,4,131,3,17,246,147,189,0,223,0,238,0,218,0,88,0,37,0,18,0,13,0,11,
0,201,253,207,254,246,254,100,255,92,253,217,4,100,2,119,246,195,190,0,223,0,238,0,217,0,87,0,37,0,18,0,13,0,11,
0,198,253,214,254,4,255,100,255,92,253,217,4,1,3,216,246,200,191,0,223,0,238,0,217,0,87,0,36,0,17,0,13,0,11,
0,170,253,211,254,235,254,152,255,20,253,148,6,177,2,80,246,254,190,0,223,0,238,0,216,0,87,0,37,0,18,0,13,0,11,
0,170,253,211,254,235,254,152,255,20,253,148,6,177,2,80,246,254,190,0,223,0,238,0,216,0,86,0,36,0,17,0,12,0,11,
0,163,253,206,254,200,254,152,255,20,253,148,6,0,3,171,246,2,190,0,222,0,237,0,216,0,87,0,37,0,18,0,13,0,11,
0,175,253,216,254,206,254,152,255,20,253,148,6,28,2,231,246,118,190,0,222,0,237,0,215,0,86,0,36,0,18,0,13,0,11,
0,111,253,239,254,253,254,152,255,20,253,148,6,144,3,182,246,32,192,0,221,0,237,0,215,0,86,0,36,0,17,0,12,0,11,
0,111,253,239,254,253,254,152,255,20,253,148,6,144,3,30,246,229,188,0,222,0,237,0,214,0,85,0,36,0,18,0,13,0,11,
0,105,253,229,254,9,255,152,255,20,253,148,6,35,3,30,246,229,188,0,221,0,237,0,213,0,85,0,36,0,17,0,12,0,11,
0,96,253,236,254,7,255,152,255,20,253,148,6,110,1,211,246,109,190,0,221,0,236,0,212,0,85,0,36,0,18,0,12,0,11,
0,96,253,236,254,16,255,152,255,20,253,148,6,204,2,8,247,196,192,0,220,0,236,0,212,0,85,0,36,0,17,0,12,0,11,
0,106,253,22,255,16,255,152,255,20,253,148,6,210,3,104,246,247,188,0,220,0,236,0,212,0,84,0,35,0,17,0,12,0,11,
0,112,253,16,255,245,254,244,255,254,252,156,6,210,3,104,246,247,189,0,219,0,236,0,211,0,85,0,36,0,18,0,13,0,11,
0,93,253,18,255,238,254,244,255,254,252,156,6,87,1,166,246,234,189,0,219,0,237,0,211,0,84,0,35,0,16,0,12,0,11,
0,93,253,18,255,229,254,244,255,254,252,156,6,209,1,162,247,183,193,0,219,0,236,0,211,0,84,0,36,0,17,0,13,0,11,
0,88,253,17,255,229,254,244,255,254,252,156,6,165,3,26,246,217,189,0,219,0,236,0,210,0,84,0,35,0,17,0,13,0,11,
0,98,253,3,255,196,254,244,255,254,252,156,6,165,3,250,246,40,189,0,218,0,237,0,210,0,83,0,35,0,17,0,12,0,11,
0,94,253,252,254,219,254,244,255,254,252,156,6,110,1,250,246,40,189,0,217,0,236,0,209,0,84,0,35,0,18,0,13,0,11,
0,94,253,252,254,219,254,244,255,254,252,156,6,29,2,50,247,235,192,0,217,0,236,0,210,0,83,0,35,0,16,0,12,0,11,
0,118,253,16,255,235,254,244,255,254,252,156,6,64,2,183,246,27,189,0,217,0,236,0,209,0,83,0,35,0,18,0,13,0,11,
0,127,253,32,255,233,254,244,255,254,252,156,6,208,1,94,247,82,191,0,217,0,237,0,209,0,83,0,35,0,17,0,13,0,11,
0,138,253,39,255,219,254,244,255,254,252,156,6,208,1,94,247,62,191,0,216,0,237,0,209,0,83,0,35,0,17,0,12,0,11,
0,138,253,39,255,219,254,134,255,2,253,65,5,41,3,253,246,62,191,0,216,0,237,0,209,0,83,0,35,0,16,0,12,0,11,
0,113,253,45,255,195,254,134,255,2,253,65,5,157,2,251,246,112,190,0,215,0,236,0,208,0,83,0,35,0,18,0,13,0,11,
0,103,253,63,255,187,254,134,255,2,253,65,5,249,1,90,247,99,190,0,215,0,236,0,208,0,83,0,35,0,17,0,12,0,11,
0,103,253,63,255,184,254,134,255,2,253,65,5,243,1,112,247,79,191,0,215,0,237,0,208,0,82,0,34,0,16,0,12,0,11,
0,91,253,52,255,184,254,134,255,2,253,65,5,243,1,112,247,79,191,0,214,0,237,0,208,0,82,0,34,0,16,0,12,0,11,
0,106,253,78,255,186,254,134,255,2,253,65,5,88,2,120,247,11,191,0,214,0,237,0,208,0,82,0,34,0,16,0,12,0,11,
0,105,253,93,255,203,254,134,255,2,253,65,5,3,2,13,247,65,188,0,213,0,237,0,207,0,82,0,35,0,16,0,12,0,11,
0,105,253,93,255,185,254,134,255,2,253,65,5,213,1,205,247,160,190,0,213,0,237,0,207,0,82,0,34,0,16,0,12,0,11,
0,116,253,90,255,185,254,134,255,2,253,65,5,213,1,205,247,246,191,0,213,0,237,0,208,0,81,0,34,0,17,0,12,0,11,
0,114,253,84,255,178,254,134,255,2,253,65,5,237,2,201,247,246,191,0,213,0,237,0,207,0,82,0,34,0,15,0,12,0,11,
0,98,253,73,255,180,254,120,255,34,253,179,6,239,2,109,247,113,187,0,212,0,237,0,208,0,81,0,34,0,17,0,12,0,11,
0,98,253,73,255,180,254,120,255,34,253,179,6,166,1,88,248,33,190,0,212,0,237,0,208,0,82,0,35,0,18,0,13,0,11,
0,81,253,56,255,166,254,120,255,34,253,179,6,145,1,99,248,87,191,0,212,0,237,0,207,0,82,0,35,0,16,0,12,0,11,
0,95,253,35,255,165,254,120,255,34,253,179,6,145,1,99,248,87,191,0,212,0,238,0,207,0,81,0,34,0,15,0,12,0,11,
0,117,253,41,255,185,254,120,255,34,253,179,6,105,3,250,247,33,191,0,212,0,238,0,208,0,82,0,34,0,17,0,12,0,11,
0,117,253,41,255,185,254,120,255,34,253,179,6,240,2,139,247,199,186,0,212,0,238,0,208,0,82,0,34,0,17,0,12,0,11,
0,99,253,39,255,182,254,120,255,34,253,179,6,96,1,125,248,41,190,0,211,0,238,0,208,0,82,0,35,0,17,0,13,0,11,
0,68,253,35,255,173,254,120,255,34,253,179,6,96,1,127,248,196,191,0,211,0,238,0,208,0,82,0,35,0,17,0,12,0,11,
0,68,253,35,255,183,254,120,255,34,253,179,6,42,2,127,248,196,191,0,212,0,239,0,209,0,82,0,35,0,17,0,13,0,11,
0,75,253,85,255,183,254,120,255,34,253,179,6,174,3,191,247,136,188,0,212,0,239,0,209,0,82,0,34,0,17,0,12,0,11,
0,71,253,89,255,178,254,120,255,34,253,179,6,130,2,64,248,40,187,0,212,0,239,0,209,0,82,0,34,0,16,0,12,0,11,
0,57,253,48,255,164,254,237,255,234,252,165,6,160,1,198,248,167,190,0,212,0,239,0,210,0,82,0,35,0,17,0,13,0,11,
0,57,253,48,255,164,254,237,255,234,252,165,6,160,1,198,248,94,191,0,212,0,239,0,210,0,83,0,35,0,17,0,12,0,11,
0,82,253,45,255,146,254,237,255,234,252,165,6,72,3,176,248,94,191,0,212,0,239,0,211,0,83,0,34,0,17,0,12,0,11,
0,88,253,43,255,157,254,237,255,234,252,165,6,239,3,170,247,11,187,0,213,0,240,0,212,0,82,0,34,0,16,0,12,0,11,
0,87,253,53,255,146,254,237,255,234,252,165,6,169,1,168,248,20,189,0,212,0,239,0,212,0,83,0,35,0,17,0,13,0,11,
0,87,253,53,255,146,254,237,255,234,252,165,6,169,1,239,248,56,191,0,213,0,240,0,212,0,83,0,34,0,16,0,12,0,10,
0,89,253,39,255,147,254,237,255,234,252,165,6,17,3,239,248,56,191,0,213,0,240,0,213,0,83,0,30,0,16,0,13,0,12,
0,93,253,25,255,155,254,237,255,234,252,165,6,43,4,64,248,218,188,0,214,0,240,0,214,0,84,0,31,0,16,0,12,0,11,
0,103,253,32,255,177,254,237,255,234,252,165,6,224,2,85,248,196,187,0,214,0,241,0,214,0,83,0,32,0,16,0,12,0,11,
0,103,253,32,255,177,254,237,255,234,252,165,6,166,2,190,248,248,189,0,214,0,241,0,215,0,84,0,33,0,17,0,13,0,11,
0,112,253,16,255,199,254,214,255,6,253,218,5,166,2,190,248,191,190,0,215,0,241,0,215,0,84,0,33,0,16,0,12,0,11,
0,104,253,11,255,209,254,214,255,6,253,218,5,166,3,163,248,191,190,0,215,0,241,0,215,0,85,0,35,0,17,0,13,0,11,
0,104,253,11,255,181,254,214,255,6,253,218,5,188,3,121,248,72,188,0,215,0,241,0,216,0,85,0,35,0,17,0,13,0,11,
0,65,253,255,254,181,254,214,255,6,253,218,5,9,3,27,249,103,190,0,215,0,241,0,216,0,85,0,35,0,17,0,13,0,11,
0,53,253,28,255,165,254,214,255,6,253,218,5,68,4,117,248,18,189,0,215,0,241,0,216,0,85,0,36,0,17,0,13,0,11,
0,89,253,28,255,195,254,214,255,6,253,218,5,68,4,117,248,18,189,0,216,0,241,0,217,0,85,0,35,0,16,0,12,0,11,
0,89,253,28,255,195,254,214,255,6,253,218,5,81,3,190,248,49,188,0,216,0,241,0,217,0,86,0,36,0,17,0,13,0,11,
0,104,253,251,254,210,254,214,255,6,253,218,5,12,3,226,248,163,189,0,217,0,241,0,217,0,86,0,36,0,17,0,13,0,11,
0,47,253,225,254,209,254,214,255,6,253,218,5,40,4,195,248,37,190,0,218,0,241,0,217,0,85,0,36,0,17,0,12,0,11,
0,47,253,222,254,213,254,214,255,6,253,218,5,40,4,134,248,246,187,0,218,0,241,0,218,0,86,0,36,0,18,0,13,0,11,
0,47,253,222,254,213,254,178,255,199,252,37,7,27,4,134,248,246,187,0,219,0,241,0,218,0,86,0,36,0,17,0,12,0,11,
0,66,253,227,254,212,254,178,255,199,252,37,7,149,3,149,248,203,189,0,219,0,240,0,218,0,87,0,37,0,17,0,13,0,11,
0,50,253,214,254,223,254,178,255,199,252,37,7,210,3,155,248,142,189,0,220,0,240,0,218,0,87,0,36,0,18,0,13,0,11,
0,44,253,177,254,220,254,178,255,199,252,37,7,150,3,139,248,175,188,0,220,0,240,0,218,0,86,0,36,0,17,0,12,0,11,
0,44,253,177,254,220,254,178,255,199,252,37,7,150,3,139,248,175,189,0,221,0,240,0,219,0,86,0,36,0,18,0,13,0,11,
0,56,253,160,254,222,254,178,255,199,252,37,7,201,2,144,248,173,189,0,222,0,240,0,219,0,86,0,36,0,17,0,12,0,11,
0,20,253,151,254,221,254,178,255,199,252,37,7,230,3,117,248,243,190,0,222,0,239,0,219,0,87,0,36,0,18,0,13,0,11,
0,20,253,151,254,219,254,178,255,199,252,37,7,247,3,245,247,242,188,0,223,0,239,0,219,0,87,0,40,0,18,0,12,0,11,
0,0,253,138,254,219,254,178,255,199,252,37,7,247,3,159,248,171,188,0,224,0,239,0,219,0,86,0,39,0,18,0,12,0,10,
0,237,252,135,254,230,254,178,255,199,252,37,7,206,2,159,248,171,188,0,224,0,239,0,219,0,87,0,39,0,17,0,12,0,10,
0,248,252,108,254,217,254,216,255,178,252,246,5,38,3,109,248,24,190,0,225,0,238,0,218,0,87,0,39,0,19,0,13,0,11,
0,248,252,108,254,217,254,216,255,178,252,246,5,115,3,75,248,167,190,0,225,0,238,0,218,0,87,0,38,0,18,0,13,0,11,
0,252,252,116,254,210,254,216,255,178,252,246,5,203,3,191,247,24,189,0,226,0,238,0,217,0,87,0,38,0,19,0,13,0,11,
0,220,252,130,254,247,254,216,255,178,252,246,5,203,3,191,247,80,189,0,227,0,237,0,217,0,86,0,37,0,17,0,13,0,11,
0,225,252,144,254,3,255,216,255,178,252,246,5,93,2,120,248,80,189,0,228,0,237,0,217,0,87,0,37,0,19,0,13,0,11,
0,225,252,144,254,3,255,216,255,178,252,246,5,148,3,191,247,30,190,0,229,0,237,0,217,0,86,0,37,0,17,0,13,0,11,
0,245,252,153,254,39,255,216,255,178,252,246,5,56,2,37,248,159,187,0,229,0,237,0,216,0,87,0,37,0,18,0,13,0,11,
0,241,252,122,254,28,255,216,255,178,252,246,5,98,2,91,248,53,192,0,230,0,236,0,215,0,86,0,37,0,18,0,13,0,11,
0,222,252,104,254,12,255,216,255,178,252,246,5,98,2,91,248,53,192,0,231,0,236,0,215,0,86,0,36,0,17,0,13,0,11,
0,222,252,104,254,12,255,216,255,178,252,246,5,234,3,206,247,117,189,0,231,0,236,0,214,0,86,0,37,0,18,0,13,0,11,
0,181,252,120,254,4,255,216,255,178,252,246,5,245,1,130,247,138,187,0,232,0,236,0,214,0,85,0,36,0,17,0,12,0,11,
0,164,252,138,254,26,255,184,255,14,253,192,5,201,1,83,248,202,191,0,232,0,236,0,213,0,86,0,36,0,17,0,13,0,11,
0,164,252,138,254,42,255,184,255,14,253,192,5,201,1,83,247,103,191,0,233,0,235,0,212,0,85,0,36,0,18,0,13,0,11,
0,159,252,142,254,42,255,184,255,14,253,192,5,119,3,184,247,103,191,0,234,0,235,0,212,0,84,0,36,0,17,0,12,0,11,
0,140,252,142,254,42,255,184,255,14,253,192,5,226,2,120,247,177,188,0,235,0,236,0,211,0,84,0,36,0,17,0,12,0,11,
0,154,252,144,254,29,255,184,255,14,253,192,5,19,2,201,247,43,188,0,235,0,235,0,211,0,84,0,36,0,18,0,13,0,11,
0,154,252,144,254,29,255,184,255,14,253,192,5,47,1,106,248,251,189,0,235,0,235,0,210,0,84,0,36,0,17,0,12,0,11,
0,137,252,146,254,58,255,184,255,14,253,192,5,47,1,106,248,251,189,0,235,0,235,0,209,0,84,0,35,0,17,0,13,0,11,
0,132,252,127,254,48,255,184,255,14,253,192,5,160,2,100,248,16,191,0,236,0,235,0,209,0,84,0,36,0,17,0,13,0,11,
0,139,252,129,254,58,255,184,255,14,253,192,5,174,2,43,247,125,187,0,236,0,235,0,208,0,83,0,35,0,17,0,13,0,11,
0,139,252,129,254,58,255,184,255,14,253,192,5,109,1,201,247,35,188,0,237,0,236,0,208,0,83,0,35,0,17,0,12,0,11,
0,135,252,116,254,80,255,1,0,194,252,45,6,109,1,24,248,192,190,0,237,0,235,0,208,0,83,0,35,0,17,0,13,0,11,
0,113,252,136,254,46,255,1,0,194,252,45,6,138,0,24,248,192,190,0,237,0,235,0,208,0,83,0,35,0,17,0,13,0,11,
0,138,252,162,254,33,255,1,0,194,252,45,6,109,2,232,247,33,191,0,237,0,236,0,208,0,82,0,35,0,17,0,12,0,11,
0,138,252,162,254,33,255,1,0,194,252,45,6,255,1,139,247,229,187,0,237,0,236,0,207,0,83,0,35,0,16,0,12,0,11,
0,96,252,170,254,17,255,1,0,194,252,45,6,88,0,191,247,116,188,0,238,0,236,0,208,0,82,0,34,0,17,0,12,0,11,
0,89,252,170,254,20,255,1,0,194,252,45,6,88,0,191,247,2,191,0,238,0,236,0,207,0,82,0,35,0,16,0,13,0,11,
0,89,252,170,254,44,255,1,0,194,252,45,6,16,1,251,247,2,191,0,238,0,236,0,207,0,82,0,35,0,16,0,12,0,11,
0,98,252,179,254,44,255,1,0,194,252,45,6,251,1,14,248,51,192,0,238,0,237,0,207,0,82,0,34,0,16,0,12,0,11,
0,79,252,190,254,60,255,1,0,194,252,45,6,185,1,90,247,175,187,0,239,0,237,0,208,0,82,0,34,0,17,0,12,0,11,
0,62,252,200,254,36,255,1,0,194,252,45,6,185,1,255,247,222,188,0,238,0,237,0,208,0,82,0,35,0,18,0,13,0,11,
0,62,252,200,254,36,255,162,255,230,252,150,5,19,0,255,247,222,188,0,238,0,237,0,208,0,82,0,35,0,17,0,12,0,11,
0,83,252,201,254,41,255,162,255,230,252,150,5,38,1,78,248,66,192,0,238,0,237,0,208,0,82,0,34,0,17,0,13,0,11,
0,82,252,242,254,17,255,162,255,230,252,150,5,247,1,170,247,21,190,0,238,0,238,0,208,0,81,0,34,0,16,0,12,0,10,
0,77,252,239,254,14,255,162,255,230,252,150,5,164,1,85,247,225,186,0,238,0,238,0,208,0,82,0,34,0,17,0,13,0,11,
0,77,252,239,254,14,255,162,255,230,252,150,5,164,1,85,247,229,189,0,238,0,239,0,208,0,81,0,34,0,16,0,12,0,11,
0,61,252,222,254,4,255,162,255,230,252,150,5,125,255,215,247,229,189,0,229,0,241,0,210,0,82,0,35,0,17,0,13,0,11,
0,68,252,244,254,248,254,162,255,230,252,150,5,90,1,251,247,151,192,0,219,0,249,0,217,0,83,0,35,0,17,0,13,0,11,
0,79,252,244,255,213,254,162,255,230,252,150,5,217,1,178,248,200,193,0,166,1,22,0,250,0,87,0,35,0,16,0,12,0,11,
0,79,252,2,255,213,254,162,255,230,252,150,5,17,1,149,245,204,204,0,136,1,64,1,69,0,98,0,38,0,16,0,13,0,12,
0,182,252,212,254,211,254,162,255,230,252,150,5,17,1,149,245,204,204,0,139,1,79,1,86,0,108,0,40,0,18,0,12,0,11,
0,205,253,143,254,140,254,168,255,166,252,75,6,169,19,217,248,167,213,0,142,1,80,1,87,0,116,0,43,0,19,0,13,0,11,
0,205,253,143,254,68,252,168,255,166,252,75,6,213,49,113,255,207,218,0,139,1,81,1,87,0,122,0,45,0,20,0,13,0,12,
0,66,255,20,255,68,252,168,255,166,252,75,6,179,59,198,3,224,249,0,132,1,78,1,73,0,126,0,48,0,19,0,13,0,12,
0,149,2,255,253,230,248,168,255,166,252,75,6,179,59,178,16,18,24,0,133,1,55,0,217,0,118,0,49,0,22,0,13,0,11,
0,23,9,35,248,197,246,168,255,166,252,75,6,238,46,178,16,18,24,0,135,0,247,0,133,0,100,0,44,0,16,0,11,0,9,
0,23,9,35,248,197,246,168,255,166,252,75,6,89,45,73,36,158,14,0,135,0,161,0,132,0,89,0,42,0,17,0,12,0,10,
0,59,16,80,239,128,247,168,255,166,252,75,6,145,38,225,47,4,1,0,136,0,139,0,133,0,83,0,42,0,20,0,14,0,11,
0,155,21,116,233,105,250,168,255,166,252,75,6,115,20,231,46,90,3,0,137,0,136,0,134,0,75,0,39,0,18,0,12,0,11,
0,235,24,88,234,13,255,168,255,166,252,75,6,115,20,231,46,90,255,0,139,0,137,0,133,0,68,0,34,0,16,0,12,0,12,
0,235,24,88,234,13,255,168,255,166,252,75,6,228,6,71,28,162,255,0,142,0,140,0,134,0,63,0,32,0,16,0,12,0,12,
0,178,25,155,238,254,4,47,0,16,253,201,6,223,2,1,14,8,253,0,150,0,144,0,134,0,62,0,33,0,18,0,14,0,12,
0,188,24,242,241,91,9,47,0,16,253,201,6,80,251,84,3,3,244,0,164,0,141,0,133,0,58,0,29,0,15,0,12,0,12,
0,170,22,242,241,83,10,47,0,16,253,201,6,80,251,57,255,165,223,0,180,0,137,0,133,0,54,0,25,0,13,0,11,0,12,
0,170,22,152,243,83,10,47,0,16,253,201,6,219,244,57,255,165,223,0,196,0,134,0,132,0,54,0,26,0,15,0,12,0,11,
0,139,19,79,245,250,8,47,0,16,253,201,6,80,235,167,251,195,209,0,215,0,134,0,133,0,53,0,26,0,14,0,12,0,10,
0,211,14,240,247,158,7,47,0,16,253,201,6,208,220,125,244,240,208,0,237,0,134,0,133,0,51,0,24,0,13,0,11,0,11,
0,211,14,240,247,7,7,47,0,16,253,201,6,64,215,59,231,248,203,1,4,0,133,0,134,0,49,0,22,0,12,0,11,0,11,
0,46,9,72,250,7,7,47,0,16,253,201,6,64,215,59,231,139,196,1,22,0,134,0,140,0,50,0,23,0,13,0,11,0,10,
0,125,3,179,251,141,6,47,0,16,253,201,6,88,212,75,220,139,196,1,33,0,135,1,89,0,74,0,28,0,17,0,13,0,12,
0,144,254,59,252,198,5,47,0,16,253,201,6,46,215,75,213,34,191,1,40,0,140,1,84,0,86,0,28,0,14,0,11,0,11,
0,144,254,59,252,198,5,47,0,16,253,201,6,220,223,18,208,105,186,1,38,0,155,1,81,0,97,0,32,0,15,0,11,0,11,
0,89,250,66,252,157,4,34,0,84,253,35,6,210,232,184,210,131,180,1,27,0,194,1,79,0,107,0,36,0,16,0,12,0,10,
0,50,247,215,251,12,3,34,0,84,253,35,6,210,232,184,210,131,180,1,13,0,247,1,79,0,113,0,39,0,16,0,11,0,10,
0,190,245,130,250,112,1,34,0,84,253,35,6,51,241,228,220,179,171,0,251,1,45,1,78,0,118,0,35,0,15,0,12,0,12,
0,190,245,130,250,112,1,34,0,84,253,35,6,42,246,194,236,134,173,0,236,1,76,1,76,0,122,0,40,0,16,0,12,0,11,
0,204,245,203,247,245,255,34,0,84,253,35,6,57,255,199,246,11,166,0,218,1,75,1,72,0,128,0,48,0,20,0,13,0,11,
0,138,247,172,243,162,254,34,0,84,253,35,6,57,255,199,1,51,159,0,197,1,72,1,65,0,129,0,49,0,19,0,13,0,12,
0,222,250,172,243,67,254,34,0,84,253,35,6,195,253,136,1,51,159,0,186,1,70,1,47,0,127,0,49,0,18,0,12,0,12,
0,222,250,158,239,67,254,34,0,84,253,35,6,14,1,85,2,105,153,0,183,1,69,1,8,0,124,0,51,0,21,0,13,0,11,
0,5,255,140,237,38,0,34,0,84,253,35,6,31,253,183,0,197,151,0,182,1,67,0,211,0,117,0,52,0,25,0,15,0,11,
0,35,3,187,237,46,3,34,0,84,253,35,6,253,245,97,4,178,169,0,183,1,67,0,148,0,103,0,48,0,22,0,14,0,11,
0,35,3,187,237,93,5,177,0,74,253,187,6,253,245,97,4,178,169,0,190,1,65,0,134,0,90,0,44,0,19,0,13,0,11,
0,196,6,9,239,93,5,177,0,74,253,187,6,60,247,154,6,69,182,0,200,1,62,0,133,0,83,0,43,0,20,0,14,0,11,
0,213,9,99,241,222,5,177,0,74,253,187,6,203,244,16,6,107,191,0,210,1,59,0,132,0,77,0,41,0,20,0,14,0,11,
0,211,11,147,244,226,4,177,0,74,253,187,6,216,237,56,4,34,198,0,222,1,55,0,133,0,69,0,36,0,17,0,12,0,11,
0,211,11,147,244,226,4,177,0,74,253,187,6,216,237,53,0,107,207,0,235,1,48,0,132,0,65,0,34,0,17,0,13,0,11,
0,176,12,85,248,118,3,177,0,74,253,187,6,110,237,53,0,107,207,0,252,1,38,0,133,0,63,0,33,0,18,0,13,0,11,
0,207,12,120,252,143,2,177,0,74,253,187,6,103,238,248,248,168,204,1,13,1,28,0,134,0,59,0,30,0,16,0,12,0,11,
0,18,12,202,0,10,2,177,0,74,253,187,6,68,240,246,244,22,203,1,30,1,17,0,136,0,56,0,28,0,15,0,12,0,11,
0,18,12,202,0,10,2,177,0,74,253,187,6,39,244,8,241,246,206,1,52,1,6,0,138,0,55,0,27,0,14,0,12,0,11,
0,194,10,159,4,244,1,177,0,74,253,187,6,39,244,8,241,204,204,1,66,0,250,0,149,0,56,0,27,0,17,0,13,0,11,
0,53,9,151,7,37,2,143,0,140,253,67,6,242,249,134,234,204,204,1,71,0,239,0,253,0,67,0,28,0,16,0,13,0,12,
0,53,7,151,7,160,2,143,0,140,253,67,6,55,253,220,228,11,201,1,72,0,231,1,82,0,82,0,30,0,16,0,13,0,12,
0,188,7,151,9,160,2,143,0,140,253,67,6,205,254,222,224,252,196,1,65,0,225,1,76,0,95,0,33,0,16,0,13,0,12,
0,205,6,7,10,18,3,143,0,140,253,67,6,205,0,207,223,172,199,1,63,0,223,1,75,0,104,0,37,0,16,0,12,0,11,
0,32,6,242,8,114,3,143,0,140,253,67,6,245,0,207,223,172,199,1,62,0,222,1,73,0,111,0,43,0,17,0,12,0,11,
0,32,6,242,8,191,3,143,0,140,253,67,6,72,6,250,222,213,199,1,61,0,223,1,72,0,117,0,45,0,18,0,12,0,11,
0,147,5,153,6,191,3,143,0,140,253,67,6,36,7,194,224,187,196,1,89,0,224,1,72,0,122,0,47,0,20,0,13,0,11,
0,29,5,164,3,176,3,143,0,140,253,67,6,8,6,212,227,87,198,1,88,0,226,1,71,0,126,0,50,0,21,0,13,0,11,
0,140,4,248,0,66,3,143,0,140,253,67,6,8,6,212,227,56,201,1,81,0,231,1,70,0,127,0,50,0,20,0,13,0,11,
0,140,4,248,0,66,3,143,0,140,253,67,6,97,6,140,231,56,201,1,75,0,237,1,70,0,131,0,52,0,21,0,13,0,11,
0,243,3,233,254,94,2,134,0,157,253,55,6,165,7,254,234,229,199,1,73,0,242,1,70,0,133,0,55,0,23,0,14,0,11,
0,54,3,223,253,156,1,134,0,157,253,55,6,102,8,62,239,20,202,1,73,0,244,1,68,0,134,0,55,0,23,0,14,0,11,
0,89,2,190,253,226,0,134,0,157,253,55,6,255,12,142,241,175,204,1,73,0,246,1,68,0,134,0,55,0,22,0,14,0,11,
0,89,2,190,253,226,0,134,0,157,253,55,6,255,12,142,241,175,204,1,72,0,246,1,66,0,136,0,57,0,24,0,15,0,12,
0,164,1,67,254,66,0,134,0,157,253,55,6,187,14,20,243,18,203,1,71,0,244,1,67,0,137,0,58,0,25,0,15,0,12,
0,199,0,3,255,204,255,134,0,157,253,55,6,199,17,130,244,225,205,1,71,0,240,1,65,0,136,0,58,0,25,0,15,0,12,
0,199,0,3,255,98,255,134,0,157,253,55,6,140,21,123,243,50,200,1,72,0,234,1,63,0,136,0,57,0,25,0,14,0,11,
0,216,255,157,255,98,255,134,0,157,253,55,6,140,21,237,242,128,196,1,70,0,228,1,62,0,137,0,59,0,27,0,16,0,12,
0,52,255,38,0,110,255,134,0,157,253,55,6,216,22,237,242,128,196,1,69,0,223,1,61,0,136,0,59,0,26,0,15,0,12,
0,169,254,143,0,190,255,134,0,157,253,55,6,163,22,93,242,59,195,1,68,0,218,1,58,0,136,0,59,0,26,0,16,0,12,
0,169,254,143,0,6,0,134,0,157,253,55,6,26,23,70,241,126,196,1,68,0,214,1,57,0,136,0,59,0,26,0,16,0,13,
0,54,254,126,0,6,0,167,0,186,253,253,6,138,23,94,239,119,191,1,66,0,210,1,55,0,135,0,59,0,26,0,16,0,12,
0,181,253,220,255,118,0,167,0,186,253,253,6,138,23,94,239,117,186,1,65,0,209,1,52,0,134,0,59,0,26,0,16,0,12,
0,134,253,196,254,217,0,167,0,186,253,253,6,214,22,125,238,117,186,1,64,0,207,1,46,0,133,0,58,0,24,0,16,0,13,
0,134,253,196,254,217,0,167,0,186,253,253,6,123,20,57,238,211,186,1,63,0,205,1,38,0,131,0,58,0,24,0,15,0,12,
0,132,253,53,253,55,1,167,0,186,253,253,6,198,19,72,237,225,187,1,63,0,203,1,27,0,129,0,57,0,27,0,15,0,12,
0,138,253,156,251,126,1,167,0,186,253,253,6,198,19,182,235,242,186,1,62,0,200,1,13,0,125,0,56,0,24,0,15,0,12,
0,202,253,7,250,142,1,167,0,186,253,253,6,242,18,182,235,242,186,1,62,0,196,0,253,0,120,0,55,0,26,0,16,0,12,
0,202,253,7,250,142,1,167,0,186,253,253,6,99,16,63,234,187,185,1,61,0,192,0,235,0,115,0,53,0,23,0,15,0,11,
0,239,253,120,248,113,1,167,0,186,253,253,6,16,14,114,233,85,187,1,60,0,187,0,215,0,110,0,53,0,25,0,16,0,12,
0,224,253,247,246,78,1,167,0,186,253,253,6,222,13,234,231,41,190,1,59,0,182,0,194,0,102,0,50,0,22,0,14,0,12,
0,224,253,247,246,237,0,190,0,171,253,229,5,222,13,234,231,206,190,1,60,0,176,0,172,0,94,0,47,0,21,0,14,0,11,
0,200,253,145,245,237,0,190,0,171,253,229,5,60,14,118,230,206,190,1,58,0,170,0,153,0,87,0,44,0,23,0,14,0,11,
0,90,253,40,244,126,0,190,0,171,253,229,5,74,14,82,229,193,188,1,57,0,165,0,143,0,79,0,41,0,19,0,13,0,11,
0,251,252,155,242,24,0,190,0,171,253,229,5,144,11,34,229,230,188,1,56,0,159,0,138,0,73,0,38,0,18,0,13,0,11,
0,251,252,155,242,24,255,190,0,171,253,229,5,161,10,13,229,246,190,1,56,0,155,0,136,0,68,0,36,0,17,0,13,0,11,
0,137,252,36,241,151,255,190,0,171,253,229,5,161,10,13,229,246,190,1,56,0,151,0,134,0,63,0,33,0,17,0,13,0,11,
0,243,251,36,240,49,255,190,0,171,253,229,5,61,9,228,228,21,189,1,57,0,149,0,134,0,60,0,31,0,16,0,12,0,11,
0,93,251,170,239,201,254,190,0,171,253,229,5,111,5,81,229,161,184,1,59,0,147,0,134,0,57,0,28,0,14,0,11,0,10,
0,93,251,170,239,201,254,190,0,171,253,229,5,194,0,71,231,25,188,1,59,0,145,0,134,0,55,0,27,0,14,0,12,0,11,
0,217,250,142,239,107,254,190,0,171,253,229,5,194,0,71,232,125,187,1,59,0,144,0,134,0,54,0,27,0,14,0,12,0,11,
0,139,250,212,239,25,254,240,0,182,253,255,6,83,0,147,232,125,187,1,60,0,143,0,134,0,52,0,24,0,13,0,11,0,11,
0,71,250,156,240,231,253,240,0,182,253,255,6,115,255,197,233,116,185,1,60,0,142,0,134,0,51,0,24,0,13,0,12,0,11,
0,71,250,156,240,231,253,240,0,182,253,255,6,123,253,170,235,228,180,1,60,0,142,0,134,0,50,0,23,0,12,0,11,0,11,
0,38,250,95,241,158,253,240,0,182,253,255,6,237,251,16,238,89,184,1,60,0,141,0,134,0,50,0,23,0,13,0,11,0,10,
0,41,250,11,242,107,253,240,0,182,253,255,6,237,251,16,238,89,184,1,61,0,141,0,134,0,49,0,23,0,12,0,11,0,11,
0,41,250,11,242,96,253,240,0,182,253,255,6,194,252,190,239,62,185,1,61,0,142,0,134,0,48,0,22,0,11,0,11,0,11,
0,61,250,164,242,96,253,240,0,182,253,255,6,175,251,89,241,98,181,1,61,0,141,0,133,0,49,0,23,0,13,0,11,0,11,
0,99,250,60,243,67,253,240,0,182,253,255,6,164,248,75,244,152,180,1,62,0,141,0,133,0,47,0,22,0,11,0,11,0,10,
0,101,250,239,243,95,253,240,0,182,253,255,6,164,248,244,246,38,183,1,62,0,141,0,133,0,47,0,21,0,11,0,11,0,10,
0,101,250,239,243,95,253,240,0,182,253,255,6,216,246,244,246,38,183,1,62,0,141,0,134,0,47,0,21,0,12,0,11,0,11,
0,107,250,154,244,86,253,40,1,104,253,236,5,0,247,78,248,156,182,1,61,0,141,0,135,0,47,0,21,0,11,0,10,0,10,
0,153,250,79,245,65,253,40,1,104,253,236,5,114,245,147,249,63,180,1,61,0,141,0,135,0,47,0,22,0,12,0,11,0,11,
0,165,250,64,246,37,253,40,1,104,253,236,5,117,242,221,250,43,177,1,61,0,141,0,136,0,47,0,21,0,11,0,10,0,10,
0,165,250,64,246,37,253,40,1,104,253,236,5,117,242,221,250,240,178,1,60,0,141,0,136,0,48,0,21,0,12,0,11,0,10,
0,184,250,154,247,8,253,40,1,104,253,236,5,92,239,155,252,240,178,1,59,0,141,0,136,0,48,0,22,0,12,0,11,0,11,
0,219,250,248,248,215,252,40,1,104,253,236,5,158,239,123,253,192,180,1,58,0,142,0,137,0,47,0,21,0,11,0,10,0,10,
0,237,250,98,250,140,252,40,1,104,253,236,5,127,240,37,254,49,179,1,57,0,142,0,138,0,48,0,21,0,12,0,11,0,11,
0,237,250,98,250,140,252,40,1,104,253,236,5,127,240,151,255,251,175,1,57,0,143,0,139,0,48,0,21,0,11,0,11,0,10,
0,26,251,213,251,75,252,40,1,104,253,236,5,188,239,151,255,251,175,1,55,0,143,0,140,0,49,0,22,0,12,0,11,0,11,
0,55,251,66,253,28,252,40,1,104,253,236,5,16,240,20,1,18,178,1,54,0,143,0,141,0,49,0,22,0,12,0,11,0,11,
0,55,251,66,253,5,252,40,1,104,253,236,5,4,242,242,1,138,180,1,53,0,144,0,144,0,49,0,22,0,13,0,11,0,10,
0,82,251,103,254,5,252,105,1,93,253,60,6,239,242,90,2,207,178,1,50,0,144,0,148,0,51,0,23,0,14,0,12,0,11,
0,119,251,78,255,228,251,105,1,93,253,60,6,239,242,90,2,152,174,1,49,0,144,0,155,0,52,0,22,0,13,0,11,0,11,
0,161,251,46,0,205,251,105,1,93,253,60,6,15,242,108,2,152,174,1,46,0,144,0,169,0,55,0,23,0,11,0,11,0,11,
0,161,251,46,0,205,251,105,1,93,253,60,6,106,239,70,3,197,177,1,43,0,144,0,194,0,59,0,24,0,12,0,11,0,11,
0,206,251,33,1,195,251,105,1,93,253,60,6,234,239,109,3,38,182,1,40,0,145,0,229,0,66,0,26,0,12,0,11,0,11,
0,27,252,91,2,115,251,105,1,93,253,60,6,34,241,132,2,37,179,1,36,0,145,1,17,0,76,0,28,0,16,0,12,0,11,
0,90,252,161,3,87,251,105,1,93,253,60,6,34,241,132,2,37,179,1,32,0,146,1,65,0,88,0,30,0,13,0,11,0,11,
0,90,252,161,3,87,251,105,1,93,253,60,6,222,240,190,2,166,178,1,27,0,146,1,73,0,99,0,34,0,16,0,12,0,11,
0,83,252,232,4,76,251,105,1,93,253,60,6,59,241,16,3,171,181,1,23,0,147,1,72,0,107,0,37,0,16,0,12,0,11,
0,75,252,243,5,38,251,105,1,93,253,60,6,148,243,62,3,51,185,1,19,0,147,1,69,0,113,0,35,0,16,0,13,0,12,
0,65,252,215,6,25,251,28,1,55,253,118,6,148,243,29,3,35,184,1,16,0,148,1,67,0,118,0,39,0,17,0,13,0,12,
0,65,252,215,6,25,251,28,1,55,253,118,6,235,245,29,3,35,184,1,13,0,148,1,67,0,121,0,42,0,17,0,12,0,11,
0,47,252,147,7,51,251,28,1,55,253,118,6,8,246,42,3,128,181,1,9,0,148,1,65,0,125,0,45,0,18,0,13,0,11,
0,55,252,49,8,94,251,28,1,55,253,118,6,233,244,26,4,251,184,1,6,0,148,1,64,0,127,0,47,0,20,0,13,0,12,
0,55,252,49,8,142,251,28,1,55,253,118,6,118,246,210,3,77,188,1,4,0,148,1,63,0,129,0,49,0,22,0,13,0,11,
0,83,252,145,8,142,251,28,1,55,253,118,6,118,246,210,3,77,185,1,3,0,148,1,62,0,131,0,52,0,23,0,14,0,12,
0,153,252,231,8,193,251,28,1,55,253,118,6,160,245,147,3,7,185,1,6,0,148,1,60,0,131,0,52,0,22,0,14,0,11,
0,221,252,21,9,24,252,28,1,55,253,118,6,139,237,42,6,50,186,1,7,0,148,1,59,0,132,0,54,0,23,0,14,0,12,
0,221,252,21,9,24,252,28,1,55,253,118,6,182,232,119,7,221,185,1,6,0,150,1,59,0,132,0,55,0,23,0,15,0,12,
0,43,253,108,9,141,253,28,1,55,253,118,6,182,232,102,2,226,186,1,3,0,151,1,60,0,133,0,56,0,25,0,15,0,12,
0,84,253,30,10,11,255,2,1,44,253,126,6,242,236,102,2,226,186,0,255,0,153,1,61,0,134,0,56,0,25,0,15,0,12,
0,153,253,123,11,93,255,2,1,44,253,126,6,117,238,130,1,7,185,0,253,0,154,1,60,0,133,0,55,0,23,0,14,0,11,
0,153,253,123,11,93,255,2,1,44,253,126,6,172,237,149,2,251,184,0,251,0,153,1,54,0,133,0,57,0,24,0,15,0,12,
0,0,254,203,12,50,255,2,1,44,253,126,6,93,240,22,1,140,186,0,253,0,153,1,50,0,133,0,57,0,25,0,15,0,12,
0,90,254,231,13,103,255,2,1,44,253,126,6,93,240,22,1,171,182,1,1,0,151,1,52,0,132,0,56,0,24,0,15,0,11,
0,140,254,231,14,213,255,2,1,44,253,126,6,9,241,160,255,171,182,1,6,0,151,1,52,0,131,0,56,0,24,0,14,0,11,
0,140,254,149,14,213,255,2,1,44,253,126,6,163,238,39,0,27,182,1,9,0,151,1,50,0,132,0,57,0,25,0,15,0,11,
0,134,254,230,14,65,0,2,1,44,253,126,6,53,237,61,1,35,184,1,10,0,151,1,50,0,131,0,57,0,25,0,15,0,11,
0,172,254,121,15,149,0,2,1,44,253,126,6,159,237,138,1,141,184,1,8,0,150,1,50,0,131,0,56,0,25,0,15,0,11,
0,172,254,121,15,80,0,2,1,44,253,126,6,159,237,138,1,141,184,1,6,0,150,1,52,0,130,0,56,0,24,0,14,0,11,
0,179,254,75,16,80,0,142,0,69,253,213,6,167,238,211,1,19,182,1,2,0,150,1,54,0,131,0,56,0,25,0,15,0,11,
0,176,254,103,17,140,255,142,0,69,253,213,6,181,239,95,1,223,181,0,254,0,150,1,55,0,131,0,60,0,25,0,14,0,11,
0,250,254,116,18,222,254,142,0,69,253,213,6,23,241,120,0,32,180,0,249,0,149,1,55,0,131,0,59,0,25,0,14,0,11,
0,250,254,116,18,222,254,142,0,69,253,213,6,23,241,120,0,157,184,0,244,0,148,1,55,0,131,0,59,0,25,0,14,0,11,
0,69,255,91,19,102,254,142,0,69,253,213,6,184,243,18,0,157,184,0,240,0,149,1,56,0,131,0,58,0,25,0,14,0,11,
0,160,255,246,19,10,254,142,0,69,253,213,6,86,248,248,253,57,183,0,234,0,149,1,56,0,132,0,58,0,25,0,15,0,12,
0,13,0,61,20,192,253,142,0,69,253,213,6,218,249,99,252,187,182,0,229,0,151,1,57,0,132,0,57,0,25,0,14,0,11,
0,13,0,61,20,192,253,142,0,69,253,213,6,114,251,126,251,145,182,0,222,0,151,1,58,0,132,0,58,0,25,0,15,0,12,
0,79,0,93,20,145,253,142,0,69,253,213,6,114,251,126,251,145,182,0,214,0,153,1,59,0,133,0,58,0,26,0,16,0,12,
0,26,0,101,20,134,253,142,0,69,253,213,6,97,252,27,251,233,184,0,205,0,156,1,60,0,133,0,57,0,25,0,15,0,12,
0,244,255,101,20,61,253,142,0,55,253,191,5,0,254,112,250,108,187,0,196,0,159,1,61,0,133,0,58,0,25,0,15,0,12,
0,244,255,68,20,61,253,121,0,55,253,191,5,119,255,51,250,193,186,0,185,0,161,1,60,0,134,0,58,0,26,0,16,0,12,
0,217,255,45,20,238,252,121,0,55,253,191,5,119,255,10,250,150,186,0,175,0,163,1,60,0,134,0,58,0,26,0,16,0,12,
0,186,255,53,20,179,252,121,0,55,253,191,5,84,0,10,250,150,186,0,167,0,165,1,60,0,134,0,58,0,26,0,16,0,12,
0,186,255,53,20,106,252,121,0,55,253,191,5,159,2,214,249,215,186,0,159,0,167,1,60,0,134,0,58,0,26,0,16,0,12,
0,133,255,45,20,106,252,121,0,55,253,191,5,250,3,233,249,108,188,0,153,0,168,1,59,0,134,0,58,0,26,0,16,0,12,
0,96,255,16,20,58,252,121,0,55,253,191,5,240,6,205,249,198,189,0,149,0,170,1,59,0,134,0,58,0,25,0,15,0,12,
0,68,255,227,19,19,252,121,0,55,253,191,5,240,6,205,249,115,189,0,145,0,170,1,59,0,134,0,58,0,25,0,15,0,12,
0,68,255,227,19,19,252,121,0,55,253,191,5,67,9,219,249,115,189,0,143,0,171,1,59,0,134,0,58,0,26,0,16,0,12,
0,2,255,137,19,253,251,121,0,55,253,191,5,104,11,222,249,108,188,0,141,0,171,1,60,0,134,0,58,0,25,0,15,0,12,
0,215,254,14,19,241,251,121,0,55,253,191,5,154,12,12,250,164,187,0,140,0,171,1,59,0,134,0,58,0,25,0,16,0,12,
0,173,254,122,18,232,251,236,255,15,253,240,5,154,12,126,249,57,188,0,139,0,172,1,60,0,134,0,57,0,25,0,15,0,12,
0,173,254,122,18,232,251,236,255,15,253,240,5,231,13,126,249,57,188,0,138,0,171,1,59,0,134,0,58,0,26,0,16,0,12,
0,182,254,216,17,241,251,236,255,15,253,240,5,196,13,146,249,211,186,0,137,0,171,1,58,0,134,0,58,0,26,0,16,0,12,
0,201,254,45,17,243,251,236,255,15,253,240,5,138,14,85,249,3,187,0,137,0,171,1,57,0,134,0,58,0,26,0,16,0,12,
0,170,254,45,17,14,252,236,255,15,253,240,5,58,16,181,248,85,188,0,137,0,171,1,57,0,134,0,58,0,26,0,16,0,12,
0,170,254,142,16,14,252,236,255,15,253,240,5,58,16,181,248,141,186,0,137,0,172,1,58,0,134,0,58,0,25,0,15,0,12,
0,144,254,235,15,28,252,236,255,15,253,240,5,48,17,114,248,141,186,0,137,0,172,1,57,0,134,0,58,0,25,0,15,0,12,
0,181,254,89,15,41,252,236,255,15,253,240,5,192,17,73,248,247,184,0,137,0,172,1,57,0,134,0,58,0,25,0,16,0,12,
0,181,254,89,15,82,252,236,255,15,253,240,5,177,17,231,248,74,186,0,137,0,174,1,57,0,133,0,58,0,25,0,15,0,12,
0,208,254,184,14,82,252,236,255,15,253,240,5,255,18,67,249,35,189,0,137,0,174,1,56,0,134,0,58,0,26,0,16,0,12,
0,209,254,248,13,118,252,47,255,57,253,135,6,255,18,67,249,35,189,0,137,0,175,1,56,0,133,0,58,0,25,0,15,0,12,
0,231,254,59,13,142,252,47,255,57,253,135,6,117,20,17,249,121,188,0,137,0,175,1,55,0,133,0,58,0,26,0,16,0,12,
0,231,254,59,13,142,252,47,255,57,253,135,6,226,19,29,249,92,185,0,137,0,176,1,54,0,133,0,58,0,26,0,16,0,12,
0,60,255,85,12,190,252,47,255,57,253,135,6,253,18,157,249,93,187,0,137,0,177,1,54,0,133,0,58,0,26,0,16,0,12,
0,94,255,122,11,207,252,47,255,57,253,135,6,253,18,157,250,20,190,0,137,0,179,1,52,0,132,0,58,0,26,0,16,0,12,
0,85,255,171,10,4,253,47,255,57,253,135,6,189,18,60,250,20,190,0,138,0,180,1,51,0,131,0,57,0,25,0,15,0,11,
0,85,255,171,10,4,253,47,255,57,253,135,6,15,19,147,249,105,189,0,137,0,181,1,49,0,131,0,57,0,25,0,15,0,11,
0,145,255,238,9,67,253,47,255,57,253,135,6,32,19,56,249,24,189,0,138,0,183,1,47,0,130,0,57,0,23,0,15,0,12,
0,161,255,120,9,108,253,47,255,57,253,135,6,244,18,41,249,178,189,0,138,0,185,1,45,0,130,0,57,0,23,0,15,0,12,
0,161,255,120,9,156,253,47,255,57,253,135,6,244,18,41,249,178,189,0,138,0,187,1,42,0,129,0,56,0,24,0,15,0,12,
0,167,255,4,9,156,253,97,255,25,253,187,6,31,19,251,248,65,191,0,139,0,190,1,40,0,128,0,59,0,24,0,15,0,12,
0,198,255,110,8,194,253,97,255,25,253,187,6,34,20,103,248,140,192,0,138,0,191,1,36,0,127,0,58,0,25,0,16,0,12,
0,234,255,182,7,8,254,97,255,25,253,187,6,251,19,219,247,232,190,0,139,0,193,1,33,0,126,0,57,0,25,0,15,0,12,
0,234,255,182,7,46,254,97,255,25,253,187,6,251,19,74,248,8,191,0,139,0,195,1,29,0,125,0,56,0,27,0,16,0,12,
0,230,255,214,6,46,254,97,255,25,253,187,6,233,19,74,248,8,191,0,139,0,196,1,25,0,124,0,55,0,26,0,16,0,12,
0,184,255,240,5,80,254,97,255,25,253,187,6,40,19,84,248,29,193,0,140,0,198,1,21,0,121,0,54,0,24,0,15,0,12,
0,170,255,19,5,98,254,97,255,25,253,187,6,182,19,103,247,155,193,0,140,0,199,1,16,0,120,0,54,0,25,0,15,0,12,
0,170,255,19,5,98,254,97,255,25,253,187,6,211,19,60,246,13,193,0,140,0,200,1,12,0,118,0,53,0,23,0,15,0,12,
0,133,255,42,4,138,254,97,255,25,253,187,6,211,19,60,246,103,190,0,141,0,200,1,8,0,116,0,52,0,22,0,14,0,11,
0,71,255,94,3,172,254,97,255,25,253,187,6,180,18,42,246,103,190,0,141,0,201,1,4,0,114,0,51,0,22,0,14,0,11,
0,243,254,191,2,186,254,54,255,38,253,127,5,137,17,162,246,67,192,0,141,0,201,0,255,0,113,0,51,0,25,0,15,0,12,
0,243,254,191,2,186,254,54,255,38,253,127,5,12,18,74,246,6,194,0,141,0,201,0,251,0,111,0,50,0,23,0,15,0,11,
0,119,254,64,2,204,254,54,255,38,253,127,5,12,18,73,246,55,194,0,142,0,202,0,248,0,109,0,49,0,23,0,15,0,12,
0,67,254,176,1,201,254,54,255,38,253,127,5,63,19,73,246,55,194,0,142,0,203,0,245,0,107,0,47,0,22,0,14,0,11,
0,67,254,176,1,200,254,54,255,38,253,127,5,46,19,38,246,36,192,0,143,0,203,0,242,0,105,0,47,0,21,0,14,0,11,
0,32,254,31,1,200,254,54,255,38,253,127,5,51,19,97,246,27,192,0,143,0,203,0,239,0,104,0,47,0,20,0,14,0,12,
0,209,253,143,0,242,254,54,255,38,253,127,5,234,18,165,246,21,192,0,144,0,203,0,237,0,102,0,46,0,20,0,14,0,11,
0,99,253,0,0,37,255,54,255,38,253,127,5,234,18,165,246,108,192,0,144,0,204,0,235,0,101,0,45,0,20,0,14,0,11,
0,99,253,0,0,39,255,54,255,38,253,127,5,232,18,223,246,108,192,0,145,0,204,0,233,0,99,0,44,0,19,0,13,0,11,
0,31,253,68,255,39,255,54,255,38,253,127,5,148,18,247,246,135,192,0,145,0,205,0,232,0,98,0,43,0,19,0,13,0,11,
0,29,253,134,254,25,255,54,255,38,253,127,5,26,18,250,246,247,191,0,145,0,205,0,231,0,97,0,43,0,20,0,13,0,11,
0,24,253,0,254,242,254,201,254,110,253,128,5,118,17,67,247,85,193,0,146,0,205,0,230,0,96,0,42,0,19,0,13,0,11,
0,24,253,0,254,242,254,201,254,110,253,128,5,118,17,67,247,85,193,0,146,0,206,0,228,0,95,0,42,0,19,0,13,0,11,
0,221,252,120,253,211,254,201,254,110,253,128,5,18,18,150,246,254,191,0,147,0,207,0,228,0,94,0,41,0,18,0,13,0,11,
0,151,252,243,252,227,254,201,254,110,253,128,5,36,17,65,247,146,189,0,148,0,207,0,227,0,94,0,41,0,19,0,13,0,11,
0,84,252,154,252,24,255,201,254,110,253,128,5,118,16,136,247,232,190,0,148,0,209,0,227,0,93,0,40,0,18,0,12,0,11,
0,84,252,154,252,24,255,201,254,110,253,128,5,118,16,249,247,187,192,0,148,0,209,0,227,0,93,0,40,0,18,0,13,0,11,
0,55,252,100,252,77,255,201,254,110,253,128,5,116,16,249,247,187,192,0,149,0,209,0,226,0,92,0,35,0,18,0,13,0,12,
0,43,252,34,252,100,255,201,254,110,253,128,5,213,16,248,247,249,191,0,150,0,210,0,226,0,91,0,35,0,16,0,12,0,11,
0,43,252,34,252,118,255,201,254,110,253,128,5,48,17,22,248,18,191,0,150,0,210,0,226,0,92,0,37,0,17,0,13,0,12,
0,224,251,203,251,118,255,201,254,110,253,128,5,122,16,98,248,25,190,0,151,0,210,0,226,0,91,0,37,0,16,0,12,0,11,
0,247,251,86,251,123,255,24,255,11,253,90,6,122,16,98,248,25,191,0,151,0,210,0,226,0,91,0,38,0,17,0,13,0,12,
0,251,251,207,250,137,255,24,255,11,253,90,6,207,15,113,248,204,191,0,152,0,210,0,226,0,91,0,38,0,17,0,13,0,12,
0,251,251,207,250,165,255,24,255,11,253,90,6,94,16,0,248,151,190,0,153,0,210,0,227,0,91,0,37,0,17,0,12,0,11,
0,211,251,82,250,165,255,24,255,11,253,90,6,144,14,221,247,156,189,0,154,0,210,0,226,0,91,0,38,0,17,0,13,0,11,
0,197,251,3,250,187,255,24,255,11,253,90,6,144,14,120,248,143,190,0,155,0,211,0,227,0,91,0,38,0,16,0,12,0,11,
0,228,251,202,249,235,255,24,255,11,253,90,6,80,13,120,248,143,190,0,156,0,210,0,228,0,91,0,38,0,17,0,12,0,11,
0,228,251,202,249,235,255,24,255,11,253,90,6,203,12,155,248,80,191,0,157,0,210,0,228,0,91,0,39,0,17,0,13,0,11,
0,242,251,149,249,230,255,24,255,11,253,90,6,73,12,82,248,232,191,0,158,0,211,0,228,0,91,0,38,0,17,0,12,0,11,
0,246,251,96,249,236,255,24,255,11,253,90,6,44,13,255,247,122,190,0,159,0,212,0,229,0,91,0,38,0,17,0,12,0,11,
0,208,251,43,249,1,0,24,255,11,253,90,6,44,13,255,247,132,188,0,160,0,212,0,229,0,92,0,39,0,18,0,13,0,11,
0,208,251,43,249,1,0,62,255,46,253,177,5,56,12,132,248,132,188,0,162,0,212,0,229,0,92,0,39,0,17,0,12,0,11,
0,199,251,244,248,6,0,62,255,46,253,177,5,34,11,213,248,150,190,0,163,0,213,0,229,0,92,0,39,0,18,0,13,0,11,
0,209,251,176,248,34,0,62,255,46,253,177,5,202,10,208,248,124,190,0,165,0,215,0,230,0,92,0,38,0,17,0,12,0,11,
0,209,251,176,248,52,0,62,255,46,253,177,5,202,10,92,248,45,190,0,166,0,215,0,230,0,92,0,38,0,17,0,12,0,11,
0,240,251,92,248,52,0,62,255,46,253,177,5,35,10,92,248,45,190,0,167,0,215,0,228,0,92,0,39,0,18,0,13,0,11,
0,249,251,43,248,62,0,62,255,46,253,177,5,85,9,58,248,205,188,0,168,0,215,0,227,0,92,0,39,0,17,0,12,0,11,
0,16,252,246,247,64,0,62,255,46,253,177,5,178,7,56,248,44,190,0,169,0,216,0,226,0,92,0,39,0,17,0,13,0,11,
0,16,252,246,247,64,0,62,255,46,253,177,5,159,7,21,248,69,191,0,171,0,217,0,225,0,91,0,38,0,17,0,12,0,11,
0,13,252,205,247,31,0,62,255,46,253,177,5,159,7,21,248,206,189,0,171,0,217,0,223,0,91,0,43,0,20,0,13,0,11,
0,236,251,188,247,23,0,62,255,46,253,177,5,234,7,181,247,206,189,0,173,0,219,0,223,0,90,0,41,0,19,0,12,0,11,
0,211,251,131,247,14,0,116,255,250,252,70,6,110,7,145,247,76,189,0,174,0,219,0,221,0,90,0,41,0,20,0,13,0,11,
0,211,251,131,247,14,0,116,255,250,252,70,6,29,6,2,248,59,189,0,174,0,219,0,219,0,90,0,40,0,20,0,13,0,11,
0,167,251,76,247,10,0,116,255,250,252,70,6,224,5,26,248,190,189,0,175,0,220,0,217,0,88,0,40,0,19,0,13,0,11,
0,124,251,35,247,23,0,116,255,250,252,70,6,224,5,26,248,190,189,0,176,0,220,0,215,0,88,0,39,0,19,0,13,0,11,
0,112,251,242,246,255,255,116,255,250,252,70,6,212,5,64,248,48,189,0,177,0,221,0,213,0,87,0,38,0,17,0,12,0,11,
0,112,251,242,246,255,255,116,255,250,252,70,6,35,5,226,247,242,187,0,176,0,221,0,211,0,87,0,38,0,18,0,13,0,11,
0,103,251,240,246,242,255,116,255,250,252,70,6,83,4,48,248,72,187,0,177,0,222,0,209,0,86,0,38,0,18,0,13,0,11,
0,82,251,224,246,221,255,116,255,250,252,70,6,83,4,98,248,119,187,0,177,0,223,0,207,0,84,0,36,0,16,0,12,0,11,
0,82,251,224,246,213,255,116,255,250,252,70,6,152,2,98,248,119,187,0,177,0,223,0,205,0,84,0,37,0,16,0,13,0,11,
0,100,251,216,246,213,255,116,255,250,252,70,6,56,2,188,248,233,189,0,178,0,224,0,204,0,83,0,35,0,16,0,12,0,11,
0,100,251,205,246,208,255,116,255,250,252,70,6,0,3,87,248,238,188,0,177,0,224,0,201,0,82,0,35,0,16,0,12,0,11,
0,90,251,241,246,170,255,169,255,228,252,82,5,65,2,74,248,171,187,0,178,0,225,0,200,0,81,0,35,0,16,0,12,0,11,
0,90,251,241,246,170,255,169,255,228,252,82,5,65,2,74,248,171,187,0,178,0,226,0,198,0,80,0,34,0,16,0,12,0,11,
0,109,251,36,247,168,255,169,255,228,252,82,5,81,1,194,248,68,187,0,178,0,227,0,196,0,79,0,34,0,16,0,12,0,11,
0,80,251,53,247,166,255,169,255,228,252,82,5,22,1,31,249,23,187,0,178,0,228,0,194,0,79,0,34,0,16,0,12,0,11,
0,98,251,80,247,173,255,169,255,228,252,82,5,24,0,48,249,44,187,0,178,0,228,0,193,0,78,0,33,0,16,0,12,0,11,
0,98,251,80,247,173,255,169,255,228,252,82,5,24,0,136,249,183,187,0,178,0,229,0,191,0,77,0,33,0,18,0,12,0,11,
0,116,251,103,247,183,255,169,255,228,252,82,5,20,255,136,249,183,187,0,178,0,230,0,190,0,76,0,33,0,17,0,12,0,11,
0,123,251,166,247,158,255,169,255,228,252,82,5,42,254,207,249,148,188,0,178,0,231,0,188,0,75,0,32,0,16,0,12,0,11,
0,158,251,218,247,130,255,169,255,228,252,82,5,75,254,159,249,50,188,0,178,0,231,0,186,0,75,0,32,0,17,0,12,0,11,
0,158,251,218,247,130,255,169,255,228,252,82,5,75,254,167,249,33,187,0,178,0,232,0,185,0,74,0,31,0,16,0,12,0,11,
0,141,251,44,248,156,255,187,255,226,252,195,6,75,254,167,249,197,185,0,179,0,232,0,183,0,73,0,31,0,16,0,12,0,11,
0,141,251,130,248,155,255,187,255,226,252,195,6,47,253,162,249,197,185,0,179,0,232,0,182,0,72,0,31,0,16,0,12,0,11,
0,141,251,130,248,128,255,187,255,226,252,195,6,105,251,71,250,81,187,0,179,0,232,0,181,0,72,0,31,0,16,0,12,0,11,
0,131,251,186,248,128,255,187,255,226,252,195,6,201,251,139,250,34,189,0,179,0,233,0,180,0,71,0,30,0,15,0,11,0,11,
0,117,251,26,249,128,255,187,255,226,252,195,6,201,252,153,250,154,187,0,179,0,233,0,179,0,71,0,30,0,16,0,12,0,11,
0,122,251,117,249,123,255,187,255,226,252,195,6,157,252,153,250,154,187,0,179,0,233,0,178,0,70,0,30,0,16,0,12,0,11,
0,122,251,117,249,123,255,187,255,226,252,195,6,215,251,139,250,192,185,0,180,0,233,0,178,0,69,0,30,0,16,0,12,0,11,
0,191,251,190,249,117,255,187,255,226,252,195,6,112,251,8,251,204,185,0,180,0,233,0,178,0,69,0,30,0,16,0,12,0,11,
0,180,251,49,250,105,255,187,255,226,252,195,6,180,250,39,251,15,186,0,180,0,234,0,178,0,68,0,29,0,14,0,11,0,10,
0,169,251,126,250,105,255,187,255,226,252,195,6,180,250,39,251,255,186,0,181,0,234,0,178,0,69,0,29,0,16,0,12,0,11,
0,169,251,126,250,105,255,164,255,196,252,129,6,172,250,58,251,255,186,0,181,0,234,0,179,0,68,0,29,0,16,0,12,0,11,
0,192,251,225,250,82,255,164,255,196,252,129,6,141,250,19,251,20,186,0,181,0,235,0,180,0,68,0,28,0,15,0,11,0,11,
0,23,252,117,251,101,255,164,255,196,252,129,6,193,249,24,251,38,185,0,181,0,235,0,181,0,68,0,29,0,15,0,12,0,11,
0,18,252,203,251,117,255,164,255,196,252,129,6,131,249,61,251,154,186,0,182,0,235,0,182,0,68,0,28,0,14,0,11,0,11,
0,18,252,203,251,117,255,164,255,196,252,129,6,131,249,61,251,154,186,0,181,0,235,0,183,0,69,0,29,0,15,0,12,0,11,
0,32,252,113,252,107,255,164,255,196,252,129,6,227,249,36,251,162,186,0,181,0,236,0,185,0,70,0,29,0,16,0,12,0,11,
0,71,252,34,253,73,255,164,255,196,252,129,6,48,251,2,251,180,185,0,182,0,237,0,186,0,70,0,29,0,15,0,12,0,11,
0,71,252,34,253,63,255,164,255,196,252,129,6,16,251,1,251,93,184,0,181,0,238,0,187,0,70,0,30,0,16,0,12,0,11,
0,92,252,144,253,63,255,164,255,196,252,129,6,16,251,122,251,237,184,0,182,0,238,0,190,0,71,0,29,0,15,0,12,0,11,
0,111,252,239,253,69,255,164,255,196,252,129,6,12,250,122,251,237,184,0,182,0,239,0,191,0,72,0,30,0,16,0,12,0,11,
0,117,252,68,254,50,255,237,255,235,252,214,5,152,250,189,251,47,186,0,182,0,239,0,192,0,72,0,30,0,14,0,12,0,11,
0,117,252,68,254,50,255,237,255,235,252,214,5,93,251,43,251,121,186,0,181,0,239,0,194,0,73,0,31,0,14,0,12,0,11,
0,155,252,156,254,23,255,237,255,235,252,214,5,6,251,75,251,137,185,0,181,0,240,0,196,0,74,0,31,0,15,0,12,0,11,
0,209,252,253,254,42,255,237,255,235,252,214,5,6,251,75,251,137,185,0,181,0,241,0,198,0,74,0,30,0,14,0,11,0,11,
0,223,252,115,255,23,255,237,255,235,252,214,5,191,250,94,251,183,185,0,181,0,241,0,200,0,75,0,31,0,14,0,11,0,11,
0,223,252,115,255,23,255,237,255,235,252,214,5,249,250,225,250,125,187,0,180,0,241,0,201,0,76,0,31,0,15,0,12,0,11,
0,203,252,212,255,14,255,237,255,235,252,214,5,12,252,105,250,37,186,0,180,0,242,0,204,0,76,0,31,0,14,0,11,0,11,
0,197,252,35,0,8,255,237,255,235,252,214,5,12,252,65,250,94,185,0,180,0,242,0,206,0,77,0,32,0,15,0,12,0,11,
0,211,252,35,0,248,254,237,255,235,252,214,5,90,252,65,250,94,185,0,180,0,243,0,208,0,78,0,31,0,16,0,11,0,11,
0,211,252,148,0,248,254,237,255,235,252,214,5,185,251,118,250,34,185,0,180,0,244,0,210,0,79,0,32,0,16,0,12,0,10,
0,242,252,233,0,250,254,237,255,235,252,214,5,244,252,223,250,110,188,0,180,0,244,0,212,0,80,0,33,0,17,0,12,0,11,
0,12,253,61,1,214,254,23,0,181,252,111,6,235,253,88,250,165,187,0,180,0,245,0,215,0,81,0,33,0,16,0,12,0,11,
0,12,253,61,1,192,254,23,0,181,252,111,6,235,253,88,250,233,186,0,181,0,245,0,218,0,82,0,33,0,16,0,12,0,11,
0,28,253,112,1,192,254,23,0,181,252,111,6,176,254,231,249,233,186,0,181,0,245,0,219,0,84,0,34,0,17,0,12,0,11,
0,83,253,163,1,184,254,23,0,181,252,111,6,186,254,136,249,141,185,0,181,0,246,0,222,0,84,0,34,0,16,0,12,0,11,
0,96,253,240,1,190,254,23,0,181,252,111,6,141,254,165,249,139,186,0,182,0,246,0,224,0,86,0,35,0,16,0,12,0,11,
0,96,253,240,1,190,254,23,0,181,252,111,6,141,254,158,249,193,187,0,183,0,247,0,226,0,86,0,35,0,15,0,12,0,11,
0,101,253,8,2,207,254,23,0,181,252,111,6,203,254,158,249,193,187,0,183,0,247,0,227,0,88,0,36,0,16,0,13,0,11,
0,66,253,30,2,184,254,23,0,181,252,111,6,74,255,9,249,115,187,0,184,0,247,0,229,0,88,0,36,0,16,0,12,0,11,
0,92,253,72,2,165,254,23,0,181,252,111,6,6,0,115,248,11,188,0,185,0,247,0,231,0,89,0,37,0,17,0,13,0,11,
0,92,253,72,2,165,254,23,0,181,252,111,6,231,255,96,248,47,187,0,185,0,248,0,232,0,91,0,37,0,17,0,13,0,11,
0,122,253,73,2,145,254,205,255,201,252,200,5,231,255,96,248,55,188,0,186,0,249,0,234,0,91,0,37,0,16,0,12,0,11,
0,70,253,93,2,142,254,205,255,201,252,200,5,32,1,17,248,55,188,0,188,0,252,0,239,0,93,0,38,0,17,0,13,0,11,
0,33,253,93,2,156,254,205,255,201,252,200,5,17,1,208,247,214,187,0,143,1,3,0,244,0,93,0,37,0,17,0,12,0,11,
0,33,253,85,2,156,254,205,255,201,252,200,5,93,252,16,215,217,182,0,137,1,13,1,1,0,96,0,33,0,16,0,12,0,11,
0,75,253,89,2,149,254,205,255,201,252,200,5,160,24,174,13,21,202,1,94,1,36,1,47,0,105,0,37,0,19,0,14,0,12,
0,190,253,138,2,172,253,205,255,201,252,200,5,160,24,174,13,21,202,1,3,1,69,1,80,0,111,0,40,0,18,0,12,0,11,
0,190,253,138,2,6,252,205,255,201,252,200,5,253,36,141,18,32,212,0,133,1,72,1,81,0,117,0,42,0,18,0,13,0,11,
0,16,254,97,2,6,252,205,255,201,252,200,5,94,8,120,195,28,206,0,133,1,75,1,80,0,122,0,44,0,19,0,13,0,11,
0,171,0,183,0,230,250,205,255,201,252,200,5,71,6,78,204,68,224,0,133,1,76,1,76,0,127,0,47,0,19,0,13,0,11,
0,77,6,153,252,75,251,205,255,201,252,200,5,71,6,214,249,158,0,0,135,1,78,1,73,0,130,0,50,0,20,0,13,0,11,
0,77,6,153,252,75,251,206,255,207,252,13,7,181,29,214,249,158,0,0,136,1,72,1,63,0,131,0,51,0,22,0,13,0,11,
0,188,13,64,248,237,251,206,255,207,252,13,7,66,33,77,17,66,7,0,136,1,58,1,36,0,128,0,55,0,21,0,13,0,12,
0,34,20,164,245,176,252,206,255,207,252,13,7,139,22,124,33,202,7,0,136,1,28,0,245,0,121,0,53,0,22,0,13,0,11,
0,23,23,55,244,18,255,206,255,207,252,13,7,41,17,121,38,210,9,0,136,0,251,0,186,0,112,0,53,0,25,0,15,0,12,
0,23,23,55,244,18,255,206,255,207,252,13,7,41,17,121,38,48,10,0,136,0,240,0,152,0,101,0,51,0,24,0,15,0,13,
0,18,22,49,243,114,3,206,255,207,252,13,7,232,8,28,33,48,10,0,137,0,243,0,141,0,90,0,46,0,20,0,14,0,13,
0,177,19,136,242,66,8,206,255,207,252,13,7,67,7,153,22,183,255,0,138,0,236,0,136,0,81,0,43,0,20,0,14,0,12,
0,180,17,136,242,91,11,206,255,207,252,13,7,232,6,110,31,217,248,0,139,0,197,0,133,0,76,0,41,0,21,0,15,0,12,
0,180,17,39,243,91,11,206,255,207,252,13,7,232,6,196,32,250,234,0,142,0,145,0,133,0,69,0,37,0,18,0,12,0,11,
0,223,14,60,245,48,11,206,255,207,252,13,7,2,251,196,32,250,234,0,146,0,135,0,133,0,63,0,33,0,16,0,12,0,11,
0,49,10,69,248,124,8,43,0,33,253,30,6,64,248,249,27,203,219,0,153,0,134,0,133,0,61,0,32,0,17,0,13,0,11,
0,49,10,69,248,143,4,43,0,33,253,30,6,85,251,132,11,86,202,0,171,0,134,0,133,0,58,0,30,0,16,0,13,0,11,
0,250,3,75,252,143,4,43,0,33,253,30,6,146,0,175,248,180,189,0,183,0,134,0,133,0,55,0,27,0,14,0,12,0,12,
0,59,254,152,0,47,1,43,0,33,253,30,6,146,0,175,248,113,192,0,195,0,135,0,138,0,54,0,26,0,14,0,12,0,11,
0,254,249,194,3,3,255,43,0,33,253,30,6,210,4,92,237,113,192,0,200,0,136,0,185,0,59,0,31,0,17,0,12,0,11,
0,254,249,194,3,3,255,43,0,33,253,30,6,166,4,16,231,189,193,0,200,0,139,1,30,0,72,0,31,0,16,0,11,0,10,
0,56,247,40,4,238,253,43,0,33,253,30,6,11,3,157,229,48,192,0,196,0,153,1,80,0,85,0,32,0,15,0,11,0,11,
0,206,246,219,0,187,253,43,0,33,253,30,6,104,1,100,230,155,184,0,191,0,189,1,80,0,96,0,34,0,15,0,11,0,9,
0,161,248,240,250,43,254,43,0,33,253,30,6,104,1,100,230,155,184,0,183,0,230,1,78,0,106,0,37,0,15,0,11,0,9,
0,161,248,240,250,43,254,43,0,33,253,30,6,69,255,83,234,173,179,0,176,1,15,1,75,0,112,0,40,0,16,0,11,0,10,
0,99,252,225,243,188,254,43,0,33,253,211,5,36,253,26,242,131,175,0,167,1,53,1,70,0,117,0,41,0,16,0,11,0,11,
0,12,1,60,237,254,254,75,0,38,253,211,5,81,247,64,245,101,173,0,159,1,71,1,62,0,120,0,44,0,20,0,12,0,11,
0,12,5,60,237,107,255,75,0,38,253,211,5,81,247,64,247,158,170,0,152,1,68,1,31,0,121,0,47,0,21,0,14,0,11,
0,234,5,145,232,107,255,75,0,38,253,211,5,134,239,84,247,158,170,0,150,1,65,0,244,0,116,0,47,0,21,0,13,0,11,
0,44,10,230,230,127,1,75,0,38,253,211,5,52,240,127,243,233,169,0,149,1,65,0,190,0,107,0,46,0,20,0,13,0,11,
0,29,13,227,232,5,5,75,0,38,253,211,5,232,234,231,237,89,180,0,149,1,67,0,145,0,95,0,45,0,20,0,13,0,11,
0,29,13,227,232,3,8,75,0,38,253,211,5,210,236,66,236,226,188,0,150,1,65,0,134,0,87,0,43,0,19,0,14,0,11,
0,3,15,100,236,3,8,75,0,38,253,211,5,210,236,66,236,226,188,0,153,1,63,0,133,0,77,0,40,0,17,0,12,0,11,
0,247,15,112,240,199,8,75,0,38,253,211,5,130,239,250,236,146,199,0,156,1,61,0,133,0,72,0,37,0,17,0,12,0,11,
0,28,16,39,244,13,7,75,0,38,253,211,5,231,234,19,243,25,204,0,159,1,57,0,133,0,68,0,36,0,18,0,13,0,11,
0,28,16,39,244,13,7,75,0,38,253,211,5,50,235,41,247,200,204,0,163,1,51,0,133,0,63,0,32,0,16,0,13,0,11,
0,88,15,62,247,78,4,196,0,68,253,227,6,50,235,83,245,68,204,0,169,1,42,0,134,0,59,0,29,0,14,0,11,0,11,
0,152,13,139,250,122,2,196,0,68,253,227,6,118,240,83,245,68,204,0,174,1,29,0,134,0,57,0,29,0,16,0,12,0,11,
0,119,11,55,254,217,1,196,0,68,253,227,6,92,244,197,245,234,201,0,178,1,16,0,136,0,56,0,28,0,16,0,12,0,11,
0,119,11,55,254,217,1,196,0,68,253,227,6,190,245,4,247,160,198,0,183,1,3,0,142,0,55,0,26,0,14,0,12,0,11,
0,104,9,110,1,238,1,196,0,68,253,227,6,176,244,4,248,196,196,0,188,0,248,0,159,0,55,0,25,0,14,0,11,0,11,
0,145,7,156,3,73,2,196,0,68,253,227,6,176,244,4,248,188,199,0,192,0,239,0,193,0,60,0,26,0,14,0,12,0,11,
0,145,6,156,3,130,2,196,0,68,253,227,6,142,246,59,248,188,199,0,198,0,233,0,230,0,67,0,27,0,13,0,11,0,11,
0,68,6,118,4,130,2,196,0,68,253,227,6,79,250,242,246,128,198,0,203,0,230,1,6,0,75,0,28,0,14,0,11,0,11,
0,139,5,236,3,177,2,196,0,68,253,227,6,191,252,110,246,117,196,0,210,0,228,1,32,0,84,0,30,0,14,0,12,0,11,
0,146,5,85,2,193,2,196,0,68,253,227,6,191,252,51,246,186,195,0,218,0,229,1,51,0,94,0,33,0,17,0,12,0,11,
0,146,5,85,2,176,2,173,0,138,253,115,6,239,254,51,246,186,195,0,227,0,229,1,60,0,102,0,36,0,17,0,12,0,11,
0,242,5,82,0,176,2,173,0,138,253,115,6,193,0,242,245,34,197,0,237,0,232,1,63,0,109,0,39,0,18,0,13,0,12,
0,131,6,80,254,145,2,173,0,138,253,115,6,110,1,89,246,159,197,0,249,0,235,1,63,0,114,0,42,0,19,0,13,0,11,
0,32,7,139,252,85,2,173,0,138,253,115,6,178,2,11,247,214,198,1,8,0,238,1,63,0,119,0,45,0,21,0,14,0,12,
0,32,7,139,252,85,2,173,0,138,253,115,6,178,2,11,247,133,198,1,25,0,242,1,63,0,123,0,47,0,20,0,13,0,11,
0,110,7,125,251,248,1,173,0,138,253,115,6,80,3,138,247,133,198,1,48,0,244,1,66,0,125,0,48,0,19,0,13,0,11,
0,91,7,85,251,136,1,173,0,138,253,115,6,146,4,115,246,181,199,1,66,0,245,1,63,0,128,0,53,0,23,0,14,0,12,
0,39,7,222,251,61,1,173,0,138,253,115,6,236,6,212,245,198,199,1,75,0,246,1,63,0,130,0,54,0,24,0,14,0,11,
0,39,7,222,251,61,1,173,0,138,253,115,6,66,8,203,244,86,198,1,68,0,246,1,65,0,132,0,55,0,22,0,14,0,12,
0,140,6,255,252,19,1,173,0,138,253,115,6,66,8,203,244,86,198,1,65,0,243,1,66,0,132,0,55,0,22,0,14,0,11,
0,101,5,39,254,215,0,149,0,195,253,99,6,45,10,191,243,70,198,1,63,0,240,1,66,0,134,0,56,0,23,0,15,0,12,
0,101,5,39,254,169,0,149,0,195,253,99,6,21,12,9,243,70,198,1,97,0,237,1,67,0,135,0,57,0,23,0,15,0,11,
0,73,4,80,255,169,0,149,0,195,253,99,6,139,15,61,241,248,196,1,89,0,232,1,66,0,136,0,57,0,23,0,14,0,12,
0,41,3,75,0,180,0,149,0,195,253,99,6,139,15,168,238,119,192,1,86,0,228,1,66,0,136,0,57,0,24,0,15,0,12,
0,53,2,193,0,220,0,149,0,195,253,99,6,192,16,168,238,119,192,1,75,0,226,1,66,0,136,0,58,0,24,0,15,0,11,
0,53,2,193,0,220,1,149,0,195,253,99,6,236,15,216,236,22,190,1,73,0,224,1,65,0,137,0,59,0,25,0,15,0,12,
0,94,1,209,0,32,1,149,0,195,253,99,6,186,15,109,234,58,192,1,73,0,223,1,65,0,136,0,58,0,24,0,14,0,11,
0,208,0,129,0,103,1,149,0,195,253,99,6,203,16,40,232,15,192,1,72,0,222,1,63,0,136,0,59,0,27,0,15,0,11,
0,139,0,214,255,163,1,149,0,195,253,99,6,203,16,40,232,15,192,1,72,0,221,1,61,0,137,0,60,0,28,0,16,0,12,
0,139,0,214,255,163,1,149,0,195,253,99,6,67,17,63,230,232,189,1,71,0,222,1,58,0,136,0,59,0,27,0,16,0,12,
0,111,0,245,254,228,1,149,0,176,253,159,6,184,15,216,228,182,187,1,70,0,220,1,54,0,135,0,59,0,26,0,16,0,12,
0,112,0,180,253,10,2,202,0,176,253,159,6,93,15,146,227,251,189,1,70,0,218,1,49,0,134,0,58,0,26,0,16,0,12,
0,82,0,85,252,49,2,202,0,176,253,159,6,93,15,126,225,149,191,1,68,0,217,1,41,0,133,0,59,0,25,0,16,0,12,
0,82,0,85,252,49,2,202,0,176,253,159,6,125,15,126,225,149,191,1,68,0,213,1,32,0,130,0,58,0,25,0,16,0,12,
0,72,0,216,250,71,2,202,0,176,253,159,6,68,16,161,223,248,190,1,68,0,211,1,22,0,127,0,56,0,26,0,15,0,12,
0,255,255,163,249,49,2,202,0,176,253,159,6,33,15,231,221,218,189,1,67,0,206,1,7,0,124,0,56,0,25,0,16,0,12,
0,255,255,163,249,33,2,202,0,176,253,159,6,190,13,253,220,236,190,1,67,0,203,0,246,0,119,0,55,0,25,0,15,0,12,
0,125,255,73,248,33,2,202,0,176,253,159,6,190,13,253,220,204,191,1,66,0,198,0,227,0,113,0,53,0,23,0,15,0,12,
0,253,254,249,246,251,1,202,0,176,253,159,6,103,13,12,220,204,191,1,66,0,192,0,206,0,106,0,50,0,22,0,15,0,12,
0,58,254,189,245,224,1,202,0,176,253,159,6,178,13,99,219,229,192,1,65,0,186,0,184,0,99,0,49,0,24,0,14,0,11,
0,58,254,189,245,224,1,202,0,176,253,159,6,112,12,20,220,168,191,1,64,0,180,0,163,0,92,0,47,0,21,0,14,0,11,
0,82,253,136,244,165,1,226,0,167,253,0,6,112,10,15,221,189,189,1,65,0,174,0,148,0,83,0,42,0,21,0,14,0,11,
0,116,252,157,243,136,1,226,0,167,253,0,6,96,10,15,221,189,189,1,65,0,167,0,140,0,76,0,40,0,18,0,13,0,11,
0,208,251,237,242,102,1,226,0,167,253,0,6,186,7,20,222,81,188,1,64,0,160,0,136,0,72,0,38,0,19,0,13,0,11,
0,208,251,237,242,102,1,226,0,167,253,0,6,149,4,133,223,237,186,1,65,0,155,0,135,0,66,0,34,0,16,0,12,0,10,
0,67,251,143,242,50,1,226,0,167,253,0,6,71,2,216,224,254,185,1,65,0,151,0,134,0,62,0,31,0,15,0,12,0,10,
0,235,250,137,242,11,1,226,0,167,253,0,6,71,2,216,224,193,184,1,63,0,147,0,134,0,59,0,30,0,16,0,12,0,11,
0,144,250,191,242,217,0,226,0,167,253,0,6,229,255,82,227,193,184,1,63,0,145,0,134,0,57,0,28,0,14,0,11,0,10,
0,144,250,191,242,217,0,226,0,167,253,0,6,40,254,190,228,67,183,1,64,0,143,0,134,0,55,0,27,0,14,0,12,0,11,
0,40,250,62,243,188,0,226,0,167,253,0,6,169,252,81,230,157,181,1,65,0,142,0,134,0,52,0,25,0,14,0,11,0,11,
0,248,249,189,243,109,0,226,0,167,253,0,6,106,250,159,232,245,181,1,65,0,140,0,134,0,51,0,19,0,12,0,11,0,11,
0,248,249,189,243,5,0,91,1,131,253,225,6,106,250,159,232,245,181,1,63,0,139,0,133,0,51,0,21,0,12,0,12,0,11,
0,185,249,85,244,5,0,91,1,131,253,225,6,15,249,242,234,55,182,1,64,0,138,0,134,0,49,0,21,0,11,0,11,0,11,
0,100,249,232,244,205,255,91,1,131,253,225,6,114,248,177,236,228,183,1,63,0,138,0,133,0,49,0,21,0,12,0,11,0,11,
0,67,249,87,245,162,255,91,1,131,253,225,6,92,248,83,238,223,181,1,63,0,137,0,133,0,49,0,22,0,13,0,11,0,11,
0,67,249,87,245,162,255,91,1,131,253,225,6,92,248,6,240,134,178,1,64,0,137,0,133,0,48,0,21,0,11,0,10,0,11,
0,46,249,240,245,125,255,91,1,131,253,225,6,24,246,6,240,134,178,1,63,0,137,0,134,0,48,0,22,0,12,0,11,0,11,
0,241,248,94,246,79,255,91,1,131,253,225,6,61,243,153,242,121,180,1,64,0,137,0,134,0,48,0,22,0,12,0,10,0,11,
0,173,248,248,246,2,255,91,1,131,253,225,6,129,242,81,244,164,181,1,63,0,137,0,135,0,48,0,22,0,12,0,11,0,11,
0,173,248,248,246,2,255,91,1,131,253,225,6,222,241,111,245,253,178,1,64,0,137,0,136,0,47,0,21,0,12,0,11,0,11,
0,92,248,232,247,227,254,91,1,131,253,225,6,222,241,111,245,253,174,1,64,0,138,0,136,0,47,0,21,0,11,0,10,0,10,
0,10,248,254,248,203,254,71,1,147,253,189,6,134,239,165,246,106,174,1,63,0,137,0,136,0,48,0,22,0,12,0,11,0,11,
0,205,247,74,250,112,254,71,1,147,253,189,6,132,237,58,248,101,176,1,63,0,138,0,136,0,48,0,22,0,11,0,10,0,10,
0,205,247,74,250,112,254,71,1,147,253,189,6,213,236,22,250,101,177,1,63,0,138,0,137,0,48,0,22,0,12,0,11,0,11,
0,129,247,201,251,14,254,71,1,147,253,189,6,213,236,159,250,150,175,1,63,0,138,0,137,0,47,0,21,0,11,0,10,0,10,
0,180,247,76,253,183,253,71,1,147,253,189,6,12,239,159,250,150,175,1,62,0,139,0,138,0,48,0,21,0,11,0,10,0,10,
0,180,247,76,253,93,253,71,1,147,253,189,6,186,238,200,251,10,172,1,60,0,139,0,139,0,49,0,22,0,12,0,11,0,11,
0,254,247,170,254,93,253,71,1,147,253,189,6,222,237,92,253,194,172,1,59,0,139,0,140,0,49,0,21,0,11,0,10,0,10,
0,87,248,248,255,43,253,71,1,147,253,189,6,111,238,75,254,143,175,1,57,0,140,0,140,0,49,0,22,0,12,0,11,0,11,
0,157,248,58,1,247,252,71,1,147,253,189,6,111,238,75,254,197,174,1,56,0,141,0,142,0,49,0,22,0,11,0,11,0,11,
0,157,248,58,1,247,252,71,1,147,253,189,6,122,239,74,254,197,174,1,54,0,141,0,144,0,50,0,22,0,14,0,11,0,11,
0,247,248,95,2,226,252,49,1,105,253,12,5,176,238,158,254,209,171,1,51,0,142,0,146,0,49,0,21,0,12,0,11,0,11,
0,125,249,157,3,172,252,49,1,105,253,12,5,114,237,112,255,161,174,1,48,0,142,0,148,0,51,0,26,0,14,0,11,0,10,
0,206,249,224,4,105,252,49,1,105,253,12,5,141,236,136,0,250,175,1,44,0,144,0,152,0,52,0,26,0,15,0,11,0,11,
0,206,249,224,4,105,252,49,1,105,253,12,5,141,236,136,0,250,175,1,41,0,144,0,157,0,53,0,25,0,13,0,11,0,11,
0,250,249,31,6,50,252,49,1,105,253,12,5,219,238,6,0,21,178,1,37,0,145,0,166,0,54,0,24,0,11,0,11,0,11,
0,59,250,151,7,253,251,49,1,105,253,12,5,224,238,63,255,187,174,1,32,0,146,0,177,0,58,0,25,0,15,0,12,0,11,
0,91,250,252,8,193,251,49,1,105,253,12,5,196,238,90,0,76,177,1,28,0,148,0,198,0,62,0,26,0,12,0,11,0,11,
0,91,250,252,8,193,251,49,1,105,253,12,5,196,238,90,0,200,181,1,23,0,150,0,220,0,67,0,27,0,15,0,12,0,11,
0,109,250,41,10,137,251,49,1,105,253,12,5,151,241,202,0,200,181,1,19,0,153,0,247,0,74,0,28,0,15,0,12,0,12,
0,149,250,18,11,103,251,49,1,105,253,12,5,83,245,212,255,105,180,1,14,0,155,1,31,0,84,0,31,0,16,0,12,0,12,
0,149,250,18,11,77,251,49,1,105,253,12,5,141,245,162,255,51,178,1,10,0,157,1,74,0,95,0,33,0,14,0,12,0,11,
0,199,250,183,11,77,251,65,1,8,253,234,5,137,246,123,255,45,182,1,5,0,160,1,75,0,105,0,36,0,15,0,12,0,11,
0,251,250,32,12,46,251,65,1,8,253,234,5,137,246,123,255,45,182,1,0,0,162,1,72,0,111,0,40,0,16,0,12,0,12,
0,40,251,57,12,31,251,65,1,8,253,234,5,30,248,111,255,57,185,0,252,0,165,1,70,0,116,0,42,0,17,0,12,0,11,
0,40,251,57,12,31,251,65,1,8,253,234,5,192,249,88,253,7,182,0,246,0,168,1,68,0,121,0,45,0,19,0,13,0,12,
0,56,251,99,12,33,251,65,1,8,253,234,5,202,248,157,252,113,181,0,242,0,173,1,68,0,124,0,46,0,19,0,13,0,11,
0,75,251,159,12,36,251,65,1,8,253,234,5,202,248,148,252,149,184,0,236,0,177,1,67,0,127,0,49,0,21,0,14,0,12,
0,140,251,207,12,37,251,65,1,8,253,234,5,163,248,148,252,149,184,0,230,0,183,1,66,0,130,0,51,0,21,0,14,0,12,
0,140,251,207,12,37,251,65,1,8,253,234,5,76,251,199,251,104,187,0,225,0,188,1,65,0,131,0,52,0,21,0,13,0,11,
0,142,251,7,13,44,251,65,1,8,253,234,5,27,253,142,250,157,183,0,220,0,193,1,63,0,132,0,53,0,24,0,14,0,12,
0,140,251,47,13,41,251,65,1,8,253,234,5,219,252,223,250,36,185,0,215,0,199,1,63,0,133,0,54,0,23,0,14,0,12,
0,143,251,47,13,76,251,215,0,10,253,72,6,219,252,223,250,238,187,0,210,0,203,1,60,0,133,0,55,0,25,0,15,0,12,
0,143,251,70,13,76,251,215,0,10,253,72,6,37,253,24,251,238,187,0,206,0,207,1,58,0,134,0,56,0,24,0,15,0,12,
0,148,251,31,13,150,251,215,0,10,253,72,6,182,253,157,251,172,187,0,204,0,209,1,55,0,133,0,56,0,24,0,15,0,12,
0,188,251,197,12,255,251,215,0,10,253,72,6,167,249,100,254,83,187,0,202,0,212,1,55,0,133,0,57,0,24,0,15,0,12,
0,188,251,197,12,234,252,215,0,10,253,72,6,167,249,22,254,185,187,0,200,0,215,1,53,0,133,0,57,0,25,0,16,0,12,
0,24,252,138,12,234,252,215,0,10,253,72,6,218,243,22,254,185,187,0,198,0,218,1,51,0,132,0,57,0,24,0,14,0,11,
0,196,252,90,12,110,254,215,0,10,253,72,6,212,238,40,2,123,188,0,198,0,222,1,52,0,132,0,57,0,24,0,15,0,12,
0,95,253,133,12,56,0,215,0,10,253,72,6,202,239,184,0,83,190,0,197,0,226,1,52,0,132,0,56,0,25,0,15,0,12,
0,95,253,133,12,56,0,215,0,10,253,72,6,18,241,220,255,134,189,0,197,0,229,1,52,0,131,0,56,0,24,0,14,0,11,
0,6,254,33,13,51,1,215,0,10,253,72,6,18,241,220,255,191,186,0,198,0,230,1,51,0,131,0,57,0,25,0,15,0,12,
0,204,254,16,14,80,1,58,0,62,253,221,5,13,241,23,0,191,186,0,200,0,229,1,51,0,131,0,56,0,24,0,14,0,11,
0,139,255,26,15,59,1,58,0,62,253,221,5,155,241,161,255,94,187,0,202,0,228,1,49,0,130,0,56,0,24,0,15,0,11,
0,139,255,26,15,59,1,58,0,62,253,221,5,225,242,189,254,83,187,0,203,0,226,1,50,0,130,0,56,0,24,0,14,0,12,
0,2,0,227,15,89,1,58,0,62,253,221,5,47,245,244,253,179,188,0,203,0,224,1,52,0,130,0,55,0,23,0,14,0,11,
0,108,0,107,16,108,1,58,0,62,253,221,5,47,245,244,253,179,188,0,202,0,224,1,54,0,131,0,56,0,25,0,15,0,12,
0,178,0,107,16,6,1,58,0,62,253,221,5,116,246,161,252,88,186,0,200,0,224,1,56,0,131,0,56,0,24,0,14,0,11,
0,178,0,203,16,6,1,58,0,62,253,221,5,28,246,37,252,240,185,0,196,0,224,1,59,0,132,0,56,0,25,0,15,0,12,
0,116,0,14,17,100,0,58,0,62,253,221,5,143,246,189,251,3,187,0,192,0,223,1,60,0,132,0,56,0,24,0,15,0,12,
0,39,0,63,17,115,255,58,0,62,253,221,5,143,246,10,251,116,189,0,186,0,224,1,61,0,133,0,57,0,25,0,15,0,11,
0,39,0,63,17,157,254,58,0,62,253,221,5,146,249,10,251,116,189,0,180,0,225,1,60,0,134,0,57,0,25,0,16,0,12,
0,183,255,106,17,157,254,250,255,67,253,41,6,16,252,28,250,105,185,0,174,0,225,1,60,0,134,0,57,0,25,0,15,0,12,
0,115,255,162,17,217,253,250,255,67,253,41,6,147,253,71,250,43,186,0,168,0,227,1,59,0,134,0,58,0,25,0,16,0,12,
0,242,254,206,17,51,253,250,255,67,253,41,6,38,255,131,250,95,188,0,162,0,229,1,60,0,134,0,57,0,25,0,16,0,12,
0,242,254,206,17,51,253,250,255,67,253,41,6,38,255,131,250,95,190,0,157,0,230,1,59,0,134,0,58,0,26,0,16,0,12,
0,150,254,192,17,165,252,250,255,67,253,41,6,123,2,73,250,61,190,0,152,0,232,1,59,0,134,0,57,0,25,0,15,0,12,
0,171,254,165,17,78,252,250,255,67,253,41,6,190,5,56,249,40,187,0,147,0,233,1,59,0,134,0,58,0,26,0,15,0,12,
0,139,254,112,17,43,252,250,255,67,253,41,6,24,5,117,249,47,188,0,144,0,235,1,59,0,135,0,58,0,26,0,16,0,12,
0,139,254,112,17,43,252,250,255,67,253,41,6,24,5,51,249,174,190,0,142,0,236,1,60,0,134,0,58,0,25,0,15,0,12,
0,101,254,244,16,4,252,250,255,67,253,41,6,59,7,51,249,174,190,0,139,0,237,1,60,0,135,0,58,0,26,0,16,0,12,
0,109,254,58,16,11,252,250,255,67,253,41,6,42,10,9,248,177,190,0,138,0,238,1,60,0,134,0,58,0,25,0,15,0,12,
0,152,254,58,16,30,252,250,255,67,253,41,6,37,10,60,247,13,186,0,137,0,238,1,59,0,135,0,59,0,25,0,15,0,12,
0,152,254,66,15,30,252,175,255,43,253,206,5,146,9,18,247,150,188,0,136,0,239,1,59,0,134,0,58,0,26,0,16,0,12,
0,158,254,93,14,81,252,175,255,43,253,206,5,146,9,18,247,22,191,0,136,0,239,1,58,0,134,0,58,0,25,0,15,0,12,
0,101,254,143,13,138,252,175,255,43,253,206,5,175,10,39,247,22,191,0,136,0,240,1,57,0,134,0,59,0,26,0,16,0,12,
0,101,254,143,13,196,252,175,255,43,253,206,5,57,13,106,246,138,189,0,136,0,241,1,58,0,134,0,58,0,25,0,15,0,11,
0,113,254,222,12,196,252,175,255,43,253,206,5,92,13,74,246,26,187,0,136,0,242,1,56,0,134,0,58,0,26,0,16,0,12,
0,152,254,80,12,8,253,175,255,43,253,206,5,92,12,17,247,206,187,0,136,0,243,1,56,0,134,0,58,0,26,0,16,0,12,
0,162,254,160,11,36,253,175,255,43,253,206,5,192,12,17,247,206,187,0,136,0,245,1,56,0,133,0,58,0,25,0,15,0,11,
0,162,254,160,11,36,253,175,255,43,253,206,5,143,14,212,247,192,191,0,136,0,245,1,55,0,133,0,58,0,26,0,16,0,12,
0,153,254,230,10,58,253,175,255,43,253,206,5,144,16,92,247,216,189,0,136,0,247,1,55,0,132,0,57,0,25,0,15,0,12,
0,200,254,69,10,140,253,175,255,43,253,206,5,6,16,83,247,85,187,0,136,0,248,1,53,0,133,0,57,0,25,0,15,0,11,
0,9,255,181,9,192,253,43,255,0,253,146,6,6,16,83,247,46,190,0,136,0,250,1,52,0,133,0,58,0,26,0,16,0,12,
0,9,255,181,9,192,253,43,255,0,253,146,6,237,14,200,247,46,190,0,137,0,252,1,52,0,132,0,57,0,25,0,15,0,12,
0,37,255,24,9,249,253,43,255,0,253,146,6,167,14,57,248,210,193,0,136,0,253,1,51,0,132,0,57,0,26,0,16,0,12,
0,43,255,146,8,54,254,43,255,0,253,146,6,88,16,107,247,252,191,0,137,0,255,1,50,0,131,0,57,0,25,0,15,0,11,
0,43,255,146,8,122,254,43,255,0,253,146,6,41,15,53,247,55,190,0,137,1,1,1,49,0,131,0,57,0,25,0,15,0,12,
0,100,255,19,8,122,254,43,255,0,253,146,6,41,15,53,247,55,190,0,137,1,3,1,47,0,131,0,57,0,24,0,16,0,12,
0,127,255,155,7,193,254,43,255,0,253,146,6,96,14,102,247,2,192,0,137,1,5,1,46,0,129,0,51,0,23,0,15,0,13,
0,121,255,7,7,247,254,43,255,0,253,146,6,192,14,137,247,43,195,0,137,1,6,1,45,0,129,0,52,0,23,0,15,0,13,
0,121,255,7,7,50,255,43,255,0,253,146,6,221,15,59,247,95,195,0,138,1,8,1,43,0,128,0,55,0,23,0,14,0,12,
0,198,255,119,6,50,255,43,255,0,253,146,6,221,15,169,246,142,194,0,138,1,9,1,41,0,128,0,58,0,24,0,15,0,12,
0,0,0,150,5,94,255,44,255,17,253,141,6,160,16,169,246,142,194,0,139,1,10,1,40,0,127,0,57,0,24,0,15,0,12,
0,21,0,169,4,137,255,44,255,17,253,141,6,102,16,106,246,215,193,0,139,1,10,1,38,0,126,0,56,0,23,0,14,0,11,
0,21,0,169,4,137,255,44,255,17,253,141,6,50,15,105,246,229,193,0,140,1,11,1,36,0,126,0,55,0,23,0,14,0,11,
0,5,0,218,3,174,255,44,255,17,253,141,6,90,14,26,246,101,195,0,140,1,10,1,33,0,125,0,55,0,24,0,15,0,12,
0,240,255,221,2,228,255,44,255,17,253,141,6,90,14,26,246,53,195,0,140,1,9,1,31,0,124,0,55,0,25,0,15,0,11,
0,188,255,3,2,32,0,44,255,17,253,141,6,147,15,76,245,53,195,0,140,1,8,1,28,0,123,0,55,0,25,0,16,0,12,
0,188,255,3,2,32,0,44,255,17,253,141,6,153,14,11,245,160,193,0,141,1,8,1,26,0,122,0,54,0,25,0,15,0,12,
0,186,255,35,1,57,0,44,255,17,253,141,6,36,14,157,244,209,193,0,141,1,7,1,23,0,121,0,54,0,25,0,15,0,12,
0,132,255,98,0,99,0,44,255,17,253,141,6,36,14,181,244,95,195,0,142,1,6,1,21,0,119,0,53,0,23,0,15,0,11,
0,132,255,98,0,129,0,44,255,17,253,141,6,124,13,181,244,95,195,0,142,1,6,1,18,0,119,0,53,0,24,0,15,0,12,
0,69,255,184,255,129,0,251,254,28,253,195,5,107,14,128,244,58,194,0,143,1,5,1,16,0,118,0,52,0,24,0,15,0,12,
0,7,255,53,255,110,0,251,254,28,253,195,5,150,14,163,244,160,194,0,143,1,4,1,14,0,117,0,52,0,22,0,15,0,12,
0,157,254,189,254,107,0,251,254,28,253,195,5,55,15,111,244,97,193,0,144,1,4,1,12,0,116,0,52,0,22,0,14,0,12,
0,157,254,189,254,137,0,251,254,28,253,195,5,55,15,111,244,231,192,0,144,1,4,1,11,0,114,0,50,0,21,0,14,0,11,
0,88,254,26,254,137,0,251,254,28,253,195,5,212,14,183,244,231,192,0,144,1,4,1,9,0,114,0,50,0,22,0,14,0,12,
0,54,254,107,253,152,0,251,254,28,253,195,5,8,15,220,244,30,194,0,144,1,3,1,8,0,113,0,50,0,22,0,14,0,12,
0,241,253,223,252,188,0,251,254,28,253,195,5,194,14,173,244,180,192,0,144,1,3,1,6,0,112,0,49,0,22,0,14,0,12,
0,241,253,223,252,188,0,251,254,28,253,195,5,238,13,251,244,226,191,0,145,1,4,1,5,0,111,0,49,0,22,0,14,0,12,
0,173,253,62,252,200,0,251,254,28,253,195,5,238,13,251,244,226,191,0,145,1,4,1,5,0,110,0,52,0,21,0,13,0,11,
0,122,253,175,251,219,0,251,254,28,253,195,5,6,13,47,245,38,193,0,145,1,5,1,3,0,110,0,51,0,22,0,13,0,11,
0,98,253,78,251,211,0,251,254,28,253,222,5,139,13,169,245,185,193,0,145,1,5,1,2,0,109,0,50,0,22,0,14,0,11,
0,98,253,78,251,211,0,56,255,20,253,222,5,192,12,83,245,19,192,0,145,1,6,1,1,0,108,0,49,0,22,0,14,0,12,
0,74,253,39,251,242,0,56,255,20,253,222,5,192,12,83,245,87,191,0,145,1,7,1,0,0,108,0,48,0,22,0,14,0,11,
0,31,253,224,250,17,1,56,255,20,253,222,5,18,12,211,245,87,191,0,146,1,8,0,255,0,107,0,47,0,22,0,14,0,11,
0,31,253,224,250,35,1,56,255,20,253,222,5,104,11,144,246,161,192,0,146,1,9,0,254,0,107,0,47,0,23,0,14,0,11,
0,253,252,113,250,35,1,56,255,20,253,222,5,176,12,111,246,169,192,0,146,1,10,0,253,0,106,0,47,0,22,0,14,0,11,
0,213,252,68,250,75,1,56,255,20,253,222,5,128,12,152,246,174,190,0,146,1,11,0,252,0,106,0,46,0,22,0,14,0,11,
0,221,252,228,249,77,1,56,255,20,253,222,5,128,12,152,246,174,190,0,147,1,11,0,252,0,105,0,46,0,22,0,14,0,11,
0,221,252,228,249,77,1,56,255,20,253,222,5,82,11,228,246,65,190,0,148,1,12,0,252,0,104,0,45,0,20,0,13,0,11,
0,222,252,127,249,104,1,56,255,20,253,222,5,216,10,75,247,185,194,0,148,1,12,0,251,0,104,0,45,0,21,0,14,0,12,
0,203,252,45,249,146,1,56,255,20,253,222,5,128,11,196,246,99,192,0,148,1,13,0,250,0,104,0,45,0,21,0,14,0,12,
0,197,252,203,248,179,1,83,255,16,253,162,5,128,11,190,246,200,190,0,149,1,13,0,250,0,104,0,45,0,21,0,14,0,12,
0,197,252,203,248,179,1,83,255,16,253,162,5,93,10,190,246,200,190,0,150,1,14,0,250,0,104,0,45,0,21,0,14,0,12,
0,135,252,114,248,227,1,83,255,16,253,162,5,127,8,66,247,15,192,0,151,1,15,0,251,0,103,0,44,0,20,0,13,0,11,
0,64,252,60,248,229,1,83,255,16,253,162,5,123,8,115,247,143,193,0,152,1,15,0,250,0,104,0,45,0,21,0,14,0,12,
0,85,252,255,247,5,2,83,255,16,253,162,5,100,9,17,247,147,191,0,153,1,16,0,251,0,104,0,45,0,21,0,14,0,12,
0,85,252,255,247,5,2,83,255,16,253,162,5,100,9,17,247,97,189,0,155,1,16,0,250,0,103,0,44,0,20,0,14,0,12,
0,94,252,224,247,8,2,83,255,16,253,162,5,197,7,88,247,97,189,0,157,1,17,0,251,0,103,0,44,0,20,0,14,0,12,
0,62,252,252,247,28,2,83,255,16,253,162,5,86,6,106,248,66,191,0,159,1,18,0,251,0,103,0,44,0,20,0,13,0,11,
0,62,252,252,247,44,2,83,255,16,253,162,5,208,6,18,248,160,191,0,161,1,18,0,252,0,103,0,44,0,20,0,13,0,12,
0,80,252,236,247,44,2,83,255,16,253,162,5,208,7,194,247,238,190,0,163,1,19,0,252,0,103,0,44,0,20,0,14,0,11,
0,125,252,197,247,34,2,85,255,43,253,52,6,53,7,194,247,238,190,0,166,1,20,0,252,0,103,0,43,0,20,0,13,0,11,
0,155,252,189,247,43,2,85,255,43,253,52,6,24,6,143,247,175,189,0,168,1,20,0,251,0,103,0,44,0,20,0,14,0,11,
0,155,252,189,247,43,2,85,255,43,253,52,6,97,4,231,247,51,190,0,171,1,20,0,251,0,102,0,43,0,20,0,13,0,11,
0,178,252,196,247,45,2,85,255,43,253,52,6,110,4,142,247,127,191,0,172,1,20,0,250,0,103,0,43,0,20,0,13,0,11,
0,182,252,209,247,27,2,85,255,43,253,52,6,110,4,142,247,142,191,0,174,1,20,0,250,0,103,0,44,0,20,0,14,0,12,
0,162,252,227,247,32,2,85,255,43,253,52,6,107,4,71,247,142,191,0,176,1,20,0,250,0,103,0,43,0,20,0,13,0,11,
0,162,252,227,247,32,2,85,255,43,253,52,6,106,3,59,247,47,190,0,178,1,20,0,248,0,102,0,44,0,20,0,14,0,11,
0,156,252,249,247,66,2,85,255,43,253,52,6,41,3,251,246,22,191,0,180,1,20,0,247,0,102,0,43,0,19,0,13,0,11,
0,173,252,253,247,69,2,85,255,43,253,52,6,202,2,132,247,129,190,0,182,1,20,0,246,0,102,0,43,0,19,0,13,0,11,
0,179,252,255,247,37,2,85,255,43,253,52,6,202,2,132,247,129,190,0,183,1,20,0,245,0,102,0,43,0,20,0,13,0,11,
0,179,252,255,247,37,2,16,0,210,252,212,5,233,1,75,247,75,189,0,185,1,20,0,245,0,101,0,43,0,20,0,13,0,12,
0,188,252,18,248,5,2,16,0,210,252,212,5,67,1,40,247,97,190,0,186,1,20,0,243,0,101,0,43,0,20,0,14,0,11,
0,187,252,29,248,15,2,16,0,210,252,212,5,194,0,123,247,181,191,0,187,1,20,0,242,0,100,0,43,0,19,0,13,0,11,
0,187,252,29,248,33,2,16,0,210,252,212,5,194,0,32,247,120,191,0,188,1,20,0,239,0,100,0,43,0,18,0,13,0,11,
0,175,252,62,248,33,2,16,0,210,252,212,5,171,0,32,247,120,191,0,189,1,19,0,238,0,99,0,43,0,19,0,13,0,12,
0,172,252,106,248,27,2,16,0,210,252,212,5,86,0,224,246,245,189,0,190,1,19,0,237,0,98,0,42,0,18,0,13,0,11,
0,139,252,167,248,246,1,16,0,210,252,212,5,90,255,248,246,194,188,0,191,1,20,0,235,0,97,0,42,0,18,0,13,0,11,
0,139,252,167,248,246,1,16,0,210,252,212,5,81,254,6,247,150,189,0,191,1,20,0,233,0,97,0,42,0,19,0,13,0,11,
0,149,252,207,248,236,1,16,0,210,252,212,5,81,254,6,247,150,190,0,192,1,20,0,232,0,96,0,41,0,18,0,13,0,11,
0,85,252,47,249,204,1,16,0,210,252,212,5,81,254,34,247,193,190,0,192,1,20,0,230,0,95,0,41,0,19,0,13,0,11,
0,98,252,122,249,178,1,12,0,253,252,76,5,194,254,39,247,229,190,0,193,1,20,0,228,0,95,0,40,0,18,0,13,0,11,
0,98,252,122,249,178,1,12,0,253,252,76,5,19,254,83,247,240,189,0,193,1,20,0,227,0,94,0,40,0,17,0,13,0,11,
0,166,252,194,249,164,1,12,0,253,252,76,5,19,254,188,247,27,190,0,193,1,20,0,225,0,94,0,40,0,19,0,13,0,11,
0,204,252,247,249,168,1,12,0,253,252,76,5,157,253,188,247,27,190,0,194,1,20,0,223,0,92,0,40,0,19,0,13,0,11,
0,157,252,48,250,162,1,12,0,253,252,76,5,94,253,206,247,228,190,0,194,1,21,0,222,0,91,0,39,0,20,0,13,0,11,
0,157,252,48,250,162,1,12,0,253,252,76,5,253,252,120,247,63,190,0,194,1,21,0,220,0,91,0,39,0,19,0,14,0,11,
0,130,252,131,250,165,1,12,0,253,252,76,5,46,252,155,247,168,188,0,195,1,21,0,219,0,90,0,38,0,18,0,13,0,11,
0,173,252,195,250,172,1,12,0,253,252,76,5,46,252,155,247,143,189,0,194,1,21,0,217,0,89,0,39,0,19,0,13,0,11,
0,173,252,195,250,192,1,12,0,253,252,76,5,15,251,42,248,143,189,0,194,1,21,0,216,0,89,0,38,0,18,0,13,0,11,
0,140,252,18,251,192,1,12,0,253,252,76,5,51,251,178,248,40,191,0,195,1,21,0,215,0,87,0,37,0,19,0,13,0,11,
0,168,252,150,251,172,1,12,0,253,252,76,5,90,251,126,248,132,191,0,195,1,21,0,213,0,87,0,38,0,18,0,14,0,11,
0,154,252,6,252,151,1,235,255,224,252,121,5,90,251,120,248,119,190,0,195,1,21,0,212,0,86,0,37,0,17,0,12,0,11,
0,154,252,6,252,151,1,235,255,224,252,121,5,223,251,120,248,119,190,0,195,1,20,0,211,0,87,0,37,0,18,0,13,0,11,
0,145,252,131,252,172,1,235,255,224,252,121,5,229,250,200,248,166,189,0,195,1,21,0,211,0,86,0,36,0,17,0,12,0,11,
0,163,252,238,252,156,1,235,255,224,252,121,5,54,251,58,249,165,190,0,195,1,21,0,210,0,85,0,37,0,18,0,13,0,11,
0,151,252,77,253,142,1,235,255,224,252,121,5,98,251,90,249,238,190,0,196,1,21,0,210,0,84,0,36,0,17,0,13,0,11,
0,151,252,77,253,142,1,235,255,224,252,121,5,98,251,90,249,43,190,0,196,1,21,0,210,0,84,0,36,0,17,0,12,0,11,
0,152,252,198,253,146,1,235,255,224,252,121,5,162,251,102,249,43,190,0,196,1,21,0,210,0,84,0,36,0,18,0,13,0,11,
0,164,252,34,254,105,1,235,255,224,252,121,5,200,250,207,249,33,188,0,196,1,21,0,210,0,84,0,36,0,17,0,12,0,11,
0,194,252,116,254,140,1,235,255,224,252,121,5,190,249,67,250,188,189,0,196,1,22,0,211,0,83,0,35,0,18,0,12,0,11,
0,194,252,116,254,140,1,235,255,224,252,121,5,159,250,87,250,81,191,0,196,1,22,0,211,0,83,0,35,0,17,0,13,0,11,
0,3,253,194,254,117,1,208,255,227,252,169,5,159,250,87,250,81,191,0,197,1,22,0,211,0,83,0,35,0,17,0,12,0,11,
0,13,253,54,255,106,1,208,255,227,252,169,5,133,250,106,250,150,190,0,197,1,22,0,212,0,84,0,36,0,17,0,13,0,11,
0,13,253,54,255,77,1,208,255,227,252,169,5,189,250,39,250,80,189,0,197,1,23,0,212,0,84,0,35,0,17,0,12,0,11,
0,17,253,166,255,77,1,208,255,227,252,169,5,109,251,93,250,21,190,0,197,1,23,0,214,0,83,0,30,0,17,0,13,0,12,
0,33,253,43,0,60,1,208,255,227,252,169,5,109,251,164,250,155,189,0,197,1,24,0,214,0,84,0,31,0,16,0,13,0,12,
0,41,253,169,0,98,1,208,255,227,252,169,5,62,252,164,250,155,189,0,197,1,24,0,215,0,84,0,32,0,16,0,12,0,11,
0,41,253,169,0,98,1,208,255,227,252,169,5,247,251,219,250,45,189,0,197,1,24,0,215,0,85,0,33,0,16,0,13,0,11,
0,59,253,2,1,96,1,208,255,227,252,169,5,16,252,50,251,232,189,0,197,1,25,0,217,0,85,0,34,0,16,0,12,0,11,
0,85,253,71,1,60,1,208,255,227,252,169,5,51,252,96,251,231,190,0,198,1,25,0,218,0,85,0,34,0,17,0,13,0,11,
0,108,253,174,1,58,1,208,255,227,252,169,5,51,252,96,251,231,191,0,198,1,26,0,219,0,85,0,35,0,16,0,13,0,12,
0,108,253,174,1,58,1,226,255,171,252,222,5,75,253,88,251,102,191,0,198,1,26,0,219,0,86,0,35,0,17,0,12,0,11,
0,103,253,21,2,65,1,226,255,171,252,222,5,118,253,243,250,29,190,0,198,1,26,0,220,0,87,0,36,0,18,0,13,0,11,
0,73,253,95,2,84,1,226,255,171,252,222,5,82,252,39,251,184,188,0,198,1,26,0,221,0,87,0,36,0,17,0,12,0,11,
0,121,253,95,2,93,1,226,255,171,252,222,5,82,252,114,251,11,191,0,199,1,27,0,222,0,87,0,36,0,18,0,13,0,11,
0,121,253,167,2,93,1,226,255,171,252,222,5,87,252,114,251,11,191,0,200,1,27,0,224,0,87,0,36,0,15,0,12,0,11,
0,160,253,2,3,115,1,226,255,171,252,222,5,89,253,155,251,248,192,0,200,1,27,0,225,0,89,0,37,0,16,0,13,0,11,
0,196,253,91,3,108,1,226,255,171,252,222,5,53,255,65,251,21,191,0,200,1,28,0,227,0,88,0,36,0,16,0,12,0,11,
0,196,253,91,3,58,1,226,255,171,252,222,5,179,254,227,250,108,188,0,201,1,28,0,228,0,89,0,37,0,16,0,12,0,11,
0,219,253,165,3,58,1,226,255,171,252,222,5,179,254,227,250,66,190,0,201,1,28,0,230,0,90,0,38,0,17,0,12,0,11,
0,232,253,222,3,40,1,226,255,171,252,222,5,81,254,34,251,66,190,0,202,1,30,0,232,0,91,0,37,0,16,0,12,0,11,
0,255,253,249,3,60,1,80,0,169,252,190,5,49,255,107,251,80,193,0,202,1,29,0,233,0,91,0,38,0,17,0,12,0,11,
0,255,253,249,3,60,1,80,0,169,252,190,5,54,0,15,251,213,192,0,203,1,30,0,235,0,92,0,38,0,16,0,12,0,11,
0,13,254,27,4,73,1,80,0,169,252,190,5,236,0,109,250,62,191,0,204,1,30,0,237,0,93,0,38,0,17,0,12,0,11,
0,15,254,78,4,76,1,80,0,169,252,190,5,236,0,109,250,62,191,0,205,1,31,0,238,0,94,0,39,0,18,0,13,0,11,
0,44,254,80,4,59,1,80,0,169,252,190,5,167,0,52,250,42,190,0,206,1,31,0,240,0,94,0,43,0,20,0,12,0,11,
0,44,254,80,4,59,1,80,0,169,252,190,5,69,0,95,250,75,191,0,207,1,31,0,241,0,95,0,43,0,20,0,13,0,11,
0,49,254,130,4,60,1,80,0,169,252,190,5,19,1,51,250,152,192,0,208,1,31,0,242,0,95,0,42,0,19,0,12,0,11,
0,83,254,148,4,53,1,80,0,169,252,190,5,19,1,51,250,181,192,0,209,1,31,0,243,0,97,0,42,0,20,0,13,0,11,
0,79,254,148,4,63,1,80,0,169,252,190,5,247,1,231,249,181,192,0,210,1,32,0,244,0,97,0,41,0,20,0,13,0,11,
0,79,254,172,4,63,1,80,0,169,252,190,5,254,1,234,249,253,191,0,210,1,32,0,245,0,98,0,42,0,20,0,13,0,11,
0,88,254,188,4,39,1,80,0,169,252,190,5,156,2,130,249,228,191,0,211,1,32,0,247,0,99,0,42,0,20,0,14,0,12,
0,99,254,209,4,52,1,188,255,225,252,18,5,110,3,77,249,127,192,0,212,1,32,0,248,0,99,0,42,0,19,0,13,0,11,
0,99,254,209,4,111,1,188,255,225,252,18,5,110,3,77,249,127,192,0,213,1,32,0,249,0,100,0,42,0,20,0,14,0,11,
0,94,254,194,4,111,1,188,255,225,252,18,5,203,3,77,249,231,190,0,214,1,32,0,249,0,100,0,42,0,20,0,14,0,12,
0,151,254,163,4,86,1,188,255,225,252,18,5,53,3,69,249,201,191,0,215,1,32,0,250,0,101,0,43,0,20,0,14,0,12,
0,155,254,147,4,91,1,188,255,225,252,18,5,164,3,71,249,32,193,0,216,1,32,0,250,0,101,0,43,0,20,0,14,0,12,
0,155,254,147,4,91,1,188,255,225,252,18,5,164,3,39,249,181,193,0,217,1,32,0,251,0,101,0,42,0,19,0,13,0,11,
0,154,254,100,4,107,1,188,255,225,252,18,5,148,4,39,249,181,193,0,218,1,31,0,251,0,101,0,43,0,19,0,13,0,11,
0,143,254,74,4,116,1,188,255,225,252,18,5,188,5,90,248,237,192,0,218,1,31,0,251,0,102,0,43,0,20,0,14,0,11,
0,166,254,51,4,138,1,188,255,225,252,18,5,188,4,35,248,27,190,0,220,1,31,0,252,0,102,0,42,0,19,0,13,0,11,
0,166,254,51,4,138,1,188,255,225,252,18,5,162,4,125,248,250,191,0,220,1,31,0,251,0,102,0,43,0,20,0,13,0,12,
0,183,254,13,4,143,1,142,255,222,252,21,6,162,4,125,248,91,194,0,221,1,31,0,252,0,102,0,43,0,20,0,13,0,11,
0,192,254,221,3,130,1,142,255,222,252,21,6,89,5,139,248,91,194,0,222,1,30,0,252,0,102,0,43,0,20,0,13,0,11,
0,184,254,221,3,124,1,142,255,222,252,21,6,64,6,74,248,115,193,0,222,1,30,0,251,0,103,0,43,0,20,0,14,0,11,
0,184,254,172,3,124,1,142,255,222,252,21,6,118,6,221,247,156,192,0,224,1,30,0,252,0,102,0,43,0,19,0,13,0,11,
0,174,254,163,3,124,1,142,255,222,252,21,6,118,6,145,247,241,191,0,224,1,30,0,252,0,102,0,43,0,20,0,13,0,11,
0,198,254,100,3,123,1,142,255,222,252,21,6,157,6,145,247,241,191,0,225,1,29,0,251,0,104,0,44,0,21,0,14,0,11,
0,198,254,100,3,141,1,142,255,222,252,21,6,230,5,37,248,228,192,0,226,1,29,0,251,0,103,0,43,0,20,0,13,0,11,
0,168,254,34,3,141,1,142,255,222,252,21,6,62,6,187,247,40,194,0,227,1,28,0,251,0,103,0,44,0,20,0,14,0,12,
0,151,254,235,2,122,1,142,255,222,252,21,6,55,7,17,247,140,192,0,228,1,28,0,250,0,102,0,43,0,20,0,13,0,11,
0,164,254,203,2,134,1,142,255,222,252,21,6,55,7,17,247,112,191,0,229,1,27,0,250,0,104,0,44,0,21,0,14,0,12,
0,164,254,203,2,134,1,183,255,214,252,178,6,163,6,29,247,112,191,0,231,1,27,0,249,0,102,0,43,0,20,0,13,0,11,
0,187,254,173,2,171,1,183,255,214,252,178,6,218,6,95,247,27,194,0,232,1,26,0,249,0,102,0,43,0,20,0,13,0,11,
0,182,254,117,2,187,1,183,255,214,252,178,6,106,6,92,247,197,193,0,232,1,25,0,247,0,102,0,44,0,20,0,14,0,12,
0,190,254,46,2,187,1,183,255,214,252,178,6,4,7,235,246,11,194,0,234,1,25,0,247,0,102,0,43,0,20,0,14,0,12,
0,190,254,46,2,187,1,183,255,214,252,178,6,4,7,235,246,11,194,0,235,1,24,0,247,0,101,0,43,0,20,0,13,0,11,
0,193,254,232,1,208,1,183,255,214,252,178,6,30,7,199,246,28,193,0,235,1,23,0,246,0,102,0,44,0,20,0,14,0,12,
0,182,254,161,1,189,1,183,255,214,252,178,6,186,6,202,246,158,192,0,237,1,23,0,245,0,101,0,43,0,20,0,13,0,11,
0,182,254,161,1,188,1,183,255,214,252,178,6,215,6,177,246,1,193,0,237,1,21,0,244,0,101,0,43,0,20,0,14,0,11,
0,155,254,107,1,188,1,183,255,214,252,178,6,215,6,177,246,134,193,0,239,1,21,0,244,0,100,0,42,0,19,0,13,0,11,
0,158,254,55,1,210,1,183,255,214,252,178,6,6,6,218,246,134,193,0,239,1,20,0,242,0,100,0,43,0,20,0,13,0,11,
0,195,254,234,0,2,2,150,255,182,252,160,5,85,6,182,246,255,193,0,241,1,19,0,242,0,99,0,42,0,19,0,13,0,11,
0,195,254,234,0,25,2,150,255,182,252,160,5,52,6,165,246,185,194,0,241,1,18,0,241,0,100,0,43,0,20,0,14,0,11,
0,202,254,197,0,25,2,150,255,182,252,160,5,167,6,97,246,175,192,0,242,1,17,0,239,0,99,0,42,0,18,0,13,0,11,
0,185,254,178,0,24,2,150,255,182,252,160,5,167,6,97,246,175,192,0,244,1,17,0,239,0,98,0,42,0,18,0,13,0,11,
0,194,254,129,0,32,2,150,255,182,252,160,5,242,5,74,246,243,190,0,245,1,16,0,238,0,98,0,41,0,18,0,12,0,11,
0,194,254,129,0,32,2,150,255,182,252,160,5,238,4,212,246,185,192,0,245,1,15,0,237,0,98,0,42,0,19,0,13,0,11,
0,197,254,60,0,63,2,150,255,182,252,160,5,97,5,6,247,78,195,0,247,1,14,0,236,0,97,0,41,0,18,0,12,0,11,
0,170,254,35,0,63,2,150,255,182,252,160,5,97,5,175,246,159,194,0,248,1,14,0,235,0,97,0,41,0,19,0,13,0,11,
0,194,254,15,0,24,2,150,255,182,252,160,5,187,6,175,246,159,194,0,249,1,13,0,235,0,96,0,41,0,18,0,13,0,11,
0,194,254,15,0,24,2,150,255,182,252,160,5,21,6,87,246,21,192,0,250,1,12,0,234,0,96,0,41,0,19,0,13,0,11,
0,12,255,226,255,23,2,150,255,182,252,160,5,14,5,218,246,112,192,0,252,1,12,0,233,0,95,0,41,0,18,0,13,0,11,
0,8,255,164,255,16,2,144,255,150,252,47,7,24,5,35,247,250,193,0,253,1,11,0,232,0,96,0,41,0,19,0,13,0,12,
0,8,255,164,255,18,2,144,255,150,252,47,7,24,5,35,247,12,194,0,255,1,10,0,231,0,95,0,41,0,19,0,13,0,11,
0,209,254,141,255,18,2,144,255,150,252,47,7,194,4,18,247,12,194,1,0,1,9,0,230,0,94,0,40,0,19,0,13,0,11,
0,221,254,108,255,25,2,144,255,150,252,47,7,7,5,223,246,34,193,1,2,1,9,0,229,0,94,0,40,0,18,0,13,0,11,
0,226,254,94,255,34,2,144,255,150,252,47,7,65,4,37,247,6,193,1,4,1,9,0,228,0,93,0,40,0,17,0,12,0,11,
0,226,254,94,255,42,2,144,255,150,252,47,7,65,4,5,247,3,194,1,5,1,8,0,227,0,93,0,40,0,17,0,12,0,11,
0,242,254,77,255,42,2,144,255,150,252,47,7,99,4,5,247,3,194,1,7,1,7,0,226,0,92,0,40,0,18,0,13,0,11,
0,253,254,61,255,31,2,144,255,150,252,47,7,238,4,38,247,208,192,1,9,1,7,0,225,0,92,0,39,0,17,0,13,0,11,
0,242,254,62,255,33,2,144,255,150,252,47,7,153,4,226,246,69,191,1,11,1,6,0,225,0,91,0,39,0,17,0,12,0,11,
0,242,254,62,255,33,2,144,255,150,252,47,7,158,3,105,247,153,192,1,12,1,5,0,223,0,91,0,39,0,20,0,13,0,11,
0,253,254,49,255,21,2,187,255,141,252,222,5,158,3,105,247,207,194,1,14,1,5,0,223,0,90,0,38,0,18,0,12,0,11,
0,22,255,42,255,251,1,187,255,141,252,222,5,188,3,241,247,207,194,1,16,1,4,0,222,0,90,0,38,0,19,0,13,0,11,
0,255,254,14,255,222,1,187,255,141,252,222,5,155,4,180,247,17,194,1,17,1,3,0,221,0,90,0,38,0,18,0,13,0,11,
0,255,254,14,255,222,1,187,255,141,252,222,5,159,4,56,247,156,190,1,19,1,3,0,220,0,89,0,38,0,18,0,13,0,11,
0,243,254,235,254,204,1,187,255,141,252,222,5,125,2,3,248,74,192,1,21,1,3,0,220,0,89,0,37,0,17,0,13,0,11,
0,243,254,223,254,238,1,187,255,141,252,222,5,125,2,3,248,74,192,1,22,1,2,0,220,0,89,0,37,0,17,0,12,0,11,
0,243,254,223,254,233,1,187,255,141,252,222,5,209,3,126,248,252,194,1,23,1,2,0,219,0,89,0,38,0,19,0,13,0,12,
0,12,255,223,254,233,1,187,255,141,252,222,5,114,4,204,247,80,192,1,24,1,2,0,219,0,88,0,37,0,18,0,13,0,11,
0,19,255,202,254,216,1,187,255,141,252,222,5,102,3,188,247,70,191,1,25,1,1,0,219,0,88,0,38,0,18,0,13,0,11,
0,19,255,200,254,206,1,187,255,141,252,222,5,102,3,165,248,5,194,1,27,1,1,0,219,0,87,0,32,0,17,0,13,0,11,
0,19,255,200,254,206,1,164,255,156,252,36,6,134,3,165,248,5,194,1,27,1,1,0,219,0,87,0,33,0,16,0,13,0,11,
0,67,255,214,254,181,1,164,255,156,252,36,6,110,4,53,248,23,193,1,28,1,1,0,218,0,87,0,34,0,17,0,13,0,12,
0,72,255,227,254,176,1,164,255,156,252,36,6,96,3,98,248,31,192,1,29,1,1,0,218,0,87,0,35,0,17,0,13,0,11,
0,47,255,216,254,180,1,164,255,156,252,36,6,182,3,206,248,19,194,1,30,1,1,0,218,0,87,0,35,0,17,0,13,0,11,
0,47,255,216,254,180,1,164,255,156,252,36,6,182,3,206,248,19,191,1,31,1,2,0,219,0,87,0,35,0,16,0,12,0,11,
0,24,255,207,254,179,1,164,255,156,252,36,6,216,4,24,248,177,191,1,31,1,1,0,218,0,87,0,36,0,17,0,13,0,11,
0,36,255,200,254,165,1,164,255,156,252,36,6,255,2,216,248,71,192,1,32,1,1,0,218,0,87,0,36,0,17,0,12,0,11,
0,89,255,174,254,147,1,164,255,156,252,36,6,208,3,18,249,68,195,1,33,1,1,0,219,0,87,0,36,0,17,0,13,0,11,
0,89,255,174,254,147,1,164,255,156,252,36,6,208,3,99,248,214,191,1,33,1,1,0,218,0,87,0,36,0,17,0,13,0,11,
0,109,255,182,254,115,1,164,255,156,252,36,6,163,4,99,248,214,191,1,34,1,1,0,219,0,86,0,35,0,17,0,12,0,11,
0,98,255,194,254,116,1,234,255,129,252,109,6,154,2,156,248,235,189,1,34,1,1,0,219,0,87,0,36,0,17,0,12,0,11,
0,98,255,194,254,99,1,234,255,129,252,109,6,9,3,240,248,155,194,1,34,1,1,0,219,0,87,0,36,0,18,0,13,0,11,
0,76,255,210,254,99,1,234,255,129,252,109,6,110,4,245,248,219,194,1,35,1,1,0,219,0,87,0,36,0,17,0,13,0,11,
0,100,255,228,254,71,1,234,255,129,252,109,6,110,4,245,248,133,189,1,35,1,1,0,218,0,87,0,36,0,17,0,12,0,11,
0,132,255,215,254,53,1,234,255,129,252,109,6,228,3,38,248,133,189,1,35,1,0,0,218,0,87,0,36,0,18,0,13,0,11,
0,132,255,215,254,53,1,234,255,129,252,109,6,222,2,20,249,68,192,1,36,1,0,0,218,0,87,0,36,0,17,0,12,0,11,
0,141,255,220,254,47,1,234,255,129,252,109,6,166,3,77,249,86,195,1,35,1,0,0,219,0,87,0,37,0,18,0,13,0,11,
0,128,255,247,254,21,1,234,255,129,252,109,6,11,5,74,248,22,192,1,36,1,1,0,220,0,87,0,36,0,17,0,13,0,11,
0,127,255,9,255,38,1,234,255,129,252,109,6,11,5,74,248,22,192,1,35,1,1,0,220,0,88,0,37,0,18,0,13,0,11,
0,127,255,9,255,38,1,234,255,129,252,109,6,25,3,195,248,128,190,1,36,1,2,0,220,0,87,0,36,0,17,0,12,0,11,
0,143,255,26,255,13,1,234,255,129,252,109,5,120,3,235,248,157,193,1,35,1,1,0,220,0,87,0,36,0,17,0,12,0,11,
0,108,255,17,255,249,0,222,255,175,252,158,5,122,4,107,248,110,194,1,34,1,1,0,219,0,88,0,41,0,19,0,13,0,11,
0,115,255,4,255,5,1,222,255,175,252,158,5,122,4,107,248,82,191,1,35,1,2,0,220,0,87,0,40,0,18,0,12,0,11,
0,115,255,4,255,5,1,222,255,175,252,158,5,11,4,32,248,82,191,1,34,1,1,0,220,0,88,0,40,0,19,0,13,0,11,
0,161,255,24,255,29,1,222,255,175,252,158,5,2,3,208,248,125,193,1,34,1,2,0,220,0,87,0,38,0,18,0,12,0,11,
0,216,255,55,255,15,1,222,255,175,252,158,5,178,4,110,248,57,193,1,34,1,1,0,221,0,87,0,38,0,18,0,12,0,11,
0,216,255,55,255,234,0,222,255,175,252,158,5,242,3,104,248,72,191,1,33,1,2,0,220,0,88,0,38,0,18,0,13,0,11,
0,214,255,59,255,234,0,222,255,175,252,158,5,242,3,104,248,72,191,1,33,1,1,0,221,0,87,0,37,0,17,0,12,0,11,
0,214,255,58,255,210,0,222,255,175,252,158,5,108,3,81,248,194,191,1,32,1,1,0,220,0,88,0,38,0,18,0,13,0,11,
0,211,255,68,255,214,0,222,255,175,252,158,5,154,3,157,248,74,193,1,32,1,2,0,221,0,87,0,37,0,17,0,12,0,11,
0,211,255,68,255,214,0,222,255,175,252,158,5,114,4,77,248,227,192,1,31,1,1,0,220,0,88,0,37,0,18,0,13,0,11,
0,222,255,81,255,231,0,232,255,197,252,162,5,114,4,76,248,147,191,1,31,1,1,0,221,0,88,0,37,0,18,0,13,0,11,
0,218,255,83,255,212,0,232,255,197,252,162,5,165,3,76,248,147,191,1,30,1,2,0,221,0,87,0,37,0,18,0,13,0,11,
0,215,255,94,255,186,0,232,255,197,252,162,5,49,3,52,248,152,192,1,29,1,1,0,221,0,88,0,37,0,18,0,13,0,11,
0,215,255,94,255,186,0,232,255,197,252,162,5,158,3,39,248,131,193,1,29,1,2,0,221,0,87,0,37,0,17,0,12,0,11,
0,232,255,146,255,160,0,232,255,197,252,162,5,96,3,18,248,145,192,1,28,1,1,0,221,0,88,0,37,0,18,0,13,0,11,
0,247,255,171,255,160,0,232,255,197,252,162,5,96,3,18,248,203,191,1,27,1,1,0,221,0,88,0,37,0,18,0,13,0,11,
0,231,255,159,255,156,0,232,255,197,252,162,5,38,3,189,247,203,191,1,27,1,2,0,222,0,88,0,37,0,17,0,13,0,11,
0,231,255,159,255,156,0,232,255,197,252,162,5,44,3,188,247,131,192,1,25,1,2,0,221,0,88,0,37,0,18,0,13,0,11,
0,219,255,181,255,165,0,232,255,197,252,162,5,80,3,162,247,76,193,1,25,1,3,0,222,0,87,0,36,0,17,0,12,0,11,
0,215,255,187,255,163,0,232,255,197,252,162,5,80,3,39,247,244,191,1,24,1,2,0,221,0,88,0,38,0,18,0,13,0,12,
0,215,255,187,255,134,0,189,255,246,252,211,5,241,3,39,247,244,191,1,23,1,3,0,222,0,88,0,37,0,18,0,13,0,11,
0,229,255,195,255,134,0,189,255,246,252,211,5,57,3,149,247,211,192,1,22,1,3,0,222,0,88,0,37,0,18,0,13,0,11,
0,247,255,241,255,148,0,189,255,246,252,211,5,242,2,110,247,239,192,1,21,1,3,0,222,0,89,0,37,0,17,0,13,0,11,
0,250,255,5,0,152,0,189,255,246,252,211,5,249,3,25,247,220,192,1,21,1,4,0,222,0,88,0,37,0,17,0,13,0,11,
0,250,255,5,0,152,0,189,255,246,252,211,5,249,3,25,247,252,190,1,20,1,4,0,222,0,88,0,37,0,17,0,12,0,11,
0,244,255,24,0,158,0,189,255,246,252,211,5,184,2,20,247,252,190,1,19,1,4,0,221,0,88,0,37,0,18,0,13,0,11,
0,220,255,14,0,126,0,189,255,246,252,211,5,60,2,171,247,157,194,1,19,1,4,0,220,0,88,0,37,0,18,0,13,0,11,
0,212,255,17,0,124,0,189,255,246,252,211,5,72,4,216,246,52,194,1,18,1,4,0,220,0,88,0,37,0,17,0,13,0,11,
0,212,255,17,0,124,0,189,255,246,252,211,5,145,2,197,246,72,190,1,18,1,4,0,220,0,87,0,36,0,17,0,12,0,11,
0,214,255,58,0,143,0,189,255,246,252,211,5,145,2,197,246,72,190,1,17,1,4,0,221,0,87,0,36,0,17,0,12,0,10,
0,193,255,39,0,138,0,198,255,173,252,152,5,168,1,98,247,139,193,1,16,1,5,0,222,0,88,0,37,0,18,0,13,0,11,
0,208,255,66,0,152,0,198,255,173,252,152,5,94,3,63,247,39,196,1,15,1,6,0,222,0,88,0,37,0,18,0,13,0,11,
0,208,255,66,0,152,0,198,255,173,252,152,5,164,3,146,246,97,192,1,14,1,6,0,221,0,88,0,37,0,18,0,13,0,11,
0,226,255,97,0,195,0,198,255,173,252,152,5,164,3,243,246,152,191,1,14,1,7,0,220,0,87,0,36,0,17,0,12,0,11,
0,233,255,127,0,178,0,198,255,173,252,152,5,205,2,243,246,152,191,1,14,1,6,0,219,0,87,0,36,0,17,0,12,0,11,
0,233,255,127,0,169,0,198,255,173,252,152,5,48,2,136,247,166,193,1,14,1,6,0,217,0,87,0,37,0,18,0,13,0,11,
0,207,255,136,0,169,0,198,255,173,252,152,5,156,3,46,247,68,195,1,14,1,6,0,219,0,87,0,36,0,18,0,13,0,11,
0,214,255,133,0,185,0,198,255,173,252,152,5,226,3,91,246,104,191,1,13,1,6,0,220,0,87,0,37,0,17,0,13,0,11,
0,194,255,164,0,170,0,198,255,173,252,152,5,226,3,91,246,104,191,1,12,1,6,0,221,0,88,0,38,0,18,0,13,0,12,
0,194,255,164,0,170,0,198,255,173,252,152,5,76,2,254,246,146,191,1,12,1,8,0,222,0,87,0,37,0,17,0,12,0,11,
0,184,255,147,0,140,0,196,255,166,252,30,7,23,2,244,247,220,194,1,12,1,7,0,219,0,88,0,37,0,18,0,13,0,11,
0,173,255,133,0,145,0,196,255,166,252,30,7,54,3,203,247,173,194,1,13,1,7,0,217,0,87,0,37,0,18,0,13,0,11,
0,152,255,158,0,165,0,196,255,166,252,30,7,54,3,80,247,90,192,1,13,1,6,0,217,0,87,0,37,0,18,0,13,0,11,
0,152,255,158,0,165,0,196,255,166,252,30,7,57,4,80,247,90,192,1,13,1,6,0,219,0,87,0,36,0,17,0,12,0,11,
0,136,255,169,0,163,0,196,255,166,252,30,7,240,1,238,247,118,191,1,13,1,6,0,220,0,87,0,36,0,17,0,12,0,11,
0,149,255,164,0,161,0,196,255,166,252,30,7,199,3,110,248,117,195,1,12,1,6,0,220,0,87,0,37,0,18,0,13,0,11,
0,152,255,164,0,179,0,196,255,166,252,30,7,102,4,13,248,95,192,1,14,1,7,0,218,0,87,0,36,0,18,0,13,0,11,
0,152,255,164,0,179,0,196,255,166,252,30,7,102,4,13,248,110,191,1,14,1,6,0,216,0,87,0,37,0,18,0,12,0,11,
0,121,255,168,0,171,0,196,255,166,252,30,7,69,3,83,248,110,191,1,15,1,6,0,217,0,86,0,36,0,17,0,12,0,11,
0,113,255,168,0,169,0,196,255,166,252,30,7,14,3,37,249,131,192,1,15,1,5,0,217,0,86,0,36,0,17,0,12,0,10,
0,113,255,168,0,154,0,196,255,166,252,30,7,224,3,88,249,185,194,1,15,1,5,0,217,0,87,0,36,0,18,0,13,0,11,
0,155,255,151,0,154,0,206,255,165,252,59,6,242,3,16,249,235,193,1,16,1,5,0,216,0,87,0,36,0,18,0,13,0,11,
0,165,255,166,0,162,0,206,255,165,252,59,6,242,3,16,249,235,193,1,16,1,5,0,215,0,86,0,36,0,17,0,13,0,11,
0,181,255,173,0,164,0,206,255,165,252,59,6,14,4,213,248,28,191,1,16,1,5,0,216,0,86,0,36,0,17,0,12,0,11,
0,181,255,173,0,164,0,206,255,165,252,59,6,99,2,155,249,254,190,1,16,1,5,0,217,0,86,0,36,0,17,0,12,0,11,
0,173,255,195,0,183,0,206,255,165,252,59,6,58,3,206,249,145,194,1,17,1,5,0,216,0,86,0,36,0,18,0,13,0,11,
0,114,255,225,0,205,0,206,255,165,252,59,6,58,3,206,249,254,191,1,17,1,5,0,215,0,86,0,36,0,18,0,13,0,11,
0,122,255,240,0,189,0,206,255,165,252,59,6,213,4,183,249,254,191,1,17,1,5,0,215,0,86,0,36,0,18,0,13,0,11,
0,122,255,240,0,189,0,206,255,165,252,59,6,134,4,105,249,45,190,1,19,1,5,0,216,0,86,0,36,0,17,0,12,0,11,
0,183,255,0,1,182,0,206,255,165,252,59,6,157,2,53,250,187,191,1,18,1,5,0,216,0,85,0,36,0,17,0,12,0,11,
0,199,255,247,0,163,0,206,255,165,252,59,6,203,4,202,250,85,193,1,19,1,5,0,216,0,86,0,36,0,18,0,13,0,12,
0,242,255,247,0,170,0,204,255,158,252,181,5,203,4,202,250,85,193,1,19,1,5,0,216,0,86,0,36,0,18,0,13,0,11,
0,242,255,233,0,170,0,204,255,158,252,181,5,111,5,95,250,27,192,1,20,1,5,0,216,0,86,0,36,0,17,0,12,0,11,
0,229,255,244,0,187,0,204,255,158,252,181,5,148,3,99,250,112,189,1,19,1,4,0,216,0,86,0,36,0,18,0,13,0,11,
0,223,255,200,0,160,0,204,255,158,252,181,5,63,4,221,250,153,192,1,19,1,5,0,217,0,85,0,36,0,17,0,12,0,11,
0,223,255,200,0,149,0,204,255,158,252,181,5,63,4,141,250,230,190,1,19,1,5,0,216,0,86,0,36,0,18,0,13,0,11,
0,201,255,181,0,149,0,204,255,158,252,181,5,163,4,141,250,230,190,1,20,1,5,0,216,0,86,0,36,0,18,0,13,0,11,
0,194,255,205,0,161,0,204,255,158,252,181,5,100,4,241,250,108,190,1,20,1,5,0,216,0,86,0,31,0,16,0,13,0,11,
0,235,255,0,1,150,0,204,255,158,252,181,5,244,4,67,251,17,192,1,20,1,5,0,217,0,85,0,31,0,16,0,12,0,11,
0,235,255,0,1,150,0,204,255,158,252,181,5,248,5,232,250,161,190,1,20,1,6,0,217,0,85,0,32,0,16,0,12,0,11,
0,0,0,9,1,162,0,204,255,158,252,181,5,248,5,232,250,94,189,1,20,1,6,0,218,0,86,0,34,0,17,0,12,0,11,
0,16,0,225,0,169,0,190,255,175,252,94,6,98,4,72,251,94,189,1,20,1,6,0,217,0,86,0,34,0,17,0,12,0,11,
0,252,255,177,0,197,0,190,255,175,252,94,6,214,4,149,251,76,191,1,20,1,6,0,216,0,86,0,35,0,17,0,12,0,11,
0,252,255,177,0,197,0,190,255,175,252,94,6,77,5,98,251,155,192,1,21,1,6,0,216,0,86,0,35,0,16,0,12,0,11,
0,249,255,159,0,206,0,190,255,175,252,94,6,77,5,232,250,154,189,1,20,1,6,0,217,0,86,0,35,0,17,0,12,0,11,
0,21,0,159,0,210,0,190,255,175,252,94,6,174,5,232,250,154,189,1,20,1,6,0,218,0,86,0,36,0,18,0,13,0,11,
0,19,0,159,0,218,0,190,255,175,252,94,6,105,4,60,251,173,189,1,21,1,6,0,219,0,86,0,35,0,17,0,12,0,11,
0,19,0,170,0,218,0,190,255,175,252,94,6,226,4,102,251,174,191,1,20,1,6,0,218,0,87,0,36,0,18,0,13,0,11,
0,41,0,182,0,239,0,190,255,175,252,94,6,56,6,234,250,174,191,1,21,1,6,0,218,0,86,0,36,0,17,0,12,0,11,
0,55,0,185,0,190,0,190,255,175,252,94,6,56,6,234,250,159,188,1,21,1,6,0,217,0,86,0,36,0,17,0,12,0,11,
0,55,0,185,0,196,0,190,255,175,252,94,6,148,5,250,250,159,188,1,22,1,5,0,218,0,87,0,36,0,18,0,13,0,11,
0,46,0,185,0,196,0,179,255,149,252,78,6,22,5,178,251,79,190,1,22,1,6,0,219,0,87,0,36,0,18,0,13,0,11,
0,66,0,142,0,197,0,179,255,149,252,78,6,129,5,95,251,81,192,1,21,1,6,0,220,0,87,0,37,0,18,0,13,0,11,
0,52,0,120,0,216,0,179,255,149,252,78,6,184,5,24,251,199,190,1,22,1,6,0,221,0,87,0,36,0,17,0,12,0,11,
0,52,0,120,0,216,0,179,255,149,252,78,6,184,5,24,251,199,190,1,22,1,7,0,221,0,87,0,36,0,17,0,12,0,11,
0,65,0,117,0,209,0,179,255,149,252,78,6,175,5,248,250,32,190,1,22,1,6,0,221,0,87,0,36,0,18,0,13,0,11,
0,78,0,126,0,215,0,179,255,149,252,78,6,235,5,3,251,123,189,1,23,1,6,0,221,0,87,0,36,0,17,0,13,0,11,
0,93,0,121,0,226,0,179,255,149,252,78,6,28,5,216,250,181,190,1,23,1,6,0,221,0,87,0,36,0,17,0,12,0,11,
0,93,0,121,0,226,0,179,255,149,252,78,6,28,5,254,250,166,191,1,23,1,5,0,221,0,88,0,37,0,18,0,13,0,11,
0,85,0,82,0,227,0,179,255,149,252,78,6,94,5,254,250,166,191,1,23,1,6,0,222,0,87,0,40,0,17,0,11,0,10,
0,99,0,76,0,216,0,179,255,149,252,78,6,56,6,167,250,12,190,1,23,1,5,0,222,0,88,0,40,0,19,0,12,0,11,
0,99,0,76,0,191,0,179,255,149,252,78,6,171,5,180,250,72,189,1,23,1,5,0,223,0,88,0,40,0,19,0,13,0,11,
0,113,0,69,0,191,0,197,255,194,252,59,6,107,5,228,250,109,191,1,23,1,5,0,223,0,89,0,39,0,18,0,13,0,11,
0,79,0,57,0,198,0,197,255,194,252,59,6,107,5,228,250,109,191,1,24,1,6,0,223,0,88,0,38,0,18,0,12,0,11,
0,77,0,47,0,204,0,197,255,194,252,59,6,72,6,152,250,133,191,1,23,1,5,0,223,0,89,0,38,0,19,0,13,0,11,
0,77,0,47,0,192,0,197,255,194,252,59,6,118,6,75,250,64,189,1,24,1,5,0,224,0,89,0,38,0,16,0,13,0,11,
0,86,0,33,0,192,0,197,255,194,252,59,6,20,5,93,250,248,188,1,24,1,6,0,224,0,89,0,38,0,16,0,12,0,11,
0,99,0,46,0,210,0,197,255,194,252,59,6,20,5,167,250,113,191,1,25,1,6,0,225,0,89,0,38,0,16,0,12,0,11,
0,120,0,38,0,218,0,197,255,194,252,59,6,105,5,167,250,113,191,1,24,1,5,0,225,0,90,0,38,0,17,0,13,0,11,
0,120,0,38,0,218,0,197,255,194,252,59,6,18,6,133,250,200,191,1,25,1,5,0,225,0,89,0,38,0,16,0,12,0,11,
0,121,0,29,0,195,0,197,255,194,252,59,6,107,6,159,249,89,189,1,25,1,5,0,225,0,90,0,38,0,17,0,13,0,11,
0,109,0,21,0,187,0,197,255,194,252,59,6,118,4,31,250,45,189,1,25,1,5,0,226,0,90,0,38,0,18,0,13,0,11,
0,111,0,31,0,198,0,148,255,237,252,160,5,118,4,31,250,48,192,1,25,1,5,0,226,0,90,0,38,0,17,0,13,0,11,
0,111,0,31,0,198,0,148,255,237,252,160,5,115,5,8,250,48,192,1,26,1,5,0,227,0,90,0,38,0,17,0,12,0,11,
0,106,0,37,0,208,0,148,255,237,252,160,5,240,5,184,249,0,192,1,25,1,5,0,227,0,90,0,38,0,16,0,12,0,11,
0,148,0,39,0,207,0,148,255,237,252,160,5,35,6,73,249,1,189,1,25,1,5,0,227,0,91,0,38,0,17,0,13,0,11,
0,148,0,39,0,204,0,148,255,237,252,160,5,80,4,172,249,196,189,1,25,1,5,0,227,0,91,0,38,0,17,0,12,0,11,
0,120,0,10,0,204,0,148,255,237,252,160,5,80,4,172,249,196,189,1,26,1,5,0,227,0,91,0,38,0,17,0,12,0,11,
0,102,0,239,255,202,0,148,255,237,252,160,5,98,5,151,249,218,191,1,26,1,5,0,228,0,90,0,37,0,17,0,12,0,11,
0,136,0,208,255,181,0,148,255,237,252,160,5,91,6,192,248,53,190,1,26,1,5,0,228,0,91,0,38,0,17,0,12,0,10,
0,136,0,208,255,190,0,148,255,237,252,160,5,208,4,189,248,249,187,1,26,1,5,0,228,0,91,0,38,0,17,0,13,0,11,
0,162,0,198,255,190,0,148,255,237,252,160,5,208,4,189,249,147,193,1,26,1,5,0,228,0,91,0,38,0,17,0,13,0,11,
0,165,0,189,255,193,0,152,255,199,252,44,6,16,5,112,249,147,193,1,26,1,5,0,228,0,91,0,38,0,17,0,13,0,11,
0,108,0,187,255,198,0,152,255,199,252,44,6,146,6,147,248,131,191,1,26,1,6,0,228,0,91,0,38,0,17,0,12,0,11,
0,108,0,187,255,198,0,152,255,199,252,44,6,64,5,74,248,216,187,1,25,1,5,0,228,0,92,0,38,0,17,0,13,0,11,
0,101,0,219,255,184,0,152,255,199,252,44,6,70,4,25,249,8,192,1,25,1,5,0,228,0,91,0,39,0,17,0,13,0,11,
0,132,0,167,255,163,0,152,255,199,252,44,6,70,4,25,249,8,192,1,26,1,5,0,228,0,91,0,38,0,18,0,13,0,11,
0,154,0,166,255,170,0,152,255,199,252,44,6,139,5,107,248,222,192,1,26,1,5,0,227,0,91,0,38,0,17,0,12,0,11,
0,154,0,166,255,170,0,152,255,199,252,44,6,202,5,171,247,94,189,1,25,1,5,0,227,0,92,0,39,0,18,0,13,0,12,
0,182,0,163,255,147,0,152,255,199,252,44,6,107,4,28,248,69,190,1,25,1,5,0,227,0,91,0,38,0,17,0,13,0,11,
0,151,0,163,255,137,0,152,255,199,252,44,6,107,4,47,248,167,191,1,25,1,5,0,226,0,91,0,39,0,18,0,13,0,11,
0,151,0,163,255,118,0,152,255,199,252,44,6,122,4,47,248,167,191,1,25,1,5,0,226,0,91,0,38,0,17,0,12,0,11,
0,125,0,134,255,118,0,156,255,183,252,129,6,198,5,193,247,225,191,1,25,1,5,0,225,0,91,0,38,0,17,0,12,0,11,
0,114,0,154,255,114,0,156,255,183,252,129,6,69,5,231,247,154,191,1,24,1,5,0,224,0,91,0,39,0,17,0,13,0,11,
0,90,0,163,255,137,0,156,255,183,252,129,6,37,5,79,247,179,188,1,25,1,5,0,224,0,90,0,38,0,17,0,12,0,11,
0,90,0,163,255,137,0,156,255,183,252,129,6,37,5,79,247,83,190,1,24,1,4,0,223,0,90,0,38,0,19,0,13,0,11,
0,81,0,123,255,133,0,156,255,183,252,129,6,215,3,237,247,83,190,1,25,1,5,0,223,0,90,0,38,0,18,0,13,0,11,
0,76,0,110,255,145,0,156,255,183,252,129,6,176,4,32,248,78,193,1,24,1,4,0,222,0,90,0,38,0,19,0,13,0,11,
0,115,0,116,255,136,0,156,255,183,252,129,6,184,5,96,247,51,191,1,24,1,5,0,222,0,89,0,37,0,18,0,12,0,11,
0,115,0,116,255,136,0,156,255,183,252,129,6,184,5,71,247,177,188,1,24,1,4,0,222,0,89,0,37,0,17,0,12,0,11,
0,104,0,154,255,112,0,156,255,183,252,129,6,154,4,71,247,177,188,1,24,1,4,0,221,0,89,0,38,0,19,0,13,0,11,
0,76,0,155,255,118,0,156,255,183,252,129,6,64,3,34,248,208,190,1,24,1,4,0,221,0,88,0,37,0,18,0,13,0,11,
0,78,0,95,255,114,0,156,255,183,252,129,6,57,4,250,247,113,192,1,24,1,4,0,220,0,88,0,37,0,17,0,12,0,11,
0,78,0,95,255,114,0,155,255,238,252,134,5,255,4,230,247,209,191,1,23,1,4,0,219,0,89,0,38,0,18,0,13,0,11,
0,30,0,117,255,96,0,155,255,238,252,134,5,255,4,230,247,213,187,1,24,1,4,0,219,0,88,0,37,0,17,0,12,0,11,
0,8,0,108,255,94,0,155,255,238,252,134,5,126,4,245,246,213,187,1,23,1,3,0,218,0,88,0,38,0,18,0,13,0,11,
0,8,0,108,255,89,0,155,255,238,252,134,5,112,3,194,247,23,190,1,23,1,4,0,218,0,87,0,37,0,18,0,13,0,11,
0,28,0,115,255,89,0,155,255,238,252,134,5,170,3,106,248,243,192,1,23,1,4,0,218,0,87,0,36,0,18,0,13,0,11,
0,30,0,150,255,74,0,155,255,238,252,134,5,213,4,248,247,151,191,1,23,1,3,0,217,0,87,0,37,0,18,0,13,0,11,
0,14,0,136,255,81,0,155,255,238,252,134,5,213,4,248,247,151,191,1,23,1,3,0,217,0,87,0,36,0,17,0,12,0,11,
0,14,0,136,255,81,0,155,255,238,252,134,5,220,4,143,247,23,189,1,22,1,3,0,216,0,87,0,37,0,18,0,13,0,11,
0,15,0,166,255,83,0,155,255,238,252,134,5,112,4,201,247,172,188,1,22,1,3,0,216,0,86,0,37,0,18,0,13,0,11,
0,79,0,156,255,81,0,155,255,238,252,134,5,152,3,128,248,30,190,1,22,1,2,0,215,0,87,0,37,0,18,0,13,0,11,
0,80,0,138,255,105,0,154,255,4,253,222,5,152,3,16,248,46,191,1,22,1,3,0,215,0,86,0,36,0,17,0,12,0,11,
0,80,0,138,255,105,0,154,255,4,253,222,5,40,4,16,248,46,191,1,21,1,2,0,215,0,86,0,36,0,17,0,12,0,11,
0,44,0,159,255,92,0,154,255,4,253,222,5,49,4,73,248,13,191,1,21,1,2,0,214,0,86,0,36,0,18,0,13,0,11,
0,29,0,124,255,58,0,154,255,4,253,222,5,166,4,24,248,153,189,1,21,1,2,0,214,0,85,0,37,0,17,0,13,0,11,
0,25,0,140,255,76,0,154,255,4,253,222,5,110,3,189,248,108,188,1,20,1,1,0,213,0,86,0,36,0,17,0,12,0,11,
0,25,0,140,255,76,0,154,255,4,253,222,5,110,3,189,248,108,191,1,20,1,2,0,213,0,85,0,35,0,17,0,12,0,10,
0,16,0,161,255,82,0,154,255,4,253,222,5,109,3,240,248,104,191,1,20,1,1,0,213,0,85,0,36,0,18,0,13,0,11,
0,46,0,158,255,50,0,154,255,4,253,222,5,224,4,75,248,87,190,1,19,1,1,0,213,0,85,0,36,0,17,0,12,0,11,
0,46,0,158,255,16,0,154,255,4,253,222,5,4,4,146,248,136,188,1,19,1,1,0,213,0,84,0,35,0,17,0,12,0,11,
0,53,0,160,255,16,0,154,255,4,253,222,5,4,4,194,248,238,188,1,19,1,1,0,213,0,84,0,35,0,17,0,12,0,11,
0,64,0,192,255,12,0,190,255,2,253,216,5,130,3,194,248,238,188,1,18,1,1,0,213,0,85,0,36,0,17,0,13,0,11,
0,20,0,208,255,22,0,190,255,2,253,216,5,202,3,207,248,112,190,1,18,1,1,0,213,0,84,0,35,0,17,0,12,0,11,
0,20,0,208,255,22,0,190,255,2,253,216,5,172,3,226,248,181,189,1,17,1,1,0,213,0,85,0,36,0,17,0,13,0,11,
0,28,0,197,255,9,0,190,255,2,253,216,5,55,4,220,248,149,189,1,18,1,1,0,214,0,84,0,31,0,17,0,13,0,12,
0,13,0,200,255,254,255,190,255,2,253,216,5,55,4,220,248,52,189,1,17,1,1,0,214,0,84,0,31,0,16,0,13,0,12,
0,252,255,228,255,32,0,190,255,2,253,216,5,41,4,230,248,52,189,1,16,1,1,0,214,0,85,0,33,0,17,0,13,0,12,
0,252,255,228,255,32,0,190,255,2,253,216,5,42,4,236,248,230,188,1,16,1,1,0,215,0,85,0,33,0,16,0,12,0,11,
0,239,255,240,255,28,0,190,255,2,253,216,5,55,3,98,249,185,189,1,16,1,1,0,215,0,85,0,34,0,17,0,13,0,11,
0,250,255,245,255,48,0,190,255,2,253,216,5,55,4,202,248,43,190,1,16,1,2,0,215,0,85,0,34,0,16,0,12,0,11,
0,14,0,220,255,43,0,190,255,2,253,216,5,222,4,202,248,43,190,1,15,1,1,0,216,0,85,0,35,0,17,0,12,0,11,
0,14,0,220,255,43,0,128,255,5,253,24,6,224,3,236,248,163,187,1,14,1,1,0,216,0,85,0,35,0,16,0,12,0,11,
0,25,0,202,255,40,0,128,255,5,253,24,6,142,3,232,248,25,190,1,14,1,1,0,217,0,85,0,35,0,16,0,12,0,11,
0,24,0,226,255,54,0,128,255,5,253,24,6,91,4,37,249,111,191,1,13,1,1,0,217,0,85,0,36,0,17,0,13,0,11,
0,24,0,226,255,62,0,128,255,5,253,24,6,91,4,37,249,208,187,1,13,1,1,0,218,0,85,0,35,0,16,0,12,0,11,
0,18,0,244,255,62,0,128,255,5,253,24,6,138,4,165,248,208,187,1,12,1,1,0,218,0,86,0,36,0,17,0,12,0,11,
0,37,0,9,0,54,0,128,255,5,253,24,6,12,3,40,249,125,188,1,12,1,1,0,219,0,86,0,35,0,17,0,12,0,11,
0,90,0,10,0,43,0,128,255,5,253,24,6,21,4,188,248,179,190,1,11,1,1,0,220,0,86,0,35,0,16,0,12,0,10,
0,90,0,10,0,43,0,128,255,5,253,24,6,123,4,122,248,103,189,1,10,1,1,0,220,0,87,0,36,0,18,0,13,0,11,
0,49,0,8,0,66,0,128,255,5,253,24,6,123,4,122,248,103,189,1,10,1,1,0,220,0,87,0,36,0,18,0,13,0,11,
0,10,0,24,0,50,0,128,255,5,253,24,6,114,4,106,248,122,188,1,9,1,2,0,221,0,87,0,36,0,17,0,12,0,11,
0,3,0,53,0,69,0,128,255,8,253,21,7,198,3,112,248,124,188,1,9,1,2,0,222,0,87,0,36,0,17,0,12,0,11,
0,3,0,53,0,69,0,163,255,8,253,21,7,206,3,106,248,97,190,1,8,1,3,0,222,0,87,0,36,0,17,0,12,0,11,
0,20,0,66,0,97,0,163,255,8,253,21,7,206,3,126,248,48,190,1,8,1,2,0,222,0,88,0,37,0,18,0,13,0,12,
0,49,0,96,0,81,0,163,255,8,253,21,7,56,4,126,248,48,190,1,8,1,2,0,223,0,88,0,37,0,18,0,13,0,11,
0,48,0,96,0,112,0,163,255,8,253,21,7,192,3,74,248,89,189,1,8,1,2,0,223,0,88,0,40,0,18,0,12,0,11,
0,48,0,111,0,112,0,163,255,8,253,21,7,51,4,14,248,42,191,1,6,1,2,0,223,0,89,0,41,0,19,0,13,0,11,
0,15,0,121,0,140,0,163,255,8,253,21,7,91,4,137,247,48,189,1,6,1,3,0,224,0,89,0,40,0,16,0,12,0,11,
0,32,0,121,0,137,0,163,255,8,253,21,7,91,4,137,247,61,189,1,5,1,2,0,224,0,89,0,40,0,17,0,13,0,11,
0,32,0,121,0,121,0,163,255,8,253,21,7,134,3,194,247,61,189,1,5,1,2,0,225,0,89,0,40,0,18,0,13,0,11,
0,12,0,127,0,121,0,163,255,8,253,21,7,203,3,22,248,200,190,1,4,1,3,0,226,0,89,0,38,0,17,0,12,0,11,
0,239,255,144,0,78,0,163,255,8,253,21,7,30,4,144,247,111,191,1,4,1,2,0,225,0,90,0,39,0,17,0,13,0,11,
0,246,255,173,0,61,0,179,255,55,253,178,5,30,4,52,247,71,189,1,3,1,3,0,226,0,89,0,38,0,16,0,12,0,10,
0,246,255,173,0,61,0,179,255,55,253,178,5,112,4,52,247,71,189,1,2,1,3,0,226,0,90,0,38,0,17,0,13,0,11,
0,255,255,161,0,87,0,179,255,55,253,178,5,236,3,193,247,188,190,1,2,1,3,0,227,0,90,0,38,0,17,0,12,0,11,
0,249,255,160,0,78,0,179,255,55,253,178,5,106,4,157,247,59,190,1,1,1,2,0,227,0,90,0,38,0,17,0,12,0,11,
0,13,0,160,0,87,0,179,255,55,253,178,5,9,4,79,247,51,189,1,1,1,3,0,227,0,90,0,38,0,17,0,12,0,11,
0,13,0,160,0,87,0,179,255,55,253,178,5,9,4,79,247,48,190,1,0,1,3,0,227,0,90,0,37,0,16,0,12,0,10,
0,252,255,132,0,93,0,179,255,55,253,178,5,114,3,148,247,48,190,0,255,1,2,0,227,0,91,0,38,0,17,0,12,0,11,
0,238,255,128,0,97,0,179,255,55,253,178,5,58,4,132,247,186,191,0,255,1,3,0,228,0,90,0,38,0,17,0,12,0,11,
0,230,255,128,0,106,0,179,255,55,253,178,5,147,4,18,247,222,188,0,255,1,3,0,228,0,91,0,38,0,16,0,12,0,11,
0,230,255,168,0,106,0,179,255,55,253,178,5,215,3,51,247,8,189,0,254,1,3,0,228,0,91,0,38,0,17,0,13,0,11,
0,239,255,193,0,107,0,136,255,15,253,154,5,215,3,51,247,8,189,0,253,1,3,0,228,0,91,0,38,0,17,0,12,0,11,
0,206,255,178,0,125,0,136,255,15,253,154,5,180,3,75,247,164,191,0,252,1,2,0,228,0,91,0,38,0,17,0,13,0,11,
0,206,255,178,0,92,0,136,255,15,253,154,5,189,4,8,247,199,191,0,252,1,3,0,228,0,91,0,38,0,17,0,13,0,12,
0,211,255,121,0,92,0,136,255,15,253,154,5,212,4,162,246,146,188,0,251,1,2,0,228,0,92,0,39,0,18,0,13,0,11,
0,236,255,114,0,57,0,136,255,15,253,154,5,212,4,162,247,125,189,0,251,1,3,0,228,0,91,0,38,0,17,0,12,0,11,
0,227,255,150,0,69,0,136,255,15,253,154,5,51,3,101,247,125,189,0,250,1,2,0,227,0,92,0,39,0,18,0,13,0,12,
0,227,255,150,0,69,0,136,255,15,253,154,5,217,3,48,247,180,192,0,250,1,2,0,226,0,91,0,39,0,18,0,13,0,11,
0,253,255,135,0,74,0,136,255,15,253,154,5,26,5,134,246,12,190,0,250,1,2,0,226,0,91,0,39,0,18,0,13,0,11,
0,240,255,154,0,75,0,136,255,15,253,154,5,190,2,167,246,65,188,0,249,1,2,0,227,0,91,0,39,0,17,0,13,0,11,
0,229,255,158,0,72,0,136,255,15,253,154,5,190,2,167,246,65,188,0,248,1,2,0,228,0,91,0,38,0,17,0,12,0,11,
0,229,255,158,0,72,0,156,255,241,252,175,6,100,3,79,247,168,193,0,247,1,3,0,229,0,91,0,38,0,16,0,12,0,11,
0,189,255,125,0,79,0,156,255,241,252,175,6,199,4,127,246,162,191,0,246,1,3,0,228,0,91,0,39,0,17,0,13,0,11,
0,129,255,120,0,77,0,156,255,241,252,175,6,176,4,96,246,163,189,0,246,1,3,0,227,0,91,0,38,0,17,0,12,0,11,
0,153,255,120,0,76,0,156,255,241,252,175,6,176,4,123,246,245,189,0,245,1,2,0,225,0,91,0,38,0,17,0,12,0,11,
0,153,255,115,0,76,0,156,255,241,252,175,6,200,3,123,246,245,189,0,245,1,3,0,224,0,90,0,38,0,16,0,12,0,11,
0,186,255,103,0,52,0,156,255,241,252,175,6,22,3,66,247,5,192,0,244,1,2,0,224,0,90,0,38,0,16,0,12,0,11,
0,149,255,68,0,19,0,156,255,241,252,175,6,29,5,220,246,159,192,0,244,1,2,0,224,0,91,0,38,0,17,0,12,0,11,
0,149,255,68,0,45,0,156,255,241,252,175,6,193,4,48,246,64,188,0,243,1,2,0,224,0,90,0,38,0,17,0,13,0,11,
0,160,255,108,0,45,0,156,255,241,252,175,6,193,4,48,246,83,190,0,243,1,2,0,223,0,89,0,37,0,19,0,12,0,11,
0,183,255,116,0,48,0,156,255,241,252,175,6,71,3,25,247,83,190,0,242,1,1,0,223,0,90,0,38,0,19,0,13,0,11,
0,128,255,66,0,11,0,86,255,249,252,191,5,52,4,54,247,139,193,0,242,1,2,0,223,0,89,0,37,0,18,0,13,0,11,
0,128,255,66,0,11,0,86,255,249,252,191,5,3,5,141,246,112,191,0,242,1,1,0,222,0,90,0,38,0,19,0,14,0,12,
0,83,255,62,0,213,255,86,255,249,252,191,5,3,4,95,246,78,188,0,242,1,2,0,222,0,89,0,38,0,18,0,13,0,12,
0,5,255,57,0,204,255,86,255,249,252,191,5,101,4,95,246,78,188,0,241,1,1,0,222,0,89,0,38,0,19,0,13,0,11,
0,89,255,54,0,189,255,86,255,249,252,191,5,31,3,242,246,69,190,0,241,1,2,0,222,0,89,0,38,0,19,0,13,0,12,
0,89,255,54,0,189,255,86,255,249,252,191,5,18,4,125,247,104,193,0,241,1,2,0,222,0,89,0,37,0,17,0,12,0,11,
0,119,255,76,0,178,255,86,255,249,252,191,5,81,5,172,246,102,190,0,241,1,2,0,222,0,89,0,38,0,18,0,13,0,12,
0,100,255,71,0,162,255,86,255,249,252,191,5,81,5,172,246,158,188,0,241,1,2,0,222,0,89,0,37,0,17,0,13,0,11,
0,100,255,71,0,141,255,86,255,249,252,191,5,156,4,138,246,158,188,0,240,1,1,0,221,0,89,0,38,0,19,0,13,0,11,
0,96,255,59,0,141,255,86,255,249,252,191,5,246,3,5,247,229,189,0,241,1,2,0,221,0,88,0,37,0,17,0,12,0,11,
0,95,255,39,0,141,255,86,255,249,252,191,5,89,4,166,247,75,192,0,241,1,2,0,221,0,88,0,37,0,17,0,12,0,11,
0,51,255,46,0,133,255,98,255,45,253,68,5,24,5,115,247,204,191,0,240,1,1,0,221,0,89,0,38,0,19,0,13,0,11,
0,51,255,46,0,118,255,98,255,45,253,68,5,24,5,115,247,204,191,0,241,1,1,0,221,0,88,0,37,0,17,0,12,0,11,
0,29,255,39,0,118,255,98,255,45,253,68,5,158,5,180,246,223,187,0,241,1,1,0,221,0,88,0,37,0,18,0,13,0,11,
0,30,255,36,0,109,255,98,255,45,253,68,5,175,3,115,247,197,188,0,241,1,1,0,221,0,88,0,37,0,17,0,13,0,11,
0,73,255,242,255,107,255,98,255,45,253,68,5,223,4,50,248,178,192,0,241,1,1,0,221,0,88,0,37,0,17,0,12,0,11,
0,73,255,242,255,107,255,98,255,45,253,68,5,223,4,133,247,66,191,0,240,1,1,0,221,0,89,0,37,0,18,0,13,0,11,
0,65,255,194,255,104,255,98,255,45,253,68,5,59,6,133,247,66,191,0,241,1,1,0,221,0,88,0,37,0,18,0,13,0,11,
0,81,255,198,255,62,255,98,255,45,253,68,5,42,5,19,247,136,186,0,241,1,1,0,222,0,88,0,37,0,17,0,12,0,11,
0,83,255,192,255,64,255,98,255,45,253,68,5,81,4,106,248,254,191,0,239,1,1,0,222,0,89,0,37,0,18,0,13,0,11,
0,83,255,192,255,64,255,98,255,45,253,68,5,34,6,209,247,146,190,0,240,1,2,0,222,0,88,0,36,0,17,0,12,0,11,
0,63,255,162,255,68,255,173,255,221,252,68,6,34,6,209,247,178,187,0,239,1,1,0,222,0,89,0,37,0,18,0,13,0,11,
0,39,255,155,255,65,255,173,255,221,252,68,6,238,4,225,247,178,187,0,239,1,2,0,223,0,89,0,37,0,18,0,13,0,11,
0,39,255,155,255,54,255,173,255,221,252,68,6,198,5,94,248,149,191,0,239,1,2,0,222,0,89,0,38,0,18,0,13,0,11,
0,48,255,135,255,54,255,173,255,221,252,68,6,23,5,244,247,79,187,0,239,1,2,0,223,0,88,0,37,0,17,0,12,0,11,
0,44,255,104,255,53,255,173,255,221,252,68,6,23,5,155,248,3,191,0,239,1,1,0,223,0,89,0,38,0,18,0,13,0,11,
0,66,255,96,255,55,255,173,255,221,252,68,6,175,4,155,248,3,191,0,239,1,2,0,224,0,89,0,38,0,16,0,13,0,11,
0,66,255,96,255,44,255,173,255,221,252,68,6,102,7,199,247,129,191,0,239,1,2,0,224,0,89,0,37,0,17,0,13,0,11,
0,60,255,73,255,44,255,173,255,221,252,68,6,184,4,253,247,6,187,0,238,1,2,0,224,0,89,0,38,0,17,0,12,0,11,
0,44,255,66,255,46,255,173,255,221,252,68,6,122,5,174,248,211,192,0,238,1,2,0,225,0,89,0,37,0,16,0,12,0,10,
0,42,255,52,255,44,255,173,255,221,252,68,6,122,5,174,248,247,187,0,239,1,3,0,226,0,89,0,31,0,16,0,12,0,11,
0,42,255,52,255,44,255,178,255,4,253,251,5,115,6,201,247,247,187,0,238,1,2,0,226,0,90,0,33,0,16,0,13,0,12,
0,51,255,69,255,46,255,178,255,4,253,251,5,165,5,253,247,214,189,0,238,1,2,0,227,0,90,0,34,0,16,0,12,0,11,
0,85,255,54,255,54,255,178,255,4,253,251,5,39,6,110,248,49,192,0,238,1,2,0,227,0,90,0,36,0,16,0,12,0,11,
0,100,255,19,255,48,255,178,255,4,253,251,5,126,5,22,248,194,188,0,238,1,2,0,227,0,90,0,35,0,16,0,12,0,11,
0,100,255,19,255,48,255,178,255,4,253,251,5,126,5,22,248,194,188,0,238,1,2,0,228,0,90,0,36,0,16,0,12,0,11,
0,62,255,26,255,44,255,178,255,4,253,251,5,73,5,96,248,178,190,0,238,1,2,0,228,0,91,0,37,0,17,0,12,0,11,
0,45,255,225,254,64,255,178,255,4,253,251,5,31,6,89,248,98,191,0,238,1,2,0,228,0,91,0,37,0,17,0,13,0,11,
0,45,255,225,254,86,255,178,255,4,253,251,5,50,6,30,248,151,189,0,238,1,2,0,229,0,91,0,37,0,16,0,12,0,11,
0,88,255,235,254,86,255,178,255,4,253,251,5,50,6,10,248,184,189,0,238,1,1,0,229,0,92,0,38,0,17,0,13,0,11,
0,130,255,236,254,72,255,178,255,4,253,251,5,92,5,10,248,184,189,0,238,1,2,0,230,0,91,0,38,0,16,0,12,0,11,
0,85,255,185,254,58,255,195,255,15,253,162,6,98,5,64,248,112,190,0,238,1,2,0,230,0,92,0,38,0,18,0,13,0,11,
0,85,255,185,254,48,255,195,255,15,253,162,6,9,6,69,248,75,190,0,238,1,2,0,230,0,92,0,39,0,17,0,13,0,11,
0,23,255,161,254,48,255,195,255,15,253,162,6,213,4,129,248,224,190,0,238,1,2,0,230,0,92,0,38,0,17,0,12,0,11,
0,57,255,189,254,60,255,195,255,15,253,162,6,213,4,129,248,224,190,0,238,1,1,0,230,0,93,0,39,0,18,0,13,0,12,
0,73,255,191,254,68,255,195,255,15,253,162,6,175,5,72,248,75,191,0,238,1,2,0,230,0,92,0,39,0,17,0,12,0,11,
0,73,255,191,254,68,255,195,255,15,253,162,6,93,6,33,248,50,190,0,238,1,1,0,230,0,93,0,39,0,18,0,13,0,11,
0,80,255,184,254,85,255,195,255,15,253,162,6,90,5,1,248,203,188,0,238,1,2,0,231,0,92,0,39,0,17,0,13,0,11,
0,71,255,203,254,98,255,195,255,15,253,162,6,90,5,72,248,74,190,0,238,1,2,0,230,0,92,0,40,0,18,0,13,0,11,
0,100,255,178,254,94,255,195,255,15,253,162,6,127,4,72,248,74,190,0,238,1,1,0,230,0,93,0,40,0,18,0,13,0,11,
0,100,255,178,254,94,255,195,255,15,253,162,6,100,5,191,248,82,192,0,238,1,1,0,230,0,92,0,38,0,17,0,12,0,11,
0,92,255,168,254,80,255,195,255,15,253,162,6,180,5,36,248,237,190,0,238,1,1,0,229,0,93,0,39,0,18,0,13,0,11,
0,146,255,149,254,86,255,204,255,224,252,95,5,154,5,184,247,198,189,0,238,1,1,0,230,0,93,0,43,0,18,0,12,0,11,
0,146,255,149,254,117,255,204,255,224,252,95,5,154,5,184,247,64,189,0,238,1,1,0,229,0,92,0,42,0,18,0,12,0,10,
0,145,255,138,254,117,255,204,255,224,252,95,5,186,4,33,248,64,189,0,238,1,1,0,229,0,92,0,41,0,17,0,12,0,10,
0,115,255,126,254,94,255,204,255,224,252,95,5,253,3,171,248,60,192,0,238,1,1,0,229,0,91,0,40,0,17,0,12,0,10,
0,121,255,151,254,75,255,204,255,224,252,95,5,11,6,4,248,107,192,0,238,1,0,0,228,0,92,0,40,0,18,0,13,0,11,
0,121,255,151,254,75,255,204,255,224,252,95,5,11,4,208,247,109,188,0,238,1,0,0,228,0,92,0,40,0,18,0,13,0,11,
0,97,255,134,254,71,255,204,255,224,252,95,5,226,4,208,247,109,188,0,238,1,0,0,227,0,92,0,40,0,18,0,13,0,11,
0,107,255,110,254,98,255,204,255,224,252,95,5,174,3,158,248,76,191,0,238,1,0,0,227,0,91,0,39,0,17,0,13,0,11,
0,120,255,112,254,111,255,204,255,224,252,95,5,165,4,124,248,113,192,0,238,1,0,0,227,0,91,0,38,0,17,0,12,0,11,
0,120,255,112,254,111,255,204,255,224,252,95,5,28,5,245,247,87,190,0,238,0,255,0,226,0,92,0,40,0,18,0,13,0,11,
0,147,255,121,254,88,255,140,255,248,252,148,5,28,5,245,247,137,190,0,238,1,0,0,226,0,91,0,38,0,17,0,13,0,11,
0,142,255,130,254,94,255,140,255,248,252,148,5,125,4,107,248,137,190,0,237,0,255,0,225,0,92,0,40,0,18,0,13,0,11,
0,135,255,119,254,110,255,140,255,248,252,148,5,72,3,105,248,68,190,0,238,1,0,0,225,0,91,0,38,0,17,0,12,0,11,
0,135,255,119,254,110,255,140,255,248,252,148,5,106,4,179,248,148,193,0,238,1,0,0,225,0,90,0,38,0,17,0,12,0,11,
0,114,255,121,254,101,255,140,255,248,252,148,5,34,5,104,248,200,190,0,238,0,255,0,224,0,91,0,40,0,18,0,13,0,11,
0,96,255,129,254,99,255,140,255,248,252,148,5,34,5,104,248,200,190,0,238,1,0,0,224,0,91,0,39,0,18,0,13,0,11,
0,96,255,129,254,98,255,140,255,248,252,148,5,222,3,60,248,242,188,0,238,1,0,0,223,0,90,0,38,0,19,0,13,0,11,
0,104,255,110,254,98,255,140,255,248,252,148,5,12,3,245,248,8,191,0,238,0,255,0,223,0,90,0,39,0,19,0,13,0,11,
0,108,255,145,254,101,255,140,255,248,252,148,5,87,4,213,248,172,192,0,238,0,255,0,223,0,90,0,38,0,18,0,13,0,11,
0,126,255,136,254,117,255,140,255,248,252,148,5,87,4,68,248,62,190,0,238,0,255,0,222,0,90,0,38,0,19,0,13,0,11,
0,126,255,136,254,117,255,205,255,219,252,174,6,145,4,68,248,62,190,0,238,0,255,0,222,0,89,0,38,0,18,0,12,0,11,
0,147,255,135,254,82,255,205,255,219,252,174,6,228,3,141,248,104,190,0,238,0,255,0,221,0,89,0,38,0,18,0,13,0,11,
0,146,255,142,254,75,255,205,255,219,252,174,6,228,2,237,248,67,191,0,239,0,255,0,221,0,88,0,37,0,17,0,12,0,11,
0,133,255,124,254,95,255,205,255,219,252,174,6,202,3,21,249,50,193,0,238,0,255,0,220,0,89,0,38,0,18,0,13,0,11,
0,133,255,124,254,95,255,205,255,219,252,174,6,202,3,21,249,37,191,0,239,0,255,0,220,0,89,0,38,0,18,0,13,0,11,
0,141,255,140,254,90,255,205,255,219,252,174,6,173,4,158,248,37,191,0,239,0,255,0,219,0,88,0,37,0,18,0,13,0,11,
0,158,255,157,254,67,255,205,255,219,252,174,6,128,3,147,248,91,189,0,239,0,255,0,219,0,88,0,38,0,18,0,12,0,11,
0,162,255,161,254,74,255,205,255,219,252,174,6,249,2,234,248,41,192,0,239,0,255,0,219,0,87,0,37,0,17,0,12,0,11,
0,162,255,161,254,74,255,205,255,219,252,174,6,249,2,188,248,101,192,0,239,0,255,0,219,0,87,0,37,0,17,0,13,0,11,
0,136,255,171,254,91,255,205,255,219,252,174,6,182,3,188,248,101,192,0,239,0,255,0,218,0,87,0,37,0,18,0,13,0,11,
0,126,255,186,254,82,255,159,255,26,253,75,6,16,4,117,248,12,191,0,239,0,254,0,217,0,87,0,37,0,18,0,13,0,12,
0,126,255,186,254,70,255,159,255,26,253,75,6,110,3,104,248,33,190,0,240,0,254,0,217,0,87,0,37,0,18,0,13,0,11,
0,144,255,212,254,70,255,159,255,26,253,75,6,220,2,249,248,195,190,0,240,0,255,0,218,0,87,0,36,0,17,0,12,0,11,
0,140,255,195,254,47,255,159,255,26,253,75,6,220,2,249,248,210,191,0,240,0,255,0,217,0,87,0,37,0,17,0,12,0,11,
0,160,255,230,254,51,255,159,255,26,253,75,6,163,2,0,249,210,191,0,240,0,254,0,217,0,87,0,37,0,18,0,13,0,11,
0,160,255,230,254,51,255,159,255,26,253,75,6,53,4,173,248,44,192,0,241,0,254,0,217,0,87,0,37,0,18,0,13,0,11,
0,148,255,242,254,41,255,159,255,26,253,75,6,160,3,46,248,179,189,0,241,0,254,0,217,0,87,0,37,0,17,0,12,0,11,
0,129,255,227,254,45,255,159,255,26,253,75,6,12,3,77,248,28,189,0,242,0,255,0,217,0,86,0,36,0,17,0,12,0,11,
0,167,255,220,254,58,255,159,255,26,253,75,6,12,3,77,248,28,189,0,242,0,255,0,217,0,86,0,36,0,17,0,12,0,11,
0,167,255,220,254,58,255,159,255,26,253,75,6,218,2,234,248,174,191,0,241,0,254,0,217,0,87,0,37,0,18,0,13,0,11,
0,204,255,217,254,73,255,159,255,26,253,212,6,168,3,146,248,44,193,0,242,0,255,0,217,0,87,0,37,0,17,0,13,0,11,
0,190,255,250,254,57,255,124,255,47,253,212,6,117,4,25,248,228,191,0,241,0,255,0,217,0,87,0,37,0,17,0,13,0,11,
0,195,255,16,255,63,255,124,255,47,253,212,6,117,4,25,247,171,188,0,242,0,255,0,217,0,86,0,36,0,17,0,12,0,11,
0,195,255,16,255,63,255,124,255,47,253,212,6,158,3,251,247,171,188,0,241,0,255,0,218,0,87,0,37,0,18,0,13,0,11,
0,208,255,24,255,70,255,124,255,47,253,212,6,169,2,155,248,129,190,0,242,0,255,0,218,0,87,0,36,0,18,0,13,0,11,
0,175,255,56,255,53,255,124,255,47,253,212,6,131,3,138,248,7,194,0,242,0,255,0,218,0,87,0,37,0,17,0,13,0,11,
0,175,255,56,255,24,255,124,255,47,253,212,6,186,4,221,247,57,191,0,242,0,255,0,219,0,87,0,36,0,17,0,12,0,11,
0,157,255,61,255,24,255,124,255,47,253,212,6,186,4,221,247,57,191,0,243,0,255,0,219,0,87,0,36,0,17,0,12,0,11,
0,180,255,59,255,17,255,124,255,47,253,212,6,91,3,249,247,106,188,0,243,0,255,0,219,0,87,0,36,0,17,0,12,0,11,
0,180,255,51,255,13,255,124,255,47,253,212,6,181,2,151,248,166,190,0,242,0,255,0,219,0,87,0,37,0,18,0,13,0,11,
0,180,255,51,255,13,255,124,255,47,253,212,6,236,3,77,248,112,193,0,242,0,255,0,220,0,87,0,37,0,18,0,13,0,11,
0,190,255,54,255,248,254,210,255,255,252,41,6,236,3,40,248,21,192,0,242,0,255,0,220,0,87,0,37,0,18,0,13,0,11,
0,215,255,73,255,17,255,210,255,255,252,41,6,98,4,40,248,21,192,0,242,1,0,0,221,0,87,0,36,0,17,0,13,0,11,
0,232,255,60,255,22,255,210,255,255,252,41,6,66,4,197,247,190,188,0,242,0,255,0,220,0,88,0,37,0,18,0,13,0,11,
0,232,255,60,255,22,255,210,255,255,252,41,6,70,3,200,247,238,189,0,242,1,0,0,221,0,88,0,37,0,18,0,13,0,11,
0,247,255,78,255,10,255,210,255,255,252,41,6,52,3,43,248,194,192,0,242,1,0,0,221,0,88,0,37,0,18,0,13,0,11,
0,225,255,109,255,35,255,210,255,255,252,41,6,52,3,43,248,104,192,0,242,1,0,0,221,0,88,0,37,0,17,0,13,0,11,
0,206,255,109,255,44,255,210,255,255,252,41,6,165,4,188,247,104,192,0,242,1,0,0,221,0,87,0,36,0,17,0,12,0,11,
0,206,255,112,255,44,255,210,255,255,252,41,6,167,4,90,247,198,189,0,242,1,0,0,222,0,87,0,36,0,17,0,12,0,11,
0,183,255,101,255,19,255,210,255,255,252,41,6,210,2,205,247,149,189,0,241,1,0,0,221,0,88,0,37,0,18,0,13,0,11,
0,165,255,118,255,4,255,210,255,255,252,41,6,210,2,237,247,237,192,0,241,1,0,0,221,0,88,0,37,0,18,0,13,0,11,
0,165,255,118,255,251,254,183,255,7,253,165,5,142,3,237,247,237,192,0,241,1,0,0,221,0,88,0,37,0,17,0,13,0,11,
0,152,255,139,255,251,254,183,255,7,253,165,5,245,4,160,247,4,192,0,242,1,1,0,222,0,87,0,36,0,17,0,12,0,10,
0,130,255,122,255,2,255,183,255,7,253,165,5,72,4,44,247,117,189,0,242,1,1,0,222,0,88,0,36,0,17,0,12,0,11,
0,151,255,107,255,12,255,183,255,7,253,165,5,34,3,155,247,33,190,0,241,1,0,0,221,0,88,0,37,0,18,0,13,0,11,
0,151,255,107,255,12,255,183,255,7,253,165,5,34,3,155,247,5,193,0,242,1,1,0,221,0,88,0,37,0,18,0,13,0,11,
0,168,255,106,255,41,255,183,255,7,253,165,5,124,3,177,247,5,193,0,242,1,1,0,222,0,88,0,36,0,17,0,12,0,11,
0,177,255,99,255,36,255,183,255,7,253,165,5,143,4,88,247,137,192,0,241,1,1,0,222,0,88,0,31,0,17,0,14,0,12,
0,162,255,96,255,17,255,183,255,7,253,165,5,86,4,206,246,38,190,0,242,1,1,0,222,0,88,0,33,0,16,0,13,0,11,
0,162,255,96,255,17,255,183,255,7,253,165,5,242,2,72,247,146,190,0,242,1,1,0,222,0,88,0,34,0,17,0,13,0,12,
0,153,255,124,255,250,254,183,255,7,253,165,5,242,2,72,247,146,190,0,242,1,1,0,222,0,88,0,35,0,17,0,13,0,11,
0,161,255,131,255,16,255,176,255,240,252,251,6,125,3,138,247,103,193,0,242,1,1,0,221,0,88,0,36,0,17,0,13,0,11,
0,152,255,131,255,62,255,176,255,240,252,251,6,200,3,127,247,252,192,0,243,1,1,0,222,0,88,0,35,0,17,0,12,0,11,
0,152,255,137,255,62,255,176,255,240,252,251,6,138,4,170,246,7,190,0,243,1,1,0,222,0,88,0,36,0,17,0,12,0,11,
0,124,255,116,255,52,255,176,255,240,252,251,6,138,4,50,247,64,190,0,242,1,1,0,221,0,89,0,36,0,18,0,13,0,11,
0,130,255,96,255,52,255,176,255,240,252,251,6,242,2,50,247,64,190,0,242,1,1,0,221,0,89,0,37,0,18,0,13,0,11,
0,130,255,96,255,65,255,176,255,240,252,251,6,251,2,178,247,137,193,0,243,1,1,0,221,0,88,0,37,0,17,0,13,0,11,
0,139,255,112,255,65,255,176,255,240,252,251,6,85,4,10,247,132,192,0,243,1,1,0,221,0,88,0,37,0,17,0,12,0,11,
0,113,255,150,255,66,255,176,255,240,252,251,6,18,4,193,246,132,190,0,243,1,1,0,221,0,88,0,36,0,17,0,12,0,11,
0,91,255,145,255,63,255,176,255,240,252,251,6,18,4,193,246,132,190,0,243,1,1,0,221,0,89,0,37,0,18,0,13,0,11,
0,91,255,145,255,63,255,176,255,240,252,251,6,2,3,89,247,215,190,0,243,1,1,0,221,0,88,0,37,0,18,0,12,0,11,
0,101,255,142,255,73,255,177,255,15,253,181,5,7,3,98,247,178,192,0,243,1,1,0,221,0,88,0,37,0,17,0,12,0,11,
0,85,255,160,255,73,255,177,255,15,253,181,5,201,3,66,247,250,192,0,244,1,2,0,222,0,87,0,36,0,17,0,12,0,10,
0,55,255,163,255,84,255,177,255,15,253,181,5,201,3,33,247,247,191,0,244,1,1,0,221,0,88,0,36,0,17,0,12,0,11,
0,55,255,163,255,84,255,177,255,15,253,181,5,194,3,33,247,247,191,0,244,1,1,0,221,0,88,0,37,0,18,0,13,0,11,
0,68,255,143,255,57,255,177,255,15,253,181,5,136,3,239,246,223,190,0,244,1,1,0,221,0,88,0,37,0,18,0,13,0,11,
0,51,255,141,255,62,255,177,255,15,253,181,5,123,3,127,247,221,191,0,244,1,1,0,221,0,88,0,37,0,17,0,13,0,11,
0,54,255,141,255,101,255,177,255,15,253,181,5,48,3,86,247,87,192,0,244,1,1,0,221,0,87,0,36,0,17,0,12,0,11,
0,54,255,145,255,101,255,177,255,15,253,181,5,48,3,86,247,20,193,0,244,1,2,0,221,0,88,0,37,0,17,0,13,0,11,
0,67,255,156,255,80,255,177,255,15,253,181,5,130,3,98,247,20,193,0,244,1,1,0,221,0,89,0,41,0,19,0,13,0,11,
0,63,255,152,255,84,255,177,255,15,253,181,5,171,3,85,247,58,191,0,244,1,1,0,221,0,89,0,40,0,19,0,13,0,11,
0,63,255,152,255,75,255,177,255,15,253,181,5,200,3,100,247,150,191,0,244,1,1,0,221,0,89,0,40,0,19,0,13,0,11,
0,74,255,164,255,75,255,119,255,49,253,212,5,130,3,29,247,111,191,0,245,1,2,0,221,0,88,0,39,0,18,0,12,0,11,
0,68,255,168,255,69,255,119,255,49,253,212,5,130,3,29,247,111,191,0,245,1,2,0,221,0,88,0,39,0,18,0,13,0,11,
0,78,255,168,255,38,255,119,255,49,253,212,5,253,2,149,247,126,192,0,245,1,1,0,221,0,89,0,39,0,19,0,13,0,12,
0,78,255,168,255,38,255,119,255,49,253,212,5,227,3,194,247,100,192,0,245,1,2,0,221,0,88,0,38,0,19,0,13,0,11,
0,111,255,163,255,39,255,119,255,49,253,212,5,153,3,131,247,124,190,0,244,1,1,0,220,0,89,0,38,0,18,0,13,0,11,
0,112,255,176,255,53,255,119,255,49,253,212,5,153,3,131,247,229,191,0,245,1,2,0,221,0,88,0,37,0,17,0,13,0,11,
0,71,255,174,255,72,255,119,255,49,253,212,5,18,3,160,247,229,191,0,245,1,2,0,221,0,88,0,37,0,17,0,12,0,11,
0,71,255,174,255,72,255,119,255,49,253,212,5,111,3,154,247,175,191,0,245,1,2,0,221,0,88,0,38,0,18,0,13,0,11,
0,49,255,189,255,80,255,119,255,49,253,212,5,199,3,202,247,156,191,0,245,1,2,0,221,0,88,0,37,0,18,0,13,0,11,
0,69,255,204,255,83,255,119,255,49,253,212,5,231,3,98,247,17,190,0,245,1,2,0,221,0,88,0,37,0,18,0,12,0,11,
0,69,255,204,255,70,255,137,255,16,253,245,5,231,3,98,247,17,190,0,245,1,3,0,222,0,87,0,36,0,17,0,12,0,11,
0,79,255,231,255,70,255,137,255,16,253,245,5,90,3,213,247,93,191,0,245,1,3,0,222,0,88,0,36,0,17,0,12,0,11,
0,89,255,221,255,51,255,137,255,16,253,245,5,71,3,253,247,108,192,0,245,1,3,0,222,0,88,0,37,0,18,0,13,0,11,
0,91,255,191,255,52,255,137,255,16,253,245,5,164,3,181,247,30,192,0,245,1,3,0,222,0,88,0,37,0,18,0,13,0,11,
0,91,255,191,255,68,255,137,255,16,253,245,5,164,3,79,247,202,190,0,245,1,3,0,222,0,88,0,36,0,17,0,12,0,11,
0,105,255,179,255,68,255,137,255,16,253,245,5,211,3,79,247,202,190,0,245,1,3,0,222,0,89,0,37,0,18,0,13,0,11,
0,89,255,177,255,80,255,137,255,16,253,245,5,105,3,169,247,210,190,0,245,1,4,0,222,0,88,0,37,0,17,0,12,0,11,
0,79,255,195,255,77,255,137,255,16,253,245,5,212,2,182,247,119,191,0,245,1,3,0,222,0,89,0,37,0,18,0,13,0,11,
0,79,255,195,255,77,255,137,255,16,253,245,5,88,3,183,247,77,192,0,245,1,4,0,222,0,88,0,37,0,17,0,13,0,11,
0,84,255,205,255,89,255,137,255,16,253,245,5,88,3,183,247,20,190,0,245,1,3,0,222,0,89,0,38,0,18,0,13,0,11,
0,81,255,202,255,89,255,143,255,34,253,141,5,230,3,53,247,20,190,0,245,1,4,0,222,0,88,0,37,0,17,0,13,0,11,
0,112,255,213,255,90,255,143,255,34,253,141,5,198,3,242,246,39,191,0,244,1,4,0,222,0,89,0,38,0,19,0,13,0,12,
0,112,255,213,255,90,255,143,255,34,253,141,5,218,2,123,247,176,191,0,244,1,4,0,222,0,89,0,37,0,18,0,13,0,12,
0,107,255,199,255,86,255,143,255,34,253,141,5,218,2,53,247,202,191,0,245,1,4,0,222,0,88,0,37,0,17,0,12,0,11,
0,98,255,211,255,90,255,143,255,34,253,141,5,38,4,53,247,202,191,0,244,1,4,0,222,0,89,0,38,0,18,0,13,0,11,
0,98,255,211,255,78,255,143,255,34,253,141,5,188,3,215,246,229,190,0,244,1,4,0,223,0,88,0,37,0,17,0,12,0,11,
0,93,255,215,255,78,255,143,255,34,253,141,5,171,2,13,247,57,190,0,244,1,4,0,222,0,89,0,37,0,18,0,13,0,11,
0,68,255,211,255,99,255,143,255,34,253,141,5,118,3,86,247,177,192,0,244,1,4,0,223,0,89,0,37,0,18,0,13,0,11,
0,84,255,235,255,104,255,143,255,34,253,141,5,118,3,86,247,87,189,0,244,1,5,0,223,0,88,0,37,0,17,0,12,0,11,
0,84,255,235,255,89,255,143,255,34,253,141,5,115,3,130,246,87,189,0,243,1,5,0,223,0,89,0,37,0,17,0,13,0,11,
0,130,255,218,255,89,255,114,255,65,253,52,6,136,2,18,247,30,191,0,243,1,5,0,223,0,88,0,37,0,17,0,12,0,10,
0,136,255,224,255,110,255,114,255,65,253,52,6,85,3,203,246,103,192,0,243,1,5,0,223,0,89,0,37,0,18,0,13,0,11,
0,120,255,238,255,109,255,114,255,65,253,52,6,211,3,94,246,146,191,0,243,1,5,0,223,0,89,0,37,0,18,0,12,0,11,
0,120,255,238,255,109,255,114,255,65,253,52,6,211,3,94,246,146,191,0,243,1,5,0,224,0,89,0,36,0,16,0,12,0,11,
0,119,255,232,255,80,255,114,255,65,253,52,6,240,2,38,246,221,189,0,243,1,6,0,224,0,88,0,37,0,17,0,12,0,11,
0,105,255,215,255,60,255,114,255,65,253,52,6,49,2,192,246,190,190,0,243,1,5,0,224,0,90,0,38,0,17,0,13,0,12,
0,81,255,207,255,66,255,114,255,65,253,52,6,98,3,159,246,152,192,0,243,1,6,0,225,0,89,0,37,0,16,0,12,0,11,
0,81,255,207,255,66,255,114,255,65,253,52,6,98,3,210,245,108,190,0,243,1,5,0,224,0,90,0,38,0,17,0,13,0,11,
0,97,255,209,255,64,255,114,255,65,253,52,6,114,3,210,245,108,190,0,243,1,5,0,225,0,90,0,38,0,17,0,13,0,12,
0,102,255,236,255,94,255,114,255,65,253,52,6,154,2,22,246,114,190,0,243,1,5,0,225,0,90,0,38,0,17,0,12,0,11,
0,102,255,236,255,131,255,114,255,65,253,52,6,144,2,73,246,78,191,0,243,1,6,0,226,0,90,0,38,0,17,0,12,0,11,
0,44,255,5,0,131,255,186,255,39,253,182,5,176,2,10,246,116,191,0,243,1,6,0,226,0,90,0,38,0,17,0,12,0,11,
0,45,255,12,0,125,255,186,255,39,253,182,5,176,2,10,246,116,191,0,242,1,5,0,225,0,90,0,38,0,18,0,13,0,11,
0,60,255,233,255,99,255,186,255,39,253,182,5,239,2,3,246,209,190,0,242,1,5,0,226,0,90,0,38,0,17,0,13,0,11,
0,60,255,233,255,99,255,186,255,39,253,182,5,123,2,210,245,156,191,0,242,1,5,0,225,0,91,0,38,0,17,0,12,0,11,
0,53,255,239,255,79,255,186,255,39,253,182,5,22,3,178,245,68,191,0,242,1,5,0,226,0,91,0,38,0,17,0,12,0,11,
0,17,255,254,255,81,255,186,255,39,253,182,5,22,3,170,245,173,190,0,242,1,5,0,226,0,90,0,37,0,16,0,12,0,11,
0,6,255,238,255,91,255,186,255,39,253,182,5,34,3,170,245,173,190,0,241,1,5,0,226,0,90,0,38,0,17,0,12,0,11,
0,6,255,238,255,91,255,186,255,39,253,182,5,80,2,213,245,163,189,0,242,1,5,0,226,0,90,0,38,0,17,0,12,0,11,
0,233,254,230,255,110,255,186,255,39,253,182,5,195,1,18,246,10,191,0,241,1,4,0,226,0,90,0,38,0,16,0,12,0,10,
0,227,254,227,255,94,255,186,255,39,253,182,5,38,3,12,246,53,193,0,241,1,5,0,226,0,90,0,37,0,16,0,11,0,11,
0,250,254,244,255,80,255,176,255,17,253,197,5,38,3,12,246,77,191,0,241,1,5,0,226,0,90,0,37,0,16,0,12,0,10,
0,250,254,244,255,80,255,176,255,17,253,197,5,213,3,153,245,77,191,0,241,1,4,0,225,0,91,0,38,0,17,0,13,0,11,
0,215,254,31,0,90,255,176,255,17,253,197,5,77,3,112,245,112,188,0,241,1,4,0,225,0,91,0,38,0,17,0,12,0,11,
0,212,254,38,0,106,255,176,255,17,253,197,5,216,1,229,245,16,190,0,241,1,4,0,226,0,90,0,37,0,16,0,12,0,11,
0,212,254,38,0,93,255,176,255,17,253,197,5,216,2,78,246,221,192,0,241,1,4,0,225,0,91,0,38,0,17,0,13,0,11,
0,188,254,252,255,93,255,176,255,17,253,197,5,173,2,78,246,221,192,0,241,1,4,0,225,0,90,0,38,0,16,0,12,0,11,
0,225,254,225,255,102,255,176,255,17,253,197,5,88,4,87,245,8,191,0,241,1,3,0,225,0,91,0,38,0,17,0,13,0,11,
0,227,254,235,255,85,255,176,255,17,253,197,5,161,2,134,245,143,188,0,241,1,3,0,225,0,91,0,38,0,17,0,13,0,12,
0,227,254,235,255,85,255,176,255,17,253,197,5,214,1,2,246,237,190,0,241,1,4,0,225,0,91,0,38,0,18,0,13,0,12,
0,216,254,11,0,84,255,176,255,17,253,197,5,214,1,2,246,0,193,0,241,1,3,0,225,0,91,0,38,0,17,0,13,0,11,
0,249,254,28,0,97,255,123,255,38,253,147,6,130,2,72,246,0,193,0,242,1,3,0,225,0,90,0,38,0,16,0,12,0,11,
0,228,254,45,0,117,255,123,255,38,253,147,6,144,3,179,245,196,191,0,242,1,3,0,224,0,90,0,38,0,18,0,13,0,11,
0,228,254,45,0,117,255,123,255,38,253,147,6,59,3,98,245,183,188,0,242,1,3,0,224,0,90,0,38,0,17,0,13,0,11,
0,200,254,66,0,136,255,123,255,38,253,147,6,32,2,226,245,27,190,0,242,1,2,0,224,0,90,0,32,0,16,0,13,0,11,
0,192,254,63,0,132,255,123,255,38,253,147,6,32,2,226,245,27,190,0,243,1,3,0,224,0,89,0,33,0,16,0,12,0,11,
0,198,254,59,0,146,255,123,255,38,253,147,6,100,2,125,246,30,193,0,244,1,2,0,224,0,89,0,35,0,16,0,12,0,11,
0,198,254,59,0,146,255,123,255,38,253,147,6,51,4,192,245,218,191,0,244,1,2,0,224,0,90,0,36,0,16,0,13,0,11,
0,165,254,38,0,131,255,123,255,38,253,147,6,140,3,190,245,88,188,0,243,1,1,0,223,0,90,0,36,0,18,0,13,0,11,
0,180,254,23,0,121,255,123,255,38,253,147,6,140,3,51,246,184,190,0,244,1,1,0,223,0,90,0,36,0,17,0,12,0,11,
0,180,254,23,0,106,255,123,255,38,253,147,6,228,1,51,246,184,190,0,245,1,2,0,223,0,89,0,36,0,17,0,13,0,11,
0,187,254,0,0,106,255,156,255,13,253,105,6,7,3,189,246,121,192,0,245,1,1,0,223,0,89,0,36,0,17,0,12,0,11,
0,209,254,10,0,101,255,156,255,13,253,105,6,101,3,127,246,191,191,0,246,1,1,0,223,0,89,0,37,0,18,0,13,0,11,
0,179,254,35,0,127,255,156,255,13,253,105,6,158,3,74,246,252,189,0,246,1,0,0,223,0,89,0,37,0,18,0,13,0,11,
0,179,254,35,0,127,255,156,255,13,253,105,6,158,3,74,246,87,188,0,246,1,0,0,222,0,89,0,37,0,18,0,12,0,11,
0,187,254,31,0,142,255,156,255,13,253,105,6,38,3,40,246,87,188,0,247,1,0,0,223,0,89,0,37,0,17,0,12,0,11,
0,208,254,19,0,135,255,156,255,13,253,105,6,91,2,13,247,59,190,0,247,1,0,0,222,0,89,0,37,0,17,0,13,0,11,
0,11,255,243,255,113,255,156,255,13,253,105,6,252,2,225,246,199,191,0,247,1,0,0,222,0,89,0,38,0,18,0,13,0,11,
0,11,255,243,255,113,255,156,255,13,253,105,6,252,2,147,246,124,190,0,247,0,255,0,222,0,89,0,38,0,18,0,13,0,11,
0,2,255,22,0,110,255,156,255,13,253,105,6,155,3,147,246,124,190,0,248,0,255,0,221,0,89,0,38,0,18,0,13,0,11,
0,245,254,36,0,127,255,156,255,13,253,105,6,218,2,129,246,17,188,0,249,1,0,0,222,0,89,0,37,0,18,0,13,0,11,
0,245,254,11,0,106,255,156,255,13,253,105,6,106,2,99,247,222,190,0,249,1,0,0,222,0,88,0,37,0,17,0,12,0,11,
0,245,254,11,0,106,255,110,255,55,253,237,5,248,2,55,247,119,192,0,248,0,255,0,221,0,89,0,38,0,18,0,13,0,12,
0,5,255,16,0,85,255,110,255,55,253,237,5,248,2,55,247,72,191,0,248,0,255,0,221,0,89,0,38,0,18,0,13,0,11,
0,240,254,22,0,84,255,110,255,55,253,237,5,201,3,193,246,72,191,0,249,0,255,0,221,0,89,0,37,0,18,0,13,0,11,
0,240,254,22,0,70,255,110,255,55,253,237,5,121,3,181,246,195,188,0,249,0,255,0,222,0,88,0,37,0,17,0,12,0,11,
0,6,255,32,0,70,255,110,255,55,253,237,5,147,2,50,247,101,190,0,248,0,255,0,221,0,89,0,41,0,19,0,12,0,11,
0,254,254,24,0,74,255,110,255,55,253,237,5,228,2,157,247,183,191,0,249,0,255,0,221,0,89,0,41,0,19,0,12,0,11,
0,24,255,11,0,77,255,110,255,55,253,237,5,228,2,157,247,183,191,0,248,0,255,0,221,0,89,0,40,0,19,0,12,0,11,
0,24,255,11,0,77,255,110,255,55,253,237,5,165,3,240,246,53,191,0,249,0,255,0,222,0,88,0,39,0,18,0,12,0,10,
0,79,255,15,0,93,255,110,255,55,253,237,5,108,3,252,246,123,188,0,248,0,255,0,221,0,88,0,39,0,19,0,13,0,11,
0,65,255,8,0,129,255,110,255,55,253,237,5,94,2,85,247,198,189,0,249,1,0,0,222,0,88,0,37,0,17,0,12,0,11,
0,50,255,9,0,117,255,171,255,246,252,119,6,94,2,85,247,177,191,0,248,0,255,0,222,0,88,0,38,0,18,0,13,0,11,
0,50,255,9,0,117,255,171,255,246,252,119,6,62,3,71,247,177,191,0,248,0,255,0,222,0,88,0,38,0,18,0,13,0,11,
0,24,255,9,0,151,255,171,255,246,252,119,6,255,3,74,247,59,191,0,248,0,255,0,222,0,89,0,38,0,18,0,13,0,11,
0,110,255,7,0,113,255,171,255,246,252,119,6,227,3,228,246,109,188,0,248,0,255,0,223,0,88,0,37,0,17,0,12,0,11,
0,99,255,46,0,101,255,171,255,246,252,119,6,202,2,143,247,24,189,0,248,1,0,0,223,0,88,0,37,0,17,0,12,0,11,
0,99,255,46,0,101,255,171,255,246,252,119,6,202,2,143,247,24,189,0,248,0,255,0,222,0,89,0,38,0,18,0,13,0,12,
0,76,255,41,0,110,255,171,255,246,252,119,6,6,3,200,247,39,192,0,247,0,255,0,222,0,89,0,38,0,19,0,13,0,12,
0,88,255,46,0,84,255,171,255,246,252,119,6,68,4,77,247,166,190,0,247,0,255,0,222,0,89,0,38,0,18,0,13,0,11,
0,88,255,46,0,98,255,171,255,246,252,119,6,24,4,17,247,229,187,0,247,1,0,0,223,0,88,0,37,0,17,0,12,0,11,
0,104,255,39,0,98,255,171,255,246,252,119,6,24,4,174,247,237,189,0,247,1,0,0,223,0,89,0,37,0,18,0,13,0,11,
0,109,255,32,0,110,255,130,255,40,253,87,6,209,2,174,247,237,189,0,247,0,255,0,222,0,89,0,38,0,19,0,13,0,11,
0,112,255,51,0,112,255,130,255,40,253,87,6,234,3,83,247,41,192,0,247,0,255,0,222,0,89,0,38,0,18,0,13,0,12,
0,112,255,51,0,112,255,130,255,40,253,87,6,235,4,240,246,74,189,0,247,1,0,0,222,0,89,0,37,0,18,0,13,0,11,
0,105,255,70,0,117,255,130,255,40,253,87,6,218,3,243,246,112,188,0,247,1,0,0,223,0,88,0,37,0,17,0,12,0,11,
0,101,255,50,0,127,255,130,255,40,253,87,6,218,3,243,246,200,190,0,246,1,0,0,223,0,89,0,37,0,17,0,12,0,11,
0,112,255,0,0,114,255,130,255,40,253,87,6,67,3,199,247,200,190,0,246,1,0,0,223,0,89,0,38,0,18,0,13,0,11,
0,112,255,0,0,114,255,130,255,40,253,87,6,127,4,80,247,222,191,0,245,1,0,0,223,0,89,0,37,0,18,0,13,0,11,
0,134,255,230,255,98,255,130,255,40,253,87,6,173,4,204,246,82,188,0,245,1,0,0,223,0,89,0,37,0,18,0,12,0,11,
0,134,255,240,255,62,255,130,255,40,253,87,6,173,4,49,247,225,188,0,245,1,1,0,223,0,89,0,37,0,17,0,12,0,11,
0,94,255,240,255,74,255,130,255,40,253,87,6,210,2,49,247,225,188,0,245,1,1,0,222,0,88,0,36,0,17,0,12,0,11,
0,94,255,229,255,74,255,93,255,59,253,143,6,20,4,165,247,103,192,0,245,1,0,0,221,0,89,0,37,0,18,0,13,0,11,
0,101,255,241,255,86,255,93,255,59,253,143,6,126,4,53,247,24,191,0,244,1,0,0,221,0,89,0,37,0,18,0,13,0,11,
0,109,255,255,255,114,255,93,255,59,253,143,6,171,4,131,246,224,188,0,244,1,0,0,221,0,88,0,37,0,18,0,13,0,11,
0,109,255,255,255,116,255,93,255,59,253,143,6,171,4,131,246,193,188,0,244,1,1,0,221,0,88,0,37,0,17,0,12,0,11,
0,113,255,245,255,116,255,93,255,59,253,143,6,25,4,19,247,193,188,0,244,1,1,0,220,0,88,0,37,0,17,0,12,0,11,
0,101,255,225,255,104,255,93,255,59,253,143,6,38,3,63,247,138,189,0,243,1,0,0,220,0,88,0,37,0,18,0,13,0,11,
0,89,255,205,255,94,255,93,255,59,253,143,6,182,3,29,247,218,190,0,243,1,1,0,219,0,88,0,37,0,17,0,12,0,11,
0,89,255,205,255,94,255,93,255,59,253,143,6,110,4,21,247,82,190,0,243,1,0,0,219,0,88,0,37,0,18,0,13,0,11,
0,131,255,207,255,96,255,93,255,59,253,143,6,110,4,21,247,82,190,0,243,1,0,0,219,0,87,0,37,0,17,0,13,0,11,
0,176,255,196,255,117,255,93,255,59,253,143,6,36,4,220,246,125,189,0,243,1,0,0,218,0,88,0,37,0,18,0,13,0,11,
0,177,255,184,255,127,255,93,255,59,253,253,5,231,3,232,246,245,189,0,242,1,0,0,218,0,87,0,37,0,18,0,13,0,11,
0,177,255,184,255,127,255,124,255,32,253,253,5,28,4,212,246,80,190,0,242,1,0,0,218,0,87,0,37,0,18,0,13,0,11,
0,118,255,162,255,135,255,124,255,32,253,253,5,28,4,157,246,110,189,0,243,1,0,0,217,0,87,0,37,0,18,0,13,0,11,
0,108,255,149,255,138,255,124,255,32,253,253,5,136,3,157,246,110,189,0,242,1,0,0,217,0,87,0,37,0,18,0,13,0,11,
0,131,255,149,255,119,255,124,255,32,253,253,5,245,2,242,246,129,190,0,243,1,0,0,217,0,87,0,36,0,17,0,12,0,11,
0,131,255,134,255,119,255,124,255,32,253,253,5,5,4,234,246,148,191,0,243,1,0,0,216,0,87,0,36,0,18,0,13,0,11,
0,136,255,125,255,116,255,124,255,32,253,253,5,107,4,232,246,149,190,0,243,0,255,0,216,0,87,0,37,0,18,0,13,0,11,
0,137,255,106,255,105,255,124,255,32,253,253,5,107,4,232,246,149,188,0,244,0,255,0,215,0,86,0,36,0,17,0,12,0,11,
0,137,255,106,255,105,255,124,255,32,253,253,5,240,3,82,246,238,188,0,245,0,255,0,215,0,85,0,36,0,17,0,12,0,11,
0,104,255,110,255,105,255,124,255,32,253,253,5,146,2,222,246,125,189,0,245,0,255,0,215,0,86,0,36,0,17,0,12,0,10,
0,89,255,104,255,99,255,124,255,32,253,253,5,7,3,71,247,5,192,0,245,0,254,0,215,0,86,0,36,0,17,0,12,0,11,
0,81,255,71,255,85,255,166,255,65,253,158,5,7,3,3,247,30,192,0,246,0,255,0,214,0,85,0,37,0,17,0,13,0,11,
0,81,255,71,255,85,255,166,255,65,253,158,5,214,3,3,247,30,192,0,246,0,254,0,214,0,85,0,36,0,17,0,13,0,11,
0,67,255,46,255,131,255,166,255,65,253,158,5,180,3,90,246,136,188,0,247,0,254,0,214,0,85,0,36,0,17,0,12,0,11,
0,104,255,36,255,118,255,166,255,65,253,158,5,235,2,251,246,145,188,0,247,0,254,0,214,0,85,0,36,0,17,0,12,0,11,
0,106,255,36,255,102,255,166,255,65,253,158,5,224,2,169,247,154,191,0,247,0,253,0,213,0,86,0,36,0,18,0,13,0,12,
0,106,255,36,255,102,255,166,255,65,253,158,5,224,2,169,247,103,191,0,248,0,254,0,213,0,85,0,36,0,17,0,12,0,11,
0,88,255,41,255,82,255,166,255,65,253,158,5,180,3,83,247,103,191,0,248,0,253,0,212,0,85,0,36,0,17,0,13,0,11,
0,114,255,43,255,70,255,166,255,65,253,158,5,250,3,208,246,168,189,0,249,0,253,0,212,0,84,0,36,0,17,0,13,0,11,
0,132,255,43,255,87,255,166,255,65,253,158,5,106,2,34,247,95,187,0,249,0,253,0,212,0,85,0,36,0,18,0,13,0,12,
0,132,255,70,255,87,255,166,255,65,253,158,5,106,2,226,247,107,191,0,249,0,252,0,212,0,85,0,36,0,18,0,13,0,11,
0,100,255,56,255,96,255,150,255,82,253,133,6,117,2,226,247,107,191,0,250,0,253,0,212,0,84,0,35,0,17,0,12,0,11,
0,90,255,43,255,126,255,150,255,82,253,133,6,194,3,107,247,15,192,0,250,0,252,0,211,0,84,0,36,0,17,0,13,0,11,
0,90,255,43,255,112,255,150,255,82,253,133,6,100,3,176,246,61,188,0,251,0,252,0,211,0,84,0,35,0,17,0,12,0,11,
0,83,255,36,255,112,255,150,255,82,253,133,6,117,2,96,247,117,188,0,251,0,252,0,211,0,84,0,36,0,17,0,13,0,11,
0,71,255,34,255,81,255,150,255,82,253,133,6,117,2,96,247,197,190,0,251,0,252,0,211,0,84,0,36,0,17,0,13,0,11,
0,57,255,21,255,75,255,150,255,82,253,133,6,34,2,199,247,197,190,0,252,0,252,0,211,0,83,0,35,0,17,0,12,0,11,
0,57,255,21,255,75,255,150,255,82,253,133,6,204,2,162,247,176,191,0,252,0,252,0,210,0,84,0,35,0,17,0,12,0,11,
0,93,255,235,254,88,255,150,255,82,253,133,6,156,3,59,247,148,190,0,253,0,252,0,211,0,83,0,35,0,16,0,12,0,10,
0,86,255,238,254,112,255,150,255,82,253,133,6,6,3,73,247,196,187,0,253,0,251,0,210,0,84,0,35,0,17,0,12,0,11,
0,53,255,11,255,110,255,150,255,82,253,133,6,6,3,73,247,196,187,0,253,0,252,0,210,0,83,0,35,0,17,0,12,0,11,
0,53,255,11,255,110,255,170,255,20,253,186,6,175,1,196,247,139,188,0,254,0,252,0,211,0,82,0,29,0,16,0,12,0,11,
0,48,255,37,255,86,255,170,255,20,253,186,6,28,3,237,247,80,191,0,254,0,251,0,210,0,83,0,31,0,16,0,13,0,11,
0,32,255,21,255,77,255,170,255,20,253,186,6,148,3,186,247,113,191,0,255,0,252,0,211,0,83,0,32,0,16,0,12,0,11,
0,32,255,21,255,65,255,170,255,20,253,186,6,148,3,47,247,99,187,0,255,0,251,0,211,0,83,0,33,0,17,0,13,0,12,
0,37,255,23,255,65,255,170,255,20,253,186,6,78,3,47,247,99,187,1,0,0,251,0,211,0,84,0,34,0,16,0,13,0,11,
0,87,255,31,255,74,255,170,255,20,253,186,6,230,1,251,247,238,189,1,1,0,251,0,212,0,83,0,33,0,16,0,12,0,11,
0,73,255,250,254,62,255,170,255,20,253,186,6,81,2,72,248,205,191,1,0,0,251,0,211,0,83,0,34,0,17,0,13,0,11,
0,73,255,250,254,103,255,170,255,20,253,186,6,148,3,213,247,217,190,1,1,0,252,0,212,0,83,0,34,0,16,0,12,0,11,
0,66,255,234,254,103,255,170,255,20,253,186,6,148,3,213,247,109,187,1,1,0,251,0,212,0,84,0,35,0,17,0,13,0,11,
0,78,255,10,255,102,255,170,255,20,253,186,6,56,3,135,247,109,187,1,2,0,251,0,212,0,84,0,35,0,17,0,12,0,11,
0,128,255,11,255,89,255,184,255,34,253,57,6,10,2,4,248,103,189,1,2,0,252,0,213,0,84,0,35,0,17,0,13,0,11,
0,128,255,11,255,89,255,184,255,34,253,57,6,75,2,70,248,149,191,1,2,0,252,0,214,0,84,0,35,0,17,0,13,0,11,
0,157,255,18,255,87,255,184,255,34,253,57,6,75,2,22,248,99,191,1,3,0,252,0,215,0,84,0,35,0,16,0,12,0,11,
0,151,255,41,255,77,255,184,255,34,253,57,6,148,3,22,248,99,191,1,3,0,252,0,214,0,84,0,35,0,17,0,12,0,11,
0,142,255,82,255,55,255,184,255,34,253,57,6,49,3,124,247,49,187,1,3,0,252,0,215,0,85,0,35,0,17,0,12,0,11,
0,142,255,82,255,55,255,184,255,34,253,57,6,12,2,16,248,192,188,1,4,0,252,0,215,0,84,0,35,0,17,0,12,0,11,
0,122,255,61,255,58,255,184,255,34,253,57,6,120,2,176,248,201,192,1,4,0,253,0,216,0,84,0,35,0,16,0,12,0,10,
0,128,255,58,255,54,255,184,255,34,253,57,6,120,2,176,248,232,189,1,4,0,252,0,217,0,85,0,35,0,17,0,13,0,11,
0,128,255,58,255,67,255,184,255,34,253,57,6,34,4,190,247,232,189,1,4,0,253,0,217,0,85,0,35,0,16,0,12,0,10,
0,117,255,80,255,67,255,184,255,34,253,57,6,182,2,209,247,221,187,1,4,0,252,0,217,0,86,0,36,0,18,0,12,0,11,
0,100,255,80,255,87,255,184,255,34,253,57,6,48,2,100,248,193,190,1,4,0,252,0,218,0,86,0,36,0,17,0,13,0,11,
0,90,255,91,255,68,255,126,255,40,253,33,6,255,2,2,248,32,193,1,4,0,252,0,218,0,86,0,40,0,18,0,12,0,11,
0,90,255,91,255,71,255,126,255,40,253,33,6,255,2,2,248,32,193,1,4,0,253,0,219,0,86,0,39,0,19,0,13,0,11,
0,122,255,114,255,71,255,126,255,40,253,33,6,29,4,120,247,222,190,1,4,0,253,0,220,0,86,0,38,0,18,0,12,0,11,
0,157,255,121,255,90,255,126,255,40,253,33,6,102,3,120,247,49,188,1,3,0,253,0,220,0,87,0,39,0,18,0,13,0,11,
0,146,255,133,255,103,255,126,255,40,253,33,6,94,2,19,248,119,189,1,3,0,253,0,220,0,87,0,38,0,18,0,13,0,11,
0,146,255,133,255,103,255,126,255,40,253,33,6,94,2,19,247,19,192,1,3,0,254,0,221,0,87,0,38,0,18,0,13,0,11,
0,125,255,110,255,101,255,126,255,40,253,33,6,18,3,214,247,19,192,1,3,0,254,0,222,0,87,0,38,0,18,0,13,0,12,
0,110,255,100,255,86,255,126,255,40,253,33,6,245,3,205,247,85,191,1,3,0,254,0,222,0,87,0,37,0,18,0,12,0,11,
0,80,255,154,255,121,255,126,255,40,253,33,6,249,3,19,247,151,189,1,3,0,254,0,222,0,88,0,38,0,18,0,13,0,11,
0,80,255,154,255,121,255,126,255,40,253,33,6,180,2,135,247,11,189,1,2,0,254,0,223,0,88,0,37,0,18,0,13,0,11,
0,69,255,156,255,129,255,103,255,89,253,171,5,180,2,135,247,11,189,1,3,0,254,0,223,0,88,0,38,0,18,0,13,0,11,
0,52,255,122,255,109,255,103,255,89,253,171,5,122,3,142,247,191,191,1,2,0,254,0,223,0,89,0,37,0,18,0,13,0,11,
0,52,255,122,255,125,255,103,255,89,253,171,5,226,3,132,247,82,191,1,2,0,255,0,224,0,88,0,37,0,15,0,12,0,11,
0,73,255,125,255,125,255,103,255,89,253,171,5,24,4,11,247,97,190,1,2,0,255,0,224,0,89,0,38,0,16,0,13,0,11,
0,97,255,139,255,113,255,103,255,89,253,171,5,24,4,21,247,251,188,1,2,0,255,0,224,0,89,0,37,0,16,0,12,0,11,
0,136,255,167,255,139,255,103,255,89,253,171,5,226,2,21,247,251,188,1,2,0,255,0,225,0,89,0,37,0,17,0,12,0,11,
0,136,255,167,255,139,255,103,255,89,253,171,5,224,2,85,247,90,191,1,1,0,255,0,225,0,89,0,38,0,17,0,12,0,11,
0,104,255,157,255,146,255,103,255,89,253,171,5,166,3,98,247,76,191,1,1,1,0,0,226,0,89,0,36,0,16,0,12,0,10,
0,100,255,171,255,163,255,103,255,89,253,171,5,33,4,5,247,172,190,1,1,1,0,0,226,0,90,0,37,0,17,0,13,0,11,
0,90,255,176,255,161,255,103,255,89,253,171,5,33,4,5,247,135,189,1,1,1,0,0,226,0,90,0,37,0,17,0,13,0,11,
0,90,255,176,255,161,255,139,255,76,253,89,6,26,4,216,246,135,189,1,1,1,1,0,226,0,89,0,37,0,16,0,12,0,11,
0,91,255,183,255,136,255,139,255,76,253,89,6,218,3,255,246,97,191,1,0,1,0,0,226,0,90,0,38,0,17,0,13,0,11,
0,73,255,193,255,125,255,139,255,76,253,89,6,146,3,162,246,91,190,1,0,1,1,0,227,0,90,0,37,0,16,0,12,0,11,
0,54,255,161,255,142,255,139,255,76,253,89,6,146,3,190,246,125,190,0,255,1,1,0,226,0,91,0,38,0,17,0,13,0,11,
0,54,255,161,255,142,255,139,255,76,253,89,6,156,3,190,246,125,190,0,255,1,1,0,226,0,91,0,38,0,17,0,13,0,11,
0,49,255,178,255,142,255,139,255,76,253,89,6,147,3,37,247,68,191,0,255,1,1,0,227,0,91,0,38,0,17,0,13,0,12,
0,46,255,174,255,155,255,139,255,76,253,89,6,53,4,122,246,165,191,0,255,1,1,0,226,0,91,0,38,0,17,0,13,0,12,
0,46,255,174,255,140,255,139,255,76,253,89,6,134,4,59,246,227,189,0,255,1,2,0,226,0,90,0,38,0,16,0,12,0,11,
0,48,255,156,255,140,255,139,255,76,253,89,6,134,4,59,246,82,189,0,255,1,2,0,225,0,91,0,38,0,17,0,13,0,11,
0,10,255,145,255,130,255,139,255,76,253,89,6,167,3,191,246,82,189,0,255,1,2,0,226,0,91,0,38,0,17,0,13,0,11,
0,24,255,175,255,136,255,186,255,14,253,31,6,83,3,233,246,69,191,0,254,1,1,0,225,0,91,0,38,0,17,0,12,0,11,
0,24,255,175,255,136,255,186,255,14,253,31,6,13,4,114,246,49,193,0,255,1,2,0,226,0,90,0,38,0,17,0,12,0,11,
0,28,255,196,255,155,255,186,255,14,253,31,6,198,4,238,245,67,190,0,254,1,2,0,225,0,91,0,38,0,17,0,13,0,11,
0,22,255,177,255,183,255,186,255,14,253,31,6,198,4,238,245,67,190,0,254,1,2,0,225,0,91,0,38,0,17,0,12,0,11,
0,8,255,158,255,170,255,186,255,14,253,31,6,104,4,251,245,38,188,0,254,1,2,0,225,0,90,0,38,0,17,0,13,0,11,
0,8,255,158,255,170,255,186,255,14,253,31,6,60,3,104,246,66,190,0,254,1,2,0,225,0,90,0,38,0,17,0,12,0,11,
0,240,254,167,255,179,255,186,255,14,253,31,6,25,4,116,246,27,192,0,254,1,3,0,225,0,89,0,37,0,16,0,12,0,11,
0,219,254,154,255,169,255,186,255,14,253,31,6,25,4,100,246,90,191,0,254,1,2,0,225,0,91,0,38,0,17,0,13,0,11,
0,215,254,155,255,156,255,186,255,14,253,31,6,204,4,100,246,90,191,0,254,1,3,0,225,0,90,0,38,0,17,0,13,0,11,
0,215,254,155,255,156,255,186,255,14,253,31,6,128,4,4,246,250,188,0,253,1,3,0,225,0,90,0,38,0,17,0,13,0,11,
0,230,254,137,255,154,255,186,255,14,253,31,6,34,4,83,246,46,189,0,253,1,2,0,225,0,90,0,38,0,17,0,12,0,11,
0,199,254,130,255,164,255,109,255,114,253,83,5,242,3,90,246,190,190,0,254,1,3,0,225,0,90,0,38,0,17,0,13,0,11,
0,199,254,130,255,182,255,109,255,114,253,83,5,242,3,90,246,190,190,0,253,1,3,0,225,0,90,0,38,0,17,0,12,0,11,
0,189,254,132,255,182,255,109,255,114,253,83,5,15,4,51,246,210,190,0,253,1,3,0,225,0,91,0,38,0,18,0,13,0,11,
0,161,254,117,255,155,255,109,255,114,253,83,5,143,4,110,246,47,190,0,253,1,3,0,225,0,90,0,38,0,17,0,13,0,11,
0,177,254,136,255,172,255,109,255,114,253,83,5,20,4,121,246,120,190,0,252,1,3,0,225,0,90,0,38,0,17,0,12,0,11,
0,177,254,136,255,172,255,109,255,114,253,83,5,20,4,73,246,206,190,0,252,1,3,0,226,0,90,0,38,0,18,0,13,0,12,
0,194,254,143,255,191,255,109,255,114,253,83,5,65,4,73,246,206,190,0,253,1,4,0,226,0,90,0,38,0,17,0,12,0,11,
0,209,254,142,255,192,255,109,255,114,253,83,5,229,4,45,246,117,190,0,252,1,3,0,226,0,91,0,38,0,18,0,13,0,11,
0,137,254,131,255,171,255,109,255,114,253,83,5,38,4,138,246,237,188,0,253,1,4,0,227,0,90,0,38,0,16,0,12,0,11,
0,137,254,131,255,171,255,109,255,114,253,83,5,226,3,147,246,203,190,0,252,1,3,0,226,0,91,0,38,0,17,0,12,0,11,
0,107,254,114,255,156,255,146,255,58,253,23,6,226,3,147,246,139,191,0,253,1,4,0,227,0,91,0,39,0,18,0,13,0,11,
0,102,254,145,255,157,255,146,255,58,253,23,6,225,3,188,246,139,191,0,253,1,3,0,227,0,90,0,38,0,16,0,12,0,11,
0,96,254,130,255,148,255,146,255,58,253,23,6,242,4,122,246,215,190,0,252,1,3,0,226,0,91,0,38,0,17,0,13,0,11,
0,96,254,130,255,148,255,146,255,58,253,23,6,15,5,54,246,252,188,0,252,1,3,0,227,0,91,0,38,0,17,0,12,0,11,
0,95,254,114,255,119,255,146,255,58,253,23,6,15,3,142,246,187,188,0,252,1,4,0,227,0,90,0,38,0,17,0,12,0,11,
0,104,254,101,255,125,255,146,255,58,253,23,6,211,3,142,246,187,188,0,252,1,3,0,227,0,91,0,38,0,17,0,12,0,11,
0,104,254,101,255,119,255,146,255,58,253,23,6,138,3,16,247,94,191,0,252,1,4,0,228,0,91,0,38,0,16,0,12,0,11,
0,144,254,96,255,119,255,146,255,58,253,23,6,248,4,195,246,160,191,0,252,1,4,0,227,0,91,0,38,0,17,0,13,0,11,
0,160,254,88,255,117,255,146,255,58,253,23,6,238,4,125,246,100,190,0,252,1,4,0,228,0,91,0,38,0,17,0,12,0,11,
0,161,254,72,255,121,255,146,255,58,253,23,6,238,4,125,246,26,188,0,252,1,4,0,228,0,91,0,38,0,17,0,12,0,11,
0,161,254,72,255,121,255,131,255,53,253,135,5,163,4,114,246,26,188,0,252,1,4,0,228,0,91,0,38,0,17,0,12,0,11,
0,164,254,85,255,129,255,131,255,53,253,135,5,22,4,141,246,164,190,0,252,1,4,0,228,0,91,0,39,0,17,0,13,0,11,
0,127,254,93,255,126,255,131,255,53,253,135,5,195,3,225,246,192,191,0,252,1,4,0,228,0,91,0,38,0,17,0,13,0,11,
0,115,254,101,255,147,255,131,255,53,253,135,5,44,5,167,246,47,192,0,252,1,4,0,229,0,91,0,38,0,17,0,12,0,11,
0,115,254,101,255,147,255,131,255,53,253,135,5,44,5,167,246,47,192,0,251,1,4,0,229,0,92,0,39,0,17,0,12,0,11,
0,114,254,96,255,152,255,131,255,53,253,135,5,16,5,64,246,133,188,0,252,1,4,0,230,0,91,0,38,0,17,0,13,0,12,
0,112,254,99,255,140,255,131,255,53,253,135,5,122,3,163,246,167,189,0,252,1,5,0,230,0,91,0,33,0,16,0,13,0,11,
0,76,254,125,255,144,255,131,255,53,253,135,5,180,3,11,247,178,191,0,251,1,4,0,230,0,92,0,35,0,17,0,13,0,12,
0,76,254,125,255,144,255,131,255,53,253,135,5,180,3,220,246,138,192,0,251,1,4,0,230,0,92,0,36,0,17,0,13,0,12,
0,60,254,135,255,138,255,131,255,53,253,135,5,26,5,220,246,138,192,0,251,1,5,0,230,0,92,0,36,0,16,0,12,0,11,
0,57,254,96,255,135,255,94,255,100,253,228,5,164,4,111,246,110,188,0,251,1,5,0,231,0,92,0,36,0,16,0,12,0,11,
0,57,254,96,255,133,255,94,255,100,253,228,5,58,4,159,246,173,190,0,251,1,5,0,230,0,93,0,38,0,17,0,13,0,11,
0,59,254,90,255,133,255,94,255,100,253,228,5,203,3,11,247,45,191,0,251,1,5,0,230,0,93,0,38,0,17,0,13,0,11,
0,57,254,96,255,162,255,94,255,100,253,228,5,203,3,11,247,81,192,0,251,1,5,0,230,0,93,0,38,0,17,0,13,0,11,
0,82,254,107,255,147,255,94,255,100,253,228,5,203,4,254,246,81,192,0,251,1,5,0,231,0,92,0,38,0,17,0,12,0,11,
0,82,254,107,255,147,255,94,255,100,253,228,5,177,4,60,246,219,189,0,251,1,6,0,232,0,92,0,38,0,16,0,12,0,11,
0,96,254,126,255,159,255,94,255,100,253,228,5,88,4,79,246,161,189,0,250,1,5,0,231,0,93,0,39,0,18,0,13,0,11,
0,76,254,113,255,161,255,94,255,100,253,228,5,88,4,53,247,105,191,0,250,1,5,0,231,0,93,0,39,0,17,0,13,0,11,
0,36,254,149,255,155,255,94,255,100,253,228,5,90,3,53,247,105,191,0,251,1,6,0,232,0,93,0,39,0,17,0,13,0,11,
0,36,254,149,255,155,255,94,255,100,253,228,5,86,5,4,247,101,192,0,250,1,5,0,231,0,93,0,39,0,17,0,12,0,11,
0,37,254,156,255,164,255,94,255,100,253,228,5,8,5,74,246,223,187,0,251,1,6,0,232,0,92,0,38,0,17,0,12,0,11,
0,80,254,146,255,158,255,217,255,251,252,248,5,255,3,17,247,194,190,0,250,1,6,0,232,0,93,0,39,0,17,0,12,0,11,
0,17,254,146,255,164,255,217,255,251,252,248,5,255,3,17,247,43,192,0,250,1,5,0,231,0,93,0,39,0,18,0,13,0,11,
0,17,254,132,255,164,255,217,255,251,252,248,5,16,4,50,247,43,192,0,250,1,5,0,231,0,93,0,40,0,18,0,13,0,11,
0,13,254,126,255,188,255,217,255,251,252,248,5,71,5,209,246,188,191,0,249,1,5,0,230,0,93,0,40,0,18,0,13,0,11,
0,57,254,134,255,185,255,217,255,251,252,248,5,247,4,81,246,4,188,0,249,1,6,0,230,0,93,0,39,0,17,0,12,0,12,
0,57,254,134,255,176,255,217,255,251,252,248,5,193,3,220,246,67,190,0,249,1,6,0,230,0,93,0,39,0,17,0,13,0,11,
0,50,254,130,255,176,255,217,255,251,252,248,5,193,3,220,246,67,190,0,249,1,5,0,229,0,93,0,40,0,18,0,13,0,11,
0,216,253,117,255,178,255,217,255,251,252,248,5,34,4,31,247,133,192,0,248,1,5,0,229,0,93,0,43,0,19,0,13,0,11,
0,143,253,141,255,173,255,217,255,251,252,248,5,157,4,186,246,120,191,0,249,1,5,0,228,0,93,0,42,0,18,0,12,0,11,
0,143,253,141,255,173,255,217,255,251,252,248,5,242,4,132,246,80,190,0,249,1,5,0,228,0,92,0,41,0,18,0,12,0,11,
0,193,253,166,255,165,255,163,255,39,253,56,6,242,4,132,246,156,190,0,248,1,5,0,227,0,92,0,41,0,19,0,13,0,11,
0,237,253,169,255,151,255,163,255,39,253,56,6,115,4,210,246,156,190,0,248,1,5,0,227,0,92,0,40,0,18,0,13,0,11,
0,189,253,188,255,158,255,163,255,39,253,56,6,52,4,17,247,225,190,0,247,1,5,0,226,0,92,0,40,0,18,0,13,0,11,
0,189,253,188,255,158,255,163,255,39,253,56,6,91,4,216,246,88,191,0,248,1,4,0,226,0,91,0,40,0,18,0,12,0,11,
0,161,253,164,255,158,255,163,255,39,253,56,6,194,3,234,246,152,191,0,248,1,5,0,225,0,91,0,40,0,18,0,13,0,11,
0,207,253,159,255,173,255,163,255,39,253,56,6,194,3,234,246,152,191,0,248,1,5,0,225,0,91,0,39,0,17,0,12,0,11,
0,196,253,159,255,163,255,163,255,39,253,56,6,243,4,171,246,85,191,0,248,1,4,0,224,0,91,0,39,0,17,0,13,0,11,
0,196,253,148,255,163,255,163,255,39,253,56,6,104,4,220,246,149,189,0,248,1,4,0,224,0,91,0,39,0,18,0,13,0,11,
0,218,253,177,255,169,255,163,255,39,253,56,6,132,3,218,246,212,191,0,248,1,4,0,224,0,90,0,38,0,17,0,12,0,11,
0,20,254,153,255,169,255,163,255,39,253,56,6,132,3,162,246,115,191,0,248,1,4,0,223,0,90,0,38,0,20,0,13,0,11,
0,20,254,153,255,151,255,104,255,97,253,39,7,122,5,162,246,115,191,0,248,1,4,0,223,0,89,0,38,0,18,0,12,0,11,
0,14,254,156,255,151,255,104,255,97,253,39,7,253,3,193,246,74,191,0,247,1,4,0,223,0,90,0,38,0,19,0,13,0,11,
0,209,253,179,255,140,255,104,255,97,253,39,7,152,3,1,247,15,192,0,248,1,3,0,223,0,90,0,38,0,19,0,13,0,11,
0,175,253,217,255,148,255,104,255,97,253,39,7,41,4,10,247,122,191,0,248,1,4,0,223,0,89,0,38,0,18,0,13,0,11,
0,175,253,217,255,148,255,104,255,97,253,39,7,41,4,10,247,242,190,0,248,1,3,0,223,0,90,0,38,0,19,0,13,0,11,
0,198,253,201,255,153,255,104,255,97,253,39,7,42,4,184,246,242,190,0,248,1,4,0,223,0,89,0,38,0,17,0,13,0,11,
0,229,253,162,255,144,255,104,255,97,253,39,7,95,4,129,246,34,191,0,247,1,3,0,222,0,89,0,38,0,19,0,13,0,11,
0,217,253,155,255,138,255,104,255,97,253,39,7,208,3,192,246,152,190,0,247,1,3,0,223,0,89,0,38,0,18,0,13,0,11,
0,217,253,155,255,138,255,104,255,97,253,39,7,208,4,234,246,193,190,0,247,1,3,0,223,0,89,0,38,0,18,0,12,0,11,
0,174,253,160,255,136,255,104,255,97,253,39,7,17,4,234,246,193,190,0,248,1,3,0,223,0,88,0,37,0,17,0,12,0,11,
0,174,253,155,255,143,255,139,255,34,253,28,6,109,4,153,246,52,191,0,247,1,3,0,223,0,89,0,38,0,18,0,13,0,11,
0,171,253,155,255,119,255,139,255,34,253,28,6,125,4,17,247,25,191,0,247,1,3,0,223,0,89,0,38,0,18,0,13,0,11,
0,171,253,178,255,119,255,139,255,34,253,28,6,128,4,112,246,121,189,0,247,1,2,0,223,0,89,0,38,0,18,0,13,0,11,
0,174,253,185,255,132,255,139,255,34,253,28,6,128,4,112,246,153,191,0,247,1,2,0,222,0,89,0,37,0,18,0,12,0,11,
0,172,253,182,255,130,255,139,255,34,253,28,6,132,3,248,246,153,191,0,247,1,2,0,223,0,88,0,37,0,17,0,12,0,11,
0,172,253,182,255,130,255,139,255,34,253,28,6,197,4,182,246,194,191,0,246,1,1,0,222,0,89,0,38,0,18,0,13,0,11,
0,151,253,161,255,130,255,139,255,34,253,28,6,25,4,48,246,130,188,0,246,1,2,0,222,0,89,0,37,0,18,0,13,0,11,
0,137,253,172,255,122,255,139,255,34,253,28,6,29,3,71,247,208,191,0,247,1,2,0,222,0,89,0,37,0,18,0,13,0,11,
0,87,253,211,255,98,255,139,255,34,253,28,6,29,3,71,247,208,191,0,246,1,1,0,222,0,88,0,37,0,18,0,12,0,11,
0,87,253,211,255,98,255,139,255,34,253,28,6,60,6,146,246,167,190,0,246,1,2,0,222,0,88,0,37,0,17,0,12,0,11,
0,65,253,218,255,116,255,139,255,250,252,114,5,137,3,190,246,0,188,0,246,1,1,0,221,0,89,0,37,0,18,0,13,0,11,
0,64,253,191,255,120,255,151,255,250,252,114,5,101,3,41,247,149,192,0,246,1,1,0,221,0,89,0,37,0,18,0,13,0,11,
0,76,253,166,255,136,255,151,255,250,252,114,5,101,3,24,247,126,192,0,246,1,1,0,221,0,89,0,38,0,18,0,13,0,11,
0,76,253,166,255,136,255,151,255,250,252,114,5,190,4,24,247,126,192,0,246,1,1,0,221,0,88,0,37,0,18,0,12,0,11,
0,105,253,151,255,125,255,151,255,250,252,114,5,211,4,83,246,47,189,0,246,1,1,0,221,0,88,0,37,0,18,0,13,0,12,
0,111,253,194,255,114,255,151,255,250,252,114,5,188,3,216,246,125,189,0,246,1,1,0,221,0,88,0,37,0,17,0,13,0,11,
0,111,253,194,255,110,255,151,255,250,252,114,5,26,3,61,247,137,190,0,246,1,1,0,221,0,89,0,38,0,18,0,13,0,11,
0,123,253,201,255,110,255,151,255,250,252,114,5,26,3,61,247,121,193,0,246,1,1,0,221,0,89,0,37,0,18,0,13,0,11,
0,123,253,203,255,93,255,151,255,250,252,114,5,36,4,46,247,121,193,0,246,1,1,0,222,0,89,0,37,0,18,0,13,0,11,
0,126,253,205,255,75,255,151,255,250,252,114,5,147,5,106,246,173,190,0,246,1,1,0,222,0,88,0,37,0,17,0,12,0,11,
0,126,253,205,255,59,255,151,255,250,252,114,5,195,3,253,246,108,188,0,246,1,0,0,222,0,89,0,37,0,18,0,13,0,11,
0,104,253,191,255,59,255,145,255,27,253,42,6,195,3,68,247,29,191,0,246,1,1,0,222,0,88,0,37,0,18,0,13,0,11,
0,113,253,213,255,61,255,145,255,27,253,42,6,58,3,68,247,29,191,0,247,1,1,0,222,0,88,0,37,0,18,0,13,0,11,
0,117,253,201,255,65,255,145,255,27,253,42,6,28,4,39,247,121,192,0,246,1,0,0,222,0,89,0,37,0,18,0,12,0,11,
0,117,253,201,255,65,255,145,255,27,253,42,6,80,5,36,247,227,191,0,247,1,1,0,222,0,88,0,37,0,18,0,12,0,11,
0,141,253,228,255,68,255,145,255,27,253,42,6,184,4,240,246,155,188,0,247,1,0,0,223,0,88,0,37,0,17,0,12,0,10,
0,144,253,238,255,63,255,145,255,27,253,42,6,184,4,240,246,193,189,0,247,1,0,0,222,0,89,0,38,0,18,0,13,0,11,
0,147,253,216,255,39,255,145,255,27,253,42,6,142,3,67,247,193,189,0,247,1,0,0,223,0,89,0,37,0,18,0,13,0,11,
0,147,253,216,255,39,255,145,255,27,253,42,6,184,3,119,247,29,192,0,247,1,0,0,222,0,89,0,37,0,18,0,13,0,11,
0,100,253,219,255,20,255,145,255,27,253,42,6,183,4,64,247,110,191,0,247,1,0,0,223,0,89,0,37,0,18,0,13,0,11,
0,135,253,216,255,28,255,145,255,27,253,42,6,22,5,241,246,193,190,0,247,1,0,0,223,0,88,0,37,0,17,0,12,0,11,
0,135,253,216,255,14,255,174,255,254,252,76,6,22,5,241,246,193,190,0,247,1,0,0,223,0,89,0,38,0,18,0,13,0,11,
0,168,253,214,255,14,255,174,255,254,252,76,6,122,4,39,247,179,190,0,247,1,0,0,223,0,89,0,37,0,18,0,13,0,11,
0,124,253,237,255,31,255,174,255,254,252,76,6,12,4,41,247,186,190,0,247,1,0,0,223,0,89,0,37,0,17,0,12,0,11,
0,93,253,16,0,57,255,174,255,254,252,76,6,230,3,78,247,181,193,0,248,1,0,0,224,0,89,0,37,0,16,0,12,0,11,
0,93,253,16,0,60,255,174,255,254,252,76,6,230,3,78,246,210,190,0,247,1,0,0,223,0,89,0,38,0,19,0,13,0,12,
0,128,253,8,0,60,255,174,255,254,252,76,6,51,5,243,246,210,190,0,247,1,0,0,223,0,89,0,38,0,18,0,13,0,11,
0,154,253,252,255,27,255,174,255,254,252,76,6,171,4,9,247,128,190,0,248,1,0,0,223,0,89,0,38,0,18,0,13,0,11,
0,126,253,0,0,13,255,174,255,254,252,76,6,87,4,39,247,82,190,0,248,1,0,0,223,0,89,0,38,0,18,0,13,0,11,
0,126,253,0,0,13,255,174,255,254,252,76,6,254,3,173,247,242,191,0,249,1,0,0,223,0,89,0,37,0,18,0,13,0,11,
0,83,253,251,255,55,255,174,255,254,252,76,6,254,3,173,247,242,191,0,249,1,0,0,224,0,89,0,37,0,16,0,12,0,11,
0,118,253,245,255,38,255,67,255,42,253,224,5,241,4,206,246,232,189,0,248,0,255,0,223,0,89,0,38,0,19,0,13,0,11,
0,123,253,3,0,17,255,67,255,42,253,224,5,2,5,6,247,192,189,0,248,0,255,0,223,0,89,0,38,0,18,0,13,0,11,
0,123,253,3,0,17,255,67,255,42,253,224,5,45,4,114,247,118,191,0,248,0,255,0,223,0,89,0,38,0,17,0,12,0,11,
0,56,253,2,0,28,255,67,255,42,253,224,5,45,4,117,247,3,192,0,249,0,255,0,223,0,88,0,32,0,16,0,13,0,11,
0,39,253,240,255,16,255,67,255,42,253,224,5,85,5,117,247,3,192,0,248,0,255,0,223,0,89,0,34,0,17,0,13,0,12,
0,39,253,240,255,249,254,67,255,42,253,224,5,31,5,8,247,200,188,0,248,0,255,0,223,0,89,0,35,0,17,0,13,0,11,
0,76,253,255,255,249,254,67,255,42,253,224,5,49,4,59,247,80,189,0,248,0,255,0,223,0,89,0,35,0,17,0,13,0,11,
0,77,253,16,0,251,254,67,255,42,253,224,5,147,4,119,247,232,191,0,249,0,255,0,224,0,89,0,35,0,15,0,12,0,11,
0,47,253,15,0,254,254,67,255,42,253,224,5,147,4,119,247,198,191,0,248,0,255,0,223,0,89,0,37,0,18,0,13,0,11,
0,47,253,15,0,254,255,67,255,42,253,224,5,9,5,117,247,198,191,0,249,0,255,0,223,0,89,0,36,0,17,0,12,0,11,
0,94,253,23,0,0,255,175,255,221,252,122,6,42,5,47,247,75,190,0,248,0,255,0,223,0,89,0,37,0,18,0,13,0,12,
0,132,253,6,0,249,254,175,255,221,252,122,6,225,4,152,247,255,190,0,248,0,255,0,223,0,89,0,37,0,18,0,13,0,11,
0,109,253,237,255,0,255,175,255,221,252,122,6,225,4,66,247,21,190,0,248,0,255,0,223,0,89,0,37,0,17,0,12,0,11,
0,109,253,237,255,0,255,175,255,221,252,122,6,235,4,66,247,21,190,0,248,0,255,0,223,0,89,0,37,0,18,0,13,0,11,
0,98,253,241,255,5,255,175,255,221,252,122,6,248,4,14,247,152,190,0,247,0,255,0,223,0,89,0,37,0,17,0,12,0,11,
0,78,253,240,255,242,254,175,255,221,252,122,6,161,4,108,247,46,190,0,247,0,255,0,222,0,89,0,38,0,18,0,13,0,11,
0,35,253,203,255,0,255,175,255,221,252,122,6,54,4,148,247,216,191,0,247,0,255,0,222,0,89,0,38,0,18,0,13,0,11,
0,35,253,203,255,0,255,175,255,221,252,122,6,54,4,148,247,95,192,0,246,0,255,0,222,0,89,0,38,0,17,0,13,0,11,
0,21,253,207,255,6,255,175,255,221,252,122,6,16,5,128,247,95,192,0,246,0,255,0,222,0,89,0,37,0,17,0,13,0,11,
0,27,253,235,255,254,254,175,255,221,252,122,6,178,5,40,247,185,189,0,246,0,255,0,221,0,88,0,37,0,17,0,12,0,11,
0,27,253,235,255,227,254,175,255,221,252,122,6,133,4,158,247,175,189,0,245,0,255,0,220,0,89,0,37,0,18,0,13,0,11,
0,24,253,235,255,227,254,134,255,201,252,102,6,251,3,200,247,169,191,0,245,0,255,0,220,0,88,0,37,0,18,0,13,0,11,
0,11,253,224,255,190,254,134,255,201,252,102,6,251,3,200,247,169,191,0,245,0,255,0,219,0,88,0,37,0,18,0,13,0,11,
0,39,253,201,255,178,254,134,255,201,252,102,6,48,5,155,247,250,192,0,244,0,255,0,219,0,88,0,37,0,18,0,13,0,11,
0,39,253,201,255,178,254,134,255,201,252,102,6,101,5,41,247,89,191,0,244,0,255,0,218,0,87,0,36,0,17,0,12,0,10,
0,61,253,186,255,197,254,134,255,201,252,102,6,14,5,41,247,53,189,0,244,0,255,0,217,0,88,0,41,0,19,0,12,0,11,
0,46,253,195,255,208,254,134,255,201,252,102,6,14,5,193,247,191,190,0,243,0,255,0,217,0,87,0,40,0,19,0,12,0,11,
0,20,253,231,255,198,254,134,255,201,252,102,6,60,4,193,247,191,190,0,243,0,255,0,216,0,87,0,40,0,17,0,12,0,10,
0,20,253,231,255,198,254,134,255,201,252,102,6,218,3,206,247,54,191,0,244,0,255,0,216,0,86,0,38,0,18,0,13,0,11,
0,13,253,239,255,220,254,134,255,201,252,102,6,107,4,175,247,181,192,0,243,0,255,0,215,0,86,0,38,0,18,0,12,0,11,
0,46,253,205,255,204,254,134,255,201,252,102,6,71,5,231,247,29,192,0,243,0,254,0,215,0,86,0,38,0,19,0,13,0,11,
0,108,253,202,255,181,254,101,255,170,252,192,6,71,5,231,247,29,190,0,243,0,254,0,214,0,86,0,38,0,18,0,13,0,11,
0,108,253,202,255,181,254,101,255,170,252,192,6,58,4,189,247,158,190,0,243,0,254,0,214,0,86,0,37,0,17,0,13,0,11,
0,125,253,188,255,208,254,101,255,170,252,192,6,54,4,178,247,99,191,0,242,0,254,0,214,0,86,0,37,0,18,0,13,0,11,
0,37,253,173,255,205,254,101,255,170,252,192,6,150,4,140,247,61,190,0,243,0,254,0,214,0,85,0,36,0,17,0,12,0,11,
0,37,253,173,255,172,254,101,255,170,252,192,6,150,4,228,247,163,189,0,242,0,254,0,213,0,86,0,37,0,18,0,13,0,11,
0,28,253,167,255,172,254,101,255,170,252,192,6,249,3,228,247,163,189,0,242,0,253,0,213,0,85,0,37,0,18,0,13,0,11,
0,51,253,148,255,171,254,101,255,170,252,192,6,136,3,6,248,89,191,0,242,0,253,0,213,0,84,0,36,0,17,0,12,0,11,
0,62,253,133,255,156,254,101,255,170,252,192,6,46,4,247,247,33,192,0,242,0,253,0,213,0,84,0,35,0,17,0,12,0,11,
0,62,253,133,255,156,254,101,255,170,252,192,6,192,4,239,247,91,191,0,241,0,252,0,212,0,85,0,36,0,18,0,13,0,11,
0,44,253,148,255,193,254,101,255,170,252,192,6,192,4,239,247,10,189,0,241,0,253,0,212,0,84,0,36,0,17,0,13,0,11,
0,38,253,157,255,192,254,162,255,203,252,66,6,191,4,146,247,10,189,0,241,0,252,0,212,0,85,0,36,0,18,0,13,0,11,
0,28,253,144,255,178,254,162,255,203,252,66,6,66,4,64,248,34,191,0,241,0,252,0,212,0,84,0,36,0,17,0,12,0,11,
0,28,253,144,255,178,254,162,255,203,252,66,6,82,3,143,248,134,190,0,241,0,252,0,212,0,84,0,35,0,17,0,12,0,11,
0,24,253,103,255,164,254,162,255,203,252,66,6,82,3,153,248,136,192,0,241,0,252,0,212,0,84,0,36,0,17,0,13,0,11,
0,29,253,94,255,114,254,162,255,203,252,66,6,208,3,153,248,136,192,0,241,0,251,0,212,0,84,0,35,0,17,0,13,0,11,
0,9,253,128,255,127,254,162,255,203,252,66,6,227,4,73,248,190,191,0,241,0,252,0,212,0,84,0,35,0,16,0,12,0,11,
0,9,253,128,255,127,254,162,255,203,252,66,6,45,4,82,248,34,189,0,241,0,251,0,212,0,84,0,35,0,17,0,12,0,11,
0,16,253,126,255,137,254,162,255,203,252,66,6,54,3,104,248,151,189,0,241,0,251,0,211,0,84,0,35,0,17,0,13,0,11,
0,234,252,130,255,150,254,162,255,203,252,66,6,54,3,104,248,24,191,0,242,0,251,0,212,0,83,0,35,0,17,0,12,0,11,
0,234,252,130,255,143,254,162,255,203,252,66,6,213,3,153,248,24,191,0,241,0,251,0,211,0,84,0,36,0,18,0,13,0,11,
0,241,252,127,255,143,254,55,255,254,252,161,5,248,3,202,248,90,191,0,241,0,250,0,211,0,84,0,36,0,18,0,13,0,11,
0,229,252,154,255,117,254,55,255,254,252,161,5,191,3,200,248,199,190,0,241,0,250,0,211,0,84,0,36,0,18,0,13,0,12,
0,232,252,181,255,97,254,55,255,254,252,161,5,90,3,238,248,147,191,0,241,0,250,0,211,0,84,0,35,0,17,0,13,0,11,
0,232,252,181,255,97,254,55,255,254,252,161,5,90,3,238,248,147,191,0,242,0,251,0,211,0,83,0,35,0,17,0,12,0,11,
0,242,252,155,255,109,254,55,255,254,252,161,5,198,3,196,248,254,190,0,242,0,250,0,211,0,84,0,36,0,17,0,13,0,11,
0,200,252,152,255,131,254,55,255,254,252,161,5,102,4,213,248,13,190,0,242,0,250,0,210,0,83,0,36,0,17,0,13,0,11,
0,199,252,131,255,117,254,55,255,254,252,161,5,192,3,180,248,95,189,0,242,0,250,0,211,0,83,0,35,0,17,0,13,0,11,
0,199,252,131,255,117,254,55,255,254,252,161,5,192,3,143,249,246,189,0,242,0,250,0,210,0,83,0,35,0,17,0,13,0,11,
0,254,252,122,255,105,254,55,255,254,252,161,5,124,2,143,249,246,189,0,243,0,251,0,211,0,83,0,35,0,16,0,12,0,11,
0,40,253,125,255,107,254,55,255,254,252,161,5,195,3,110,249,193,192,0,243,0,251,0,210,0,83,0,35,0,17,0,12,0,11,
0,47,253,109,255,117,254,55,255,254,252,161,5,4,5,240,248,179,190,0,243,0,251,0,210,0,83,0,35,0,17,0,13,0,11,
0,47,253,109,255,117,254,143,255,192,252,185,5,99,4,213,248,112,189,0,243,0,251,0,211,0,83,0,35,0,16,0,12,0,11,
0,12,253,138,255,120,254,143,255,192,252,185,5,99,4,213,248,112,188,0,244,0,251,0,211,0,83,0,35,0,17,0,13,0,11,
0,225,252,150,255,97,254,143,255,192,252,185,5,29,3,62,249,213,188,0,244,0,251,0,211,0,83,0,34,0,16,0,12,0,11,
0,225,252,150,255,56,254,143,255,192,252,185,5,14,3,228,249,224,192,0,244,0,251,0,211,0,83,0,35,0,17,0,13,0,11,
0,241,252,138,255,56,254,143,255,192,252,185,5,4,5,42,249,61,191,0,244,0,251,0,211,0,83,0,35,0,17,0,12,0,11,
0,255,252,132,255,70,254,143,255,192,252,185,5,4,5,208,248,193,188,0,244,0,251,0,212,0,83,0,35,0,16,0,12,0,11,
0,245,252,129,255,86,254,143,255,192,252,185,5,146,4,208,248,193,188,0,245,0,252,0,212,0,83,0,35,0,17,0,13,0,11,
0,245,252,129,255,86,254,143,255,192,252,185,5,125,3,64,249,95,189,0,245,0,252,0,212,0,84,0,35,0,17,0,12,0,11,
0,242,252,145,255,56,254,143,255,192,252,185,5,36,3,187,249,83,192,0,246,0,252,0,212,0,84,0,35,0,17,0,13,0,11,
0,20,253,105,255,41,254,143,255,192,252,185,5,16,5,66,249,232,190,0,246,0,252,0,213,0,84,0,35,0,17,0,13,0,11,
0,57,253,101,255,41,254,135,255,150,252,205,5,16,5,66,249,75,190,0,247,0,252,0,214,0,84,0,35,0,17,0,12,0,11,
0,57,253,101,255,41,254,135,255,150,252,205,5,73,5,117,249,75,190,0,247,0,252,0,213,0,84,0,36,0,18,0,13,0,11,
0,34,253,142,255,67,254,135,255,150,252,205,5,134,4,98,249,127,188,0,248,0,253,0,214,0,84,0,35,0,17,0,12,0,11,
0,22,253,124,255,59,254,135,255,150,252,205,5,184,3,184,249,227,189,0,248,0,253,0,214,0,85,0,36,0,17,0,13,0,11,
0,1,253,124,255,55,254,135,255,150,252,205,5,232,3,189,249,210,191,0,249,0,254,0,215,0,84,0,35,0,16,0,12,0,11,
0,1,253,117,255,55,254,135,255,150,252,205,5,232,3,189,249,210,191,0,250,0,253,0,214,0,85,0,36,0,17,0,12,0,11,
0,13,253,94,255,59,254,135,255,150,252,205,5,248,4,139,249,23,190,0,251,0,253,0,215,0,85,0,36,0,18,0,13,0,11,
0,23,253,92,255,65,254,135,255,150,252,205,5,1,5,108,249,222,188,0,252,0,254,0,215,0,85,0,35,0,17,0,12,0,11,
0,23,253,92,255,64,254,135,255,150,252,205,5,107,4,115,249,187,189,0,253,0,253,0,215,0,85,0,36,0,17,0,13,0,11,
0,38,253,59,255,64,254,135,255,150,252,205,5,107,4,115,249,21,190,0,253,0,254,0,215,0,85,0,36,0,17,0,12,0,11,
0,32,253,23,255,61,254,98,255,181,252,175,5,207,4,176,249,21,190,0,254,0,254,0,215,0,85,0,35,0,17,0,12,0,11,
0,64,253,45,255,81,254,98,255,181,252,175,5,49,5,81,249,68,190,0,255,0,254,0,215,0,85,0,36,0,17,0,13,0,11,
0,64,253,45,255,81,254,98,255,181,252,175,5,49,4,192,249,88,189,1,0,0,254,0,216,0,85,0,35,0,17,0,12,0,11,
0,30,253,59,255,104,254,98,255,181,252,175,5,54,4,51,250,54,190,1,0,0,255,0,215,0,86,0,36,0,17,0,13,0,11,
0,37,253,61,255,88,254,98,255,181,252,175,5,54,4,51,250,54,190,1,1,0,255,0,215,0,85,0,36,0,17,0,12,0,11,
0,80,253,55,255,72,254,98,255,181,252,175,5,161,4,2,250,208,191,1,1,0,255,0,215,0,85,0,36,0,17,0,12,0,11,
0,80,253,55,255,72,254,98,255,181,252,175,5,253,5,63,249,119,190,1,2,0,255,0,216,0,85,0,35,0,16,0,12,0,11,
0,68,253,31,255,76,254,98,255,181,252,175,5,31,5,128,249,114,187,1,2,0,255,0,216,0,86,0,36,0,17,0,13,0,11,
0,13,253,30,255,97,254,98,255,181,252,175,5,31,5,208,249,157,188,1,3,0,255,0,215,0,86,0,36,0,18,0,12,0,11,
0,249,252,30,255,96,254,98,255,181,252,175,5,176,3,208,249,157,188,1,3,0,255,0,215,0,86,0,36,0,18,0,13,0,11,
0,249,252,47,255,96,254,112,255,156,252,146,5,142,4,19,250,239,192,1,4,1,0,0,215,0,85,0,30,0,16,0,13,0,12,
0,11,253,40,255,64,254,112,255,156,252,146,5,127,5,102,249,19,190,1,5,1,0,0,216,0,85,0,32,0,17,0,13,0,12,
0,9,253,45,255,62,254,112,255,156,252,146,5,218,4,153,249,246,187,1,5,1,0,0,216,0,85,0,32,0,16,0,12,0,11,
0,9,253,45,255,66,254,112,255,156,252,146,5,218,4,153,249,48,188,1,5,0,255,0,215,0,86,0,35,0,17,0,13,0,11,
0,13,253,42,255,66,254,112,255,156,252,146,5,18,4,171,249,48,188,1,6,1,0,0,215,0,86,0,34,0,17,0,13,0,12,
0,14,253,18,255,82,254,112,255,156,252,146,5,62,4,49,250,1,191,1,6,0,255,0,215,0,86,0,35,0,17,0,13,0,11,
0,39,253,22,255,86,254,112,255,156,252,146,5,226,4,253,249,92,190,1,6,0,255,0,215,0,86,0,35,0,17,0,13,0,11,
0,39,253,22,255,86,254,112,255,156,252,146,5,226,4,116,249,138,188,1,8,1,0,0,215,0,85,0,34,0,16,0,12,0,11,
0,50,253,41,255,61,254,112,255,156,252,146,5,80,5,116,249,138,188,1,7,0,255,0,215,0,86,0,36,0,17,0,12,0,11,
0,69,253,20,255,74,254,112,255,156,252,146,5,184,3,224,249,250,187,1,8,0,255,0,214,0,85,0,36,0,17,0,12,0,11,
0,64,253,252,254,65,254,112,255,156,252,146,5,209,3,117,250,155,192,1,8,0,255,0,214,0,85,0,35,0,17,0,12,0,11,
0,64,253,252,254,65,254,176,255,176,252,5,6,83,5,221,249,104,190,1,8,0,255,0,214,0,85,0,35,0,17,0,12,0,11,
0,11,253,14,255,39,254,176,255,176,252,5,6,83,5,221,249,201,186,1,9,0,255,0,214,0,84,0,35,0,16,0,12,0,11,
0,250,252,11,255,75,254,176,255,176,252,5,6,150,4,104,249,201,186,1,8,0,255,0,213,0,85,0,36,0,18,0,13,0,11,
0,227,252,11,255,83,254,176,255,176,252,5,6,212,2,18,250,171,188,1,9,0,255,0,213,0,85,0,35,0,17,0,12,0,11,
0,227,252,5,255,83,254,176,255,176,252,5,6,57,4,10,250,103,191,1,9,0,255,0,213,0,85,0,36,0,17,0,12,0,11,
0,254,252,20,255,82,254,176,255,176,252,5,6,22,5,75,249,240,189,1,10,0,255,0,213,0,84,0,35,0,17,0,13,0,11,
0,41,253,253,254,70,254,176,255,176,252,5,6,22,5,75,249,240,189,1,10,0,255,0,213,0,84,0,35,0,16,0,12,0,11,
0,41,253,253,254,58,254,176,255,176,252,5,6,82,4,57,249,57,187,1,10,0,255,0,212,0,85,0,36,0,17,0,12,0,11,
0,7,253,254,254,58,254,176,255,176,252,5,6,141,2,10,250,127,188,1,11,0,255,0,212,0,84,0,35,0,17,0,13,0,11,
0,237,252,12,255,79,254,176,255,176,252,5,6,211,3,33,250,52,192,1,10,0,255,0,212,0,84,0,36,0,17,0,12,0,11,
0,27,253,9,255,73,254,130,255,82,252,140,6,211,3,33,249,135,190,1,11,0,255,0,212,0,84,0,40,0,17,0,12,0,11,
0,27,253,9,255,73,254,130,255,82,252,140,6,168,4,157,249,135,190,1,10,0,255,0,212,0,84,0,39,0,18,0,12,0,11,
0,29,253,13,255,76,254,130,255,82,252,140,6,54,4,33,249,131,186,1,10,0,255,0,212,0,84,0,38,0,18,0,12,0,11,
0,33,253,32,255,72,254,130,255,82,252,140,6,212,2,210,249,117,188,1,11,0,255,0,212,0,84,0,37,0,18,0,13,0,11,
0,1,253,38,255,67,254,130,255,82,252,140,6,98,3,219,249,94,191,1,11,0,255,0,212,0,84,0,37,0,17,0,12,0,11,
0,1,253,38,255,67,254,130,255,82,252,140,6,98,3,219,249,94,191,1,11,0,255,0,211,0,84,0,37,0,18,0,13,0,11,
0,26,253,255,254,69,254,130,255,82,252,140,6,235,4,26,249,13,190,1,11,0,255,0,212,0,84,0,36,0,17,0,12,0,11,
0,40,253,4,255,49,254,130,255,82,252,140,6,139,4,1,249,217,186,1,11,0,255,0,211,0,84,0,36,0,17,0,13,0,11,
0,40,253,4,255,47,254,130,255,82,252,140,6,26,2,226,249,13,190,1,11,0,255,0,211,0,84,0,36,0,18,0,13,0,11,
0,25,253,30,255,47,254,130,255,82,252,140,6,26,2,188,249,35,192,1,11,0,255,0,210,0,83,0,35,0,17,0,12,0,11,
0,19,253,19,255,67,254,162,255,95,252,78,6,54,4,188,249,35,192,1,11,0,255,0,210,0,83,0,35,0,17,0,12,0,11,
0,15,253,20,255,51,254,162,255,95,252,78,6,2,4,210,248,21,188,1,11,0,255,0,209,0,83,0,35,0,18,0,13,0,11,
0,15,253,20,255,32,254,162,255,95,252,78,6,254,1,168,249,117,188,1,11,0,254,0,209,0,83,0,35,0,17,0,12,0,11,
0,18,253,50,255,32,254,162,255,95,252,78,6,156,3,210,249,66,191,1,11,0,254,0,209,0,83,0,35,0,17,0,13,0,11,
0,7,253,72,255,31,254,162,255,95,252,78,6,156,3,210,249,103,189,1,11,0,254,0,208,0,83,0,35,0,17,0,12,0,11,
0,2,253,80,255,36,254,162,255,95,252,78,6,199,3,100,249,103,189,1,11,0,255,0,208,0,82,0,35,0,17,0,12,0,11,
0,2,253,80,255,36,254,162,255,95,252,78,6,158,3,163,248,229,187,1,11,0,254,0,208,0,83,0,35,0,17,0,13,0,11,
0,242,252,93,255,23,254,162,255,95,252,78,6,89,2,121,249,123,189,1,11,0,254,0,207,0,82,0,35,0,16,0,12,0,11,
0,204,252,98,255,246,253,162,255,95,252,78,6,89,2,137,249,32,191,1,11,0,254,0,207,0,82,0,35,0,16,0,12,0,11,
0,195,252,65,255,231,253,162,255,95,252,78,6,200,2,137,249,32,191,1,11,0,254,0,207,0,82,0,35,0,15,0,12,0,11,
0,195,252,65,255,231,253,114,255,152,252,131,5,75,4,25,249,89,190,1,11,0,254,0,207,0,82,0,35,0,16,0,13,0,11,
0,214,252,42,255,221,253,114,255,152,252,131,5,164,3,226,248,161,188,1,12,0,255,0,207,0,81,0,34,0,16,0,12,0,11,
0,193,252,48,255,224,253,114,255,152,252,131,5,92,2,139,249,35,188,1,11,0,254,0,206,0,82,0,35,0,16,0,13,0,11,
0,193,252,48,255,231,253,114,255,152,252,131,5,92,2,139,249,245,190,1,11,0,254,0,206,0,82,0,34,0,16,0,12,0,11,
0,171,252,61,255,231,253,114,255,152,252,131,5,107,2,231,249,245,190,1,11,0,254,0,206,0,81,0,34,0,16,0,12,0,11,
0,177,252,59,255,242,253,114,255,152,252,131,5,77,4,90,249,1,190,1,12,0,254,0,206,0,81,0,34,0,16,0,12,0,11,
0,187,252,82,255,253,253,114,255,152,252,131,5,72,3,26,249,190,187,1,11,0,254,0,206,0,81,0,34,0,16,0,12,0,11,
0,187,252,82,255,224,253,114,255,152,252,131,5,93,2,123,249,104,188,1,11,0,253,0,206,0,81,0,34,0,16,0,12,0,11,
0,197,252,86,255,224,253,114,255,152,252,131,5,93,2,123,249,104,188,1,11,0,253,0,206,0,81,0,34,0,16,0,12,0,11,
0,178,252,74,255,210,253,114,255,152,252,131,5,68,3,248,249,149,191,1,12,0,253,0,206,0,81,0,33,0,15,0,11,0,10,
0,140,252,56,255,216,253,114,255,57,252,231,6,10,4,75,249,84,188,1,12,0,254,0,206,0,80,0,34,0,16,0,12,0,11,
0,140,252,56,255,216,253,172,255,57,252,231,6,36,3,90,249,73,188,1,12,0,254,0,206,0,80,0,33,0,15,0,12,0,10,
0,129,252,59,255,215,253,172,255,57,252,231,6,36,3,157,249,208,188,1,11,0,253,0,205,0,81,0,34,0,16,0,12,0,11,
0,124,252,45,255,223,253,172,255,57,252,231,6,206,2,157,249,208,188,0,238,1,12,0,218,0,82,0,34,0,18,0,12,0,11,
0,123,252,35,255,199,253,172,255,57,252,231,6,178,2,247,249,197,190,0,136,1,40,0,236,0,84,0,34,0,14,0,12,0,10,
0,123,252,35,255,199,253,172,255,57,252,231,6,120,3,6,242,4,207,0,136,1,77,1,80,0,98,0,37,0,18,0,13,0,12,
0,245,252,244,254,163,253,172,255,57,252,231,6,177,31,174,245,216,208,0,208,1,81,1,89,0,107,0,40,0,18,0,12,0,11,
0,150,254,125,254,113,252,172,255,57,252,231,6,177,31,174,245,5,225,1,72,1,84,1,90,0,117,0,42,0,20,0,14,0,12,
0,150,254,125,254,6,249,172,255,57,252,231,6,69,56,169,0,5,225,1,28,1,80,1,83,0,123,0,46,0,21,0,14,0,12,
0,104,0,102,254,6,249,172,255,57,252,231,6,45,62,185,241,20,7,0,132,1,59,1,45,0,123,0,48,0,19,0,13,0,11,
0,60,5,174,250,78,245,172,255,57,252,231,6,141,52,140,5,164,18,0,134,1,9,0,132,0,104,0,44,0,17,0,11,0,10,
0,50,13,235,241,70,243,100,255,191,252,180,5,141,52,46,50,32,18,0,135,0,160,0,132,0,90,0,41,0,15,0,10,0,9,
0,50,13,235,241,70,244,100,255,191,252,180,5,174,59,46,50,32,18,0,136,0,136,0,133,0,84,0,42,0,19,0,13,0,10,
0,36,19,161,232,37,244,100,255,191,252,180,5,21,53,191,71,134,9,0,136,0,136,0,134,0,78,0,41,0,20,0,14,0,11,
0,20,22,35,229,6,248,100,255,191,252,180,5,30,31,70,60,35,16,0,138,0,138,0,135,0,70,0,35,0,16,0,12,0,12,
0,72,23,64,231,93,254,100,255,191,252,180,5,242,16,29,33,205,30,0,141,0,150,0,136,0,65,0,33,0,17,0,13,0,13,
0,72,23,64,231,93,254,100,255,191,252,180,5,242,16,29,33,133,3,0,144,0,182,0,135,0,63,0,33,0,18,0,13,0,12,
0,194,24,164,233,204,4,100,255,191,252,180,5,62,15,198,15,133,3,0,150,0,183,0,134,0,59,0,30,0,16,0,12,0,11,
0,199,25,180,234,88,8,100,255,191,252,180,5,46,4,248,9,210,233,0,156,0,154,0,133,0,55,0,26,0,12,0,11,0,12,
0,239,24,181,235,208,8,100,255,191,252,180,5,138,251,125,14,209,215,0,162,0,136,0,132,0,54,0,25,0,13,0,11,0,10,
0,239,24,181,235,208,8,100,255,191,252,180,5,211,235,63,251,14,214,0,186,0,134,0,134,0,53,0,26,0,15,0,12,0,10,
0,222,20,71,238,151,7,255,255,55,253,109,6,211,235,63,251,14,214,0,200,0,133,0,133,0,51,0,23,0,12,0,10,0,10,
0,114,14,247,240,10,6,255,255,55,253,109,6,192,224,177,236,84,204,0,211,0,133,0,132,0,50,0,23,0,12,0,11,0,12,
0,114,14,247,240,63,5,255,255,55,253,109,6,109,220,70,221,215,199,0,223,0,134,0,133,0,50,0,23,0,13,0,12,0,11,
0,197,6,150,243,63,5,255,255,55,253,109,6,146,220,210,217,104,198,0,228,0,144,0,198,0,57,0,24,0,13,0,11,0,10,
0,115,255,75,246,219,4,255,255,55,253,109,6,146,220,210,220,129,197,0,231,1,60,1,82,0,75,0,27,0,15,0,12,0,13,
0,120,249,129,248,139,4,255,255,55,253,109,6,17,226,112,220,129,197,0,232,1,77,1,80,0,88,0,29,0,15,0,12,0,12,
0,120,249,129,248,139,4,255,255,55,253,109,6,123,233,70,225,33,197,0,228,1,75,1,78,0,100,0,34,0,15,0,11,0,10,
0,193,245,108,249,30,4,255,255,55,253,109,6,79,239,4,233,113,193,0,215,1,74,1,78,0,108,0,37,0,16,0,12,0,11,
0,166,244,57,248,109,3,255,255,55,253,109,6,38,244,235,238,2,185,0,201,1,73,1,77,0,113,0,38,0,14,0,11,0,11,
0,8,246,149,244,126,2,255,255,55,253,109,6,38,244,235,238,2,185,0,191,1,75,1,73,0,117,0,40,0,15,0,11,0,10,
0,8,246,149,244,126,2,129,0,200,252,83,7,207,247,237,247,133,178,0,174,1,72,1,69,0,124,0,46,0,20,0,13,0,11,
0,152,249,35,239,78,1,129,0,200,252,83,7,253,240,183,3,78,170,0,163,1,69,1,57,0,125,0,48,0,22,0,13,0,12,
0,197,254,146,233,101,1,129,0,200,252,83,7,26,242,190,3,66,156,0,159,1,67,1,29,0,122,0,47,0,20,0,12,0,11,
0,49,4,91,230,126,4,129,0,200,252,83,7,26,242,45,1,105,152,0,158,1,63,0,236,0,117,0,48,0,19,0,13,0,11,
0,49,4,91,230,126,4,129,0,200,252,83,7,226,235,45,1,105,152,0,158,1,61,0,165,0,107,0,49,0,22,0,14,0,11,
0,51,9,191,230,230,8,129,0,200,252,83,7,187,227,62,0,87,163,0,162,1,61,0,136,0,93,0,45,0,19,0,13,0,11,
0,211,12,25,233,25,12,129,0,200,252,83,7,198,226,71,255,223,174,0,171,1,63,0,132,0,83,0,36,0,17,0,13,0,11,
0,211,12,25,233,163,12,129,0,200,252,83,7,201,224,160,2,251,186,0,183,1,65,0,133,0,77,0,36,0,19,0,14,0,11,
0,59,15,26,236,163,12,129,0,200,252,83,7,201,224,160,2,197,194,0,195,1,63,0,132,0,72,0,35,0,18,0,13,0,11,
0,88,16,159,239,180,10,129,0,200,252,83,7,68,219,246,3,197,194,0,208,1,61,0,132,0,65,0,32,0,16,0,12,0,11,
0,31,16,239,243,214,7,225,0,84,253,246,5,86,217,74,3,252,201,0,221,1,54,0,134,0,61,0,30,0,15,0,12,0,11,
0,31,16,239,243,214,7,225,0,84,253,246,5,71,218,161,255,1,201,0,234,1,46,0,135,0,60,0,30,0,17,0,13,0,11,
0,250,14,12,249,77,5,225,0,84,253,246,5,71,218,95,252,233,198,0,247,1,36,0,136,0,57,0,28,0,16,0,13,0,11,
0,101,13,117,254,196,3,225,0,84,253,246,5,152,221,95,252,233,198,1,4,1,24,0,138,0,55,0,26,0,13,0,11,0,11,
0,241,11,65,3,149,2,225,0,84,253,246,5,179,228,83,251,214,198,1,17,1,13,0,147,0,55,0,26,0,16,0,13,0,12,
0,241,11,65,3,149,2,225,0,84,253,246,5,78,236,14,249,223,196,1,30,1,1,0,213,0,63,0,27,0,16,0,12,0,11,
0,141,10,253,6,218,1,225,0,84,253,246,5,221,243,202,245,210,195,1,45,0,245,1,86,0,81,0,30,0,16,0,13,0,12,
0,140,9,88,9,175,1,225,0,84,253,246,5,221,243,202,245,161,193,1,61,0,237,1,79,0,93,0,32,0,14,0,12,0,12,
0,44,9,25,10,197,1,225,0,84,253,246,5,209,249,60,242,161,193,1,69,0,233,1,75,0,103,0,35,0,16,0,12,0,11,
0,44,9,25,10,197,1,225,0,84,253,246,5,49,254,67,239,181,194,1,73,0,233,1,74,0,110,0,39,0,16,0,12,0,11,
0,30,9,70,9,35,2,225,0,84,253,246,5,212,3,150,239,200,195,1,67,0,233,1,72,0,116,0,41,0,17,0,13,0,12,
0,51,9,2,7,101,2,165,0,109,253,101,6,210,6,155,239,230,195,1,65,0,237,1,71,0,120,0,44,0,18,0,12,0,11,
0,51,9,2,7,132,2,165,0,109,253,101,6,210,6,155,239,230,195,1,63,0,242,1,70,0,125,0,47,0,20,0,13,0,11,
0,67,9,171,3,132,2,165,0,109,253,101,6,175,7,182,239,149,193,1,65,0,249,1,69,0,128,0,52,0,21,0,13,0,11,
0,2,9,107,0,71,2,165,0,109,253,101,6,173,6,209,240,19,192,1,95,1,0,1,69,0,130,0,52,0,21,0,13,0,11,
0,159,8,28,254,206,1,165,0,109,253,101,6,5,4,125,242,134,196,1,96,1,4,1,67,0,131,0,54,0,22,0,14,0,11,
0,159,8,28,254,206,1,165,0,109,253,101,6,5,4,125,244,112,199,1,76,1,9,1,67,0,134,0,55,0,23,0,14,0,11,
0,245,7,253,252,44,1,165,0,109,253,101,6,184,4,137,244,112,199,1,75,1,13,1,69,0,135,0,56,0,23,0,15,0,12,
0,66,7,51,253,119,0,165,0,109,253,101,6,156,6,64,244,181,199,1,75,1,15,1,69,0,136,0,60,0,23,0,13,0,11,
0,189,6,122,254,227,255,165,0,109,253,101,6,227,7,58,243,177,200,1,75,1,17,1,69,0,136,0,60,0,24,0,14,0,11,
0,189,6,122,254,227,255,165,0,109,253,101,6,90,10,99,242,124,201,1,73,1,16,1,68,0,137,0,62,0,27,0,16,0,12,
0,5,6,26,0,123,255,180,0,190,253,5,6,90,10,99,242,124,201,1,72,1,13,1,66,0,137,0,60,0,26,0,15,0,12,
0,244,4,118,1,117,255,180,0,190,253,5,6,147,12,227,239,252,200,1,72,1,9,1,65,0,136,0,59,0,25,0,15,0,12,
0,18,4,118,2,149,255,180,0,190,253,5,6,134,14,27,237,131,197,1,71,1,6,1,64,0,137,0,59,0,25,0,15,0,11,
0,18,4,141,2,149,255,180,0,190,253,5,6,52,17,123,234,169,195,1,70,1,4,1,63,0,137,0,61,0,29,0,16,0,12,
0,156,3,110,3,173,255,180,0,190,253,5,6,52,17,195,231,145,195,1,70,1,3,1,62,0,136,0,59,0,27,0,15,0,12,
0,246,2,199,3,219,255,180,0,190,253,5,6,72,17,195,231,145,195,1,69,1,4,1,60,0,136,0,60,0,27,0,16,0,12,
0,246,2,199,3,25,0,180,0,190,253,5,6,165,17,243,227,130,196,1,68,1,4,1,59,0,137,0,60,0,27,0,16,0,13,
0,146,2,96,3,25,0,180,0,190,253,5,6,59,17,143,224,245,192,1,68,1,5,1,57,0,136,0,59,0,27,0,16,0,12,
0,53,2,82,2,126,0,180,0,190,253,5,6,190,16,239,223,130,192,1,67,1,7,1,53,0,135,0,59,0,27,0,16,0,13,
0,243,1,251,0,222,0,180,0,190,253,5,6,190,16,239,223,88,193,1,67,1,8,1,47,0,133,0,58,0,24,0,15,0,12,
0,243,1,251,0,222,0,152,0,149,253,47,6,209,15,35,223,88,193,1,66,1,7,1,37,0,132,0,59,0,26,0,16,0,12,
0,185,1,127,255,65,1,152,0,149,253,47,6,42,14,123,221,18,193,1,65,1,5,1,25,0,129,0,58,0,27,0,16,0,13,
0,101,1,0,254,159,1,152,0,149,253,47,6,46,13,105,219,94,192,1,65,1,2,1,11,0,124,0,56,0,23,0,15,0,12,
0,21,1,151,252,209,1,152,0,149,253,47,6,46,13,90,217,120,191,1,65,0,254,0,250,0,119,0,55,0,27,0,16,0,12,
0,21,1,151,252,209,1,152,0,149,253,47,6,178,10,90,217,120,191,1,63,0,247,0,229,0,114,0,54,0,23,0,15,0,11,
0,188,0,42,251,200,1,152,0,149,253,47,6,34,9,224,216,61,191,1,63,0,240,0,204,0,108,0,52,0,23,0,15,0,12,
0,3,0,239,249,154,1,152,0,149,253,47,6,185,7,152,216,245,190,1,64,0,232,0,179,0,99,0,48,0,24,0,14,0,11,
0,80,255,239,248,83,1,152,0,149,253,47,6,155,7,251,215,155,192,1,63,0,222,0,155,0,90,0,46,0,23,0,14,0,11,
0,80,255,239,248,83,1,152,0,149,253,47,6,155,7,251,215,144,188,1,63,0,211,0,142,0,82,0,43,0,19,0,13,0,11,
0,122,254,242,247,249,0,152,0,149,253,47,6,85,7,60,215,144,188,1,62,0,199,0,137,0,75,0,40,0,19,0,13,0,11,
0,119,253,228,246,153,0,217,0,195,253,20,6,226,4,114,216,198,186,1,62,0,188,0,135,0,70,0,37,0,17,0,12,0,11,
0,119,253,228,246,33,0,217,0,195,253,20,6,157,2,95,219,71,186,1,62,0,178,0,134,0,65,0,34,0,17,0,13,0,11,
0,96,252,12,246,33,0,217,0,195,253,20,6,238,0,233,221,52,185,1,63,0,168,0,134,0,61,0,31,0,16,0,12,0,10,
0,120,251,199,245,173,255,217,0,195,253,20,6,238,0,233,221,52,185,1,63,0,160,0,134,0,57,0,29,0,14,0,12,0,10,
0,143,250,45,246,71,255,217,0,195,253,20,6,116,254,167,223,57,180,1,63,0,154,0,134,0,56,0,28,0,15,0,12,0,11,
0,143,250,45,246,71,255,217,0,195,253,20,6,122,251,60,226,161,178,1,63,0,149,0,134,0,55,0,27,0,14,0,12,0,11,
0,12,250,229,246,240,254,217,0,195,253,20,6,227,249,15,230,245,178,1,63,0,146,0,134,0,53,0,25,0,14,0,12,0,11,
0,169,249,165,247,141,254,217,0,195,253,20,6,227,249,155,232,28,177,1,63,0,144,0,134,0,51,0,24,0,12,0,11,0,11,
0,100,249,176,248,44,254,217,0,195,253,20,6,42,250,155,232,28,177,1,62,0,142,0,134,0,51,0,23,0,13,0,11,0,11,
0,100,249,176,248,44,254,217,0,195,253,20,6,137,249,183,234,211,173,1,62,0,141,0,134,0,49,0,23,0,12,0,11,0,10,
0,63,249,169,249,215,253,217,0,195,253,20,6,124,248,210,236,254,172,1,61,0,140,0,133,0,49,0,23,0,12,0,11,0,11,
0,105,249,163,250,157,253,6,1,99,253,102,6,73,247,61,239,217,173,1,61,0,140,0,133,0,49,0,22,0,12,0,11,0,11,
0,104,249,163,250,87,253,6,1,99,253,102,6,73,247,61,239,217,172,1,60,0,139,0,133,0,47,0,22,0,12,0,11,0,10,
0,104,249,154,251,87,253,6,1,99,253,102,6,94,247,139,241,87,172,1,59,0,139,0,133,0,47,0,21,0,11,0,10,0,10,
0,88,249,146,252,41,253,6,1,99,253,102,6,160,246,147,244,77,172,1,58,0,139,0,133,0,48,0,22,0,12,0,11,0,11,
0,105,249,110,253,6,253,6,1,99,253,102,6,167,246,139,246,97,172,1,57,0,139,0,134,0,47,0,22,0,11,0,11,0,11,
0,105,249,110,253,204,252,6,1,99,253,102,6,167,246,94,248,3,171,1,56,0,139,0,135,0,47,0,22,0,12,0,11,0,11,
0,130,249,77,254,204,252,6,1,99,253,102,6,55,245,94,248,3,171,1,55,0,140,0,136,0,47,0,21,0,11,0,11,0,10,
0,85,249,64,255,122,252,6,1,99,253,102,6,77,243,151,250,132,171,1,54,0,140,0,136,0,47,0,21,0,12,0,11,0,11,
0,28,249,137,0,117,252,6,1,99,253,102,6,203,241,73,252,156,170,1,52,0,141,0,136,0,47,0,21,0,11,0,10,0,10,
0,28,249,137,0,117,252,6,1,99,253,102,6,188,240,214,253,183,169,1,49,0,141,0,137,0,48,0,22,0,12,0,11,0,11,
0,46,249,2,2,115,252,204,0,98,253,158,6,188,240,214,253,245,170,1,47,0,142,0,137,0,48,0,22,0,12,0,11,0,11,
0,110,249,162,3,49,252,204,0,98,253,158,6,236,239,30,255,245,170,1,45,0,143,0,139,0,47,0,21,0,11,0,10,0,11,
0,128,249,89,5,247,251,204,0,98,253,158,6,14,241,207,255,220,170,1,41,0,144,0,139,0,49,0,22,0,12,0,11,0,11,
0,128,249,89,5,247,251,204,0,98,253,158,6,216,240,1,1,133,169,1,37,0,145,0,141,0,48,0,22,0,12,0,11,0,11,
0,169,249,254,6,186,251,204,0,98,253,158,6,216,240,81,2,40,171,1,31,0,147,0,143,0,50,0,22,0,12,0,11,0,11,
0,238,249,110,8,199,251,204,0,98,253,158,6,142,240,81,2,40,171,1,26,0,148,0,146,0,50,0,22,0,14,0,11,0,11,
0,238,250,110,8,43,252,204,0,98,253,158,6,17,240,250,3,111,174,1,22,0,151,0,154,0,51,0,22,0,13,0,11,0,11,
0,47,250,148,9,43,252,204,0,98,253,158,6,63,238,30,7,133,173,1,17,0,153,0,172,0,54,0,23,0,11,0,11,0,11,
0,209,250,165,10,247,252,204,0,98,253,158,6,3,236,178,7,211,171,1,11,0,156,0,203,0,60,0,24,0,12,0,11,0,11,
0,150,251,184,11,0,254,204,0,98,253,158,6,3,236,178,7,47,176,1,3,0,159,0,243,0,68,0,26,0,14,0,12,0,11,
0,150,251,184,11,102,254,203,0,65,253,49,6,155,233,2,7,47,176,0,252,0,161,1,34,0,80,0,29,0,14,0,12,0,11,
0,77,252,74,13,102,254,203,0,65,253,49,6,96,232,109,8,254,178,0,247,0,164,1,68,0,91,0,31,0,13,0,11,0,11,
0,235,252,49,15,132,254,203,0,65,253,49,6,111,233,159,8,6,179,0,242,0,165,1,70,0,100,0,33,0,14,0,11,0,11,
0,108,253,43,17,157,254,203,0,65,253,49,6,50,234,233,7,11,176,0,236,0,165,1,69,0,108,0,38,0,16,0,12,0,11,
0,108,253,43,17,157,254,203,0,65,253,49,6,50,234,233,7,11,176,0,231,0,166,1,69,0,114,0,40,0,16,0,12,0,11,
0,199,253,46,19,162,254,203,0,65,253,49,6,142,234,167,8,73,178,0,226,0,166,1,68,0,118,0,43,0,17,0,12,0,11,
0,58,254,1,21,121,254,203,0,65,253,49,6,90,236,117,9,166,181,0,222,0,166,1,67,0,122,0,45,0,18,0,12,0,11,
0,150,254,157,22,53,254,203,0,65,253,49,6,65,238,109,9,248,182,0,217,0,165,1,67,0,125,0,47,0,19,0,13,0,11,
0,150,254,157,22,53,254,203,0,65,253,49,6,65,238,174,8,223,181,0,212,0,164,1,68,0,127,0,48,0,19,0,12,0,10,
0,14,255,15,24,243,253,203,0,65,253,49,6,159,240,174,8,223,181,0,208,0,163,1,67,0,129,0,51,0,20,0,13,0,11,
0,180,255,19,25,141,253,87,0,100,253,61,6,167,241,63,7,106,180,0,204,0,162,1,67,0,131,0,52,0,20,0,13,0,11,
0,180,255,19,25,73,253,87,0,100,253,61,6,9,243,3,6,252,183,0,198,0,161,1,67,0,132,0,53,0,22,0,13,0,11,
0,254,255,197,25,73,253,87,0,100,253,61,6,99,245,147,4,1,187,0,192,0,161,1,67,0,133,0,54,0,22,0,14,0,11,
0,74,0,45,26,11,253,87,0,100,253,61,6,99,245,147,4,147,183,0,186,0,161,1,66,0,134,0,49,0,21,0,14,0,12,
0,143,0,105,26,178,252,87,0,100,253,61,6,223,247,205,1,147,183,0,180,0,161,1,65,0,135,0,52,0,22,0,14,0,12,
0,143,0,105,26,89,252,87,0,100,253,61,6,219,247,166,0,124,182,0,174,0,163,1,64,0,136,0,54,0,23,0,15,0,12,
0,153,0,166,26,89,252,87,0,100,253,61,6,158,248,56,0,155,185,0,169,0,165,1,63,0,135,0,54,0,24,0,15,0,12,
0,140,0,252,26,221,251,87,0,100,253,61,6,158,248,119,254,113,187,0,163,0,167,1,63,0,136,0,56,0,25,0,16,0,12,
0,101,0,111,27,98,251,87,0,100,253,61,6,125,252,119,254,113,187,0,158,0,169,1,63,0,136,0,56,0,24,0,15,0,12,
0,101,0,111,27,98,251,87,0,100,253,61,6,145,254,16,253,1,185,0,153,0,171,1,62,0,136,0,57,0,25,0,16,0,12,
0,35,0,194,27,250,250,87,0,100,253,61,6,43,1,133,252,235,184,0,150,0,173,1,60,0,136,0,57,0,25,0,16,0,13,
0,212,255,199,27,138,250,163,255,240,252,247,6,213,4,51,252,88,187,0,147,0,175,1,60,0,135,0,57,0,25,0,15,0,12,
0,214,255,122,27,82,250,163,255,240,252,247,6,213,4,51,252,105,189,0,145,0,177,1,60,0,136,0,59,0,26,0,16,0,12,
0,214,255,122,27,82,250,163,255,240,252,247,6,17,8,47,251,105,189,0,143,0,178,1,60,0,135,0,58,0,25,0,15,0,12,
0,223,255,248,26,30,250,163,255,240,252,247,6,222,11,36,249,2,187,0,141,0,178,1,59,0,136,0,59,0,26,0,16,0,12,
0,166,255,35,26,214,249,163,255,240,252,247,6,252,12,206,247,62,184,0,139,0,179,1,59,0,136,0,59,0,26,0,16,0,12,
0,166,255,35,26,193,249,163,255,240,252,247,6,208,13,147,247,103,187,0,139,0,179,1,58,0,135,0,58,0,25,0,15,0,12,
0,123,255,17,25,193,249,163,255,240,252,247,6,208,13,147,247,103,187,0,138,0,180,1,58,0,134,0,58,0,26,0,16,0,12,
0,48,255,10,24,157,249,163,255,240,252,247,6,109,16,126,246,88,189,0,138,0,180,1,57,0,134,0,57,0,25,0,15,0,11,
0,205,254,37,23,155,249,163,255,240,252,247,6,19,19,37,245,3,185,0,137,0,180,1,56,0,134,0,58,0,26,0,16,0,12,
0,205,254,37,23,158,249,163,255,240,252,247,6,103,19,17,245,204,184,0,137,0,181,1,55,0,134,0,58,0,26,0,16,0,12,
0,180,254,40,22,158,249,237,254,94,253,64,6,103,19,238,245,129,187,0,137,0,182,1,55,0,133,0,57,0,25,0,15,0,11,
0,111,254,16,21,116,249,237,254,94,253,64,6,239,20,238,245,129,187,0,137,0,183,1,55,0,133,0,58,0,25,0,16,0,12,
0,22,254,16,20,122,249,237,254,94,253,64,6,112,24,208,245,237,187,0,137,0,185,1,54,0,133,0,57,0,25,0,15,0,11,
0,22,254,16,20,122,249,237,254,94,253,64,6,85,26,155,245,30,184,0,137,0,185,1,52,0,133,0,58,0,25,0,16,0,12,
0,162,253,25,19,138,249,237,254,94,253,64,6,54,25,250,246,14,185,0,136,0,187,1,51,0,132,0,62,0,26,0,15,0,12,
0,100,253,249,17,168,249,237,254,94,253,64,6,54,25,250,246,14,185,0,137,0,189,1,51,0,132,0,60,0,26,0,15,0,11,
0,123,253,172,16,200,249,237,254,94,253,64,6,35,27,238,247,193,188,0,137,0,191,1,49,0,131,0,60,0,26,0,15,0,12,
0,123,253,172,16,200,249,237,254,94,253,64,6,32,29,213,247,12,187,0,137,0,192,1,47,0,130,0,58,0,23,0,15,0,11,
0,201,253,134,15,222,249,237,254,94,253,64,6,226,28,62,248,56,185,0,137,0,193,1,44,0,130,0,58,0,25,0,15,0,12,
0,248,253,131,14,2,250,237,254,94,253,64,6,226,28,70,249,45,187,0,137,0,195,1,42,0,129,0,58,0,25,0,16,0,12,
0,248,253,131,14,63,250,79,254,75,253,254,5,206,28,70,249,45,187,0,137,0,197,1,40,0,128,0,60,0,25,0,15,0,11,
0,43,254,119,13,63,250,79,254,75,253,254,5,169,28,235,249,8,189,0,137,0,199,1,37,0,127,0,59,0,25,0,16,0,12,
0,116,254,106,12,164,250,79,254,75,253,254,5,215,29,149,250,105,192,0,138,0,201,1,34,0,126,0,57,0,24,0,15,0,11,
0,232,254,81,11,240,250,79,254,75,253,254,5,111,30,125,250,57,189,0,138,0,201,1,30,0,126,0,57,0,27,0,16,0,12,
0,232,254,81,11,240,251,79,254,75,253,254,5,111,30,125,250,165,187,0,138,0,203,1,27,0,124,0,56,0,26,0,16,0,12,
0,67,255,86,10,71,251,79,254,75,253,254,5,7,29,70,251,165,187,0,139,0,204,1,23,0,122,0,55,0,25,0,15,0,12,
0,171,255,80,9,148,251,79,254,75,253,254,5,69,28,241,251,133,191,0,140,0,205,1,20,0,120,0,54,0,24,0,15,0,11,
0,231,255,107,8,246,251,79,254,75,253,254,5,227,29,252,250,5,193,0,140,0,205,1,16,0,119,0,54,0,25,0,16,0,12,
0,231,255,107,8,246,251,79,254,75,253,254,5,227,28,60,250,118,191,0,140,0,204,1,11,0,118,0,53,0,22,0,14,0,11,
0,37,0,99,7,71,252,79,254,75,253,254,5,221,28,60,250,118,191,0,141,0,204,1,8,0,116,0,52,0,22,0,14,0,12,
0,77,0,31,6,129,252,110,254,75,253,9,6,222,27,2,250,77,190,0,141,0,203,1,4,0,114,0,51,0,22,0,14,0,11,
0,68,0,13,5,199,252,110,254,75,253,9,6,155,26,231,249,7,193,0,142,0,203,1,0,0,112,0,50,0,22,0,14,0,11,
0,68,0,13,5,199,252,110,254,75,253,9,6,120,26,114,249,94,194,0,142,0,201,0,252,0,111,0,50,0,24,0,15,0,12,
0,43,0,15,4,33,253,110,254,75,253,9,6,120,26,114,249,185,193,0,143,0,200,0,249,0,109,0,49,0,23,0,14,0,12,
0,239,255,36,3,95,253,110,254,75,253,9,6,58,27,202,248,185,193,0,144,0,198,0,247,0,107,0,48,0,23,0,15,0,12,
0,239,255,36,3,154,253,110,254,75,253,9,6,61,26,26,248,242,191,0,144,0,197,0,246,0,106,0,47,0,22,0,14,0,11,
0,170,255,250,1,154,253,110,254,75,253,9,6,43,25,29,248,98,192,0,144,0,196,0,245,0,105,0,47,0,22,0,14,0,12,
0,121,255,199,0,192,253,110,254,75,253,9,6,225,24,101,248,194,193,0,145,0,195,0,244,0,104,0,46,0,21,0,14,0,11,
0,61,255,213,255,6,254,110,254,75,253,9,6,225,24,101,248,194,193,0,145,0,193,0,244,0,103,0,46,0,21,0,14,0,11,
0,61,255,213,255,6,254,110,254,75,253,9,6,253,23,102,248,205,193,0,145,0,193,0,244,0,102,0,45,0,21,0,14,0,11,
0,253,254,218,254,63,254,110,254,75,253,26,5,156,23,170,247,1,193,0,145,0,192,0,245,0,102,0,44,0,20,0,14,0,11,
0,167,254,222,253,72,254,6,254,133,253,26,5,120,22,223,247,199,192,0,145,0,191,0,246,0,102,0,45,0,21,0,14,0,12,
0,146,254,23,253,95,254,6,254,133,253,26,5,120,22,129,247,18,193,0,146,0,191,0,247,0,101,0,44,0,20,0,13,0,11,
0,146,254,23,253,95,254,6,254,133,253,26,5,114,21,129,247,18,193,0,145,0,191,0,247,0,102,0,44,0,21,0,14,0,11,
0,65,254,113,252,131,254,6,254,133,253,26,5,60,21,34,247,246,190,0,146,0,191,0,249,0,101,0,43,0,20,0,13,0,11,
0,218,253,244,251,150,254,6,254,133,253,26,5,142,19,136,247,254,191,0,146,0,192,0,250,0,101,0,43,0,19,0,13,0,11,
0,173,253,97,251,176,254,6,254,133,253,26,5,84,19,250,247,131,194,0,146,0,193,0,251,0,102,0,43,0,20,0,14,0,11,
0,173,253,97,251,176,254,6,254,133,253,26,5,84,19,250,247,131,193,0,146,0,194,0,252,0,101,0,42,0,19,0,13,0,11,
0,115,253,222,250,186,254,6,254,133,253,26,5,26,20,102,247,21,193,0,145,0,195,0,253,0,103,0,43,0,20,0,13,0,11,
0,61,253,84,250,216,254,6,254,133,253,26,5,128,19,159,247,204,191,0,145,0,196,0,253,0,103,0,43,0,20,0,13,0,11,
0,61,253,84,250,17,255,6,254,133,253,26,5,73,18,59,248,183,190,0,146,0,197,0,254,0,102,0,43,0,19,0,13,0,11,
0,18,253,184,249,17,255,127,254,26,253,178,6,73,18,83,248,253,191,0,145,0,198,0,254,0,104,0,44,0,20,0,14,0,11,
0,34,253,12,249,31,255,127,254,26,253,178,6,234,16,83,248,253,191,0,146,0,199,0,255,0,104,0,43,0,20,0,13,0,11,
0,235,252,94,248,56,255,127,254,26,253,178,6,149,16,36,248,181,193,0,146,0,200,0,255,0,104,0,44,0,20,0,14,0,11,
0,235,252,94,248,56,255,127,254,26,253,178,6,229,16,48,248,245,192,0,147,0,200,0,255,0,104,0,43,0,19,0,13,0,11,
0,174,252,206,247,101,255,127,254,26,253,178,6,123,15,207,247,3,190,0,147,0,201,0,254,0,104,0,43,0,20,0,14,0,11,
0,106,252,144,247,122,255,127,254,26,253,178,6,123,15,207,247,153,189,0,147,0,203,0,255,0,104,0,44,0,20,0,13,0,11,
0,81,252,113,247,162,255,127,254,26,253,178,6,134,14,112,247,153,189,0,148,0,203,0,254,0,105,0,44,0,21,0,14,0,12,
0,81,252,113,247,162,255,127,254,26,253,178,6,98,13,71,248,252,191,0,148,0,204,0,255,0,105,0,45,0,20,0,14,0,11,
0,109,252,59,247,192,255,127,254,26,253,178,6,47,14,236,247,94,192,0,149,0,206,0,255,0,105,0,44,0,21,0,14,0,12,
0,98,252,190,246,190,255,127,254,26,253,178,6,120,14,109,247,43,191,0,150,0,207,0,255,0,104,0,44,0,20,0,13,0,11,
0,71,252,86,246,173,255,208,254,30,253,54,6,120,14,109,247,43,191,0,151,0,208,0,255,0,104,0,45,0,20,0,13,0,11,
0,71,252,86,246,173,255,208,254,30,253,54,6,143,13,60,248,100,190,0,152,0,209,1,0,0,105,0,45,0,19,0,13,0,11,
0,34,252,249,245,197,255,208,254,30,253,54,6,238,12,53,248,133,190,0,154,0,210,1,1,0,105,0,45,0,19,0,13,0,11,
0,18,252,157,245,232,255,208,254,30,253,54,6,54,12,101,248,168,190,0,155,0,211,1,1,0,105,0,45,0,20,0,13,0,11,
0,18,252,157,245,247,255,208,254,30,253,54,6,54,12,101,248,68,191,0,157,0,213,1,2,0,105,0,44,0,19,0,13,0,11,
0,13,252,79,245,247,255,208,254,30,253,54,6,171,11,85,248,68,191,0,159,0,214,1,2,0,106,0,45,0,20,0,14,0,11,
0,31,252,14,245,228,255,208,254,30,253,54,6,68,11,216,247,89,190,0,161,0,215,1,3,0,106,0,44,0,19,0,13,0,11,
0,38,252,234,244,216,255,208,254,30,253,54,6,67,10,149,247,179,188,0,163,0,215,1,3,0,106,0,45,0,20,0,13,0,11,
0,38,252,234,244,216,255,208,254,30,253,54,6,186,9,175,247,93,190,0,164,0,217,1,3,0,106,0,45,0,20,0,13,0,11,
0,17,252,238,244,229,255,208,254,30,253,54,6,186,9,175,247,93,190,0,167,0,219,1,4,0,106,0,45,0,19,0,13,0,11,
0,3,252,219,244,236,255,228,254,7,253,246,5,159,9,233,247,101,190,0,168,0,219,1,4,0,107,0,45,0,20,0,14,0,11,
0,5,252,218,244,202,255,228,254,7,253,246,5,192,8,126,247,239,189,0,170,0,221,1,4,0,107,0,45,0,20,0,13,0,11,
0,5,252,218,244,202,255,228,254,7,253,246,5,100,9,186,247,112,190,0,171,0,222,1,3,0,107,0,46,0,20,0,13,0,11,
0,211,251,239,244,204,255,228,254,7,253,246,5,100,9,179,247,143,188,0,173,0,223,1,3,0,107,0,46,0,20,0,14,0,11,
0,230,251,196,244,221,255,228,254,7,253,246,5,147,9,179,247,143,188,0,175,0,223,1,3,0,107,0,45,0,20,0,13,0,11,
0,226,251,196,244,226,255,228,254,7,253,246,5,65,8,243,247,38,188,0,176,0,224,1,2,0,107,0,45,0,20,0,14,0,12,
0,226,251,165,244,226,255,228,254,7,253,246,5,74,7,92,248,118,188,0,178,0,225,1,2,0,106,0,45,0,20,0,13,0,11,
0,245,251,137,244,200,255,228,254,7,253,246,5,8,7,66,248,149,190,0,179,0,225,1,2,0,107,0,46,0,20,0,14,0,12,
0,244,251,136,244,169,255,228,254,7,253,246,5,8,7,66,248,236,188,0,180,0,225,1,1,0,107,0,46,0,20,0,13,0,11,
0,244,251,136,244,181,255,228,254,7,253,246,5,156,6,218,247,236,188,0,181,0,227,1,1,0,107,0,45,0,20,0,13,0,11,
0,233,251,150,244,181,255,51,255,3,253,252,6,135,5,47,247,102,187,0,181,0,227,1,1,0,106,0,40,0,19,0,14,0,12,
0,228,251,143,244,159,255,51,255,3,253,252,6,4,5,215,247,145,187,0,182,0,228,1,1,0,106,0,41,0,18,0,13,0,11,
0,178,251,213,244,162,255,51,255,3,253,252,6,4,5,50,248,217,187,0,182,0,229,1,1,0,107,0,42,0,19,0,14,0,12,
0,178,251,213,244,162,255,51,255,3,253,252,6,6,3,50,248,217,187,0,182,0,230,1,1,0,106,0,43,0,19,0,13,0,11,
0,143,251,26,245,145,255,51,255,3,253,252,6,120,3,46,248,195,189,0,183,0,232,1,1,0,106,0,43,0,19,0,13,0,11,
0,141,251,103,245,100,255,51,255,3,253,252,6,153,4,187,247,179,188,0,182,0,232,1,0,0,106,0,44,0,19,0,13,0,11,
0,190,251,129,245,98,255,51,255,3,253,252,6,92,3,214,247,60,185,0,182,0,233,1,0,0,105,0,43,0,19,0,13,0,11,
0,190,251,129,245,98,255,51,255,3,253,252,6,92,3,214,247,213,187,0,182,0,233,1,0,0,106,0,44,0,19,0,13,0,11,
0,199,251,175,245,118,255,51,255,3,253,252,6,138,1,164,248,213,187,0,181,0,235,0,255,0,106,0,44,0,21,0,14,0,11,
0,189,251,243,245,127,255,51,255,3,253,252,6,180,1,101,248,51,190,0,180,0,236,0,255,0,105,0,44,0,20,0,13,0,11,
0,228,251,243,246,146,255,51,255,3,253,252,6,127,2,208,247,144,187,0,179,0,236,0,254,0,106,0,45,0,21,0,14,0,12,
0,228,251,66,246,146,255,39,255,37,253,214,5,13,1,227,247,131,186,0,178,0,238,0,254,0,105,0,44,0,20,0,13,0,11,
0,231,251,144,246,122,255,39,255,37,253,214,5,13,1,227,247,131,186,0,177,0,238,0,252,0,105,0,44,0,20,0,14,0,11,
0,232,251,249,246,97,255,39,255,37,253,214,5,187,254,124,248,37,188,0,176,0,239,0,251,0,104,0,45,0,21,0,14,0,12,
0,232,251,249,246,76,255,39,255,37,253,214,5,169,255,9,248,229,190,0,175,0,240,0,250,0,104,0,44,0,20,0,14,0,11,
0,10,252,89,247,76,255,39,255,37,253,214,5,101,255,157,247,72,186,0,173,0,240,0,249,0,104,0,45,0,21,0,14,0,12,
0,243,251,184,247,59,255,39,255,37,253,214,5,101,255,244,247,205,185,0,173,0,242,0,248,0,103,0,44,0,20,0,13,0,11,
0,248,251,9,248,37,255,39,255,37,253,214,5,227,253,244,247,205,185,0,171,0,242,0,247,0,103,0,44,0,20,0,14,0,11,
0,248,251,9,248,37,255,39,255,37,253,214,5,216,253,245,248,1,188,0,170,0,243,0,247,0,102,0,44,0,20,0,13,0,11,
0,238,251,123,248,19,255,39,255,37,253,214,5,186,253,10,249,212,188,0,168,0,244,0,246,0,102,0,43,0,20,0,13,0,11,
0,12,252,190,248,4,255,39,255,37,253,214,5,88,254,226,248,119,187,0,168,0,244,0,245,0,101,0,44,0,20,0,14,0,12,
0,26,252,33,249,12,255,103,255,15,253,67,6,88,254,226,248,119,187,0,166,0,245,0,245,0,101,0,43,0,19,0,13,0,11,
0,26,252,33,249,12,255,103,255,15,253,67,6,93,253,139,248,244,185,0,164,0,245,0,244,0,101,0,47,0,21,0,13,0,11,
0,236,251,167,249,246,254,103,255,15,253,67,6,159,251,233,248,189,185,0,163,0,245,0,244,0,101,0,47,0,21,0,13,0,11,
0,252,251,48,250,234,254,103,255,15,253,67,6,110,251,119,249,50,189,0,162,0,246,0,244,0,100,0,45,0,20,0,13,0,11,
0,6,252,48,250,195,254,103,255,15,253,67,6,110,251,182,248,121,186,0,160,0,246,0,244,0,100,0,45,0,21,0,14,0,11,
0,6,252,170,250,195,254,103,255,15,253,67,6,253,252,182,248,121,186,0,160,0,247,0,244,0,99,0,44,0,20,0,13,0,11,
0,1,252,46,251,167,254,103,255,15,253,67,6,186,251,229,248,119,184,0,158,0,247,0,244,0,100,0,44,0,21,0,14,0,12,
0,221,251,168,251,139,254,103,255,15,253,67,6,217,250,85,249,100,185,0,157,0,248,0,245,0,100,0,43,0,20,0,13,0,11,
0,221,251,168,251,140,254,103,255,15,253,67,6,166,251,189,249,57,188,0,156,0,249,0,246,0,100,0,43,0,20,0,13,0,11,
0,211,251,36,252,140,254,103,255,15,253,67,6,166,251,189,249,194,185,0,155,0,249,0,246,0,100,0,43,0,20,0,14,0,12,
0,251,251,152,252,118,254,195,255,195,252,6,6,34,253,251,248,194,185,0,154,0,250,0,247,0,100,0,43,0,19,0,13,0,11,
0,13,252,56,253,116,254,195,255,195,252,6,6,234,251,226,249,237,183,0,153,0,250,0,247,0,100,0,43,0,20,0,13,0,11,
0,13,252,56,253,116,254,195,255,195,252,6,6,232,250,73,250,220,184,0,152,0,251,0,248,0,101,0,43,0,20,0,14,0,12,
0,13,252,160,253,122,254,195,255,195,252,6,6,232,251,76,250,65,187,0,152,0,252,0,249,0,100,0,42,0,19,0,13,0,11,
0,0,252,4,254,91,254,195,255,195,252,6,6,163,251,76,250,65,187,0,151,0,251,0,249,0,101,0,43,0,20,0,14,0,12,
0,23,252,150,254,58,254,195,255,195,252,6,6,224,252,55,250,162,185,0,150,0,252,0,251,0,101,0,43,0,19,0,13,0,11,
0,23,252,150,254,58,254,195,255,195,252,6,6,189,252,233,249,190,182,0,149,0,252,0,251,0,102,0,43,0,20,0,13,0,11,
0,22,252,240,254,19,254,195,255,195,252,6,6,231,251,47,250,49,184,0,149,0,253,0,251,0,102,0,43,0,20,0,14,0,12,
0,254,251,115,255,239,253,195,255,195,252,6,6,231,251,47,250,186,186,0,148,0,254,0,253,0,102,0,43,0,19,0,13,0,12,
0,254,251,115,255,207,253,195,255,195,252,6,6,58,252,201,250,186,186,0,148,0,253,0,253,0,103,0,44,0,20,0,14,0,12,
0,238,251,236,255,207,253,131,255,245,252,190,5,30,254,39,250,162,185,0,148,0,254,0,255,0,103,0,43,0,20,0,13,0,11,
0,243,251,150,0,203,253,131,255,245,252,190,5,155,253,36,250,175,184,0,147,0,255,1,0,0,104,0,44,0,18,0,13,0,11,
0,9,252,22,1,174,253,131,255,245,252,190,5,41,254,101,250,97,184,0,146,0,254,1,1,0,104,0,44,0,19,0,13,0,11,
0,9,252,22,1,167,253,131,255,245,252,190,5,41,254,101,250,97,184,0,146,0,255,1,4,0,104,0,43,0,18,0,13,0,12,
0,21,252,68,1,167,253,131,255,245,252,190,5,122,254,117,250,180,184,0,146,0,255,1,5,0,105,0,44,0,19,0,13,0,11,
0,5,252,129,1,155,253,131,255,245,252,190,5,194,253,176,250,105,185,0,146,1,0,1,8,0,106,0,43,0,19,0,13,0,11,
0,1,252,165,1,139,253,131,255,245,252,190,5,223,254,105,250,38,186,0,145,1,0,1,9,0,107,0,45,0,19,0,13,0,11,
0,1,252,165,1,139,253,131,255,245,252,190,5,223,254,89,250,140,185,0,145,1,0,1,11,0,108,0,45,0,20,0,13,0,11,
0,40,252,239,1,122,253,131,255,245,252,190,5,193,255,89,250,140,185,0,145,1,1,1,13,0,108,0,45,0,19,0,13,0,12,
0,80,252,81,2,121,253,131,255,245,252,190,5,2,0,246,249,96,184,0,145,1,1,1,15,0,110,0,46,0,20,0,13,0,11,
0,90,252,180,2,108,253,131,255,245,252,190,5,189,255,33,250,45,185,0,145,1,2,1,17,0,110,0,45,0,21,0,13,0,11,
0,90,252,180,2,108,253,127,255,192,252,65,6,176,0,218,249,177,186,0,145,1,2,1,19,0,111,0,46,0,22,0,14,0,11,
0,76,252,235,2,91,253,127,255,192,252,65,6,176,0,218,249,177,187,0,145,1,3,1,21,0,112,0,47,0,22,0,14,0,12,
0,105,252,251,2,77,253,127,255,192,252,65,6,5,2,228,249,34,187,0,145,1,4,1,23,0,113,0,47,0,21,0,14,0,12,
0,105,252,251,2,84,253,127,255,192,252,65,6,42,2,95,249,225,185,0,144,1,4,1,25,0,114,0,48,0,22,0,14,0,12,
0,118,252,56,3,84,253,127,255,192,252,65,6,139,2,41,249,205,185,0,145,1,4,1,27,0,114,0,47,0,21,0,14,0,11,
0,114,252,86,3,97,253,127,255,192,252,65,6,139,2,24,249,139,186,0,144,1,4,1,28,0,116,0,48,0,22,0,14,0,11,
0,66,252,104,3,69,253,127,255,192,252,65,6,149,2,24,249,139,186,0,145,1,4,1,30,0,117,0,49,0,22,0,14,0,12,
0,66,252,104,3,50,253,127,255,192,252,65,6,53,3,68,249,133,188,0,145,1,5,1,32,0,117,0,49,0,20,0,14,0,12,
0,63,252,126,3,50,253,127,255,192,252,65,6,18,4,100,248,196,186,0,145,1,5,1,33,0,119,0,50,0,21,0,14,0,12,
0,49,252,102,3,67,253,127,255,192,252,65,6,31,3,6,248,225,185,0,145,1,5,1,34,0,119,0,50,0,20,0,13,0,11,
0,38,252,77,3,101,253,108,255,207,252,68,6,31,3,6,248,158,187,0,145,1,6,1,34,0,120,0,51,0,22,0,14,0,11,
0,38,252,77,3,101,253,108,255,207,252,68,6,144,3,254,247,158,187,0,135,1,16,1,43,0,121,0,51,0,22,0,14,0,12,
0,26,252,98,3,124,253,108,255,207,252,68,6,99,252,236,211,160,181,0,147,1,36,1,59,0,124,0,51,0,23,0,14,0,11,
0,95,252,114,3,77,253,108,255,207,252,68,6,138,32,90,44,53,214,1,90,1,66,1,80,0,130,0,54,0,26,0,16,0,12,
0,23,253,24,3,147,252,108,255,207,252,68,6,107,38,205,4,29,215,0,173,1,81,1,85,0,131,0,54,0,23,0,14,0,11,
0,23,253,24,3,147,252,108,255,207,252,68,6,107,38,205,4,29,215,0,133,1,79,1,85,0,134,0,54,0,23,0,13,0,10,
0,87,254,57,2,147,251,108,255,207,252,68,6,232,16,12,185,34,205,0,134,1,81,1,82,0,137,0,57,0,25,0,16,0,12,
0,122,2,50,255,8,251,108,255,207,252,68,6,218,26,165,242,230,244,0,134,1,81,1,72,0,138,0,58,0,22,0,14,0,11,
0,122,2,50,255,15,251,108,255,207,252,68,6,1,41,159,38,55,25,0,136,1,76,1,40,0,134,0,57,0,22,0,13,0,10,
0,145,9,171,249,15,251,108,255,207,252,68,6,1,41,159,59,66,17,0,136,1,57,0,225,0,124,0,55,0,23,0,14,0,12,
0,82,17,126,244,227,251,62,255,41,253,179,5,192,30,109,59,66,17,0,136,1,7,0,148,0,109,0,52,0,24,0,14,0,12,
0,246,21,197,241,226,255,62,255,41,253,179,5,116,7,152,64,185,13,0,138,0,193,0,134,0,98,0,51,0,23,0,15,0,12,
0,246,21,197,241,226,7,62,255,41,253,179,5,16,250,247,47,246,34,0,139,0,180,0,134,0,88,0,48,0,23,0,15,0,13,
0,26,23,255,239,78,7,62,255,41,253,179,5,150,5,138,25,166,2,0,138,0,204,0,134,0,80,0,43,0,22,0,16,0,15,
0,142,23,57,238,82,14,62,255,41,253,179,5,150,5,138,25,166,2,0,138,0,215,0,135,0,73,0,40,0,20,0,14,0,13,
0,2,23,202,239,198,17,62,255,41,253,179,5,1,14,231,30,225,245,0,139,0,166,0,133,0,69,0,38,0,20,0,14,0,12,
0,2,23,202,239,198,17,62,255,41,253,179,5,163,241,200,46,79,227,0,140,0,134,0,133,0,63,0,34,0,17,0,13,0,11,
0,97,20,183,244,34,16,62,255,41,253,179,5,238,235,58,40,179,216,0,142,0,133,0,132,0,59,0,30,0,15,0,12,0,11,
0,137,14,31,250,91,11,62,255,41,253,179,5,238,235,151,13,5,196,0,150,0,133,0,132,0,57,0,29,0,15,0,12,0,10,
0,68,6,156,255,83,5,62,255,41,253,179,5,17,243,151,13,5,196,0,163,0,133,0,132,0,54,0,27,0,14,0,12,0,10,
0,68,6,156,255,83,5,199,255,210,252,126,6,153,241,48,230,150,179,0,179,0,134,0,133,0,52,0,25,0,13,0,12,0,12,
0,48,254,51,5,247,255,199,255,210,252,126,6,16,1,109,231,3,186,0,201,0,136,0,144,0,53,0,25,0,16,0,13,0,12,
0,52,247,92,10,18,253,199,255,210,252,126,6,192,4,86,227,42,184,0,224,0,217,1,87,0,75,0,28,0,16,0,13,0,12,
0,52,247,92,10,128,252,199,255,210,252,126,6,192,4,86,227,143,190,0,235,1,82,1,83,0,88,0,31,0,16,0,13,0,13,
0,194,241,103,13,128,252,199,255,210,252,126,6,44,5,102,228,143,190,0,238,1,79,1,82,0,98,0,32,0,15,0,11,0,11,
0,42,239,58,12,144,253,199,255,210,252,126,6,114,5,216,229,246,191,0,232,1,77,1,80,0,107,0,36,0,16,0,12,0,10,
0,65,240,60,6,1,255,199,255,210,252,126,6,33,2,202,230,43,187,0,216,1,75,1,78,0,114,0,40,0,15,0,11,0,10,
0,65,240,60,6,1,255,199,255,210,252,126,6,33,2,142,232,130,181,0,197,1,75,1,75,0,118,0,36,0,14,0,11,0,10,
0,140,244,251,252,235,255,199,255,210,252,126,6,108,252,142,232,130,181,0,178,1,73,1,68,0,122,0,40,0,16,0,11,0,10,
0,34,251,33,243,28,0,199,255,210,252,126,6,230,250,188,234,112,176,0,164,1,72,1,59,0,124,0,44,0,19,0,12,0,10,
0,145,2,89,235,7,0,199,255,210,252,126,6,233,239,114,231,168,168,0,155,1,67,1,36,0,124,0,47,0,19,0,13,0,11,
0,145,2,89,235,7,0,243,255,249,252,50,7,246,229,76,226,148,160,0,150,1,62,0,234,0,117,0,46,0,18,0,12,0,11,
0,49,10,170,231,40,1,243,255,249,252,50,7,246,229,76,226,20,168,0,148,1,57,0,169,0,105,0,45,0,18,0,12,0,11,
0,218,15,118,232,122,4,243,255,249,252,50,7,187,228,235,223,20,168,0,149,1,57,0,138,0,95,0,46,0,21,0,14,0,11,
0,39,19,195,236,159,8,243,255,249,252,50,7,173,223,232,215,215,184,0,151,1,62,0,134,0,85,0,41,0,18,0,13,0,11,
0,39,19,195,236,159,8,243,255,249,252,50,7,166,227,40,216,20,202,0,153,1,62,0,133,0,77,0,39,0,18,0,13,0,11,
0,121,20,184,241,1,11,243,255,249,252,50,7,136,230,166,218,138,205,0,157,1,59,0,133,0,72,0,37,0,18,0,13,0,11,
0,43,20,217,246,70,10,243,255,249,252,50,7,136,230,166,218,138,205,0,163,1,58,0,133,0,67,0,35,0,17,0,13,0,11,
0,43,20,217,246,24,7,243,255,249,252,50,7,232,224,54,227,53,214,0,167,1,54,0,133,0,62,0,32,0,16,0,13,0,11,
0,37,18,255,251,24,7,243,255,249,252,50,7,125,228,110,233,1,217,0,172,1,47,0,134,0,58,0,28,0,14,0,11,0,11,
0,254,14,184,0,149,3,243,255,249,252,50,7,230,236,108,235,137,208,0,177,1,37,0,134,0,58,0,29,0,16,0,13,0,11,
0,129,11,129,5,60,1,3,0,112,253,86,6,230,236,3,238,71,202,0,183,1,22,0,136,0,55,0,28,0,15,0,12,0,11,
0,129,11,129,5,60,1,3,0,112,253,86,6,4,243,3,238,71,202,0,188,1,7,0,143,0,53,0,24,0,12,0,11,0,11,
0,21,8,240,9,80,0,3,0,112,253,86,6,110,246,219,240,168,203,0,193,0,248,0,169,0,56,0,25,0,14,0,12,0,11,
0,32,5,109,13,10,0,3,0,112,253,86,6,87,252,63,241,82,201,0,198,0,237,0,217,0,63,0,27,0,16,0,12,0,11,
0,33,3,38,15,16,0,3,0,112,253,86,6,38,1,233,239,201,198,0,203,0,226,1,8,0,73,0,28,0,14,0,12,0,11,
0,33,3,38,15,16,0,3,0,112,253,86,6,38,1,233,239,201,198,0,209,0,219,1,47,0,83,0,30,0,14,0,12,0,11,
0,107,2,151,14,88,0,3,0,112,253,86,6,157,3,163,240,130,198,0,216,0,215,1,69,0,95,0,33,0,15,0,12,0,11,
0,139,2,37,12,201,0,3,0,112,253,86,6,194,5,193,241,253,199,0,223,0,212,1,69,0,105,0,41,0,18,0,13,0,11,
0,3,3,176,8,81,1,3,0,112,253,86,6,5,9,247,241,19,200,0,232,0,209,1,67,0,110,0,42,0,17,0,11,0,11,
0,3,3,176,8,81,1,3,0,112,253,86,6,5,9,51,241,202,196,0,243,0,211,1,66,0,116,0,44,0,18,0,12,0,11,
0,212,3,223,4,126,1,163,255,157,253,94,6,220,8,51,241,202,196,0,254,0,215,1,65,0,121,0,47,0,20,0,13,0,11,
0,203,4,157,1,61,1,163,255,157,253,94,6,100,6,216,242,89,197,1,10,0,221,1,63,0,124,0,49,0,23,0,14,0,12,
0,203,4,157,1,172,0,163,255,157,253,94,6,53,4,207,244,233,197,1,27,0,228,1,63,0,126,0,50,0,23,0,14,0,12,
0,114,5,134,255,172,0,163,255,157,253,94,6,56,4,63,245,254,199,1,46,0,235,1,63,0,128,0,53,0,22,0,14,0,11,
0,193,5,1,255,255,255,163,255,157,253,94,6,56,4,63,245,5,199,1,60,0,238,1,63,0,131,0,55,0,25,0,15,0,12,
0,179,5,241,255,130,255,163,255,157,253,94,6,80,6,176,243,5,199,1,68,0,243,1,63,0,132,0,56,0,25,0,15,0,12,
0,179,5,241,255,130,255,163,255,157,253,94,6,27,7,109,242,22,197,1,73,0,246,1,64,0,132,0,56,0,22,0,15,0,12,
0,161,5,151,1,10,255,163,255,157,253,94,6,162,9,136,241,108,199,1,66,0,247,1,65,0,133,0,56,0,23,0,15,0,12,
0,207,4,121,3,170,254,163,255,157,253,94,6,162,13,119,240,162,201,1,63,0,246,1,63,0,134,0,57,0,26,0,15,0,11,
0,141,3,240,4,141,254,163,255,157,253,94,6,225,13,119,240,162,201,1,61,0,244,1,63,0,135,0,57,0,26,0,15,0,12,
0,141,3,240,4,141,254,104,255,195,253,184,5,127,19,196,238,141,198,1,61,0,241,1,63,0,134,0,57,0,25,0,15,0,12,
0,143,2,208,5,183,254,104,255,195,253,184,5,206,21,66,237,29,196,1,69,0,237,1,63,0,135,0,57,0,25,0,15,0,11,
0,92,1,35,6,45,255,104,255,195,253,184,5,92,21,228,235,194,192,1,90,0,233,1,62,0,136,0,58,0,26,0,16,0,12,
0,0,0,253,5,187,255,104,255,195,253,184,5,92,21,228,235,78,196,1,92,0,232,1,63,0,135,0,57,0,25,0,15,0,11,
0,0,0,253,5,187,255,104,255,195,253,184,5,4,20,29,234,78,196,1,76,0,232,1,62,0,135,0,58,0,25,0,15,0,11,
0,6,255,105,5,119,0,104,255,195,253,184,5,197,19,120,231,206,194,1,72,0,231,1,61,0,136,0,59,0,26,0,16,0,12,
0,250,254,119,4,253,0,104,255,195,253,184,5,255,17,239,229,54,190,1,72,0,231,1,60,0,136,0,58,0,26,0,16,0,12,
0,250,254,119,4,107,1,104,255,195,253,184,5,129,15,234,229,196,188,1,71,0,230,1,56,0,135,0,58,0,26,0,16,0,12,
0,9,255,18,3,107,1,104,255,195,253,184,5,129,15,234,229,196,188,1,69,0,230,1,52,0,134,0,58,0,25,0,15,0,12,
0,214,254,169,1,178,1,104,255,195,253,184,5,150,14,67,229,119,191,1,67,0,228,1,45,0,133,0,59,0,25,0,16,0,12,
0,201,254,32,0,203,1,104,255,210,253,144,5,58,15,94,227,120,191,1,67,0,225,1,37,0,131,0,58,0,25,0,16,0,12,
0,201,254,32,0,203,1,89,255,210,253,144,5,151,15,90,225,31,191,1,66,0,221,1,26,0,128,0,60,0,26,0,15,0,12,
0,174,254,189,254,183,1,89,255,210,253,144,5,151,15,21,224,87,190,1,66,0,217,1,13,0,125,0,59,0,24,0,15,0,12,
0,99,254,51,253,149,1,89,255,210,253,144,5,191,15,21,224,87,190,1,65,0,213,0,252,0,121,0,58,0,28,0,16,0,12,
0,238,253,194,251,97,1,89,255,210,253,144,5,114,14,201,223,196,191,1,65,0,207,0,232,0,115,0,55,0,24,0,15,0,12,
0,238,253,194,251,97,1,89,255,210,253,144,5,253,13,99,222,197,194,1,65,0,200,0,209,0,108,0,52,0,25,0,15,0,12,
0,93,253,85,250,61,1,89,255,210,253,144,5,165,14,246,220,238,193,1,65,0,193,0,185,0,100,0,49,0,23,0,15,0,11,
0,177,252,4,249,250,0,89,255,210,253,144,5,165,14,246,220,238,190,1,63,0,185,0,161,0,93,0,47,0,22,0,15,0,11,
0,251,251,4,247,183,0,89,255,210,253,144,5,134,13,79,221,238,190,1,64,0,177,0,146,0,83,0,43,0,21,0,13,0,11,
0,251,251,189,247,183,0,89,255,210,253,144,5,107,11,120,222,139,189,1,63,0,168,0,139,0,76,0,40,0,19,0,13,0,10,
0,98,251,179,246,97,0,89,255,210,253,144,5,63,9,60,224,163,189,1,63,0,160,0,136,0,72,0,38,0,18,0,13,0,11,
0,215,250,69,246,36,0,178,255,103,253,66,6,63,9,204,224,17,187,1,63,0,155,0,134,0,66,0,35,0,17,0,12,0,10,
0,215,250,69,246,240,255,178,255,103,253,66,6,186,6,204,224,17,187,1,63,0,151,0,134,0,62,0,32,0,16,0,12,0,10,
0,89,250,38,246,240,255,178,255,103,253,66,6,18,4,10,226,253,186,1,63,0,147,0,134,0,59,0,30,0,16,0,12,0,11,
0,249,249,50,246,158,255,178,255,103,253,66,6,218,1,162,227,193,184,1,62,0,144,0,134,0,56,0,28,0,15,0,12,0,10,
0,208,249,119,246,66,255,178,255,103,253,66,6,144,0,144,229,129,182,1,61,0,142,0,134,0,54,0,27,0,14,0,12,0,11,
0,208,249,119,246,66,255,178,255,103,253,66,6,144,0,144,229,106,180,1,62,0,140,0,134,0,52,0,25,0,13,0,11,0,11,
0,163,249,11,247,236,254,178,255,103,253,66,6,117,254,154,230,106,180,1,61,0,139,0,134,0,52,0,25,0,13,0,11,0,11,
0,138,249,160,247,149,254,178,255,103,253,66,6,195,253,112,232,126,182,1,62,0,139,0,134,0,51,0,23,0,12,0,11,0,10,
0,87,249,44,248,52,254,178,255,103,253,66,6,125,253,50,234,233,182,1,61,0,138,0,134,0,50,0,23,0,13,0,11,0,11,
0,87,249,44,248,52,254,178,255,103,253,66,6,124,253,183,235,36,180,1,62,0,137,0,133,0,49,0,23,0,12,0,11,0,11,
0,42,249,146,248,216,253,181,255,101,253,190,5,124,253,183,235,36,180,1,62,0,137,0,133,0,49,0,23,0,12,0,11,0,11,
0,223,248,40,249,181,253,181,255,101,253,190,5,107,252,251,237,81,179,1,63,0,137,0,133,0,49,0,23,0,12,0,11,0,11,
0,212,248,40,249,119,253,181,255,101,253,190,5,58,250,55,241,78,180,1,63,0,137,0,133,0,47,0,21,0,11,0,10,0,10,
0,212,248,160,249,119,253,181,255,101,253,190,5,54,250,71,243,0,181,1,63,0,137,0,133,0,47,0,22,0,12,0,11,0,10,
0,212,248,30,250,91,253,181,255,101,253,190,5,54,250,71,244,140,178,1,63,0,137,0,134,0,48,0,22,0,12,0,11,0,11,
0,210,248,199,250,58,253,181,255,101,253,190,5,186,248,227,244,140,178,1,63,0,137,0,135,0,47,0,22,0,11,0,10,0,10,
0,210,248,199,250,239,252,181,255,101,253,190,5,202,246,126,246,219,176,1,63,0,137,0,136,0,47,0,22,0,12,0,11,0,11,
0,236,248,155,251,239,252,181,255,101,253,190,5,200,244,64,248,1,178,1,63,0,137,0,136,0,47,0,21,0,11,0,10,0,10,
0,15,249,158,252,185,252,181,255,101,253,190,5,152,244,87,249,181,178,1,63,0,138,0,136,0,48,0,22,0,12,0,11,0,10,
0,47,249,216,253,124,252,181,255,101,253,190,5,152,244,87,249,181,178,1,62,0,138,0,136,0,48,0,22,0,12,0,11,0,11,
0,47,249,216,253,124,252,198,255,91,253,120,6,236,244,174,249,188,176,1,62,0,139,0,137,0,47,0,21,0,11,0,10,0,10,
0,88,249,48,255,39,252,198,255,91,253,120,6,81,244,73,250,174,176,1,62,0,139,0,137,0,48,0,22,0,12,0,11,0,11,
0,124,249,114,0,211,251,198,255,91,253,120,6,37,244,43,252,167,176,1,62,0,139,0,138,0,48,0,21,0,11,0,11,0,10,
0,194,249,109,1,113,251,198,255,91,253,120,6,37,244,58,254,79,178,1,61,0,140,0,139,0,48,0,21,0,11,0,10,0,10,
0,194,249,109,1,113,251,198,255,91,253,120,6,80,245,58,254,79,178,1,61,0,140,0,139,0,49,0,21,0,12,0,11,0,11,
0,252,249,100,2,44,251,198,255,91,253,120,6,221,246,248,254,59,178,1,60,0,141,0,140,0,48,0,22,0,11,0,11,0,10,
0,63,250,59,3,11,251,198,255,91,253,120,6,208,246,18,255,224,175,1,59,0,142,0,141,0,49,0,22,0,12,0,11,0,11,
0,138,250,59,3,35,251,198,255,91,253,120,6,255,245,217,254,179,175,1,58,0,142,0,144,0,49,0,21,0,13,0,11,0,10,
0,138,250,217,3,35,251,198,255,91,253,120,6,255,245,217,254,3,177,1,55,0,142,0,145,0,50,0,22,0,14,0,11,0,11,
0,195,250,126,4,54,251,198,255,91,253,120,6,37,245,102,255,3,177,1,54,0,143,0,147,0,51,0,23,0,14,0,11,0,11,
0,255,250,98,5,5,251,194,255,46,253,205,6,12,245,10,0,250,178,1,52,0,144,0,151,0,51,0,22,0,13,0,11,0,11,
0,255,250,98,5,227,250,194,255,46,253,205,6,202,245,39,255,177,178,1,50,0,145,0,156,0,53,0,23,0,13,0,11,0,11,
0,29,251,133,6,227,250,194,255,46,253,205,6,202,245,211,253,114,179,1,48,0,147,0,165,0,54,0,23,0,11,0,11,0,11,
0,125,251,147,7,214,250,194,255,46,253,205,6,18,247,211,253,114,179,1,45,0,148,0,177,0,57,0,19,0,13,0,12,0,11,
0,119,251,151,8,137,250,194,255,46,253,205,6,65,248,69,253,187,179,1,43,0,150,0,195,0,61,0,22,0,12,0,11,0,12,
0,119,251,151,8,137,250,194,255,46,253,205,6,93,250,154,253,175,182,1,41,0,153,0,220,0,66,0,23,0,13,0,11,0,11,
0,82,251,99,9,85,250,194,255,46,253,205,6,90,253,187,253,31,184,1,38,0,155,1,0,0,74,0,26,0,12,0,11,0,11,
0,108,251,207,9,24,250,194,255,46,253,205,6,90,253,187,253,33,183,1,35,0,158,1,48,0,87,0,30,0,16,0,12,0,12,
0,167,251,240,9,239,249,194,255,46,253,205,6,218,255,150,252,33,183,1,32,0,161,1,76,0,97,0,32,0,14,0,12,0,11,
0,167,251,240,9,239,249,194,255,46,253,205,6,106,0,122,252,155,183,1,30,0,164,1,73,0,106,0,36,0,16,0,12,0,11,
0,191,251,211,9,236,249,194,255,46,253,205,6,134,2,243,251,27,186,1,27,0,168,1,72,0,112,0,39,0,16,0,12,0,11,
0,168,251,130,9,227,249,88,255,59,253,142,6,172,3,129,251,164,186,1,23,0,172,1,69,0,118,0,42,0,17,0,13,0,12,
0,168,251,130,9,245,249,88,255,59,253,142,6,172,3,129,251,164,186,1,20,0,176,1,68,0,121,0,44,0,17,0,12,0,11,
0,197,251,50,9,245,249,88,255,59,253,142,6,180,4,133,250,37,186,1,15,0,181,1,67,0,125,0,47,0,20,0,13,0,12,
0,215,251,198,8,6,250,88,255,59,253,142,6,38,5,142,249,89,186,1,10,0,187,1,66,0,128,0,52,0,21,0,14,0,12,
0,163,251,92,8,46,250,88,255,59,253,142,6,178,3,152,249,171,187,1,6,0,192,1,65,0,129,0,52,0,21,0,13,0,11,
0,163,251,92,8,154,250,88,255,59,253,142,6,178,3,81,253,30,190,1,0,0,199,1,63,0,131,0,54,0,24,0,15,0,12,
0,136,251,216,7,154,250,88,255,59,253,142,6,169,255,81,253,30,190,0,254,0,207,1,62,0,131,0,54,0,23,0,14,0,12,
0,185,251,86,7,202,251,88,255,59,253,142,6,98,0,120,253,70,187,0,254,0,215,1,61,0,133,0,56,0,25,0,16,0,12,
0,167,251,21,7,20,253,88,255,59,253,142,6,151,1,34,252,58,189,0,254,0,222,1,59,0,133,0,56,0,25,0,15,0,12,
0,167,251,21,7,20,253,88,255,59,253,142,6,218,0,41,255,89,188,1,0,0,227,1,55,0,133,0,56,0,24,0,15,0,12,
0,200,251,56,7,121,253,154,255,18,253,105,6,218,0,41,255,89,190,1,2,0,227,1,51,0,132,0,57,0,25,0,16,0,12,
0,239,251,85,7,168,253,154,255,18,253,105,6,124,255,98,3,103,190,1,6,0,229,1,46,0,131,0,56,0,23,0,14,0,11,
0,72,252,67,7,88,254,154,255,18,253,105,6,233,253,220,3,153,188,1,8,0,227,1,41,0,130,0,57,0,24,0,15,0,12,
0,72,252,67,7,88,254,154,255,18,253,105,6,119,254,162,3,154,187,1,13,0,225,1,40,0,129,0,56,0,23,0,15,0,12,
0,199,252,63,7,0,255,154,255,18,253,105,6,119,254,104,4,99,187,1,18,0,224,1,38,0,128,0,63,0,24,0,14,0,11,
0,86,253,90,7,15,255,154,255,18,253,105,6,120,254,104,4,99,187,1,22,0,222,1,36,0,127,0,61,0,25,0,15,0,11,
0,86,253,90,7,246,254,154,255,18,253,105,6,69,254,26,4,171,185,1,27,0,220,1,37,0,126,0,59,0,25,0,14,0,11,
0,242,253,115,7,246,254,154,255,18,253,105,6,13,253,98,1,109,184,1,31,0,216,1,40,0,126,0,59,0,25,0,15,0,11,
0,164,254,167,7,30,255,154,255,18,253,105,6,75,252,135,255,30,185,1,33,0,214,1,43,0,126,0,58,0,25,0,15,0,11,
0,94,255,221,7,50,255,154,255,18,253,105,6,75,252,135,255,139,187,1,35,0,211,1,46,0,126,0,57,0,25,0,15,0,12,
0,94,255,221,7,46,255,254,254,219,252,61,6,207,253,53,254,139,187,1,36,0,209,1,47,0,127,0,56,0,25,0,15,0,11,
0,254,255,29,8,46,255,254,254,219,252,61,6,218,254,249,252,215,186,1,37,0,210,1,50,0,127,0,55,0,25,0,14,0,11,
0,98,0,33,8,10,255,254,254,219,252,61,6,214,255,219,251,250,185,1,35,0,209,1,52,0,128,0,59,0,26,0,15,0,11,
0,119,0,247,7,166,254,254,254,219,252,61,6,214,255,26,251,61,185,1,34,0,209,1,54,0,129,0,58,0,26,0,15,0,12,
0,119,0,247,7,166,254,254,254,219,252,61,6,198,255,26,251,61,185,1,32,0,210,1,56,0,129,0,57,0,25,0,15,0,11,
0,79,0,229,7,92,254,254,254,219,252,61,6,189,255,213,250,22,186,1,30,0,211,1,58,0,130,0,57,0,25,0,15,0,11,
0,250,255,229,7,24,254,254,254,219,252,61,6,10,0,137,250,156,187,1,26,0,212,1,58,0,132,0,57,0,26,0,16,0,12,
0,151,255,234,7,217,253,254,254,219,252,61,6,1,1,7,250,131,188,1,23,0,214,1,58,0,131,0,57,0,25,0,15,0,11,
0,151,255,234,7,217,253,254,254,219,252,61,6,1,1,7,250,97,188,1,19,0,215,1,59,0,132,0,57,0,25,0,16,0,12,
0,110,255,226,7,181,253,254,254,219,252,61,6,150,1,241,248,97,188,1,15,0,215,1,59,0,132,0,57,0,25,0,15,0,12,
0,72,255,196,7,147,253,209,254,207,252,154,6,40,2,62,248,70,189,1,9,0,216,1,60,0,133,0,57,0,25,0,15,0,12,
0,72,255,196,7,100,253,209,254,207,252,154,6,150,3,59,248,223,189,1,2,0,217,1,60,0,133,0,58,0,26,0,16,0,12,
0,227,254,141,7,100,253,209,254,207,252,154,6,251,3,208,247,114,188,0,251,0,219,1,60,0,134,0,57,0,25,0,16,0,12,
0,156,254,40,7,37,253,209,254,207,252,154,6,251,3,208,247,114,188,0,244,0,220,1,60,0,134,0,58,0,26,0,16,0,13,
0,150,254,225,6,16,253,209,254,207,252,154,6,126,4,32,248,62,190,0,237,0,222,1,60,0,134,0,57,0,25,0,15,0,12,
0,150,254,225,6,16,253,209,254,207,252,154,6,202,5,247,247,117,191,0,230,0,223,1,59,0,134,0,58,0,26,0,16,0,12,
0,119,254,140,6,51,253,209,254,207,252,154,6,157,6,4,248,18,191,0,223,0,225,1,60,0,134,0,57,0,25,0,15,0,12,
0,93,254,16,6,81,253,209,254,207,252,154,6,157,6,6,248,84,189,0,215,0,226,1,59,0,135,0,58,0,26,0,16,0,12,
0,90,254,146,5,95,253,209,254,207,252,154,6,184,7,6,248,84,189,0,208,0,227,1,58,0,134,0,58,0,25,0,16,0,12,
0,90,254,146,5,95,253,209,254,207,252,154,6,191,7,230,247,47,188,0,201,0,228,1,57,0,134,0,58,0,25,0,16,0,12,
0,62,254,27,5,112,253,209,254,207,252,154,6,222,6,107,248,143,189,0,195,0,230,1,56,0,134,0,58,0,26,0,16,0,12,
0,66,254,202,4,161,253,176,254,48,253,216,5,85,7,154,248,40,191,0,189,0,232,1,56,0,133,0,57,0,25,0,15,0,11,
0,93,254,128,4,222,253,176,254,48,253,216,5,85,7,154,248,151,190,0,183,0,233,1,55,0,133,0,58,0,25,0,15,0,11,
0,93,254,128,4,222,253,176,254,48,253,216,5,225,8,233,247,151,190,0,177,0,235,1,55,0,133,0,57,0,25,0,16,0,12,
0,136,254,87,4,8,254,176,254,48,253,216,5,202,8,201,247,159,187,0,171,0,236,1,55,0,133,0,57,0,25,0,15,0,12,
0,150,254,51,4,52,254,176,254,48,253,216,5,125,7,138,248,7,189,0,167,0,239,1,55,0,132,0,57,0,25,0,15,0,11,
0,150,254,51,4,87,254,176,254,48,253,216,5,125,7,110,249,194,191,0,162,0,240,1,55,0,133,0,58,0,26,0,16,0,12,
0,158,254,219,3,87,254,176,254,48,253,216,5,144,8,110,249,194,191,0,158,0,242,1,55,0,133,0,58,0,25,0,15,0,12,
0,189,254,169,3,104,254,176,254,48,253,216,5,39,9,112,249,232,190,0,155,0,244,1,55,0,133,0,58,0,26,0,16,0,12,
0,231,254,98,3,148,254,176,254,48,253,216,5,34,9,72,249,248,188,0,153,0,247,1,55,0,132,0,57,0,25,0,15,0,11,
0,231,254,98,3,148,254,176,254,48,253,216,5,207,7,88,249,125,189,0,150,0,248,1,54,0,132,0,58,0,25,0,16,0,12,
0,42,255,38,3,187,254,132,254,48,253,179,5,207,7,88,249,245,191,0,149,0,251,1,54,0,132,0,57,0,25,0,15,0,12,
0,61,255,246,2,229,254,132,254,48,253,179,5,240,7,9,250,245,191,0,147,0,252,1,52,0,132,0,58,0,26,0,16,0,12,
0,74,255,180,2,27,255,132,254,48,253,179,5,67,7,157,249,160,191,0,146,0,255,1,52,0,132,0,58,0,26,0,16,0,12,
0,74,255,180,2,27,255,132,254,48,253,179,5,130,7,114,249,35,192,0,146,1,1,1,51,0,132,0,57,0,26,0,16,0,12,
0,103,255,123,2,69,255,132,254,48,253,179,5,59,8,77,249,233,192,0,145,1,3,1,49,0,132,0,57,0,25,0,16,0,12,
0,131,255,58,2,111,255,132,254,48,253,179,5,59,8,77,249,233,192,0,145,1,6,1,48,0,131,0,56,0,25,0,15,0,11,
0,179,255,207,1,142,255,132,254,48,253,179,5,154,8,11,249,100,191,0,144,1,8,1,47,0,130,0,57,0,23,0,15,0,11,
0,179,255,207,1,142,255,132,254,48,253,179,5,208,8,240,248,27,192,0,144,1,8,1,45,0,130,0,56,0,23,0,15,0,12,
0,169,255,133,1,188,255,132,254,48,253,179,5,123,8,230,248,235,193,0,144,1,11,1,44,0,129,0,56,0,23,0,14,0,11,
0,241,255,31,1,230,255,132,254,48,253,179,5,123,8,230,248,72,195,0,144,1,11,1,43,0,128,0,58,0,23,0,14,0,11,
0,241,255,31,1,18,0,215,254,240,252,165,6,42,9,128,248,72,195,0,144,1,11,1,41,0,128,0,61,0,25,0,15,0,12,
0,4,0,161,0,18,0,215,254,240,252,165,6,39,9,94,248,227,194,0,144,1,12,1,40,0,127,0,59,0,25,0,15,0,11,
0,236,255,40,0,97,0,215,254,240,252,165,6,221,8,157,247,93,193,0,144,1,12,1,38,0,127,0,58,0,25,0,15,0,12,
0,218,255,154,255,98,0,215,254,240,252,165,6,176,7,174,247,230,193,0,144,1,13,1,37,0,126,0,57,0,24,0,15,0,12,
0,218,255,154,255,98,0,215,254,240,252,165,6,176,7,174,247,230,193,0,144,1,12,1,36,0,126,0,57,0,25,0,15,0,12,
0,176,255,81,255,89,0,215,254,240,252,165,6,221,7,225,246,62,194,0,144,1,13,1,35,0,125,0,55,0,24,0,15,0,11,
0,139,255,250,254,79,0,215,254,240,252,165,6,67,8,130,246,83,194,0,144,1,14,1,34,0,125,0,55,0,24,0,15,0,11,
0,72,255,214,254,72,0,215,254,240,252,165,6,60,9,214,245,214,193,0,144,1,14,1,33,0,123,0,55,0,23,0,15,0,12,
0,72,255,214,254,72,0,215,254,240,252,165,6,60,9,155,245,142,192,0,144,1,15,1,33,0,123,0,55,0,23,0,15,0,12,
0,12,255,221,254,103,0,215,254,240,252,165,6,144,9,155,245,142,192,0,144,1,15,1,32,0,123,0,55,0,24,0,15,0,12,
0,215,254,186,254,121,0,180,254,1,253,207,5,244,9,196,245,97,192,0,144,1,16,1,32,0,122,0,54,0,23,0,15,0,11,
0,167,254,87,254,119,0,180,254,1,253,207,5,2,10,248,245,47,194,0,143,1,16,1,32,0,122,0,54,0,23,0,14,0,11,
0,167,254,87,254,119,0,180,254,1,253,207,5,217,9,252,245,242,193,0,143,1,16,1,32,0,122,0,54,0,23,0,15,0,12,
0,105,254,208,253,126,0,180,254,1,253,207,5,217,9,252,245,72,194,0,143,1,17,1,33,0,122,0,53,0,23,0,14,0,11,
0,77,254,105,253,141,0,180,254,1,253,207,5,181,10,206,245,72,194,0,142,1,17,1,33,0,122,0,53,0,24,0,15,0,12,
0,77,254,105,253,155,0,180,254,1,253,207,5,109,10,168,245,208,191,0,142,1,19,1,33,0,121,0,53,0,23,0,14,0,11,
0,13,254,5,253,155,0,180,254,1,253,207,5,200,8,235,245,221,191,0,142,1,19,1,33,0,122,0,53,0,23,0,14,0,11,
0,250,253,203,252,208,0,180,254,1,253,207,5,200,8,161,245,141,193,0,141,1,20,1,33,0,122,0,53,0,23,0,15,0,12,
0,224,253,192,252,251,0,180,254,1,253,207,5,74,8,161,245,141,193,0,141,1,21,1,33,0,121,0,52,0,22,0,14,0,11,
0,224,253,192,252,251,0,180,254,1,253,207,5,28,8,238,245,246,193,0,141,1,22,1,33,0,121,0,52,0,22,0,14,0,11,
0,217,253,153,252,244,0,180,254,1,253,207,5,126,8,197,245,189,192,0,141,1,23,1,33,0,121,0,47,0,23,0,15,0,12,
0,218,253,135,252,224,0,157,254,1,253,127,5,149,8,226,245,7,193,0,140,1,23,1,33,0,121,0,48,0,22,0,14,0,11,
0,191,253,166,252,13,1,157,254,1,253,127,5,149,8,226,245,179,192,0,140,1,24,1,33,0,122,0,49,0,22,0,15,0,12,
0,191,253,166,252,13,1,157,254,1,253,127,5,19,8,117,246,179,192,0,141,1,26,1,33,0,121,0,49,0,21,0,14,0,11,
0,171,253,158,252,66,1,157,254,1,253,127,5,192,8,24,247,97,193,0,141,1,26,1,32,0,121,0,51,0,22,0,14,0,12,
0,131,253,119,252,127,1,157,254,1,253,127,5,241,8,4,247,217,191,0,141,1,27,1,33,0,121,0,51,0,21,0,14,0,11,
0,132,253,88,252,131,1,157,254,1,253,127,5,73,8,239,246,75,192,0,141,1,27,1,32,0,121,0,52,0,22,0,14,0,12,
0,132,253,88,252,131,1,157,254,1,253,127,5,73,8,239,246,75,192,0,141,1,27,1,32,0,121,0,52,0,23,0,14,0,12,
0,115,253,23,252,148,1,157,254,1,253,127,5,182,7,73,247,129,192,0,141,1,28,1,33,0,121,0,52,0,22,0,15,0,12,
0,110,253,238,251,202,1,157,254,1,253,127,5,114,7,164,247,250,191,0,141,1,27,1,33,0,122,0,52,0,23,0,15,0,12,
0,110,253,238,251,198,1,157,254,1,253,127,5,4,6,71,247,159,192,0,142,1,29,1,33,0,121,0,52,0,22,0,14,0,11,
0,129,253,202,251,198,1,231,254,189,252,39,6,4,6,79,247,121,193,0,142,1,29,1,34,0,122,0,52,0,23,0,14,0,12,
0,115,253,206,251,188,1,231,254,189,252,39,6,160,5,79,247,121,193,0,142,1,29,1,34,0,122,0,52,0,23,0,15,0,12,
0,110,253,215,251,219,1,231,254,189,252,39,6,171,5,33,247,125,192,0,142,1,30,1,35,0,122,0,52,0,22,0,14,0,11,
0,110,253,215,251,219,1,231,254,189,252,39,6,176,5,240,246,108,191,0,142,1,31,1,35,0,122,0,53,0,23,0,15,0,12,
0,114,253,246,251,251,1,231,254,189,252,39,6,234,4,39,247,240,189,0,143,1,32,1,36,0,122,0,52,0,22,0,14,0,11,
0,50,253,253,251,3,2,231,254,189,252,39,6,234,4,39,247,240,189,0,143,1,32,1,36,0,123,0,52,0,23,0,14,0,12,
0,53,253,250,251,4,2,231,254,189,252,39,6,8,4,203,247,161,191,0,143,1,33,1,37,0,123,0,52,0,23,0,14,0,12,
0,53,253,250,251,4,2,231,254,189,252,39,6,138,4,3,248,139,193,0,144,1,34,1,37,0,122,0,52,0,22,0,14,0,11,
0,68,253,10,252,249,1,231,254,189,252,39,6,148,5,152,247,226,191,0,144,1,34,1,37,0,123,0,53,0,23,0,14,0,11,
0,87,253,26,252,15,2,231,254,189,252,39,6,148,5,132,247,101,189,0,144,1,34,1,37,0,123,0,52,0,22,0,14,0,11,
0,83,253,26,252,35,2,244,254,23,253,254,5,182,4,132,247,101,189,0,144,1,34,1,36,0,123,0,53,0,22,0,14,0,11,
0,83,253,68,252,35,2,244,254,23,253,254,5,96,3,231,247,66,191,0,144,1,34,1,36,0,123,0,57,0,23,0,14,0,11,
0,103,253,76,252,75,2,244,254,23,253,254,5,196,2,174,247,208,191,0,145,1,34,1,35,0,123,0,56,0,23,0,14,0,11,
0,123,253,89,252,102,2,244,254,23,253,254,5,128,3,207,247,104,192,0,145,1,35,1,35,0,122,0,55,0,23,0,14,0,11,
0,123,253,89,252,103,2,244,254,23,253,254,5,128,3,207,247,136,190,0,145,1,34,1,34,0,123,0,55,0,24,0,15,0,12,
0,85,253,120,252,103,2,244,254,23,253,254,5,148,3,250,246,136,190,0,146,1,34,1,33,0,123,0,55,0,23,0,14,0,11,
0,91,253,152,252,63,2,244,254,23,253,254,5,183,2,64,247,119,190,0,146,1,34,1,32,0,122,0,54,0,24,0,15,0,12,
0,86,253,184,252,44,2,244,254,23,253,254,5,154,2,115,247,93,190,0,146,1,34,1,31,0,122,0,54,0,25,0,15,0,12,
0,86,253,184,252,44,2,244,254,23,253,254,5,154,2,174,247,26,191,0,147,1,34,1,31,0,121,0,53,0,25,0,15,0,12,
0,92,253,238,252,39,2,244,254,23,253,254,5,167,2,174,247,26,191,0,147,1,33,1,29,0,121,0,53,0,25,0,16,0,12,
0,87,253,41,253,41,2,248,254,238,252,164,5,182,2,143,247,222,190,0,147,1,33,1,28,0,121,0,53,0,23,0,15,0,12,
0,65,253,81,253,42,2,248,254,238,252,164,5,152,2,111,247,97,190,0,148,1,33,1,27,0,121,0,53,0,24,0,15,0,12,
0,65,253,81,253,42,2,248,254,238,252,164,5,230,1,204,247,170,189,0,148,1,33,1,27,0,120,0,52,0,23,0,15,0,11,
0,68,253,81,253,50,2,248,254,238,252,164,5,230,1,204,247,89,190,0,149,1,34,1,26,0,119,0,52,0,23,0,14,0,11,
0,77,253,113,253,18,2,248,254,238,252,164,5,83,1,142,247,89,190,0,149,1,33,1,24,0,119,0,52,0,24,0,15,0,12,
0,91,253,113,253,20,2,248,254,238,252,164,5,166,1,147,247,201,190,0,149,1,33,1,24,0,119,0,52,0,23,0,14,0,11,
0,91,253,169,253,20,2,248,254,238,252,164,5,235,1,58,247,111,189,0,150,1,33,1,23,0,118,0,52,0,23,0,15,0,12,
0,40,253,188,253,28,2,248,254,238,252,164,5,236,0,85,247,118,189,0,150,1,33,1,23,0,117,0,51,0,22,0,14,0,11,
0,23,253,247,253,15,2,248,254,238,252,164,5,236,0,85,247,118,189,0,150,1,33,1,21,0,118,0,51,0,23,0,15,0,12,
0,23,253,247,253,252,1,248,254,238,252,164,5,19,1,179,247,109,190,0,151,1,34,1,22,0,117,0,50,0,22,0,14,0,11,
0,30,253,48,254,252,1,248,254,238,252,129,6,75,2,170,247,173,190,0,151,1,34,1,20,0,117,0,51,0,22,0,14,0,11,
0,64,253,102,254,243,1,64,255,189,252,129,6,72,1,50,248,70,190,0,152,1,34,1,20,0,116,0,50,0,22,0,14,0,12,
0,48,253,117,254,26,2,64,255,189,252,129,6,72,1,195,247,116,189,0,152,1,34,1,19,0,116,0,50,0,22,0,14,0,11,
0,48,253,117,254,26,2,64,255,189,252,129,6,142,1,195,247,116,189,0,152,1,34,1,18,0,116,0,50,0,23,0,15,0,12,
0,76,253,141,254,31,2,64,255,189,252,129,6,162,0,241,247,101,189,0,153,1,34,1,18,0,115,0,50,0,22,0,14,0,11,
0,113,253,202,254,31,2,64,255,189,252,129,6,146,0,51,248,222,190,0,153,1,34,1,17,0,115,0,50,0,22,0,14,0,11,
0,89,253,8,255,30,2,64,255,189,252,129,6,214,0,250,247,143,190,0,153,1,34,1,16,0,115,0,50,0,23,0,15,0,12,
0,89,253,8,255,30,2,64,255,189,252,129,6,214,0,250,247,143,188,0,153,1,34,1,16,0,115,0,49,0,22,0,14,0,11,
0,82,253,81,255,34,2,64,255,189,252,129,6,202,0,178,247,245,188,0,154,1,33,1,16,0,115,0,49,0,23,0,15,0,12,
0,62,253,140,255,35,2,64,255,189,252,129,6,42,0,209,247,94,190,0,154,1,34,1,15,0,113,0,49,0,20,0,14,0,11,
0,86,253,140,255,25,2,64,255,189,252,129,6,190,0,22,248,141,191,0,154,1,34,1,14,0,114,0,49,0,21,0,14,0,12,
0,86,253,194,255,25,2,39,255,188,252,168,5,190,0,60,248,50,191,0,155,1,34,1,14,0,114,0,49,0,21,0,14,0,12,
0,120,253,9,0,37,2,39,255,188,252,168,5,152,0,60,248,50,191,0,155,1,34,1,14,0,113,0,49,0,22,0,14,0,12,
0,86,253,35,0,65,2,39,255,188,252,168,5,246,0,16,248,51,190,0,156,1,34,1,14,0,113,0,49,0,21,0,14,0,12,
0,86,253,35,0,78,2,39,255,188,252,168,5,127,0,231,247,198,189,0,156,1,35,1,15,0,113,0,48,0,21,0,13,0,11,
0,108,253,42,0,78,2,39,255,188,252,168,5,24,0,52,248,139,191,0,157,1,34,1,15,0,113,0,49,0,22,0,14,0,11,
0,139,253,90,0,62,2,39,255,188,252,168,5,24,0,52,248,16,191,0,157,1,35,1,16,0,113,0,48,0,23,0,14,0,11,
0,177,253,128,0,43,2,39,255,188,252,168,5,74,0,94,248,16,191,0,157,1,35,1,16,0,113,0,48,0,23,0,14,0,11,
0,177,253,128,0,43,2,39,255,188,252,168,5,224,0,8,248,176,191,0,157,1,35,1,16,0,113,0,48,0,22,0,14,0,12,
0,136,253,183,0,48,2,39,255,188,252,168,5,174,0,153,247,249,189,0,157,1,36,1,17,0,113,0,48,0,21,0,14,0,11,
0,100,253,239,0,53,2,39,255,188,252,168,5,38,0,139,247,109,189,0,158,1,36,1,18,0,113,0,48,0,22,0,14,0,11,
0,109,253,67,1,15,2,20,255,162,252,4,6,38,0,139,247,109,189,0,158,1,36,1,18,0,113,0,48,0,22,0,15,0,12,
0,109,253,67,1,15,2,20,255,162,252,4,6,38,0,227,247,22,191,0,158,1,37,1,19,0,113,0,48,0,21,0,14,0,12,
0,134,253,138,1,7,2,20,255,162,252,4,6,90,0,235,247,67,192,0,158,1,37,1,19,0,113,0,48,0,22,0,14,0,11,
0,95,253,251,1,19,2,20,255,162,252,4,6,148,1,203,247,66,192,0,158,1,37,1,19,0,115,0,49,0,22,0,15,0,12,
0,95,253,251,1,45,2,20,255,162,252,4,6,148,1,203,247,100,191,0,158,1,37,1,20,0,115,0,49,0,22,0,14,0,11,
0,143,253,45,2,45,2,20,255,162,252,4,6,8,2,136,247,100,191,0,159,1,37,1,20,0,115,0,49,0,22,0,15,0,12,
0,193,253,73,2,23,2,20,255,162,252,4,6,228,1,155,247,134,190,0,159,1,37,1,21,0,115,0,49,0,22,0,14,0,12,
0,171,253,82,2,249,1,20,255,162,252,4,6,254,0,242,247,60,191,0,159,1,37,1,22,0,115,0,49,0,22,0,14,0,12,
0,171,253,82,2,2,2,20,255,162,252,4,6,20,2,199,247,165,193,0,159,1,36,1,21,0,116,0,50,0,23,0,14,0,12,
0,162,253,96,2,2,2,20,255,162,252,4,6,20,2,199,247,165,193,0,160,1,36,1,22,0,116,0,49,0,22,0,14,0,11,
0,191,253,140,2,17,2,253,254,236,252,19,6,114,2,119,247,254,191,0,160,1,36,1,22,0,116,0,49,0,23,0,15,0,12,
0,188,253,169,2,11,2,253,254,236,252,19,6,58,2,92,247,155,191,0,161,1,36,1,22,0,116,0,50,0,22,0,14,0,12,
0,188,253,169,2,11,2,253,254,236,252,19,6,208,1,105,247,110,191,0,161,1,35,1,22,0,116,0,49,0,23,0,14,0,12,
0,141,253,179,2,31,2,253,254,236,252,19,6,208,1,92,247,168,192,0,162,1,36,1,23,0,116,0,49,0,22,0,14,0,11,
0,141,253,228,2,12,2,253,254,236,252,19,6,8,2,92,247,168,192,0,162,1,35,1,23,0,116,0,50,0,22,0,14,0,12,
0,139,253,14,3,21,2,253,254,236,252,19,6,34,3,65,247,55,192,0,163,1,35,1,23,0,116,0,50,0,23,0,14,0,12,
0,139,253,14,3,21,2,253,254,236,252,19,6,4,3,131,247,145,192,0,164,1,35,1,24,0,116,0,49,0,22,0,14,0,12,
0,165,253,63,3,33,2,253,254,236,252,19,6,2,4,104,247,169,192,0,166,1,35,1,24,0,116,0,49,0,22,0,14,0,11,
0,160,253,79,3,46,2,253,254,236,252,19,6,2,4,104,247,145,191,0,166,1,34,1,24,0,117,0,50,0,23,0,14,0,11,
0,160,253,79,3,17,2,253,254,236,252,19,6,78,4,55,247,145,191,0,167,1,33,1,25,0,117,0,49,0,22,0,14,0,11,
0,159,253,58,3,17,2,195,254,202,252,211,5,26,4,241,247,96,192,0,168,1,33,1,25,0,117,0,50,0,23,0,14,0,12,
0,170,253,79,3,248,1,195,254,202,252,211,5,209,3,182,247,20,192,0,169,1,33,1,25,0,117,0,50,0,22,0,14,0,12,
0,151,253,69,3,242,1,195,254,202,252,211,5,209,3,196,247,174,193,0,171,1,33,1,25,0,117,0,49,0,22,0,14,0,11,
0,151,253,69,3,226,1,195,254,202,252,211,5,207,4,196,247,174,193,0,172,1,32,1,25,0,118,0,51,0,23,0,15,0,12,
0,161,253,42,3,226,1,195,254,202,252,211,5,81,5,181,247,219,192,0,173,1,31,1,25,0,117,0,51,0,22,0,14,0,11,
0,184,253,37,3,220,1,195,254,202,252,211,5,187,4,133,247,165,190,0,175,1,31,1,24,0,118,0,51,0,23,0,14,0,12,
0,182,253,38,3,208,1,195,254,202,252,211,5,89,4,164,247,125,191,0,176,1,31,1,24,0,117,0,51,0,22,0,14,0,12,
0,182,253,38,3,208,1,195,254,202,252,211,5,89,4,164,247,117,193,0,177,1,30,1,23,0,117,0,45,0,22,0,16,0,13,
0,171,253,43,3,211,1,195,254,202,252,211,5,254,4,29,248,117,193,0,178,1,30,1,23,0,116,0,46,0,21,0,14,0,12,
0,171,253,58,3,209,1,195,254,202,252,211,5,22,6,42,248,232,193,0,179,1,30,1,22,0,117,0,47,0,22,0,15,0,12,
0,184,253,54,3,209,1,195,254,202,252,211,5,67,7,238,247,13,193,0,180,1,29,1,22,0,117,0,48,0,22,0,15,0,12,
0,184,253,54,3,209,1,168,254,190,252,185,5,8,7,50,248,112,191,0,182,1,29,1,22,0,116,0,48,0,21,0,14,0,11,
0,207,253,16,3,219,1,168,254,190,252,185,5,8,7,50,248,112,191,0,183,1,27,1,21,0,117,0,49,0,22,0,14,0,12,
0,188,253,240,2,220,1,168,254,190,252,185,5,151,6,155,248,83,191,0,185,1,27,1,20,0,116,0,49,0,21,0,14,0,11,
0,188,253,240,2,215,1,168,254,190,252,185,5,239,6,242,248,181,193,0,186,1,26,1,19,0,116,0,49,0,22,0,14,0,12,
0,169,253,195,2,215,1,168,254,190,252,185,5,43,8,237,248,127,192,0,187,1,25,1,18,0,116,0,49,0,22,0,14,0,11,
0,198,253,167,2,225,1,168,254,190,252,185,5,43,8,237,248,197,190,0,189,1,25,1,17,0,115,0,49,0,22,0,14,0,12,
0,241,253,144,2,221,1,168,254,190,252,185,5,209,7,145,248,197,190,0,191,1,24,1,17,0,115,0,49,0,22,0,14,0,11,
0,241,253,144,2,221,1,168,254,190,252,185,5,49,7,188,248,230,190,0,192,1,23,1,16,0,115,0,49,0,22,0,14,0,12,
0,195,253,123,2,226,1,168,254,190,252,185,5,46,7,27,249,129,192,0,194,1,23,1,16,0,114,0,49,0,22,0,14,0,11,
0,161,253,88,2,214,1,168,254,190,252,185,5,255,7,118,249,72,193,0,196,1,22,1,15,0,114,0,49,0,20,0,14,0,12,
0,184,253,85,2,208,1,232,254,169,252,209,5,255,7,118,249,72,193,0,199,1,22,1,14,0,113,0,48,0,20,0,14,0,11,
0,184,253,85,2,208,1,232,254,169,252,209,5,6,8,93,249,151,192,0,201,1,21,1,14,0,113,0,48,0,20,0,13,0,11,
0,220,253,85,2,221,1,232,254,169,252,209,5,178,8,124,249,238,191,0,204,1,20,1,13,0,113,0,49,0,21,0,14,0,12,
0,215,253,61,2,224,1,232,254,169,252,209,5,8,9,139,249,63,191,0,207,1,20,1,12,0,113,0,49,0,21,0,14,0,11,
0,222,253,48,2,228,1,232,254,169,252,209,5,8,9,127,249,146,191,0,210,1,20,1,12,0,113,0,49,0,21,0,14,0,12,
0,222,253,48,2,228,1,232,254,169,252,209,5,125,8,127,249,146,191,0,214,1,19,1,11,0,112,0,48,0,21,0,14,0,11,
0,179,253,5,2,255,1,232,254,169,252,209,5,120,8,171,249,42,191,0,216,1,17,1,10,0,112,0,48,0,21,0,14,0,12,
0,175,253,225,1,230,1,232,254,169,252,209,5,106,7,8,250,189,191,0,219,1,17,1,10,0,111,0,52,0,21,0,13,0,11,
0,175,253,225,1,245,1,232,254,169,252,209,5,20,8,205,249,173,193,0,222,1,16,1,9,0,111,0,52,0,22,0,13,0,11,
0,202,253,165,1,245,1,232,254,169,252,209,5,20,8,205,249,156,191,0,225,1,15,1,8,0,111,0,51,0,22,0,14,0,11,
0,222,253,144,1,237,1,223,254,98,252,135,6,21,9,123,249,156,191,0,227,1,15,1,8,0,110,0,49,0,21,0,13,0,11,
0,203,253,116,1,240,1,223,254,98,252,135,6,114,8,77,249,31,191,0,229,1,14,1,7,0,111,0,49,0,22,0,14,0,12,
0,203,253,116,1,240,1,223,254,98,252,135,6,9,8,89,249,131,189,0,232,1,13,1,7,0,110,0,48,0,21,0,13,0,11,
0,217,253,80,1,253,1,223,254,98,252,135,6,9,8,244,249,85,192,0,233,1,12,1,6,0,110,0,48,0,21,0,13,0,11,
0,170,253,69,1,11,2,223,254,98,252,135,6,33,8,244,249,85,192,0,235,1,12,1,5,0,110,0,48,0,22,0,14,0,12,
0,180,253,92,1,13,2,223,254,98,252,135,6,228,8,223,249,99,193,0,238,1,11,1,5,0,109,0,47,0,21,0,14,0,11,
0,180,253,92,1,13,2,223,254,98,252,135,6,13,9,154,249,237,190,0,239,1,10,1,4,0,109,0,47,0,21,0,14,0,11,
0,217,253,76,1,12,2,223,254,98,252,135,6,164,8,92,249,140,190,0,242,1,10,1,4,0,108,0,47,0,20,0,13,0,11,
0,215,253,70,1,25,2,223,254,98,252,135,6,164,8,92,249,14,191,0,243,1,10,1,3,0,108,0,47,0,20,0,13,0,11,
0,213,253,53,1,38,2,223,254,98,252,135,6,69,7,187,249,14,191,0,245,1,9,1,3,0,108,0,47,0,20,0,14,0,11,
0,213,253,53,1,38,2,159,254,182,252,200,5,16,8,181,249,206,193,0,246,1,9,1,3,0,107,0,46,0,20,0,13,0,11,
0,252,253,7,1,22,2,159,254,182,252,200,5,142,8,16,249,5,192,0,247,1,8,1,2,0,107,0,46,0,20,0,13,0,11,
0,34,254,230,0,72,2,159,254,182,252,200,5,214,7,233,248,35,190,0,249,1,8,1,1,0,107,0,46,0,21,0,14,0,12,
0,34,254,230,0,79,2,159,254,182,252,200,5,214,7,233,248,35,190,0,250,1,8,1,1,0,107,0,46,0,20,0,13,0,11,
0,73,254,242,0,79,2,159,254,182,252,200,5,98,7,14,249,192,191,0,251,1,7,1,1,0,107,0,46,0,21,0,14,0,12,
0,70,254,245,0,58,2,159,254,182,252,200,5,182,7,215,248,228,191,0,253,1,6,1,0,0,107,0,46,0,21,0,14,0,12,
0,10,254,254,0,68,2,159,254,182,252,200,5,115,7,6,249,23,192,0,254,1,6,1,0,0,107,0,46,0,20,0,14,0,12,
0,10,254,254,0,68,2,159,254,182,252,200,5,115,7,148,248,208,191,1,0,1,6,1,1,0,106,0,45,0,20,0,13,0,11,
0,42,254,20,1,71,2,159,254,182,252,200,5,149,7,148,248,208,191,1,1,1,6,1,0,0,107,0,46,0,20,0,14,0,12,
0,63,254,11,1,94,2,159,254,182,252,200,5,102,7,131,248,23,192,1,2,1,5,1,0,0,106,0,46,0,20,0,14,0,11,
0,44,254,8,1,81,2,159,254,182,252,200,5,138,7,75,248,234,191,1,3,1,5,1,0,0,106,0,45,0,20,0,13,0,11,
0,44,254,8,1,81,2,141,254,166,252,161,6,146,7,0,248,193,191,1,4,1,5,1,0,0,106,0,45,0,20,0,14,0,11,
0,19,254,8,1,41,2,141,254,166,252,161,6,146,7,0,248,193,192,1,5,1,5,1,0,0,105,0,45,0,20,0,13,0,11,
0,40,254,239,0,36,2,141,254,166,252,161,6,109,6,24,248,75,192,1,6,1,4,0,255,0,106,0,45,0,22,0,14,0,11,
0,11,254,236,0,41,2,141,254,166,252,161,6,78,6,12,248,208,193,1,6,1,4,0,255,0,105,0,45,0,22,0,14,0,11,
0,11,254,236,0,41,2,141,254,166,252,161,6,145,7,165,247,109,193,1,7,1,4,0,255,0,105,0,44,0,20,0,13,0,11,
0,223,253,35,1,28,2,141,254,166,252,161,6,145,7,39,247,213,190,1,7,1,3,0,255,0,105,0,45,0,21,0,14,0,11,
0,17,254,63,1,5,2,141,254,166,252,161,6,162,7,39,247,213,190,1,8,1,3,0,255,0,105,0,44,0,20,0,13,0,11,
0,17,254,63,1,247,1,141,254,166,252,161,6,147,6,127,247,205,191,1,7,1,2,0,254,0,105,0,44,0,21,0,14,0,11,
0,37,254,45,1,247,1,141,254,166,252,161,6,176,6,218,247,72,193,1,7,1,2,0,254,0,105,0,45,0,21,0,13,0,11,
0,22,254,29,1,229,1,141,254,166,252,161,6,204,7,80,247,25,194,1,6,1,2,0,254,0,105,0,45,0,21,0,14,0,12,
0,18,254,20,1,185,1,179,254,130,252,251,5,204,7,80,247,185,193,1,6,1,2,0,254,0,104,0,44,0,21,0,14,0,12,
0,18,254,20,1,185,1,179,254,130,252,251,5,14,8,8,247,185,193,1,6,1,2,0,254,0,104,0,44,0,20,0,13,0,11,
0,36,254,25,1,175,1,179,254,130,252,251,5,67,7,188,246,48,190,1,5,1,1,0,253,0,104,0,44,0,21,0,14,0,11,
0,32,254,242,0,197,1,179,254,130,252,251,5,19,6,94,247,182,192,1,4,1,1,0,253,0,104,0,44,0,20,0,14,0,12,
0,243,253,251,0,214,1,179,254,130,252,251,5,19,7,26,247,163,195,1,4,1,1,0,253,0,104,0,44,0,20,0,14,0,12,
0,243,253,251,0,214,1,179,254,130,252,251,5,108,7,26,247,163,195,1,3,1,1,0,252,0,104,0,45,0,21,0,14,0,12,
0,219,253,16,1,185,1,179,254,130,252,251,5,38,8,83,246,240,191,1,3,1,1,0,252,0,104,0,44,0,20,0,13,0,11,
0,211,253,21,1,141,1,179,254,130,252,251,5,11,7,107,246,136,190,1,1,1,1,0,252,0,104,0,44,0,20,0,13,0,11,
0,204,253,36,1,157,1,179,254,130,252,251,5,124,6,208,246,223,192,1,0,1,1,0,251,0,104,0,44,0,21,0,14,0,12,
0,204,253,36,1,157,1,179,254,130,252,251,5,124,6,208,246,136,195,1,0,1,1,0,251,0,104,0,44,0,20,0,13,0,11,
0,198,253,30,1,130,1,188,254,127,252,153,5,162,7,207,246,136,195,0,255,1,1,0,251,0,103,0,43,0,20,0,13,0,11,
0,188,253,35,1,102,1,188,254,127,252,153,5,160,8,165,246,167,193,0,254,1,1,0,250,0,104,0,44,0,20,0,14,0,11,
0,188,253,35,1,96,1,188,254,127,252,153,5,58,8,106,246,116,191,0,253,1,1,0,249,0,103,0,43,0,20,0,13,0,11,
0,199,253,23,1,96,1,188,254,127,252,153,5,166,7,136,246,170,191,0,252,1,0,0,249,0,103,0,44,0,20,0,14,0,11,
0,158,253,247,0,91,1,188,254,127,252,153,5,166,7,136,246,170,191,0,251,1,0,0,248,0,102,0,43,0,19,0,13,0,11,
0,138,253,227,0,86,1,188,254,127,252,153,5,28,8,239,246,78,193,0,250,1,0,0,248,0,102,0,43,0,19,0,13,0,11,
0,138,253,227,0,86,1,188,254,127,252,153,5,32,8,182,246,112,192,0,248,0,255,0,247,0,102,0,44,0,20,0,14,0,11,
0,149,253,206,0,88,1,188,254,127,252,153,5,77,7,146,246,42,192,0,247,0,255,0,246,0,101,0,43,0,20,0,13,0,11,
0,172,253,189,0,101,1,188,254,127,252,153,5,77,7,21,247,219,193,0,246,0,255,0,246,0,101,0,43,0,20,0,13,0,11,
0,213,253,191,0,64,1,188,254,127,252,153,5,176,7,21,247,219,193,0,245,0,255,0,246,0,101,0,43,0,19,0,13,0,11,
0,213,253,191,0,64,1,126,254,89,252,75,6,74,8,124,246,5,193,0,244,0,255,0,245,0,100,0,43,0,20,0,13,0,11,
0,186,253,189,0,61,1,126,254,89,252,75,6,146,8,187,246,243,192,0,243,0,254,0,244,0,101,0,43,0,20,0,14,0,11,
0,139,253,205,0,71,1,126,254,89,252,75,6,102,8,162,246,187,190,0,242,0,255,0,244,0,100,0,43,0,20,0,13,0,11,
0,118,253,205,0,70,1,126,254,89,252,75,6,102,8,162,246,45,192,0,241,0,254,0,243,0,100,0,43,0,20,0,14,0,12,
0,118,253,208,0,70,1,126,254,89,252,75,6,88,7,106,247,45,192,0,240,0,254,0,243,0,99,0,42,0,19,0,13,0,11,
0,122,253,195,0,47,1,126,254,89,252,75,6,64,8,121,247,15,194,0,239,0,253,0,242,0,100,0,43,0,20,0,14,0,12,
0,124,253,178,0,16,1,126,254,89,252,75,6,7,9,35,247,133,193,0,238,0,253,0,242,0,99,0,42,0,19,0,13,0,11,
0,124,253,178,0,235,0,126,254,89,252,75,6,7,9,62,247,102,191,0,237,0,252,0,241,0,99,0,42,0,19,0,13,0,11,
0,148,253,188,0,235,0,126,254,89,252,75,6,3,9,62,247,102,191,0,236,0,252,0,241,0,99,0,42,0,20,0,14,0,12,
0,165,253,178,0,211,0,126,254,89,252,75,6,87,8,81,247,175,189,0,235,0,252,0,241,0,99,0,42,0,19,0,13,0,12,
0,162,253,129,0,208,0,126,254,89,252,75,6,158,7,146,247,192,191,0,234,0,252,0,241,0,98,0,42,0,19,0,13,0,11,
0,162,253,129,0,208,0,165,254,61,252,144,6,105,8,150,247,181,192,0,233,0,252,0,239,0,98,0,42,0,18,0,13,0,11,
0,168,253,113,0,196,0,165,254,61,252,144,6,105,8,150,247,183,192,0,232,0,252,0,239,0,98,0,41,0,17,0,12,0,11,
0,142,253,134,0,201,0,165,254,61,252,144,6,45,8,180,247,183,192,0,231,0,252,0,239,0,97,0,36,0,18,0,13,0,12,
0,102,253,172,0,169,0,165,254,61,252,144,6,192,8,110,247,79,191,0,230,0,252,0,238,0,97,0,37,0,17,0,13,0,12,
0,102,253,172,0,169,0,165,254,61,252,144,6,39,8,183,247,131,190,0,229,0,251,0,238,0,97,0,38,0,17,0,13,0,11,
0,112,253,202,0,179,0,165,254,61,252,144,6,203,7,249,247,21,192,0,229,0,252,0,237,0,96,0,38,0,17,0,12,0,11,
0,124,253,217,0,184,0,165,254,61,252,144,6,203,7,249,247,21,192,0,228,0,252,0,237,0,97,0,39,0,17,0,12,0,11,
0,177,253,217,0,167,0,165,254,61,252,144,6,184,8,32,248,164,191,0,227,0,251,0,236,0,96,0,40,0,18,0,12,0,11,
0,177,253,211,0,167,0,165,254,61,252,144,6,23,9,28,248,87,191,0,227,0,251,0,236,0,96,0,40,0,18,0,13,0,11,
0,190,253,227,0,170,0,165,254,61,252,144,6,97,8,81,248,225,190,0,226,0,251,0,236,0,96,0,40,0,18,0,13,0,11,
0,132,253,210,0,145,0,138,254,151,252,158,5,97,8,81,248,1,192,0,226,0,251,0,236,0,95,0,40,0,17,0,13,0,11,
0,132,253,210,0,164,0,138,254,151,252,158,5,138,8,167,248,1,192,0,226,0,250,0,236,0,96,0,40,0,18,0,13,0,11,
0,85,253,185,0,164,0,138,254,151,252,158,5,189,7,137,248,192,189,0,225,0,250,0,235,0,96,0,40,0,18,0,13,0,11,
0,134,253,176,0,142,0,138,254,151,252,158,5,221,7,250,248,134,191,0,225,0,250,0,235,0,95,0,40,0,18,0,13,0,11,
0,175,253,175,0,130,0,138,254,151,252,158,5,105,8,75,249,155,192,0,225,0,250,0,235,0,95,0,40,0,17,0,13,0,11,
0,175,253,175,0,130,0,138,254,151,252,158,5,105,8,75,249,155,192,0,224,0,250,0,234,0,96,0,41,0,19,0,13,0,12,
0,175,253,187,0,134,0,138,254,151,252,158,5,68,9,207,248,197,190,0,224,0,250,0,235,0,95,0,40,0,18,0,13,0,11,
0,174,253,185,0,94,0,138,254,151,252,158,5,176,8,14,249,4,189,0,224,0,250,0,234,0,95,0,41,0,19,0,13,0,11,
0,157,253,194,0,92,0,138,254,151,252,158,5,217,7,90,249,21,191,0,224,0,250,0,234,0,95,0,40,0,18,0,13,0,11,
0,157,253,194,0,92,0,138,254,151,252,158,5,217,7,157,249,113,192,0,224,0,251,0,234,0,95,0,40,0,17,0,12,0,11,
0,171,253,178,0,103,0,201,254,80,252,13,6,193,8,157,249,113,192,0,223,0,250,0,233,0,95,0,40,0,18,0,13,0,11,
0,160,253,170,0,113,0,201,254,80,252,13,6,198,8,112,249,232,191,0,223,0,250,0,232,0,95,0,40,0,17,0,12,0,11,
0,145,253,170,0,111,0,201,254,80,252,13,6,96,9,36,249,122,190,0,223,0,251,0,232,0,94,0,40,0,18,0,13,0,11,
0,145,253,179,0,111,0,201,254,80,252,13,6,110,8,85,249,88,189,0,223,0,251,0,232,0,94,0,40,0,17,0,12,0,11,
0,136,253,199,0,95,0,201,254,80,252,13,6,110,8,85,249,230,190,0,222,0,250,0,230,0,94,0,44,0,19,0,13,0,11,
0,113,253,175,0,141,0,201,254,80,252,13,6,60,7,183,249,230,190,0,222,0,251,0,230,0,93,0,43,0,18,0,12,0,10,
0,113,253,175,0,119,0,201,254,80,252,13,6,239,7,253,249,84,193,0,221,0,250,0,229,0,93,0,42,0,18,0,12,0,10,
0,94,253,181,0,119,0,201,254,80,252,13,6,59,9,178,249,115,191,0,221,0,250,0,228,0,93,0,41,0,19,0,13,0,11,
0,112,253,219,0,107,0,201,254,80,252,13,6,59,9,146,249,80,189,0,221,0,251,0,228,0,93,0,41,0,18,0,13,0,11,
0,97,253,228,0,108,0,201,254,80,252,13,6,34,8,146,249,80,189,0,220,0,250,0,227,0,93,0,41,0,19,0,13,0,11,
0,97,253,228,0,108,0,160,254,164,252,174,5,232,7,229,249,99,190,0,220,0,251,0,227,0,92,0,40,0,18,0,12,0,11,
0,120,253,237,0,109,0,160,254,164,252,174,5,26,8,95,250,128,191,0,220,0,250,0,226,0,92,0,40,0,17,0,13,0,11,
0,134,253,222,0,128,0,160,254,164,252,174,5,45,8,255,249,40,191,0,219,0,250,0,225,0,92,0,40,0,18,0,13,0,11,
0,129,253,223,0,117,0,160,254,164,252,174,5,45,8,255,249,57,191,0,219,0,251,0,225,0,91,0,39,0,18,0,13,0,11,
0,129,253,223,0,117,0,160,254,164,252,174,5,204,7,50,250,57,191,0,217,0,250,0,224,0,91,0,40,0,18,0,13,0,12,
0,138,253,249,0,97,0,160,254,164,252,174,5,136,8,38,250,49,191,0,217,0,250,0,223,0,91,0,39,0,19,0,13,0,11,
0,172,253,253,0,98,0,160,254,164,252,174,5,207,7,249,249,170,189,0,217,0,250,0,223,0,91,0,39,0,19,0,13,0,11,
0,172,253,253,0,64,0,160,254,164,252,174,5,101,7,253,249,87,190,0,216,0,250,0,222,0,90,0,39,0,19,0,13,0,12,
0,165,253,14,1,64,0,160,254,164,252,174,5,101,7,253,249,87,190,0,215,0,250,0,222,0,90,0,38,0,18,0,14,0,12,
0,135,253,4,1,79,0,160,254,164,252,174,5,192,7,51,250,101,191,0,215,0,250,0,222,0,89,0,38,0,18,0,13,0,11,
0,146,253,244,0,85,0,160,254,164,252,33,5,181,7,198,249,15,191,0,214,0,250,0,221,0,89,0,39,0,19,0,13,0,11,
0,146,253,244,0,102,0,170,254,51,252,33,5,68,7,223,249,152,191,0,214,0,250,0,220,0,89,0,38,0,17,0,12,0,11,
0,170,253,221,0,102,0,170,254,51,252,33,5,68,7,97,249,40,190,0,213,0,250,0,220,0,89,0,38,0,18,0,13,0,11,
0,155,253,217,0,95,0,170,254,51,252,33,5,22,8,97,249,40,190,0,213,0,250,0,219,0,88,0,37,0,17,0,13,0,11,
0,124,253,226,0,62,0,170,254,51,252,33,5,216,6,14,250,164,189,0,212,0,250,0,219,0,88,0,38,0,18,0,13,0,11,
0,124,253,226,0,62,0,170,254,51,252,33,5,194,6,22,250,220,191,0,212,0,250,0,219,0,87,0,37,0,17,0,13,0,11,
0,122,253,224,0,91,0,170,254,51,252,33,5,157,7,194,249,221,190,0,211,0,250,0,219,0,88,0,37,0,17,0,12,0,10,
0,124,253,217,0,105,0,170,254,51,252,33,5,157,7,194,249,221,190,0,211,0,249,0,217,0,87,0,37,0,18,0,13,0,11,
0,124,253,236,0,82,0,170,254,51,252,33,5,10,7,127,249,121,189,0,211,0,249,0,217,0,87,0,37,0,17,0,13,0,11,
0,124,253,236,0,82,0,170,254,51,252,33,5,6,6,212,249,199,189,0,211,0,249,0,217,0,87,0,37,0,17,0,12,0,11,
0,105,253,198,0,67,0,170,254,51,252,33,5,11,6,220,249,40,191,0,209,0,249,0,216,0,87,0,37,0,18,0,13,0,12,
0,91,253,185,0,14,0,112,254,107,252,170,5,11,6,220,249,13,192,0,209,0,249,0,215,0,87,0,36,0,17,0,12,0,11,
0,91,253,185,0,55,0,112,254,107,252,170,5,180,6,220,249,13,192,0,208,0,248,0,215,0,86,0,37,0,18,0,13,0,11,
0,82,253,225,0,55,0,112,254,107,252,170,5,34,7,142,249,49,190,0,208,0,249,0,215,0,86,0,36,0,17,0,13,0,11,
0,102,253,222,0,54,0,112,254,107,252,170,5,94,6,132,249,80,188,0,207,0,248,0,214,0,86,0,37,0,18,0,13,0,12,
0,139,253,217,0,62,0,112,254,107,252,170,5,111,5,244,249,176,189,0,207,0,249,0,214,0,86,0,36,0,17,0,12,0,11,
0,139,253,217,0,76,0,112,254,107,252,170,5,111,5,244,249,203,191,0,206,0,248,0,213,0,86,0,37,0,18,0,13,0,12,
0,100,253,181,0,76,0,112,254,107,252,170,5,216,6,54,250,203,191,0,205,0,247,0,212,0,85,0,36,0,18,0,13,0,11,
0,112,253,220,0,44,0,112,254,107,252,170,5,6,7,225,249,94,190,0,204,0,247,0,212,0,85,0,36,0,18,0,13,0,11,
0,106,253,255,0,39,0,112,254,107,252,170,5,185,6,186,249,65,188,0,204,0,247,0,212,0,85,0,36,0,17,0,13,0,11,
0,106,253,255,0,39,0,112,254,107,252,170,5,185,6,223,249,179,188,0,203,0,247,0,212,0,84,0,35,0,17,0,12,0,11,
0,156,253,255,0,24,0,116,254,74,252,149,5,59,6,223,249,179,188,0,202,0,247,0,212,0,84,0,35,0,17,0,12,0,11,
0,126,253,8,1,246,255,116,254,74,252,149,5,222,5,68,250,205,190,0,201,0,247,0,212,0,84,0,36,0,17,0,13,0,11,
0,106,253,0,1,255,255,116,254,74,252,149,5,208,5,237,249,242,190,0,201,0,247,0,211,0,84,0,36,0,17,0,13,0,11,
0,106,253,0,1,255,255,116,254,74,252,149,5,20,6,3,250,252,188,0,200,0,247,0,212,0,84,0,36,0,17,0,13,0,11,
0,102,253,9,1,238,255,116,254,74,252,149,5,20,6,3,250,237,189,0,199,0,248,0,212,0,84,0,35,0,16,0,12,0,11,
0,100,253,48,1,211,255,116,254,74,252,149,5,138,5,92,250,237,189,0,197,0,247,0,211,0,84,0,35,0,17,0,13,0,11,
0,100,253,48,1,187,255,116,254,74,252,149,5,40,6,91,250,201,190,0,196,0,247,0,211,0,84,0,35,0,17,0,12,0,11,
0,133,253,64,1,187,255,116,254,74,252,149,5,182,6,83,250,119,190,0,195,0,248,0,212,0,83,0,35,0,16,0,12,0,11,
0,136,253,75,1,195,255,116,254,74,252,149,5,41,7,14,250,42,189,0,194,0,247,0,212,0,84,0,36,0,17,0,13,0,11,
0,159,253,59,1,144,255,116,254,74,252,149,5,41,7,14,250,42,189,0,193,0,248,0,212,0,83,0,35,0,16,0,12,0,11,
0,159,253,59,1,144,255,147,254,14,252,86,7,60,6,75,250,67,188,0,192,0,247,0,212,0,84,0,35,0,17,0,12,0,11,
0,132,253,52,1,106,255,147,254,14,252,86,7,157,5,135,250,250,189,0,192,0,247,0,212,0,84,0,35,0,18,0,13,0,12,
0,136,253,42,1,111,255,147,254,14,252,86,7,40,6,181,250,142,191,0,191,0,247,0,213,0,84,0,36,0,17,0,13,0,11,
0,145,253,69,1,109,255,147,254,14,252,86,7,40,6,157,250,38,190,0,190,0,247,0,214,0,84,0,36,0,17,0,13,0,11,
0,145,253,69,1,109,255,147,254,14,252,86,7,30,7,157,250,38,190,0,190,0,247,0,215,0,84,0,35,0,17,0,12,0,11,
0,166,253,85,1,125,255,147,254,14,252,86,7,142,6,22,250,154,188,0,189,0,247,0,215,0,84,0,35,0,17,0,12,0,11,
0,154,253,84,1,113,255,147,254,14,252,86,7,3,6,98,250,226,188,0,189,0,247,0,215,0,85,0,36,0,17,0,13,0,12,
0,131,253,74,1,81,255,147,254,14,252,86,7,45,6,19,251,91,189,0,189,0,247,0,216,0,85,0,35,0,17,0,13,0,11,
0,131,253,74,1,81,255,147,254,14,252,86,7,45,6,19,251,91,190,0,189,0,248,0,217,0,85,0,35,0,17,0,12,0,11,
0,79,253,91,1,69,255,147,254,14,252,86,7,220,6,66,251,142,190,0,188,0,247,0,217,0,86,0,36,0,17,0,13,0,11,
0,177,253,94,1,69,255,108,254,51,252,170,5,212,7,118,250,190,189,0,188,0,247,0,218,0,85,0,36,0,17,0,12,0,11,
0,177,253,94,1,73,255,108,254,51,252,170,5,46,7,226,250,147,189,0,188,0,247,0,218,0,86,0,36,0,17,0,13,0,11,
0,234,253,117,1,73,255,108,254,51,252,170,5,46,7,57,251,254,188,0,189,0,248,0,219,0,86,0,35,0,17,0,12,0,11,
0,140,253,98,1,54,255,108,254,51,252,170,5,217,6,57,251,254,188,0,188,0,247,0,220,0,87,0,36,0,18,0,13,0,11,
0,129,253,65,1,55,255,108,254,51,252,170,5,222,6,73,251,243,189,0,189,0,248,0,221,0,86,0,35,0,16,0,12,0,11,
0,129,253,65,1,55,255,108,254,51,252,170,5,159,7,49,251,149,189,0,189,0,247,0,221,0,87,0,36,0,17,0,12,0,11,
0,162,253,40,1,67,255,108,254,51,252,170,5,102,7,73,251,10,189,0,190,0,247,0,221,0,87,0,37,0,18,0,13,0,11,
0,171,253,31,1,79,255,108,254,51,252,170,5,102,7,73,251,89,189,0,190,0,247,0,222,0,87,0,36,0,17,0,13,0,11,
0,181,253,25,1,35,255,108,254,51,252,170,5,95,7,251,250,89,189,0,190,0,247,0,223,0,87,0,36,0,17,0,12,0,11,
0,181,253,25,1,35,255,108,254,51,252,170,5,103,7,49,251,55,189,0,190,0,247,0,223,0,88,0,37,0,18,0,13,0,11,
0,176,253,11,1,37,255,108,254,51,252,170,5,110,7,100,251,123,188,0,190,0,248,0,223,0,88,0,31,0,16,0,13,0,12,
0,170,253,13,1,31,255,94,254,70,252,23,6,110,7,198,251,80,189,0,190,0,247,0,223,0,88,0,33,0,17,0,13,0,12,
0,145,253,23,1,22,255,94,254,70,252,23,6,60,7,198,251,80,189,0,191,0,247,0,223,0,89,0,34,0,17,0,13,0,12,
0,145,253,23,1,22,255,94,254,70,252,23,6,207,7,11,252,145,192,0,191,0,247,0,223,0,89,0,35,0,17,0,13,0,12,
0,170,253,237,0,53,255,94,254,70,252,23,6,240,8,196,251,232,189,0,191,0,247,0,225,0,89,0,35,0,15,0,12,0,11,
0,172,253,218,0,43,255,94,254,70,252,23,6,22,8,132,251,253,187,0,190,0,246,0,225,0,89,0,36,0,16,0,13,0,12,
0,172,253,218,0,41,255,94,254,70,252,23,6,22,8,132,251,179,189,0,190,0,247,0,226,0,89,0,37,0,16,0,12,0,11,
0,182,253,195,0,41,255,94,254,70,252,23,6,2,7,132,251,179,189,0,190,0,247,0,225,0,89,0,36,0,16,0,12,0,11,
0,208,253,188,0,58,255,94,254,70,252,23,6,63,7,6,252,172,191,0,190,0,246,0,224,0,90,0,37,0,17,0,12,0,11,
0,208,253,184,0,105,255,94,254,70,252,23,6,105,8,200,251,190,191,0,191,0,246,0,225,0,89,0,37,0,16,0,12,0,11,
0,208,253,184,0,105,255,94,254,70,252,23,6,100,8,89,251,58,189,0,190,0,246,0,225,0,89,0,37,0,16,0,12,0,11,
0,182,253,159,0,92,255,153,254,245,251,70,6,100,8,89,251,58,189,0,190,0,246,0,226,0,90,0,38,0,17,0,13,0,11,
0,207,253,154,0,64,255,153,254,245,251,70,6,136,7,142,251,104,189,0,190,0,246,0,228,0,90,0,37,0,17,0,12,0,11,
0,193,253,165,0,72,255,153,254,245,251,70,6,254,7,167,251,166,190,0,190,0,246,0,228,0,90,0,37,0,16,0,12,0,11,
0,193,253,165,0,72,255,153,254,245,251,70,6,69,8,136,251,197,190,0,190,0,246,0,227,0,91,0,38,0,17,0,12,0,11,
0,185,253,140,0,57,255,153,254,245,251,70,6,69,8,51,251,97,189,0,191,0,245,0,227,0,90,0,37,0,16,0,12,0,10,
0,185,253,152,0,84,255,153,254,245,251,70,6,100,8,51,251,97,189,0,190,0,245,0,228,0,91,0,38,0,17,0,13,0,11,
0,173,253,136,0,94,255,153,254,245,251,70,6,92,7,138,251,28,189,0,191,0,245,0,228,0,91,0,37,0,17,0,13,0,11,
0,173,253,136,0,94,255,153,254,245,251,70,6,222,6,209,251,15,191,0,191,0,244,0,228,0,91,0,38,0,17,0,13,0,11,
0,156,253,106,0,106,255,153,254,245,251,70,6,170,7,117,251,250,191,0,191,0,245,0,229,0,91,0,38,0,17,0,12,0,11,
0,140,253,99,0,113,255,153,254,245,251,70,6,170,7,117,251,134,190,0,190,0,244,0,228,0,91,0,39,0,18,0,13,0,12,
0,140,253,99,0,94,255,41,254,82,252,242,5,92,8,38,251,134,190,0,191,0,244,0,228,0,92,0,39,0,18,0,13,0,12,
0,157,253,105,0,94,255,41,254,82,252,242,5,114,7,58,251,93,190,0,191,0,244,0,228,0,92,0,43,0,18,0,13,0,11,
0,138,253,112,0,93,255,41,254,82,252,242,5,162,7,26,251,67,190,0,191,0,244,0,229,0,92,0,42,0,19,0,13,0,11,
0,163,253,88,0,110,255,41,254,82,252,242,5,162,7,16,251,224,189,0,191,0,244,0,230,0,91,0,41,0,18,0,12,0,11,
0,163,253,88,0,110,255,41,254,82,252,242,5,120,7,16,251,224,189,0,191,0,244,0,231,0,92,0,41,0,19,0,13,0,11,
0,150,253,70,0,119,255,41,254,82,252,242,5,92,7,32,251,181,189,0,190,0,244,0,231,0,92,0,41,0,19,0,13,0,11,
0,115,253,69,0,113,255,41,254,82,252,242,5,109,7,4,251,72,190,0,191,0,245,0,231,0,92,0,40,0,18,0,12,0,11,
0,109,253,58,0,112,255,41,254,82,252,242,5,0,7,107,251,90,190,0,190,0,244,0,230,0,93,0,40,0,19,0,13,0,11,
0,109,253,58,0,112,255,41,254,82,252,242,5,0,7,107,251,242,191,0,191,0,245,0,230,0,92,0,40,0,17,0,12,0,11,
0,129,253,20,0,140,255,41,254,82,252,242,5,154,7,51,251,242,191,0,191,0,245,0,230,0,92,0,39,0,17,0,12,0,10,
0,158,253,241,255,136,255,34,254,4,252,91,5,190,8,193,250,174,190,0,190,0,244,0,230,0,93,0,40,0,19,0,13,0,11,
0,149,253,241,255,118,255,34,254,4,252,91,5,26,8,160,250,227,189,0,191,0,244,0,230,0,93,0,40,0,18,0,13,0,11,
0,149,253,246,255,118,255,34,254,4,252,91,5,53,6,229,250,19,189,0,191,0,244,0,230,0,93,0,40,0,18,0,13,0,11,
0,107,253,249,255,142,255,34,254,4,252,91,5,53,6,229,250,19,189,0,191,0,245,0,232,0,92,0,39,0,17,0,12,0,11,
0,52,253,238,255,133,255,34,254,4,252,91,5,89,6,115,251,178,192,0,190,0,245,0,233,0,93,0,39,0,17,0,12,0,11,
0,52,253,238,255,130,255,34,254,4,252,91,5,16,8,151,250,89,191,0,190,0,246,0,234,0,93,0,40,0,18,0,13,0,11,
0,66,253,3,0,130,255,34,254,4,252,91,5,50,8,73,250,157,189,0,190,0,247,0,234,0,94,0,40,0,18,0,13,0,11,
0,82,253,32,0,126,255,34,254,4,252,91,5,50,8,73,250,60,189,0,190,0,247,0,233,0,94,0,40,0,18,0,13,0,11,
0,97,253,23,0,97,255,34,254,4,252,91,5,106,7,130,250,60,189,0,191,0,247,0,233,0,93,0,39,0,17,0,12,0,11,
0,97,253,23,0,97,255,34,254,4,252,91,5,186,6,196,250,148,190,0,191,0,246,0,233,0,94,0,40,0,17,0,12,0,11,
0,80,253,244,255,109,255,34,254,4,252,91,5,117,7,115,250,81,192,0,191,0,246,0,232,0,94,0,40,0,18,0,13,0,11,
0,56,253,213,255,124,255,127,254,248,251,250,5,14,8,75,250,131,191,0,192,0,246,0,232,0,94,0,40,0,18,0,13,0,11,
0,58,253,225,255,127,255,127,254,248,251,250,5,14,8,75,250,131,191,0,192,0,245,0,233,0,94,0,40,0,18,0,13,0,11,
0,58,253,225,255,127,255,127,254,248,251,250,5,186,7,56,250,147,189,0,192,0,246,0,235,0,94,0,40,0,17,0,13,0,11,
0,34,253,192,255,122,255,127,254,248,251,250,5,104,7,21,250,1,190,0,191,0,246,0,237,0,95,0,40,0,18,0,13,0,12,
0,79,253,178,255,119,255,127,254,248,251,250,5,184,6,235,249,43,191,0,191,0,247,0,238,0,95,0,40,0,18,0,13,0,12,
0,91,253,178,255,141,255,127,254,248,251,250,5,184,6,45,250,65,192,0,192,0,248,0,238,0,95,0,40,0,17,0,13,0,11,
0,91,253,182,255,141,255,127,254,248,251,250,5,115,7,45,250,65,192,0,192,0,248,0,236,0,95,0,41,0,18,0,13,0,11,
0,81,253,218,255,149,255,127,254,248,251,250,5,89,7,157,249,209,190,0,193,0,248,0,235,0,95,0,40,0,17,0,12,0,11,
0,66,253,221,255,145,255,127,254,248,251,250,5,165,7,121,249,104,190,0,194,0,247,0,234,0,95,0,40,0,18,0,13,0,11,
0,66,253,221,255,114,255,127,254,248,251,250,5,2,7,98,249,46,191,0,194,0,247,0,236,0,95,0,40,0,18,0,13,0,11,
0,69,253,212,255,114,255,84,254,251,251,102,5,2,7,98,249,186,190,0,194,0,247,0,239,0,95,0,40,0,17,0,13,0,11,
0,78,253,228,255,118,255,84,254,251,251,102,5,59,7,118,249,186,190,0,193,0,247,0,241,0,96,0,40,0,20,0,13,0,11,
0,78,253,206,255,156,255,84,254,251,251,102,5,20,7,97,249,52,191,0,193,0,249,0,241,0,96,0,40,0,19,0,12,0,11,
0,78,253,206,255,156,255,84,254,251,251,102,5,206,7,47,249,190,190,0,194,0,249,0,239,0,96,0,40,0,17,0,12,0,11,
0,76,253,199,255,138,255,84,254,251,251,102,5,206,7,99,249,193,190,0,195,0,248,0,237,0,96,0,40,0,18,0,13,0,11,
0,78,253,218,255,155,255,84,254,251,251,102,5,229,6,99,249,193,190,0,195,0,248,0,237,0,96,0,40,0,17,0,12,0,11,
0,79,253,229,255,170,255,84,254,251,251,102,5,180,6,199,249,182,191,0,195,0,248,0,239,0,96,0,40,0,17,0,12,0,11,
0,79,253,229,255,170,255,84,254,251,251,102,5,234,6,97,249,62,190,0,194,0,248,0,241,0,97,0,41,0,20,0,13,0,12,
0,49,253,243,255,152,255,84,254,251,251,102,5,149,6,222,248,216,189,0,193,0,249,0,242,0,97,0,40,0,19,0,13,0,11,
0,53,253,235,255,126,255,84,254,251,251,102,5,149,6,222,248,125,190,0,193,0,249,0,240,0,97,0,41,0,20,0,14,0,12,
0,46,253,235,255,164,255,115,254,205,251,242,6,160,6,73,249,125,190,0,194,0,250,0,239,0,97,0,41,0,18,0,13,0,12,
0,46,253,213,255,164,255,115,254,205,251,242,6,49,7,58,249,222,190,0,194,0,249,0,239,0,97,0,41,0,18,0,13,0,12,
0,6,253,229,255,197,255,115,254,205,251,242,6,149,6,106,249,145,190,0,194,0,250,0,240,0,97,0,41,0,20,0,13,0,11,
0,9,253,238,255,176,255,115,254,205,251,242,6,200,6,65,249,62,191,0,193,0,250,0,241,0,97,0,41,0,19,0,13,0,11,
0,9,253,238,255,178,255,115,254,205,251,242,6,200,6,65,249,62,191,0,193,0,251,0,241,0,97,0,42,0,20,0,13,0,12,
0,60,253,254,255,178,255,115,254,205,251,242,6,103,7,27,249,57,190,0,193,0,251,0,241,0,97,0,41,0,20,0,13,0,11,
0,73,253,251,255,186,255,115,254,205,251,242,6,230,6,18,249,73,189,0,192,0,251,0,241,0,97,0,41,0,19,0,13,0,11,
0,86,253,225,255,200,255,115,254,205,251,242,6,226,5,129,249,64,190,0,192,0,250,0,240,0,98,0,41,0,20,0,13,0,11,
0,86,253,225,255,200,255,115,254,205,251,242,6,226,5,127,249,91,192,0,192,0,251,0,241,0,97,0,41,0,19,0,13,0,11,
0,75,253,206,255,178,255,115,254,205,251,242,6,190,6,127,249,91,192,0,191,0,251,0,240,0,98,0,41,0,20,0,13,0,11,
0,73,253,234,255,175,255,82,254,221,251,6,6,39,7,68,249,109,190,0,191,0,251,0,240,0,97,0,41,0,19,0,13,0,11,
0,63,253,5,0,183,255,82,254,221,251,6,6,195,6,48,249,93,190,0,191,0,251,0,240,0,98,0,41,0,20,0,13,0,11,
0,63,253,5,0,183,255,82,254,221,251,6,6,167,6,92,249,235,188,0,191,0,251,0,241,0,97,0,41,0,18,0,13,0,11,
0,63,253,1,0,186,255,82,254,221,251,6,6,167,6,92,249,235,188,0,190,0,251,0,240,0,98,0,41,0,19,0,13,0,11,
0,49,253,14,0,172,255,82,254,221,251,6,6,82,6,108,249,237,189,0,190,0,251,0,240,0,98,0,41,0,19,0,13,0,11,
0,49,253,14,0,206,255,82,254,221,251,6,6,124,6,201,249,86,191,0,190,0,252,0,240,0,97,0,41,0,18,0,13,0,11,
0,73,253,26,0,206,255,82,254,221,251,6,6,76,7,236,249,207,191,0,189,0,251,0,239,0,97,0,41,0,18,0,13,0,11,
0,24,253,22,0,197,255,82,254,221,251,6,6,76,7,66,249,208,188,0,189,0,252,0,240,0,97,0,41,0,19,0,13,0,11,
0,23,253,62,0,181,255,82,254,221,251,6,6,15,7,66,249,208,188,0,188,0,252,0,239,0,97,0,41,0,17,0,12,0,11,
0,23,253,62,0,195,255,82,254,221,251,6,6,27,6,116,249,160,189,0,188,0,252,0,239,0,97,0,42,0,18,0,13,0,12,
0,28,253,51,0,195,255,82,254,221,251,6,6,142,6,255,249,1,191,0,188,0,252,0,239,0,97,0,41,0,19,0,13,0,11,
0,60,253,31,0,217,255,7,254,252,251,1,5,226,6,167,249,65,191,0,187,0,252,0,239,0,97,0,41,0,18,0,13,0,11,
0,46,253,57,0,3,0,7,254,252,251,1,5,226,6,167,249,242,190,0,187,0,252,0,238,0,97,0,41,0,19,0,13,0,12,
0,46,253,57,0,3,0,7,254,252,251,1,5,248,6,106,249,242,190,0,186,0,252,0,238,0,97,0,41,0,18,0,13,0,11,
0,37,253,31,0,249,255,7,254,252,251,1,5,192,6,146,249,130,190,0,185,0,252,0,237,0,97,0,41,0,19,0,13,0,11,
0,38,253,35,0,236,255,7,254,252,251,1,5,204,6,143,249,83,189,0,185,0,252,0,237,0,96,0,41,0,19,0,13,0,11,
0,41,253,59,0,213,255,7,254,252,251,1,5,204,6,80,249,85,190,0,185,0,252,0,237,0,96,0,41,0,18,0,13,0,11,
0,41,253,59,0,213,255,7,254,252,251,1,5,110,6,80,249,85,190,0,184,0,251,0,236,0,96,0,36,0,18,0,13,0,12,
0,45,253,80,0,228,255,7,254,252,251,1,5,85,6,176,249,149,190,0,183,0,252,0,236,0,96,0,36,0,16,0,12,0,11,
0,58,253,84,0,226,255,7,254,252,251,1,5,4,6,250,249,167,191,0,183,0,251,0,235,0,96,0,38,0,17,0,13,0,11,
0,58,253,84,0,243,255,7,254,252,251,1,5,156,6,111,249,224,192,0,183,0,252,0,235,0,95,0,38,0,17,0,13,0,11,
0,43,253,109,0,243,255,131,254,146,251,40,6,156,6,111,249,254,191,0,182,0,251,0,234,0,95,0,39,0,17,0,12,0,11,
0,24,253,136,0,31,0,131,254,146,251,40,6,46,7,105,249,254,191,0,182,0,251,0,233,0,95,0,39,0,17,0,12,0,11,
0,1,253,156,0,56,0,131,254,146,251,40,6,27,6,104,249,77,189,0,182,0,251,0,232,0,94,0,39,0,17,0,12,0,11,
0,1,253,156,0,64,0,131,254,146,251,40,6,221,4,0,250,32,192,0,181,0,250,0,232,0,95,0,40,0,18,0,13,0,11,
0,6,253,160,0,64,0,131,254,146,251,40,6,251,5,229,249,92,193,0,181,0,250,0,232,0,94,0,39,0,18,0,13,0,11,
0,255,252,168,0,86,0,131,254,146,251,40,6,251,5,229,249,92,193,0,180,0,250,0,230,0,94,0,40,0,18,0,13,0,11,
0,238,252,149,0,89,0,131,254,146,251,40,6,232,6,110,249,48,191,0,180,0,250,0,230,0,93,0,40,0,17,0,12,0,11,
0,238,252,149,0,89,0,131,254,146,251,40,6,30,6,120,249,62,189,0,179,0,250,0,230,0,93,0,40,0,17,0,12,0,11,
0,236,252,192,0,53,0,131,254,146,251,40,6,202,4,223,249,122,190,0,179,0,249,0,229,0,94,0,40,0,18,0,13,0,11,
0,227,252,202,0,21,0,131,254,146,251,40,6,202,4,113,250,40,193,0,178,0,250,0,229,0,93,0,40,0,18,0,13,0,11,
0,187,252,203,0,16,0,77,254,191,251,252,5,164,5,113,250,40,193,0,177,0,249,0,228,0,93,0,40,0,18,0,13,0,11,
0,187,252,203,0,16,0,77,254,191,251,252,5,111,6,61,250,143,192,0,177,0,250,0,228,0,92,0,39,0,17,0,12,0,11,
0,187,252,238,0,39,0,77,254,191,251,252,5,168,6,245,249,82,190,0,177,0,249,0,227,0,92,0,39,0,17,0,12,0,11,
0,234,252,233,0,54,0,77,254,191,251,252,5,180,5,38,250,63,189,0,176,0,249,0,227,0,92,0,40,0,18,0,13,0,12,
0,234,252,233,0,45,0,77,254,191,251,252,5,180,5,38,250,63,191,0,176,0,249,0,226,0,92,0,39,0,18,0,13,0,11,
0,197,252,205,0,45,0,77,254,191,251,252,5,255,4,169,250,108,191,0,175,0,249,0,226,0,91,0,39,0,17,0,13,0,11,
0,172,252,197,0,67,0,77,254,191,251,252,5,211,5,115,250,61,193,0,174,0,249,0,225,0,91,0,39,0,18,0,13,0,11,
0,203,252,214,0,63,0,77,254,191,251,252,5,37,6,41,250,87,191,0,174,0,248,0,225,0,91,0,38,0,17,0,12,0,11,
0,203,252,214,0,34,0,77,254,191,251,252,5,37,6,98,250,115,190,0,174,0,248,0,225,0,91,0,43,0,18,0,12,0,11,
0,228,252,224,0,34,0,77,254,191,251,252,5,243,5,98,250,115,190,0,174,0,248,0,224,0,90,0,41,0,17,0,12,0,10,
0,178,252,223,0,32,0,53,254,127,251,200,6,136,5,96,250,206,190,0,174,0,248,0,224,0,90,0,40,0,17,0,12,0,10,
0,141,252,241,0,38,0,53,254,127,251,200,6,234,5,184,250,44,192,0,173,0,247,0,223,0,90,0,40,0,20,0,13,0,11,
0,141,252,241,0,38,0,53,254,127,251,200,6,182,5,253,250,72,191,0,173,0,247,0,223,0,89,0,39,0,19,0,12,0,11,
0,153,252,241,0,27,0,53,254,127,251,200,6,182,5,253,250,25,191,0,172,0,247,0,223,0,90,0,40,0,19,0,13,0,11,
0,145,252,230,0,6,0,53,254,127,251,200,6,114,5,225,250,25,191,0,172,0,247,0,223,0,89,0,38,0,18,0,12,0,11,
0,134,252,5,1,13,0,53,254,127,251,200,6,169,5,244,250,137,192,0,171,0,247,0,222,0,89,0,39,0,19,0,13,0,11,
0,134,252,5,1,13,0,53,254,127,251,200,6,35,6,19,251,235,192,0,171,0,247,0,222,0,89,0,38,0,19,0,13,0,11,
0,93,252,27,1,237,255,53,254,127,251,200,6,35,6,182,250,249,189,0,171,0,247,0,221,0,89,0,38,0,17,0,12,0,11,
0,75,252,51,1,231,255,53,254,127,251,200,6,74,6,182,250,249,189,0,171,0,246,0,221,0,89,0,38,0,18,0,13,0,12,
0,75,252,51,1,226,255,53,254,127,251,200,6,111,5,8,251,34,190,0,171,0,246,0,221,0,89,0,38,0,18,0,13,0,11,
0,74,252,14,1,226,255,53,254,127,251,200,6,21,5,173,251,224,191,0,171,0,246,0,221,0,88,0,38,0,18,0,13,0,12,
0,85,252,248,0,248,255,77,254,212,251,33,6,157,5,142,251,41,193,0,171,0,245,0,220,0,89,0,38,0,19,0,13,0,12,
0,33,252,18,1,230,255,77,254,212,251,33,6,157,5,142,251,72,192,0,171,0,246,0,221,0,88,0,37,0,18,0,13,0,11,
0,33,252,18,1,230,255,77,254,212,251,33,6,32,6,120,251,72,192,0,171,0,245,0,221,0,89,0,38,0,19,0,13,0,11,
0,68,252,248,0,230,255,77,254,212,251,33,6,240,5,19,251,171,190,0,171,0,245,0,221,0,89,0,38,0,18,0,13,0,12,
0,109,252,12,1,235,255,77,254,212,251,33,6,172,5,88,251,200,190,0,171,0,245,0,221,0,88,0,38,0,18,0,13,0,11,
0,88,252,48,1,212,255,77,254,212,251,33,6,177,5,232,251,17,192,0,172,0,246,0,221,0,88,0,37,0,17,0,12,0,11,
0,88,252,48,1,212,255,77,254,212,251,33,6,177,5,232,251,17,192,0,171,0,246,0,221,0,88,0,37,0,17,0,12,0,11,
0,61,252,43,1,180,255,77,254,212,251,33,6,244,5,200,251,182,192,0,171,0,246,0,221,0,88,0,37,0,18,0,13,0,11,
0,85,252,11,1,185,255,77,254,212,251,33,6,60,6,79,251,133,192,0,172,0,245,0,221,0,88,0,37,0,18,0,13,0,11,
0,59,252,2,1,194,255,77,254,212,251,33,6,100,6,87,251,94,191,0,172,0,245,0,221,0,88,0,37,0,18,0,13,0,11,
0,59,252,2,1,194,255,247,253,154,251,114,5,100,6,185,251,181,192,0,173,0,245,0,221,0,87,0,36,0,17,0,12,0,10,
0,39,252,246,0,188,255,247,253,154,251,114,5,106,6,185,251,181,192,0,173,0,245,0,221,0,88,0,37,0,17,0,12,0,11,
0,14,252,231,0,198,255,247,253,154,251,114,5,192,5,210,251,74,191,0,173,0,244,0,222,0,88,0,37,0,18,0,13,0,11,
0,14,252,231,0,180,255,247,253,154,251,114,5,171,5,194,251,189,192,0,174,0,245,0,222,0,88,0,37,0,18,0,13,0,11,
0,42,252,231,0,180,255,247,253,154,251,114,5,180,6,211,251,89,192,0,174,0,245,0,223,0,88,0,37,0,17,0,12,0,11,
0,28,252,249,0,176,255,247,253,154,251,114,5,180,6,211,251,129,191,0,174,0,244,0,223,0,89,0,37,0,18,0,13,0,11,
0,28,252,240,0,184,255,247,253,154,251,114,5,79,6,218,251,129,191,0,175,0,244,0,224,0,88,0,37,0,16,0,12,0,11,
0,28,252,240,0,184,255,247,253,154,251,114,5,34,5,43,252,157,192,0,175,0,244,0,224,0,89,0,38,0,17,0,13,0,11,
0,14,252,244,0,195,255,247,253,154,251,114,5,185,6,30,252,173,192,0,175,0,244,0,225,0,89,0,38,0,17,0,13,0,11,
0,18,252,217,0,165,255,247,253,154,251,114,5,185,6,243,251,242,190,0,176,0,244,0,225,0,90,0,38,0,17,0,13,0,11,
0,234,251,208,0,160,255,83,254,36,251,240,5,155,6,243,251,242,190,0,176,0,245,0,227,0,89,0,37,0,16,0,12,0,11,
0,234,251,208,0,160,255,83,254,36,251,240,5,249,5,103,252,120,192,0,177,0,244,0,227,0,90,0,37,0,17,0,12,0,11,
0,225,251,228,0,190,255,83,254,36,251,240,5,240,5,184,252,27,193,0,177,0,244,0,228,0,90,0,38,0,18,0,13,0,11,
0,15,252,226,0,193,255,83,254,36,251,240,5,145,6,46,252,13,192,0,178,0,244,0,229,0,91,0,38,0,17,0,13,0,12,
0,33,252,243,0,176,255,83,254,36,251,240,5,145,6,46,252,75,191,0,178,0,245,0,230,0,91,0,38,0,17,0,13,0,11,
0,33,252,243,0,176,255,83,254,36,251,240,5,91,6,66,252,75,191,0,179,0,245,0,231,0,91,0,38,0,17,0,12,0,11,
0,6,252,11,1,175,255,83,254,36,251,240,5,247,5,124,252,129,191,0,179,0,245,0,232,0,91,0,38,0,17,0,12,0,11,
0,10,252,30,1,157,255,83,254,36,251,240,5,18,6,105,252,11,193,0,179,0,245,0,232,0,92,0,39,0,18,0,13,0,11,
0,10,252,30,1,161,255,83,254,36,251,240,5,165,6,67,252,73,192,0,179,0,246,0,232,0,92,0,39,0,17,0,13,0,11,
0,52,252,51,1,161,255,83,254,36,251,240,5,165,6,67,252,73,192,0,180,0,246,0,233,0,93,0,39,0,17,0,13,0,11,
0,66,252,33,1,156,255,5,254,108,251,207,4,167,6,91,252,15,192,0,180,0,246,0,235,0,93,0,38,0,17,0,12,0,11,
0,29,252,56,1,155,255,5,254,108,251,207,4,94,6,115,252,35,193,0,180,0,246,0,235,0,93,0,38,0,17,0,12,0,11,
0,29,252,56,1,155,255,5,254,108,251,207,4,126,6,222,251,38,191,0,180,0,246,0,235,0,94,0,40,0,18,0,13,0,11,
0,32,252,17,1,139,255,5,254,108,251,207,4,126,6,222,252,181,191,0,181,0,247,0,236,0,94,0,40,0,18,0,13,0,11,
0,48,252,6,1,131,255,5,254,108,251,207,4,189,5,99,252,181,191,0,181,0,247,0,236,0,95,0,40,0,18,0,13,0,11,
0,52,252,4,1,131,255,5,254,108,251,207,4,24,6,109,252,121,193,0,182,0,248,0,238,0,94,0,40,0,17,0,12,0,11,
0,52,252,4,1,131,255,5,254,108,251,207,4,192,6,98,252,93,193,0,182,0,248,0,238,0,95,0,40,0,17,0,12,0,11,
0,48,252,12,1,134,255,5,254,108,251,207,4,240,6,231,251,27,191,0,182,0,248,0,238,0,96,0,40,0,19,0,13,0,12,
0,59,252,17,1,154,255,5,254,108,251,207,4,240,6,231,251,27,191,0,183,0,248,0,239,0,96,0,40,0,18,0,13,0,11,
0,39,252,27,1,189,255,5,254,108,251,207,4,52,6,105,252,131,191,0,183,0,249,0,239,0,96,0,40,0,18,0,13,0,11,
0,39,252,27,1,189,255,5,253,137,251,230,5,243,5,175,252,18,193,0,183,0,249,0,240,0,96,0,40,0,20,0,13,0,11,
0,23,252,25,1,169,255,192,253,137,251,230,5,182,6,56,252,168,194,0,183,0,249,0,240,0,96,0,40,0,19,0,13,0,11,
0,59,252,35,1,180,255,192,253,137,251,230,5,182,6,245,251,125,192,0,183,0,250,0,241,0,97,0,41,0,20,0,14,0,12,
0,59,252,35,1,186,255,192,253,137,251,230,5,189,7,245,251,125,192,0,184,0,250,0,242,0,97,0,41,0,19,0,13,0,11,
0,93,252,12,1,186,255,192,253,137,251,230,5,149,6,233,251,84,190,0,184,0,251,0,242,0,97,0,40,0,19,0,13,0,11,
0,88,252,32,1,174,255,192,253,137,251,230,5,11,6,66,252,138,192,0,184,0,251,0,242,0,98,0,41,0,19,0,13,0,11,
0,106,252,55,1,176,255,192,253,137,251,230,5,29,6,115,252,188,193,0,184,0,251,0,243,0,98,0,41,0,19,0,13,0,11,
0,106,252,55,1,176,255,192,253,137,251,230,5,29,6,115,252,166,193,0,184,0,251,0,243,0,99,0,41,0,20,0,13,0,11,
0,149,252,60,1,187,255,192,253,137,251,230,5,159,6,75,252,166,193,0,184,0,252,0,244,0,98,0,41,0,19,0,13,0,11,
0,120,252,39,1,172,255,192,253,137,251,230,5,72,7,11,252,249,192,0,184,0,252,0,244,0,99,0,41,0,19,0,13,0,11,
0,104,252,46,1,172,255,192,253,137,251,230,5,202,6,11,252,148,191,0,185,0,253,0,245,0,98,0,41,0,18,0,13,0,11,
0,104,252,46,1,172,255,34,254,103,251,249,5,202,6,58,252,200,193,0,185,0,253,0,245,0,99,0,42,0,20,0,13,0,11,
0,83,252,73,1,189,255,34,254,103,251,249,5,136,6,58,252,200,193,0,185,0,253,0,245,0,99,0,42,0,20,0,13,0,11,
0,114,252,64,1,177,255,34,254,103,251,249,5,90,7,224,251,172,192,0,185,0,254,0,246,0,99,0,41,0,19,0,13,0,12,
0,121,252,64,1,175,255,34,254,103,251,249,5,231,6,176,251,23,191,0,186,0,254,0,246,0,99,0,36,0,18,0,13,0,11,
0,121,252,84,1,175,255,34,254,103,251,249,5,83,6,24,252,58,192,0,186,0,254,0,246,0,100,0,38,0,19,0,14,0,12,
0,134,252,90,1,208,255,34,254,103,251,249,5,83,6,24,252,101,193,0,186,0,255,0,247,0,100,0,39,0,18,0,13,0,11,
0,119,252,70,1,199,255,34,254,103,251,249,5,46,6,109,252,101,193,0,186,0,254,0,247,0,100,0,40,0,19,0,13,0,12,
0,119,252,70,1,188,255,34,254,103,251,249,5,90,7,219,251,232,193,0,187,0,255,0,247,0,100,0,40,0,19,0,14,0,12,
0,97,252,79,1,188,255,34,254,103,251,249,5,164,7,160,251,122,192,0,187,0,255,0,247,0,100,0,41,0,19,0,13,0,11,
0,97,252,82,1,169,255,34,254,103,251,249,5,22,7,219,251,213,190,0,187,0,255,0,247,0,101,0,42,0,20,0,14,0,12,
0,93,252,88,1,151,255,198,253,73,251,113,5,22,7,219,251,213,190,0,187,0,255,0,248,0,100,0,42,0,19,0,13,0,11,
0,93,252,88,1,151,255,198,253,73,251,113,5,120,6,213,251,208,192,0,187,0,255,0,247,0,101,0,43,0,20,0,14,0,12,
0,89,252,101,1,226,255,198,253,73,251,113,5,232,6,107,252,155,193,0,188,0,255,0,248,0,101,0,42,0,20,0,13,0,12,
0,58,252,85,1,248,255,198,253,73,251,113,5,236,6,73,252,139,192,0,187,0,255,0,248,0,101,0,43,0,20,0,13,0,11,
0,20,252,119,1,209,255,198,253,73,251,113,5,236,6,245,251,243,192,0,188,1,0,0,249,0,101,0,41,0,19,0,13,0,11,
0,20,252,119,1,209,255,198,253,73,251,113,5,3,7,245,251,243,192,0,188,0,255,0,248,0,101,0,43,0,20,0,14,0,11,
0,36,252,132,1,226,255,198,253,73,251,113,5,226,6,91,252,68,192,0,188,0,255,0,248,0,101,0,43,0,20,0,13,0,11,
0,48,252,135,1,234,255,198,253,73,251,113,5,103,7,253,251,181,192,0,188,1,0,0,248,0,101,0,42,0,19,0,13,0,11,
0,21,252,135,1,233,255,198,253,73,251,113,5,190,6,19,252,220,190,0,188,0,255,0,247,0,101,0,43,0,20,0,13,0,11,
0,21,252,129,1,233,255,198,253,73,251,113,5,190,6,19,252,220,190,0,188,1,0,0,248,0,101,0,42,0,19,0,13,0,11,
0,32,252,127,1,0,0,40,254,22,251,241,5,188,6,48,252,83,192,0,188,1,0,0,247,0,101,0,42,0,20,0,13,0,11,
0,61,252,114,1,254,255,40,254,22,251,241,5,219,6,42,252,187,193,0,188,0,255,0,247,0,101,0,43,0,20,0,13,0,11,
0,61,252,114,1,253,255,40,254,22,251,241,5,175,7,209,251,119,192,0,188,1,0,0,247,0,100,0,42,0,19,0,13,0,11,
0,74,252,112,1,253,255,40,254,22,251,241,5,175,7,8,252,122,191,0,188,1,0,0,247,0,101,0,43,0,20,0,13,0,11,
0,76,252,141,1,255,255,40,254,22,251,241,5,174,7,8,252,122,191,0,188,1,0,0,247,0,101,0,46,0,20,0,13,0,11,
0,47,252,174,1,3,0,40,254,22,251,241,5,116,6,32,252,193,190,0,188,0,255,0,246,0,101,0,47,0,21,0,13,0,11,
0,47,252,174,1,3,0,40,254,22,251,241,5,68,6,108,252,186,191,0,188,0,255,0,246,0,101,0,46,0,21,0,13,0,11,
0,78,252,173,1,233,255,40,254,22,251,241,5,79,7,113,252,56,193,0,189,1,0,0,246,0,100,0,44,0,20,0,13,0,11,
0,71,252,180,1,217,255,40,254,22,251,241,5,79,7,113,252,142,191,0,188,0,255,0,245,0,101,0,45,0,21,0,14,0,11,
0,44,252,183,1,246,255,40,254,22,251,241,5,8,8,10,252,142,191,0,189,0,255,0,246,0,100,0,44,0,20,0,13,0,11,
0,44,252,183,1,246,255,15,254,16,251,105,6,127,7,55,252,205,189,0,189,0,255,0,245,0,101,0,44,0,21,0,14,0,12,
0,40,252,197,1,244,255,15,254,16,251,105,6,188,6,71,252,170,191,0,189,0,255,0,245,0,101,0,44,0,21,0,14,0,12,
0,65,252,201,1,251,255,15,254,16,251,105,6,188,6,187,252,168,193,0,190,0,255,0,244,0,100,0,44,0,20,0,14,0,12,
0,49,252,201,1,0,0,15,254,16,251,105,6,230,6,187,252,168,193,0,190,0,255,0,245,0,100,0,43,0,20,0,13,0,11,
0,49,252,196,1,0,0,15,254,16,251,105,6,23,8,128,252,182,192,0,190,0,255,0,244,0,100,0,43,0,20,0,14,0,11,
0,63,252,221,1,235,255,15,254,16,251,105,6,186,7,253,251,97,189,0,191,0,255,0,244,0,100,0,42,0,19,0,13,0,11,
0,84,252,243,1,238,255,15,254,16,251,105,6,97,6,144,252,187,190,0,191,1,0,0,244,0,100,0,43,0,20,0,14,0,11,
0,84,252,243,1,214,255,15,254,16,251,105,6,97,6,144,252,153,192,0,191,0,255,0,244,0,99,0,42,0,19,0,13,0,11,
0,106,252,220,1,214,255,15,254,16,251,105,6,186,6,232,252,153,192,0,191,0,255,0,244,0,99,0,42,0,19,0,13,0,11,
0,98,252,225,1,234,255,15,254,16,251,105,6,186,7,179,252,225,192,0,191,0,255,0,243,0,99,0,42,0,20,0,13,0,11,
0,77,252,12,2,238,255,15,254,16,251,105,6,46,8,26,252,240,189,0,192,1,0,0,244,0,99,0,41,0,19,0,13,0,11,
0,77,252,12,2,238,255,177,253,46,251,233,5,167,7,101,252,39,191,0,191,0,255,0,243,0,99,0,43,0,20,0,13,0,11,
0,108,252,36,2,224,255,177,253,46,251,233,5,167,7,101,252,39,191,0,192,0,255,0,244,0,99,0,43,0,20,0,13,0,11,
0,124,252,6,2,213,255,177,253,46,251,233,5,102,6,119,252,1,191,0,192,0,255,0,243,0,99,0,42,0,19,0,13,0,11,
0,93,252,26,2,211,255,177,253,46,251,233,5,254,6,241,252,117,193,0,192,0,255,0,243,0,99,0,43,0,20,0,13,0,11,
0,93,252,26,2,211,255,177,253,46,251,233,5,242,7,61,252,35,192,0,192,0,255,0,243,0,99,0,42,0,19,0,13,0,11,
0,119,252,49,2,223,255,177,253,46,251,233,5,242,7,11,252,183,189,0,192,0,255,0,242,0,99,0,42,0,20,0,14,0,12,
0,173,252,44,2,227,255,177,253,46,251,233,5,115,7,11,252,183,189,0,192,0,255,0,243,0,99,0,42,0,19,0,13,0,12,
0,173,252,44,2,221,255,177,253,46,251,233,5,116,6,157,252,240,190,0,192,0,255,0,243,0,99,0,42,0,19,0,13,0,11,
0,169,252,30,2,221,255,177,253,46,251,233,5,36,7,123,252,18,193,0,191,0,255,0,242,0,99,0,43,0,20,0,14,0,12,
0,144,252,22,2,203,255,177,253,46,251,233,5,154,7,94,252,196,191,0,192,0,255,0,242,0,99,0,42,0,19,0,13,0,11,
0,172,252,44,2,202,255,1,254,211,250,223,5,154,7,94,252,196,191,0,191,0,255,0,241,0,99,0,42,0,20,0,14,0,12,
0,172,252,44,2,203,255,1,254,211,250,223,5,183,6,69,252,69,191,0,192,0,255,0,242,0,98,0,42,0,20,0,13,0,11,
0,214,252,58,2,203,255,1,254,211,250,223,5,43,7,46,252,245,191,0,192,0,255,0,242,0,98,0,41,0,19,0,13,0,11,
0,241,252,54,2,222,255,1,254,211,250,223,5,249,7,47,252,119,191,0,191,0,255,0,241,0,99,0,42,0,20,0,13,0,11,
0,210,252,51,2,245,255,1,254,211,250,223,5,249,7,244,251,18,190,0,192,0,255,0,242,0,98,0,41,0,19,0,13,0,11,
0,210,252,51,2,245,255,1,254,211,250,223,5,50,7,244,251,18,190,0,191,0,255,0,241,0,99,0,42,0,20,0,13,0,11,
0,204,252,46,2,239,255,1,254,211,250,223,5,121,6,111,252,129,191,0,192,0,255,0,241,0,98,0,42,0,20,0,13,0,11,
0,201,252,53,2,211,255,1,254,211,250,223,5,67,7,85,252,161,193,0,192,0,255,0,241,0,98,0,41,0,20,0,13,0,11,
0,190,252,61,2,238,255,1,254,211,250,223,5,216,7,50,252,217,191,0,192,0,255,0,240,0,98,0,42,0,19,0,13,0,11,
0,190,252,61,2,238,255,1,254,211,250,223,5,216,7,50,252,61,189,0,192,0,255,0,241,0,97,0,41,0,19,0,12,0,11,
0,220,252,58,2,238,255,189,253,213,250,135,5,63,7,233,251,61,189,0,192,0,255,0,240,0,98,0,42,0,19,0,13,0,11,
0,4,253,81,2,233,255,189,253,213,250,135,5,11,7,135,252,33,191,0,192,0,255,0,241,0,98,0,41,0,19,0,13,0,11,
0,4,253,81,2,224,255,189,253,213,250,135,5,187,6,161,252,179,191,0,192,0,255,0,241,0,98,0,41,0,20,0,13,0,11,
0,7,253,94,2,224,255,189,253,213,250,135,5,92,7,147,252,19,194,0,192,0,255,0,241,0,98,0,42,0,20,0,14,0,12,
0,246,252,90,2,203,255,189,253,213,250,135,5,92,7,147,252,19,194,0,193,1,0,0,241,0,98,0,41,0,19,0,13,0,11,
0,222,252,89,2,219,255,189,253,213,250,135,5,179,8,136,252,208,191,0,193,0,255,0,241,0,98,0,42,0,20,0,13,0,12,
0,222,252,89,2,198,255,189,253,213,250,135,5,64,8,33,252,0,190,0,193,1,0,0,241,0,98,0,42,0,20,0,14,0,12,
0,214,252,93,2,198,255,189,253,213,250,135,5,160,7,84,252,253,190,0,193,1,0,0,241,0,97,0,41,0,20,0,13,0,12,
0,203,252,101,2,183,255,189,253,213,250,135,5,160,7,84,252,178,191,0,193,0,255,0,241,0,98,0,42,0,20,0,13,0,11,
0,176,252,63,2,174,255,189,253,213,250,135,5,159,7,146,252,178,191,0,194,1,0,0,241,0,98,0,41,0,19,0,13,0,11,
0,176,252,63,2,174,255,124,253,226,250,78,6,232,7,215,252,238,191,0,193,0,255,0,240,0,98,0,42,0,20,0,14,0,11,
0,200,252,77,2,160,255,124,253,226,250,78,6,209,7,131,252,143,190,0,194,1,0,0,240,0,98,0,41,0,19,0,13,0,11,
0,8,253,51,2,148,255,124,253,226,250,78,6,0,8,240,252,94,191,0,194,1,0,0,241,0,97,0,41,0,20,0,13,0,11,
0,60,253,28,2,136,255,124,253,226,250,78,6,0,8,240,252,94,191,0,194,0,255,0,240,0,98,0,42,0,20,0,13,0,11,
0,60,253,28,2,136,255,124,253,226,250,78,6,161,8,201,252,22,192,0,195,1,0,0,240,0,97,0,41,0,19,0,13,0,11,
0,47,253,27,2,149,255,124,253,226,250,78,6,186,8,107,252,214,191,0,195,0,255,0,240,0,98,0,41,0,20,0,13,0,11,
0,29,253,27,2,139,255,124,253,226,250,78,6,85,8,95,252,229,188,0,195,1,0,0,240,0,97,0,40,0,19,0,13,0,11,
0,29,253,27,2,118,255,124,253,226,250,78,6,85,8,188,252,40,191,0,195,0,255,0,240,0,98,0,42,0,20,0,13,0,11,
0,58,253,33,2,118,255,124,253,226,250,78,6,192,7,188,252,40,191,0,195,1,0,0,240,0,97,0,40,0,18,0,12,0,11,
0,54,253,23,2,135,255,124,253,226,250,78,6,88,8,58,253,191,192,0,195,1,0,0,240,0,97,0,40,0,18,0,12,0,11,
0,65,253,13,2,136,255,124,253,226,250,78,6,102,9,210,252,240,191,0,195,0,255,0,239,0,98,0,41,0,18,0,13,0,11,
0,65,253,13,2,136,255,189,253,157,250,59,6,2,9,103,252,158,190,0,195,1,0,0,239,0,97,0,41,0,18,0,13,0,11,
0,66,253,11,2,132,255,189,253,157,250,59,6,2,9,103,252,195,189,0,196,1,0,0,240,0,97,0,41,0,19,0,13,0,11,
0,73,253,249,1,149,255,189,253,157,250,59,6,144,8,150,252,195,189,0,195,0,255,0,239,0,98,0,41,0,18,0,13,0,12,
0,42,253,219,1,148,255,189,253,157,250,59,6,38,8,245,252,142,191,0,195,1,0,0,240,0,97,0,41,0,19,0,13,0,11,
0,42,253,219,1,148,255,189,253,157,250,59,6,93,8,198,252,136,193,0,196,1,0,0,240,0,97,0,41,0,20,0,13,0,12,
0,58,253,221,1,168,255,189,253,157,250,59,6,93,8,91,252,214,191,0,196,0,255,0,240,0,98,0,41,0,20,0,13,0,12,
0,61,253,212,1,159,255,189,253,157,250,59,6,80,9,91,252,214,191,0,196,0,255,0,239,0,98,0,42,0,18,0,13,0,11,
0,103,253,206,1,166,255,189,253,157,250,59,6,210,8,178,252,212,190,0,196,0,255,0,239,0,97,0,41,0,17,0,12,0,12,
0,103,253,206,1,166,255,189,253,157,250,59,6,48,9,121,252,125,192,0,197,0,255,0,239,0,97,0,41,0,17,0,12,0,11,
0,114,253,207,1,175,255,189,253,157,250,59,6,43,9,110,252,133,190,0,196,0,255,0,239,0,97,0,36,0,18,0,14,0,12,
0,142,253,188,1,178,255,142,253,244,250,22,6,43,9,110,252,178,191,0,198,0,255,0,239,0,97,0,37,0,17,0,13,0,12,
0,142,253,188,1,181,255,142,253,244,250,22,6,181,8,115,252,178,191,0,197,0,254,0,239,0,97,0,38,0,18,0,13,0,11,
0,162,253,191,1,181,255,142,253,244,250,22,6,83,8,118,252,211,191,0,198,0,254,0,239,0,97,0,39,0,17,0,12,0,11,
0,159,253,131,1,153,255,142,253,244,250,22,6,103,8,181,252,100,193,0,198,0,254,0,238,0,97,0,40,0,18,0,13,0,11,
0,109,253,110,1,153,255,142,253,244,250,22,6,155,9,101,252,200,191,0,199,0,254,0,238,0,97,0,40,0,18,0,13,0,11,
0,109,253,110,1,153,255,142,253,244,250,22,6,155,9,101,252,200,191,0,200,0,254,0,238,0,96,0,40,0,17,0,13,0,11,
0,69,253,111,1,130,255,142,253,244,250,22,6,4,9,29,252,205,190,0,200,0,255,0,238,0,96,0,40,0,17,0,12,0,11,
0,89,253,116,1,118,255,142,253,244,250,22,6,100,8,131,252,74,191,0,200,0,254,0,238,0,97,0,40,0,18,0,13,0,11,
0,62,253,80,1,114,255,142,253,244,250,22,6,209,7,157,252,236,191,0,201,0,254,0,238,0,96,0,40,0,17,0,12,0,11,
0,62,253,80,1,114,255,142,253,244,250,22,6,209,7,157,252,94,193,0,201,0,253,0,237,0,96,0,40,0,18,0,13,0,11,
0,64,253,52,1,110,255,120,253,232,250,106,5,59,8,198,252,94,193,0,202,0,254,0,238,0,96,0,40,0,18,0,13,0,11,
0,70,253,48,1,91,255,120,253,232,250,106,5,251,8,187,252,236,192,0,202,0,253,0,237,0,96,0,41,0,18,0,13,0,11,
0,96,253,36,1,90,255,120,253,232,250,106,5,20,9,120,252,164,191,0,202,0,254,0,237,0,96,0,40,0,17,0,12,0,11,
0,96,253,36,1,90,255,120,253,232,250,106,5,143,8,149,252,0,192,0,203,0,254,0,237,0,96,0,40,0,18,0,12,0,11,
0,78,253,3,1,88,255,120,253,232,250,106,5,143,8,149,252,0,192,0,202,0,253,0,236,0,96,0,41,0,18,0,13,0,12,
0,26,253,252,0,128,255,120,253,232,250,106,5,218,8,210,252,43,191,0,203,0,254,0,236,0,96,0,41,0,19,0,13,0,11,
0,26,253,252,0,134,255,120,253,232,250,106,5,111,8,206,252,19,191,0,203,0,254,0,236,0,96,0,40,0,18,0,12,0,12,
0,29,253,253,0,134,255,120,253,232,250,106,5,182,8,249,252,165,192,0,203,0,253,0,235,0,96,0,41,0,19,0,13,0,12,
0,25,253,240,0,135,255,120,253,232,250,106,5,182,8,53,253,48,193,0,204,0,253,0,235,0,95,0,40,0,18,0,13,0,11,
0,10,253,206,0,162,255,120,253,232,250,106,5,32,9,53,253,48,193,0,204,0,253,0,234,0,96,0,41,0,18,0,13,0,11,
0,10,253,206,0,162,255,128,253,228,250,240,5,249,8,216,252,78,191,0,204,0,253,0,233,0,95,0,41,0,18,0,13,0,11,
0,3,253,203,0,167,255,128,253,228,250,240,5,14,9,247,252,200,192,0,204,0,252,0,233,0,95,0,45,0,19,0,13,0,11,
0,17,253,178,0,160,255,128,253,228,250,240,5,161,8,8,253,69,191,0,205,0,252,0,233,0,95,0,43,0,18,0,12,0,10,
0,38,253,154,0,172,255,128,253,228,250,240,5,161,8,8,253,128,192,0,204,0,251,0,232,0,95,0,43,0,19,0,13,0,11,
0,38,253,154,0,172,255,128,253,228,250,240,5,232,7,137,253,128,192,0,205,0,251,0,232,0,94,0,42,0,19,0,13,0,11,
0,31,253,166,0,162,255,128,253,228,250,240,5,224,8,81,253,100,194,0,205,0,251,0,232,0,94,0,41,0,19,0,13,0,11,
0,20,253,193,0,144,255,128,253,228,250,240,5,127,9,243,252,121,192,0,205,0,251,0,232,0,94,0,41,0,18,0,13,0,11,
0,38,253,173,0,113,255,128,253,228,250,240,5,127,9,3,253,203,189,0,205,0,251,0,232,0,93,0,40,0,18,0,12,0,11,
0,38,253,173,0,113,255,128,253,228,250,240,5,209,8,3,253,203,189,0,206,0,251,0,232,0,93,0,40,0,17,0,12,0,11,
0,67,253,146,0,107,255,128,253,228,250,240,5,119,7,198,253,70,192,0,205,0,251,0,232,0,94,0,40,0,18,0,13,0,11,
0,53,253,142,0,117,255,128,253,228,250,240,5,130,8,172,253,93,194,0,206,0,251,0,232,0,93,0,40,0,17,0,12,0,11,
0,53,253,142,0,107,255,105,253,138,250,236,5,135,9,41,253,131,192,0,206,0,250,0,231,0,94,0,40,0,18,0,13,0,11,
0,40,253,136,0,107,255,105,253,138,250,236,5,135,9,41,253,62,189,0,206,0,250,0,232,0,93,0,40,0,17,0,13,0,11,
0,42,253,147,0,100,255,105,253,138,250,236,5,104,9,40,253,62,189,0,207,0,250,0,232,0,93,0,40,0,17,0,12,0,11,
0,57,253,152,0,98,255,105,253,138,250,236,5,57,8,152,253,255,190,0,206,0,249,0,232,0,94,0,40,0,18,0,13,0,11,
0,57,253,152,0,98,255,105,253,138,250,236,5,13,8,48,254,52,193,0,207,0,249,0,232,0,93,0,40,0,18,0,13,0,11,
0,82,253,153,0,120,255,105,253,138,250,236,5,31,9,203,253,95,192,0,206,0,249,0,232,0,94,0,40,0,18,0,13,0,11,
0,96,253,108,0,107,255,105,253,138,250,236,5,31,9,203,253,95,192,0,207,0,249,0,233,0,94,0,40,0,17,0,13,0,11,
0,81,253,113,0,116,255,105,253,138,250,236,5,10,9,221,253,120,191,0,207,0,249,0,233,0,94,0,40,0,19,0,13,0,12,
0,81,253,113,0,116,255,105,253,138,250,236,5,27,9,253,253,144,190,0,207,0,249,0,233,0,94,0,40,0,18,0,13,0,11,
0,63,253,129,0,98,255,105,253,138,250,236,5,120,8,61,254,73,190,0,207,0,249,0,233,0,94,0,40,0,17,0,13,0,11,
0,44,253,132,0,58,255,124,253,132,250,18,6,120,8,36,254,6,192,0,207,0,249,0,233,0,94,0,40,0,18,0,13,0,11,
0,51,253,117,0,76,255,124,253,132,250,18,6,184,8,36,254,6,192,0,207,0,249,0,234,0,94,0,40,0,17,0,12,0,11,
0,51,253,117,0,76,255,124,253,132,250,18,6,153,8,37,254,102,192,0,207,0,248,0,233,0,94,0,40,0,18,0,13,0,11,
0,121,253,98,0,72,255,124,253,132,250,18,6,61,9,45,254,197,190,0,207,0,248,0,234,0,94,0,40,0,18,0,13,0,11,
0,128,253,114,0,41,255,124,253,132,250,18,6,231,8,59,254,198,189,0,207,0,248,0,235,0,94,0,39,0,17,0,12,0,11,
0,128,253,114,0,49,255,124,253,132,250,18,6,231,8,59,254,198,192,0,207,0,248,0,234,0,94,0,40,0,18,0,13,0,11,
0,114,253,119,0,49,255,124,253,132,250,18,6,106,8,160,254,195,192,0,207,0,249,0,235,0,94,0,40,0,17,0,12,0,11,
0,78,253,119,0,50,255,124,253,132,250,18,6,11,10,42,254,29,192,0,207,0,248,0,235,0,94,0,40,0,17,0,12,0,10,
0,167,253,134,0,56,255,124,253,132,250,18,6,243,8,19,254,221,189,0,206,0,248,0,235,0,95,0,40,0,18,0,13,0,11,
0,167,253,134,0,56,255,124,253,132,250,18,6,243,8,190,254,76,191,0,207,0,248,0,235,0,95,0,40,0,17,0,13,0,11,
0,194,253,128,0,63,255,132,253,180,250,82,5,88,8,190,254,76,191,0,206,0,248,0,235,0,95,0,40,0,18,0,13,0,11,
0,198,253,121,0,83,255,132,253,180,250,82,5,163,8,107,254,69,192,0,207,0,248,0,236,0,95,0,40,0,17,0,12,0,11,
0,183,253,124,0,73,255,132,253,180,250,82,5,252,8,178,254,200,191,0,206,0,248,0,236,0,95,0,40,0,18,0,13,0,11,
0,183,253,124,0,73,255,132,253,180,250,82,5,197,8,64,254,160,190,0,206,0,248,0,236,0,95,0,40,0,18,0,13,0,11,
0,181,253,122,0,36,255,132,253,180,250,82,5,197,8,64,254,51,191,0,207,0,249,0,237,0,95,0,40,0,17,0,13,0,11,
0,182,253,130,0,58,255,132,253,180,250,82,5,26,9,44,254,51,191,0,206,0,248,0,237,0,95,0,40,0,19,0,13,0,11,
0,157,253,130,0,63,255,132,253,180,250,82,5,19,9,99,254,28,191,0,207,0,249,0,238,0,95,0,40,0,17,0,12,0,11,
0,157,253,126,0,63,255,132,253,180,250,82,5,26,9,167,254,118,191,0,206,0,248,0,237,0,96,0,41,0,19,0,13,0,12,
0,161,253,121,0,92,255,132,253,180,250,82,5,26,9,187,254,37,191,0,206,0,249,0,238,0,96,0,41,0,18,0,13,0,12,
0,192,253,98,0,108,255,132,253,180,250,82,5,21,9,187,254,37,191,0,206,0,249,0,238,0,96,0,41,0,18,0,13,0,11,
0,192,253,98,0,97,255,60,253,186,250,115,6,120,9,131,254,12,192,0,206,0,249,0,239,0,96,0,40,0,17,0,13,0,11,
0,203,253,112,0,97,255,60,253,186,250,115,6,125,9,157,254,139,191,0,206,0,249,0,238,0,96,0,41,0,19,0,13,0,11,
0,186,253,119,0,96,255,60,253,186,250,115,6,106,8,141,254,142,190,0,207,0,249,0,239,0,96,0,40,0,17,0,12,0,11,
0,220,253,112,0,88,255,60,253,186,250,115,6,106,8,141,254,3,192,0,207,0,249,0,239,0,97,0,41,0,18,0,13,0,11,
0,220,253,112,0,88,255,60,253,186,250,115,6,43,9,123,254,3,192,0,207,0,249,0,239,0,96,0,40,0,18,0,13,0,11,
0,7,254,128,0,74,255,60,253,186,250,115,6,58,9,77,254,29,191,0,207,0,249,0,239,0,97,0,41,0,19,0,12,0,11,
0,244,253,139,0,113,255,60,253,186,250,115,6,48,9,177,254,255,190,0,207,0,249,0,239,0,96,0,40,0,18,0,12,0,11,
0,229,253,143,0,120,255,60,253,186,250,115,6,233,8,157,254,40,191,0,207,0,249,0,239,0,97,0,41,0,19,0,13,0,11,
0,229,253,143,0,120,255,60,253,186,250,115,6,233,8,157,254,40,191,0,208,0,249,0,239,0,97,0,41,0,18,0,13,0,11,
0,42,254,138,0,101,255,60,253,186,250,115,6,198,8,180,254,55,192,0,208,0,249,0,239,0,96,0,40,0,17,0,12,0,11,
0,43,254,166,0,112,255,60,253,94,250,101,6,50,9,75,254,213,191,0,208,0,249,0,239,0,97,0,41,0,19,0,13,0,11,
0,215,253,166,0,102,255,108,253,94,250,101,6,160,9,19,254,238,191,0,208,0,250,0,239,0,97,0,40,0,18,0,12,0,11,
0,215,253,187,0,102,255,108,253,94,250,101,6,160,9,90,254,96,190,0,208,0,249,0,239,0,97,0,41,0,18,0,13,0,11,
0,184,253,205,0,115,255,108,253,94,250,101,6,90,8,90,254,96,190,0,208,0,249,0,238,0,97,0,41,0,19,0,13,0,12,
0,223,253,188,0,110,255,108,253,94,250,101,6,98,9,90,254,139,192,0,209,0,249,0,238,0,97,0,41,0,19,0,13,0,12,
0,223,253,188,0,145,255,108,253,94,250,101,6,44,9,11,254,56,190,0,209,0,249,0,238,0,96,0,41,0,18,0,13,0,12,
0,238,253,196,0,145,255,108,253,94,250,101,6,127,8,69,254,228,190,0,209,0,249,0,237,0,97,0,41,0,19,0,13,0,12,
0,247,253,188,0,155,255,108,253,94,250,101,6,127,8,69,254,102,191,0,209,0,249,0,238,0,96,0,41,0,18,0,12,0,11,
0,31,254,178,0,168,255,108,253,94,250,101,6,16,9,72,254,102,191,0,209,0,248,0,237,0,97,0,41,0,19,0,13,0,12,
0,31,254,178,0,168,255,108,253,94,250,101,6,71,9,39,254,199,190,0,210,0,249,0,237,0,96,0,41,0,18,0,13,0,11,
0,73,254,165,0,128,255,108,253,94,250,101,6,218,8,10,254,77,190,0,209,0,248,0,237,0,96,0,41,0,18,0,13,0,11,
0,66,254,177,0,88,255,52,253,188,250,161,5,218,8,20,254,156,191,0,210,0,249,0,237,0,96,0,40,0,18,0,12,0,11,
0,32,254,227,0,123,255,52,253,188,250,161,5,162,9,20,254,156,191,0,210,0,248,0,236,0,96,0,41,0,19,0,13,0,11,
0,32,254,227,0,123,255,52,253,188,250,161,5,240,8,81,254,171,190,0,210,0,248,0,236,0,96,0,41,0,19,0,13,0,11,
0,97,254,227,0,143,255,52,253,188,250,161,5,152,9,51,254,156,191,0,211,0,248,0,235,0,96,0,41,0,18,0,13,0,11,
0,111,254,210,0,170,255,52,253,188,250,161,5,35,9,9,254,94,190,0,211,0,248,0,235,0,96,0,40,0,18,0,12,0,11,
0,63,254,210,0,137,255,52,253,188,250,161,5,35,9,9,254,144,190,0,211,0,248,0,235,0,95,0,40,0,17,0,12,0,10,
0,63,254,203,0,137,255,52,253,188,250,161,5,98,8,34,254,144,190,0,211,0,248,0,235,0,95,0,34,0,17,0,13,0,11,
0,43,254,187,0,113,255,52,253,188,250,161,5,79,9,75,254,71,191,0,211,0,248,0,234,0,95,0,36,0,17,0,13,0,12,
0,71,254,201,0,133,255,52,253,188,250,161,5,90,9,116,254,17,190,0,211,0,248,0,234,0,95,0,37,0,16,0,13,0,11,
0,71,254,201,0,138,255,52,253,188,250,161,5,53,9,17,254,242,189,0,211,0,247,0,234,0,95,0,38,0,17,0,13,0,11,
0,114,254,219,0,138,255,108,253,137,250,47,6,53,9,17,254,242,189,0,212,0,248,0,234,0,95,0,38,0,16,0,12,0,11,
0,89,254,233,0,134,255,108,253,137,250,47,6,127,9,71,254,15,191,0,211,0,248,0,233,0,94,0,39,0,17,0,12,0,11,
0,72,254,5,1,137,255,108,253,137,250,47,6,195,8,151,254,207,190,0,211,0,247,0,232,0,95,0,40,0,18,0,13,0,11,
0,72,254,5,1,137,255,108,253,137,250,47,6,83,9,45,254,193,190,0,211,0,248,0,233,0,94,0,40,0,17,0,13,0,11,
0,93,254,21,1,104,255,108,253,137,250,47,6,83,9,45,253,106,189,0,211,0,248,0,232,0,94,0,39,0,17,0,12,0,11,
0,85,254,252,0,82,255,108,253,137,250,47,6,71,9,231,253,106,189,0,210,0,247,0,232,0,95,0,40,0,19,0,13,0,12,
0,103,254,249,0,70,255,108,253,137,250,47,6,146,8,71,254,109,190,0,210,0,247,0,232,0,94,0,40,0,17,0,13,0,11,
0,103,254,249,0,70,255,108,253,137,250,47,6,87,9,19,254,166,190,0,210,0,247,0,232,0,94,0,40,0,18,0,13,0,12,
0,155,254,248,0,63,255,108,253,137,250,47,6,88,9,247,253,227,189,0,210,0,247,0,231,0,94,0,40,0,18,0,13,0,11,
0,186,254,239,0,90,255,108,253,137,250,47,6,88,9,247,253,227,189,0,209,0,247,0,231,0,94,0,40,0,17,0,13,0,11,
0,186,254,239,0,97,255,60,253,181,250,36,6,79,9,24,254,126,189,0,209,0,248,0,232,0,93,0,40,0,17,0,12,0,11,
0,131,254,252,0,97,255,60,253,181,250,36,6,125,9,16,254,110,190,0,208,0,248,0,232,0,93,0,39,0,17,0,12,0,11,
0,110,254,13,1,97,255,60,253,181,250,36,6,24,9,67,254,64,189,0,208,0,247,0,231,0,94,0,40,0,18,0,13,0,11,
0,159,254,252,0,68,255,60,253,181,250,36,6,24,9,80,254,111,190,0,208,0,248,0,231,0,93,0,40,0,18,0,13,0,11,
0,159,254,252,0,59,255,60,253,181,250,36,6,255,8,80,254,111,190,0,207,0,248,0,232,0,93,0,39,0,17,0,12,0,11,
0,205,254,249,0,59,255,60,253,181,250,36,6,133,9,37,254,188,190,0,206,0,248,0,231,0,94,0,40,0,18,0,13,0,11,
0,193,254,241,0,79,255,60,253,181,250,36,6,144,9,237,253,199,189,0,206,0,248,0,232,0,93,0,39,0,17,0,12,0,11,
0,191,254,238,0,71,255,60,253,181,250,36,6,56,9,223,253,183,188,0,204,0,248,0,231,0,93,0,40,0,18,0,13,0,11,
0,191,254,238,0,71,255,60,253,181,250,36,6,56,9,223,253,59,190,0,204,0,248,0,232,0,93,0,43,0,18,0,12,0,11,
0,176,254,243,0,65,255,60,253,181,250,36,6,156,8,73,254,59,190,0,203,0,248,0,232,0,94,0,43,0,18,0,12,0,11,
0,196,254,219,0,52,255,6,253,140,250,129,6,227,9,41,254,64,191,0,203,0,248,0,232,0,93,0,41,0,18,0,12,0,11,
0,221,254,216,0,27,255,6,253,140,250,129,6,34,10,24,254,51,190,0,203,0,248,0,232,0,94,0,41,0,19,0,13,0,11,
0,221,254,216,0,27,255,6,253,140,250,129,6,34,10,184,253,251,187,0,202,0,248,0,232,0,94,0,41,0,19,0,13,0,11,
0,217,254,218,0,26,255,6,253,140,250,129,6,203,9,184,253,251,187,0,201,0,248,0,232,0,94,0,41,0,19,0,14,0,11,
0,241,254,226,0,16,255,6,253,140,250,129,6,26,9,4,254,183,188,0,201,0,248,0,232,0,94,0,41,0,19,0,13,0,11,
0,241,254,226,0,20,255,6,253,140,250,129,6,218,8,121,254,211,190,0,201,0,249,0,233,0,93,0,40,0,18,0,13,0,11,
0,244,254,231,0,20,255,6,253,140,250,129,6,109,10,247,253,56,190,0,200,0,249,0,233,0,93,0,40,0,18,0,13,0,11,
0,14,255,245,0,9,255,6,253,140,250,129,6,109,10,247,253,197,187,0,199,0,249,0,233,0,94,0,40,0,19,0,13,0,12,
0,33,255,18,1,238,254,6,253,140,250,129,6,88,10,166,253,197,187,0,199,0,249,0,233,0,94,0,40,0,19,0,13,0,11,
0,33,255,18,1,226,254,6,253,140,250,129,6,27,9,58,254,152,188,0,198,0,249,0,233,0,94,0,40,0,18,0,13,0,11,
0,35,255,225,0,226,254,6,253,140,250,129,6,218,9,126,254,48,191,0,198,0,249,0,234,0,94,0,40,0,17,0,13,0,11,
0,74,255,184,0,228,254,101,253,132,250,231,5,83,10,51,254,166,191,0,197,0,250,0,234,0,94,0,40,0,17,0,12,0,11,
0,90,255,193,0,251,254,101,253,132,250,231,5,83,10,51,254,166,191,0,196,0,249,0,234,0,94,0,40,0,18,0,13,0,11,
0,90,255,193,0,251,254,101,253,132,250,231,5,12,11,177,253,52,189,0,196,0,250,0,235,0,94,0,40,0,17,0,13,0,11,
0,116,255,175,0,1,255,101,253,132,250,231,5,64,10,39,254,20,188,0,195,0,249,0,235,0,95,0,40,0,18,0,12,0,11,
0,102,255,201,0,238,254,101,253,132,250,231,5,73,9,119,254,249,189,0,195,0,249,0,235,0,94,0,40,0,17,0,12,0,11,
0,100,255,178,0,215,254,101,253,132,250,231,5,73,9,103,254,232,191,0,195,0,250,0,236,0,94,0,40,0,17,0,12,0,11,
0,100,255,178,0,215,254,101,253,132,250,231,5,79,10,103,254,232,191,0,194,0,249,0,236,0,95,0,40,0,18,0,13,0,11,
0,103,255,165,0,204,254,101,253,132,250,231,5,60,11,10,254,152,190,0,193,0,249,0,236,0,95,0,40,0,18,0,13,0,11,
0,114,255,159,0,213,254,101,253,132,250,231,5,217,10,198,253,65,187,0,193,0,249,0,236,0,95,0,40,0,17,0,13,0,11,
0,114,255,159,0,178,254,101,253,132,250,231,5,127,9,107,254,205,189,0,193,0,250,0,236,0,95,0,40,0,17,0,12,0,11,
0,130,255,118,0,178,254,16,253,127,250,245,5,127,9,107,254,205,191,0,192,0,249,0,236,0,95,0,40,0,18,0,13,0,12,
0,170,255,102,0,178,254,16,253,127,250,245,5,232,10,58,254,44,191,0,191,0,249,0,237,0,95,0,40,0,18,0,13,0,11,
0,176,255,83,0,190,254,16,253,127,250,245,5,224,10,48,254,98,190,0,191,0,249,0,238,0,95,0,40,0,18,0,12,0,11,
0,176,255,83,0,190,254,16,253,127,250,245,5,15,11,208,253,30,190,0,190,0,249,0,238,0,96,0,41,0,18,0,13,0,11,
0,169,255,77,0,169,254,16,253,127,250,245,5,15,11,163,253,222,189,0,190,0,250,0,238,0,96,0,40,0,17,0,12,0,11,
0,160,255,61,0,226,254,16,253,127,250,245,5,243,10,163,253,222,189,0,190,0,249,0,238,0,96,0,41,0,18,0,13,0,12,
0,167,255,33,0,249,254,16,253,127,250,245,5,182,10,29,254,18,190,0,190,0,249,0,237,0,96,0,41,0,18,0,13,0,11,
0,167,255,33,0,249,254,16,253,127,250,245,5,91,10,5,254,250,189,0,190,0,250,0,237,0,96,0,41,0,18,0,13,0,11,
0,152,255,11,0,7,255,16,253,127,250,245,5,236,10,175,253,97,191,0,190,0,249,0,238,0,96,0,40,0,18,0,12,0,11,
0,142,255,229,255,225,254,16,253,127,250,245,5,236,10,175,253,28,189,0,190,0,249,0,238,0,96,0,41,0,19,0,13,0,11,
0,153,255,233,255,194,254,247,252,129,250,96,5,47,11,127,253,28,189,0,190,0,249,0,238,0,96,0,40,0,18,0,12,0,11,
0,153,255,233,255,194,254,247,252,129,250,96,5,152,10,160,253,46,191,0,189,0,249,0,238,0,96,0,41,0,18,0,13,0,11,
0,144,255,246,255,217,254,247,252,129,250,96,5,92,10,251,253,254,190,0,190,0,249,0,237,0,96,0,40,0,18,0,13,0,11,
0,140,255,227,255,206,254,247,252,129,250,96,5,62,11,158,253,154,191,0,190,0,249,0,237,0,96,0,41,0,18,0,13,0,11,
0,140,255,227,255,202,254,247,252,129,250,96,5,62,11,158,253,154,191,0,189,0,248,0,236,0,96,0,41,0,18,0,13,0,11,
0,147,255,209,255,202,254,247,252,129,250,96,5,215,10,92,253,181,189,0,190,0,248,0,236,0,95,0,40,0,17,0,12,0,11,
0,161,255,206,255,218,254,247,252,129,250,96,5,187,9,191,253,195,190,0,190,0,247,0,236,0,96,0,40,0,18,0,13,0,11,
0,166,255,188,255,205,254,247,252,129,250,96,5,64,11,162,253,151,192,0,190,0,248,0,235,0,96,0,41,0,18,0,13,0,11,
0,166,255,188,255,205,254,247,252,129,250,96,5,64,11,162,252,70,188,0,190,0,247,0,236,0,96,0,41,0,18,0,13,0,11,
0,170,255,170,255,208,254,247,252,129,250,96,5,84,11,197,252,70,188,0,191,0,248,0,236,0,95,0,40,0,17,0,12,0,11,
0,194,255,114,255,159,254,36,253,133,250,237,5,215,8,204,253,253,189,0,191,0,248,0,236,0,95,0,40,0,17,0,13,0,11,
0,198,255,78,255,175,254,36,253,133,250,237,5,88,10,176,253,215,192,0,191,0,247,0,235,0,96,0,41,0,19,0,13,0,11,
0,198,255,78,255,175,254,36,253,133,250,237,5,184,11,199,252,237,190,0,191,0,247,0,234,0,96,0,41,0,18,0,13,0,11,
0,165,255,63,255,218,254,36,253,133,250,237,5,184,11,199,252,237,190,0,192,0,247,0,233,0,95,0,41,0,18,0,13,0,11,
0,163,255,51,255,203,254,36,253,133,250,237,5,38,10,53,253,78,188,0,192,0,247,0,233,0,94,0,40,0,18,0,13,0,11,
0,110,255,40,255,228,254,36,253,133,250,237,5,1,9,20,254,53,191,0,193,0,247,0,232,0,94,0,40,0,18,0,12,0,11,
0,110,255,40,255,228,254,36,253,133,250,237,5,247,10,129,253,37,193,0,193,0,246,0,232,0,95,0,41,0,19,0,13,0,11,
0,124,255,253,254,224,254,36,253,133,250,237,5,247,10,246,252,74,189,0,193,0,246,0,231,0,94,0,40,0,18,0,13,0,11,
0,153,255,238,254,225,254,36,253,133,250,237,5,224,10,246,252,74,189,0,194,0,246,0,231,0,94,0,40,0,17,0,12,0,11,
0,153,255,238,254,220,254,36,253,133,250,237,5,209,9,29,253,187,188,0,194,0,245,0,230,0,94,0,40,0,18,0,13,0,11,
0,155,255,202,254,220,254,36,253,133,250,237,5,140,9,219,253,74,191,0,195,0,246,0,230,0,93,0,40,0,17,0,12,0,11,
0,193,255,179,254,170,254,249,252,183,250,118,5,254,9,77,253,71,192,0,195,0,245,0,229,0,93,0,40,0,18,0,13,0,11,
0,176,255,185,254,185,254,249,252,183,250,118,5,254,9,77,253,102,191,0,196,0,245,0,228,0,93,0,40,0,18,0,13,0,11,
0,176,255,185,254,185,254,249,252,183,250,118,5,131,10,59,253,102,191,0,196,0,245,0,228,0,93,0,40,0,17,0,12,0,11,
0,188,255,181,254,193,254,249,252,183,250,118,5,11,10,49,253,122,189,0,197,0,245,0,228,0,92,0,39,0,17,0,12,0,10,
0,169,255,166,254,202,254,249,252,183,250,118,5,196,9,50,253,215,189,0,197,0,245,0,227,0,92,0,40,0,18,0,13,0,11,
0,162,255,123,254,226,254,249,252,183,250,118,5,196,9,146,253,112,190,0,198,0,245,0,227,0,92,0,39,0,17,0,13,0,11,
0,162,255,123,254,226,254,249,252,183,250,118,5,157,9,146,253,112,190,0,199,0,245,0,227,0,92,0,39,0,18,0,13,0,11,
0,184,255,112,254,221,254,249,252,183,250,118,5,204,9,89,253,246,190,0,200,0,246,0,228,0,91,0,38,0,16,0,12,0,11,
0,191,255,74,254,218,254,249,252,183,250,118,5,182,9,59,253,27,190,0,200,0,245,0,227,0,92,0,39,0,18,0,13,0,11,
0,205,255,47,254,212,254,249,252,183,250,118,5,187,9,143,253,213,190,0,201,0,245,0,228,0,92,0,38,0,17,0,12,0,11,
0,205,255,47,254,212,254,81,253,104,250,213,5,187,9,143,253,42,192,0,201,0,245,0,228,0,92,0,39,0,18,0,13,0,12,
0,219,255,37,254,211,254,81,253,104,250,213,5,218,9,51,253,42,192,0,202,0,246,0,228,0,91,0,38,0,18,0,13,0,11,
0,185,255,30,254,202,254,81,253,104,250,213,5,0,10,230,252,197,189,0,202,0,245,0,228,0,92,0,39,0,17,0,13,0,11,
0,185,255,30,254,194,254,81,253,104,250,213,5,122,9,232,252,128,188,0,203,0,245,0,229,0,91,0,33,0,16,0,13,0,11,
0,149,255,18,254,194,254,81,253,104,250,213,5,176,8,65,253,252,190,0,203,0,245,0,229,0,91,0,34,0,16,0,13,0,11,
0,158,255,4,254,164,254,81,253,104,250,213,5,176,8,65,253,252,190,0,203,0,245,0,229,0,92,0,36,0,17,0,13,0,12,
0,178,255,240,253,134,254,81,253,104,250,213,5,169,9,61,253,52,193,0,204,0,245,0,230,0,92,0,36,0,17,0,13,0,12,
0,178,255,240,253,134,254,81,253,104,250,213,5,222,10,178,252,240,190,0,204,0,245,0,230,0,92,0,38,0,16,0,13,0,11,
0,195,255,241,253,110,254,81,253,104,250,213,5,191,9,164,252,151,188,0,205,0,245,0,231,0,92,0,37,0,16,0,12,0,12,
0,145,255,233,253,134,254,81,253,104,250,213,5,191,9,4,253,21,190,0,205,0,245,0,231,0,92,0,38,0,16,0,12,0,11,
0,144,255,234,253,141,254,38,253,173,250,133,5,216,8,4,253,21,190,0,206,0,245,0,232,0,93,0,38,0,17,0,12,0,11,
0,144,255,234,253,141,254,38,253,173,250,133,5,79,9,13,253,183,192,0,206,0,244,0,232,0,93,0,39,0,17,0,12,0,11,
0,171,255,233,253,145,254,38,253,173,250,133,5,61,10,183,252,14,192,0,206,0,244,0,232,0,93,0,39,0,17,0,13,0,11,
0,200,255,223,253,160,254,38,253,173,250,133,5,212,9,34,252,189,189,0,207,0,244,0,232,0,93,0,39,0,17,0,12,0,11,
0,196,255,239,253,160,254,38,253,173,250,133,5,212,9,34,252,189,189,0,208,0,245,0,233,0,93,0,38,0,16,0,12,0,10,
0,196,255,239,253,160,254,38,253,173,250,133,5,122,9,125,252,203,189,0,208,0,245,0,234,0,93,0,40,0,17,0,13,0,11,
0,191,255,226,253,170,254,38,253,173,250,133,5,136,8,134,252,155,190,0,208,0,245,0,234,0,94,0,40,0,17,0,13,0,11,
0,171,255,225,253,174,254,38,253,173,250,133,5,3,9,144,252,49,192,0,208,0,245,0,235,0,94,0,40,0,18,0,13,0,11,
0,171,255,225,253,193,254,38,253,173,250,133,5,3,9,140,252,37,192,0,208,0,245,0,235,0,94,0,40,0,18,0,13,0,11,
0,181,255,246,253,193,254,38,253,173,250,133,5,155,9,140,252,37,192,0,209,0,246,0,236,0,94,0,39,0,17,0,12,0,11,
0,193,255,228,253,180,254,12,253,170,250,29,6,95,9,10,252,163,190,0,209,0,246,0,236,0,95,0,40,0,18,0,13,0,11,
0,181,255,230,253,176,254,12,253,170,250,29,6,8,9,42,252,142,192,0,209,0,246,0,237,0,95,0,40,0,18,0,13,0,11,
0,181,255,230,253,176,254,12,253,170,250,29,6,50,9,31,252,28,192,0,209,0,246,0,237,0,95,0,40,0,18,0,13,0,11,
0,213,255,205,253,176,254,12,253,170,250,29,6,50,9,31,252,119,190,0,209,0,246,0,238,0,95,0,40,0,17,0,12,0,12,
0,233,255,201,253,192,254,12,253,170,250,29,6,14,9,179,251,119,190,0,210,0,247,0,239,0,95,0,40,0,17,0,13,0,11,
0,208,255,223,253,208,254,12,253,170,250,29,6,87,8,181,251,76,191,0,209,0,246,0,239,0,96,0,45,0,19,0,13,0,11,
0,208,255,223,253,208,254,12,253,170,250,29,6,97,8,252,251,85,192,0,210,0,246,0,239,0,96,0,44,0,19,0,13,0,11,
0,194,255,244,253,228,254,12,253,170,250,29,6,97,8,184,251,117,193,0,210,0,247,0,239,0,97,0,43,0,19,0,13,0,11,
0,211,255,245,253,206,254,12,253,170,250,29,6,166,9,184,251,117,193,0,210,0,247,0,240,0,97,0,43,0,21,0,13,0,11,
0,229,255,245,253,206,254,12,253,170,250,29,6,171,9,131,251,82,191,0,210,0,247,0,241,0,96,0,42,0,19,0,12,0,11,
0,229,255,233,253,206,254,12,253,170,250,29,6,169,8,207,251,246,189,0,210,0,247,0,241,0,97,0,42,0,20,0,13,0,11,
0,216,255,250,253,230,254,130,253,159,250,155,6,82,8,237,251,251,192,0,210,0,247,0,241,0,97,0,42,0,20,0,13,0,11,
0,206,255,244,253,220,254,130,253,159,250,155,6,82,8,237,251,185,191,0,210,0,247,0,241,0,97,0,41,0,19,0,13,0,11,
0,206,255,244,253,212,254,130,253,159,250,155,6,44,9,107,251,185,191,0,211,0,247,0,241,0,97,0,41,0,19,0,13,0,11,
0,198,255,232,253,212,254,130,253,159,250,155,6,46,8,100,251,232,191,0,211,0,247,0,242,0,97,0,41,0,19,0,13,0,11,
0,187,255,232,253,223,254,130,253,159,250,155,6,22,8,135,251,28,191,0,210,0,247,0,241,0,98,0,41,0,20,0,14,0,11,
0,183,255,251,253,235,254,130,253,159,250,155,6,219,7,226,251,203,192,0,211,0,247,0,242,0,98,0,41,0,19,0,13,0,11,
0,183,255,251,253,235,254,130,253,159,250,155,6,219,7,226,251,203,192,0,211,0,248,0,242,0,97,0,41,0,19,0,13,0,11,
0,170,255,36,254,212,254,130,253,159,250,155,6,164,8,144,251,31,193,0,211,0,247,0,242,0,98,0,42,0,20,0,14,0,12,
0,177,255,35,254,201,254,130,253,159,250,155,6,8,10,49,251,101,192,0,212,0,248,0,243,0,98,0,41,0,19,0,13,0,11,
0,166,255,45,254,239,254,130,253,159,250,155,6,120,8,34,251,161,189,0,211,0,247,0,242,0,98,0,42,0,20,0,14,0,12,
0,166,255,45,254,239,254,83,253,202,250,74,5,120,8,132,251,113,192,0,212,0,248,0,242,0,99,0,42,0,20,0,14,0,12,
0,158,255,83,254,244,254,83,253,202,250,74,5,225,7,132,251,113,192,0,212,0,248,0,242,0,98,0,41,0,19,0,13,0,11,
0,120,255,95,254,250,254,83,253,202,250,74,5,226,7,144,251,117,193,0,211,0,248,0,242,0,99,0,42,0,20,0,14,0,12,
0,111,255,95,254,228,254,83,253,202,250,74,5,165,8,110,251,237,192,0,212,0,248,0,242,0,98,0,41,0,19,0,13,0,11,
0,111,255,108,254,228,254,83,253,202,250,74,5,250,8,213,250,210,191,0,211,0,248,0,241,0,99,0,42,0,20,0,14,0,12,
0,161,255,136,254,240,254,83,253,202,250,74,5,250,8,213,250,210,190,0,211,0,248,0,242,0,99,0,42,0,20,0,14,0,12,
0,159,255,147,254,252,254,83,253,202,250,74,5,106,8,221,250,103,190,0,211,0,248,0,241,0,99,0,42,0,20,0,14,0,11,
0,159,255,147,254,4,255,83,253,202,250,74,5,146,7,176,251,40,192,0,211,0,249,0,241,0,98,0,41,0,19,0,13,0,11,
0,133,255,146,254,4,255,83,253,202,250,74,5,104,8,51,251,137,193,0,210,0,248,0,241,0,98,0,42,0,20,0,13,0,11,
0,118,255,152,254,5,255,83,253,202,250,74,5,104,8,13,251,21,193,0,210,0,248,0,241,0,98,0,42,0,20,0,13,0,11,
0,124,255,170,254,12,255,87,253,137,250,255,5,27,9,13,251,21,193,0,210,0,249,0,241,0,97,0,41,0,19,0,12,0,11,
0,124,255,170,254,12,255,87,253,137,250,255,5,203,7,241,250,95,191,0,209,0,248,0,241,0,98,0,41,0,19,0,13,0,11,
0,106,255,163,254,11,255,87,253,137,250,255,5,83,8,252,250,190,192,0,209,0,249,0,241,0,98,0,41,0,18,0,13,0,11,
0,67,255,180,254,11,255,87,253,137,250,255,5,150,8,226,250,49,192,0,208,0,249,0,241,0,98,0,41,0,19,0,12,0,11,
0,56,255,202,254,13,255,87,253,137,250,255,5,150,8,226,250,255,190,0,208,0,249,0,240,0,98,0,41,0,20,0,13,0,11,
0,56,255,202,254,13,255,87,253,137,250,255,5,14,8,218,250,255,190,0,207,0,249,0,240,0,98,0,41,0,19,0,13,0,11,
0,63,255,210,254,6,255,87,253,137,250,255,5,155,7,35,251,122,192,0,207,0,249,0,240,0,98,0,41,0,19,0,13,0,11,
0,63,255,226,254,249,254,87,253,137,250,255,5,241,7,27,251,82,193,0,206,0,249,0,240,0,98,0,41,0,19,0,13,0,11,
0,42,255,226,254,5,255,87,253,137,250,255,5,241,8,197,250,76,193,0,206,0,249,0,240,0,97,0,41,0,18,0,13,0,11,
0,42,255,223,254,5,255,87,253,137,250,255,5,198,8,197,250,76,193,0,205,0,249,0,240,0,98,0,41,0,20,0,13,0,11,
0,67,255,252,254,19,255,65,253,222,250,35,6,156,8,130,250,130,191,0,204,0,249,0,239,0,97,0,41,0,18,0,13,0,11,
0,95,255,54,255,29,255,65,253,222,250,35,6,97,8,142,250,165,191,0,204,0,249,0,239,0,98,0,42,0,18,0,13,0,12,
0,95,255,54,255,38,255,65,253,222,250,35,6,75,7,35,251,213,191,0,203,0,249,0,239,0,98,0,42,0,19,0,14,0,12,
0,85,255,60,255,38,255,65,253,222,250,35,6,75,7,35,251,112,194,0,203,0,250,0,239,0,97,0,41,0,18,0,13,0,11,
0,49,255,84,255,28,255,65,253,222,250,35,6,20,8,28,251,112,194,0,203,0,250,0,239,0,98,0,42,0,19,0,13,0,12,
0,41,255,106,255,29,255,65,253,222,250,35,6,154,8,181,250,193,192,0,202,0,250,0,239,0,98,0,42,0,19,0,13,0,11,
0,41,255,106,255,29,255,65,253,222,250,35,6,121,8,223,250,246,191,0,201,0,250,0,239,0,97,0,41,0,18,0,13,0,11,
0,31,255,96,255,38,255,65,253,222,250,35,6,29,8,226,250,19,192,0,201,0,251,0,239,0,97,0,41,0,18,0,13,0,11,
0,51,255,108,255,249,254,65,253,222,250,35,6,29,8,226,250,19,192,0,201,0,251,0,239,0,97,0,41,0,18,0,12,0,11,
0,74,255,132,255,240,254,65,253,222,250,35,6,92,8,4,251,183,192,0,200,0,250,0,238,0,97,0,41,0,19,0,13,0,11,
0,74,255,132,255,240,254,65,253,222,250,51,6,8,8,125,250,7,192,0,200,0,250,0,238,0,97,0,41,0,19,0,13,0,11,
0,12,255,132,255,248,254,22,253,150,250,51,6,118,8,130,250,31,192,0,200,0,251,0,238,0,96,0,40,0,18,0,12,0,11,
0,233,254,167,255,20,255,22,253,150,250,51,6,118,8,34,251,19,192,0,199,0,250,0,236,0,97,0,41,0,19,0,13,0,11,
0,233,254,167,255,25,255,22,253,150,250,51,6,189,7,34,251,19,192,0,199,0,250,0,236,0,96,0,40,0,17,0,12,0,11,
0,227,254,166,255,25,255,22,253,150,250,51,6,171,7,11,251,47,194,0,198,0,250,0,237,0,96,0,41,0,18,0,13,0,11,
0,240,254,189,255,26,255,22,253,150,250,51,6,49,9,174,250,141,193,0,197,0,251,0,239,0,96,0,40,0,18,0,13,0,11,
0,245,254,176,255,12,255,22,253,150,250,51,6,160,8,39,250,100,190,0,195,0,251,0,239,0,97,0,41,0,18,0,13,0,11,
0,245,254,176,255,247,254,22,253,150,250,51,6,160,8,39,250,100,191,0,195,0,252,0,239,0,96,0,40,0,17,0,12,0,11,
0,252,254,158,255,247,254,22,253,150,250,51,6,196,7,133,250,76,191,0,194,0,252,0,238,0,97,0,41,0,19,0,13,0,12,
0,20,255,177,255,20,255,22,253,150,250,51,6,40,8,235,250,3,194,0,194,0,252,0,237,0,97,0,41,0,19,0,13,0,11,
0,9,255,181,255,41,255,22,253,150,250,51,6,3,9,253,250,169,193,0,193,0,251,0,236,0,96,0,41,0,19,0,13,0,11,
0,9,255,181,255,41,255,82,253,110,250,226,5,3,9,83,250,253,191,0,193,0,251,0,235,0,96,0,41,0,18,0,13,0,11,
0,254,254,215,255,15,255,82,253,110,250,226,5,248,8,83,250,253,191,0,194,0,251,0,236,0,96,0,40,0,18,0,13,0,11,
0,11,255,220,255,2,255,82,253,110,250,226,5,196,8,85,250,95,190,0,193,0,251,0,237,0,96,0,40,0,18,0,13,0,11,
0,14,255,208,255,13,255,82,253,110,250,226,5,250,7,159,250,246,190,0,191,0,251,0,238,0,96,0,41,0,18,0,13,0,11,
0,14,255,208,255,13,255,82,253,110,250,226,5,6,8,186,250,157,192,0,190,0,251,0,239,0,97,0,41,0,19,0,13,0,11,
0,214,254,218,255,51,255,82,253,110,250,226,5,6,8,186,250,186,192,0,190,0,252,0,239,0,97,0,41,0,18,0,13,0,11,
0,174,254,11,0,49,255,82,253,110,250,226,5,111,8,204,250,186,192,0,190,0,253,0,239,0,96,0,40,0,18,0,12,0,11,
0,174,254,11,0,22,255,82,253,110,250,226,5,192,8,84,250,166,191,0,189,0,252,0,237,0,97,0,41,0,19,0,13,0,11,
0,214,254,251,255,22,255,82,253,110,250,226,5,176,8,114,250,151,191,0,189,0,251,0,235,0,96,0,41,0,19,0,13,0,11,
0,198,254,251,255,1,255,82,253,110,250,226,5,133,8,146,250,54,192,0,190,0,251,0,235,0,96,0,41,0,18,0,13,0,12,
0,146,254,5,0,253,254,106,253,228,250,255,5,133,8,146,250,54,192,0,188,0,251,0,236,0,95,0,35,0,17,0,13,0,11,
0,146,254,5,0,7,255,106,253,228,250,255,5,139,8,135,250,64,191,0,186,0,252,0,239,0,95,0,36,0,16,0,12,0,11,
0,170,254,29,0,7,255,106,253,228,250,255,5,219,7,152,250,130,192,0,185,0,252,0,241,0,96,0,38,0,19,0,13,0,11,
0,192,254,9,0,12,255,106,253,228,250,255,5,146,8,206,250,237,193,0,184,0,253,0,241,0,97,0,38,0,19,0,13,0,11,
0,187,254,246,255,31,255,106,253,228,250,255,5,146,8,206,250,27,192,0,184,0,254,0,240,0,97,0,40,0,19,0,13,0,11,
0,187,254,246,255,31,255,106,253,228,250,255,5,125,9,125,250,27,192,0,185,0,253,0,239,0,97,0,40,0,16,0,13,0,11,
0,181,254,248,255,44,255,106,253,228,250,255,5,203,8,11,250,15,190,0,187,0,253,0,238,0,96,0,40,0,17,0,12,0,11,
0,188,254,255,255,28,255,106,253,228,250,255,5,34,8,157,250,218,191,0,187,0,252,0,238,0,96,0,40,0,17,0,12,0,11,
0,197,254,243,255,11,255,106,253,228,250,255,5,137,8,196,250,239,193,0,185,0,252,0,239,0,97,0,41,0,18,0,13,0,11,
0,197,254,243,255,11,255,106,253,228,250,255,5,137,8,196,250,239,193,0,185,0,253,0,242,0,97,0,41,0,20,0,13,0,12,
0,189,254,236,255,4,255,66,253,126,250,160,6,11,10,82,250,66,191,0,184,0,254,0,242,0,98,0,41,0,20,0,13,0,11,
0,180,254,222,255,17,255,66,253,126,250,160,6,206,8,134,250,46,191,0,184,0,254,0,240,0,97,0,41,0,19,0,13,0,11,
0,180,254,222,255,29,255,66,253,126,250,160,6,119,8,224,250,243,191,0,185,0,254,0,238,0,97,0,41,0,17,0,13,0,11,
0,180,254,185,255,29,255,66,253,126,250,160,6,119,8,150,250,103,193,0,185,0,252,0,237,0,97,0,41,0,18,0,13,0,12,
0,172,254,185,255,29,255,66,253,126,250,160,6,217,8,150,250,103,193,0,186,0,252,0,239,0,97,0,41,0,18,0,13,0,11,
0,189,254,178,255,253,254,66,253,126,250,160,6,46,9,127,250,206,192,0,185,0,252,0,240,0,97,0,41,0,20,0,13,0,11,
0,189,254,178,255,253,254,66,253,126,250,160,6,129,9,16,250,204,191,0,185,0,254,0,241,0,97,0,41,0,19,0,13,0,11,
0,183,254,200,255,232,254,66,253,126,250,160,6,123,8,24,250,95,190,0,187,0,254,0,239,0,97,0,41,0,17,0,13,0,11,
0,140,254,202,255,5,255,66,253,126,250,160,6,123,8,24,250,253,192,0,187,0,253,0,238,0,97,0,41,0,18,0,13,0,11,
0,119,254,201,255,22,255,66,253,126,250,160,6,146,7,234,250,253,192,0,187,0,253,0,238,0,96,0,40,0,17,0,12,0,11,
0,119,254,201,255,22,255,115,253,149,250,14,6,103,8,138,250,104,195,0,187,0,251,0,238,0,97,0,41,0,18,0,13,0,11,
0,93,254,229,255,30,255,115,253,149,250,14,6,58,9,61,250,0,193,0,187,0,252,0,238,0,97,0,45,0,19,0,13,0,11,
0,54,254,237,255,57,255,115,253,149,250,14,6,58,9,34,250,108,190,0,188,0,252,0,238,0,96,0,44,0,18,0,12,0,10,
0,75,254,2,0,59,255,115,253,149,250,14,6,210,8,34,250,108,190,0,188,0,252,0,237,0,96,0,43,0,19,0,12,0,11,
0,75,254,2,0,59,255,115,253,149,250,14,6,235,7,90,250,94,191,0,188,0,251,0,237,0,96,0,43,0,19,0,13,0,11,
0,117,254,231,255,60,255,115,253,149,250,14,6,12,8,172,250,120,193,0,188,0,251,0,238,0,96,0,42,0,19,0,13,0,11,
0,138,254,209,255,88,255,115,253,149,250,14,6,213,8,113,250,146,193,0,188,0,252,0,238,0,96,0,42,0,18,0,13,0,11,
0,138,254,209,255,93,255,115,253,149,250,14,6,213,8,113,250,187,192,0,188,0,252,0,237,0,97,0,42,0,19,0,13,0,11,
0,97,254,213,255,93,255,115,253,149,250,14,6,236,8,79,250,187,192,0,188,0,251,0,237,0,96,0,41,0,19,0,13,0,11,
0,77,254,219,255,93,255,115,253,149,250,14,6,127,8,51,250,249,191,0,189,0,252,0,237,0,96,0,41,0,19,0,13,0,11,
0,84,254,206,255,101,255,115,253,149,250,14,6,235,7,128,250,47,192,0,190,0,251,0,237,0,96,0,41,0,19,0,13,0,11,
0,84,254,206,255,101,255,33,253,224,250,237,4,159,7,2,250,72,193,0,190,0,251,0,237,0,96,0,41,0,18,0,13,0,11,
0,94,254,227,255,112,255,33,253,224,250,237,4,159,7,2,250,72,193,0,190,0,251,0,236,0,96,0,41,0,19,0,13,0,11,
0,96,254,217,255,94,255,33,253,224,250,237,4,73,8,67,250,219,192,0,190,0,250,0,235,0,96,0,41,0,19,0,13,0,12,
0,82,254,183,255,83,255,33,253,224,250,237,4,154,8,88,250,220,192,0,191,0,250,0,235,0,96,0,41,0,19,0,13,0,11,
0,82,254,183,255,83,255,33,253,224,250,237,4,59,8,17,250,227,191,0,191,0,250,0,235,0,95,0,41,0,18,0,13,0,11,
0,61,254,212,255,104,255,33,253,224,250,237,4,59,8,17,250,220,191,0,192,0,250,0,235,0,95,0,40,0,18,0,12,0,11,
0,23,254,191,255,109,255,33,253,224,250,237,4,157,7,99,250,220,191,0,192,0,250,0,235,0,95,0,40,0,17,0,12,0,11,
0,17,254,175,255,117,255,33,253,224,250,237,4,186,7,111,250,103,193,0,191,0,250,0,234,0,95,0,40,0,18,0,13,0,11,
0,17,254,175,255,117,255,33,253,224,250,237,4,106,8,125,250,179,192,0,192,0,249,0,233,0,95,0,40,0,18,0,13,0,11,
0,48,254,166,255,115,255,33,253,224,250,237,4,7,8,127,250,220,191,0,193,0,249,0,233,0,94,0,40,0,18,0,13,0,11,
0,33,254,173,255,83,255,95,253,154,250,28,6,7,8,127,250,220,191,0,193,0,249,0,233,0,94,0,40,0,17,0,12,0,11,
0,33,254,173,255,78,255,95,253,154,250,28,6,19,8,93,250,77,192,0,194,0,249,0,233,0,94,0,40,0,17,0,12,0,11,
0,21,254,180,255,78,255,95,253,154,250,28,6,39,7,107,250,67,192,0,194,0,249,0,232,0,94,0,40,0,18,0,13,0,11,
0,3,254,206,255,81,255,95,253,154,250,28,6,55,7,161,250,131,193,0,194,0,249,0,232,0,94,0,40,0,18,0,13,0,11,
0,15,254,229,255,107,255,95,253,154,250,28,6,55,7,129,250,35,193,0,194,0,249,0,232,0,94,0,40,0,18,0,12,0,11,
0,15,254,229,255,107,255,95,253,154,250,28,6,17,8,129,250,35,193,0,195,0,249,0,232,0,94,0,40,0,17,0,12,0,11,
0,7,254,206,255,140,255,95,253,154,250,28,6,19,8,54,250,164,191,0,195,0,249,0,232,0,93,0,40,0,17,0,13,0,11,
0,249,253,194,255,147,255,95,253,154,250,28,6,79,7,92,250,34,191,0,195,0,248,0,231,0,94,0,40,0,18,0,13,0,11,
0,15,254,197,255,145,255,95,253,154,250,28,6,48,6,209,250,38,192,0,196,0,248,0,231,0,94,0,40,0,18,0,13,0,11,
0,15,254,197,255,145,255,95,253,154,250,28,6,48,6,209,250,212,193,0,196,0,248,0,231,0,93,0,40,0,18,0,13,0,11,
0,17,254,211,255,152,255,86,253,186,250,42,5,147,7,78,251,212,193,0,196,0,248,0,231,0,93,0,40,0,17,0,13,0,12,
0,255,253,232,255,144,255,86,253,186,250,42,5,121,7,198,250,80,193,0,197,0,248,0,231,0,93,0,40,0,17,0,12,0,11,
0,253,253,215,255,130,255,86,253,186,250,42,5,67,8,148,250,234,191,0,197,0,248,0,230,0,93,0,40,0,18,0,13,0,11,
0,253,253,215,255,130,255,86,253,186,250,42,5,67,8,135,250,161,190,0,196,0,248,0,230,0,93,0,40,0,18,0,13,0,11,
0,235,253,207,255,131,255,86,253,186,250,42,5,129,7,135,250,161,190,0,196,0,248,0,230,0,93,0,40,0,18,0,13,0,11,
0,236,253,213,255,121,255,86,253,186,250,42,5,112,6,76,251,254,191,0,197,0,248,0,231,0,93,0,39,0,18,0,13,0,11,
0,236,253,213,255,112,255,86,253,186,250,42,5,89,7,34,251,12,193,0,197,0,249,0,231,0,93,0,39,0,17,0,12,0,10,
0,0,254,234,255,112,255,86,253,186,250,42,5,60,8,168,250,236,191,0,197,0,248,0,230,0,93,0,40,0,18,0,13,0,11,
0,8,254,5,0,143,255,86,253,186,250,42,5,60,8,168,250,13,189,0,197,0,248,0,230,0,93,0,40,0,18,0,13,0,11,
0,35,254,13,0,187,255,86,253,186,250,42,5,92,7,196,250,13,189,0,197,0,248,0,230,0,93,0,39,0,17,0,13,0,11,
0,35,254,13,0,187,255,2,253,206,250,41,6,16,7,194,251,134,192,0,197,0,248,0,232,0,93,0,39,0,17,0,12,0,11,
0,48,254,248,255,193,255,2,253,206,250,41,6,138,7,117,251,25,194,0,197,0,248,0,231,0,93,0,40,0,18,0,13,0,11,
0,41,254,5,0,175,255,2,253,206,250,41,6,64,8,22,251,130,190,0,197,0,248,0,232,0,93,0,40,0,18,0,13,0,11,
0,24,254,1,0,167,255,2,253,206,250,41,6,64,8,22,251,130,190,0,196,0,248,0,232,0,93,0,40,0,18,0,13,0,11,
0,24,254,1,0,167,255,2,253,206,250,41,6,171,7,10,251,92,190,0,196,0,248,0,232,0,93,0,40,0,17,0,13,0,11,
0,19,254,6,0,147,255,2,253,206,250,41,6,34,7,184,251,215,191,0,196,0,249,0,233,0,93,0,39,0,17,0,12,0,11,
0,38,254,23,0,154,255,2,253,206,250,41,6,119,7,152,251,99,193,0,196,0,249,0,233,0,93,0,39,0,17,0,12,0,11,
0,63,254,30,0,176,255,2,253,206,250,41,6,119,7,155,251,246,191,0,196,0,248,0,233,0,94,0,40,0,18,0,13,0,11,
0,63,254,30,0,176,255,2,253,206,250,41,6,25,8,155,251,246,191,0,196,0,249,0,234,0,94,0,40,0,18,0,13,0,11,
0,103,254,37,0,158,255,2,253,206,250,41,6,69,8,124,251,220,190,0,195,0,249,0,234,0,94,0,40,0,18,0,12,0,11,
0,114,254,41,0,167,255,2,253,206,250,41,6,170,7,230,251,117,190,0,196,0,249,0,235,0,94,0,40,0,18,0,13,0,11,
0,114,254,41,0,204,255,122,253,102,250,101,6,242,7,209,251,139,192,0,196,0,250,0,235,0,94,0,40,0,17,0,12,0,11,
0,89,254,55,0,204,255,122,253,102,250,101,6,242,7,209,251,139,191,0,195,0,249,0,235,0,95,0,40,0,18,0,13,0,11,
0,50,254,76,0,204,255,122,253,102,250,101,6,77,8,205,251,38,191,0,195,0,249,0,235,0,95,0,40,0,18,0,13,0,11,
0,71,254,82,0,183,255,122,253,102,250,101,6,183,7,15,252,13,192,0,195,0,249,0,235,0,95,0,40,0,18,0,12,0,11,
0,71,254,82,0,183,255,122,253,102,250,101,6,231,7,3,252,9,193,0,196,0,249,0,236,0,95,0,40,0,17,0,13,0,11,
0,82,254,93,0,197,255,122,253,102,250,101,6,231,7,209,251,76,191,0,196,0,250,0,236,0,95,0,40,0,17,0,12,0,11,
0,78,254,48,0,194,255,122,253,102,250,101,6,33,9,209,251,76,191,0,195,0,250,0,237,0,95,0,40,0,18,0,13,0,11,
0,101,254,54,0,214,255,122,253,102,250,101,6,20,8,210,251,195,189,0,195,0,250,0,237,0,95,0,40,0,18,0,13,0,11,
0,101,254,54,0,214,255,122,253,102,250,101,6,71,7,24,252,77,192,0,195,0,250,0,237,0,95,0,40,0,18,0,12,0,11,
0,129,254,44,0,220,255,122,253,102,250,101,6,193,8,127,252,249,193,0,196,0,250,0,237,0,95,0,40,0,17,0,12,0,11,
0,127,254,45,0,165,255,36,253,157,250,108,5,193,8,127,252,16,192,0,196,0,250,0,237,0,95,0,40,0,17,0,12,0,11,
0,126,254,45,0,198,255,36,253,157,250,108,5,66,9,17,252,16,192,0,196,0,250,0,237,0,96,0,40,0,18,0,13,0,11,
0,126,254,59,0,198,255,36,253,157,250,108,5,44,8,237,251,75,190,0,196,0,250,0,237,0,96,0,40,0,18,0,13,0,11,
0,122,254,87,0,225,255,36,253,157,250,108,5,41,7,19,252,113,191,0,196,0,250,0,237,0,96,0,40,0,18,0,12,0,11,
0,113,254,121,0,225,255,36,253,157,250,108,5,41,7,125,252,95,193,0,196,0,250,0,238,0,95,0,40,0,18,0,13,0,11,
0,113,254,121,0,223,255,36,253,157,250,108,5,196,7,125,252,95,193,0,196,0,251,0,237,0,96,0,41,0,18,0,13,0,12,
0,106,254,113,0,223,255,36,253,157,250,108,5,22,9,181,251,99,193,0,196,0,250,0,237,0,96,0,35,0,17,0,13,0,12,
0,118,254,101,0,208,255,36,253,157,250,108,5,85,8,67,251,154,189,0,195,0,251,0,237,0,96,0,36,0,17,0,13,0,12,
0,115,254,130,0,224,255,36,253,157,250,108,5,101,7,36,252,206,192,0,195,0,250,0,237,0,96,0,37,0,17,0,12,0,11,
0,115,254,130,0,224,255,36,253,157,250,108,5,101,7,36,252,157,193,0,196,0,250,0,237,0,96,0,38,0,17,0,12,0,11,
0,110,254,123,0,223,255,16,253,135,250,132,5,40,8,24,252,157,193,0,195,0,250,0,237,0,96,0,40,0,18,0,13,0,12,
0,102,254,112,0,1,0,16,253,135,250,132,5,209,8,229,251,191,192,0,195,0,250,0,237,0,96,0,40,0,18,0,13,0,12,
0,84,254,102,0,17,0,16,253,135,250,132,5,40,8,149,251,41,190,0,195,0,250,0,237,0,96,0,40,0,18,0,13,0,11,
0,84,254,102,0,17,0,16,253,135,250,132,5,80,7,53,252,48,192,0,195,0,250,0,238,0,96,0,40,0,18,0,12,0,11,
0,76,254,111,0,246,255,16,253,135,250,132,5,80,7,53,252,48,192,0,195,0,251,0,238,0,96,0,40,0,18,0,13,0,11,
0,91,254,110,0,235,255,16,253,135,250,132,5,92,8,10,252,29,194,0,195,0,251,0,238,0,96,0,40,0,17,0,12,0,11,
0,123,254,110,0,235,255,16,253,135,250,132,5,232,8,125,251,69,191,0,194,0,251,0,238,0,96,0,40,0,18,0,13,0,11,
0,123,254,91,0,235,255,16,253,135,250,132,5,116,7,164,251,25,191,0,195,0,251,0,238,0,96,0,40,0,18,0,13,0,11,
0,160,254,114,0,240,255,16,253,135,250,132,5,116,7,24,252,38,193,0,194,0,251,0,237,0,96,0,40,0,18,0,12,0,11,
0,182,254,128,0,5,0,16,253,135,250,132,5,24,8,24,252,38,193,0,194,0,251,0,238,0,96,0,40,0,17,0,12,0,11,
0,182,254,128,0,11,0,89,253,100,250,229,5,159,8,211,251,151,191,0,193,0,250,0,237,0,96,0,40,0,18,0,13,0,11,
0,182,254,124,0,11,0,89,253,100,250,229,5,141,8,202,251,124,192,0,193,0,250,0,238,0,96,0,40,0,18,0,13,0,11,
0,139,254,152,0,22,0,89,253,100,250,229,5,249,7,169,251,106,190,0,194,0,251,0,238,0,96,0,40,0,18,0,13,0,11,
0,155,254,160,0,19,0,89,253,100,250,229,5,249,7,169,251,122,191,0,193,0,251,0,238,0,96,0,40,0,18,0,12,0,11,
0,155,254,160,0,19,0,89,253,100,250,229,5,117,7,15,252,122,191,0,193,0,251,0,239,0,96,0,40,0,18,0,13,0,11,
0,155,254,134,0,43,0,89,253,100,250,229,5,130,7,86,252,188,192,0,193,0,251,0,239,0,96,0,40,0,17,0,12,0,11,
0,153,254,113,0,50,0,89,253,100,250,229,5,90,8,22,252,241,192,0,193,0,251,0,239,0,97,0,41,0,19,0,13,0,11,
0,199,254,130,0,25,0,89,253,100,250,229,5,90,8,176,251,202,191,0,193,0,251,0,239,0,97,0,41,0,19,0,13,0,11,
0,199,254,130,0,25,0,89,253,100,250,229,5,243,8,176,251,202,191,0,193,0,252,0,239,0,97,0,45,0,19,0,12,0,11,
0,242,254,142,0,43,0,89,253,100,250,229,5,0,8,95,251,91,189,0,193,0,252,0,240,0,97,0,44,0,21,0,13,0,11,
0,224,254,141,0,49,0,89,253,100,250,229,5,117,7,2,252,9,191,0,193,0,252,0,240,0,97,0,43,0,20,0,13,0,11,
0,215,254,141,0,45,0,47,253,157,250,231,4,36,8,49,252,222,192,0,193,0,252,0,240,0,97,0,43,0,21,0,13,0,11,
0,215,254,151,0,45,0,47,253,157,250,231,4,36,8,49,252,61,191,0,193,0,253,0,240,0,97,0,43,0,21,0,14,0,11,
0,248,254,154,0,37,0,47,253,157,250,231,4,129,8,231,251,61,191,0,192,0,253,0,241,0,97,0,42,0,20,0,13,0,11,
0,235,254,151,0,51,0,47,253,157,250,231,4,52,8,240,251,236,190,0,193,0,254,0,241,0,97,0,42,0,19,0,13,0,11,
0,235,254,151,0,70,0,47,253,157,250,231,4,48,8,54,252,74,192,0,193,0,254,0,241,0,97,0,42,0,20,0,13,0,11,
0,222,254,166,0,70,0,47,253,157,250,231,4,64,8,207,251,93,192,0,193,0,253,0,241,0,98,0,42,0,20,0,14,0,11,
0,208,254,168,0,99,0,47,253,157,250,231,4,64,8,207,251,93,192,0,193,0,253,0,241,0,98,0,42,0,20,0,13,0,11,
0,195,254,176,0,107,0,47,253,157,250,231,4,207,8,108,251,21,191,0,194,0,253,0,242,0,98,0,41,0,19,0,13,0,11,
0,195,254,176,0,107,0,47,253,157,250,231,4,104,8,125,251,125,189,0,194,0,254,0,242,0,97,0,41,0,19,0,13,0,11,
0,195,254,177,0,86,0,47,253,157,250,231,4,188,7,175,251,244,190,0,195,0,255,0,242,0,98,0,41,0,19,0,13,0,11,
0,201,254,204,0,78,0,74,253,94,250,72,6,188,7,175,251,3,193,0,195,0,255,0,241,0,98,0,42,0,20,0,13,0,11,
0,187,254,184,0,82,0,74,253,94,250,72,6,30,8,237,251,3,193,0,195,0,255,0,242,0,99,0,41,0,20,0,13,0,11,
0,187,254,184,0,82,0,74,253,94,250,72,6,61,9,217,251,229,192,0,196,1,0,0,242,0,98,0,41,0,19,0,13,0,11,
0,215,254,164,0,64,0,74,253,94,250,72,6,70,9,64,251,108,190,0,196,1,0,0,242,0,99,0,42,0,20,0,13,0,11,
0,232,254,189,0,86,0,74,253,94,250,72,6,190,8,174,251,116,189,0,197,1,0,0,242,0,98,0,41,0,19,0,13,0,11,
0,232,254,189,0,80,0,74,253,94,250,72,6,190,8,174,251,116,189,0,198,1,0,0,242,0,99,0,42,0,20,0,13,0,12,
0,215,254,200,0,80,0,74,253,94,250,72,6,52,8,217,251,153,190,0,199,1,1,0,242,0,99,0,42,0,20,0,13,0,12,
0,205,254,192,0,90,0,74,253,94,250,72,6,105,8,238,251,122,192,0,199,1,0,0,242,0,98,0,42,0,20,0,13,0,11,
0,243,254,181,0,116,0,74,253,94,250,72,6,94,9,125,251,147,191,0,200,1,1,0,242,0,98,0,41,0,19,0,13,0,12,
0,243,254,181,0,131,0,74,253,94,250,72,6,94,9,121,251,38,189,0,200,1,1,0,242,0,98,0,41,0,19,0,13,0,11,
0,254,254,173,0,131,0,83,253,133,250,149,5,18,9,121,251,38,189,0,201,1,1,0,241,0,99,0,42,0,20,0,14,0,12,
0,13,255,157,0,150,0,83,253,133,250,149,5,133,8,146,251,251,191,0,202,1,1,0,242,0,99,0,42,0,20,0,14,0,11,
0,13,255,149,0,171,0,83,253,133,250,149,5,213,8,130,251,101,191,0,203,1,2,0,242,0,99,0,42,0,20,0,13,0,11,
0,13,255,149,0,171,0,83,253,133,250,149,5,27,9,191,251,244,191,0,204,1,2,0,243,0,98,0,41,0,19,0,13,0,12,
0,10,255,162,0,139,0,83,253,133,250,149,5,27,9,191,251,14,191,0,205,1,3,0,243,0,98,0,41,0,19,0,13,0,11,
0,242,254,187,0,150,0,83,253,133,250,149,5,48,9,100,251,14,191,0,206,1,3,0,242,0,99,0,42,0,20,0,13,0,11,
0,3,255,162,0,158,0,83,253,133,250,149,5,93,9,167,251,183,190,0,206,1,3,0,241,0,98,0,41,0,20,0,13,0,11,
0,3,255,162,0,158,0,83,253,133,250,149,5,63,9,183,251,139,191,0,207,1,3,0,241,0,98,0,41,0,19,0,13,0,11,
0,46,255,138,0,155,0,83,253,133,250,149,5,63,9,219,251,214,191,0,208,1,4,0,241,0,98,0,41,0,19,0,13,0,12,
0,42,255,113,0,174,0,83,253,133,250,149,5,90,9,219,251,214,191,0,209,1,4,0,241,0,98,0,41,0,19,0,13,0,11,
0,42,255,113,0,165,0,223,252,173,250,146,6,88,10,152,251,240,189,0,210,1,4,0,241,0,98,0,41,0,20,0,13,0,11,
0,32,255,97,0,165,0,223,252,173,250,146,6,112,9,209,251,8,192,0,211,1,4,0,241,0,98,0,41,0,19,0,13,0,11,
0,244,254,68,0,170,0,223,252,173,250,146,6,159,9,193,251,235,190,0,211,1,4,0,241,0,98,0,41,0,19,0,13,0,11,
0,7,255,33,0,186,0,223,252,173,250,146,6,159,9,193,251,24,191,0,212,1,5,0,241,0,97,0,41,0,19,0,13,0,11,
0,7,255,33,0,180,0,223,252,173,250,146,6,181,9,229,251,24,191,0,213,1,4,0,241,0,98,0,42,0,20,0,14,0,12,
0,19,255,36,0,180,0,223,252,173,250,146,6,73,9,67,252,247,190,0,214,1,5,0,241,0,98,0,42,0,19,0,14,0,12,
0,6,255,43,0,187,0,223,252,173,250,146,6,198,9,21,252,29,191,0,215,1,5,0,241,0,98,0,42,0,20,0,14,0,12,
0,255,254,16,0,173,0,223,252,173,250,146,6,135,9,4,252,139,190,0,216,1,5,0,240,0,98,0,41,0,19,0,13,0,11,
0,255,254,16,0,173,0,223,252,173,250,146,6,135,9,4,252,139,190,0,217,1,5,0,240,0,98,0,41,0,19,0,13,0,12,
0,253,254,248,255,170,0,223,252,173,250,146,6,57,9,66,252,153,189,0,218,1,5,0,240,0,97,0,41,0,18,0,13,0,11,
0,255,254,2,0,173,0,223,252,173,250,93,6,242,8,201,252,123,190,0,218,1,4,0,240,0,98,0,42,0,20,0,14,0,12,
0,16,255,38,0,198,0,52,253,116,250,93,6,136,9,155,252,118,192,0,218,1,4,0,240,0,98,0,41,0,20,0,13,0,12,
0,16,255,38,0,198,0,52,253,116,250,93,6,136,9,147,252,236,190,0,219,1,5,0,241,0,98,0,41,0,19,0,13,0,11,
0,27,255,9,0,198,0,52,253,116,250,93,6,77,10,147,252,236,190,0,219,1,5,0,241,0,97,0,42,0,19,0,13,0,11,
0,47,255,1,0,182,0,52,253,116,250,93,6,143,10,34,252,252,189,0,220,1,5,0,241,0,97,0,41,0,19,0,13,0,11,
0,47,255,1,0,191,0,52,253,116,250,93,6,179,9,149,252,107,189,0,220,1,5,0,241,0,98,0,41,0,19,0,13,0,11,
0,41,255,235,255,191,0,52,253,116,250,93,6,184,8,13,253,72,190,0,220,1,5,0,241,0,98,0,41,0,20,0,13,0,11,
0,50,255,223,255,221,0,52,253,116,250,93,6,184,8,13,253,72,192,0,220,1,5,0,241,0,98,0,41,0,19,0,13,0,11,
0,59,255,222,255,239,0,52,253,116,250,93,6,44,9,27,253,146,192,0,221,1,5,0,241,0,97,0,40,0,18,0,13,0,11,
0,59,255,222,255,239,0,52,253,116,250,93,6,168,9,147,252,129,191,0,221,1,5,0,241,0,97,0,41,0,19,0,13,0,11,
0,78,255,215,255,233,0,52,253,116,250,93,6,189,9,63,252,147,189,0,220,1,4,0,240,0,98,0,41,0,20,0,13,0,11,
0,138,255,214,255,237,0,24,253,100,250,242,5,189,9,168,252,2,191,0,221,1,5,0,241,0,98,0,41,0,20,0,13,0,11,
0,161,255,184,255,16,1,24,253,100,250,242,5,137,9,168,252,2,191,0,220,1,4,0,241,0,98,0,41,0,19,0,13,0,11,
0,161,255,184,255,16,1,24,253,100,250,242,5,38,9,235,252,10,190,0,220,1,5,0,241,0,97,0,41,0,18,0,13,0,11,
0,145,255,157,255,247,0,24,253,100,250,242,5,216,8,176,252,3,191,0,220,1,4,0,241,0,98,0,41,0,20,0,13,0,11,
0,164,255,154,255,231,0,24,253,100,250,242,5,83,9,121,252,66,191,0,220,1,4,0,241,0,98,0,41,0,20,0,13,0,11,
0,140,255,153,255,218,0,24,253,100,250,242,5,83,9,121,252,106,191,0,220,1,5,0,242,0,98,0,41,0,19,0,13,0,11,
0,140,255,153,255,218,0,24,253,100,250,242,5,238,8,189,252,106,191,0,220,1,5,0,242,0,98,0,42,0,19,0,13,0,11,
0,149,255,160,255,239,0,24,253,100,250,242,5,136,9,148,252,164,191,0,221,1,5,0,242,0,98,0,41,0,19,0,13,0,11,
0,101,255,160,255,15,1,24,253,100,250,242,5,18,9,113,252,60,190,0,220,1,4,0,241,0,99,0,42,0,20,0,14,0,12,
0,101,255,160,255,13,1,24,253,100,250,242,5,18,8,165,252,44,190,0,220,1,4,0,241,0,99,0,42,0,19,0,13,0,11,
0,117,255,151,255,13,1,34,253,86,250,71,6,221,8,165,252,44,190,0,220,1,5,0,242,0,98,0,41,0,19,0,13,0,11,
0,101,255,165,255,33,1,34,253,86,250,71,6,16,8,160,252,101,191,0,220,1,5,0,242,0,98,0,41,0,19,0,13,0,11,
0,111,255,159,255,45,1,34,253,86,250,71,6,162,8,9,253,157,193,0,221,1,4,0,242,0,99,0,41,0,20,0,14,0,11,
0,111,255,159,255,45,1,34,253,86,250,71,6,165,9,209,252,79,192,0,221,1,5,0,243,0,98,0,36,0,18,0,13,0,11,
0,186,255,160,255,40,1,34,253,86,250,71,6,165,9,209,252,250,188,0,220,1,4,0,243,0,98,0,38,0,19,0,14,0,12,
0,179,255,143,255,37,1,34,253,86,250,71,6,18,9,236,251,250,188,0,220,1,5,0,243,0,99,0,38,0,18,0,13,0,11,
0,160,255,143,255,15,1,34,253,86,250,71,6,204,7,180,252,37,191,0,221,1,5,0,244,0,98,0,39,0,17,0,12,0,11,
0,160,255,143,255,15,1,34,253,86,250,71,6,31,8,245,252,218,193,0,220,1,4,0,243,0,99,0,40,0,19,0,13,0,11,
0,159,255,165,255,33,1,34,253,86,250,71,6,110,9,121,252,142,191,0,221,1,5,0,244,0,98,0,40,0,18,0,13,0,11,
0,172,255,156,255,65,1,34,253,86,250,71,6,110,9,121,252,142,191,0,220,1,4,0,244,0,99,0,40,0,19,0,13,0,11,
0,167,255,153,255,94,1,3,253,112,250,209,5,178,8,104,252,131,189,0,220,1,4,0,244,0,98,0,40,0,18,0,12,0,11,
0,167,255,153,255,94,1,3,253,112,250,209,5,13,8,108,252,214,190,0,219,1,4,0,244,0,99,0,41,0,19,0,13,0,11,
0,188,255,186,255,82,1,3,253,112,250,209,5,237,7,33,253,141,193,0,219,1,4,0,244,0,99,0,42,0,19,0,13,0,12,
0,234,255,216,255,79,1,3,253,112,250,209,5,237,7,120,252,113,192,0,219,1,4,0,245,0,99,0,41,0,19,0,13,0,11,
0,234,255,216,255,63,1,3,253,112,250,209,5,18,9,120,252,113,192,0,218,1,4,0,244,0,100,0,42,0,20,0,14,0,12,
0,234,255,214,255,63,1,3,253,112,250,209,5,202,8,77,252,214,191,0,218,1,4,0,244,0,99,0,42,0,20,0,14,0,12,
0,245,255,214,255,92,1,3,253,112,250,209,5,167,8,34,252,89,190,0,217,1,4,0,244,0,99,0,42,0,20,0,14,0,12,
0,26,0,225,255,99,1,3,253,112,250,209,5,10,8,132,252,154,191,0,217,1,4,0,243,0,99,0,42,0,20,0,14,0,12,
0,26,0,225,255,99,1,3,253,112,250,209,5,10,8,132,252,60,192,0,217,1,4,0,243,0,99,0,41,0,19,0,13,0,11,
0,254,255,239,255,110,1,3,253,112,250,209,5,45,8,124,252,60,192,0,216,1,3,0,243,0,99,0,42,0,20,0,14,0,11,
0,214,255,245,255,116,1,10,253,108,250,40,6,40,8,127,252,106,191,0,215,1,3,0,243,0,99,0,42,0,20,0,14,0,12,
0,251,255,6,0,120,1,10,253,108,250,40,6,179,7,98,252,48,191,0,215,1,3,0,243,0,99,0,42,0,19,0,13,0,11,
0,251,255,6,0,120,1,10,253,108,250,40,6,179,7,137,252,158,192,0,215,1,3,0,243,0,98,0,41,0,20,0,13,0,11,
0,16,0,4,0,129,1,10,253,108,250,40,6,25,8,137,252,158,192,0,215,1,3,0,242,0,98,0,41,0,19,0,13,0,11,
0,238,255,242,255,134,1,10,253,108,250,40,6,172,8,95,252,252,191,0,214,1,2,0,241,0,99,0,42,0,20,0,13,0,11,
0,220,255,4,0,136,1,10,253,108,250,40,6,43,9,218,251,78,191,0,214,1,2,0,241,0,99,0,46,0,20,0,13,0,11,
0,220,255,4,0,136,1,10,253,108,250,40,6,68,8,243,251,135,189,0,214,1,2,0,241,0,98,0,45,0,20,0,12,0,11,
0,242,255,21,0,136,1,10,253,108,250,40,6,68,8,243,251,163,190,0,214,1,3,0,241,0,98,0,43,0,20,0,13,0,11,
0,221,255,42,0,158,1,10,253,108,250,40,6,100,7,131,252,163,190,0,214,1,3,0,241,0,97,0,43,0,20,0,13,0,11,
0,221,255,42,0,153,1,10,253,108,250,40,6,43,8,222,252,57,193,0,213,1,1,0,239,0,98,0,43,0,18,0,13,0,11,
0,195,255,2,0,153,1,10,253,108,250,40,6,113,9,131,252,0,192,0,213,1,2,0,239,0,98,0,43,0,19,0,13,0,11,
0,178,255,220,255,172,1,8,253,143,250,114,5,245,8,16,252,29,190,0,213,1,1,0,239,0,98,0,42,0,18,0,12,0,11,
0,209,255,214,255,161,1,8,253,143,250,114,5,245,8,16,252,29,190,0,213,1,1,0,239,0,97,0,42,0,18,0,12,0,11,
0,209,255,214,255,161,1,8,253,143,250,114,5,255,7,185,252,70,189,0,213,1,1,0,238,0,97,0,42,0,19,0,13,0,11,
0,215,255,210,255,147,1,8,253,143,250,114,5,50,8,231,252,21,192,0,213,1,1,0,238,0,97,0,42,0,19,0,13,0,11,
0,184,255,218,255,182,1,8,253,143,250,114,5,74,9,204,252,134,191,0,213,1,0,0,238,0,97,0,42,0,19,0,13,0,11,
0,197,255,252,255,190,1,8,253,143,250,114,5,74,9,204,252,220,189,0,212,1,0,0,238,0,97,0,41,0,18,0,13,0,11,
0,197,255,252,255,190,1,8,253,143,250,114,5,24,9,169,252,220,189,0,213,1,1,0,239,0,97,0,41,0,18,0,13,0,11,
0,206,255,10,0,165,1,8,253,143,250,114,5,157,8,143,252,190,189,0,213,1,0,0,238,0,97,0,41,0,18,0,13,0,11,
0,199,255,248,255,195,1,8,253,143,250,114,5,111,8,84,253,14,191,0,212,1,0,0,238,0,97,0,42,0,19,0,13,0,11,
0,215,255,222,255,220,1,8,253,143,250,114,5,130,9,131,253,125,190,0,212,1,0,0,238,0,97,0,41,0,19,0,13,0,11,
0,215,255,222,255,220,1,233,252,174,250,148,5,130,9,131,253,125,190,0,212,1,0,0,238,0,97,0,41,0,18,0,13,0,11,
0,249,255,225,255,202,1,233,252,174,250,148,5,203,9,57,253,160,190,0,213,1,0,0,238,0,96,0,41,0,17,0,12,0,11,
0,26,0,12,0,171,1,233,252,174,250,148,5,82,9,17,253,41,188,0,213,0,255,0,237,0,97,0,42,0,19,0,13,0,11,
0,26,0,12,0,210,1,233,252,174,250,148,5,249,8,213,253,97,191,0,212,0,255,0,236,0,96,0,41,0,19,0,13,0,11,
0,63,0,32,0,210,1,233,252,174,250,148,5,249,8,201,253,149,191,0,212,0,255,0,236,0,96,0,41,0,19,0,13,0,11,
0,26,0,14,0,218,1,233,252,174,250,148,5,186,9,201,253,149,191,0,211,0,255,0,236,0,96,0,41,0,17,0,12,0,11,
0,38,0,10,0,208,1,233,252,174,250,148,5,223,9,127,253,141,189,0,212,0,255,0,237,0,95,0,40,0,17,0,13,0,11,
0,38,0,10,0,208,1,233,252,174,250,148,5,124,9,125,253,48,188,0,211,0,255,0,237,0,95,0,40,0,17,0,12,0,11,
0,49,0,17,0,212,1,233,252,174,250,148,5,64,9,18,254,197,191,0,211,0,254,0,237,0,96,0,40,0,19,0,13,0,11,
0,51,0,1,0,205,1,233,252,174,250,148,5,64,9,18,254,170,191,0,211,0,254,0,238,0,96,0,41,0,19,0,13,0,11,
